2011-05-23,28.81,28.84,29.24,28.52,3893146
2011-05-24,29.14,29.01,29.81,28.93,4093266
2011-05-25,28.95,29.27,29.49,28.7708,3136132
2011-05-26,29.25,29.57,29.83,29.14,3575133
2011-05-27,29.75,29.6,30.0,29.45,4453691
2011-05-31,30.1,29.89,30.29,29.42,4701176
2011-06-01,29.31,28.82,29.99,28.48,8628542
2011-06-02,28.68,27.43,28.8,27.32,14961677
2011-06-03,26.77,27.3,27.66,26.6,46723761
2011-06-06,27.45,26.75,27.61,26.74,10867485
2011-06-07,27.0,26.73,27.15,26.72,6641396
2011-06-08,26.67,26.5,27.09,26.22,7710351
2011-06-09,26.51,26.54,26.79,26.15,6801546
2011-06-10,26.48,25.9,26.86,25.81,7257561
2011-06-13,25.89,25.15,26.29,24.86,7832710
2011-06-14,25.57,26.18,26.44,25.55,7035379
2011-06-15,25.88,25.1,26.01,25.0,9507850
2011-06-16,25.24,24.59,25.46,24.1,8201861
2011-06-17,25.0,25.07,25.16,24.575,9917328
2011-06-20,25.08,24.81,25.25,24.6,7038442
2011-06-21,25.05,26.02,26.065,25.05,7199629
2011-06-22,25.89,25.84,26.39,25.75,5176862
2011-06-23,25.23,25.88,25.93,24.88,5251692
2011-06-24,25.94,25.3,26.1,25.25,5359867
2011-06-27,25.26,25.07,25.28,24.7701,5055736
2011-06-28,25.25,25.81,25.82,25.21,4186410
2011-06-29,26.06,25.81,26.41,25.66,6082901
2011-06-30,26.03,26.66,27.045,26.03,7216780
2011-07-01,26.66,26.99,27.12,26.32,3640129
2011-07-05,27.12,26.55,27.25,26.45,4708165
2011-07-06,26.4,26.62,26.68,26.11,3593834
2011-07-07,26.94,27.34,27.505,26.94,4580880
2011-07-08,26.77,26.69,27.21,26.35,4319573
2011-07-11,26.1,25.44,26.18,25.34,4606273
2011-07-12,25.77,25.39,26.05,25.34,5893537
2011-07-13,25.54,26.0,26.29,25.43,4863808
2011-07-14,26.19,25.55,26.49,25.45,4848601
2011-07-15,25.76,26.5,26.54,25.71,6124268
2011-07-18,26.86,26.36,26.94,26.02,5832494
2011-07-19,26.75,27.57,27.67,26.62,6768993
2011-07-20,27.8,27.99,28.08,27.62,7401002
2011-07-21,28.05,28.48,28.485,27.76,5267465
2011-07-22,28.4,28.61,28.76,28.25,3557006
2011-07-25,28.19,28.3,28.4,28.02,3668092
2011-07-26,28.39,27.39,28.39,27.3,5398571
2011-07-27,27.17,26.17,27.24,26.11,8312593
2011-07-28,26.15,25.77,26.58,25.49,6745695
2011-07-29,24.81,25.6,26.0,24.33,13046778
2011-08-01,26.31,25.35,26.5,25.08,5949495
2011-08-02,25.09,24.41,25.55,24.41,5409476
2011-08-03,24.45,23.85,24.63,23.511,6894878
2011-08-04,23.32,21.25,23.32,21.07,9851536
2011-08-05,21.82,21.29,22.0,20.23,11291324
2011-08-08,20.08,18.14,20.45,18.13,14857847
2011-08-09,18.82,19.63,19.63,18.0,12113562
2011-08-10,19.11,18.95,19.85,18.58,9880704
2011-08-11,19.12,20.52,20.855,18.56,9790226
2011-08-12,20.82,20.32,21.05,20.19,8037893
2011-08-15,20.63,21.32,21.42,20.62,4979232
2011-08-16,20.52,20.08,21.15,19.97,7578705
2011-08-17,20.49,19.7,20.74,19.571,7336193
2011-08-18,18.75,17.85,18.9,17.72,8142171
2011-08-19,17.45,17.42,18.29,17.33,5131627
2011-08-22,18.15,16.99,18.16,16.91,5857440
2011-08-23,17.22,18.16,18.16,16.94,5790658
2011-08-24,18.09,18.79,18.85,17.97,5864573
2011-08-25,19.01,18.41,19.21,18.2,5088619
2011-08-26,18.22,18.99,18.99,17.96,4384226
2011-08-29,19.53,20.27,20.29,19.43,4305355
2011-08-30,20.0,20.17,20.38,19.66,5260180
2011-08-31,20.41,20.31,20.74,19.95,5907991
2011-09-01,20.5,19.8,20.59,19.75,5221359
2011-09-02,19.24,19.14,19.42,18.9,4092772
2011-09-06,18.4,18.67,18.75,18.08,4385985
2011-09-07,19.3,20.46,20.49,19.16,6261133
2011-09-08,20.44,19.8,20.83,19.74,4377458
2011-09-09,19.47,19.52,20.01,19.32,5807219
2011-09-12,19.02,18.95,19.49,18.3,6680359
2011-09-13,19.2,19.21,19.36,18.66,5405060
2011-09-14,19.41,19.59,19.9,18.94,5233439
2011-09-15,20.19,20.34,20.49,20.01,5637577
2011-09-16,20.31,19.91,20.35,19.6,4354884
2011-09-19,19.37,19.16,19.39,18.78,4107387
2011-09-20,19.26,18.02,19.34,18.01,5329742
2011-09-21,17.01,16.12,17.15,16.1,12573755
2011-09-22,15.46,15.2,15.46,14.28,13118203
2011-09-23,15.19,15.26,16.05,15.07,8132750
2011-09-26,15.42,16.39,16.42,14.91,9310255
2011-09-27,16.91,16.56,17.59,16.4,7127036
2011-09-28,16.59,15.2,16.68,15.18,8170687
2011-09-29,15.8,15.37,15.8,14.9,8900434
2011-09-30,14.89,14.58,15.205,14.53,7549955
2011-10-03,13.43,13.22,14.31,13.09,13890436
2011-10-04,13.27,14.49,14.5,13.139,10589351
2011-10-05,14.5,15.71,15.8,14.5,10112663
2011-10-06,15.69,15.76,15.91,15.0,6942944
2011-10-07,15.99,15.34,16.11,15.01,6685097
2011-10-10,15.81,16.4,16.44,15.81,5158180
2011-10-11,16.2,16.51,16.68,15.95,6038529
2011-10-12,16.7,16.84,17.33,16.55,5956741
2011-10-13,16.63,16.77,16.85,15.86,7071244
2011-10-14,17.29,17.5,17.59,16.93,5109399
2011-10-17,17.46,16.25,17.56,16.12,6484950
2011-10-18,16.19,16.92,17.17,15.69,7403472
2011-10-19,16.88,16.01,16.88,15.93,6229714
2011-10-20,16.09,16.37,16.42,15.66,4862905
2011-10-21,16.78,16.58,16.91,16.19,5199249
2011-10-24,16.68,17.61,17.8,16.6099,6259983
2011-10-25,17.33,16.5,17.45,16.43,8646093
2011-10-26,16.94,16.87,17.21,16.25,6930886
2011-10-27,18.04,17.99,18.45,17.66,9197990
2011-10-28,17.5,20.22,20.37,17.42,12920662
2011-10-31,19.52,18.22,19.65,18.22,9673536
2011-11-01,17.29,17.07,17.67,16.3401,9778198
2011-11-02,17.67,17.96,17.98,17.32,4937389
2011-11-03,18.5,18.05,18.58,17.59,7694470
2011-11-04,17.87,18.12,18.53,17.565,6003403
2011-11-07,18.09,18.07,18.57,17.52,4071175
2011-11-08,18.28,18.24,18.58,17.71,4855876
2011-11-09,17.3,16.87,17.55,16.8,7220546
2011-11-10,17.27,16.81,17.39,16.51,5705858
2011-11-11,17.16,16.96,17.47,16.86,5546500
2011-11-14,16.93,16.73,17.19,16.43,3606158
2011-11-15,16.62,16.68,16.94,16.34,4204720
2011-11-16,16.5,15.78,16.71,15.74,8481644
2011-11-17,15.75,14.89,15.76,14.73,8465461
2011-11-18,15.09,14.87,15.32,14.82,5520578
2011-11-21,14.41,14.7,14.87,14.115,7941356
2011-11-22,14.73,14.44,14.96,14.3,6474557
2011-11-23,14.22,13.93,14.5,13.93,7258901
2011-11-25,13.83,13.63,14.14,13.57,3799689
2011-11-28,14.52,14.25,14.68,14.02,8884992
2011-11-29,14.24,14.61,14.83,14.03,7036914
2011-11-30,15.36,16.39,16.4,15.28,12414788
2011-12-01,16.22,16.19,16.5734,15.97,5433557
2011-12-02,16.53,16.2,16.68,16.06,4726389
2011-12-05,16.6,16.43,16.88,16.15,5410740
2011-12-06,16.39,16.33,16.57,16.01,5599648
2011-12-07,16.04,15.77,16.06,15.57,5739787
2011-12-08,15.23,14.98,15.69,14.89,8301530
2011-12-09,15.03,15.54,15.74,14.99,4284370
2011-12-12,15.12,14.85,15.12,14.51,4766231
2011-12-13,14.98,14.36,15.25,14.25,5081087
2011-12-14,14.11,14.22,14.57,14.02,6811053
2011-12-15,14.57,14.08,14.62,14.02,5844845
2011-12-16,14.2,14.32,14.59,14.11,6541007
2011-12-19,14.39,13.68,14.43,13.5867,5957461
2011-12-20,14.07,14.52,14.58,14.01,5303203
2011-12-21,14.52,14.79,14.89,14.27,4679417
2011-12-22,14.87,15.14,15.34,14.78,4769751
2011-12-23,15.24,14.82,15.27,14.66,3922573
2011-12-27,14.76,14.53,14.9071,14.5,2684202
2011-12-28,14.55,14.24,14.65,14.06,3899559
2011-12-29,14.24,14.11,14.32,14.02,3372443
2011-12-30,14.01,14.51,14.61,14.0,3907211
2012-01-03,15.19,15.23,15.57,14.94,6336405
2012-01-04,15.15,15.3,15.32,14.72,6142559
2012-01-05,15.19,15.34,15.58,14.85,5806864
2012-01-06,15.42,15.36,15.5,15.11,3872955
2012-01-09,15.39,15.26,15.49,15.12,5321464
2012-01-10,15.66,15.67,15.79,15.45,6493750
2012-01-11,15.38,15.69,15.99,15.36,5795981
2012-01-12,15.82,15.66,15.94,15.38,7633404
2012-01-13,15.23,14.13,15.23,13.91,15583944
2012-01-17,14.42,13.405,14.43,13.28,12544076
2012-01-18,13.39,13.81,13.97,13.3,7756918
2012-01-19,13.96,14.01,14.22,13.78,6228964
2012-01-20,13.86,13.87,13.94,13.61,6370310
2012-01-23,14.35,14.12,14.62,14.12,9400722
2012-01-24,13.79,13.76,13.87,13.52,9628126
2012-01-25,13.82,14.55,14.62,13.61,8065045
2012-01-26,14.88,14.35,14.95,14.2,6603431
2012-01-27,14.29,14.51,14.58,14.22,5739153
2012-01-30,14.22,14.5,14.6,14.09,4002386
2012-01-31,14.72,14.43,14.75,14.09,8033471
2012-02-01,14.57,14.71,14.835,14.5,7470647
2012-02-02,14.75,15.49,15.64,14.65,12034416
2012-02-03,15.9,15.7,15.94,15.4,9955302
2012-02-06,15.5,15.71,15.81,15.365,7214955
2012-02-07,15.69,15.22,15.7,15.125,6480073
2012-02-08,15.28,15.17,15.6,15.059,6091556
2012-02-09,15.29,15.58,15.62,15.13,10035623
2012-02-10,14.99,14.39,15.23,14.33,18873209
2012-02-13,14.42,13.86,14.42,13.65,15662173
2012-02-14,13.68,13.56,13.74,13.255,14270048
2012-02-15,13.74,14.05,14.11,13.35,16002682
2012-02-16,13.99,14.21,14.25,13.74,10703104
2012-02-17,14.37,14.19,14.39,14.08,6958711
2012-02-21,14.27,14.15,14.37,14.05,7934160
2012-02-22,14.15,13.91,14.235,13.82,9138264
2012-02-23,13.91,13.93,14.04,13.68,7768697
2012-02-24,13.9,14.29,14.39,13.81,6966933
2012-02-27,14.13,13.88,14.16,13.86,5115452
2012-02-28,13.92,13.85,14.07,13.73,5598913
2012-02-29,13.93,13.57,14.0,13.33,7536565
2012-03-01,13.56,13.38,13.8,13.36,6771511
2012-03-02,13.32,12.89,13.5,12.84,10945610
2012-03-05,12.87,12.2,12.89,12.15,12647251
2012-03-06,11.94,11.89,12.08,11.56,15361799
2012-03-07,12.09,11.85,12.09,11.785,10141115
2012-03-08,12.0,11.87,12.06,11.6695,6609199
2012-03-09,11.68,12.08,12.27,11.6,7921349
2012-03-12,12.05,11.6,12.35,11.57,9425605
2012-03-13,11.7,11.76,11.81,11.55,10059480
2012-03-14,11.73,11.44,11.87,11.37,7840954
2012-03-15,11.49,12.34,12.49,11.25,16376291
2012-03-16,12.39,12.4,12.75,12.34,13469688
2012-03-19,12.07,12.29,12.53,12.0,8390788
2012-03-20,12.08,12.13,12.18,11.75,9036507
2012-03-21,12.14,12.06,12.3,11.99,6888912
2012-03-22,11.9,11.63,11.9299,11.5,7893601
2012-03-23,11.61,11.66,11.87,11.51,7656380
2012-03-26,11.73,11.42,11.817,11.3,8828566
2012-03-27,11.45,11.26,11.58,11.25,5875500
2012-03-28,11.23,10.8,11.24,10.6,11782917
2012-03-29,10.65,10.9,10.92,10.435,11445659
2012-03-30,11.12,10.71,11.12,10.53,9660086
2012-04-02,10.75,10.63,11.06,10.58,8914702
2012-04-03,10.77,10.27,10.77,10.25,14011018
2012-04-04,10.16,10.31,10.43,10.1,9219099
2012-04-05,10.27,10.15,10.58,10.14,9649688
2012-04-09,10.0,10.15,10.29,9.95,10188047
2012-04-10,10.14,9.99,10.47,9.9,13316689
2012-04-11,10.32,9.91,10.37,9.88,14639394
2012-04-12,10.03,10.63,10.75,9.92,15248095
2012-04-13,10.6,9.99,10.6,9.88,19291245
2012-04-16,10.28,9.75,10.32,9.73,13343847
2012-04-17,9.92,10.19,10.43,9.8,14513191
2012-04-18,10.07,9.83,10.16,9.7,13083791
2012-04-19,9.92,9.94,10.18,9.85,10706946
2012-04-20,10.05,9.4,10.12,9.4,17297855
2012-04-23,9.22,9.48,9.63,9.05,11823212
2012-04-24,9.48,9.64,9.7872,9.4,7269288
2012-04-25,9.79,9.56,9.82,9.29,9724894
2012-04-26,9.35,9.62,9.79,9.3,10521873
2012-04-27,9.7,9.46,9.73,9.32,8329736
2012-04-30,9.44,9.76,9.93,9.3,13226746
2012-05-01,9.63,9.22,10.26,9.22,25775916
2012-05-02,9.2,8.5,9.22,8.42,26496649
2012-05-03,8.43,8.22,8.68,8.095,17140920
2012-05-04,8.16,8.08,8.28,7.78,15746782
2012-05-07,8.04,8.08,8.22,7.81,13175475
2012-05-08,7.96,7.6,8.05,7.32,24299500
2012-05-09,7.45,8.34,8.415,7.29,28438740
2012-05-10,8.43,8.3,8.48,8.14,18960526
2012-05-11,8.05,8.06,8.39,7.97,12871902
2012-05-14,8.25,8.19,8.44,8.07,12191439
2012-05-15,8.17,7.68,8.2,7.65,13217608
2012-05-16,7.72,7.66,8.09,7.56,13698141
2012-05-17,7.72,7.43,7.77,7.39,11876914
2012-05-18,7.44,7.2,7.66,7.12,12955488
2012-05-21,7.26,7.72,7.79,7.22,9950556
2012-05-22,7.75,7.15,7.82,6.77,29624087
2012-05-23,7.08,7.41,7.45,6.96,9775124
2012-05-24,7.62,7.3,7.64,7.17,11912497
2012-05-25,7.28,7.23,7.37,7.07,5932085
2012-05-29,7.41,7.34,7.5,7.24,9530345
2012-05-30,7.14,6.91,7.21,6.82,13635622
2012-05-31,6.84,6.34,6.93,6.29,27880895
2012-06-01,6.09,6.23,6.43,6.08,18549856
2012-06-04,6.29,6.28,6.3399,6.02,10600173
2012-06-05,6.27,6.22,6.49,6.15,10530214
2012-06-06,6.31,6.2,6.42,6.08,9778285
2012-06-07,6.34,6.12,6.49,6.12,9055546
2012-06-08,6.02,6.1,6.215,5.91,13055326
2012-06-11,6.22,5.87,6.24,5.86,11930764
2012-06-12,5.93,5.86,6.03,5.76,11349775
2012-06-13,5.78,5.76,5.99,5.72,9721514
2012-06-14,5.74,5.74,5.85,5.62,11041945
2012-06-15,5.77,6.01,6.06,5.69,12186107
2012-06-18,5.94,6.19,6.22,5.916,11747682
2012-06-19,6.26,6.45,6.49,6.125,11867134
2012-06-20,6.41,6.4,6.55,6.28,10510081
2012-06-21,6.41,6.2,6.45,6.18,8475760
2012-06-22,6.16,6.13,6.21,6.06,28580561
2012-06-25,6.01,5.83,6.02,5.78,9331469
2012-06-26,5.81,5.55,5.82,5.41,12346981
2012-06-27,5.59,6.03,6.17,5.52,13024830
2012-06-28,5.95,6.5,6.59,5.93,16206146
2012-06-29,6.7,6.89,6.91,6.5,16024859
2012-07-02,6.86,7.09,7.17,6.83,15181372
2012-07-03,7.13,7.36,7.63,7.09,11227538
2012-07-05,7.14,7.27,7.63,7.09,13871193
2012-07-06,7.15,7.15,7.43,6.96,12095112
2012-07-09,7.17,6.67,7.18,6.43,13998613
2012-07-10,6.65,6.11,6.97,6.02,17092872
2012-07-11,6.12,6.1,6.35,6.05,10765743
2012-07-12,6.0,6.09,6.21,5.79,11086609
2012-07-13,6.07,6.14,6.35,6.07,7817019
2012-07-16,5.87,5.9,6.01,5.58,15291541
2012-07-17,5.86,5.84,5.99,5.56,13022106
2012-07-18,5.79,6.05,6.235,5.69,12916749
2012-07-19,6.09,6.22,6.32,6.0099,11466451
2012-07-20,6.15,6.16,6.33,6.04,13051877
2012-07-23,5.98,6.32,6.42,5.9,10738805
2012-07-24,6.32,5.54,6.41,5.5,18641810
2012-07-25,5.6,5.31,5.63,5.24,12860626
2012-07-26,5.38,5.26,5.485,5.16,16669193
2012-07-27,6.05,6.8,6.92,5.46,42963978
2012-07-30,7.16,7.22,7.32,6.6,30838806
2012-07-31,7.16,7.21,7.33,6.92,16960160
2012-08-01,7.27,6.96,7.76,6.96,26658281
2012-08-02,6.9,6.48,7.12,6.42,18700906
2012-08-03,6.69,6.72,7.1,6.56,15331533
2012-08-06,6.7,6.97,7.13,6.67,11416266
2012-08-07,7.16,7.4,7.49,7.1,17472442
2012-08-08,7.36,6.93,7.46,6.61,17297983
2012-08-09,6.91,7.42,7.78,6.821,17008169
2012-08-10,7.34,7.46,7.63,7.14,12581086
2012-08-13,7.47,7.22,7.66,7.19,11386374
2012-08-14,7.33,7.08,7.36,7.05,8975516
2012-08-15,7.08,6.94,7.1,6.83,10259733
2012-08-16,6.94,7.03,7.11,6.8,8625735
2012-08-17,7.04,7.01,7.12,6.94,6151557
2012-08-20,6.96,7.16,7.21,6.93,6846772
2012-08-21,7.21,7.22,7.68,7.16,19700493
2012-08-22,7.23,7.3,7.46,7.17,12610717
2012-08-23,7.27,6.76,7.29,6.71,13688430
2012-08-24,6.73,6.58,6.7595,6.51,8989428
2012-08-27,6.64,6.38,6.66,6.25,9234796
2012-08-28,6.33,6.21,6.45,6.18,10511323
2012-08-29,6.17,6.3,6.34,6.15,7254437
2012-08-30,6.25,6.18,6.36,6.14,8198285
2012-08-31,6.25,6.11,6.28,6.07,8316513
2012-09-04,6.04,5.79,6.05,5.61,16069347
2012-09-05,5.73,5.97,6.05,5.62,12574086
2012-09-06,6.05,6.1,6.32,5.96,11618814
2012-09-07,6.25,6.6,6.79,6.25,21909440
2012-09-10,6.67,6.59,7.0,6.54,16268867
2012-09-11,6.74,6.83,6.95,6.62,11538858
2012-09-12,6.9,6.71,6.93,6.42,11044049
2012-09-13,6.66,7.39,7.45,6.61,23875114
2012-09-14,7.66,7.91,8.05,7.58,27667680
2012-09-17,7.74,7.61,8.0,7.55,13138986
2012-09-18,7.62,7.45,7.78,7.32,11300356
2012-09-19,7.5,7.32,7.54,7.2,10441806
2012-09-20,7.13,7.12,7.23,6.91,8923544
2012-09-21,7.21,6.95,7.25,6.9493,12064769
2012-09-24,6.79,6.6,6.81,6.59,10238313
2012-09-25,6.62,6.23,6.73,6.19,13978835
2012-09-26,6.21,6.4,6.58,6.01,14851839
2012-09-27,6.51,6.43,6.69,6.32,12992795
2012-09-28,6.38,6.33,6.49,6.17,10801631
2012-10-01,6.44,6.28,6.68,6.26,11925943
2012-10-02,6.29,6.35,6.42,6.22,9522169
2012-10-03,6.33,6.2,6.38,6.15,7998262
2012-10-04,6.35,6.69,6.75,6.34,19975219
2012-10-05,6.78,6.6,6.94,6.51,12433592
2012-10-08,6.46,6.64,6.87,6.42,10080811
2012-10-09,6.52,6.86,7.05,6.51,17118118
2012-10-10,6.94,6.86,7.09,6.7,10737249
2012-10-11,7.01,7.94,8.0,6.97,32336562
2012-10-12,7.65,7.62,7.85,7.53,18779157
2012-10-15,7.61,7.79,7.88,7.46,15539566
2012-10-16,7.88,7.78,8.26,7.72,26117806
2012-10-17,7.87,8.13,8.17,7.5,20984766
2012-10-18,8.07,8.35,8.55,8.04,21370919
2012-10-19,8.43,7.91,8.45,7.85,25808489
2012-10-22,8.31,8.41,8.86,8.15,28586921
2012-10-23,8.19,8.0,8.235,7.92,15819676
2012-10-24,8.12,7.53,8.2,7.52,18798003
2012-10-25,7.64,7.31,7.765,7.13,29794181
2012-10-26,8.15,8.09,8.57,7.93,43835126
2012-10-31,8.11,7.96,8.18,7.88,14416134
2012-11-01,8.0,8.49,8.54,7.98,17085147
2012-11-02,8.66,8.26,8.79,8.19,16680355
2012-11-05,8.28,8.34,8.61,8.19,13035443
2012-11-06,8.45,8.66,8.75,8.37,20198962
2012-11-07,7.5,7.58,7.81,7.41,32499512
2012-11-08,7.62,7.48,7.705,7.43,9613820
2012-11-09,7.3,7.36,7.71,7.231,12339945
2012-11-12,7.52,7.36,7.52,7.34,5996313
2012-11-13,7.23,7.03,7.42,7.0,11117968
2012-11-14,7.06,6.59,7.14,6.55,15918965
2012-11-15,6.58,6.37,6.69,6.31,10538144
2012-11-16,6.41,6.59,6.69,6.2,13107366
2012-11-19,6.77,6.89,6.945,6.73,14413490
2012-11-20,6.75,6.4,6.89,6.4,12985512
2012-11-21,6.41,6.51,6.528,6.335,6519501
2012-11-23,6.59,6.62,6.72,6.52,4818973
2012-11-26,6.58,6.41,6.64,6.31,8288563
2012-11-27,6.38,6.37,6.53,6.31,13522243
2012-11-28,6.31,6.47,6.48,6.19,13789148
2012-11-29,6.67,6.56,6.72,6.42,10373462
2012-11-30,6.5,6.72,6.77,6.5,11466887
2012-12-03,6.82,6.64,6.88,6.55,12029706
2012-12-04,6.6,6.72,6.82,6.59,6849411
2012-12-05,6.78,7.22,7.3,6.7615,14415825
2012-12-06,7.33,7.22,7.5,7.21,11570782
2012-12-07,7.29,7.27,7.35,7.1,7617175
2012-12-10,7.24,7.44,7.6,7.02,13370470
2012-12-11,7.46,7.49,7.72,7.33,11246363
2012-12-12,7.72,7.65,7.88,7.58,16080670
2012-12-13,7.64,7.56,7.8,7.46,15875255
2012-12-14,7.46,7.66,7.785,7.44,11019842
2012-12-17,7.7,7.44,7.81,7.39,8873400
2012-12-18,7.47,7.68,7.69,7.46,8362360
2012-12-19,7.7,7.56,7.91,7.56,7828124
2012-12-20,7.55,7.54,7.63,7.42,6903979
2012-12-21,7.3,7.31,7.42,7.15,8494133
2012-12-24,7.21,7.22,7.33,7.15,3156321
2012-12-26,7.25,7.4,7.4715,7.25,5649206
2012-12-27,7.42,7.17,7.47,7.04,9583097
2012-12-28,7.09,7.02,7.12,6.9,9720395
2012-12-31,7.03,7.32,7.4,7.0,9679657
2013-01-02,7.63,7.06,7.68,6.99,16258662
2013-01-03,7.07,7.33,7.49,7.0,12773954
2013-01-04,7.34,7.66,7.7,7.31,9295980
2013-01-07,7.57,7.6,7.85,7.55,10041241
2013-01-08,7.61,7.24,7.64,7.16,11355207
2013-01-09,7.3,7.28,7.36,7.07,8646763
2013-01-10,7.39,7.23,7.44,7.22,6682424
2013-01-11,7.24,6.95,7.24,6.89,14438033
2013-01-14,7.0,6.81,7.04,6.75,7569287
2013-01-15,6.75,6.96,6.98,6.72,8556240
2013-01-16,6.95,6.97,7.01,6.83,6938600
2013-01-17,7.03,7.1,7.15,6.92,8643321
2013-01-18,7.1,7.65,7.69,7.08,30310905
2013-01-22,7.63,7.82,7.9,7.5,13969372
2013-01-23,7.84,7.61,7.949,7.58,12840529
2013-01-24,7.64,7.31,7.75,7.28,8690952
2013-01-25,7.34,7.24,7.45,7.18,6945823
2013-01-28,7.24,7.15,7.29,7.06,9793897
2013-01-29,7.2,7.38,7.555,7.2,9946392
2013-01-30,7.35,7.03,7.47,7.0,11502559
2013-01-31,7.06,7.12,7.19,6.97,10735424
2013-02-01,7.22,7.05,7.25,7.04,6594429
2013-02-04,7.0,6.93,7.14,6.89,11724846
2013-02-05,6.61,6.04,6.71,6.02,36099063
2013-02-06,5.99,6.1,6.18,5.9,16574165
2013-02-07,6.1,5.92,6.17,5.91,12472126
2013-02-08,5.94,5.75,5.97,5.62,15672532
2013-02-11,5.82,5.85,5.88,5.68,9447500
2013-02-12,5.87,5.92,6.08,5.82,9915362
2013-02-13,5.9,5.88,5.99,5.7,13363910
2013-02-14,6.0,6.17,6.2,5.99,15712516
2013-02-15,6.23,5.92,6.23,5.91,10155553
2013-02-19,5.95,5.88,5.99,5.8,11522907
2013-02-20,5.88,5.57,5.93,5.55,12232844
2013-02-21,5.52,5.59,5.79,5.52,11326742
2013-02-22,5.66,5.53,5.71,5.5,6154855
2013-02-25,5.6,5.29,5.67,5.28,10070165
2013-02-26,5.35,5.42,5.47,5.26,9915449
2013-02-27,5.37,5.44,5.53,5.365,8274054
2013-02-28,5.43,5.23,5.46,5.2,10893797
2013-03-01,5.18,4.9,5.23,4.89,18695709
2013-03-04,4.93,5.0,5.2,4.89,12521459
2013-03-05,5.06,4.99,5.15,4.93,10745698
2013-03-06,5.02,5.2,5.3,4.89,14310128
2013-03-07,5.19,5.27,5.3,5.1,7276099
2013-03-08,5.34,5.34,5.5,5.26,7824361
2013-03-11,5.34,5.23,5.3584,5.16,7042935
2013-03-12,5.23,5.24,5.38,5.18,5472011
2013-03-13,5.24,5.14,5.27,5.13,5123001
2013-03-14,5.18,5.58,5.63,5.14,12030863
2013-03-15,5.59,5.84,5.91,5.55,21044374
2013-03-18,5.79,5.75,6.03,5.74,11541481
2013-03-19,5.8,5.46,5.814,5.4,10480621
2013-03-20,5.53,5.5,5.57,5.35,7283913
2013-03-21,5.51,5.36,5.72,5.35,11387518
2013-03-22,5.38,5.39,5.52,5.33,6036037
2013-03-25,5.46,5.4,5.52,5.27,7030400
2013-03-26,5.46,5.47,5.63,5.36,8252593
2013-03-27,5.38,5.64,5.71,5.301,8796608
2013-03-28,5.6,5.43,5.6,5.41,6881525
2013-04-01,5.42,5.14,5.4785,5.09,10745344
2013-04-02,5.14,4.96,5.22,4.91,13560699
2013-04-03,4.97,5.08,5.19,4.9,11260438
2013-04-04,5.08,5.05,5.17,4.96,7073447
2013-04-05,4.97,5.32,5.34,4.97,13790389
2013-04-08,5.33,5.39,5.467,5.31,9475325
2013-04-09,5.45,5.55,5.69,5.38,10244305
2013-04-10,5.59,5.56,5.75,5.53,10815249
2013-04-11,5.55,5.6,5.68,5.42,10822005
2013-04-12,5.72,5.39,5.75,5.28,13597729
2013-04-15,5.14,4.88,5.17,4.85,22249661
2013-04-16,5.01,4.66,5.02,4.62,16231596
2013-04-17,4.56,4.55,4.6799,4.47,13665076
2013-04-18,4.63,4.93,5.14,4.6,24308937
2013-04-19,4.98,4.79,5.04,4.72,11997261
2013-04-22,4.81,4.89,4.92,4.65,11044638
2013-04-23,4.9,4.57,4.9,4.5,29592433
2013-04-24,4.56,4.76,4.8,4.56,12817238
2013-04-25,4.85,4.83,4.98,4.72,10367615
2013-04-26,4.79,4.81,4.86,4.69,7127376
2013-04-29,4.85,4.78,4.93,4.76,8852489
2013-04-30,4.79,4.85,4.85,4.69,9221934
2013-05-01,4.8,4.89,5.01,4.69,9996410
2013-05-02,5.09,4.86,5.17,4.81,15488646
2013-05-03,4.93,5.08,5.11,4.92,9770288
2013-05-06,5.09,5.21,5.25,5.04,8108519
2013-05-07,5.3,4.96,5.32,4.96,9827454
2013-05-08,4.96,5.22,5.33,4.92,14124987
2013-05-09,5.18,5.12,5.38,5.06,8863095
2013-05-10,5.14,5.16,5.18,5.0,8991624
2013-05-13,5.1,5.04,5.15,5.03,6834532
2013-05-14,5.01,5.0,5.125,4.96,7645112
2013-05-15,4.97,4.96,5.04,4.92,6197070
2013-05-16,4.96,4.96,5.12,4.9,8059609
2013-05-17,5.01,5.01,5.07,4.94,6170212
2013-05-20,5.0,5.38,5.4,4.99,13514115
2013-05-21,5.45,5.55,5.82,5.38,18858556
2013-05-22,5.59,5.33,5.71,5.2,14891347
2013-05-23,5.23,5.43,5.4385,5.11,8470853
2013-05-24,5.4,5.31,5.49,5.3009,7566063
2013-05-28,5.42,5.36,5.42,5.3,6464697
2013-05-29,5.27,5.19,5.4,5.11,8474736
2013-05-30,5.18,5.22,5.38,5.15,8863747
2013-05-31,5.25,5.16,5.29,5.131,4989684
2013-06-03,5.14,5.19,5.27,5.1,5998745
2013-06-04,5.18,5.07,5.24,5.0201,5966223
2013-06-05,5.04,5.09,5.15,4.98,9661917
2013-06-06,5.09,5.11,5.23,5.06,7773420
2013-06-07,5.05,4.91,5.095,4.83,13917843
2013-06-10,4.89,4.78,4.91,4.725,9199628
2013-06-11,4.69,4.56,4.69,4.56,9975315
2013-06-12,4.62,4.43,4.63,4.34,14047948
2013-06-13,4.43,4.38,4.48,4.32,11554497
2013-06-14,4.44,4.24,4.45,3.98,20618828
2013-06-17,4.26,4.09,4.29,3.99,11044712
2013-06-18,4.08,4.25,4.29,4.07,13193576
2013-06-19,4.23,4.13,4.34,4.1,8274124
2013-06-20,4.03,3.96,4.155,3.91,12850945
2013-06-21,3.98,3.91,4.08,3.89,9845575
2013-06-24,3.84,3.65,3.86,3.47,16098158
2013-06-25,3.76,3.8,3.85,3.53,10803273
2013-06-26,3.82,3.61,3.83,3.59,9779823
2013-06-27,3.66,3.6,3.68,3.59,7236918
2013-06-28,3.82,3.78,3.9,3.64,14249537
2013-07-01,3.83,3.66,3.84,3.62,8866936
2013-07-02,3.69,3.69,3.83,3.67,13368981
2013-07-03,3.69,3.72,3.76,3.66,6706904
2013-07-05,3.77,3.65,3.78,3.6,6143560
2013-07-08,3.68,3.85,3.86,3.62,9746852
2013-07-09,3.87,3.96,4.02,3.84,10321763
2013-07-10,4.02,3.95,4.03,3.87,6822004
2013-07-11,4.02,4.15,4.16,4.0,10525061
2013-07-12,4.13,3.98,4.17,3.98,6676814
2013-07-15,4.0,4.03,4.11,3.95,4403275
2013-07-16,4.02,3.98,4.04,3.9,4892235
2013-07-17,3.98,3.92,4.03,3.91,7598856
2013-07-18,3.93,4.12,4.17,3.93,10988421
2013-07-19,4.13,4.04,4.15,3.97,8495175
2013-07-22,4.07,4.02,4.12,4.0,4912895
2013-07-23,4.1,4.2,4.39,4.07,14282745
2013-07-24,4.17,3.9,4.17,3.87,13420628
2013-07-25,3.87,4.01,4.06,3.8,12793773
2013-07-26,4.01,4.17,4.21,3.95,9545152
2013-07-29,4.19,4.12,4.2,4.0,13045883
2013-07-30,3.97,3.92,4.06,3.9,16127417
2013-07-31,3.95,3.9,4.05,3.86,9017128
2013-08-01,3.96,3.91,4.02,3.9,7667767
2013-08-02,3.87,3.84,3.88,3.75,6420819
2013-08-05,3.8,3.95,4.02,3.8,6284146
2013-08-06,3.93,3.95,4.0,3.915,7114273
2013-08-07,3.92,3.92,3.97,3.89,4320892
2013-08-08,3.95,4.16,4.24,3.94,14093893
2013-08-09,4.2,4.52,4.67,4.16,18053142
2013-08-12,4.52,4.51,4.76,4.51,11655907
2013-08-13,4.59,4.46,4.6,4.38,7940765
2013-08-14,4.44,4.61,4.78,4.42,11247486
2013-08-15,4.55,4.58,4.74,4.47,11946353
2013-08-16,4.58,4.49,4.6199,4.41,11077061
2013-08-19,4.53,4.27,4.55,4.185,12332706
2013-08-20,4.3,4.48,4.5,4.23,8049408
2013-08-21,4.47,4.35,4.495,4.28,6966153
2013-08-22,4.41,4.65,4.68,4.41,8433085
2013-08-23,4.6,4.7,4.73,4.545,7145489
2013-08-26,4.79,4.82,5.02,4.77,7142508
2013-08-27,4.72,4.62,4.77,4.58,6701105
2013-08-28,4.64,4.63,4.75,4.55,5084453
2013-08-29,4.68,4.56,4.69,4.53,4612711
2013-08-30,4.54,4.47,4.6398,4.435,4628408
2013-09-03,4.6,4.57,4.66,4.43,7407492
2013-09-04,4.52,4.62,4.64,4.4502,5681994
2013-09-05,4.59,4.73,4.88,4.59,9400287
2013-09-06,4.81,4.81,4.95,4.8,6812377
2013-09-09,4.92,5.07,5.1,4.9,11190547
2013-09-10,5.16,5.09,5.25,5.02,8353655
2013-09-11,5.08,5.11,5.17,4.94,7325448
2013-09-12,5.03,4.85,5.055,4.765,9008109
2013-09-13,4.85,4.69,4.89,4.68,6627496
2013-09-16,4.77,4.62,4.81,4.59,6958718
2013-09-17,4.6,4.77,4.77,4.6,5029098
2013-09-18,4.77,5.0,5.03,4.71,9817647
2013-09-19,5.01,4.99,5.15,4.94,11843189
2013-09-20,4.98,4.74,5.01,4.74,11479871
2013-09-23,4.73,4.68,4.83,4.66,7057936
2013-09-24,4.68,4.63,4.7,4.6,6661849
2013-09-25,4.63,4.6,4.73,4.6,5209401
2013-09-26,4.74,4.53,4.75,4.52,8946028
2013-09-27,4.33,4.25,4.435,4.185,12313997
2013-09-30,4.1799,4.11,4.25,4.09,8606047
2013-10-01,4.08,4.02,4.1,3.985,19198070
2013-10-02,4.0,4.08,4.1,3.99,11976950
2013-10-03,4.03,3.96,4.13,3.95,8128498
2013-10-04,3.97,4.06,4.07,3.96,6164273
2013-10-07,4.02,4.1,4.14,4.0,5470744
2013-10-08,4.09,3.93,4.17,3.91,8181840
2013-10-09,3.96,3.75,3.96,3.75,11768241
2013-10-10,3.82,3.86,3.94,3.81,6529945
2013-10-11,3.86,4.0,4.01,3.85,5909092
2013-10-14,3.98,4.18,4.28,3.96,8264594
2013-10-15,4.2,4.12,4.32,4.11,11868685
2013-10-16,4.04,3.91,4.1,3.86,13944495
2013-10-17,3.98,3.99,4.1,3.96,11314957
2013-10-18,4.02,3.87,4.06,3.87,5090551
2013-10-21,3.9,3.92,3.98,3.85,5553861
2013-10-22,3.98,4.0,4.04,3.88,6924477
2013-10-23,3.95,4.08,4.18,3.87,11508690
2013-10-24,4.11,4.1,4.17,3.95,8767607
2013-10-25,4.1,4.04,4.12,3.96,7073627
2013-10-28,4.03,4.16,4.175,3.99,12769807
2013-10-29,4.23,4.15,4.26,3.93,18758784
2013-10-30,4.14,4.19,4.35,4.06,14504084
2013-10-31,4.22,4.24,4.3025,4.13,10837690
2013-11-01,4.25,4.29,4.39,4.18,10807824
2013-11-04,4.33,4.65,4.68,4.3,16410627
2013-11-05,4.6,4.53,4.65,4.48,8923706
2013-11-06,4.63,4.38,4.635,4.34,7718937
2013-11-07,4.4,4.21,4.43,4.19,7465005
2013-11-08,4.25,4.43,4.5,4.22,9055866
2013-11-11,4.4,4.44,4.56,4.34,7990864
2013-11-12,4.41,4.27,4.42,4.19,7579103
2013-11-13,4.2601,4.3,4.3,4.18,7650384
2013-11-14,4.3,4.15,4.31,4.11,7168601
2013-11-15,4.15,4.36,4.4,4.14,9591641
2013-11-18,4.36,4.15,4.38,4.13,7004410
2013-11-19,4.16,4.17,4.25,4.12,6757647
2013-11-20,4.16,4.23,4.34,4.15,6883374
2013-11-21,4.23,4.08,4.27,4.06,8652029
2013-11-22,4.08,4.11,4.2,4.03,5699298
2013-11-25,4.12,4.12,4.19,4.095,4610699
2013-11-26,4.09,4.04,4.12,3.97,9265601
2013-11-27,4.01,4.05,4.1,3.97,8420294
2013-11-29,4.09,4.08,4.125,4.04,3309090
2013-12-02,4.08,4.22,4.28,4.0401,9895594
2013-12-03,4.19,4.29,4.4501,4.19,13826450
2013-12-04,4.3,4.29,4.4,4.27,6929134
2013-12-05,4.31,4.47,4.49,4.29,11556047
2013-12-06,4.55,4.27,4.6,4.26,8929933
2013-12-09,4.32,4.55,4.67,4.32,13393904
2013-12-10,4.57,4.45,4.77,4.42,11391049
2013-12-11,4.46,4.31,4.535,4.25,8897204
2013-12-12,4.29,4.15,4.29,4.11,10781281
2013-12-13,4.19,4.15,4.25,4.1,7727295
2013-12-16,4.17,4.09,4.2,4.025,9009318
2013-12-17,4.09,4.08,4.13,4.02,7685463
2013-12-18,4.11,4.17,4.195,4.03,9120523
2013-12-19,4.19,4.3,4.36,4.145,7463381
2013-12-20,4.3,4.3,4.36,4.2,26176844
2013-12-23,4.3,4.39,4.46,4.2901,7007509
2013-12-24,4.37,4.49,4.55,4.35,4468290
2013-12-26,4.46,4.37,4.53,4.36,6039166
2013-12-27,4.4,4.59,4.6,4.36,8713937
2013-12-30,4.62,4.46,4.6701,4.43,10565449
2013-12-31,4.47,4.45,4.49,4.39,8150432
2014-01-02,4.43,4.65,4.66,4.41,9098798
2014-01-03,4.67,4.41,4.7,4.39,9532706
2014-01-06,4.41,4.42,4.51,4.34,7278730
2014-01-07,4.48,4.33,4.51,4.29,8640661
2014-01-08,4.3,4.16,4.3395,4.155,11394916
2014-01-09,4.16,4.18,4.2,4.1,8987667
2014-01-10,4.19,4.13,4.255,4.11,6786947
2014-01-13,4.13,4.1,4.16,4.04,8197338
2014-01-14,4.12,4.14,4.19,4.08,4767611
2014-01-15,4.16,4.38,4.42,4.15,10644752
2014-01-16,4.39,4.39,4.49,4.295,5842109
2014-01-17,4.4,4.32,4.44,4.29,4940655
2014-01-21,4.22,4.18,4.31,4.15,6241600
2014-01-22,4.18,4.22,4.33,4.11,7638875
2014-01-23,4.17,4.24,4.34,4.17,7531676
2014-01-24,4.2,4.11,4.25,4.05,10442868
2014-01-27,4.15,4.08,4.17,4.0,11433813
2014-01-28,4.12,4.2,4.2,4.08,6772266
2014-01-29,4.14,4.19,4.21,4.1,7583917
2014-01-30,4.2,4.32,4.355,4.04,12769876
2014-01-31,4.23,4.24,4.4,4.2,10242432
2014-02-03,4.26,4.01,4.29,4.01,12294397
2014-02-04,4.01,4.23,4.26,3.9,19103686
2014-02-05,4.15,3.92,4.15,3.89,21379903
2014-02-06,3.97,3.89,3.99,3.79,15601321
2014-02-07,3.91,3.91,3.97,3.82,11223477
2014-02-10,3.92,3.96,3.97,3.87,8731473
2014-02-11,3.98,3.95,4.04,3.89,12439991
2014-02-12,4.0,3.9,4.05,3.9,7706314
2014-02-13,3.84,3.95,3.97,3.83,6125552
2014-02-14,3.97,4.09,4.1,3.95,7624763
2014-02-18,4.06,4.19,4.2,4.04,7859961
2014-02-19,4.16,4.33,4.35,4.13,9139667
2014-02-20,4.33,4.26,4.35,4.21,6676963
2014-02-21,4.28,4.26,4.34,4.25,6314124
2014-02-24,4.27,4.18,4.37,4.17,6586553
2014-02-25,4.18,4.14,4.19,4.07,5334586
2014-02-26,4.12,4.15,4.19,4.06,6334311
2014-02-27,4.2,4.51,4.52,4.13,14581547
2014-02-28,4.48,4.56,4.62,4.44,10939206
2014-03-03,4.5,4.48,4.61,4.3601,9284878
2014-03-04,4.49,4.58,4.6,4.46,7575557
2014-03-05,4.54,4.57,4.66,4.52,7228245
2014-03-06,4.59,4.67,4.7,4.58,6205795
2014-03-07,4.69,4.45,4.69,4.42,7296704
2014-03-10,4.4,4.27,4.41,4.23,6857410
2014-03-11,4.29,4.12,4.32,4.08,8919943
2014-03-12,4.1,4.12,4.25,4.07,7654486
2014-03-13,4.21,4.13,4.27,4.07,9436745
2014-03-14,4.13,4.16,4.25,4.1,5004951
2014-03-17,4.17,4.33,4.43,4.17,8657970
2014-03-18,4.34,4.35,4.43,4.25,5176164
2014-03-19,4.4,4.35,4.47,4.31,4396582
2014-03-20,4.19,4.34,4.35,4.16,7766897
2014-03-21,4.36,4.55,4.55,4.36,9020317
2014-03-24,4.5,4.69,4.74,4.49,10835210
2014-03-25,4.575,4.66,4.74,4.49,11692847
2014-03-26,4.63,4.52,4.69,4.46,8985632
2014-03-27,4.51,4.75,4.75,4.48,10117361
2014-03-28,4.74,4.81,4.98,4.74,12850257
2014-03-31,4.87,4.82,4.95,4.77,7096387
2014-04-01,4.84,4.87,4.9,4.71,6543850
2014-04-02,4.86,4.86,5.05,4.78,12547672
2014-04-03,4.86,4.87,5.1,4.86,6870360
2014-04-04,4.93,5.02,5.19,4.9,9655775
2014-04-07,5.02,5.02,5.175,4.98,6717492
2014-04-08,5.05,5.18,5.37,5.05,9623185
2014-04-09,5.06,4.99,5.1,4.86,8737615
2014-04-10,4.99,4.93,5.12,4.84,7004881
2014-04-11,4.8601,4.88,4.96,4.82,6033141
2014-04-14,4.82,4.84,4.95,4.805,5716379
2014-04-15,4.86,4.88,5.0438,4.75,6512677
2014-04-16,4.92,4.97,4.98,4.79,4796053
2014-04-17,4.97,5.01,5.09,4.83,9527566
2014-04-21,5.07,4.97,5.08,4.905,11556731
2014-04-22,4.81,4.55,4.92,4.47,23121015
2014-04-23,4.52,4.48,4.59,4.42,8754164
2014-04-24,4.48,4.39,4.53,4.37,13523329
2014-04-25,4.36,4.41,4.537,4.33,8777610
2014-04-28,4.4,4.35,4.45,4.31,5012074
2014-04-29,4.35,4.47,4.5,4.33,4977155
2014-04-30,4.43,4.58,4.6,4.4,7668062
2014-05-01,4.58,4.69,4.75,4.52,6074050
2014-05-02,4.68,4.72,4.88,4.67,4626429
2014-05-05,4.7,4.65,4.725,4.62,2850059
2014-05-06,4.66,4.45,4.69,4.44,6690596
2014-05-07,4.45,4.37,4.5,4.35,4281333
2014-05-08,4.37,4.18,4.43,4.18,7901668
2014-05-09,4.18,4.23,4.24,4.06,8056079
2014-05-12,4.33,4.37,4.45,4.31,7035404
2014-05-13,4.35,4.26,4.4,4.24,5860006
2014-05-14,4.28,4.21,4.32,4.2,3787231
2014-05-15,4.2,4.15,4.23,4.09,4977942
2014-05-16,4.14,4.08,4.17,4.08,4739312
2014-05-19,4.1,4.12,4.18,4.09,3230809
2014-05-20,4.11,3.87,4.14,3.87,9427447
2014-05-21,3.9,3.86,3.95,3.72,12883853
2014-05-22,3.87,3.79,3.935,3.77,5274281
2014-05-23,3.8,3.7,3.81,3.69,5943772
2014-05-27,3.73,3.73,3.8,3.65,5531436
2014-05-28,3.79,3.59,3.805,3.53,10309171
2014-05-29,3.59,3.61,3.75,3.59,4726000
2014-05-30,3.6,3.56,3.61,3.55,5162692
2014-06-02,3.58,3.45,3.6,3.44,6673785
2014-06-03,3.44,3.23,3.45,3.21,19245058
2014-06-04,3.19,3.3,3.38,3.15,7480584
2014-06-05,3.33,3.41,3.44,3.2,5520951
2014-06-06,3.43,3.53,3.58,3.37,6771286
2014-06-09,3.56,3.62,3.64,3.49,4901297
2014-06-10,3.6,3.51,3.62,3.5,3228335
2014-06-11,3.49,3.56,3.6,3.49,2875239
2014-06-12,3.64,3.55,3.65,3.51,3051226
2014-06-13,3.55,3.69,3.69,3.52,3777942
2014-06-16,3.68,3.63,3.69,3.61,2277087
2014-06-17,3.68,3.53,3.68,3.47,6546849
2014-06-18,3.55,3.59,3.63,3.51,3795189
2014-06-19,3.64,3.7,3.72,3.62,4864673
2014-06-20,3.7,3.66,3.71,3.615,4552103
2014-06-23,3.7,3.64,3.765,3.61,3783936
2014-06-24,3.62,3.47,3.64,3.45,5510606
2014-06-25,3.47,3.57,3.58,3.41,3432956
2014-06-26,3.58,3.66,3.67,3.52,2850252
2014-06-27,3.65,3.57,3.71,3.54,3936512
2014-06-30,3.59,3.65,3.66,3.54,3170983
2014-07-01,3.65,3.67,3.73,3.65,3701003
2014-07-02,3.68,3.57,3.73,3.56,5662287
2014-07-03,3.52,3.62,3.67,3.52,3074376
2014-07-07,3.62,3.4,3.62,3.39,7943523
2014-07-08,3.38,3.25,3.41,3.22,7611845
2014-07-09,3.27,3.23,3.29,3.22,4333398
2014-07-10,3.2,3.2,3.25,3.16,3223079
2014-07-11,3.2,3.2,3.23,3.17,3369051
2014-07-14,3.26,3.23,3.27,3.1815,2646923
2014-07-15,3.23,3.18,3.28,3.18,3838722
2014-07-16,3.21,3.25,3.361,3.2,6764008
2014-07-17,3.24,3.16,3.32,3.14,6884036
2014-07-18,3.16,3.12,3.23,3.1,6863178
2014-07-21,3.12,2.99,3.13,2.96,7876806
2014-07-22,3.03,3.0,3.04,2.96,7746676
2014-07-23,3.03,2.87,3.05,2.84,8948870
2014-07-24,2.89,2.91,2.97,2.88,3680679
2014-07-25,2.91,2.89,2.98,2.87,3257351
2014-07-28,2.91,2.86,2.94,2.82,4915518
2014-07-29,2.98,3.05,3.12,2.92,10909779
2014-07-30,3.11,2.94,3.11,2.92,7428745
2014-07-31,2.9,2.97,2.98,2.88,4246156
2014-08-01,2.95,2.95,3.06,2.92,5245407
2014-08-04,2.98,3.07,3.1,2.96,5538980
2014-08-05,3.03,3.1,3.24,3.02,6794119
2014-08-06,3.08,3.17,3.2,3.06,4660300
2014-08-07,3.19,3.12,3.25,3.1,4537893
2014-08-08,3.12,3.11,3.19,3.08,4068658
2014-08-11,3.14,3.2,3.25,3.14,7040518
2014-08-12,3.2,3.11,3.21,3.07,4791348
2014-08-13,3.13,3.14,3.17,3.1,2835351
2014-08-14,3.15,3.11,3.18,3.1,4514271
2014-08-15,3.16,3.14,3.17,3.1,4873224
2014-08-18,3.15,3.21,3.22,3.14,3237137
2014-08-19,3.24,3.27,3.35,3.23,6209345
2014-08-20,3.27,3.27,3.3,3.17,5089353
2014-08-21,3.26,3.2,3.28,3.2,2928039
2014-08-22,3.2,3.15,3.23,3.13,4965704
2014-08-25,3.17,3.13,3.22,3.12,2212821
2014-08-26,3.14,3.18,3.27,3.139,3841144
2014-08-27,3.19,3.18,3.24,3.16,2172616
2014-08-28,3.15,3.05,3.18,3.05,4773775
2014-08-29,3.06,3.05,3.13,3.03,3919620
2014-09-02,3.08,3.06,3.17,3.06,5256361
2014-09-03,3.08,3.07,3.13,3.06,4054328
2014-09-04,3.08,3.07,3.14,3.04,4048469
2014-09-05,3.07,3.11,3.12,3.02,5406035
2014-09-08,3.1,3.09,3.13,3.04,4724665
2014-09-09,3.07,2.95,3.1,2.93,8135617
2014-09-10,2.97,2.97,3.02,2.89,6266124
2014-09-11,2.95,2.89,3.02,2.88,4924425
2014-09-12,2.89,2.95,2.99,2.8801,5226586
2014-09-15,2.95,2.86,2.95,2.82,6524681
2014-09-16,2.82,2.77,2.82,2.73,10631557
2014-09-17,2.79,2.8,2.86,2.79,4541931
2014-09-18,2.8,2.65,2.8,2.61,11320691
2014-09-19,2.65,2.64,2.74,2.6,9743122
2014-09-22,2.61,2.43,2.6141,2.41,10123935
2014-09-23,2.45,2.32,2.48,2.32,8359723
2014-09-24,2.33,2.22,2.339,2.21,6693424
2014-09-25,2.24,2.16,2.25,2.01,11722939
2014-09-26,2.11,2.09,2.19,2.04,4818785
2014-09-29,2.05,2.08,2.15,2.01,8009666
2014-09-30,2.08,2.12,2.16,2.03,8486592
2014-10-01,2.1,1.99,2.11,1.9,9279794
2014-10-02,2.01,2.06,2.12,2.0,9340374
2014-10-03,2.11,1.87,2.12,1.86,7913110
2014-10-06,1.88,1.72,1.89,1.665,17901511
2014-10-07,1.66,1.62,1.74,1.61,7005563
2014-10-08,1.6,1.66,1.67,1.38,20370075
2014-10-09,1.64,1.54,1.65,1.44,9692873
2014-10-10,1.51,1.5,1.575,1.45,5232925
2014-10-13,1.56,1.56,1.68,1.35,13896574
2014-10-14,1.58,1.68,1.74,1.51,15684260
2014-10-15,1.67,1.87,1.89,1.55,19462018
2014-10-16,1.85,2.23,2.29,1.845,22890140
2014-10-17,2.29,1.97,2.3,1.95,9686485
2014-10-20,1.93,1.92,2.07,1.91,5570755
2014-10-21,1.92,1.93,1.99,1.86,6093528
2014-10-22,1.96,1.76,2.04,1.73,12608535
2014-10-23,1.8,1.84,1.86,1.74,4311026
2014-10-24,1.8,1.84,1.89,1.8,3306202
2014-10-27,1.8,1.79,1.875,1.72,7355682
2014-10-28,1.66,1.93,1.97,1.66,9162898
2014-10-29,1.91,2.02,2.09,1.84,9869081
2014-10-30,2.05,2.09,2.12,1.96,13823036
2014-10-31,2.1,2.16,2.19,1.93,7678277
2014-11-03,2.15,2.18,2.36,2.13,7721628
2014-11-04,2.2,2.25,2.28,2.09,6526258
2014-11-05,2.37,2.35,2.37,2.2,9634162
2014-11-06,2.35,2.42,2.63,2.3202,12944056
2014-11-07,2.48,2.86,2.93,2.44,18092268
2014-11-10,2.9,2.51,2.91,2.45,11647380
2014-11-11,2.54,2.43,2.56,2.35,6914450
2014-11-12,2.32,2.43,2.48,2.31,5987930
2014-11-13,2.41,2.43,2.48,2.4,1095845
2014-11-14,2.3,2.56,2.61,2.25,8054007
2014-11-17,2.5,2.65,2.68,2.49,6798937
2014-11-18,2.62,2.51,2.69,2.5,4255636
2014-11-19,2.48,2.3,2.5019,2.26,8516341
2014-11-20,2.25,2.53,2.56,2.25,6974475
2014-11-21,2.64,2.71,2.71,2.57,11475875
2014-11-24,2.73,2.54,2.78,2.53,6129633
2014-11-25,2.55,2.32,2.56,2.29,11196393
2014-11-26,2.32,2.41,2.43,2.26,5169247
2014-11-28,2.29,2.22,2.33,2.17,3273071
2014-12-01,2.24,2.04,2.245,2.03,7613754
2014-12-02,2.03,2.02,2.14,1.93,8922980
2014-12-03,2.01,2.03,2.13,2.01,9606654
2014-12-04,2.03,1.79,2.04,1.78,11631148
2014-12-05,1.78,1.93,1.96,1.78,5046873
2014-12-08,1.91,1.72,1.91,1.71,5551435
2014-12-09,1.74,1.92,1.92,1.7,6398708
2014-12-10,1.9,1.82,1.95,1.8,5555175
2014-12-11,1.86,1.74,1.86,1.71,4806144
2014-12-12,1.7,1.61,1.78,1.6,5809987
2014-12-15,1.63,1.62,1.72,1.61,3935599
2014-12-16,1.62,1.7,1.74,1.61,6453569
2014-12-17,1.7,1.82,1.84,1.68,5476138
2014-12-18,1.89,1.76,1.95,1.75,5642563
2014-12-19,1.79,1.93,1.94,1.7561,9230155
2014-12-22,1.9,1.83,1.93,1.78,4243915
2014-12-23,1.8,1.77,1.87,1.755,3077376
2014-12-24,1.75,1.78,1.85,1.73,2459079
2014-12-26,1.8,1.83,1.88,1.78,2677822
2014-12-29,1.82,1.87,1.9,1.82,4087712
2014-12-30,1.82,1.74,1.9,1.73,6200529
2014-12-31,1.73,1.78,1.78,1.67,10105635
2015-01-02,1.77,1.68,1.79,1.655,3649296
2015-01-05,1.68,1.62,1.7,1.56,8849982
2015-01-06,1.61,1.49,1.64,1.42,8283698
2015-01-07,1.53,1.52,1.64,1.47,7509147
2015-01-08,1.52,1.5,1.54,1.42,4162636
2015-01-09,1.49,1.5,1.54,1.47,2838672
2015-01-12,1.47,1.46,1.5,1.45,3456185
2015-01-13,1.47,1.35,1.49,1.3,6382131
2015-01-14,1.31,1.24,1.35,1.15,8184182
2015-01-15,1.28,1.21,1.31,1.2,4276495
2015-01-16,1.22,1.23,1.26,1.17,5653182
2015-01-20,1.23,1.14,1.23,1.08,7467782
2015-01-21,1.15,1.18,1.22,1.11,4317348
2015-01-22,1.18,1.17,1.21,1.115,4591452
2015-01-23,1.18,1.07,1.18,1.05,6242879
2015-01-26,1.07,1.04,1.08,1.01,5356478
2015-01-27,1.01,1.0,1.08,0.97,5321550
2015-01-28,1.03,0.9748,1.04,0.94,5578578
2015-01-29,0.99,0.8999,0.99,0.8955,4751825
2015-01-30,0.9,0.9273,0.9379,0.8618,6379555
2015-02-02,0.94,0.9456,0.96,0.885,6613957
2015-02-03,1.02,1.1,1.15,1.01,9568456
2015-02-04,1.1,1.17,1.21,1.06,5952401
2015-02-05,1.18,1.14,1.22,1.14,3359289
2015-02-06,1.14,1.08,1.16,1.05,4739187
2015-02-09,1.08,1.14,1.23,1.075,5736771
2015-02-10,1.15,1.18,1.185,1.08,4602345
2015-02-11,1.16,1.16,1.18,1.12,2292737
2015-02-12,1.22,1.17,1.24,1.16,4411883
2015-02-13,1.2,1.19,1.27,1.17,5522451
2015-02-17,1.2,1.23,1.28,1.13,4390224
2015-02-18,1.24,1.31,1.35,1.24,5055621
2015-02-19,1.3,1.34,1.38,1.23,4177268
2015-02-20,1.34,1.37,1.39,1.31,3774810
2015-02-23,1.3,1.31,1.31,1.22,3760798
2015-02-24,1.3,1.37,1.37,1.29,3289281
2015-02-25,1.39,1.39,1.43,1.33,4809076
2015-02-26,1.33,1.34,1.37,1.3,3658900
2015-02-27,1.3,1.31,1.34,1.26,3901257
2015-03-02,1.33,1.29,1.33,1.21,5085831
2015-03-03,1.26,1.21,1.29,1.14,6277781
2015-03-04,1.2,1.15,1.2,1.12,3198488
2015-03-05,1.15,1.12,1.15,1.1,3312755
2015-03-06,1.1,1.1,1.13,1.07,3928957
2015-03-09,1.13,1.07,1.14,1.07,2723847
2015-03-10,1.07,0.99,1.075,0.9812,4597804
2015-03-11,0.98,0.99,1.01,0.94,2729073
2015-03-12,1.01,0.95,1.05,0.9394,2921196
2015-03-13,0.95,0.879,0.9656,0.8502,4607124
2015-03-16,0.8901,0.8394,0.8901,0.7977,4640916
2015-03-17,0.83,0.8168,0.839,0.8,4876778
2015-03-18,0.8105,0.96,0.98,0.8101,4167832
2015-03-19,0.97,0.9472,0.9961,0.8718,3525839
2015-03-20,0.9525,0.9048,0.97,0.8812,13678735
2015-03-23,0.93,0.9712,1.0,0.93,3264548
2015-03-24,0.99,1.03,1.03,0.97,3098600
2015-03-25,1.03,1.04,1.08,1.01,3347376
2015-03-26,1.06,0.9949,1.08,0.96,4147862
2015-03-27,1.0,1.04,1.05,0.92,5291462
2015-03-30,1.04,0.9796,1.04,0.9468,3207074
2015-03-31,1.0,0.9999,1.02,0.952,3265180
2015-04-01,1.01,0.99,1.02,0.945,3065244
2015-04-02,0.97,0.9517,0.9959,0.95,1945985
2015-04-06,0.98,1.04,1.05,0.9611,4004882
2015-04-07,1.05,1.11,1.15,1.01,4853188
2015-04-08,1.11,1.04,1.12,1.01,2768891
2015-04-09,1.05,1.05,1.08,1.03,2435577
2015-04-10,1.08,1.07,1.08,1.03,1356194
2015-04-13,1.05,1.04,1.08,1.02,1650895
2015-04-14,1.04,1.03,1.05,1.0,1769760
2015-04-15,1.01,1.08,1.12,1.01,2872040
2015-04-16,1.12,1.06,1.12,1.04,2608721
2015-04-17,1.06,1.04,1.09,1.04,2355697
2015-04-20,1.08,1.06,1.1,1.01,4075916
2015-04-21,1.04,1.0,1.04,0.95,6126898
2015-04-22,0.95,1.02,1.02,0.95,2515732
2015-04-23,0.99,0.9942,1.01,0.98,2885034
2015-04-24,1.01,1.03,1.06,0.994,3850936
2015-04-27,1.03,1.0,1.06,0.9911,2394565
2015-04-28,0.95,0.9872,1.02,0.95,1605426
2015-04-29,0.9923,1.01,1.02,0.983,2411452
2015-04-30,1.0,0.9742,1.01,0.96,3160522
2015-05-01,0.96,0.9363,0.97,0.9108,3704381
2015-05-04,0.92,0.9961,1.0,0.91,2048546
2015-05-05,0.9999,0.9963,0.9999,0.95,1667295
2015-05-06,0.999,0.9636,1.0,0.947,2451273
2015-05-07,0.9405,0.94,0.9861,0.94,1988760
2015-05-08,0.97,0.95,0.99,0.94,2318894
2015-05-11,0.9775,0.969,0.9854,0.9535,2117534
2015-05-12,0.941,0.9357,0.976,0.9134,3692445
2015-05-13,0.92,0.87,0.9415,0.8609,3702885
2015-05-14,0.8633,0.8274,0.88,0.81,4229673
2015-05-15,0.82,0.813,0.87,0.811,4034927
2015-05-18,0.8,0.7701,0.809,0.741,4659303
2015-05-19,0.78,0.7225,0.78,0.7195,4338592
2015-05-20,0.72,0.7079,0.7482,0.69,6430806
2015-05-21,0.69,0.69,0.7222,0.69,4087020
2015-05-22,0.6715,0.6622,0.6989,0.66,4364829
2015-05-26,0.629,0.58,0.629,0.57,7732364
2015-05-27,0.58,0.5067,0.5901,0.5,8002011
2015-05-28,0.5111,0.4702,0.5485,0.47,11966625
2015-05-29,0.484,0.49,0.535,0.46,11433553
2015-06-01,0.5,0.5171,0.55,0.4833,6652937
2015-06-02,0.548,0.5438,0.55,0.5134,7310264
2015-06-03,0.567,0.5328,0.5748,0.5282,4739854
2015-06-04,0.547,0.5085,0.547,0.5055,3118535
2015-06-05,0.51,0.51,0.5277,0.4999,3511082
2015-06-08,0.5184,0.5,0.52,0.4924,4510713
2015-06-09,0.5005,0.5,0.5147,0.5,2799949
2015-06-10,0.5,0.47,0.5067,0.4449,7894257
2015-06-11,0.47,0.4389,0.47,0.4388,3768005
2015-06-12,0.42,0.3861,0.44,0.3601,8280801
2015-06-15,0.41,0.3901,0.428,0.39,3668005
2015-06-16,0.39,0.4016,0.445,0.38,5160197
2015-06-17,0.425,0.4406,0.445,0.413,6005878
2015-06-18,0.45,0.4341,0.45,0.423,4671767
2015-06-19,0.4121,0.47,0.47,0.3961,12598365
2015-06-22,0.48,0.4568,0.49,0.4358,6135606
2015-06-23,0.4595,0.4388,0.4595,0.4352,3888161
2015-06-24,0.43,0.39,0.4381,0.39,5170649
2015-06-25,0.3943,0.4047,0.405,0.39,3432094
2015-06-26,0.4245,0.402,0.429,0.373,25938441
2015-06-29,0.42,0.42,0.48,0.402,8839410
2015-06-30,0.44,0.34,0.446,0.3196,29605221
2015-07-01,0.37,0.332,0.37,0.32,10040215
2015-07-02,0.3384,0.3549,0.4,0.33,10631071
2015-07-06,0.385,0.3644,0.3854,0.36,5458646
2015-07-07,0.3785,0.3605,0.379,0.3415,3462897
2015-07-08,0.3649,0.3235,0.3649,0.3219,6738421
2015-07-09,0.34,0.312,0.3431,0.31,3969730
2015-07-10,0.312,0.2719,0.312,0.2653,11872803
2015-07-13,0.2676,0.2984,0.33,0.2617,7626267
2015-07-14,0.307,0.3132,0.3216,0.295,4469471
2015-07-15,0.32,0.3096,0.3295,0.3011,2398281
2015-07-16,0.2875,0.295,0.315,0.27,6648288
2015-07-17,0.3,0.265,0.305,0.2626,5390429
2015-07-20,0.261,0.2201,0.275,0.22,6152183
2015-07-21,0.225,0.2401,0.2494,0.221,7165921
2015-07-22,0.23,0.2339,0.2499,0.2225,4514354
2015-07-23,0.249,0.2253,0.25,0.22,3122416
2015-07-24,0.23,0.1975,0.24,0.1974,3517913
2015-07-27,0.2015,0.2072,0.2169,0.2,4347003
2015-07-28,0.2015,0.19,0.215,0.185,4064858
2015-07-29,0.18,0.173,0.186,0.173,3595619
2015-07-30,0.192,0.1879,0.2098,0.1851,5380783
2015-07-31,0.194,0.1801,0.2,0.1775,4561872
2015-08-03,0.18,0.1802,0.2,0.18,4614584
2015-08-04,1.61,1.51,1.8,1.4,1073297
2015-08-05,1.57,1.05,1.6,0.9999,3702517
2015-08-06,1.04,1.31,1.35,1.03,1050043
2015-08-07,1.3,1.23,1.4,1.15,977965
2015-08-10,1.16,1.36,1.42,1.16,828178
2015-08-11,1.38,1.7,1.98,1.3,1224110
2015-08-12,1.67,2.13,2.23,1.62,1988486
2015-08-13,2.15,1.32,2.26,1.2901,1983094
2015-08-14,1.26,1.26,1.48,1.21,1407111
2015-08-17,1.31,1.54,1.69,1.31,1602936
2015-08-18,1.51,1.47,1.54,1.38,377428
2015-08-19,2.15,2.28,2.39,1.815,5167623
2015-08-20,2.58,3.35,4.4,2.43,19520416
2015-08-21,3.3,3.85,4.6,3.16,13061274
2015-08-24,2.78,3.96,4.35,2.35,5937616
2015-08-25,4.29,4.15,4.69,4.01,4543487
2015-08-26,4.38,5.09,5.2,4.09,5891887
2015-08-27,5.6,7.03,7.35,5.35,11359460
2015-08-28,6.92,8.21,8.5,6.48,9283810
2015-08-31,7.74,9.31,10.35,7.55,9831584
2015-09-01,8.69,6.41,9.75,6.18,10380257
2015-09-02,6.88,7.2,7.7,5.75,6110982
2015-09-03,7.38,6.44,7.79,6.26,3889031
2015-09-04,5.94,5.41,6.18,5.25,4343987
2015-09-08,5.62,3.98,5.69,3.91,7254712
2015-09-09,4.11,4.36,4.68,4.03,3992784
2015-09-10,4.36,4.01,4.36,3.95,1373554
2015-09-11,3.97,3.93,4.24,3.59,2135306
2015-09-14,3.86,4.85,5.03,3.613,3582461
2015-09-15,4.89,3.9,5.22,3.85,5391103
2015-09-16,3.77,3.98,4.15,3.69,2647326
2015-09-17,3.99,3.62,4.0,3.6,1760831
2015-09-18,3.56,3.48,3.65,3.3808,1937002
2015-09-21,3.52,3.58,3.88,3.51,1295064
2015-09-22,3.66,3.15,3.75,2.9401,1532834
2015-09-23,3.1,2.77,3.19,2.74,1431460
2015-09-24,3.49,3.81,4.4265,3.3,7301599
2015-09-25,4.22,3.01,4.23,2.85,3629338
2015-09-28,3.2,2.94,3.21,2.71,1542883
2015-09-29,2.94,3.32,3.66,2.88,2840463
2015-09-30,3.43,3.3,3.64,3.0879,1618963
2015-10-01,3.14,3.38,3.78,3.02,3100228
2015-10-02,3.48,3.49,3.52,3.2,1257186
2015-10-05,3.57,3.48,3.735,3.402,1379877
2015-10-06,3.44,4.66,4.75,3.415,5440292
2015-10-07,4.8,4.0,4.8,3.91,3798928
2015-10-08,4.06,4.32,4.32,3.8,2017643
2015-10-09,4.44,4.25,4.73,4.2,2335638
2015-10-12,4.3,4.09,4.39,4.04,1810988
2015-10-13,3.82,3.83,4.14,3.65,1241406
2015-10-14,4.0,3.91,4.2,3.87,1379625
2015-10-15,3.95,4.0,4.15,3.82,1971850
2015-10-16,3.99,4.05,4.15,3.82,1398934
2015-10-19,4.08,3.39,4.28,3.29,3116774
2015-10-20,3.3,3.45,3.57,3.15,1147543
2015-10-21,3.51,3.21,3.54,3.15,1453056
2015-10-22,3.2,2.75,3.34,2.72,1733052
2015-10-23,2.85,2.63,2.91,2.51,1627034
2015-10-26,2.6,2.01,2.63,2.0,3367780
2015-10-27,1.81,1.55,1.95,1.46,4511331
2015-10-28,1.4,1.51,1.7,1.4,2299451
2015-10-29,1.47,1.48,1.65,1.42,1428462
2015-10-30,1.5,1.5,1.61,1.48,1549544
2015-11-02,1.5,1.73,2.05,1.5,6195764
2015-11-03,1.73,1.8,1.9,1.73,2704637
2015-11-04,1.84,1.6,1.87,1.52,2204133
2015-11-05,1.58,1.61,1.67,1.58,1040492
2015-11-06,1.69,1.66,1.74,1.61,2241193
2015-11-09,1.91,1.56,1.93,1.54,3935013
2015-11-10,1.35,1.6,1.64,1.35,2680345
2015-11-11,1.57,1.42,1.59,1.41,1676970
2015-11-12,1.42,1.45,1.58,1.37,1902919
2015-11-13,1.41,1.44,1.5,1.41,2392359
2015-11-16,1.45,1.5,1.53,1.44,1381377
2015-11-17,1.52,1.23,1.52,1.14,2584658
2015-11-18,1.23,1.18,1.4,1.18,1992805
2015-11-19,1.17,1.09,1.25,1.06,2568647
2015-11-20,1.08,1.04,1.085,1.0,1578766
2015-11-23,1.05,0.84,1.09,0.8,2655084
2015-11-24,0.822,1.05,1.08,0.8217,2582655
2015-11-25,1.08,1.09,1.14,1.03,1801679
2015-11-27,1.1,1.11,1.14,1.05,1239127
2015-11-30,1.11,1.24,1.24,1.09,2652071
2015-12-01,1.28,1.23,1.35,1.08,3126921
2015-12-02,1.23,1.19,1.3,1.17,1422650
2015-12-03,1.26,1.29,1.3,1.18,1174062
2015-12-04,1.3,1.17,1.3,1.15,1073327
2015-12-07,1.18,1.21,1.22,1.08,971450
2015-12-08,1.23,1.16,1.23,1.15,899638
2015-12-09,1.22,1.14,1.22,1.11,1385404
2015-12-10,1.12,1.03,1.14,1.0,1788778
2015-12-11,1.02,0.9,1.02,0.87,1161424
2015-12-14,0.95,0.8901,0.99,0.8849,369223
2015-12-15,0.87,1.07,1.2,0.85,2625857
2015-12-16,1.2,1.01,1.21,0.8525,2076407
2015-12-17,1.07,0.975,1.08,0.9,899723
2015-12-18,0.9568,0.9765,1.0,0.9001,630533
2015-12-21,0.96,0.91,0.98,0.91,504867
2015-12-22,0.975,0.93,0.98,0.9115,1291888
2015-12-23,0.94,1.1,1.12,0.9318,3121884
2015-12-24,1.1,0.9499,1.1,0.941,1845902
2015-12-28,0.94,0.9519,0.97,0.89,1436283
2015-12-29,0.9795,0.922,0.98,0.91,1237223
2015-12-30,0.915,0.9271,0.95,0.9,737751
2015-12-31,0.91,0.9866,1.04,0.91,1615782
2016-01-04,0.945,0.905,0.95,0.88,1069820
2016-01-05,0.9025,0.9378,0.95,0.902,830710
2016-01-06,0.9261,0.911,0.94,0.8641,997949
2016-01-07,0.86,0.79,0.8999,0.78,1235633
2016-01-08,0.82,0.8325,0.887,0.8034,1099732
2016-01-11,0.7537,0.575,0.575,0.575,2256
2016-01-12,0.575,0.575,0.575,0.575,0
2016-01-13,0.575,0.575,0.575,0.575,0
2016-01-14,0.575,0.575,0.575,0.575,0
2016-01-15,0.575,0.575,0.575,0.575,0
2016-01-19,0.575,0.575,0.575,0.575,0
2016-01-20,0.575,0.575,0.575,0.575,0
2016-01-21,0.575,0.575,0.575,0.575,0
2016-01-22,0.575,0.575,0.575,0.575,0
2016-01-25,0.575,0.575,0.575,0.575,0
2020-06-26,15.5,15.45,16.5,15.31,37289540
2020-06-29,15.89,15.57,16.01,15.5,7374005
2020-06-30,15.57,15.77,15.9,15.45,5047192
2020-07-01,15.79,15.76,15.89,15.55,3415231
2020-07-02,15.82,15.81,15.89,15.6,7213077
2020-07-06,15.78,15.52,15.78,15.38,3460806
2020-07-07,15.4,15.18,15.435,15.1,4228006
2020-07-08,15.11,15.16,15.31,15.04,3691465
2020-07-09,15.11,14.75,15.19,14.73,5107052
2020-07-10,14.77,14.6,14.86,14.1112,6979252
2020-07-13,14.6,14.0,14.6,13.93,4380110
2020-07-14,13.92,14.59,14.72,13.72,4127624
2020-07-15,14.67,14.62,14.905,14.1663,2558353
2020-07-16,14.52,14.98,15.14,14.5,2178859
2020-07-17,15.0,15.35,15.39,14.98,1210589
2020-07-20,15.46,15.59,15.84,15.3,1653008
2020-07-21,15.99,15.67,16.05,15.54,4344534
2020-07-22,15.9,16.0,16.0,15.6509,1809101
2020-07-23,16.12,16.03,16.24,15.9,1841590
2020-07-24,16.1,16.11,16.16,15.9,2298928
2020-07-27,16.04,15.24,16.12,15.04,9327449
2020-07-28,15.3,15.1,15.325,15.03,2746222
2020-07-29,15.1,15.37,15.5,15.0,3183650
2020-07-30,15.32,14.95,15.47,14.94,2963068
2020-07-31,14.96,14.86,15.08,14.86,1784564
2020-08-03,14.92,14.83,14.95,14.44,1994088
2020-08-04,14.72,15.18,15.22,14.71,1867852
2020-08-05,15.17,15.47,15.73,15.15,2234392
2020-08-06,15.65,15.27,15.7,15.18,1008248
2020-08-07,15.34,15.35,15.59,15.13,969033
2020-08-10,15.29,15.37,15.44,15.185,967218
2020-08-11,15.39,14.92,15.44,14.8,1843976
2020-08-12,14.92,14.8,15.01,14.72,1519194
2020-08-13,14.74,14.9,14.91,14.605,1316521
2020-08-14,14.93,14.85,15.09,14.7,1516254
2020-08-17,14.87,14.93,15.23,14.8,2605002
2020-08-18,15.24,15.07,15.25,14.91,1625204
2020-08-19,15.2,15.19,15.34,15.05,1851126
2020-08-20,15.09,15.04,15.225,14.95,1126963
2020-08-21,14.93,14.9,15.05,14.84,1671686
2020-08-24,14.92,14.57,14.935,14.53,2729283
2020-08-25,14.6,14.59,14.6177,14.38,2190543
2020-08-26,14.59,14.7,14.7,14.51,1163271
2020-08-27,14.65,14.66,14.7301,14.42,1372279
2020-08-28,14.66,14.36,14.66,14.3,1596129
2020-08-31,14.3,13.79,14.3232,13.77,2877716
2020-09-01,13.85,13.94,14.19,13.55,3826175
2020-09-02,14.07,14.0,14.12,13.86,2214029
2020-09-03,13.95,13.54,14.14,13.4,2487807
2020-09-04,13.54,13.51,13.65,13.12,2196979
2020-09-08,13.5,13.18,13.5,13.06,2918428
2020-09-09,13.32,13.88,13.95,13.31,2308118
2020-09-10,13.97,14.14,14.3,13.97,2734851
2020-09-11,14.19,14.15,14.45,13.88,2685302
2020-09-14,14.2,13.64,14.2136,13.6,2550195
2020-09-15,13.83,13.26,13.92,13.15,2780606
2020-09-16,13.21,13.16,13.49,13.16,3135895
2020-09-17,13.16,13.31,13.52,13.1,2811987
2020-09-18,13.42,13.06,13.45,12.91,5682609
2020-09-21,13.48,13.66,13.81,13.26,8965883
2020-09-22,14.15,13.9,14.26,13.76,5573655
2020-09-23,14.12,13.62,14.12,13.6,2862564
2020-09-24,13.53,13.38,13.59,13.17,2780179
2020-09-25,13.51,13.55,13.56,13.3,1741841
2020-09-28,13.69,13.61,13.82,13.5,1893762
2020-09-29,13.61,13.75,13.78,13.53,1246004
2020-09-30,13.78,13.85,14.01,13.71,2091605
2020-10-01,13.85,13.77,14.04,13.72,1891791
2020-10-02,13.55,13.74,13.87,13.53,1903901
2020-10-05,13.88,13.9,14.12,13.84,4072800
2020-10-06,14.01,13.82,14.15,13.72,1852014
2020-10-07,13.91,13.9,14.03,13.81,1991338
2020-10-08,14.01,14.02,14.16,13.85,1616546
2020-10-09,14.08,14.26,14.33,14.04,1764772
2020-10-12,14.32,14.48,14.8,14.32,2281934
2020-10-13,14.58,14.7,14.76,14.37,1694938
2020-10-14,14.75,14.27,14.83,14.12,5514426
2020-10-15,14.33,14.29,14.35,14.07,3339183
2020-10-16,14.42,14.26,14.65,14.22,2998190
2020-10-19,14.78,14.38,14.78,14.16,4158688
2020-10-20,15.3,15.22,15.45,14.63,16484746
2020-10-21,15.28,14.98,15.44,14.96,4048843
2020-10-22,15.11,14.6,15.1666,14.66,4077556
2020-10-23,14.72,14.83,14.84,14.56,1983295
2020-10-26,14.75,14.8,15.16,14.67,2975935
2020-10-27,14.83,14.89,15.09,14.75,2043251
2020-10-28,14.67,15.11,15.73,14.64,6076073
2020-10-29,15.03,15.15,15.26,14.84,3140311
2020-10-30,14.97,14.69,15.245,14.59,3630079
2020-11-02,14.8,14.66,14.85,14.2306,3364659
2020-11-03,14.72,15.22,15.2751,14.72,2843800
2020-11-04,15.12,15.45,15.52,15.1002,2836213
2020-11-05,15.46,15.52,15.64,15.3,3005235
2020-11-06,15.55,15.49,15.63,15.38,1983036
2020-11-09,15.14,14.8,15.14,13.9,7070532
2020-11-10,14.79,14.99,15.05,14.75,2131745
2020-11-11,15.0,14.98,15.39,14.94,2286635
2020-11-12,15.07,15.13,15.205,14.95,1544517
2020-11-13,15.17,15.15,15.2,14.88,1341882
2020-11-16,15.16,15.61,15.66,15.16,2327198
2020-11-17,15.61,15.73,15.8,15.33,2182685
2020-11-18,15.79,15.75,15.95,15.61,1460310
2020-11-19,15.83,15.75,16.015,15.73,1878715
2020-11-20,15.77,15.71,15.99,15.7,1041456
2020-11-23,15.8,15.92,16.0,15.5,2464260
2020-11-24,15.92,15.9,16.025,15.843,1961021
2020-11-25,15.86,15.8,15.95,15.7,1496282
2020-11-27,15.81,15.86,15.9699,15.77,961071
2020-11-30,15.89,16.03,16.14,15.72,2371759
2020-12-01,16.0,15.78,16.24,15.6201,2169150
2020-12-02,15.74,15.52,15.9,15.4357,2349724
2020-12-03,15.49,15.27,15.56,15.25,2301094
2020-12-04,15.25,14.95,15.3,14.89,2924712
2020-12-07,14.98,14.85,15.09,14.81,2859899
2020-12-08,14.85,14.98,15.08,14.83,2179072
2020-12-09,15.05,14.86,15.2,14.72,2736499
2020-12-10,14.91,15.09,15.15,14.7,2464015
2020-12-11,15.02,15.32,15.39,14.83,2558522
2020-12-14,15.38,15.1,15.59,15.03,1313376
2020-12-15,15.1,15.24,15.435,15.05,1694523
2020-12-16,15.39,15.41,15.53,15.21,1626335
2020-12-17,15.5,15.54,15.73,15.43,1582214
2020-12-18,15.63,15.62,15.69,15.21,3736535
2020-12-21,15.44,15.35,15.54,15.2611,1638019
2020-12-22,15.45,15.81,15.92,15.39,1996090
2020-12-23,15.9,15.55,16.18,15.51,2659457
2020-12-24,15.71,15.75,16.02,15.65,927809
2020-12-28,15.82,15.98,16.0,15.71,1308269
2020-12-29,15.99,16.64,16.775,15.98,3516847
2020-12-30,16.75,16.85,17.57,16.61,3494981
2020-12-31,16.98,17.58,17.78,16.77,3085317
2021-01-04,17.6,17.12,17.82,17.01,2435273
2021-01-05,17.06,17.05,17.5,16.98,1869152
2021-01-06,17.12,17.36,17.64,17.0,3441297
2021-01-07,17.11,16.85,17.36,16.82,2576994
2021-01-08,16.82,16.61,16.98,16.15,2928903
2021-01-11,16.56,16.75,16.81,16.18,3302065
2021-01-12,17.59,17.1,18.25,16.88,7407972
2021-01-13,16.89,17.12,17.15,16.79,2670307
2021-01-14,17.15,17.46,17.76,17.08,2827431
2021-01-15,17.5,17.29,17.77,17.225,2836963
2021-01-19,17.37,17.79,17.87,17.15,2764045
2021-01-20,17.38,17.33,17.74,17.14,2969256
2021-01-21,17.3,17.38,17.55,17.295,1692236
2021-01-22,17.3,17.4,17.54,17.28,2051341
2021-01-25,17.41,18.59,19.28,17.39,5398355
2021-01-26,18.39,19.5,19.81,18.05,5196788
2021-01-27,19.29,20.42,20.62,19.28,7275761
2021-01-28,19.83,17.58,20.1299,17.52,5039184
2021-01-29,17.82,17.37,18.3949,17.22,3003772
2021-02-01,17.58,17.08,17.78,16.825,2735414
2021-02-02,17.02,16.48,17.09,16.325,4676697
2021-02-03,16.49,16.55,16.64,16.1,1922567
2021-02-04,16.6,16.71,16.9,16.35,1401952
2021-02-05,16.77,16.93,17.03,16.61,1228846
2021-02-08,16.99,16.84,17.21,16.65,1442220
2021-02-09,17.04,16.75,17.05,16.47,2178020
2021-02-10,16.75,16.62,16.865,16.51,2121024
2021-02-11,16.69,16.62,16.73,16.47,1268197
2021-02-12,16.73,16.49,16.74,16.39,1408578
2021-02-16,16.45,16.47,16.59,16.25,2576019
2021-02-17,16.51,16.3,16.555,16.155,2991606
2021-02-18,16.2,16.4,16.51,16.08,2255626
2021-02-19,16.39,16.59,16.61,16.37,1457875
2021-02-22,16.4,16.49,16.78,16.31,2001039
2021-02-23,16.43,16.25,16.6,16.01,1996610
2021-02-24,16.37,16.48,16.55,16.175,1330496
2021-02-25,16.53,16.48,16.92,16.31,1843430
2021-02-26,16.52,16.17,16.6355,15.97,2731529
2021-03-01,16.25,16.66,16.96,16.17,2067289
2021-03-02,16.67,16.65,17.09,16.52,2242325
2021-03-03,16.72,17.72,17.83,16.71,2225714
2021-03-04,17.5,17.93,18.03,17.5,2913096
2021-03-05,17.92,17.75,18.35,17.59,2894809
2021-03-08,17.79,17.12,17.8,16.98,2881064
2021-03-09,17.16,17.17,17.6,17.14,1184260
2021-03-10,17.31,17.89,17.9,17.15,1655615
2021-03-11,18.1,18.22,18.4,17.9,2406761
2021-03-12,18.07,18.37,18.47,18.01,885696
2021-03-15,18.39,18.75,18.95,18.35,1582355
2021-03-16,18.82,19.0,19.2,18.74,1426393
2021-03-17,18.91,18.72,19.02,18.385,1577771
2021-03-18,18.6,18.02,19.07,18.0,2128661
2021-03-19,18.07,18.52,19.09,18.07,7271193
2021-03-22,18.41,19.19,19.245,18.41,1405192
2021-03-23,19.25,19.36,19.68,19.19,1929131
2021-03-24,19.29,18.76,19.325,18.7,2663905
2021-03-25,18.74,18.98,19.12,18.59,2257483
2021-03-26,19.11,19.52,19.58,19.03,1273783
2021-03-29,19.54,19.75,19.84,19.51,951774
2021-03-30,19.86,19.75,20.05,19.35,1026735
2021-03-31,19.81,19.07,19.85,19.02,1282272
2021-04-01,19.0,18.4,19.0509,18.32,2087927
2021-04-05,18.5,18.67,18.75,18.3503,1673784
2021-04-06,18.7,18.66,18.7,18.37,1537352
2021-04-07,18.64,18.6,18.6899,18.51,1067951
2021-04-08,18.73,18.78,18.91,18.51,1429238
2021-04-09,18.67,18.85,18.94,18.55,773401
2021-04-12,18.99,19.32,19.32,18.87,940192
2021-04-13,19.33,19.39,19.595,19.31,908214
2021-04-14,19.45,19.71,19.77,19.2,1468808
2021-04-15,19.65,19.32,19.65,19.01,2965327
2021-04-16,19.44,20.0,20.045,19.41,1196408
2021-04-19,19.99,20.39,20.41,19.73,1193347
2021-04-20,20.35,20.31,20.89,20.145,1703658
2021-04-21,20.35,19.53,20.55,19.46,1914515
2021-04-22,19.53,19.16,19.6,19.07,1776424
2021-04-23,19.17,19.18,19.235,18.64,2351465
2021-04-26,18.42,18.22,18.75,17.73,5413028
2021-04-27,18.39,18.11,18.5394,18.09,2458069
2021-04-28,18.18,18.71,18.91,18.16,2315948
2021-04-29,18.79,19.31,19.32,18.76,1252940
2021-04-30,19.26,18.57,19.4513,18.57,1386376
2021-05-03,18.64,18.85,19.15,18.63,1543773
2021-05-04,18.3,18.38,18.7,17.88,2437704
2021-05-05,18.5,18.61,18.69,18.225,834276
2021-05-06,18.64,19.29,19.35,18.64,1947100
2021-05-07,19.22,19.18,19.33,19.01,877261
2021-05-10,19.17,19.34,19.77,19.17,3252014
2021-05-11,19.29,19.49,19.76,19.045,1417045
2021-05-12,19.44,18.63,19.46,18.5144,1420957
2021-05-13,18.57,18.78,19.05,18.55,993359
2021-05-14,18.98,19.19,19.43,18.9301,973989
2021-05-17,19.24,19.51,19.6779,19.24,1061809
2021-05-18,19.62,19.38,19.75,19.14,1121213
2021-05-19,19.25,18.69,19.35,18.65,1404255
2021-05-20,18.83,18.73,18.93,18.6,1242297
2021-05-21,18.8,18.75,18.97,18.72,1307460
2021-05-24,18.87,19.02,19.31,18.61,1329972
2021-05-25,19.06,18.8,19.15,18.79,669109
2021-05-26,18.8,18.8,18.8682,18.62,716519
2021-05-27,18.87,18.98,19.11,18.8,703323
2021-05-28,19.12,19.19,19.23,18.84,857940
2021-06-01,19.3,19.66,19.78,19.21,895114
2021-06-02,19.76,19.88,19.94,19.53,1099739
2021-06-03,19.94,20.05,20.19,19.55,1090444
2021-06-04,20.14,20.17,20.24,19.46,1179436
2021-06-07,20.17,20.47,20.48,20.1,1103506
2021-06-08,20.31,21.04,21.06,20.28,1605573
2021-06-09,20.94,20.96,21.23,20.555,1171071
2021-06-10,20.88,20.84,21.29,20.81,1345978
2021-06-11,20.81,20.4,20.8586,20.165,1155841
2021-06-14,20.47,20.32,20.47,20.1,1112380
2021-06-15,20.29,19.76,20.29,19.68,997274
2021-06-16,19.7,19.57,19.91,19.36,1601568
2021-06-17,19.53,19.27,19.56,18.84,1753969
2021-06-18,19.13,19.52,19.66,18.94,2345864
2021-06-21,19.65,20.08,20.17,19.51,1057008
2021-06-22,20.07,20.14,20.175,19.7801,948742
2021-06-23,20.24,19.83,20.28,19.8,1040202
2021-06-24,19.82,19.72,19.89,19.63,768506
2021-06-25,19.86,20.08,20.14,19.775,2793071
2021-06-28,20.03,20.26,20.3,19.72,837635
2021-06-29,20.29,20.04,20.33,19.96,518332
2021-06-30,20.04,19.66,20.2,19.59,1304948
2021-07-01,19.87,19.91,20.04,19.71,754014
2021-07-02,19.92,19.96,20.15,19.81,418660
2021-07-06,19.87,19.24,19.925,19.18,1101092
2021-07-07,19.27,19.36,19.63,19.05,648506
2021-07-08,19.19,19.61,19.655,19.1,682008
2021-07-09,19.72,20.21,20.38,19.7,1097923
2021-07-12,20.15,19.98,20.34,19.75,675852
2021-07-13,19.92,19.67,20.1,19.63,645966
2021-07-14,19.67,19.83,20.0,19.54,518913
2021-07-15,19.91,19.81,19.99,19.71,503970
2021-07-16,19.88,19.89,20.15,19.79,682978
2021-07-19,19.95,20.56,20.57,19.905,1227121
2021-07-20,20.64,20.66,20.97,20.5318,1032924
2021-07-21,20.66,20.88,21.02,20.56,605576
2021-07-22,20.7,20.07,20.795,20.15,740695
2021-07-23,20.22,20.24,20.3,19.96,558958
2021-07-26,20.24,20.41,20.5,20.19,645019
2021-07-27,20.27,20.31,20.37,20.08,757223
2021-07-28,20.22,20.72,20.73,20.22,1671551
2021-07-29,20.9,21.61,22.26,20.9,2292771
2021-07-30,21.82,21.6,22.29,21.54,1008414
2021-08-02,21.68,22.07,22.165,21.32,845021
2021-08-03,22.08,23.39,23.49,22.08,1559277
2021-08-04,23.36,22.77,23.39,22.49,954795
2021-08-05,22.88,23.15,23.16,22.76,697161
2021-08-06,23.25,24.56,24.71,23.1445,1975890
2021-08-09,24.26,24.79,24.89,23.82,1519092
2021-08-10,26.0,29.05,29.09,25.79,6468702
2021-08-11,28.78,28.56,28.9,27.73,2749640
2021-08-12,28.67,29.62,29.87,28.36,1937478
2021-08-13,29.42,29.85,30.42,29.28,1705869
2021-08-16,29.69,29.34,30.3,29.24,1012727
2021-08-17,29.35,29.53,30.06,29.21,1167194
2021-08-18,29.76,29.22,30.21,29.19,1082173
2021-08-19,29.03,28.67,29.28,28.21,1094448
2021-08-20,28.75,28.86,29.09,28.66,757135
2021-08-23,28.96,28.6,29.06,28.37,1071057
2021-08-24,28.6,28.35,28.66,28.27,972781
2021-08-25,28.35,28.44,28.8614,28.24,913845
2021-08-26,28.46,28.03,28.46,27.77,1009097
2021-08-27,28.07,28.39,28.64,27.76,741886
2021-08-30,28.41,29.16,29.58,28.09,1104976
2021-08-31,29.18,30.36,30.48,29.02,1959139
2021-09-01,30.51,30.18,31.28,29.55,1766225
2021-09-02,30.26,33.08,33.19,30.07,3443195
2021-09-03,32.68,33.35,33.65,32.417,1690715
2021-09-07,33.43,33.5,34.09,32.75,2342624
2021-09-08,33.5,32.03,33.97,31.87,1607508
2021-09-09,31.99,32.17,32.83,31.62,1462555
2021-09-10,32.08,30.03,32.1075,29.68,2365989
2021-09-13,30.35,30.45,31.3999,30.35,1448158
2021-09-14,30.69,29.63,30.8,29.53,1516390
2021-09-15,29.655,30.78,31.0,29.47,1308216
2021-09-16,30.77,30.25,30.93,30.06,1094436
2021-09-17,30.12,30.1,30.5,29.81,5588875
2021-09-20,29.61,29.91,30.56,29.5,1204508
2021-09-21,29.99,30.38,30.89,29.81,907384
2021-09-22,30.81,30.26,31.17,30.18,1075313
2021-09-23,30.83,31.78,32.11,30.26,1063898
2021-09-24,31.56,31.34,32.08,31.32,880266
2021-09-27,31.22,30.85,31.85,30.78,771776
2021-09-28,30.77,31.31,31.78,30.5,1089014
2021-09-29,31.42,32.07,32.4,31.33,799937
2021-09-30,32.0,31.13,32.07,31.05,932626
2021-10-01,31.11,29.77,31.25,29.72,1489986
2021-10-04,29.52,30.1,30.25,29.31,1039074
2021-10-05,28.595,29.47,29.69,28.41,1831262
2021-10-06,29.6,28.38,29.85,28.11,1263498
2021-10-07,28.51,28.0,29.18,27.84,1397122
2021-10-08,27.52,27.07,28.14,26.77,1482955
2021-10-11,26.84,27.07,27.73,26.7,1268147
2021-10-12,27.235,27.1,27.65,27.0846,967460
2021-10-13,27.25,27.64,28.1,27.211,998240
2021-10-14,27.78,28.35,29.01,27.7,1440144
2021-10-15,28.48,28.56,29.3,28.3,2270996
2021-10-18,28.15,29.51,30.01,27.9,4901213
2021-10-19,28.53,28.3,28.87,27.19,3539654
2021-10-20,28.7,28.91,29.36,28.5562,1635146
2021-10-21,29.24,29.51,29.86,28.9301,1359655
2021-10-22,29.745,30.82,31.2013,29.6,1480076
2021-10-25,30.59,30.65,31.42,29.96,1543866
2021-10-26,30.64,30.26,30.81,29.99,1189333
2021-10-27,30.41,30.09,30.8425,30.12,1453140
2021-10-28,30.0,30.05,30.8,29.81,1233043
2021-10-29,29.9,30.95,31.28,29.46,1243024
2021-11-01,31.01,31.82,31.98,30.5139,1039691
2021-11-02,31.82,31.61,31.95,30.72,895977
2021-11-03,31.88,34.99,35.15,31.698,3616730
2021-11-04,34.64,34.75,35.226,34.3059,1322982
2021-11-05,34.82,34.8,35.61,34.18,1071673
2021-11-08,34.6,33.36,34.7,33.3,925231
2021-11-09,33.6,33.76,34.1,33.4,1633368
2021-11-10,33.5,34.02,34.07,32.81,1189615
2021-11-11,34.28,34.68,34.95,34.02,756172
2021-11-12,34.76,35.03,35.37,34.61,838124
2021-11-15,35.12,34.81,35.96,34.73,854185
2021-11-16,34.53,33.98,34.8384,33.5,1328266
2021-11-17,34.38,34.11,34.45,33.87,684747
2021-11-18,34.45,34.73,35.1,34.34,795318
2021-11-19,34.88,33.77,35.0,33.68,921594
2021-11-22,34.29,36.18,36.52,34.25,1342186
2021-11-23,35.89,35.26,36.36,35.07,977318
2021-11-24,35.0,34.83,35.17,34.3601,491539
2021-11-26,34.5,35.72,36.6,34.3005,830040
2021-11-29,35.71,35.43,36.3,35.11,1159924
2021-11-30,35.17,35.19,36.08,34.83,980433
2021-12-01,35.4,34.25,35.85,34.12,882121
2021-12-02,34.57,35.98,36.09,34.26,1238127
2021-12-03,36.02,35.7,36.43,35.34,1581011
2021-12-06,35.6,36.81,37.17,35.11,1786211
2021-12-07,37.19,35.84,37.85,35.55,1607559
2021-12-08,35.75,31.84,35.81,31.03,3964188
2021-12-09,30.62,30.51,30.9,30.3,5115957
2021-12-10,30.61,30.7,31.12,30.26,2021529
2021-12-13,30.72,31.32,31.95,30.39,2527513
2021-12-14,31.18,30.25,31.28,29.7232,3560417
2021-12-15,30.3,30.13,30.53,29.4,2683850
2021-12-16,30.32,30.63,31.04,30.18,1515359
2021-12-17,30.83,30.84,31.09,30.47,2831956
2021-12-20,30.52,30.02,31.33,29.9538,1307057
2021-12-21,30.26,29.84,30.35,29.755,1342862
2021-12-22,29.94,29.8,30.35,29.57,1324349
2021-12-23,30.0,29.9,30.55,29.775,1229273
2021-12-27,30.05,29.54,30.1299,29.31,1422921
2021-12-28,29.63,29.83,29.88,29.135,2193859
2021-12-29,29.85,30.05,30.77,29.44,1411600
2021-12-30,30.41,30.17,30.55,30.11,986842
2021-12-31,29.94,30.19,30.7,29.94,1187202
2022-01-03,30.19,29.34,30.42,29.27,1520114
2022-01-04,29.54,29.65,29.8194,29.19,2069216
2022-01-05,29.71,29.95,30.92,29.65,2700274
2022-01-06,30.39,31.21,31.48,29.73,3032970
2022-01-07,31.5,31.21,32.32,31.2,2113943
2022-01-10,31.72,31.9,32.2,30.65,4571857
2022-01-11,31.58,28.79,31.75,28.4,9345379
2022-01-12,28.79,29.63,29.94,28.55,3094318
2022-01-13,30.0,30.98,31.26,30.0,2975719
2022-01-14,30.81,30.94,31.87,30.511,3456128
2022-01-18,30.55,30.47,30.92,30.215,1649022
2022-01-19,30.78,29.37,31.125,28.95,2126586
2022-01-20,29.4,28.2,29.52,28.115,2075712
2022-01-21,28.29,28.28,28.47,27.82,1968971
2022-01-24,27.87,28.34,28.58,27.65,2714684
2022-01-25,27.98,27.08,28.38,26.8,2498889
2022-01-26,27.49,26.82,27.73,26.64,2040760
2022-01-27,27.18,27.46,27.91,27.1,1594938
2022-01-28,27.08,26.85,27.255,26.27,1361112
2022-01-31,26.9,28.15,28.15,26.759,1911170
2022-02-01,28.0,28.16,28.45,27.49,1514143
2022-02-02,28.02,28.43,28.7,27.98,1127675
2022-02-03,28.19,28.47,28.7799,28.04,811186
2022-02-04,28.23,28.1,28.3,27.67,953382
2022-02-07,28.19,28.24,28.587,28.02,1324650
2022-02-08,28.38,28.92,29.15,28.17,760546
2022-02-09,29.15,28.97,29.34,28.9,911279
2022-02-10,28.93,28.56,29.173,28.34,1352578
2022-02-11,28.83,28.43,29.15,28.19,1241345
2022-02-14,28.46,28.79,28.895,28.06,1395327
2022-02-15,29.2,29.29,29.7,28.9,1477577
2022-02-16,29.18,28.78,29.35,28.47,1005720
2022-02-17,28.78,28.75,29.19,28.6,1051228
2022-02-18,28.8,29.01,29.52,28.67,894862
2022-02-22,28.88,28.29,29.18,28.05,1575638
2022-02-23,28.47,28.4,28.78,28.23,1198884
2022-02-24,27.66,29.0,29.18,27.51,1757919
2022-02-25,29.26,29.72,29.98,29.125,1623388
2022-02-28,29.47,29.15,29.7799,28.96,1385459
2022-03-01,30.37,31.4,32.06,30.0,6464072
2022-03-02,31.23,31.99,32.01,31.04,1986399
2022-03-03,32.25,35.7,35.78,32.25,3815696
2022-03-04,34.63,36.16,37.37,34.0101,4797714
2022-03-07,36.72,35.63,37.99,35.34,3336092
2022-03-08,35.38,35.34,36.73,34.76,2913254
2022-03-09,35.27,34.68,35.97,34.64,1275091
2022-03-10,34.68,34.58,34.98,33.84,1595539
2022-03-11,34.43,34.41,35.5,34.29,1452161
2022-03-14,34.2,35.27,35.95,33.86,1462933
2022-03-15,34.91,35.58,35.6,34.631,1386701
2022-03-16,35.54,35.3,36.49,34.78,2799692
2022-03-17,35.1,36.0,36.55,34.81,3059228
2022-03-18,36.22,35.17,36.48,35.05,4486096
2022-03-21,35.41,36.14,37.16,35.41,2467808
2022-03-22,36.3,35.69,36.4992,35.3696,2870025
2022-03-23,35.44,35.77,36.21,35.44,1357207
2022-03-24,36.05,35.7,36.25,35.51,1238299
2022-03-25,33.46,32.88,33.47,31.995,6911220
2022-03-28,32.96,33.37,33.38,32.8501,2492876
2022-03-29,33.62,33.46,33.71,32.91,2230783
2022-03-30,33.45,33.51,33.62,32.55,2516411
2022-03-31,33.54,33.25,33.86,33.07,1799437
2022-04-01,33.5,33.93,33.98,33.2153,1726754
2022-04-04,34.2,33.87,34.26,33.565,1293237
2022-04-05,33.94,33.87,34.5,33.68,1477666
2022-04-06,33.81,34.09,34.74,33.59,1591310
2022-04-07,34.46,34.77,35.47,34.0,3089288
2022-04-08,35.48,35.28,36.0,34.98,5639499
2022-04-11,35.5,34.78,35.54,34.46,5365841
2022-04-12,33.27,31.97,34.1,31.79,5961769
2022-04-13,32.25,33.18,33.475,31.9,4415049
2022-04-14,33.13,32.41,33.29,32.21,3110119
2022-04-18,32.48,33.01,33.24,32.4601,2047284
2022-04-19,33.15,33.11,33.21,32.53,1797971
2022-04-20,33.36,33.29,33.74,32.92,2540582
2022-04-21,33.28,33.88,34.0,32.92,1630979
2022-04-22,32.69,32.11,32.85,32.06,4820822
2022-04-25,31.84,32.43,32.68,31.68,3283647
2022-04-26,32.43,31.42,32.43,31.26,2685687
2022-04-27,31.31,31.36,31.9,30.6,2467865
2022-04-28,31.29,32.13,32.225,30.945,2707610
2022-04-29,32.0,31.28,32.22,31.155,2843805
2022-05-02,31.45,31.0,31.92,30.59,2865751
2022-05-03,31.23,31.26,31.73,30.93,1494434
2022-05-04,31.3,31.81,31.91,30.9501,1775708
2022-05-05,31.8,30.12,31.8,30.0,3074453
2022-05-06,29.88,30.11,30.59,29.67,1844546
2022-05-09,29.75,30.13,30.29,29.69,2301151
2022-05-10,30.1,30.3,30.65,29.66,2281372
2022-05-11,30.3,29.85,30.795,29.75,1995005
2022-05-12,29.77,29.97,30.5955,29.58,1681819
2022-05-13,30.23,29.96,30.23,29.575,1563093
2022-05-16,30.43,29.89,30.55,29.74,1858473
2022-05-17,29.5,29.24,29.83,28.95,2877788
2022-05-18,27.88,27.1,28.1066,26.97,3995783
2022-05-19,26.76,27.09,27.48,26.51,4584543
2022-05-20,27.1,27.51,27.535,26.83,2122276
2022-05-23,27.72,28.27,28.66,27.45,2111305
2022-05-24,27.74,29.29,29.61,27.4,8261591
2022-05-25,28.98,29.68,29.94,28.77,2778751
2022-05-26,30.0,30.25,30.68,29.72,2212397
2022-05-27,30.38,30.61,30.72,30.17,1591442
2022-05-31,30.31,30.55,30.89,30.0401,1227036
2022-06-01,30.82,30.51,30.82,30.24,1555154
2022-06-02,30.74,30.96,31.0691,30.23,1763997
2022-06-03,30.9,30.94,31.26,30.69,1789834
2022-06-06,31.29,30.3,31.29,30.16,1481417
2022-06-07,30.0,30.31,30.55,29.94,1391253
2022-06-08,30.19,29.25,30.19,29.19,1810086
2022-06-09,29.48,29.47,29.92,29.25,2666295
2022-06-10,29.16,29.96,30.06,29.1,2167863
2022-06-13,29.55,28.77,29.72,28.68,1834147
2022-06-14,29.16,28.31,29.24,28.12,2493433
2022-06-15,28.48,28.69,28.939,28.35,1609032
2022-06-16,27.84,28.08,28.71,27.75,2212516
2022-06-17,28.14,27.37,28.34,26.91,6242012
2022-06-21,27.38,28.97,29.005,27.38,1855307
2022-06-22,28.66,28.39,29.03,28.23,2097475
2022-06-23,29.21,29.13,29.955,28.81,3874057
2022-06-24,29.12,29.36,29.62,28.81,2528968
2022-06-27,29.37,29.52,29.84,29.21,2071763
2022-06-28,29.51,28.41,29.78,28.34,2413221
2022-06-29,28.53,28.15,28.84,27.71,2626194
2022-06-30,26.5,26.72,26.98,26.01,9126372
2022-07-01,26.81,27.56,27.57,26.775,4612833
2022-07-05,27.73,26.86,27.73,26.41,6482714
2022-07-06,26.78,26.86,27.02,26.36,4720883
2022-07-07,27.11,27.21,27.22,26.78,4823481
2022-07-08,27.25,26.93,27.25,26.815,3243075
2022-07-11,26.87,26.61,27.03,26.57,2297092
2022-07-12,26.5,26.5,26.84,26.405,2305553
2022-07-13,26.32,26.53,26.76,26.245,2675005
2022-07-14,26.19,26.42,26.67,26.0,2214683
2022-07-15,26.5,26.07,26.64,25.99,2149779
2022-07-18,26.47,26.32,26.56,26.25,3186567
2022-07-19,26.58,26.5,26.7,26.37,3116398
2022-07-20,26.5,26.86,26.92,26.44,2873133
2022-07-21,27.0,26.35,27.0,26.14,2605822
2022-07-22,26.35,26.38,26.62,26.2917,2659579
2022-07-25,26.51,26.43,26.77,26.17,4108421
2022-07-26,26.65,26.52,26.98,25.89,5824847
2022-07-27,26.5,26.62,26.75,26.0101,3084740
2022-07-28,26.68,26.85,26.9,26.32,3477219
2022-07-29,26.76,26.85,26.98,26.62,2147819
2022-08-01,26.85,26.85,27.0,26.72,2144440
2022-08-02,26.97,26.92,26.995,26.41,2697868
2022-08-03,27.0,26.79,27.1994,26.55,2241860
2022-08-04,26.8,26.8,27.0,26.48,2457906
2022-08-05,26.7,27.05,27.06,26.475,2781073
2022-08-08,27.05,27.8,28.0,27.05,4069782
2022-08-09,27.99,28.66,29.35,27.945,7594754
2022-08-10,28.58,28.77,29.01,28.25,3898253
2022-08-11,28.97,28.91,29.25,28.685,2678736
2022-08-12,28.8,28.07,28.822,27.46,4356972
2022-08-15,27.89,28.25,28.47,27.8,1803259
2022-08-16,28.23,28.69,28.9231,28.16,2297108
2022-08-17,28.57,28.47,28.805,28.31,1837425
2022-08-18,28.46,28.71,28.805,28.26,1911921
2022-08-19,28.7,28.77,28.8,28.4,1814826
2022-08-22,28.74,28.55,28.82,28.315,1667360
2022-08-23,28.53,28.29,28.68,28.07,1221349
2022-08-24,28.33,28.34,28.43,28.12,1420227
2022-08-25,28.36,28.45,28.5,28.01,1369102
2022-08-26,28.5,28.01,28.59,27.75,1380755
2022-08-29,27.86,28.13,28.43,27.595,1605178
2022-08-30,28.24,27.4,28.35,27.38,1379002
2022-08-31,27.41,27.51,27.82,27.12,2292600
2022-09-01,27.4,27.64,27.66,27.27,1572021
2022-09-02,27.99,27.63,28.19,27.46,1808860
2022-09-06,27.89,27.97,28.38,27.69,4247865
2022-09-07,28.0,29.21,29.34,28.0,5352075
2022-09-08,28.99,28.9,29.48,28.6,3796054
2022-09-09,29.1,29.71,30.17,29.07,5919986
2022-09-12,29.7,29.41,29.93,29.25,2422710
2022-09-13,29.24,28.67,29.83,28.4,2887462
2022-09-14,28.81,28.62,29.105,28.57,4392083
2022-09-15,28.46,27.59,28.61,27.46,5449528
2022-09-16,27.55,27.37,27.895,27.32,8573377
2022-09-19,27.11,27.43,27.62,27.04,3118749
2022-09-20,27.17,26.64,27.28,26.5,3368069
2022-09-21,26.69,26.35,26.94,26.33,1751966
2022-09-22,26.26,26.21,26.47,26.02,2662391
2022-09-23,25.83,24.83,26.0,24.75,4618615
2022-09-26,24.83,25.02,25.14,24.49,3316427
2022-09-27,25.16,24.66,25.28,24.34,3048316
2022-09-28,24.78,25.59,25.65,24.6,3077921
2022-09-29,25.4,25.29,25.58,25.045,2653916
2022-09-30,25.38,24.86,25.42,24.73,2668626
2022-10-03,25.0,25.66,25.77,24.82,2436803
2022-10-04,26.0,25.72,26.21,25.62,3284961
2022-10-05,25.5,25.49,26.01,25.35,3390170
2022-10-06,25.3,25.26,25.64,25.235,2700690
2022-10-07,25.25,24.43,25.42,24.355,2420843
2022-10-10,24.69,25.25,25.38,24.65,2182098
2022-10-11,25.28,25.92,26.09,25.28,2994876
2022-10-12,25.95,25.67,26.25,25.67,2501204
2022-10-13,25.54,28.63,29.19,25.32,29008341
2022-10-14,27.03,26.21,27.25,26.115,40556616
2022-10-17,26.57,26.43,26.64,26.06,13199439
2022-10-18,26.8,26.74,26.86,26.36,14475162
2022-10-19,26.74,27.2,27.27,26.6,12423437
2022-10-20,27.25,27.5,27.61,27.12,11711345
2022-10-21,20.65,21.08,21.1,20.57,14576806
2022-10-24,21.15,20.79,21.2,20.7,6578319
2022-10-25,20.78,20.7,20.995,20.69,5891655
2022-10-26,20.7,20.43,20.94,20.05,7402737
2022-10-27,20.49,20.24,20.55,20.16,4815695
2022-10-28,20.33,20.38,20.66,20.3,4472068
2022-10-31,20.38,20.51,20.645,20.38,4724416
2022-11-01,20.6,20.32,20.69,20.3,3500223
2022-11-02,20.38,20.45,20.8,20.32,4143217
2022-11-03,20.5,20.92,21.05,20.48,8889940
2022-11-04,21.44,21.26,21.7,21.06,4914126
2022-11-07,21.51,20.85,21.56,20.64,4220531
2022-11-08,20.75,20.59,20.85,20.345,4951711
2022-11-09,20.68,20.33,20.79,20.33,2843000
2022-11-10,20.59,20.52,20.65,20.39,4925800
2022-11-11,20.57,20.5,20.7,20.47,2960335
2022-11-14,20.59,20.59,20.895,20.36,2480570
2022-11-15,20.96,20.73,21.07,20.5813,4154788
2022-11-16,20.67,20.88,21.01,20.6201,3417085
2022-11-17,20.7,20.61,20.9415,20.46,2519488
2022-11-18,20.73,20.52,20.84,20.3,6182145
2022-11-21,20.57,20.44,20.8,20.43,2628578
2022-11-22,20.49,20.55,20.715,20.49,2744597
2022-11-23,20.55,20.44,20.68,20.42,1873397
2022-11-25,20.51,20.67,20.69,20.5,906084
2022-11-28,20.65,20.76,20.78,20.57,3249981
2022-11-29,20.89,20.96,20.96,20.68,2309991
2022-11-30,20.91,20.95,21.01,20.825,2096735
2022-12-01,21.01,20.75,21.05,20.725,2142317
2022-12-02,20.67,20.98,21.03,20.61,1420409
2022-12-05,20.88,20.96,21.055,20.83,2055624
2022-12-06,21.06,21.07,21.16,20.8611,2309040
2022-12-07,21.14,21.45,21.46,21.1,1985512
2022-12-08,21.42,21.57,21.63,20.491,3323814
2022-12-09,21.45,21.38,21.58,21.34,1302430
2022-12-12,21.35,20.94,21.35,20.785,2956154
2022-12-13,20.98,21.03,21.14,20.87,1794556
2022-12-14,21.03,20.82,21.1,20.8,1992330
2022-12-15,20.87,20.66,20.93,20.565,2605439
2022-12-16,20.69,20.66,20.71,20.46,3500604
2022-12-19,20.7,20.59,20.84,20.43,2125695
2022-12-20,20.53,20.67,20.96,20.5,2226427
2022-12-21,20.78,20.98,20.98,20.71,1846373
2022-12-22,20.95,20.98,21.0,20.8,1369349
2022-12-23,20.95,21.13,21.18,20.86,1420328
2022-12-27,21.04,21.11,21.17,21.005,919487
2022-12-28,21.15,21.03,21.21,20.93,1836058
2022-12-29,21.01,20.98,21.15,20.96,1436788
2022-12-30,20.89,20.74,21.02,20.585,3135992
2023-01-03,20.81,20.7,20.85,20.665,2855136
2023-01-04,20.76,20.9,20.93,20.65,2445414
2023-01-05,20.86,20.85,20.88,20.725,1660453
2023-01-06,20.96,20.81,20.9662,20.795,2769808
2023-01-09,20.84,20.92,21.03,20.81,4522514
2023-01-10,21.15,21.3,21.3,20.92,2453235
2023-01-11,21.25,21.41,21.44,21.1,2728111
2023-01-12,21.57,21.46,21.6,21.37,1956125
2023-01-13,21.4,21.34,21.44,21.33,1662082
2023-01-17,21.36,21.21,21.435,21.2,2044606
2023-01-18,21.24,20.95,21.28,20.84,3607503
2023-01-19,21.2,20.9,21.2,20.81,2793372
2023-01-20,20.95,21.01,21.02,20.91,2982807
2023-01-23,21.09,21.03,21.2775,21.005,3184601
2023-01-24,21.07,21.08,21.23,20.99,2832407
2023-01-25,21.03,21.03,21.1,21.0,2025745
2023-01-26,21.03,21.0,21.17,21.0,2651397
2023-01-27,21.0,21.19,21.205,21.0,1622447
2023-01-30,21.19,21.17,21.215,21.09,1757056
2023-01-31,21.12,21.2,21.27,21.07,2019216
2023-02-01,21.13,21.35,21.4,21.12,2320280
2023-02-02,21.35,21.34,21.49,21.11,2177394
2023-02-03,21.35,21.4,21.41,21.2601,1559777
2023-02-06,21.42,21.45,21.59,21.34,2251553
2023-02-07,21.41,21.37,21.41,21.23,1894609
2023-02-08,21.35,21.26,21.5,21.2,2297412
2023-02-09,21.28,21.14,21.33,21.03,3005567
2023-02-10,21.2,21.33,21.37,21.09,2081896
2023-02-13,21.34,21.28,21.348,21.215,1176721
2023-02-14,21.28,21.15,21.28,21.06,2603836
2023-02-15,21.19,21.03,21.255,20.95,2461189
2023-02-16,21.02,21.11,21.19,20.995,1413101
2023-02-17,21.13,21.22,21.265,21.07,2776296
2023-02-21,21.19,21.47,21.5,21.1,2412909
2023-02-22,21.49,21.38,21.56,21.35,2835516
2023-02-23,20.8,20.78,20.95,20.65,12031505
2023-02-24,20.7,20.54,20.725,20.5,4555095
2023-02-27,20.53,20.24,20.59,20.2,10173189
2023-02-28,20.18,19.88,20.3,19.84,7879845
2023-03-01,19.8,19.87,19.98,19.535,8105523
2023-03-02,20.04,19.87,20.17,19.76,5533239
2023-03-03,20.01,20.08,20.11,19.88,5447924
2023-03-06,20.15,20.09,20.25,20.04,4746612
2023-03-07,20.08,20.0,20.15,19.85,3810199
2023-03-08,20.04,20.11,20.13,19.93,2412105
2023-03-09,20.13,19.93,20.155,19.92,5994350
2023-03-10,19.98,19.91,20.01,19.7901,3017826
2023-03-13,19.79,19.63,19.88,19.63,3820152
2023-03-14,19.67,19.64,19.775,19.59,3517220
2023-03-15,19.66,19.73,19.79,19.54,4131364
2023-03-16,19.75,19.68,19.75,19.51,3508245
2023-03-17,19.55,19.5,19.6,19.29,19088794
2023-03-20,19.56,19.2,19.58,19.14,9617758
2023-03-21,19.29,19.34,19.51,19.21,8973006
2023-03-22,19.48,19.65,19.72,19.46,4922670
2023-03-23,19.68,19.9,19.93,19.62,4773557
2023-03-24,19.9,20.19,20.2,19.86,4377074
2023-03-27,20.28,20.31,20.35,20.23,4716046
2023-03-28,20.36,20.33,20.43,20.24,2797859
2023-03-29,20.43,20.32,20.44,20.26,9510809
2023-03-30,20.39,20.5,20.52,20.37,3516037
2023-03-31,20.6,20.78,20.81,20.56,2834679
2023-04-03,20.86,20.9,20.98,20.7906,3531398
2023-04-04,20.82,20.75,20.95,20.7,2393793
2023-04-05,20.84,20.94,20.94,20.69,3851848
2023-04-06,21.06,21.05,21.09,20.9,3081106
2023-04-10,21.02,21.21,21.24,21.02,3920015
2023-04-11,20.84,20.87,21.0,20.73,7666341
2023-04-12,20.82,20.64,20.85,20.63,4893574
2023-04-13,20.61,20.63,20.72,20.41,7409854
2023-04-14,20.65,20.69,20.71,20.56,3451779
2023-04-17,20.74,20.68,20.81,20.65,2430036
2023-04-18,20.68,20.75,20.8,20.68,2707405
2023-04-19,20.79,20.91,20.98,20.74,2616298
2023-04-20,20.97,20.94,21.08,20.9,2625076
2023-04-21,20.92,20.76,20.9899,20.76,4291688
2023-04-24,20.77,20.69,20.835,20.75,2152594
2023-04-25,20.72,20.96,20.97,20.71,2659286
2023-04-26,21.12,20.92,21.12,20.79,2605367
2023-04-27,20.89,20.95,21.02,20.88,3041418
2023-04-28,20.95,20.9,21.01,20.815,4889686
2023-05-01,20.98,21.01,21.05,20.85,2736047
2023-05-02,21.14,21.0,21.14,20.905,5515782
2023-05-03,21.03,20.85,21.11,20.83,5976741
2023-05-04,20.88,20.75,20.93,20.54,4660186
2023-05-05,20.75,20.81,20.86,20.65,3198326
2023-05-08,20.89,20.7,20.915,20.69,2333666
2023-05-09,20.66,20.52,20.67,20.47,2883023
2023-05-10,20.5,20.48,20.565,20.395,2570023
2023-05-11,20.48,20.36,20.54,20.35,2824234
2023-05-12,20.36,20.2,20.52,20.1,7435103
2023-05-15,20.22,20.2,20.27,20.04,8144665
2023-05-16,20.16,20.3,20.405,20.15,3433100
2023-05-17,20.32,20.19,20.36,20.16,3409730
2023-05-18,20.25,20.28,20.29,20.015,2679434
2023-05-19,20.28,20.26,20.39,20.11,2472649
2023-05-22,20.26,20.18,20.27,20.04,2792433
2023-05-23,20.11,20.01,20.18,20.01,2055182
2023-05-24,20.1,20.1,20.2,20.03,1977516
2023-05-25,20.01,19.93,20.14,19.93,2515951
2023-05-26,19.88,20.08,20.16,19.88,3558172
2023-05-30,19.99,20.1,20.205,19.95,4110704
2023-05-31,20.09,20.36,20.43,20.06,22830034
2023-06-01,20.26,20.19,20.34,20.025,4409685
2023-06-02,20.15,20.5,20.52,20.15,5295541
2023-06-05,20.5,20.5,20.715,20.47,2602819
2023-06-06,20.65,20.83,20.97,20.625,3900000
2023-06-07,20.76,20.94,20.96,20.75,3646881
2023-06-08,20.91,20.9,20.93,20.76,2138111
2023-06-09,20.84,20.81,20.93,20.805,1750504
2023-06-12,20.81,20.95,21.01,20.75,2702587
2023-06-13,20.89,21.02,21.09,20.85,3409447
2023-06-14,21.04,20.94,21.07,20.74,6771788
2023-06-15,20.94,21.24,21.24,20.8,8031464
2023-06-16,21.25,21.37,21.44,21.22,13976422
2023-06-20,21.21,21.44,21.45,21.21,6221430
2023-06-21,21.46,21.43,21.46,21.265,5694246
2023-06-22,21.45,21.57,21.57,21.39,2798884
2023-06-23,21.49,21.46,21.59,21.335,13584515
2023-06-26,21.42,21.67,21.705,21.365,2124794
2023-06-27,21.6,21.69,21.785,21.575,1984392
2023-06-28,21.74,21.72,21.81,21.555,1471183
2023-06-29,21.7,21.91,21.91,21.66,3385280
2023-06-30,21.9,21.82,21.93,21.74,3470896
2023-07-03,21.79,21.91,22.0,21.79,1603507
2023-07-05,22.0,21.85,22.0,21.775,2420997
2023-07-06,21.8,21.6,21.83,21.51,2023232
2023-07-07,21.65,21.89,21.94,21.65,3909951
2023-07-10,21.87,22.0,22.06,21.8,2728396
2023-07-11,22.03,22.11,22.17,21.97,4229105
2023-07-12,22.05,22.18,22.26,21.97,3118789
2023-07-13,22.14,22.13,22.27,22.04,2545088
2023-07-14,22.1,21.93,22.135,21.9,1505449
2023-07-17,21.88,22.0,22.07,21.8,2298889
2023-07-18,22.0,21.95,22.1,21.92,1974000
2023-07-19,21.93,22.0,22.035,21.91,1347226
2023-07-20,22.12,22.08,22.22,21.94,1805686
2023-07-21,22.17,22.01,22.17,21.96,1446193
2023-07-24,22.08,21.93,22.08,21.9,1738695
2023-07-25,22.08,21.66,22.08,21.18,3468623
2023-07-26,21.62,21.65,22.02,21.545,3710996
2023-07-27,21.65,21.44,21.69,21.37,2392078
2023-07-28,21.48,21.66,21.7,21.46,1485793
2023-07-31,21.69,21.73,21.825,21.67,2053674
2023-08-01,21.73,21.86,21.88,21.67,3230036
2023-08-02,21.75,21.71,21.86,21.7,2311310
2023-08-03,21.71,21.95,22.03,21.68,2297847
2023-08-04,21.95,21.75,22.03,21.74,1397301
2023-08-07,21.76,21.73,21.89,21.69,2146571
2023-08-08,21.77,21.69,21.77,21.56,2035520
2023-08-09,21.65,21.69,21.81,21.645,1087509
2023-08-10,21.74,21.79,21.84,21.71,970674
2023-08-11,21.83,21.67,21.93,21.65,1891601
2023-08-14,21.76,21.76,21.88,21.72,3106061
2023-08-15,21.76,21.85,21.92,21.76,2599160
2023-08-16,21.92,21.8,21.995,21.79,2164716
2023-08-17,21.82,21.75,22.08,21.72,2164494
2023-08-18,21.64,21.83,21.96,21.64,2106862
2023-08-21,21.85,21.67,21.875,21.47,2693658
2023-08-22,21.69,21.98,21.99,21.59,3560889
2023-08-23,21.91,22.16,22.21,21.9,4210345
2023-08-24,22.09,22.09,22.16,22.01,1637495
2023-08-25,22.16,22.08,22.16,21.855,1495711
2023-08-28,22.05,22.24,22.27,22.0366,3363646
2023-08-29,22.21,22.52,22.52,22.14,2347786
2023-08-30,22.58,22.47,22.71,22.42,2328803
2023-08-31,22.41,22.4,22.56,22.38,4525922
2023-09-01,22.45,22.46,22.54,22.37,2007863
2023-09-05,22.4,22.55,22.7,22.39,3546820
2023-09-06,22.82,23.04,23.19,22.8,12672026
2023-09-07,23.1,23.06,23.365,23.04,8551723
2023-09-08,23.56,23.63,23.88,23.5,12480746
2023-09-11,23.67,23.63,23.77,23.59,6731326
2023-09-12,23.7,23.69,23.75,23.615,4298018
2023-09-13,23.65,23.72,23.74,23.595,3500931
2023-09-14,23.72,23.5,23.77,23.48,4247263
2023-09-15,23.48,23.54,23.65,23.48,17073025
2023-09-18,23.52,23.43,23.62,23.41,2971108
2023-09-19,23.45,23.34,23.51,23.32,5558130
2023-09-20,23.27,23.38,23.53,23.27,4651075
2023-09-21,23.36,23.17,23.4,23.13,2475958
2023-09-22,23.31,23.21,23.38,23.21,4246584
2023-09-25,23.17,23.26,23.2867,23.15,1711619
2023-09-26,23.22,23.03,23.24,22.98,5607363
2023-09-27,23.01,22.82,23.01,22.81,6010566
2023-09-28,22.82,22.87,23.02,22.76,2893011
2023-09-29,22.87,22.75,22.96,22.47,4347598
2023-10-02,22.71,22.63,22.79,22.61,3790302
2023-10-03,22.56,22.7,22.75,22.56,2905732
2023-10-04,22.76,22.98,23.04,22.67,3036934
2023-10-05,22.97,22.82,23.03,22.79,2414078
2023-10-06,22.77,22.62,22.91,22.5109,3491610
2023-10-09,22.6,23.0,23.0,22.5517,4019539
2023-10-10,23.12,22.89,23.1325,22.86,2154407
2023-10-11,22.77,22.72,22.93,22.66,2266420
2023-10-12,22.7,22.73,22.83,22.67,1801338
2023-10-13,22.67,22.4,22.77,22.4,3265836
2023-10-16,22.69,22.5,22.73,22.445,3133537
2023-10-17,22.46,22.62,22.69,22.2,2933663
2023-10-18,22.55,22.55,22.69,22.49,2240789
2023-10-19,22.41,22.34,22.545,22.3,2976276
2023-10-20,22.51,22.27,22.51,22.2,1975060
2023-10-23,22.2,21.96,22.27,21.9,2573799
2023-10-24,22.0,21.77,22.02,21.75,3982082
2023-10-25,21.72,21.82,21.89,21.72,2233825
2023-10-26,21.86,21.8,21.88,21.67,1851377
2023-10-27,21.85,21.61,21.89,21.65,1847124
2023-10-30,21.62,21.72,21.775,21.62,1743556
2023-10-31,21.7,21.7,21.76,21.66,2008811
2023-11-01,21.75,21.76,21.83,21.63,2716344
2023-11-02,21.8,21.79,21.98,21.78,1867719
2023-11-03,21.86,21.95,21.99,21.84,1131120
2023-11-06,21.97,22.02,22.085,21.95,1413473
2023-11-07,21.98,21.9,22.12,21.88,799016
2023-11-08,21.85,21.39,21.9,21.36,2333144
2023-11-09,21.39,21.24,21.44,21.07,2226266
2023-11-10,21.31,21.18,21.415,21.16,1496170
2023-11-13,21.09,21.14,21.21,21.08,1906327
2023-11-14,21.21,21.38,21.47,21.18,1920495
2023-11-15,21.5,21.42,21.6,21.33,2283996
2023-11-16,21.34,20.97,21.375,20.94,2411783
2023-11-17,20.98,21.01,21.03,20.84,2614425
2023-11-20,21.05,20.96,21.055,20.905,1624093
2023-11-21,21.0,21.25,21.28,20.94,2498928
2023-11-22,21.3,21.4,21.47,21.265,1099750
2023-11-24,21.4,21.47,21.5975,21.4,1099093
2023-11-27,21.48,21.5,21.5899,21.34,1618732
2023-11-28,21.49,21.47,21.55,21.42,1299508
2023-11-29,21.53,21.3,21.555,21.265,1597398
2023-11-30,21.3,21.77,21.86,21.27,7522519
2023-12-01,21.81,21.98,21.99,21.695,3083454
2023-12-04,21.99,21.79,22.11,21.75,2722495
2023-12-05,21.91,21.79,21.91,21.745,1394115
2023-12-06,21.8,21.85,21.98,21.8,1189679
2023-12-07,21.96,22.04,22.18,21.88,2114676
2023-12-08,22.12,22.19,22.315,22.11,2348122
2023-12-11,22.22,22.35,22.36,22.13,3403919
2023-12-12,22.37,22.17,22.41,22.03,1434566
2023-12-13,22.37,22.43,22.54,22.1,3909091
2023-12-14,22.53,22.62,22.66,22.465,4387217
2023-12-15,22.75,22.66,22.92,22.58,6143862
2023-12-18,22.65,22.83,22.85,22.59,2552290
2023-12-19,22.84,22.62,22.88,22.34,7601518
2023-12-20,22.56,22.76,22.93,22.51,3705719
2023-12-21,22.79,22.79,22.85,22.65,2322651
2023-12-22,22.63,22.53,22.94,22.5,4507395
2023-12-26,22.52,22.73,22.98,22.4526,2342329
2023-12-27,22.69,22.76,22.8683,22.63,1621757
2023-12-28,22.7,22.99,23.0,22.69,2462151
2023-12-29,22.9,23.0,23.02,22.83,2616689
2024-01-02,22.9,22.83,23.0,22.6,7634968
2024-01-03,22.91,22.71,22.91,22.68,2147368
2024-01-04,22.73,22.54,22.88,22.48,4738307
2024-01-05,22.6,23.04,23.04,22.6,6391067
2024-01-08,23.01,22.99,23.065,22.76,3112860
2024-01-09,23.35,23.1,23.47,22.81,3722787
2024-01-10,23.15,23.05,23.15,22.96,2275230
2024-01-11,23.05,22.89,23.08,22.5,3263440
2024-01-12,22.96,22.71,22.96,22.635,2534961
2024-01-16,22.62,22.29,22.71,22.23,4180084
2024-01-17,22.26,22.01,22.42,21.945,2845993
2024-01-18,21.91,21.94,22.03,21.63,3574462
2024-01-19,21.9,22.0,22.015,21.715,4617506
2024-01-22,22.01,21.92,22.01,21.815,3287076
2024-01-23,21.97,21.8,21.97,21.75,2427568
2024-01-24,21.79,21.71,21.86,21.65,2221334
2024-01-25,21.77,21.81,21.85,21.75,1874619
2024-01-26,21.77,21.84,21.86,21.66,2205127
2024-01-29,21.84,21.7,21.92,21.56,2846289
2024-01-30,21.72,21.67,21.81,21.56,1489302
2024-01-31,21.62,21.22,21.665,21.065,6203608
2024-02-01,21.25,21.42,21.48,21.1,5143960
2024-02-02,21.4,21.35,21.475,21.29,2195090
2024-02-05,21.3,21.23,21.305,21.135,2563126
2024-02-06,21.11,21.24,21.315,21.1,3583170
2024-02-07,21.32,21.2,21.32,21.12,2664419
2024-02-08,21.16,21.35,21.44,21.16,3688643
2024-02-09,21.33,21.2,21.43,21.16,2244822
2024-02-12,21.25,21.27,21.39,21.25,2079040
2024-02-13,21.26,21.26,21.34,21.09,3380863
2024-02-14,21.27,21.21,21.385,21.145,2494976
2024-02-15,21.26,21.3,21.36,21.25,2158128
2024-02-16,21.3,21.58,21.62,21.275,6108280
2024-02-20,21.66,21.28,21.67,21.0,6612235
2024-02-21,21.25,21.24,21.36,21.13,1391164
2024-02-22,21.22,21.28,21.335,21.11,1831795
2024-02-23,21.34,21.44,21.505,21.27,3434814
2024-02-26,21.39,21.57,21.75,21.05,8845120
2024-02-27,21.55,20.8,21.55,20.61,8170710
2024-02-28,20.84,20.5,20.97,20.0,4386590
2024-02-29,20.41,20.28,20.52,20.21,7293120
2024-03-01,20.3,20.25,20.3,20.1,4411082
2024-03-04,20.21,20.12,20.29,20.11,3120015
2024-03-05,20.16,20.26,20.315,19.99,2867928
2024-03-06,20.3,20.45,20.52,20.25,4316134
2024-03-07,20.57,20.78,20.925,20.55,5978108
2024-03-08,20.81,20.86,20.93,20.61,2352090
2024-03-11,20.79,20.85,20.93,20.71,1517682
2024-03-12,20.85,20.94,20.965,20.62,1687070
2024-03-13,20.92,20.95,21.02,20.81,2712470
2024-03-14,20.99,20.62,20.99,20.5,3001739
2024-03-15,20.55,20.8,20.86,20.55,3463608
2024-03-18,20.73,20.82,20.985,20.7,1867496
2024-03-19,20.87,20.72,20.915,20.67,2577173
2024-03-20,20.7,20.99,20.99,20.675,2547845
2024-03-21,21.0,21.01,21.05,20.88,3137072
2024-03-22,21.01,20.9,21.03,20.86,2372084
2024-03-25,20.91,21.05,21.251,20.825,5257317
2024-03-26,21.09,21.33,21.435,21.07,4006914
2024-03-27,21.43,21.41,21.5,21.35,5810281
2024-03-28,21.46,21.44,21.46,21.33,3935009
2024-04-01,21.52,21.3,21.52,21.245,3429726
2024-04-02,21.22,21.09,21.29,21.03,2740538
2024-04-03,21.23,21.23,21.33,21.08,1444587
2024-04-04,21.3,21.13,21.4,21.03,1862198
2024-04-05,21.12,21.03,21.13,20.825,3122504
2024-04-08,21.07,20.96,21.1,20.85,5549158
2024-04-09,20.99,20.93,20.995,20.8425,1722503
2024-04-10,20.83,20.86,20.9,20.705,4105386
2024-04-11,20.89,20.67,20.91,20.59,2705503
2024-04-12,20.66,20.38,20.7,20.13,3621991
2024-04-15,20.44,20.24,20.465,20.15,2911821
2024-04-16,20.24,20.21,20.325,20.14,2187369
2024-04-17,20.22,20.44,20.5,20.215,1606908
2024-04-18,20.43,20.46,20.57,20.315,2074779
2024-04-19,20.46,20.35,20.47,20.31,1845766
2024-04-22,20.49,20.23,20.49,20.06,3578528
2024-04-23,20.39,20.32,20.42,20.16,3737222
2024-04-24,20.28,19.94,20.36,19.845,4130307
2024-04-25,19.98,19.91,20.12,19.855,3751646
2024-04-26,19.9,20.13,20.17,19.885,1553317
2024-04-29,20.13,20.37,20.38,20.02,1518926
2024-04-30,20.26,20.4,20.43,20.02,2138259
2024-05-01,20.24,20.58,20.6,20.24,2311914
2024-05-02,20.63,20.72,20.73,20.6,1649717
2024-05-03,20.67,20.57,20.69,20.505,1421457
2024-05-06,20.59,20.62,20.7,20.53,897837
2024-05-07,20.66,20.6,20.75,20.59,2554828
2024-05-08,20.56,20.74,20.78,20.42,2101677
2024-05-09,20.79,20.7,20.83,20.67,1531893
2024-05-10,20.7,20.74,20.775,20.65,841233
2024-05-13,20.74,20.69,20.89,20.68,1919640
2024-05-14,20.77,20.8,20.83,20.65,1566570
2024-05-15,20.78,20.81,20.85,20.595,912741
2024-05-16,20.86,20.9,20.97,20.76,2455880
2024-05-17,20.91,20.62,20.925,20.52,2497718
2024-05-20,20.64,20.64,20.699,20.46,1581826
2024-05-21,20.6,20.5,20.77,20.445,1733935
2024-05-22,20.52,20.61,20.62,20.515,1624868
2024-05-23,20.58,20.48,20.58,20.385,1642738
2024-05-24,20.53,20.37,20.54,20.33,1333840
2024-05-28,20.31,20.36,20.47,20.3,1553753
2024-05-29,20.31,20.36,20.44,20.24,3176643
2024-05-30,20.38,20.52,20.57,20.33,1656984
2024-05-31,20.47,20.64,20.65,20.43,4236680
2024-06-03,20.64,20.55,20.78,20.41,2210580
2024-06-04,20.55,20.37,20.56,20.25,2195117
2024-06-05,20.33,20.35,20.49,20.3,1818207
2024-06-06,20.41,20.28,20.5,20.28,1076000
2024-06-07,20.26,20.07,20.34,20.0,2024439
2024-06-10,20.08,20.04,20.1387,20.0,1536594
2024-06-11,20.0,20.31,20.31,19.96,1822414
2024-06-12,20.34,20.2,20.405,20.19,1520114
2024-06-13,20.26,20.16,20.26,20.0,1186939
2024-06-14,20.05,20.01,20.19,19.865,2802335
2024-06-17,19.99,20.07,20.07,19.93,2318672
2024-06-18,20.45,19.93,20.45,19.835,2528377
2024-06-20,20.02,19.76,20.02,19.74,2474768
2024-06-21,19.81,19.56,19.85,19.4711,3746477
2024-06-24,19.59,19.79,19.91,19.59,3618958
2024-06-25,19.74,19.87,19.87,19.68,2159561
2024-06-26,19.76,19.64,19.81,19.53,1676455
2024-06-27,19.6,19.74,19.76,19.49,2199900
2024-06-28,19.94,19.75,20.07,19.66,5431469
2024-07-01,19.64,19.89,19.97,19.64,1690364
2024-07-02,19.86,19.86,19.95,19.725,1651447
2024-07-03,19.86,19.88,19.95,19.795,1010664
2024-07-05,19.82,19.73,19.93,19.665,4343127
2024-07-08,19.88,19.61,19.95,19.6,1667449
2024-07-09,19.58,19.45,19.64,19.405,3683637
2024-07-10,19.58,19.34,19.62,19.33,3029100
2024-07-11,19.45,19.58,19.66,19.44,2666062
2024-07-12,19.65,19.5,19.69,19.49,2023265
2024-07-15,19.56,19.57,19.7265,19.5275,3351691
2024-07-16,19.6,19.76,19.77,19.39,2580250
2024-07-17,19.75,20.05,20.11,19.68,3565037
2024-07-18,19.98,19.83,20.05,19.79,3433114
2024-07-19,19.85,20.0,20.175,19.57,3150526
2024-07-22,19.99,19.94,20.04,19.75,2239809
2024-07-23,19.85,20.21,20.22,19.56,2882270
2024-07-24,20.22,20.19,20.29,20.13,2382228
2024-07-25,20.15,20.26,20.46,20.03,3605558
2024-07-26,20.26,20.45,20.55,20.08,2529420
2024-07-29,20.44,19.97,20.44,19.945,2260950
2024-07-30,19.95,19.7,20.0,19.7,3296210
2024-07-31,19.71,19.83,19.91,19.6644,2587609
2024-08-01,19.85,19.76,19.98,19.685,1607425
2024-08-02,19.75,19.96,20.0,19.48,3272455
2024-08-05,19.62,19.44,19.71,19.36,2958995
2024-08-06,19.58,19.53,19.665,19.47,2900509
2024-08-07,19.65,19.45,19.755,19.45,1960272
2024-08-08,19.54,19.57,19.72,19.49,2018910
2024-08-09,19.56,19.51,19.57,19.4,1775862
2024-08-12,19.6,19.25,19.6,19.25,1437735
2024-08-13,19.4,19.77,19.805,19.36,2949892
2024-08-14,19.8,20.26,20.32,19.8,3968191
2024-08-15,20.3,20.47,20.645,20.25,3921483
2024-08-16,20.48,20.86,20.91,20.33,3351557
2024-08-19,20.86,20.92,20.975,20.76,3301108
2024-08-20,20.84,20.75,20.925,20.7,2123077
2024-08-21,20.9,20.29,20.9,20.17,2689906
2024-08-22,20.38,20.75,20.775,20.3,2243582
2024-08-23,20.98,20.93,21.01,20.67,3235784
2024-08-26,20.94,20.84,20.95,20.77,3077075
2024-08-27,20.85,20.63,20.86,20.45,2310627
2024-08-28,20.62,20.24,20.625,20.18,1553524
2024-08-29,20.24,20.12,20.33,20.03,2074851
2024-08-30,20.06,19.62,20.06,19.34,6488857
2024-09-03,19.6,19.36,19.63,19.275,3679348
2024-09-04,19.33,19.27,19.7,19.13,3467044
2024-09-05,19.33,19.01,19.53,18.68,6866411
2024-09-06,19.08,18.47,19.16,18.45,6732090
2024-09-09,18.44,17.94,18.48,17.9,6314505
2024-09-10,18.0,18.06,18.07,17.795,4226509
2024-09-11,18.1,18.53,18.56,18.07,4142647
2024-09-12,18.55,19.0,19.04,18.54,5320614
2024-09-13,19.1,19.06,19.16,18.99,2611170
2024-09-16,19.11,18.86,19.2,18.86,2766457
2024-09-17,18.92,18.54,18.95,18.25,3462897
2024-09-18,18.55,18.52,18.76,18.51,3177233
2024-09-19,18.6,18.56,18.61,18.35,4591203
2024-09-20,18.51,18.67,18.73,18.415,4229290
2024-09-23,18.59,18.53,18.6,18.4325,4348839
2024-09-24,18.64,18.52,18.73,18.49,2650025
2024-09-25,18.5,18.43,18.515,18.3,2613923
2024-09-26,18.49,18.5,18.56,18.4,3113468
2024-09-27,18.5,18.49,18.525,18.37,2841633
2024-09-30,18.53,18.48,18.64,18.405,4003101
2024-10-01,18.4,18.56,18.57,18.4,2790305
2024-10-02,18.65,18.56,18.67,18.39,4883096
2024-10-03,18.47,18.5,18.56,18.355,4577705
2024-10-04,18.61,18.58,18.71,18.5,2129663
2024-10-07,18.6,18.25,18.6,18.23,2676112
2024-10-08,18.16,18.25,18.315,18.15,1735913
2024-10-09,18.2,18.44,18.46,18.16,1526668
2024-10-10,18.45,18.3,18.505,18.24,3102306
2024-10-11,18.31,18.37,18.41,18.235,2551960
2024-10-14,18.39,18.26,18.39,18.2,3012273
2024-10-15,18.47,18.45,18.585,18.195,3457137
2024-10-16,18.3,18.31,18.52,18.265,2616724
2024-10-17,18.3,18.43,18.5,18.16,2987845
2024-10-18,18.88,19.0,19.04,18.42,5422170
2024-10-21,19.05,18.74,19.1,18.72,5215288
2024-10-22,18.78,18.54,18.78,18.47,3950528
2024-10-23,18.5,18.94,18.94,18.42,2402134
2024-10-24,19.0,18.77,19.05,18.77,1845778
2024-10-25,18.8,18.29,18.805,18.385,2903786
2024-10-28,18.45,18.34,18.45,18.335,2299052
2024-10-29,18.33,18.01,18.405,17.89,5549710
2024-10-30,18.1,18.23,18.255,17.99,3460769
2024-10-31,18.22,18.1,18.295,18.09,1680805
2024-11-01,18.38,18.66,18.68,18.17,4272124
2024-11-04,18.52,18.45,18.8,18.33,2195149
2024-11-05,18.46,18.55,18.75,18.39,2019727
2024-11-06,19.1,18.85,19.175,18.79,5217508
2024-11-07,18.82,19.34,19.44,18.82,4370016
2024-11-08,19.29,19.26,19.35,19.025,4412100
2024-11-11,19.26,19.36,19.52,19.11,3049308
2024-11-12,19.25,19.52,19.585,19.1,2661463
2024-11-13,19.52,19.1,19.52,19.06,2058342
2024-11-14,19.24,19.1,19.43,19.04,2255366
2024-11-15,19.08,18.88,19.15,18.855,2230395
2024-11-18,18.99,19.01,19.15,18.93,3729852
2024-11-19,18.95,19.27,19.44,18.88,2286015
2024-11-20,19.19,19.12,19.33,19.08,1912211
2024-11-21,19.12,19.06,19.165,18.96,1683089
2024-11-22,19.08,19.37,19.46,19.08,1370528
2024-11-25,19.3,19.38,19.63,19.29,2811479
2024-11-26,19.33,19.54,19.68,19.28,3124818
2024-11-27,19.68,19.62,19.7,19.495,2160393
2024-11-29,19.74,19.85,19.865,19.57,1805109
2024-12-02,19.71,19.45,19.79,19.43,2703334
2024-12-03,19.51,19.34,19.55,19.22,2376505
2024-12-04,19.28,19.31,19.535,19.12,1686898
2024-12-05,19.18,19.14,19.35,19.01,1780427
2024-12-06,19.23,19.14,19.32,19.05,1737418
2024-12-09,19.17,18.94,19.2,18.88,1857868
2024-12-10,18.99,18.51,19.36,17.0,15812788
2024-12-11,19.2,18.23,19.25,18.21,27121862
2024-12-12,18.37,19.12,19.235,18.085,18194976
2024-12-13,19.05,19.5,19.56,18.885,10440304
2024-12-16,19.39,19.85,19.88,19.14,8410547
2024-12-17,20.0,19.32,20.08,18.95,8205829
2024-12-18,19.12,18.95,19.24,18.93,6984948
2024-12-19,18.87,19.41,19.495,18.75,8163738
2024-12-20,19.36,19.52,19.6,19.255,9898704
2024-12-23,19.46,19.63,19.63,19.14,3465365
2024-12-24,19.64,19.63,19.64,19.415,1722329
2024-12-26,19.57,19.83,19.83,19.41,3850130
2024-12-27,19.59,19.92,19.92,19.59,4383528
2024-12-30,19.85,19.62,19.95,19.42,5292956
2024-12-31,19.58,19.64,19.83,19.55,3859509
2025-01-02,19.7,19.66,19.86,19.5,5374821
2025-01-03,19.61,19.8,19.855,19.57,5697332
2025-01-06,19.8,19.6,19.86,19.46,5749817
2025-01-07,19.74,19.72,19.75,19.415,9503081
2025-01-08,20.0,19.88,20.005,19.58,9867150
2025-01-10,19.87,19.95,20.03,19.71,7153264
2025-01-13,20.1,20.66,20.69,19.98,9318370
2025-01-14,20.66,20.73,20.92,20.45,6551581
2025-01-15,20.71,20.42,20.74,20.05,7106561
2025-01-16,20.36,20.2,20.475,20.14,5637512
2025-01-17,20.17,19.64,20.3,19.6,7506470
2025-01-21,20.13,19.7,20.13,19.45,4709248
2025-01-22,19.65,19.62,19.715,19.505,3446653
2025-01-23,19.56,19.63,19.825,19.56,4231886
2025-01-24,19.71,19.91,19.92,19.595,7597855
2025-01-27,20.06,19.8,20.19,19.735,4559245
2025-01-28,19.88,19.84,19.94,19.62,3519044
2025-01-29,19.83,20.02,20.055,19.8,2976847
2025-01-30,20.0,20.05,20.17,19.94,4589276
2025-01-31,20.04,20.05,20.255,20.01,3458685
2025-02-03,19.78,19.58,20.08,19.53,7245755
2025-02-04,19.71,20.25,20.3,19.625,6406798
2025-02-05,20.25,20.4,20.445,20.17,3942489
2025-02-06,20.49,20.63,20.7,20.35,5277974
2025-02-07,20.6,20.89,20.95,20.45,4006402
2025-02-10,20.95,21.21,21.22,20.771,3655688
2025-02-11,21.14,21.29,21.3,20.9,3590528
2025-02-12,21.12,21.56,21.58,21.1,6408246
2025-02-13,21.56,21.34,21.67,21.33,3937453
2025-02-14,21.36,20.83,21.395,20.69,3613591
2025-02-18,20.71,20.64,20.75,20.52,4122294
2025-02-19,20.62,20.53,20.705,20.43,2547994
2025-02-20,20.37,20.56,20.62,20.24,4038254
2025-02-21,20.45,20.55,20.71,20.265,7541382
2025-02-24,20.6,20.43,20.64,20.35,3335489
2025-02-25,20.49,20.65,20.775,20.35,3862960
2025-02-26,20.62,20.69,21.07,20.555,4432869
2025-02-27,20.76,20.82,21.025,20.65,3221456
2025-02-28,20.9,21.04,21.08,20.785,4702009
2025-03-03,20.87,20.69,21.07,20.44,4636082
2025-03-04,20.35,19.76,20.53,19.585,7744516
2025-03-05,20.5,20.8,20.88,20.37,12468282
2025-03-06,20.81,20.97,21.205,20.765,11142826
2025-03-07,20.87,21.46,21.505,20.86,11258489
2025-03-10,21.35,21.15,21.45,20.64,58771113
2025-03-11,21.0,21.46,21.605,20.98,7444082
2025-03-12,21.47,20.85,21.47,20.69,6767678
2025-03-13,20.91,21.19,21.28,20.78,5646733
2025-03-14,21.1,21.08,21.34,20.99,4160846
2025-03-17,21.08,21.93,22.035,21.08,7066675
2025-03-18,22.0,22.02,22.04,21.765,5592135
2025-03-19,22.05,21.63,22.05,21.51,4688093
2025-03-20,21.5,21.27,21.625,21.235,3978013
2025-03-21,21.19,21.14,21.315,20.98,7920489
2025-03-24,21.15,20.8,21.25,20.75,4290249
2025-03-25,20.89,20.81,20.99,20.68,4300018
2025-03-26,20.7,21.16,21.215,20.66,3994726
2025-03-27,21.21,21.17,21.275,21.06,3286048
2025-03-28,21.18,21.62,21.665,21.105,4142781
2025-03-31,21.62,21.99,22.045,21.6,7511914
2025-04-01,22.0,22.39,22.4,21.8,5353872
2025-04-02,22.4,22.43,22.59,22.285,4080880
2025-04-03,22.33,22.91,23.2,22.33,7863855
2025-04-04,22.34,21.97,22.9,21.78,6566539
2025-04-07,21.39,21.33,21.9,20.88,7556276
2025-04-08,21.72,20.94,21.87,20.83,4888869
2025-04-09,20.79,21.3,21.88,20.72,6259755
2025-04-10,21.24,21.36,21.68,20.97,5051831
2025-04-11,21.41,21.19,21.45,20.95,5069172
