2021-04-16,26.0,26.05,28.9559,24.0,3803998
2021-04-19,24.6,22.97,25.225,22.6,578316
2021-04-20,22.31,23.12,24.44,22.16,234178
2021-04-21,23.57,23.97,24.67,22.65,229774
2021-04-22,23.3,22.95,23.78,22.65,86251
2021-04-23,23.08,22.35,23.39,22.15,133304
2021-04-26,22.35,22.62,23.07,21.91,156727
2021-04-27,22.44,22.0,22.76,21.83,110538
2021-04-28,21.82,22.8,22.8,21.82,174642
2021-04-29,22.44,22.49,23.1,22.21,76131
2021-04-30,22.26,22.44,22.94,21.84,114539
2021-05-03,22.36,22.21,22.9,22.0,83535
2021-05-04,21.85,21.04,22.2,20.06,144574
2021-05-05,21.49,20.99,21.82,20.746,63350
2021-05-06,20.99,19.28,21.15,18.5496,85353
2021-05-07,19.15,19.75,20.12,18.52,45876
2021-05-10,20.04,19.13,20.72,18.5001,67495
2021-05-11,18.39,17.89,18.5,17.13,343527
2021-05-12,17.89,19.09,19.16,16.83,619442
2021-05-13,19.2,20.12,21.03,17.17,358999
2021-05-14,19.89,20.4,21.68,18.68,324542
2021-05-17,20.71,20.17,21.927,19.875,110894
2021-05-18,20.01,19.73,21.74,18.8897,101144
2021-05-19,19.0,20.64,21.53,19.0,65552
2021-05-20,20.94,21.61,22.8248,20.13,32602
2021-05-21,21.63,21.95,23.4426,21.54,46143
2021-05-24,22.08,21.99,22.12,20.8101,47641
2021-05-25,22.15,21.84,22.15,21.5,36753
2021-05-26,21.66,20.94,21.88,20.68,52917
2021-05-27,21.09,20.71,21.8409,20.54,48033
2021-05-28,20.71,20.82,22.0,20.35,153222
2021-06-01,20.41,20.36,21.125,20.095,63387
2021-06-02,20.67,20.52,21.105,20.11,112226
2021-06-03,19.875,19.9,21.37,19.875,87740
2021-06-04,20.17,20.27,20.7,20.04,47771
2021-06-07,20.39,19.95,21.045,19.47,176406
2021-06-08,19.94,20.09,20.59,19.57,58161
2021-06-09,20.02,20.31,20.7,19.92,44038
2021-06-10,20.68,19.8,20.68,19.7,74506
2021-06-11,19.75,19.94,20.15,19.46,57421
2021-06-14,20.16,19.53,20.5,19.42,117634
2021-06-15,19.53,19.18,19.61,18.77,93720
2021-06-16,19.12,19.55,20.05,18.25,428280
2021-06-17,19.72,19.44,20.45,19.22,172896
2021-06-18,19.45,19.2,20.55,18.9,451703
2021-06-21,19.21,19.82,20.4,19.01,138622
2021-06-22,19.71,18.66,20.01,18.66,79102
2021-06-23,18.81,18.26,18.9,18.01,52504
2021-06-24,18.1,18.06,18.825,18.03,140536
2021-06-25,18.44,18.85,19.97,18.16,998497
2021-06-28,18.85,19.0,19.62,18.62,133137
2021-06-29,19.1,20.28,20.49,18.89,110016
2021-06-30,20.36,19.34,20.37,18.51,206185
2021-07-01,19.32,19.0,20.2,18.685,85852
2021-07-02,19.02,18.46,19.29,18.25,149248
2021-07-06,18.54,18.66,18.71,18.31,46271
2021-07-07,18.89,18.18,18.99,17.85,54190
2021-07-08,18.14,18.43,18.43,17.66,133926
2021-07-09,18.48,19.33,19.63,18.48,60316
2021-07-12,19.62,20.41,21.84,19.35,233178
2021-07-13,20.09,17.02,21.06,16.97,329947
2021-07-14,17.15,17.64,17.78,17.0561,115205
2021-07-15,17.64,17.6,17.92,17.22,68649
2021-07-16,17.81,17.7,18.07,17.43,371549
2021-07-19,17.26,17.36,17.69,17.22,73808
2021-07-20,17.56,17.43,17.96,17.23,146330
2021-07-21,17.37,17.34,17.595,17.125,245681
2021-07-22,17.46,16.66,18.3334,16.52,88401
2021-07-23,16.8006,16.38,16.9,15.88,88352
2021-07-26,16.57,16.96,16.98,16.03,108609
2021-07-27,16.74,17.25,17.535,16.45,82361
2021-07-28,17.2,17.35,17.8,16.85,59166
2021-07-29,17.45,17.6,18.14,17.43,55555
2021-07-30,17.75,17.34,17.75,16.915,47757
2021-08-02,17.43,16.58,17.49,16.41,252352
2021-08-03,16.59,16.57,17.495,15.97,64176
2021-08-04,16.5,17.2,17.74,16.385,347099
2021-08-05,17.39,17.34,17.57,17.02,29706
2021-08-06,17.53,17.29,17.6355,17.1,119875
2021-08-09,17.51,17.9,18.03,17.23,152722
2021-08-10,18.08,17.99,18.4894,16.3814,190004
2021-08-11,18.24,17.89,18.36,17.45,383077
2021-08-12,17.725,17.06,17.945,16.79,94271
2021-08-13,17.13,15.48,17.735,15.28,222799
2021-08-16,15.62,14.72,15.72,14.6501,68589
2021-08-17,14.68,15.1,15.39,14.13,57795
2021-08-18,15.11,14.77,15.11,14.67,29321
2021-08-19,14.21,14.69,15.3,14.21,40563
2021-08-20,14.53,15.84,16.06,14.35,79414
2021-08-23,15.84,16.33,16.4,15.74,55916
2021-08-24,16.7851,17.05,17.21,15.78,84190
2021-08-25,16.89,17.06,17.33,16.7,44904
2021-08-26,17.38,16.47,17.47,16.34,27772
2021-08-27,16.57,16.57,16.88,16.41,26385
2021-08-30,16.71,16.59,16.88,16.2,19590
2021-08-31,16.52,15.97,17.04,15.84,25622
2021-09-01,15.92,15.46,15.92,15.22,36458
2021-09-02,15.46,16.16,16.46,15.24,42088
2021-09-03,16.14,15.68,16.14,15.59,32049
2021-09-07,15.76,14.38,15.76,14.11,41422
2021-09-08,14.67,15.13,15.14,14.31,86231
2021-09-09,14.98,14.29,15.03,14.25,21671
2021-09-10,14.3,14.29,15.0,13.9501,54726
2021-09-13,14.23,14.61,16.22,14.23,95341
2021-09-14,14.53,14.38,15.105,14.05,253799
2021-09-15,14.53,16.6,16.88,14.4,93101
2021-09-16,16.51,18.1,18.24,15.3901,157193
2021-09-17,17.9,21.0,21.2077,17.27,374285
2021-09-20,20.52,19.28,20.58,18.84,178819
2021-09-21,19.25,17.08,19.355,17.03,206500
2021-09-22,17.08,17.89,18.43,17.08,50051
2021-09-23,17.98,17.21,18.51,16.13,89512
2021-09-24,16.96,15.72,17.0,15.38,76889
2021-09-27,15.65,15.21,16.2068,15.19,27931
2021-09-28,15.0,14.02,15.0532,13.77,51122
2021-09-29,14.08,13.04,14.345,12.69,53572
2021-09-30,13.02,13.96,14.3492,13.02,116468
2021-10-01,14.02,14.04,14.37,13.2301,77426
2021-10-04,14.02,13.98,14.995,12.89,86993
2021-10-05,14.2,13.17,14.68,13.17,133410
2021-10-06,13.14,12.2,13.7,12.12,206661
2021-10-07,12.34,13.22,13.32,12.34,37205
2021-10-08,13.31,12.89,13.5,12.56,69393
2021-10-11,12.77,12.79,13.2639,12.59,69928
2021-10-12,12.72,12.24,13.145,12.07,42919
2021-10-13,12.39,13.28,13.335,12.39,77035
2021-10-14,13.29,12.84,13.7614,12.66,30145
2021-10-15,13.07,12.7,13.31,12.29,103918
2021-10-18,12.71,12.98,13.14,12.52,108662
2021-10-19,13.75,13.82,13.9,12.675,250296
2021-10-20,13.82,13.18,13.9,12.86,85442
2021-10-21,13.08,12.65,13.4222,12.51,53345
2021-10-22,12.65,12.56,12.89,12.335,97108
2021-10-25,12.65,12.76,12.92,12.55,106559
2021-10-26,12.9,12.66,13.1206,12.4,391784
2021-10-27,12.75,12.94,13.42,12.615,138655
2021-10-28,13.1,13.26,13.39,13.03,73960
2021-10-29,13.11,13.25,13.395,12.85,95553
2021-11-01,13.19,13.31,13.395,12.83,92342
2021-11-02,13.45,12.97,13.45,12.67,77497
2021-11-03,13.06,13.16,13.31,12.74,176150
2021-11-04,13.13,13.29,13.42,12.73,102385
2021-11-05,13.35,13.31,13.35,12.79,76130
2021-11-08,13.3,12.91,13.3,12.88,59004
2021-11-09,12.69,13.33,13.41,11.855,233205
2021-11-10,13.14,13.1,13.5,12.75,145063
2021-11-11,13.25,13.33,13.535,12.71,115555
2021-11-12,13.4,13.34,13.5,12.83,122549
2021-11-15,13.4,13.07,13.43,12.72,513788
2021-11-16,13.07,13.43,13.485,13.0,597407
2021-11-17,13.48,13.49,13.71,13.23,151274
2021-11-18,13.24,11.37,13.65,11.12,388914
2021-11-19,13.16,12.89,13.2289,11.9701,309621
2021-11-22,12.94,13.07,13.24,11.95,319009
2021-11-23,13.3,13.09,13.48,12.46,238369
2021-11-24,12.89,13.17,13.33,12.67,150091
2021-11-26,12.88,12.2,13.18,12.12,120814
2021-11-29,12.44,12.61,12.8,12.2841,192029
2021-11-30,12.44,12.98,13.17,12.44,148085
2021-12-01,13.16,13.14,13.73,13.04,155395
2021-12-02,13.07,12.61,13.35,12.01,104235
2021-12-03,12.66,12.41,12.66,11.7,119667
2021-12-06,12.115,12.74,12.98,12.115,104346
2021-12-07,12.97,13.74,13.74,12.56,708810
2021-12-08,13.85,13.7,14.03,13.005,379794
2021-12-09,13.79,12.66,13.835,12.52,202021
2021-12-10,12.64,12.8,12.85,12.35,353891
2021-12-13,12.84,12.5,12.92,12.38,128620
2021-12-14,12.25,12.45,12.56,11.885,142264
2021-12-15,12.48,13.04,13.375,12.17,285165
2021-12-16,13.08,12.65,13.17,12.46,223628
2021-12-17,12.66,12.38,12.82,11.82,1143834
2021-12-20,12.11,13.17,13.3,12.11,295358
2021-12-21,13.27,12.97,13.61,12.38,330867
2021-12-22,12.92,13.4,13.44,12.65,449582
2021-12-23,13.275,13.84,14.27,13.1,257004
2021-12-27,13.93,13.25,13.93,12.84,123433
2021-12-28,13.28,13.65,13.8,13.0,173013
2021-12-29,13.51,13.47,13.61,12.66,399219
2021-12-30,13.89,14.65,14.66,13.25,175850
2021-12-31,14.5,15.31,15.45,14.45,229182
2022-01-03,15.31,14.97,15.86,14.5,106170
2022-01-04,14.93,14.15,14.93,13.93,98704
2022-01-05,14.15,12.93,14.79,12.79,115232
2022-01-06,13.3,13.1,13.3,12.425,83643
2022-01-07,12.645,12.78,13.18,12.53,54461
2022-01-10,13.05,13.16,13.46,12.3,120270
2022-01-11,12.97,12.67,13.17,12.53,54188
2022-01-12,12.72,12.8,12.93,12.48,294342
2022-01-13,12.86,11.98,13.08,11.87,71788
2022-01-14,11.81,12.41,12.54,11.76,79021
2022-01-18,11.79,11.52,12.2,11.265,311824
2022-01-19,11.835,11.84,12.18,11.53,84942
2022-01-20,11.93,11.74,12.32,11.63,78653
2022-01-21,11.53,11.5,12.115,11.2632,72336
2022-01-24,11.22,11.6,11.8,10.66,83295
2022-01-25,11.7,11.01,11.7,10.43,59398
2022-01-26,11.2,10.22,11.305,10.06,79531
2022-01-27,10.33,9.99,10.75,9.93,85830
2022-01-28,10.22,10.45,10.49,9.58,61605
2022-01-31,10.52,11.36,11.54,10.3,48029
2022-02-01,11.48,11.86,11.98,11.11,53091
2022-02-02,11.79,11.26,11.79,11.06,52717
2022-02-03,11.09,10.93,11.34,10.68,56090
2022-02-04,10.9,11.46,11.65,10.755,61062
2022-02-07,11.52,11.85,12.67,10.8592,42281
2022-02-08,11.86,12.03,12.13,11.57,50587
2022-02-09,12.19,12.51,12.88,12.02,45607
2022-02-10,12.18,12.73,13.0,11.98,74299
2022-02-11,12.9,12.16,12.9,11.7263,28747
2022-02-14,12.07,12.0,12.44,11.695,43839
2022-02-15,12.12,11.98,12.245,11.69,40763
2022-02-16,11.93,12.38,12.4,11.58,40258
2022-02-17,12.21,11.81,12.4,11.325,83415
2022-02-18,11.71,11.5,12.1527,11.01,102077
2022-02-22,11.4,10.55,11.4,10.21,63804
2022-02-23,10.35,9.97,10.35,9.89,34635
2022-02-24,9.71,10.85,10.9,9.71,42636
2022-02-25,10.96,11.76,11.77,10.59,43042
2022-02-28,11.31,11.08,11.995,10.87,32079
2022-03-01,11.21,10.84,11.57,10.6,54974
2022-03-02,10.4,10.57,10.8899,10.2719,22533
2022-03-03,10.73,10.37,10.73,9.985,28800
2022-03-04,10.12,10.06,10.53,9.67,36611
2022-03-07,10.08,10.0,10.13,9.53,48832
2022-03-08,9.67,9.99,10.6197,9.66,34498
2022-03-09,10.2,10.64,10.955,10.2,15054
2022-03-10,10.49,10.56,10.97,9.93,46374
2022-03-11,10.79,9.84,10.79,9.62,15435
2022-03-14,10.13,10.74,10.94,9.56,89368
2022-03-15,10.31,11.19,11.39,9.66,66736
2022-03-16,11.73,12.79,12.82,10.872,55909
2022-03-17,11.89,12.79,13.0,11.86,85466
2022-03-18,12.8,12.79,13.0,12.15,154001
2022-03-21,12.16,11.73,13.15,11.56,86276
2022-03-22,11.74,12.84,12.87,11.23,76303
2022-03-23,13.19,11.88,13.19,11.8171,33865
2022-03-24,12.04,11.38,12.04,11.23,23524
2022-03-25,11.43,11.02,11.43,10.8852,23443
2022-03-28,11.14,10.96,11.3,10.67,21329
2022-03-29,10.95,11.35,11.75,10.95,36689
2022-03-30,11.29,10.85,11.54,10.74,39559
2022-03-31,10.91,10.99,11.2,10.82,20589
2022-04-01,11.08,10.84,11.28,10.7,36515
2022-04-04,10.99,10.77,11.0,10.65,24147
2022-04-05,10.68,10.31,10.88,10.15,28019
2022-04-06,10.47,9.96,10.47,9.77,30699
2022-04-07,10.06,10.07,10.55,9.85,17097
2022-04-08,10.12,10.51,11.12,9.715,80558
2022-04-11,10.8,10.85,11.76,10.75,153387
2022-04-12,10.81,10.48,11.3,10.2,93779
2022-04-13,10.6,11.26,11.7314,10.5001,64408
2022-04-14,11.63,11.24,11.935,11.0,54690
2022-04-18,11.15,11.24,11.73,11.01,85410
2022-04-19,11.1,11.04,11.76,10.915,35310
2022-04-20,11.2,10.86,11.2,10.53,31848
2022-04-21,11.17,10.74,11.17,10.56,52240
2022-04-22,10.82,10.2,10.82,10.01,35203
2022-04-25,10.23,9.82,10.29,9.51,59941
2022-04-26,9.83,9.39,9.89,9.07,58464
2022-04-27,9.44,9.18,9.57,8.8566,44015
2022-04-28,9.22,9.42,9.55,8.54,54196
2022-04-29,9.37,9.41,10.32,9.37,44389
2022-05-02,9.34,10.34,10.45,9.08,77142
2022-05-03,10.34,10.8,11.42,10.27,87526
2022-05-04,11.0,11.04,11.24,10.2,69697
2022-05-05,10.8,10.15,11.34,9.81,70597
2022-05-06,9.87,9.73,10.68,9.62,53589
2022-05-09,9.7,8.38,9.7,8.02,171823
2022-05-10,8.73,9.69,9.8,8.02,104367
2022-05-11,9.52,9.48,10.28,9.14,136999
2022-05-12,9.31,9.4,9.49,8.99,71488
2022-05-13,9.55,9.93,10.19,9.41,52511
2022-05-16,9.83,8.93,9.83,8.8,43742
2022-05-17,9.21,9.03,9.21,8.42,68895
2022-05-18,8.78,8.88,9.05,8.51,73973
2022-05-19,8.86,9.47,9.69,8.82,78506
2022-05-20,9.57,9.95,10.03,9.35,63965
2022-05-23,9.99,10.36,10.43,9.83,73026
2022-05-24,10.11,9.92,10.2437,9.68,48502
2022-05-25,9.81,9.99,10.28,9.81,51478
2022-05-26,9.97,10.2,10.33,9.91,42169
2022-05-27,10.55,11.32,11.6675,10.55,67737
2022-05-31,11.26,11.65,11.66,10.86,344658
2022-06-01,11.65,11.24,12.22,11.03,88543
2022-06-02,11.14,11.86,12.22,10.82,42482
2022-06-03,11.55,11.23,11.59,10.54,71167
2022-06-06,11.63,10.65,11.63,10.36,65874
2022-06-07,10.68,10.54,10.855,9.915,48718
2022-06-08,10.47,10.74,11.135,10.39,53883
2022-06-09,10.39,10.24,10.6563,10.075,38850
2022-06-10,10.05,10.11,10.4352,9.56,96598
2022-06-13,9.75,9.27,9.795,9.05,97001
2022-06-14,9.45,10.09,10.22,9.26,101048
2022-06-15,10.15,10.42,10.76,10.05,89668
2022-06-16,10.12,9.76,10.295,9.45,100072
2022-06-17,9.97,9.35,10.29,9.32,515349
2022-06-21,9.63,9.29,10.67,9.18,113059
2022-06-22,9.36,9.67,10.705,9.2956,147988
2022-06-23,9.83,10.53,10.71,9.6,93112
2022-06-24,10.51,11.19,11.45,10.51,298683
2022-06-27,11.1,12.04,12.08,10.96,119862
2022-06-28,12.16,12.57,12.74,11.945,156335
2022-06-29,12.48,12.82,12.98,12.3,75047
2022-06-30,12.48,12.85,12.98,12.07,54971
2022-07-01,12.79,13.2,13.38,12.51,119796
2022-07-05,12.95,13.1,13.445,12.83,216752
2022-07-06,13.04,14.0,14.09,13.04,195906
2022-07-07,14.16,14.09,14.56,12.99,333206
2022-07-08,14.0,14.03,14.3,13.52,385082
2022-07-11,13.76,13.58,13.88,13.48,208642
2022-07-12,13.5,14.17,14.32,12.94,211675
2022-07-13,13.79,13.11,14.31,13.01,179580
2022-07-14,12.91,13.82,14.03,12.5,116260
2022-07-15,14.07,13.35,14.07,12.87,151326
2022-07-18,13.51,13.02,13.51,12.1915,221819
2022-07-19,13.32,13.63,13.93,12.67,457206
2022-07-20,13.78,13.95,14.93,13.62,129004
2022-07-21,13.92,13.95,14.3,13.855,234634
2022-07-22,13.83,13.58,13.97,13.435,110503
2022-07-25,13.62,13.38,13.62,13.13,90717
2022-07-26,13.53,13.69,13.88,12.98,45660
2022-07-27,13.99,13.55,13.99,12.8,85642
2022-07-28,13.5,14.21,14.27,13.25,61651
2022-07-29,14.12,14.08,14.36,13.61,68587
2022-08-01,14.07,13.91,14.46,13.59,100143
2022-08-02,13.75,14.47,14.5,13.36,82929
2022-08-03,14.5,14.56,14.87,13.82,141230
2022-08-04,14.53,14.88,14.94,14.21,89954
2022-08-05,14.58,14.76,15.0,14.06,101134
2022-08-08,14.99,15.02,15.5,14.36,146406
2022-08-09,15.5,15.5,16.57,15.03,225766
2022-08-10,15.73,15.76,16.15,15.16,128896
2022-08-11,15.7,15.28,16.02,14.87,119500
2022-08-12,15.25,15.65,15.99,15.08,59299
2022-08-15,15.48,15.49,15.7,14.94,71972
2022-08-16,15.55,13.99,15.67,13.73,86541
2022-08-17,13.69,13.34,13.92,13.14,108206
2022-08-18,13.56,13.29,14.07,12.9,128369
2022-08-19,13.01,12.48,13.04,12.4,91084
2022-08-22,12.33,12.22,12.45,11.92,75856
2022-08-23,12.26,12.65,12.73,12.08,95232
2022-08-24,12.56,13.24,13.34,12.37,195033
2022-08-25,13.27,13.92,14.08,13.03,130690
2022-08-26,13.87,13.93,14.11,13.34,352548
2022-08-29,13.76,11.63,13.82,11.58,111328
2022-08-30,11.61,11.21,11.61,10.82,120392
2022-08-31,11.21,11.4,11.76,11.21,49379
2022-09-01,11.38,11.84,11.86,11.13,72780
2022-09-02,11.93,12.08,12.28,11.665,102625
2022-09-06,12.19,12.75,12.965,12.11,186162
2022-09-07,12.75,12.71,13.0,12.1128,97258
2022-09-08,12.52,12.71,12.88,12.38,59168
2022-09-09,12.8,13.25,13.805,12.76,1435928
2022-09-12,13.52,13.02,13.52,12.83,128242
2022-09-13,12.7,12.64,12.78,12.28,158755
2022-09-14,12.39,12.77,13.3,12.39,210319
2022-09-15,12.81,12.86,13.11,12.65,166122
2022-09-16,12.62,11.95,12.85,11.58,679465
2022-09-19,11.83,11.89,11.98,11.3,344070
2022-09-20,11.69,11.48,12.7999,11.28,145952
2022-09-21,11.47,11.46,11.91,11.06,128548
2022-09-22,11.35,11.29,11.53,11.07,90284
2022-09-23,11.12,10.91,11.645,10.62,119028
2022-09-26,10.83,10.63,11.244,10.59,70642
2022-09-27,10.76,10.98,11.2,10.76,65852
2022-09-28,10.91,11.36,11.51,10.91,390648
2022-09-29,11.26,10.71,11.26,10.64,51283
2022-09-30,10.84,11.75,12.34,10.51,300281
2022-10-03,11.85,11.91,12.09,11.37,96412
2022-10-04,12.18,12.69,12.72,11.89,82751
2022-10-05,12.55,12.67,12.72,12.13,66184
2022-10-06,13.06,12.68,13.06,12.62,74466
2022-10-07,12.55,11.81,12.685,11.72,50278
2022-10-10,11.77,11.49,12.05,11.315,52209
2022-10-11,11.45,11.57,11.82,10.93,82439
2022-10-12,11.61,11.62,11.86,11.3,44444
2022-10-13,11.25,11.96,11.97,11.02,92691
2022-10-14,12.04,11.68,12.175,11.56,53528
2022-10-17,11.94,12.61,12.635,11.93,76924
2022-10-18,12.89,12.68,13.0,12.6,66180
2022-10-19,12.52,12.54,12.69,12.05,110118
2022-10-20,12.5,12.57,12.99,12.31,105536
2022-10-21,12.66,12.97,13.04,11.71,68508
2022-10-24,12.84,12.74,13.06,11.77,68080
2022-10-25,12.8,12.9,13.06,12.27,78353
2022-10-26,12.87,13.46,13.685,12.57,73807
2022-10-27,13.67,13.19,13.67,12.95,63313
2022-10-28,13.34,13.67,13.73,12.76,49880
2022-10-31,13.55,13.75,13.87,13.34,92665
2022-11-01,14.0,13.92,14.04,13.25,62414
2022-11-02,13.83,13.32,14.04,13.32,94829
2022-11-03,13.63,14.1,14.38,13.31,63979
2022-11-04,14.38,13.82,14.38,13.37,106916
2022-11-07,14.05,13.01,14.15,12.73,144695
2022-11-08,12.05,11.74,12.05,10.19,182839
2022-11-09,11.58,12.11,12.31,11.58,45921
2022-11-10,12.72,13.18,13.73,12.27,79013
2022-11-11,13.33,13.29,13.543,12.9706,98396
2022-11-14,13.17,13.07,13.38,12.995,88403
2022-11-15,13.26,13.03,13.39,12.85,68797
2022-11-16,12.89,12.92,13.07,12.7,43316
2022-11-17,12.7,12.77,12.815,12.42,105159
2022-11-18,13.17,12.49,13.17,12.38,62704
2022-11-21,12.39,12.55,12.87,12.24,66338
2022-11-22,12.61,12.65,12.84,12.54,34906
2022-11-23,12.66,12.72,12.82,12.12,129856
2022-11-25,12.72,12.84,13.03,12.649,12523
2022-11-28,12.65,12.36,13.07,12.22,53105
2022-11-29,12.46,12.43,12.48,12.1,40114
2022-11-30,12.55,12.98,13.24,12.3,1348626
2022-12-01,13.01,13.4,13.535,12.735,114721
2022-12-02,13.18,12.87,13.28,12.76,58894
2022-12-05,12.78,12.55,12.94,12.21,242018
2022-12-06,12.53,12.31,12.53,11.927,49012
2022-12-07,12.29,11.8,12.62,11.7225,68203
2022-12-08,11.87,12.33,12.45,11.8,101337
2022-12-09,12.5166,12.36,12.5166,12.12,44353
2022-12-12,12.33,12.73,12.965,12.33,61577
2022-12-13,13.25,12.57,13.25,12.401,242168
2022-12-14,12.48,12.39,13.025,12.33,106147
2022-12-15,12.33,12.26,12.52,11.885,69888
2022-12-16,11.92,12.22,12.64,11.92,145259
2022-12-19,12.2,11.7,12.2,11.51,66577
2022-12-20,11.64,11.04,11.8,10.99,149310
2022-12-21,11.15,11.2,11.47,10.91,374705
2022-12-22,11.06,10.17,11.19,10.0501,227224
2022-12-23,10.17,10.15,10.17,9.74,166449
2022-12-27,10.07,8.97,10.07,8.96,148130
2022-12-28,8.97,8.6,9.35,8.55,142512
2022-12-29,8.69,9.5,9.76,8.5,284876
2022-12-30,9.35,9.57,9.68,8.57,121730
2023-01-03,9.78,9.31,10.095,9.105,148965
2023-01-04,9.49,9.56,9.77,9.205,108012
2023-01-05,9.51,9.07,9.79,9.04,100195
2023-01-06,9.16,9.93,9.98,8.9,173222
2023-01-09,10.19,9.62,10.32,9.6,116938
2023-01-10,9.7,10.89,10.97,9.67,198339
2023-01-11,10.82,10.51,11.06,10.43,126625
2023-01-12,10.61,10.64,10.66,10.07,72537
2023-01-13,10.53,10.78,10.87,10.46,45157
2023-01-17,10.75,10.64,11.37,10.6,106086
2023-01-18,10.82,10.69,11.1,10.42,77937
2023-01-19,10.31,10.5,10.72,10.14,98411
2023-01-20,10.73,10.5,10.94,10.42,134949
2023-01-23,10.45,10.58,10.93,10.365,153111
2023-01-24,10.58,10.35,10.65,10.235,56322
2023-01-25,10.3,10.71,10.97,9.83,132005
2023-01-26,10.81,10.88,11.28,10.67,38938
2023-01-27,10.82,11.01,11.13,10.81,41480
2023-01-30,10.95,10.87,11.03,9.9336,59057
2023-01-31,10.92,11.25,11.3,10.73,72960
2023-02-01,11.3,11.64,11.76,11.13,129967
2023-02-02,12.0,12.51,12.85,12.0,113797
2023-02-03,12.27,11.99,12.4025,11.94,179061
2023-02-06,11.91,11.75,12.79,11.7115,168449
2023-02-07,11.69,11.92,12.0,11.335,65995
2023-02-08,11.75,11.73,12.3791,11.66,68769
2023-02-09,11.895,11.67,12.115,11.6,56309
2023-02-10,11.64,11.66,11.89,11.05,43935
2023-02-13,12.24,12.1,12.265,11.61,80086
2023-02-14,11.98,12.22,12.54,11.95,73639
2023-02-15,12.16,12.43,12.585,12.03,46568
2023-02-16,12.14,12.49,12.7,12.14,114669
2023-02-17,12.65,12.68,12.9,12.365,87263
2023-02-21,12.32,11.96,12.5,11.9,104245
2023-02-22,11.97,12.1,12.2,11.85,69348
2023-02-23,12.28,12.3,12.45,12.1,64653
2023-02-24,12.03,12.2,12.49,12.01,55126
2023-02-27,12.36,12.19,12.63,11.95,66243
2023-02-28,12.19,11.53,12.2225,11.39,209584
2023-03-01,11.54,11.0,11.54,10.8,68038
2023-03-02,10.82,11.26,11.52,10.82,80992
2023-03-03,11.45,11.75,12.23,11.45,133617
2023-03-06,11.9,11.15,12.025,11.0,68207
2023-03-07,11.2,10.89,11.31,10.59,200038
2023-03-08,10.89,10.62,11.175,10.61,69959
2023-03-09,10.73,10.49,11.0,10.4,84988
2023-03-10,10.45,9.73,10.59,9.6,79656
2023-03-13,9.56,9.71,10.265,9.49,65565
2023-03-14,10.1,8.83,10.14,8.55,529314
2023-03-15,8.63,8.51,8.9348,8.25,141271
2023-03-16,8.36,8.07,8.595,7.98,108192
2023-03-17,8.0,8.04,8.17,7.2,818399
2023-03-20,7.98,7.6,8.185,7.45,147002
2023-03-21,7.75,8.26,8.455,7.75,196591
2023-03-22,8.2502,7.93,8.357,7.91,77661
2023-03-23,8.01,7.69,8.18,7.65,83527
2023-03-24,7.57,7.88,7.9,7.53,94587
2023-03-27,8.05,8.16,8.25,7.81,65412
2023-03-28,8.1,8.12,8.265,8.045,68584
2023-03-29,8.32,8.35,8.53,8.05,68801
2023-03-30,8.39,8.13,8.39,7.96,84342
2023-03-31,8.25,8.18,8.45,8.14,75444
2023-04-03,8.12,8.0,8.29,7.9,31595
2023-04-04,8.13,7.92,8.165,7.735,70948
2023-04-05,7.72,7.45,7.72,7.35,70950
2023-04-06,7.48,7.13,7.48,7.04,504910
2023-04-10,7.09,7.26,7.37,7.09,82125
2023-04-11,7.36,7.25,7.4083,7.1,73758
2023-04-12,7.45,6.78,7.45,6.74,145887
2023-04-13,6.81,7.2,7.32,6.63,89906
2023-04-14,7.21,7.04,7.4398,6.94,72642
2023-04-17,7.23,7.5,7.88,7.13,96746
2023-04-18,7.67,7.43,7.67,7.22,67730
2023-04-19,7.37,7.41,7.43,7.17,54952
2023-04-20,7.3,7.15,7.34,7.12,35485
2023-04-21,7.13,7.3,7.32,7.09,73377
2023-04-24,7.3,7.13,7.36,7.08,46037
2023-04-25,7.07,6.73,7.13,6.7,104667
2023-04-26,6.7,6.72,6.88,6.6809,57186
2023-04-27,6.74,6.73,6.87,6.63,37620
2023-04-28,6.8,6.96,7.2,6.72,233085
2023-05-01,6.93,6.99,7.14,6.93,41566
2023-05-02,6.95,7.09,7.32,6.87,60897
2023-05-03,7.12,7.22,7.42,7.12,39590
2023-05-04,7.19,7.09,7.97,7.08,149529
2023-05-05,7.19,6.85,7.26,6.81,54356
2023-05-08,6.97,6.44,6.97,6.4,88470
2023-05-09,6.64,6.68,6.86,6.22,129258
2023-05-10,6.74,6.58,7.06,6.57,56929
2023-05-11,6.68,6.24,6.8,6.2,73018
2023-05-12,6.35,5.68,6.35,5.62,120397
2023-05-15,5.76,5.8,5.99,5.69,216163
2023-05-16,5.79,5.97,6.245,5.5975,123559
2023-05-17,6.0,6.12,6.14,5.8,51536
2023-05-18,6.07,5.96,6.07,5.82,57670
2023-05-19,6.02,5.96,6.29,5.83,105565
2023-05-22,5.91,6.43,6.55,5.8857,79137
2023-05-23,6.41,5.99,6.57,5.94,95624
2023-05-24,5.77,5.99,6.12,5.76,104672
2023-05-25,6.11,5.74,6.28,5.68,162046
2023-05-26,5.82,5.44,5.82,5.27,99858
2023-05-30,5.56,5.76,5.93,5.45,70759
2023-05-31,5.74,5.63,5.78,5.47,81378
2023-06-01,5.63,5.7,5.73,5.36,91135
2023-06-02,5.78,5.98,6.08,5.6437,69872
2023-06-05,5.78,5.48,6.03,5.43,606056
2023-06-06,5.44,5.7,5.995,5.37,235674
2023-06-07,5.77,5.56,5.85,5.54,322802
2023-06-08,4.83,5.28,5.7,4.28,2166551
2023-06-09,5.36,5.37,5.6,5.15,642909
2023-06-12,5.38,5.44,5.55,5.1485,340387
2023-06-13,6.04,6.55,6.705,5.98,825020
2023-06-14,7.79,7.65,8.23,7.5,2010116
2023-06-15,7.82,8.35,8.59,7.35,821172
2023-06-16,8.5,8.33,8.8,7.94,567390
2023-06-20,8.26,7.58,8.31,7.4743,382291
2023-06-21,7.54,7.17,7.6022,7.14,261275
2023-06-22,7.09,7.06,7.22,6.91,186654
2023-06-23,6.98,6.96,7.0222,6.84,615358
2023-06-26,6.96,6.77,7.03,6.685,220116
2023-06-27,6.78,6.64,6.78,6.38,219449
2023-06-28,6.68,6.9,6.9999,6.5,191663
2023-06-29,6.97,7.27,7.3,6.895,234530
2023-06-30,7.35,7.39,7.68,7.05,207570
2023-07-03,7.33,6.93,7.68,6.82,58849
2023-07-05,7.26,6.88,7.26,6.84,130616
2023-07-06,6.79,6.5,6.79,6.43,131896
2023-07-07,6.61,6.76,6.8,6.48,91286
2023-07-10,6.75,7.13,7.18,6.63,139117
2023-07-11,7.13,7.25,7.3,7.02,107246
2023-07-12,7.04,7.4,7.5298,7.03,138170
2023-07-13,7.49,6.78,7.5881,6.72,180791
2023-07-14,6.8,6.98,7.0,6.7,117857
2023-07-17,6.96,6.95,7.275,6.91,105833
2023-07-18,6.95,7.05,7.16,6.9,115640
2023-07-19,7.09,7.44,7.55,7.0876,170573
2023-07-20,7.42,6.985,7.4699,6.86,95155
2023-07-21,7.07,7.13,7.19,6.88,93946
2023-07-24,7.11,6.82,7.295,6.81,77412
2023-07-25,6.78,6.77,6.96,6.66,114467
2023-07-26,6.72,6.97,7.0,6.68,64391
2023-07-27,7.01,6.64,7.02,6.59,58545
2023-07-28,6.85,6.88,6.9,6.6297,42647
2023-07-31,6.88,6.9,7.06,6.75,104714
2023-08-01,6.9,6.69,6.9,6.66,71198
2023-08-02,6.65,6.68,6.74,6.5,59374
2023-08-03,6.59,6.56,6.88,6.5,116981
2023-08-04,6.57,6.45,6.66,6.425,97385
2023-08-07,6.43,6.32,6.705,6.08,144190
2023-08-08,6.34,6.51,6.51,6.13,139748
2023-08-09,6.51,6.15,6.55,5.7,220268
2023-08-10,6.15,6.09,6.36,6.0306,103516
2023-08-11,5.93,6.03,6.12,5.93,183288
2023-08-14,6.07,5.61,6.07,5.6,243218
2023-08-15,5.56,5.53,5.69,5.43,198863
2023-08-16,5.49,5.28,5.55,5.24,201485
2023-08-17,5.26,5.21,5.43,5.1,138665
2023-08-18,5.14,5.23,5.26,5.1,85748
2023-08-21,5.23,5.45,5.5,5.21,112832
2023-08-22,5.48,5.52,5.66,5.42,83711
2023-08-23,5.52,5.35,5.54,5.31,162624
2023-08-24,5.4,5.25,5.4535,5.07,194280
2023-08-25,5.3,5.21,5.4,5.15,122297
2023-08-28,5.23,5.07,5.24,4.99,161136
2023-08-29,5.05,5.23,5.28,5.01,187914
2023-08-30,5.23,5.25,5.335,5.06,118952
2023-08-31,5.26,5.2,5.47,5.16,137336
2023-09-01,5.25,5.31,5.348,5.24,75503
2023-09-05,5.28,5.07,5.46,4.9,213737
2023-09-06,5.15,4.91,5.15,4.83,116034
2023-09-07,4.85,4.54,4.85,4.51,129690
2023-09-08,4.6,4.31,4.6,4.28,109692
2023-09-11,4.45,4.48,4.48,4.45,9575
2023-09-12,4.5,4.63,4.7,4.4,301803
2023-09-13,4.63,4.34,4.63,4.3,215411
2023-09-14,4.5,4.25,4.5,4.17,163828
2023-09-15,4.21,4.34,4.3781,4.19,909810
2023-09-18,4.28,4.24,4.39,4.2,241825
2023-09-19,4.28,4.45,4.48,4.181,213442
2023-09-20,4.5,4.45,4.585,4.44,153392
2023-09-21,4.39,4.38,4.46,4.32,166917
2023-09-22,4.39,4.42,4.51,4.32,113752
2023-09-25,4.41,4.43,4.5,4.3,130771
2023-09-26,4.37,4.46,4.53,4.3365,142468
2023-09-27,4.5,4.73,4.74,4.37,190408
2023-09-28,4.74,4.65,4.74,4.49,107859
2023-09-29,4.7,4.65,4.7,4.58,151366
2023-10-02,4.65,4.31,4.66,4.22,192184
2023-10-03,4.24,4.09,4.43,4.04,180652
2023-10-04,4.09,3.86,4.15,3.82,222246
2023-10-05,3.85,3.85,4.1144,3.64,327798
2023-10-06,3.84,3.9,3.97,3.7,137809
2023-10-09,3.86,3.87,3.92,3.6268,90779
2023-10-10,3.87,4.02,4.06,3.69,98716
2023-10-11,4.03,3.69,4.03,3.68,80276
2023-10-12,3.66,3.465,3.695,3.32,128753
2023-10-13,3.46,3.575,3.605,3.4,94645
2023-10-16,3.64,3.51,3.69,3.37,175547
2023-10-17,3.45,3.7,3.83,3.45,168234
2023-10-18,3.7,3.83,3.94,3.635,137598
2023-10-19,3.82,3.83,3.92,3.65,186314
2023-10-20,3.84,3.63,3.95,3.55,179964
2023-10-23,3.65,3.55,3.86,3.53,124327
2023-10-24,3.58,3.69,3.875,3.58,139904
2023-10-25,3.66,3.43,3.73,3.41,124864
2023-10-26,3.44,3.27,3.48,3.26,90252
2023-10-27,3.27,3.13,3.3288,3.11,97373
2023-10-30,3.16,3.4,3.42,3.04,128288
2023-10-31,3.39,3.5,3.6,3.34,100742
2023-11-01,3.59,3.41,3.62,3.2601,89220
2023-11-02,3.5,3.68,3.69,3.5,71630
2023-11-03,3.79,3.96,4.0199,3.79,89724
2023-11-06,3.95,3.8,4.05,3.72,117914
2023-11-07,3.77,3.79,3.9,3.606,112581
2023-11-08,3.78,3.76,3.83,3.685,83564
2023-11-09,4.14,4.17,4.45,4.11,120213
2023-11-10,4.2,4.01,4.2,3.6801,77864
2023-11-13,4.0,4.05,4.117,3.6223,73907
2023-11-14,4.17,4.42,4.45,4.17,82893
2023-11-15,4.45,4.45,4.8,4.415,168316
2023-11-16,4.45,4.57,4.71,4.177,136588
2023-11-17,4.6,4.33,4.77,4.28,104320
2023-11-20,4.38,4.39,4.47,4.275,147133
2023-11-21,4.29,4.24,4.36,4.04,123442
2023-11-22,4.29,4.15,4.43,4.12,54247
2023-11-24,4.19,4.48,4.5,4.19,40931
2023-11-27,4.4,4.55,4.635,4.3718,100480
2023-11-28,4.55,4.34,4.6171,4.33,49037
2023-11-29,4.4,4.6,4.6,4.33,80827
2023-11-30,4.6,4.39,4.68,4.32,122426
2023-12-01,4.45,4.72,4.76,4.24,103497
2023-12-04,4.66,4.84,5.17,4.4621,356217
2023-12-05,4.77,4.59,4.84,4.52,315304
2023-12-06,4.66,4.3,4.7,4.26,188846
2023-12-07,4.35,4.41,4.48,4.1161,91283
2023-12-08,4.38,4.41,4.53,4.29,128158
2023-12-11,4.36,4.36,4.4161,4.24,112954
2023-12-12,4.35,4.26,4.35,4.18,94927
2023-12-13,4.27,4.38,4.41,4.17,219299
2023-12-14,4.27,4.81,5.02,4.26,339869
2023-12-15,4.8,4.44,4.98,4.43,545442
2023-12-18,4.48,4.29,4.68,4.19,116622
2023-12-19,4.28,4.69,4.74,4.2,236649
2023-12-20,4.67,4.71,5.09,4.6375,219831
2023-12-21,4.8,4.77,4.92,4.5927,78240
2023-12-22,4.8,4.92,5.02,4.8,128134
2023-12-26,4.99,5.07,5.17,4.93,101001
2023-12-27,5.06,5.13,5.17,4.94,156490
2023-12-28,5.08,5.08,5.24,5.03,146167
2023-12-29,5.03,4.88,5.06,4.8,150112
2024-01-02,4.89,4.78,5.0,4.71,256154
2024-01-03,4.71,4.44,4.89,4.37,200590
2024-01-04,4.46,4.38,4.5399,4.25,109232
2024-01-05,4.28,4.33,4.51,4.25,142792
2024-01-08,4.96,5.2,5.3399,4.77,769464
2024-01-09,5.21,5.03,5.23,4.92,250717
2024-01-10,4.96,5.08,5.11,4.86,138700
2024-01-11,5.04,5.28,5.33,4.88,321030
2024-01-12,5.32,5.18,5.46,5.09,264022
2024-01-16,4.99,4.44,5.08,4.42,318580
2024-01-17,4.41,4.97,5.02,4.4,316337
2024-01-18,5.04,4.88,5.16,4.76,164303
2024-01-19,4.91,5.07,5.11,4.59,298052
2024-01-22,5.06,5.06,5.27,4.98,227356
2024-01-23,5.19,5.02,5.33,4.98,150561
2024-01-24,5.13,4.95,5.13,4.92,78537
2024-01-25,5.06,4.99,5.06,4.88,65360
2024-01-26,4.65,4.85,5.07,4.65,128024
2024-01-29,4.81,5.1,5.14,4.81,238646
2024-01-30,5.12,4.95,5.12,4.94,50922
2024-01-31,4.94,5.08,5.17,4.92,289844
2024-02-01,5.04,5.56,5.56,5.04,258192
2024-02-02,5.55,5.71,5.71,5.26,145431
2024-02-05,5.71,5.55,5.71,5.37,259354
2024-02-06,5.55,5.96,6.06,5.37,389165
2024-02-07,5.97,5.98,6.04,5.71,240369
2024-02-08,5.96,5.93,6.14,5.87,228114
2024-02-09,6.03,6.06,6.125,5.85,162045
2024-02-12,6.02,5.91,6.215,5.83,197550
2024-02-13,5.62,5.39,5.84,5.31,189381
2024-02-14,5.54,5.5,5.63,5.35,194424
2024-02-15,5.54,5.82,5.94,5.54,244291
2024-02-16,5.75,5.96,6.05,5.5,156273
2024-02-20,5.89,5.63,6.065,5.585,126362
2024-02-21,5.7,5.27,5.72,5.24,183894
2024-02-22,5.28,5.35,5.7,5.2,227528
2024-02-23,5.32,5.49,5.72,5.26,150434
2024-02-26,5.43,5.42,5.69,5.36,127263
2024-02-27,5.45,5.84,5.87,5.42,175552
2024-02-28,5.77,5.66,5.97,5.61,59562
2024-02-29,5.8,5.74,5.95,5.54,181266
2024-03-01,5.84,6.03,6.13,5.75,134314
2024-03-04,6.13,5.98,6.31,5.8839,182058
2024-03-05,5.0,5.1,5.68,5.0,546343
2024-03-06,5.11,4.96,5.22,4.8701,260842
2024-03-07,5.01,4.76,5.41,4.74,229254
2024-03-08,4.83,5.0,5.1,4.83,212012
2024-03-11,4.99,4.85,5.26,4.67,296597
2024-03-12,4.85,4.86,5.05,4.62,254515
2024-03-13,4.84,4.9,5.11,4.77,231373
2024-03-14,4.9,4.86,5.25,4.79,181282
2024-03-15,4.75,4.91,5.0,4.75,252294
2024-03-18,4.89,4.94,5.02,4.83,129813
2024-03-19,4.89,5.03,5.1484,4.89,76412
2024-03-20,5.0,5.04,5.13,4.82,103763
2024-03-21,5.12,4.99,5.1625,4.97,186249
2024-03-22,4.98,4.79,5.08,4.77,92885
2024-03-25,4.75,4.92,5.0,4.6601,247088
2024-03-26,4.91,4.63,4.99,4.61,94236
2024-03-27,4.7,4.73,4.89,4.63,120582
2024-03-28,4.73,4.69,4.79,4.59,136367
2024-04-01,4.59,4.56,4.69,4.5,127191
2024-04-02,4.51,4.41,4.51,4.32,81636
2024-04-03,4.35,4.33,4.44,4.2823,99744
2024-04-04,4.4,4.22,4.49,4.16,141488
2024-04-05,4.2,4.36,4.44,4.16,348838
2024-04-08,4.36,4.22,4.39,4.1,241669
2024-04-09,4.25,4.37,4.5,4.1301,129878
2024-04-10,4.19,4.3,4.37,4.15,118851
2024-04-11,4.3,4.3,4.33,4.2265,61562
2024-04-12,4.26,4.13,4.3257,4.06,122775
2024-04-15,4.15,4.01,4.15,3.96,154935
2024-04-16,4.01,3.98,4.1,3.85,310091
2024-04-17,4.01,3.91,4.11,3.83,184096
2024-04-18,3.91,3.85,3.97,3.77,256194
2024-04-19,3.83,3.8,3.97,3.774,172141
2024-04-22,3.82,3.9,3.91,3.79,63480
2024-04-23,3.88,3.81,4.0,3.8,85659
2024-04-24,3.8,3.81,3.87,3.72,103157
2024-04-25,3.75,3.82,3.85,3.75,88258
2024-04-26,3.8,3.8,3.84,3.745,93172
2024-04-29,3.81,3.86,3.86,3.81,68178
2024-04-30,3.82,3.82,3.89,3.72,117398
2024-05-01,3.86,3.96,4.1,3.83,114557
2024-05-02,4.02,3.99,4.14,3.8706,67365
2024-05-03,4.02,4.04,4.2288,3.92,141995
2024-05-06,4.08,4.12,4.18,4.05,93323
2024-05-07,4.13,4.08,4.1799,4.0,68841
2024-05-08,4.05,4.11,4.18,4.0,80801
2024-05-09,4.1,4.48,4.65,4.04,264639
2024-05-10,4.49,4.265,4.65,4.05,155730
2024-05-13,4.28,4.12,4.42,4.12,162138
2024-05-14,3.07,2.9,3.19,2.78,2214378
2024-05-15,2.83,2.79,2.92,2.75,677999
2024-05-16,2.82,2.9,2.96,2.65,650782
2024-05-17,2.92,2.85,2.97,2.77,403078
2024-05-20,2.86,2.81,2.95,2.78,513666
2024-05-21,2.8,2.64,2.8,2.64,687158
2024-05-22,2.66,2.285,2.7,2.21,1646335
2024-05-23,2.29,1.94,2.325,1.88,1733585
2024-05-24,1.95,1.965,2.11,1.95,449239
2024-05-28,2.05,2.3,2.32,2.03,1164588
2024-05-29,2.25,2.26,2.35,2.18,653048
2024-05-30,2.27,2.11,2.2945,2.09,247788
2024-05-31,2.12,2.15,2.19,2.085,198857
2024-06-03,2.14,2.04,2.18,2.02,246681
2024-06-04,2.06,2.01,2.06,1.96,192407
2024-06-05,2.01,2.04,2.04,1.96,273576
2024-06-06,2.03,2.09,2.11,2.0,185379
2024-06-07,2.04,2.05,2.06,1.98,201399
2024-06-10,2.04,2.21,2.23,1.98,327439
2024-06-11,2.08,2.19,2.3,2.03,327309
2024-06-12,2.27,2.26,2.47,2.2,413334
2024-06-13,2.25,2.2,2.26,2.16,189805
2024-06-14,2.15,2.21,2.2283,2.05,175879
2024-06-17,2.19,2.13,2.27,2.09,464359
2024-06-18,2.15,2.14,2.205,2.1,237487
2024-06-20,2.13,2.23,2.24,2.1,140596
2024-06-21,2.3,2.36,2.6,2.28,929971
2024-06-24,2.41,2.41,2.59,2.32,271413
2024-06-25,2.4,2.36,2.46,2.33,261946
2024-06-26,2.33,2.58,2.59,2.3,306952
2024-06-27,2.57,2.44,2.57,2.4,216226
2024-06-28,2.46,2.34,2.46,2.27,602268
2024-07-01,2.36,2.21,2.375,2.14,394962
2024-07-02,2.2,2.18,2.2,2.11,146069
2024-07-03,2.21,2.13,2.21,2.1,134481
2024-07-05,2.12,2.09,2.12,2.05,138180
2024-07-08,2.11,2.09,2.15,2.07,169424
2024-07-09,2.07,2.06,2.07,1.99,158364
2024-07-10,2.0,2.08,2.11,2.0,147656
2024-07-11,2.06,2.25,2.3,2.06,269059
2024-07-12,2.28,2.31,2.33,2.235,216596
2024-07-15,2.28,2.33,2.39,2.22,225729
2024-07-16,2.35,2.64,2.64,2.31,281527
2024-07-17,2.59,2.6,2.69,2.47,194296
2024-07-18,2.54,2.41,2.61,2.36,193259
2024-07-19,2.42,2.36,2.48,2.35,84298
2024-07-22,2.38,2.37,2.41,2.27,143467
2024-07-23,2.34,2.47,2.5,2.32,115327
2024-07-24,2.44,2.39,2.47,2.38,86959
2024-07-25,2.41,2.44,2.54,2.4,112845
2024-07-26,2.5,2.46,2.5,2.43,104409
2024-07-29,2.45,2.46,2.47,2.26,156151
2024-07-30,2.42,2.47,2.5,2.39,148780
2024-07-31,2.51,2.47,2.6001,2.4,143614
2024-08-01,2.47,2.32,2.535,2.28,186058
2024-08-02,2.27,2.22,2.29,2.19,248133
2024-08-05,2.08,2.15,2.205,2.05,227024
2024-08-06,2.15,2.01,2.41,1.94,700569
2024-08-07,2.04,1.96,2.06,1.91,231396
2024-08-08,1.97,2.09,2.09,1.9,172925
2024-08-09,2.1,2.2,2.21,2.08,231219
2024-08-12,2.25,2.3,2.33,2.12,205789
2024-08-13,2.32,2.28,2.35,2.23,196229
2024-08-14,2.26,2.13,2.26,2.12,189806
2024-08-15,2.2,2.19,2.27,2.1201,79741
2024-08-16,2.18,2.3,2.305,2.17,45281
2024-08-19,2.37,2.45,2.5,2.35,169128
2024-08-20,2.47,2.41,2.54,2.35,182543
2024-08-21,2.44,2.41,2.47,2.335,68879
2024-08-22,2.42,2.36,2.44,2.3307,76627
2024-08-23,2.38,2.58,2.59,2.38,109305
2024-08-26,2.59,2.47,2.64,2.46,180740
2024-08-27,2.46,2.48,2.48,2.34,86706
2024-08-28,2.49,2.57,2.59,2.42,188871
2024-08-29,2.6,2.64,2.67,2.535,139638
2024-08-30,2.63,2.55,2.6829,2.45,149945
2024-09-03,2.53,2.38,2.63,2.36,90124
2024-09-04,2.4579,2.34,2.4579,2.32,28761
2024-09-05,2.38,2.38,2.38,2.28,53132
2024-09-06,2.36,2.36,2.41,2.34,67885
2024-09-09,2.39,2.4,2.4198,2.35,82614
2024-09-10,2.4,2.64,2.7,2.31,315397
2024-09-11,2.62,2.63,2.65,2.5,49344
2024-09-12,2.63,2.815,2.88,2.57,158365
2024-09-13,2.87,2.94,2.97,2.8302,282617
2024-09-16,2.9,2.94,2.97,2.7401,100389
2024-09-17,2.94,2.88,2.96,2.85,240153
2024-09-18,2.88,2.84,2.95,2.8,126183
2024-09-19,2.96,2.91,2.96,2.8501,123894
2024-09-20,2.93,2.88,2.95,2.855,466237
2024-09-23,2.85,2.77,2.85,2.711,86093
2024-09-24,2.77,2.82,2.85,2.77,102988
2024-09-25,2.82,2.72,2.82,2.69,70016
2024-09-26,2.78,2.71,2.78,2.66,92718
2024-09-27,2.76,2.86,2.88,2.74,144434
2024-09-30,2.94,2.72,2.94,2.68,102230
2024-10-01,2.72,2.82,2.88,2.6,97910
2024-10-02,2.85,2.68,2.85,2.65,88809
2024-10-03,2.64,2.555,2.64,2.55,60643
2024-10-04,2.57,2.78,2.81,2.5,211991
2024-10-07,2.8,3.21,3.25,2.8,536709
2024-10-08,3.22,3.1,3.265,3.035,161042
2024-10-09,3.08,3.03,3.14,3.0,107429
2024-10-10,3.0,2.89,3.06,2.875,143145
2024-10-11,2.9,3.0,3.06,2.9,136124
2024-10-14,3.0,3.2,3.2,2.86,103977
2024-10-15,3.2,3.13,3.26,3.07,139983
2024-10-16,3.16,3.2,3.23,3.1,69473
2024-10-17,3.16,3.06,3.2,3.06,129553
2024-10-18,3.05,3.14,3.17,3.0,107122
2024-10-21,3.11,3.01,3.18,3.0,142635
2024-10-22,3.0,2.87,3.0,2.85,107177
2024-10-23,2.83,2.8,2.83,2.74,45417
2024-10-24,2.82,2.87,2.95,2.82,42683
2024-10-25,2.87,2.8,2.89,2.8,24608
2024-10-28,2.83,2.9,3.16,2.83,120243
2024-10-29,2.86,2.85,2.88,2.77,57753
2024-10-30,2.83,2.92,2.985,2.83,39116
2024-10-31,2.9,2.815,2.98,2.8,87397
2024-11-01,2.84,2.73,2.855,2.72,114039
2024-11-04,2.72,2.62,2.78,2.5,121635
2024-11-05,2.6,3.09,3.1,2.5974,149784
2024-11-06,3.23,3.24,3.28,3.14,239522
2024-11-07,3.24,3.22,3.3,3.195,108300
2024-11-08,3.2,3.17,3.239,3.1017,59094
2024-11-11,3.21,3.22,3.3186,3.12,172802
2024-11-12,3.21,3.19,3.24,3.1,94530
2024-11-13,3.18,3.21,3.26,3.18,75784
2024-11-14,3.21,3.13,3.21,3.0524,129376
2024-11-15,2.08,2.41,2.55,2.05,1260584
2024-11-18,2.43,2.09,2.43,1.9901,476134
2024-11-19,2.05,2.16,2.175,2.0001,217424
2024-11-20,2.16,2.16,2.29,2.08,119919
2024-11-21,2.19,2.12,2.25,2.09,136325
2024-11-22,2.13,2.11,2.205,2.11,81926
2024-11-25,2.14,2.12,2.35,2.11,223700
2024-11-26,2.11,2.2,2.3,2.055,148842
2024-11-27,2.21,2.14,2.26,2.11,136465
2024-11-29,2.12,2.2,2.27,2.094,39272
2024-12-02,2.21,2.19,2.2271,2.15,69434
2024-12-03,2.18,2.19,2.29,2.175,68137
2024-12-04,2.2,2.19,2.27,2.13,88538
2024-12-05,2.16,2.07,2.16,2.03,62013
2024-12-06,2.1,2.12,2.15,2.09,44730
2024-12-09,2.12,2.24,2.26,2.1,89779
2024-12-10,2.52,2.35,2.52,2.07,5128175
2024-12-11,2.13,2.55,2.7,2.09,392528
2024-12-12,2.5,2.43,2.55,2.4047,152570
2024-12-13,2.41,2.27,2.42,2.24,121844
2024-12-16,2.27,2.42,2.44,2.2008,161778
2024-12-17,2.35,2.54,2.54,2.3,162225
2024-12-18,2.57,2.45,2.63,2.35,204774
2024-12-19,2.39,2.55,2.56,2.39,154902
2024-12-20,2.46,2.49,2.6,2.34,365652
2024-12-23,2.45,2.36,2.45,2.25,160860
2024-12-24,2.35,2.41,2.43,2.298,82805
2024-12-26,2.38,2.46,2.48,2.3184,67029
2024-12-27,2.44,2.39,2.49,2.27,106054
2024-12-30,2.4,2.38,2.45,2.2902,132075
2024-12-31,2.4,2.29,2.4,2.26,81574
2025-01-02,2.38,2.43,2.45,2.34,110190
2025-01-03,2.42,2.43,2.5,2.39,61826
2025-01-06,2.44,2.47,2.58,2.41,71472
2025-01-07,2.49,2.62,2.6642,2.46,123532
2025-01-08,2.57,2.66,2.67,2.48,89248
2025-01-10,3.29,3.03,3.42,2.7,20355118
2025-01-13,2.84,2.93,3.085,2.7605,1063498
2025-01-14,3.01,2.6,3.1,2.59,548229
2025-01-15,2.64,2.75,2.83,2.62,456819
2025-01-16,2.74,2.76,2.79,2.62,367733
2025-01-17,2.74,2.82,2.88,2.73,361660
2025-01-21,2.79,3.02,3.05,2.755,802180
2025-01-22,3.02,3.21,3.22,2.97,1147010
2025-01-23,3.14,3.23,3.265,3.0242,277955
2025-01-24,3.21,3.07,3.21,3.07,276630
2025-01-27,3.07,3.08,3.14,2.95,207744
2025-01-28,3.06,2.96,3.13,2.93,264144
2025-01-29,2.96,3.0,3.04,2.93,317638
2025-01-30,3.04,2.99,3.1,2.92,440435
2025-01-31,3.0,2.92,3.075,2.9,241325
2025-02-03,2.78,2.74,2.88,2.69,400816
2025-02-04,2.74,2.62,2.76,2.6,424436
2025-02-05,2.64,2.7,2.775,2.621,415158
2025-02-06,2.7,2.51,2.74,2.505,359119
2025-02-07,2.5,2.46,2.51,2.39,419277
2025-02-10,2.47,2.34,2.47,2.305,516295
2025-02-11,2.3,2.29,2.33,2.24,441915
2025-02-12,2.25,2.24,2.29,2.21,264948
2025-02-13,2.32,2.25,2.36,2.23,431567
2025-02-14,2.25,2.31,2.36,2.25,275785
2025-02-18,2.32,2.13,2.37,2.12,254509
2025-02-19,2.13,2.2,2.21,2.09,357325
2025-02-20,2.16,2.06,2.16,2.06,700328
2025-02-21,2.1,2.05,2.1,1.97,489714
2025-02-24,2.06,1.82,2.06,1.82,671926
2025-02-25,1.8,1.78,1.82,1.7,288861
2025-02-26,1.78,1.76,1.83,1.72,215537
2025-02-27,1.8,1.65,1.8,1.65,196480
2025-02-28,1.65,1.63,1.69,1.59,185953
2025-03-03,1.6,1.55,1.65,1.55,379818
2025-03-04,1.43,1.62,1.64,1.43,530450
2025-03-05,1.58,1.6,1.69,1.56,191999
2025-03-06,1.57,1.56,1.675,1.54,290370
2025-03-07,1.57,1.59,1.6,1.52,276406
2025-03-10,1.58,1.54,1.58,1.515,510763
2025-03-11,1.57,1.63,1.685,1.54,763591
2025-03-12,1.65,1.57,1.71,1.56,333627
2025-03-13,1.56,1.48,1.57,1.48,208852
2025-03-14,1.5,1.5,1.7755,1.48,227309
2025-03-17,1.5,1.56,1.61,1.5,344156
2025-03-18,1.5,1.62,1.62,1.39,470773
2025-03-19,1.6,1.68,1.7302,1.6,90892
2025-03-20,1.631,1.68,1.74,1.615,123476
2025-03-21,1.65,1.7,1.755,1.64,179908
2025-03-24,1.73,1.67,1.78,1.66,230595
2025-03-25,1.62,1.54,1.67,1.525,180479
2025-03-26,1.54,1.45,1.58,1.43,79435
2025-03-27,1.45,1.49,1.515,1.425,104585
2025-03-28,1.49,1.43,1.49,1.385,76983
2025-03-31,1.38,1.39,1.43,1.32,198470
2025-04-01,1.42,1.35,1.49,1.34,200327
2025-04-02,1.31,1.36,1.42,1.31,179188
2025-04-03,1.34,1.22,1.34,1.22,169078
2025-04-04,1.19,1.17,1.2,1.07,161901
2025-04-07,1.09,1.17,1.19,1.01,240471
2025-04-08,1.22,1.03,1.2518,1.02,106781
2025-04-09,1.04,1.23,1.33,1.02,158217
2025-04-10,1.21,1.13,1.25,1.1,147737
2025-04-11,1.11,1.24,1.24,1.11,106980
