2024-01-29,152.0,101.4,152.0,82.2,28102
2024-01-30,110.0,104.0,110.0,93.6,12300
2024-01-31,103.0,103.8,108.0,97.2,7152
2024-02-01,103.8,115.0,120.0,94.324,8245
2024-02-02,108.8,118.8,120.0,105.0,7709
2024-02-05,121.8,112.0,121.8,109.2,5648
2024-02-06,108.2,110.0,117.2,103.4,6098
2024-02-07,111.0,107.2,112.8,103.214,4978
2024-02-08,104.2,105.0,106.99,100.4,1548
2024-02-09,103.8,101.4,109.496,100.0,2008
2024-02-12,101.2,87.8,105.272,80.0,3535
2024-02-13,83.0,80.8,89.598,80.0,1767
2024-02-14,83.4,72.6,89.2,65.0,3201
2024-02-15,70.8,76.0,78.4,68.0,2481
2024-02-16,90.6,74.6,99.598,73.0,6514
2024-02-20,74.0,75.4,77.044,70.2,1418
2024-02-21,75.2,77.6,77.8,72.2,869
2024-02-22,77.6,80.4,80.4,74.32,1446
2024-02-23,80.0,88.6,89.0,80.0,3668
2024-02-26,87.0,87.652,93.8,86.2,3774
2024-02-27,84.4,83.4,89.4,80.2,2056
2024-02-28,83.2,86.8,86.8,80.2,591
2024-02-29,85.6,80.002,87.4,79.8,826
2024-03-01,82.0,79.4,83.726,77.0,1393
2024-03-04,78.2,76.6,79.0,71.8,1779
2024-03-05,79.6,73.4,79.6,72.0,3545
2024-03-06,74.2,68.2,74.998,64.0,7744
2024-03-07,70.6,61.0,70.6,56.6,3315
2024-03-08,59.4,59.98,60.0,53.6,2677
2024-03-11,60.6,54.0,60.6,52.602,1128
2024-03-12,53.4,55.8,58.0,53.4,2422
2024-03-13,55.4,60.0,61.8,55.4,691
2024-03-14,64.4,69.8,82.0,63.7,24513
2024-03-15,68.4,61.4,70.0,60.2,3117
2024-03-18,60.6,63.2,70.2,60.2,3077
2024-03-19,62.2,65.2,70.0,62.2,847
2024-03-20,65.8,63.0,66.1,62.8,567
2024-03-21,64.6,64.8,65.0,57.84,1340
2024-03-22,60.22,63.66,63.98,60.0,776
2024-03-25,61.8,56.4,61.8,55.0,2017
2024-03-26,58.2,58.0,59.8,55.328,1446
2024-03-27,58.0,55.4,58.0,50.0,1584
2024-03-28,55.8,60.4,61.4,55.236,1557
2024-04-01,61.2,60.0,63.4,57.6,2181
2024-04-02,60.6,59.8,60.6,57.2,1176
2024-04-03,57.6,55.0,59.674,55.0,1207
2024-04-04,57.8,55.5,60.6,54.214,3169
2024-04-05,56.0,56.2,57.6,54.6,2670
2024-04-08,56.8,54.5,56.8,53.0,3355
2024-04-09,58.0,53.2,58.356,51.902,4118
2024-04-10,51.6,54.162,55.224,50.0,2712
2024-04-11,55.0,55.4,58.2,55.0,2380
2024-04-12,56.0,57.2,59.598,55.802,1551
2024-04-15,59.2,58.782,62.398,57.4,3116
2024-04-16,58.8,55.598,59.0,54.6,3735
2024-04-17,57.336,57.018,57.594,53.2,1816
2024-04-18,56.0,57.0,61.08,53.6,2121
2024-04-19,58.6,59.954,59.998,56.2,1043
2024-04-22,60.0,60.426,60.8,58.2,1068
2024-04-23,62.4,59.7,63.4,57.0,1607
2024-04-24,61.2,62.336,62.8,61.0,547
2024-04-25,62.8,66.602,67.0,62.346,1181
2024-04-26,67.2,67.2,70.6,65.0,2129
2024-04-29,69.0,66.4,75.8,66.2,936
2024-04-30,66.8,64.6,70.1,59.8,3185
2024-05-01,64.0,67.0,67.0,63.4,858
2024-05-02,66.352,65.2,67.9,62.8,1446
2024-05-03,64.0,61.4,65.1,60.2,1625
2024-05-06,60.6,63.0,66.8,60.402,3012
2024-05-07,70.0,56.2,70.0,54.2,6124
2024-05-08,55.0,61.2,62.728,55.0,1485
2024-05-09,61.0,60.8,65.2,57.4,2213
2024-05-10,61.2,57.8,64.496,54.2,1612
2024-05-13,56.0,53.4,59.0,53.4,1298
2024-05-14,55.4,54.0,55.4,50.4,2137
2024-05-15,54.8,53.8,55.798,51.642,1138
2024-05-16,53.8,50.4,53.8,48.0,6888
2024-05-17,50.0,50.0,52.094,50.0,1116
2024-05-20,49.2,46.2,49.6,44.8,2070
2024-05-21,46.4,45.0,48.8,44.8,1147
2024-05-22,45.4,50.8,51.092,45.008,2251
2024-05-23,55.0,47.8,56.0,46.202,12023
2024-05-24,47.6,46.7,50.0,43.8,6023
2024-05-28,45.0,41.2,46.3,40.694,4124
2024-05-29,40.2,37.6,44.2,37.0,3829
2024-05-30,40.0,42.4,45.0,37.0,3027
2024-05-31,44.2,45.6,46.8,42.6,3871
2024-06-03,45.0,40.8,46.0,38.314,4501
2024-06-04,41.6,39.0,43.8,36.5,2309
2024-06-05,38.5,39.6,41.0,37.0,6109
2024-06-06,39.0,36.0,41.0,35.4,7008
2024-06-07,35.8,27.4,35.8,27.0,11789
2024-06-10,27.0,24.8,29.4,22.6,9092
2024-06-11,25.8,23.4,26.198,23.4,3710
2024-06-12,24.0,28.2,29.022,24.0,5964
2024-06-13,29.0,30.8,34.4,27.8,8444
2024-06-14,30.0,29.2,32.0,27.5,3024
2024-06-17,28.4,27.0,31.4,25.0,6097
2024-06-18,27.6,22.4,29.1,18.8,106261
2024-06-20,21.8,23.0,23.8,21.6,6282
2024-06-21,23.4,21.0,23.6,21.0,12347
2024-06-24,20.6,20.8,23.2,20.2,9813
2024-06-25,20.2,19.834,21.0,19.09,5495
2024-06-26,20.368,19.486,21.4,19.0,4396
2024-06-27,21.0,20.2,21.2,19.0,3812
2024-06-28,19.594,19.2,20.2,19.0,2192
2024-07-01,19.0,19.0,19.65,18.4344,2573
2024-07-02,19.8,18.8,19.958,18.606,2999
2024-07-03,25.6,12.83,27.8,11.26,979686
2024-07-05,13.002,12.8,13.95,12.6,48112
2024-07-08,12.0,10.64,12.4,10.206,48429
2024-07-09,10.832,10.644,11.26,10.6,17562
2024-07-10,11.2,10.82,11.2,10.6,7953
2024-07-11,10.98,11.6,11.79798,10.876,9715
2024-07-12,11.522,12.36,12.398,11.1,14875
2024-07-15,18.904,27.6,36.6,18.2,7740301
2024-07-16,23.6,21.2,23.8,20.244,349328
2024-07-17,22.3,24.4,32.0,21.4,1655245
2024-07-18,24.2,27.0,29.8,23.8,271009
2024-07-19,27.8,28.2,42.4,27.8,2280284
2024-07-22,31.0,30.8,33.4,27.8,264667
2024-07-23,28.0,23.8,28.398,23.0,107091
2024-07-24,23.0,23.0,24.6,20.4,78898
2024-07-25,22.4,23.8,24.4,21.01,59221
2024-07-26,24.2,25.8,30.5,24.002,139997
2024-07-29,26.2,23.4,26.6,23.2,28494
2024-07-30,23.4,21.2,23.4,21.0,40129
2024-07-31,21.2,21.0,22.0,18.6,40001
2024-08-01,21.4,20.6,21.6,19.28,12118
2024-08-02,19.742,15.8,19.75,15.122,36876
2024-08-05,14.0,14.2,14.282,11.418,43206
2024-08-06,14.2,14.26,16.79998,14.04,18962
2024-08-07,15.58,13.134,15.6,13.0,8479
2024-08-08,13.2,13.4,13.8,13.2,7135
2024-08-09,13.6,14.0,14.276,13.20736,6145
2024-08-12,14.0,12.606,14.2,12.46,11007
2024-08-13,13.4,12.84,13.7,12.816,10375
2024-08-14,13.138,12.18,13.65,11.9,8653
2024-08-15,12.4,12.436,12.76,12.002,4973
2024-08-16,12.44,12.504,12.76,12.2,6311
2024-08-19,11.84,12.6,12.94,11.84,6598
2024-08-20,13.18,12.598,14.948,12.3,51432
2024-08-21,12.59,12.4,12.604,12.0,10621
2024-08-22,12.7,12.12,12.7,11.714,8384
2024-08-23,12.0,11.84,12.41,11.698,7228
2024-08-26,11.82,11.8,11.909,11.4,6113
2024-08-27,12.04,11.78,12.04,11.2,3867
2024-08-28,11.93,11.504,12.0,11.4,6674
2024-08-29,11.6,11.484,11.736,11.0,3574
2024-08-30,11.5,13.4,19.0,11.484,210311
2024-09-03,12.348,14.54,16.8,12.3,71213
2024-09-04,15.536,18.232,18.6,14.17,40362
2024-09-05,15.7,17.436,17.598,14.404,114848
2024-09-06,16.688,15.96,17.6,15.22,12476
2024-09-09,17.0,17.41,18.4,15.72,24860
2024-09-10,17.322,17.6,17.95644,16.6,7250
2024-09-11,17.072,17.126,18.2,16.602,5316
2024-09-12,17.34,17.16,18.0,17.0,4470
2024-09-13,17.8,16.4,17.8,15.812,9067
2024-09-16,16.1,15.826,16.904,15.4,4028
2024-09-17,16.0,14.38,16.0,13.13,24578
2024-09-18,14.36,13.848,14.4,13.54,4599
2024-09-19,13.9,13.028,14.4,12.74,7899
2024-09-20,13.20198,12.896,14.172,12.604,11022
2024-09-23,12.896,12.002,13.1,11.5,14375
2024-09-24,12.284,12.2,12.55,11.9,3692
2024-09-25,12.002,11.6,12.558,11.6,7501
2024-09-26,11.846,11.72,12.18,11.64,3704
2024-09-27,11.84,12.0,12.85228,11.744,3345
2024-09-30,12.2,11.988,12.2,11.74,3803
2024-10-01,11.988,11.706,12.0,11.602,2480
2024-10-02,12.0,11.622,12.2,11.6,3268
2024-10-03,11.65,11.62,12.232,11.6,3841
2024-10-04,11.622,11.88,11.996,11.6,1152
2024-10-07,11.8,11.698,11.8,11.3,3647
2024-10-08,11.8,12.002,12.398,11.42,2987
2024-10-09,12.196,12.017,12.296,11.806,3049
2024-10-10,11.62,11.742,12.16,11.62,3643
2024-10-11,11.93,11.82,12.098,11.6,2531
2024-10-14,11.804,11.82,12.174,11.6,1791
2024-10-15,12.312,11.712,12.312,11.404,3228
2024-10-16,11.622,11.952,11.994,11.5,3749
2024-10-17,11.952,11.5,11.952,11.416,3243
2024-10-18,11.78,10.78,11.78,10.422,11495
2024-10-21,10.6,10.32,10.78,9.22,23323
2024-10-22,10.2,10.6,11.164,10.2,44761
2024-10-23,10.52,9.868,11.302,9.80202,33618
2024-10-24,9.9,9.9,10.166,9.2,44856
2024-10-25,7.97,7.71,8.88,7.51,137513
2024-10-28,19.22,12.38,21.49,11.81,18364937
2024-10-29,11.82,10.43,12.13,9.1301,624706
2024-10-30,10.35,10.24,10.96,9.685,186069
2024-10-31,15.49,14.31,17.1499,11.81,8525206
2024-11-01,12.79,10.92,13.25,10.3,393657
2024-11-04,10.7,11.7,12.2346,10.5532,168968
2024-11-05,11.45,12.21,12.7,10.814,216324
2024-11-06,12.13,12.9,14.079,11.3,330209
2024-11-07,12.5,11.815,15.0,11.5,657055
2024-11-08,11.99,11.18,12.4928,10.87,115750
2024-11-11,11.09,10.65,11.37,10.45,70993
2024-11-12,10.5,10.6,11.09,10.0,68583
2024-11-13,10.47,10.26,10.6399,10.0101,43075
2024-11-14,10.58,9.57,10.89,9.03,83206
2024-11-15,9.52,11.66,11.71,9.52,174049
2024-11-18,13.0,12.39,13.775,12.01,195183
2024-11-19,13.0,13.19,13.6499,11.7,172799
2024-11-20,13.19,13.36,14.0,12.95,70742
2024-11-21,13.16,13.52,14.06,13.16,43162
2024-11-22,6.2,6.28,6.66,5.85,945993
2024-11-25,6.65,6.33,6.65,6.1601,224847
2024-11-26,6.05,6.0,6.1834,5.5501,190756
2024-11-27,5.9,5.49,5.9344,5.46,106500
2024-11-29,5.49,4.92,5.51,4.82,263940
2024-12-02,5.0,4.48,5.25,4.3201,205520
2024-12-03,4.32,3.97,4.75,3.87,136096
2024-12-04,4.1,3.87,4.1,3.82,89124
2024-12-05,3.85,3.61,4.0,3.6,150000
2024-12-06,3.7,3.95,3.96,3.55,115014
2024-12-09,3.94,3.53,3.98,3.5,141419
2024-12-10,3.55,3.35,3.6,3.31,156968
2024-12-11,3.3,3.35,3.35,3.11,149852
2024-12-12,3.28,3.15,3.29,3.01,135767
2024-12-13,3.16,3.19,3.25,3.1,50589
2024-12-16,3.15,3.12,3.23,3.0,82079
2024-12-17,3.06,3.31,3.36,2.9939,114143
2024-12-18,3.3,3.16,3.3,3.02,96499
2024-12-19,3.16,3.0,3.355,2.88,152740
2024-12-20,3.01,3.6,3.6,3.0,298445
2024-12-23,3.57,3.5,3.57,3.38,59501
2024-12-24,3.51,3.39,3.58,3.3,41210
2024-12-26,3.32,3.49,3.6144,3.3,75083
2024-12-27,3.43,3.3,3.5439,3.22,41326
2024-12-30,4.56,3.98,4.58,3.63,11952730
2024-12-31,3.93,3.76,4.14,3.55,508922
2025-01-02,3.66,3.37,3.76,3.35,202416
2025-01-03,3.37,3.47,3.54,3.29,101660
2025-01-06,3.57,2.985,3.57,2.93,197882
2025-01-07,3.0,2.95,3.095,2.91,80002
2025-01-08,2.95,2.86,3.04,2.7,173137
2025-01-10,2.9,2.89,2.9265,2.72,23816
2025-01-13,2.86,2.64,2.9,2.6,55484
2025-01-14,2.62,2.75,2.78,2.55,67044
2025-01-15,2.68,3.04,3.3,2.61,757373
2025-01-16,2.76,2.86,3.05,2.62,166785
2025-01-17,2.87,3.14,3.225,2.62,4301418
2025-01-21,2.87,2.96,3.14,2.86,230308
2025-01-22,2.91,3.21,3.325,2.9039,204658
2025-01-23,3.08,2.99,3.11,2.85,114690
2025-01-24,2.94,3.09,3.12,2.92,65031
2025-01-27,2.97,2.93,3.05,2.88,58950
2025-01-28,3.0,2.98,3.05,2.91,33287
2025-01-29,2.96,3.09,3.16,2.95,106925
2025-01-30,3.0,3.05,3.0882,2.9204,67877
2025-01-31,3.1,2.91,3.1,2.86,41651
2025-02-03,2.76,2.7,2.93,2.7,154392
2025-02-04,2.72,2.685,2.7646,2.63,153561
2025-02-05,2.73,2.81,2.84,2.63,122873
2025-02-06,2.74,2.72,2.8,2.7,26032
2025-02-07,2.74,2.7,2.74,2.6606,13279
2025-02-10,2.66,2.72,2.79,2.66,51158
2025-02-11,2.72,2.66,2.74,2.64,24833
2025-02-12,2.64,2.72,2.74,2.6392,67261
2025-02-13,2.69,2.85,2.92,2.69,57363
2025-02-14,2.8491,2.84,2.9,2.75,12687
2025-02-18,2.87,2.85,2.95,2.7822,22270
2025-02-19,2.84,2.87,2.94,2.7565,22384
2025-02-20,2.95,2.93,2.95,2.79,11872
2025-02-21,2.83,2.965,3.09,2.8102,56856
2025-02-24,2.97,2.98,3.04,2.87,32989
2025-02-25,2.94,2.75,2.94,2.73,31958
2025-02-26,2.9,2.84,3.0,2.75,22295
2025-02-27,2.77,2.84,2.95,2.77,14675
2025-02-28,2.83,2.75,2.875,2.6,64347
2025-03-03,2.72,2.38,2.77,2.38,50205
2025-03-04,2.3,2.47,2.47,2.2355,16358
2025-03-05,2.51,2.4317,2.51,2.35,30951
2025-03-06,2.4,2.5,2.51,2.4,7237
2025-03-07,2.5,2.65,2.68,2.42,11560
2025-03-10,2.5105,2.37,2.61,2.31,44866
2025-03-11,2.31,2.33,2.37,2.28,10351
2025-03-12,2.33,2.06,2.33,2.06,40613
2025-03-13,2.12,2.05,2.12,2.03,23098
2025-03-14,2.04,1.85,2.04,1.83,59366
2025-03-17,1.85,1.9903,2.0,1.85,20107
2025-03-18,1.98,1.9,2.0201,1.87,29734
2025-03-19,1.91,1.98,1.98,1.9,8456
2025-03-20,2.16,2.19,2.25,2.0501,88465
2025-03-21,2.23,1.99,2.25,1.96,42523
2025-03-24,2.05,2.03,2.25,1.9,132930
2025-03-25,2.04,2.0114,2.05,1.95,26126
2025-03-26,2.11,1.87,2.11,1.79,198036
2025-03-27,1.87,1.91,1.92,1.87,3551
2025-03-28,1.91,1.83,1.91,1.8,12863
2025-03-31,1.8,1.75,1.81,1.69,30572
2025-04-01,1.72,1.73,1.7699,1.7,16037
2025-04-02,1.71,1.74,1.74,1.5201,16916
2025-04-03,1.66,1.67,1.775,1.6576,11468
2025-04-04,1.7,1.645,1.7,1.6259,10041
2025-04-07,1.65,1.61,1.65,1.5328,15529
2025-04-08,1.75,1.6055,1.75,1.56,12733
2025-04-09,1.5963,1.63,1.67,1.52,16406
2025-04-10,1.64,1.64,1.64,1.58,5808
2025-04-11,1.6,1.686,1.7,1.6,13528
