2024-01-26,26.6208,26.6208,26.6208,26.6208,0
2024-01-29,26.7892,26.7892,26.7892,26.7892,85
2024-01-30,26.8146,26.8146,26.8146,26.8146,7
2024-01-31,26.5055,26.5055,26.5055,26.5055,0
2024-02-01,26.6084,26.6084,26.6084,26.6084,0
2024-02-02,26.4595,26.4595,26.4595,26.4595,2
2024-02-05,26.41,26.4156,26.52,26.39,10300
2024-02-06,26.1775,26.1775,26.1775,26.1775,82
2024-02-07,26.241,26.241,26.241,26.241,15
2024-02-08,26.24,26.3282,26.3282,26.24,131
2024-02-09,26.347,26.347,26.347,26.347,14
2024-02-12,26.6302,26.6302,26.6302,26.6302,39
2024-02-13,26.36,26.3606,26.3606,26.3599,348
2024-02-14,26.4665,26.4665,26.4665,26.4665,23
2024-02-15,27.0136,27.0136,27.0136,27.0136,37
2024-02-16,27.3,27.1977,27.3,27.1977,2493
2024-02-20,25.84,27.4374,27.4374,25.84,1484
2024-02-21,27.7,27.5685,27.7,27.5685,2924
2024-02-22,27.83,27.8324,27.8324,27.8299,214
2024-02-23,27.95,27.9026,27.95,27.9026,2308
2024-02-26,27.91,27.7153,27.91,27.7153,1120
2024-02-27,27.7615,27.3388,27.7615,27.7615,6
2024-02-28,27.19,27.0732,27.19,27.0732,267
2024-02-29,27.23,27.218,27.23,27.175,595
2024-03-01,27.5836,27.5836,27.5836,27.5836,13
2024-03-04,27.61,27.5479,27.61,27.54,1333
2024-03-05,27.7342,27.7342,27.7342,27.7342,46
2024-03-06,29.0,28.0936,31.9,27.99,7400
2024-03-07,28.13,27.9873,28.22,27.9873,8859
2024-03-08,27.96,27.788,27.96,27.788,459
2024-03-11,27.67,27.8704,27.8704,27.6517,6865
2024-03-12,27.975,27.9748,27.98,27.95,2692
2024-03-13,28.07,27.9449,28.08,27.9449,21524
2024-03-14,27.51,27.51,27.51,27.51,322
2024-03-15,27.81,27.8071,27.81,27.8071,518
2024-03-18,27.91,27.8842,27.91,27.8842,385
2024-03-19,28.1,27.96,28.1,27.96,4975
2024-03-20,28.18,28.2715,28.3,28.18,768
2024-03-21,28.41,28.4104,28.44,28.34,61536
2024-03-22,29.83,28.2291,31.26,28.22,20717
2024-03-25,28.45,28.1115,28.51,28.1115,210054
2024-03-26,28.16,28.0699,28.16,28.04,26712
2024-03-27,28.2,28.1591,28.2,28.134,14765
2024-03-28,28.22,28.4965,28.5,28.22,20406
2024-04-01,29.18,28.58,30.62,28.4,111302
2024-04-02,28.67,28.7133,28.7133,28.54,48327
2024-04-03,29.0,28.9627,29.01,28.94,13384
2024-04-04,29.14,28.8454,29.17,28.8454,11956
2024-04-05,28.8,28.7262,28.82,28.7262,36988
2024-04-08,28.78,28.665,28.8,28.66,11973
2024-04-09,28.58,28.4319,28.58,28.38,362616
2024-04-10,28.38,28.1434,28.39,28.1434,156479
2024-04-11,28.13,28.0779,28.13,27.94,294214
2024-04-12,28.26,27.7332,28.26,27.7332,1558837
2024-04-15,28.41,27.292,28.41,27.292,951031
2024-04-16,27.08,27.0915,27.15,27.035,170322
2024-04-17,27.12,27.44,27.48,27.12,195916
2024-04-18,27.7,27.6345,27.75,27.6345,100011
2024-04-19,27.9499,28.027,28.26,27.92,146186
2024-04-22,28.21,28.29,28.29,28.185,112788
2024-04-23,28.3,28.3041,28.42,28.3,127956
2024-04-24,28.3,28.478,28.49,28.17,66044
2024-04-25,29.06,28.3852,30.34,28.24,11882
2024-04-26,28.43,28.4232,28.46,28.2,58203
2024-04-29,28.54,28.6126,28.6126,28.54,62549
2024-04-30,29.35,28.07,29.35,28.06,137012
2024-05-01,28.0,27.89,28.0,27.76,24270
2024-05-02,28.06,28.0227,28.15,28.02,11155
2024-05-03,28.1984,28.3316,28.3316,28.1599,26737
2024-05-06,28.53,28.45,28.53,28.36,92598
2024-05-07,28.6495,28.562,28.6495,28.48,11361
2024-05-08,28.57,28.7198,28.76,28.5,215691
2024-05-09,28.775,28.33,28.93,28.33,20649
2024-05-10,28.74,28.5013,28.7496,28.37,66177
2024-05-13,28.53,28.1516,28.53,28.14,24182
2024-05-14,28.16,28.4561,28.46,28.16,42696
2024-05-15,28.335,28.4253,28.45,28.22,23915
2024-05-16,28.69,28.23,28.69,28.21,100772
2024-05-17,28.29,28.65,28.65,28.16,130938
2024-05-20,28.565,28.84,28.84,28.5,371110
2024-05-21,28.67,28.64,28.77,28.55,31213
2024-05-22,28.34,28.06,28.36,28.06,42989
2024-05-23,28.2,27.8992,28.21,27.79,96651
2024-05-24,27.92,27.95,27.95,27.77,157120
2024-05-28,28.21,27.4965,28.21,27.79,524485
2024-05-29,27.45,27.44,27.58,27.26,104845
2024-05-30,27.51,27.18,27.51,27.17,52121
2024-05-31,27.29,27.72,27.72,27.23,272599
2024-06-03,27.62,27.26,27.62,27.1,73709
2024-06-04,27.2,27.4,27.51,27.0,104767
2024-06-05,27.53,27.66,27.7097,27.2125,74167
2024-06-06,27.88,27.98,27.98,27.62,142065
2024-06-07,27.75,27.97,28.03,27.66,283740
2024-06-10,27.87,28.2,28.34,27.8601,207276
2024-06-11,28.19,28.12,28.28,28.04,285312
2024-06-12,28.13,27.93,28.19,27.93,13002
2024-06-13,27.83,27.82,27.9589,27.7804,43211
2024-06-14,27.7001,27.59,27.8,27.51,46402
2024-06-17,27.69,27.91,27.91,27.51,64221
2024-06-18,28.08,27.87,28.08,27.75,252484
2024-06-20,28.04,28.14,28.14,27.88,407579
2024-06-21,28.1072,28.18,28.2399,28.1072,148078
2024-06-24,28.16,28.72,28.72,28.16,181799
2024-06-25,28.5501,28.7299,28.8,28.46,97106
2024-06-26,28.58,28.7499,28.78,28.55,145801
2024-06-27,28.77,28.76,28.77,28.5809,104173
2024-06-28,28.63,28.94,29.03,28.62,88609
2024-07-01,29.62,28.89,29.62,28.81,145474
2024-07-02,29.21,29.14,29.3,29.01,177839
2024-07-03,28.91,29.31,29.41,28.91,23367
2024-07-05,29.245,28.9253,29.245,28.92,83954
2024-07-08,29.05,29.13,29.2,28.99,234869
2024-07-09,29.37,29.16,29.37,28.86,181309
2024-07-10,29.29,29.09,29.29,28.9101,47283
2024-07-11,29.0455,29.085,29.11,28.97,94318
2024-07-12,29.05,29.22,29.29,29.05,67993
2024-07-15,29.19,29.4097,29.53,29.19,140212
2024-07-16,29.29,29.51,29.6092,29.29,41393
2024-07-17,29.7791,29.64,29.84,29.59,65465
2024-07-18,29.76,29.7199,29.87,29.67,50578
2024-07-19,29.77,29.56,29.96,29.54,147741
2024-07-22,29.66,29.8,29.87,29.55,126770
2024-07-23,29.63,29.68,29.71,29.55,145036
2024-07-24,29.58,28.94,29.58,28.94,183890
2024-07-25,28.973,28.81,29.1394,28.79,22464
2024-07-26,28.9361,29.0236,29.2,28.888,102123
2024-07-29,29.06,28.9,29.06,28.77,134676
2024-07-30,28.89,29.03,29.15,28.78,116712
2024-07-31,29.21,28.92,29.31,28.9,37905
2024-08-01,29.3,28.8092,29.3,28.53,150327
2024-08-02,28.44,28.2423,28.5,27.99,143958
2024-08-05,27.08,27.48,27.69,27.0004,183836
2024-08-06,27.57,27.99,28.13,27.57,21755
2024-08-07,28.2399,27.8581,28.42,27.7998,24604
2024-08-08,27.68,28.14,28.22,27.68,39999
2024-08-09,28.51,27.8996,28.51,27.71,50723
2024-08-12,27.96,27.34,27.96,27.33,263295
2024-08-13,27.58,27.285,27.58,27.1541,129405
2024-08-14,27.41,27.9,27.9,27.39,76449
2024-08-15,28.02,28.17,28.3,28.02,27150
2024-08-16,28.35,28.72,28.75,28.315,51559
2024-08-19,28.98,28.92,29.03,28.67,108863
2024-08-20,28.77,28.47,28.77,28.43,113682
2024-08-21,28.4792,28.4546,28.6099,28.41,50561
2024-08-22,28.62,28.48,28.62,28.47,255766
2024-08-23,28.727,28.81,28.86,28.699,118103
2024-08-26,29.0,28.86,29.0,28.86,26550
2024-08-27,28.77,28.1185,28.89,28.51,19927
2024-08-28,28.0099,27.81,28.0099,27.741,29905
2024-08-29,28.185,28.43,28.51,28.147,103705
2024-08-30,28.2,28.5707,28.59,28.2,34778
2024-09-03,28.74,28.18,28.74,28.0,32936
2024-09-04,28.11,28.14,28.43,28.07,35515
2024-09-05,28.1,28.14,28.37,28.1,40359
2024-09-06,28.02,28.01,28.33,27.91,63118
2024-09-09,28.1597,28.04,28.1597,27.98,42044
2024-09-10,28.22,28.08,28.27,27.83,1634231
2024-09-11,28.05,28.08,28.329,27.96,78168
2024-09-12,28.42,28.39,28.52,28.39,145215
2024-09-13,28.69,28.69,28.69,28.53,27696
2024-09-16,28.77,28.82,28.97,28.726,48665
2024-09-17,28.96,28.89,29.0559,28.8,21381
2024-09-18,29.0,28.71,29.0,28.69,54189
2024-09-19,28.82,28.61,28.82,28.53,95518
2024-09-20,28.43,28.49,28.5992,28.43,49769
2024-09-23,28.81,28.89,28.9699,28.5,50732
2024-09-24,29.0,28.94,29.0,28.7301,68050
2024-09-25,28.775,28.73,28.775,28.59,42572
2024-09-26,28.54,28.16,28.54,28.14,64372
2024-09-27,28.36,28.38,28.46,28.2301,46324
2024-09-30,28.28,28.46,28.575,28.23,49242
2024-10-01,28.29,28.6931,28.74,28.29,60559
2024-10-02,28.67,28.6322,28.87,28.5031,20842
2024-10-03,28.51,28.78,28.91,28.51,35747
2024-10-04,29.0,28.93,29.0061,28.8,29228
2024-10-07,28.99,28.95,29.045,28.77,22002
2024-10-08,28.64,28.67,28.69,28.5316,37640
2024-10-09,28.4535,28.8,28.81,28.4535,33121
2024-10-10,28.95,28.89,28.95,28.81,15958
2024-10-11,28.95,28.9,29.02,28.89,29472
2024-10-14,29.17,29.07,29.17,28.84,45163
2024-10-15,28.74,28.52,28.74,28.52,24735
2024-10-16,28.92,28.83,28.92,28.66,19788
2024-10-17,28.755,28.59,28.755,28.49,15517
2024-10-18,28.539,28.54,28.54,28.36,18129
2024-10-21,28.44,28.16,28.5771,28.16,25712
2024-10-22,28.23,28.3673,28.3795,28.23,29458
2024-10-23,28.26,28.38,28.43,28.23,20593
2024-10-24,28.35,28.38,28.49,28.35,226725
2024-10-25,28.44,28.35,28.54,28.34,33292
2024-10-28,28.21,28.3,28.3,28.14,26260
2024-10-29,28.16,28.43,28.43,28.06,17338
2024-10-30,28.32,28.19,28.3515,28.19,15581
2024-10-31,28.1705,28.11,28.2384,28.11,29874
2024-11-01,28.3,28.17,28.3,28.09,66891
2024-11-04,28.13,28.13,28.36,28.13,22256
2024-11-05,28.48,28.62,28.79,28.44,21479
2024-11-06,29.3,29.34,29.5,29.14,37870
2024-11-07,29.4,29.3,29.57,29.225,33548
2024-11-08,29.3,29.16,29.31,29.09,92254
2024-11-11,29.1364,29.18,29.35,29.1364,27958
2024-11-12,29.2384,29.08,29.295,28.94,31383
2024-11-13,29.08,29.18,29.236,29.0257,31901
2024-11-14,29.04,29.47,29.47,29.04,44688
2024-11-15,29.44,29.61,29.79,29.44,46665
2024-11-18,29.7623,29.93,29.99,29.6883,36448
2024-11-19,29.77,30.17,30.17,29.77,48966
2024-11-20,30.0606,30.21,30.21,29.95,16492
2024-11-21,30.44,30.54,30.67,30.333,37124
2024-11-22,30.87,30.94,30.999,30.6,105737
2024-11-25,31.08,30.83,31.08,30.55,53723
2024-11-26,31.13,30.94,31.13,30.8455,141585
2024-11-27,30.9,31.1198,31.6099,30.9,33690
2024-11-29,31.3,31.63,31.8,31.3,28187
2024-12-02,31.56,31.35,31.56,31.09,49452
2024-12-03,31.49,31.32,31.49,31.07,29755
2024-12-04,31.48,30.67,31.48,30.61,58123
2024-12-05,30.6,30.9,31.04,30.6,25348
2024-12-06,31.16,30.67,31.16,30.565,48182
2024-12-09,30.58,30.28,30.98,30.22,65674
2024-12-10,30.46,30.15,30.46,29.83,27831
2024-12-11,30.26,30.25,30.35,30.03,43215
2024-12-12,30.47,30.31,30.47,30.2104,47961
2024-12-13,30.1901,30.26,30.28,30.14,50582
2024-12-16,30.39,29.58,30.39,29.58,115256
2024-12-17,29.34,29.4,29.49,29.2136,40907
2024-12-18,29.64,28.73,29.64,28.57,54903
2024-12-19,28.74,28.76,29.13,28.59,98671
2024-12-20,29.02,29.11,29.12,28.7045,116990
2024-12-23,29.33,29.17,29.35,28.8,83302
2024-12-24,29.27,29.68,29.7,29.27,39579
2024-12-26,29.64,29.33,29.64,29.142,42679
2024-12-27,29.2854,29.33,29.33,29.0,65676
2024-12-30,29.1,29.2539,29.4266,28.9825,75346
2024-12-31,29.63,29.51,29.63,29.32,88446
2025-01-02,29.7039,29.97,29.97,29.48,44867
2025-01-03,29.83,30.01,30.07,29.83,50965
2025-01-06,29.89,30.06,30.1288,29.89,38968
2025-01-07,29.85,29.96,30.05,29.81,31413
2025-01-08,29.98,30.46,30.46,29.97,109821
2025-01-10,30.7,30.06,30.7,30.01,62407
2025-01-13,29.99,30.45,30.5836,29.99,67145
2025-01-14,30.59,31.37,31.41,30.59,74067
2025-01-15,31.27,31.45,31.5517,31.26,54497
2025-01-16,31.49,32.06,32.06,31.43,60269
2025-01-17,31.73,32.12,32.12,31.73,246084
2025-01-21,32.44,32.62,32.6966,32.12,39881
2025-01-22,32.48,32.23,32.73,32.21,71443
2025-01-23,32.16,32.28,32.48,32.1,24221
2025-01-24,32.39,32.3,32.47,32.24,94142
2025-01-27,32.39,31.56,32.39,31.25,48723
2025-01-28,31.635,32.07,32.07,31.5178,31539
2025-01-29,31.83,32.09,32.29,31.83,46303
2025-01-30,32.55,31.91,32.66,31.91,58192
2025-01-31,32.39,32.1,32.61,31.999,200309
2025-02-03,31.36,32.42,32.53,31.36,95707
2025-02-04,32.31,32.87,32.88,32.31,93526
2025-02-05,32.87,33.06,33.17,32.87,36973
2025-02-06,32.85,32.65,32.97,32.45,91202
2025-02-07,32.39,32.3,32.6241,32.27,77618
2025-02-10,32.51,32.73,33.011,32.51,30997
2025-02-11,32.65,32.33,32.65,32.13,75112
2025-02-12,32.18,31.97,32.2013,31.805,50905
2025-02-13,31.98,32.43,32.51,31.98,38684
2025-02-14,32.655,32.69,32.935,32.65,40694
2025-02-18,32.8315,33.24,33.269,32.8315,120553
2025-02-19,33.4,33.19,33.4,32.99,76826
2025-02-20,32.8944,33.27,33.28,32.7329,140691
2025-02-21,33.26,32.87,33.26,32.6,43507
2025-02-24,32.66,32.74,32.74,32.28,26891
2025-02-25,32.25,32.5,32.56,32.1,48051
2025-02-26,32.32,32.63,32.64,32.32,20702
2025-02-27,32.87,32.41,32.87,32.41,88975
2025-02-28,32.49,32.5148,33.025,32.46,24550
2025-03-03,32.51,32.35,32.75,32.1873,39103
2025-03-04,31.93,31.69,32.01,31.4,57320
2025-03-05,31.52,31.37,31.53,30.95,45948
2025-03-06,31.13,30.94,31.28,30.68,80959
2025-03-07,30.92,31.28,31.55,30.78,37147
2025-03-10,30.97,31.4,31.67,30.97,78457
2025-03-11,31.57,31.55,31.8199,31.23,67866
2025-03-12,31.56,31.71,31.91,31.56,223227
2025-03-13,31.51,31.51,31.7793,31.37,37831
2025-03-14,31.69,32.02,32.1936,31.69,56059
2025-03-17,32.28,32.59,32.83,32.28,54937
2025-03-18,32.87,32.63,32.87,32.59,39030
2025-03-19,32.64,32.76,32.92,32.64,22888
2025-03-20,32.79,32.655,32.8229,32.61,11215
2025-03-21,32.4208,32.35,32.4604,32.27,43048
2025-03-24,32.5899,32.47,32.6,32.42,54975
2025-03-25,32.6722,32.66,32.7911,32.4366,23699
2025-03-26,32.8096,32.79,32.9659,32.62,44500
2025-03-27,32.69,32.63,32.7413,32.57,44941
2025-03-28,32.57,32.62,32.64,32.38,24504
2025-03-31,32.3,32.48,32.73,32.3,36484
2025-04-01,32.7,32.79,32.81,32.3218,21739
2025-04-02,32.8,32.98,33.076,32.73,50109
2025-04-03,32.25,31.82,32.34,31.71,60271
2025-04-04,30.88,28.88,30.88,28.8367,54708
2025-04-07,27.69,28.03,28.96,27.15,169630
2025-04-08,29.26,27.38,29.26,27.17,75471
2025-04-09,26.98,28.98,29.1535,26.645,108767
2025-04-10,28.47,27.91,28.47,27.36,110987
2025-04-11,27.95,28.35,28.42,27.31,150168
