2019-09-26,49.96,49.9049,49.98,49.9049,6592
2019-09-27,49.939,49.8695,51.85,49.8695,16409
2019-09-30,49.8547,49.7777,49.8547,49.7777,3521
2019-10-01,49.48,49.44,49.48,49.38,3100
2019-10-02,48.71,48.595,48.71,48.595,5502
2019-10-03,48.35,48.7031,48.76,48.35,116857
2019-10-04,49.05,49.0994,49.0994,49.05,20445
2019-10-07,49.0997,49.0997,49.0997,49.0997,79711
2019-10-08,48.99,48.6701,48.99,48.6701,24554
2019-10-09,48.75,48.87,48.9,48.75,54152
2019-10-10,49.25,49.2997,49.44,49.23,32736
2019-10-11,50.22,50.0807,50.25,50.065,3260
2019-10-14,50.13,50.185,50.19,50.1296,35057
2019-10-15,50.611,50.6004,50.611,50.5989,2928
2019-10-16,50.67,50.7443,50.83,50.67,64279
2019-10-17,51.09,50.7923,51.1725,50.7599,14695
2019-10-18,50.68,50.7688,50.7688,50.68,251
2019-10-21,51.0999,51.1034,51.2175,50.98,11217
2019-10-22,51.12,51.0129,51.33,51.0129,14750
2019-10-23,51.13,51.215,51.24,51.13,53617
2019-10-24,51.247,51.3,51.45,51.2295,1455783
2019-10-25,51.27,51.36,51.36,51.26,1477
2019-10-28,51.55,51.5957,51.65,51.4857,14971
2019-10-29,51.4855,51.537,51.74,51.4855,21277
2019-10-30,51.37,51.6226,51.6226,51.32,3442
2019-10-31,51.46,51.5479,51.67,51.41,6992
2019-11-01,51.78,51.9252,52.4075,51.78,19893
2019-11-04,52.38,52.4265,52.4593,52.38,6716
2019-11-05,52.36,52.2949,52.36,52.1954,3004
2019-11-06,52.27,52.23,52.27,52.23,2613
2019-11-07,52.55,52.41,52.55,52.39,7430
2019-11-08,52.33,52.3859,52.3859,52.2864,46082
2019-11-11,52.34,52.3752,52.3752,52.34,18041
2019-11-12,52.4,52.39,52.46,52.32,20707
2019-11-13,52.18,52.17,52.18,52.1165,4533
2019-11-14,51.97,52.08,52.08,51.97,799
2019-11-15,52.36,52.4202,52.4533,52.3349,9377
2019-11-18,52.42,52.47,52.53,52.3362,5829
2019-11-19,52.45,52.3771,52.45,52.18,15195
2019-11-20,52.14,52.019,52.18,51.9908,4187
2019-11-21,51.95,51.9282,51.95,51.88,1739
2019-11-22,52.15,52.0444,52.19,52.0444,2403
2019-11-25,52.43,52.48,52.48,52.3201,3255
2019-11-26,52.43,52.5054,52.53,52.43,2154
2019-11-27,52.62,52.6725,52.79,52.6,2712
2019-11-29,52.4,52.3668,52.4,52.3668,280
2019-12-02,52.34,52.1913,52.34,51.93,66461
2019-12-03,51.49,51.9285,51.9285,51.46,17914
2019-12-04,52.14,52.38,52.39,52.14,6213
2019-12-05,52.445,52.4898,52.69,52.3969,15358
2019-12-06,52.82,52.86,53.38,52.76,10707
2019-12-09,52.82,52.6134,52.82,52.6134,1533
2019-12-10,52.48,52.6505,52.71,52.47,6748
2019-12-11,52.77,52.922,52.97,52.77,94428
2019-12-12,52.93,53.28,55.19,52.93,21898
2019-12-13,53.6299,53.562,53.65,53.509,2546
2019-12-16,53.98,54.04,54.11,53.97,6363
2019-12-17,53.9,53.89,53.9758,53.79,17054
2019-12-18,53.77,53.71,53.77,53.6,11608
2019-12-19,53.64,53.96,53.96,53.64,18867
2019-12-20,53.85,53.7,53.85,53.61,27190
2019-12-23,53.4801,53.68,53.73,53.4801,27805
2019-12-24,53.6601,53.6757,53.68,53.6601,8710
2019-12-26,53.81,53.84,53.85,53.7,31344
2019-12-27,53.81,53.9257,54.08,53.81,22144
2019-12-30,53.95,53.6774,53.95,53.6774,59934
2019-12-31,53.71,53.7742,53.7742,53.5601,6266
2020-01-02,54.14,54.2852,54.2852,54.14,19913
2020-01-03,54.06,53.82,54.0999,53.82,7853
2020-01-06,53.58,53.915,53.915,53.58,10280
2020-01-07,53.95,53.875,53.955,53.875,4808
2020-01-08,53.76,53.8665,54.0299,53.76,2525
2020-01-09,54.0799,54.082,54.082,54.0799,609
2020-01-10,54.0199,53.8375,54.0199,53.8375,937
2020-01-13,53.9937,54.0392,54.11,53.9807,10899
2020-01-14,54.0673,54.1469,54.23,54.0673,1724
2020-01-15,54.05,54.06,54.1779,54.05,2567
2020-01-16,54.11,54.2753,54.35,54.11,36311
2020-01-17,54.4,54.433,54.45,54.36,2229
2020-01-21,54.3076,54.0755,54.319,54.0755,1447
2020-01-22,54.26,54.1297,54.26,54.1,8710
2020-01-23,53.93,53.9587,53.9587,53.68,4560
2020-01-24,54.16,53.7593,54.16,53.72,7865
2020-01-27,54.0,52.7691,54.0,52.67,25575
2020-01-28,52.84,53.1,53.11,52.77,5745
2020-01-29,53.3099,53.1085,53.3099,53.1085,2742
2020-01-30,52.74,53.0568,53.0568,52.7288,14014
2020-01-31,52.76,52.3774,52.76,52.1651,9814
2020-02-03,52.47,52.311,52.51,52.311,4951
2020-02-04,53.03,53.0856,53.17,52.9,3307
2020-02-05,53.59,53.741,53.81,53.59,6644
2020-02-06,53.78,53.8376,53.88,53.78,3698
2020-02-07,53.3499,53.24,53.4,53.23,7886
2020-02-10,53.12,53.242,53.27,53.09,10527
2020-02-11,53.57,53.5701,53.69,53.5044,5488
2020-02-12,53.86,53.91,53.91,53.836,2600
2020-02-13,53.693,53.528,53.7,53.528,1531
2020-02-14,53.52,53.5022,53.54,53.375,49607
2020-02-18,53.035,53.092,53.15,53.02,8633
2020-02-19,53.33,53.3532,53.38,53.31,12044
2020-02-20,53.2799,53.0566,53.2799,52.9179,1316
2020-02-21,53.0,52.8295,53.0,52.78,11408
2020-02-24,51.09,50.8001,51.26,50.8001,9402
2020-02-25,50.2901,49.9332,50.3,49.7801,18709
2020-02-26,50.36,49.96,50.5,49.96,20144
2020-02-27,49.28,48.3,49.5,47.39,53727
2020-02-28,46.91,47.9,48.01,46.91,124979
2020-03-02,48.19,48.74,48.84,47.77,29749
2020-03-03,48.85,48.39,49.21,48.1211,36337
2020-03-04,48.771,49.69,49.7,48.7701,60871
2020-03-05,48.29,48.2115,48.6066,48.025,120064
2020-03-06,47.54,47.3626,47.57,47.14,49022
2020-03-09,44.2899,43.64,45.11,43.44,105429
2020-03-10,44.79,44.97,45.06,43.48,89287
2020-03-11,43.97,42.71,44.54,42.51,162334
2020-03-12,38.87,38.3001,39.99,37.57,199992
2020-03-13,40.38,39.8973,40.93,37.74,197981
2020-03-16,37.15,36.06,37.92,35.61,316965
2020-03-17,35.935,36.64,38.05,35.8321,685187
2020-03-18,35.48,34.3,36.18,34.07,457606
2020-03-19,34.975,35.83,36.07,34.97,309937
2020-03-20,36.5,34.81,37.075,34.81,203762
2020-03-23,35.14,34.4415,35.32,34.2542,187199
2020-03-24,36.52,37.57,38.45,36.52,300002
2020-03-25,37.93,38.9,39.51,37.57,322612
2020-03-26,39.53,40.97,40.97,39.43,205532
2020-03-27,39.24,39.3,40.08,38.9,157247
2020-03-30,39.2399,39.96,39.99,39.05,219887
2020-03-31,39.595,39.73,40.125,39.29,238094
2020-04-01,38.45,38.19,39.02,38.1783,179688
2020-04-02,38.09,38.79,38.94,38.09,72147
2020-04-03,38.25,37.91,38.25,37.64,72815
2020-04-06,39.43,39.98,39.98,39.38,71792
2020-04-07,41.35,40.33,41.44,40.3,105305
2020-04-08,40.52,40.75,40.9578,40.209,111777
2020-04-09,41.2,41.84,42.0,41.2,73627
2020-04-13,41.66,40.86,41.85,40.86,134761
2020-04-14,42.0,42.08,42.35,41.85,59460
2020-04-15,40.87,40.73,41.01,40.5,117470
2020-04-16,40.62,40.666,40.69,40.335,57770
2020-04-17,41.48,41.79,41.79,41.3401,33712
2020-04-20,41.25,41.08,41.85,41.08,43382
2020-04-21,40.61,40.4223,40.8699,40.318,27500
2020-04-22,41.06,41.01,41.09,40.74,294791
2020-04-23,41.37,41.1,41.745,41.08,28266
2020-04-24,41.2556,41.48,41.55,41.0405,46558
2020-04-27,41.79,42.19,42.2,41.75,47259
2020-04-28,42.9,42.54,42.985,42.45,72681
2020-04-29,43.51,43.71,43.84,43.51,3933
2020-04-30,43.06,42.99,43.1985,42.6801,45573
2020-05-01,42.25,42.01,42.25,41.84,45864
2020-05-04,41.65,41.95,41.95,41.465,30728
2020-05-05,42.44,42.04,42.45,41.93,50962
2020-05-06,42.22,41.78,42.22,41.7,20362
2020-05-07,42.27,42.29,42.59,42.1981,50577
2020-05-08,42.88,43.02,43.12,42.81,52911
2020-05-11,42.87,43.0732,43.0732,42.8045,20610
2020-05-12,42.9841,42.44,43.1899,42.44,36345
2020-05-13,42.58,42.01,42.58,41.8001,83802
2020-05-14,41.16,41.56,41.5641,40.78,39085
2020-05-15,41.8,41.7415,41.8,41.505,35813
2020-05-18,42.77,43.4112,43.498,42.76,32786
2020-05-19,43.17,42.87,43.3956,42.87,23708
2020-05-20,43.64,43.72,43.85,43.64,19184
2020-05-21,43.46,43.36,43.5,43.34,27028
2020-05-22,43.06,43.34,43.3684,42.95,53158
2020-05-26,44.53,44.63,44.84,44.53,5889
2020-05-27,44.9,45.14,45.17,44.67,63738
2020-05-28,45.56,45.42,45.89,45.42,102794
2020-05-29,46.65,45.38,46.65,44.79,77201
2020-06-01,45.98,46.16,46.4,45.89,54270
2020-06-02,46.6,46.84,46.97,46.6,28793
2020-06-03,47.32,47.87,48.0683,47.32,29527
2020-06-04,47.82,47.92,48.07,47.72,111887
2020-06-05,48.79,48.72,49.0147,48.7,14018
2020-06-08,48.9601,49.4169,49.44,48.77,51191
2020-06-09,48.6,48.73,48.7741,48.54,29447
2020-06-10,48.69,48.47,48.946,48.44,22776
2020-06-11,47.55,45.71,47.55,45.63,33491
2020-06-12,46.86,46.61,46.98,46.015,11093
2020-06-15,45.68,46.77,46.9,45.645,25240
2020-06-16,47.73,47.28,47.81,47.2,46432
2020-06-17,47.5117,47.38,47.65,47.2523,26119
2020-06-18,47.05,47.18,47.27,47.03,21890
2020-06-19,47.7,46.97,47.7,46.9,30498
2020-06-22,47.05,46.9995,47.53,47.05,20533
2020-06-23,47.66,47.24,47.721,47.24,63953
2020-06-24,46.6,46.14,46.6,46.02,23092
2020-06-25,46.07,46.68,46.69,45.9,38020
2020-06-26,46.44,45.99,46.44,45.9,30611
2020-06-29,46.12,46.31,46.419,46.04,36024
2020-06-30,46.05,46.45,46.49,46.0363,21076
2020-07-01,46.49,46.59,46.68,46.31,14465
2020-07-02,46.94,46.9499,47.44,46.94,19454
2020-07-06,47.77,47.6968,47.82,47.53,52181
2020-07-07,47.42,47.14,47.5166,47.14,15563
2020-07-08,47.1459,47.49,47.49,47.0662,9430
2020-07-09,47.13,46.85,47.13,46.73,5312
2020-07-10,47.12,47.4,47.42,47.0439,2532
2020-07-13,47.72,47.145,47.8638,47.13,11013
2020-07-14,47.33,47.79,47.8,47.33,9349
2020-07-15,48.5634,48.44,48.58,48.2995,13297
2020-07-16,48.24,48.18,48.38,48.04,17950
2020-07-17,48.2,48.3695,48.3695,48.2,3263
2020-07-20,48.44,48.6,48.64,48.4144,10140
2020-07-21,48.89,48.86,49.11,48.8421,77482
2020-07-22,48.95,49.0028,49.03,48.916,3107
2020-07-23,48.9621,48.65,49.0,48.54,54153
2020-07-24,48.47,48.41,48.47,48.33,7716
2020-07-27,48.91,49.013,49.07,48.8901,10534
2020-07-28,48.87,48.82,48.99,48.7772,3559
2020-07-29,48.96,49.23,49.37,48.8893,32882
2020-07-30,48.2,48.54,48.565,47.9,6792
2020-07-31,48.08,47.64,48.08,47.3981,16230
2020-08-03,48.03,48.39,48.39,48.03,3020
2020-08-04,48.32,48.77,48.77,48.32,16767
2020-08-05,49.33,49.08,49.42,49.07,12102
2020-08-06,49.06,49.15,49.24,48.9321,10065
2020-08-07,48.82,49.03,49.03,48.72,11432
2020-08-10,49.125,49.1391,49.16,49.07,8843
2020-08-11,49.7879,49.4268,49.94,49.4043,24793
2020-08-12,50.491,50.39,50.535,50.33,9798
2020-08-13,50.35,50.22,50.5,50.0994,8737
2020-08-14,49.92,49.9007,50.03,49.85,10476
2020-08-17,50.25,50.3109,50.33,50.21,11105
2020-08-18,50.49,50.3703,50.49,50.32,63662
2020-08-19,50.4201,50.07,50.4201,50.07,9398
2020-08-20,49.635,49.9533,50.0493,49.5888,17878
2020-08-21,49.28,49.6401,49.729,48.92,42286
2020-08-24,50.17,50.2317,50.265,50.0501,71251
2020-08-25,50.47,50.34,50.47,50.09,13306
2020-08-26,50.26,50.6512,50.71,50.26,10593
2020-08-27,50.3199,50.2421,50.39,50.2421,13229
2020-08-28,50.47,50.5752,50.6099,50.32,12884
2020-08-31,50.57,50.34,50.57,50.34,12907
2020-09-01,50.21,50.2565,50.37,50.155,16408
2020-09-02,50.62,50.8938,50.8938,50.46,22191
2020-09-03,50.76,49.8042,50.78,49.76,52261
2020-09-04,49.95,49.9361,50.06,49.21,27125
2020-09-08,49.54,49.36,49.6791,49.21,19185
2020-09-09,49.95,50.1811,50.3299,49.92,26192
2020-09-10,50.41,49.6583,50.42,49.6526,17999
2020-09-11,50.1,50.0356,50.23,49.85,16230
2020-09-14,50.45,50.4065,50.58,50.27,34399
2020-09-15,50.7,50.6593,50.755,50.63,32951
2020-09-16,50.83,50.6867,50.9789,50.6601,13524
2020-09-17,50.488,50.79,50.85,50.488,21537
2020-09-18,50.63,50.4708,50.76,50.4708,21219
2020-09-21,49.2,49.1414,49.21,48.7,25144
2020-09-22,49.14,49.23,49.29,48.79,52932
2020-09-23,49.27,48.5776,49.33,48.55,47969
2020-09-24,48.07,48.5241,48.74,48.07,8612
2020-09-25,48.24,48.6805,50.29,48.19,7341
2020-09-28,49.36,49.445,49.49,49.335,12188
2020-09-29,49.05,49.4097,49.46,49.05,25989
2020-09-30,49.31,49.26,49.51,49.21,9181
2020-10-01,49.521,49.5452,49.59,49.39,46212
2020-10-02,48.95,49.49,49.5699,48.95,16623
2020-10-05,49.94,50.31,50.315,49.94,13238
2020-10-06,50.34,49.8337,50.44,49.78,18646
2020-10-07,50.2,50.3055,50.369,50.16,13479
2020-10-08,50.6,50.632,50.69,50.52,31820
2020-10-09,50.99,51.0066,51.06,50.939,14743
2020-10-12,51.114,51.256,51.32,51.114,7926
2020-10-13,50.73,50.73,51.02,50.6101,121497
2020-10-14,50.96,50.7,50.96,50.7,18317
2020-10-15,49.74,50.0432,50.1294,49.7,56516
2020-10-16,50.3999,50.27,50.3999,50.24,24916
2020-10-19,50.5081,49.97,50.5081,49.97,24943
2020-10-20,50.49,50.33,50.65,50.31,22391
2020-10-21,50.44,50.255,50.589,50.2352,23765
2020-10-22,50.155,50.26,50.325,49.98,34414
2020-10-23,50.465,50.5059,50.56,50.26,37691
2020-10-26,49.87,49.6524,49.87,49.31,40848
2020-10-27,49.43,49.06,49.455,49.05,39602
2020-10-28,47.93,47.56,48.009,47.51,62993
2020-10-29,47.535,47.84,47.955,47.37,34216
2020-10-30,47.61,47.72,48.49,47.4,72097
2020-11-02,48.1935,48.2,48.289,47.9648,51992
2020-11-03,49.16,49.5528,49.679,49.16,23326
2020-11-04,49.6,49.82,50.23,49.58,15820
2020-11-05,50.84,51.01,51.11,50.84,21313
2020-11-06,51.24,51.15,51.345,51.15,20216
2020-11-09,53.65,52.64,53.65,52.64,42332
2020-11-10,53.2,52.98,53.219,52.98,22928
2020-11-11,53.65,53.51,53.65,53.17,27745
2020-11-12,52.98,52.599,53.03,52.5,34901
2020-11-13,53.13,53.39,53.39,53.0,20325
2020-11-16,54.09,53.9996,54.1,53.8446,19636
2020-11-17,53.88,54.0836,54.22,53.88,26535
2020-11-18,54.17,53.85,54.379,53.85,29749
2020-11-19,54.11,54.15,54.18,53.795,10652
2020-11-20,54.3,54.42,54.47,54.27,21889
2020-11-23,54.75,54.52,54.769,54.33,23610
2020-11-24,54.97,55.41,55.45,54.97,14719
2020-11-25,54.92,55.28,55.34,54.92,28145
2020-11-27,55.36,55.5029,55.57,55.36,5190
2020-11-30,55.44,54.47,55.44,54.46,40281
2020-12-01,55.41,55.8,55.97,55.41,60260
2020-12-02,55.45,55.85,55.91,55.45,32090
2020-12-03,56.07,56.02,56.2399,55.86,37412
2020-12-04,56.4799,56.5,56.57,56.4158,115617
2020-12-07,56.1184,56.11,56.2999,56.05,17739
2020-12-08,56.01,56.2191,56.255,55.92,30302
2020-12-09,56.5,56.33,56.5,56.0371,37680
2020-12-10,56.3,56.32,56.4,56.14,65421
2020-12-11,55.97,56.03,56.1,55.77,67933
2020-12-14,56.64,56.24,56.7,56.1977,54530
2020-12-15,56.45,56.92,56.96,56.45,53996
2020-12-16,57.07,56.5482,57.14,56.8,117571
2020-12-17,57.05,57.02,57.28,56.9755,526672
2020-12-18,56.89,56.79,56.89,56.6415,124370
2020-12-21,55.52,56.07,56.14,55.22,90592
2020-12-22,55.93,55.86,55.93,55.64,124548
2020-12-23,56.347,56.53,56.54,56.347,54072
2020-12-24,56.57,56.61,56.6168,56.4,46705
2020-12-28,57.1699,56.97,57.19,56.89,101531
2020-12-29,57.53,57.28,57.57,57.2,75153
2020-12-30,57.6415,57.43,57.73,57.43,100896
2020-12-31,57.27,57.19,57.33,57.0297,70272
2021-01-04,58.04,57.32,58.04,57.0597,71770
2021-01-05,57.48,58.01,58.0997,57.48,38162
2021-01-06,58.16,58.71,58.939,58.08,35127
2021-01-07,58.76,58.93,58.95,58.715,50055
2021-01-08,59.3,59.17,59.34,58.72,32355
2021-01-11,58.35,58.53,58.66,58.23,11516
2021-01-12,58.87,58.88,58.91,58.37,25063
2021-01-13,58.88,58.81,58.9696,58.72,49876
2021-01-14,58.99,59.22,59.34,58.99,34430
2021-01-15,58.59,58.23,58.59,58.05,28347
2021-01-19,58.52,58.59,58.6,58.4156,59949
2021-01-20,58.86,59.09,59.11,58.809,26480
2021-01-21,59.25,59.16,59.25,58.8384,41063
2021-01-22,58.69,58.73,58.81,58.58,37344
2021-01-25,58.43,58.48,58.48,57.87,29257
2021-01-26,58.71,58.59,58.71,58.44,24344
2021-01-27,57.59,57.12,57.676,57.04,33354
2021-01-28,57.55,57.79,57.99,57.55,16984
2021-01-29,57.27,56.66,57.2973,56.42,41155
2021-02-01,57.35,57.39,57.48,57.155,33856
2021-02-02,58.0,58.04,58.04,57.65,17591
2021-02-03,58.14,58.23,58.31,58.02,29378
2021-02-04,58.16,58.4,58.4,58.0992,12893
2021-02-05,58.705,58.83,58.87,58.56,19632
2021-02-08,59.37,59.38,59.453,59.25,27775
2021-02-09,59.37,59.605,59.66,59.31,33135
2021-02-10,59.86,59.41,59.86,59.3822,36273
2021-02-11,59.74,59.7785,59.83,59.5435,32396
2021-02-12,59.68,60.07,60.07,59.68,24454
2021-02-16,60.58,60.51,60.7399,60.439,39936
2021-02-17,60.035,60.18,60.22,59.87,135738
2021-02-18,59.71,59.71,59.7299,59.38,15464
2021-02-19,60.04,60.1,60.2625,60.0,30450
2021-02-22,59.99,60.095,60.45,59.99,19804
2021-02-23,59.77,60.06,60.25,59.5,25865
2021-02-24,59.82,60.56,60.58,59.785,80575
2021-02-25,60.53,59.52,60.77,59.36,53061
2021-02-26,59.4,58.68,59.4,58.65,37133
2021-03-01,59.4,59.6381,59.76,59.36,31025
2021-03-02,59.69,59.7,59.87,59.497,14948
2021-03-03,59.69,59.58,59.84,59.44,32944
2021-03-04,59.53,58.88,59.74,58.55,397001
2021-03-05,59.28,59.36,59.36,58.6217,18021
2021-03-08,59.22,59.21,59.6045,59.21,404674
2021-03-09,59.95,59.97,60.16,59.78,51806
2021-03-10,60.23,60.35,60.395,59.97,43640
2021-03-11,60.55,60.68,60.7699,60.415,382137
2021-03-12,60.45,60.97,60.97,60.45,28772
2021-03-15,60.96,61.1,61.11,60.6,43946
2021-03-16,61.27,61.09,61.27,61.0493,37916
2021-03-17,60.89,61.47,61.5,60.87,28785
2021-03-18,61.26,60.95,61.6,60.881,37398
2021-03-19,61.0,61.13,61.23,60.645,25645
2021-03-22,61.11,61.158,61.31,61.04,35346
2021-03-23,60.73,60.1128,60.73,60.075,31292
2021-03-24,60.0,59.91,60.33,59.895,30603
2021-03-25,59.86,60.27,60.2852,59.61,45003
2021-03-26,60.65,60.9934,60.9934,60.61,15233
2021-03-29,60.7125,60.73,60.8141,60.495,37375
2021-03-30,60.53,60.6201,60.715,60.365,21543
2021-03-31,60.54,60.505,60.72,60.45,53221
2021-04-01,60.87,61.33,61.33,60.7771,56792
2021-04-05,61.75,62.14,62.14,61.65,40855
2021-04-06,61.61,61.5744,61.72,61.485,56495
2021-04-07,61.7,61.79,61.905,61.6519,60620
2021-04-08,62.0,62.07,62.1,61.83,42491
2021-04-09,61.94,62.22,62.22,61.94,25657
2021-04-12,61.99,61.82,62.03,61.7781,79078
2021-04-13,62.06,62.2,62.26,62.01,24957
2021-04-14,62.29,62.36,62.51,62.2713,28573
2021-04-15,62.73,62.78,62.79,62.64,42459
2021-04-16,62.98,63.24,63.24,62.96,59832
2021-04-19,63.34,63.13,63.39,62.995,497202
2021-04-20,62.52,61.98,62.52,61.8181,158520
2021-04-21,61.71,62.47,62.48,61.66,253912
2021-04-22,62.58,62.3,62.6449,62.1925,70390
2021-04-23,62.46,62.94,63.03,62.46,56703
2021-04-26,62.98,63.12,63.179,62.97,47559
2021-04-27,62.84,63.02,63.05,62.82,20331
2021-04-28,62.96,63.1528,63.285,62.96,26689
2021-04-29,63.33,63.15,63.3875,62.7849,19918
2021-04-30,62.84,62.37,62.875,62.32,33212
2021-05-03,62.87,63.0973,63.165,62.87,28410
2021-05-04,62.49,62.32,62.64,61.9625,27429
2021-05-05,62.89,63.0981,63.23,62.7901,14699
2021-05-06,63.32,63.54,63.5799,63.04,24810
2021-05-07,63.83,64.42,64.43,63.83,89218
2021-05-10,64.66,64.2,64.709,64.18,29963
2021-05-11,63.13,63.47,63.57,62.9838,651600
2021-05-12,62.9,62.32,63.1261,62.195,55149
2021-05-13,62.33,62.74,62.82,62.32,82361
2021-05-14,63.18,63.68,64.0,63.18,67085
2021-05-17,63.39,63.66,63.66,63.334,76773
2021-05-18,64.05,63.879,64.185,63.8671,35980
2021-05-19,63.1,63.22,63.45,62.73,49995
2021-05-20,63.56,63.9639,64.035,63.56,39033
2021-05-21,64.1,64.03,64.19,63.86,28453
2021-05-24,64.24,64.46,64.5021,64.19,35864
2021-05-25,64.5,64.35,64.62,64.3,37999
2021-05-26,64.42,64.31,65.8,64.17,70082
2021-05-27,64.46,64.62,64.6683,64.46,32868
2021-05-28,64.82,64.74,64.98,64.74,34298
2021-06-01,65.28,65.1,65.3908,65.1,39865
2021-06-02,65.21,65.31,65.45,65.18,39149
2021-06-03,64.97,64.9707,65.0696,64.85,45993
2021-06-04,65.37,65.56,65.62,65.37,46137
2021-06-07,65.68,65.71,65.75,65.61,32703
2021-06-08,65.67,65.7049,65.7595,65.57,54801
2021-06-09,65.58,65.3795,65.58,65.36,33680
2021-06-10,65.37,65.49,65.62,65.37,27626
2021-06-11,65.53,65.56,65.61,65.4621,41536
2021-06-14,65.59,65.62,65.7249,65.5301,27872
2021-06-15,65.62,65.64,65.669,65.515,47987
2021-06-16,65.59,65.16,65.74,65.005,56989
2021-06-17,64.84,64.48,64.85,64.286,55068
2021-06-18,63.5,63.27,63.5,63.22,64394
2021-06-21,63.72,63.381,64.189,63.56,34275
2021-06-22,63.16,63.47,63.6617,63.14,41510
2021-06-23,63.41,63.2,63.5699,63.14,66267
2021-06-24,63.59,63.74,63.7762,63.59,69823
2021-06-25,63.89,63.94,63.98,63.75,34658
2021-06-28,63.78,63.46,63.78,63.39,42766
2021-06-29,63.5,63.44,63.61,63.43,49745
2021-06-30,62.97,63.07,63.16,62.8,45452
2021-07-01,63.08,63.21,63.279,63.08,117525
2021-07-02,63.43,63.515,63.549,63.2101,33591
2021-07-06,63.55,63.07,63.5599,62.875,57215
2021-07-07,63.26,63.23,63.39,63.0,45158
2021-07-08,62.34,62.35,62.565,62.04,49450
2021-07-09,63.03,63.56,63.63,63.03,43113
2021-07-12,63.51,63.7,63.7888,63.49,37127
2021-07-13,63.64,63.4009,63.68,63.4,30977
2021-07-14,63.67,63.56,63.81,63.51,53536
2021-07-15,63.05,62.92,63.135,62.7201,52230
2021-07-16,62.99,62.45,62.99,62.3765,38334
2021-07-19,61.45,61.06,61.45,60.8179,66140
2021-07-20,61.02,61.67,61.75,60.96,35193
2021-07-21,62.09,62.75,62.76,62.09,66892
2021-07-22,62.98,62.76,63.01,62.558,57739
2021-07-23,63.1,63.18,63.2799,63.06,29077
2021-07-26,63.03,63.4,63.4435,63.03,24384
2021-07-27,63.22,63.11,63.22,62.9441,40137
2021-07-28,63.17,63.49,63.6345,63.13,33547
2021-07-29,63.93,63.98,64.1373,63.93,18741
2021-07-30,63.73,63.67,63.978,63.54,64997
2021-08-02,64.1,63.89,64.29,63.89,19482
2021-08-03,64.15,64.34,64.4,63.91,33964
2021-08-04,64.33,64.11,64.38,64.08,28737
2021-08-05,64.25,64.39,64.48,64.25,31360
2021-08-06,64.22,64.16,64.34,64.06,21207
2021-08-09,64.04,64.0325,64.14,63.99,35090
2021-08-10,63.99,64.26,64.269,63.99,26399
2021-08-11,64.55,64.69,64.7763,64.55,28261
2021-08-12,64.67,64.73,64.7357,64.57,33492
2021-08-13,64.85,65.05,65.07,64.85,44181
2021-08-16,64.65,64.66,64.66,64.251,57931
2021-08-17,64.01,63.95,64.11,63.6,73889
2021-08-18,63.88,63.73,64.16,63.73,36791
2021-08-19,62.86,63.01,63.09,62.75,28474
2021-08-20,62.67,63.15,63.15,62.6688,52467
2021-08-23,63.52,63.8,63.91,63.52,29590
2021-08-24,63.89,64.13,64.1983,63.89,48396
2021-08-25,63.999,64.18,64.279,63.999,51599
2021-08-26,64.01,63.8,64.085,63.77,128710
2021-08-27,63.83,64.46,64.578,63.83,49482
2021-08-30,64.5699,64.57,64.68,64.51,108925
2021-08-31,64.61,64.49,64.6242,64.45,60617
2021-09-01,64.84,65.01,65.1999,64.84,35011
2021-09-02,65.24,65.37,65.4396,65.2115,67086
2021-09-03,65.37,65.7022,65.75,65.34,25939
2021-09-07,65.6,65.49,65.703,65.49,60609
2021-09-08,65.23,65.03,65.36,64.9756,47402
2021-09-09,65.09,64.99,65.31,64.9601,38299
2021-09-10,65.38,64.8569,65.5157,64.8567,52147
2021-09-13,65.41,65.4246,65.45,65.2,31179
2021-09-14,65.58,65.12,65.6299,65.0101,44354
2021-09-15,65.0402,65.32,65.36,64.94,25387
2021-09-16,65.02,65.22,65.25,64.89,33303
2021-09-17,64.79,64.35,64.8953,64.17,36692
2021-09-20,62.92,63.06,63.1735,62.54,65280
2021-09-21,63.69,63.54,63.81,63.435,49880
2021-09-22,63.8,63.95,64.395,63.8,49145
2021-09-23,64.43,64.73,64.86,64.43,46469
2021-09-24,64.07,64.23,64.3,64.07,54346
2021-09-27,64.1,64.22,64.3179,63.98,50168
2021-09-28,63.26,62.8,63.26,62.671,67808
2021-09-29,63.08,62.7,63.08,62.7,62531
2021-09-30,62.7474,62.49,62.82,62.3561,60379
2021-10-01,62.52,62.63,62.81,62.16,32423
2021-10-04,62.46,62.15,62.62,61.91,46182
2021-10-05,62.19,62.56,62.86,62.19,95510
2021-10-06,61.61,62.17,62.1899,61.54,77654
2021-10-07,62.38,62.6622,62.8999,62.38,39617
2021-10-08,62.77,62.7,62.87,62.5701,50440
2021-10-11,62.75,62.53,63.0,62.52,33656
2021-10-12,62.67,62.65,62.84,62.51,24405
2021-10-13,62.93,63.2112,63.2682,62.8,69603
2021-10-14,63.74,63.85,63.93,63.71,44382
2021-10-15,64.21,64.36,64.45,64.17,29977
2021-10-18,63.98,64.15,64.2781,63.9201,37549
2021-10-19,64.49,64.57,64.6736,64.49,35597
2021-10-20,64.51,64.74,64.8198,64.51,41083
2021-10-21,64.41,64.39,64.57,64.305,52788
2021-10-22,64.66,64.76,64.879,64.5,38328
2021-10-25,64.65,64.75,64.825,64.56,18783
2021-10-26,65.07,64.8313,65.093,64.711,34325
2021-10-27,64.68,64.5,64.8581,64.4521,36224
2021-10-28,64.64,65.1,65.1,64.64,37011
2021-10-29,64.63,64.6632,64.71,64.4209,26679
2021-11-01,64.99,65.27,65.33,64.9632,38214
2021-11-02,65.08,65.03,65.1496,65.01,64673
2021-11-03,64.95,65.54,65.6455,64.88,77818
2021-11-04,65.44,65.49,65.49,65.225,38909
2021-11-05,65.53,65.5283,65.55,65.31,50247
2021-11-08,65.62,65.74,65.7852,65.62,40332
2021-11-09,65.65,65.54,65.67,65.36,55208
2021-11-10,65.34,64.74,65.42,64.64,51829
2021-11-11,64.96,64.93,65.1094,64.91,29332
2021-11-12,65.16,65.31,65.36,65.12,27142
2021-11-15,65.44,65.18,65.44,65.11,41956
2021-11-16,65.05,64.97,65.1684,64.97,56008
2021-11-17,64.8,64.73,64.8523,64.28,122762
2021-11-18,64.7374,64.8,64.888,64.52,38097
2021-11-19,64.44,64.2348,64.46,64.1941,67051
2021-11-22,64.18,63.92,64.4099,63.9017,59691
2021-11-23,63.69,63.83,63.9799,63.53,64021
2021-11-24,63.06,63.47,63.48,63.0,59558
2021-11-26,62.24,61.81,62.24,61.6,31597
2021-11-29,62.25,62.1,62.2554,61.85,89591
2021-11-30,61.89,61.48,61.98,60.965,96559
2021-12-01,62.26,61.09,62.5699,61.09,49863
2021-12-02,61.33,61.79,62.0137,61.33,126024
2021-12-03,61.97,61.6,61.97,61.19,65182
2021-12-06,61.97,62.12,62.269,61.75,52798
2021-12-07,63.0,63.48,63.56,63.0,53954
2021-12-08,63.48,63.55,63.67,63.4,90946
2021-12-09,63.22,62.97,63.22,62.97,51464
2021-12-10,63.09,63.13,63.1941,62.9052,91723
2021-12-13,62.86,62.375,62.86,62.35,129429
2021-12-14,62.12,62.0398,62.389,61.85,90900
2021-12-15,62.26,61.9907,62.85,61.9302,294100
2021-12-16,62.37,62.06,62.39,61.875,82300
2021-12-17,61.6,61.2,61.756,61.2,102931
2021-12-20,60.79,60.93,60.97,60.58,175317
2021-12-21,61.33,61.77,61.79,61.3176,393861
2021-12-22,61.8,62.47,62.51,61.74,198540
2021-12-23,62.51,62.87,62.9573,62.51,367010
2021-12-27,62.9,63.37,63.399,62.8716,152734
2021-12-28,63.43,63.41,63.61,63.34,229579
2021-12-29,63.41,63.52,63.559,63.3469,90672
2021-12-30,63.53,63.35,63.599,63.3201,83565
2021-12-31,63.27,63.39,63.61,63.27,82991
2022-01-03,63.66,63.76,63.8399,63.456,89337
2022-01-04,64.1,64.1,64.3099,63.911,83296
2022-01-05,64.36,63.6,64.5,63.6,78482
2022-01-06,63.4,63.35,63.67,63.1814,122422
2022-01-07,63.37,63.72,63.77,63.2143,77860
2022-01-10,62.97,63.06,63.0659,62.51,290435
2022-01-11,63.1964,63.75,63.7993,63.04,323605
2022-01-12,64.28,64.55,64.62,64.28,292394
2022-01-13,64.8126,64.27,64.8539,64.19,155015
2022-01-14,64.0199,64.02,64.2,63.75,209573
2022-01-18,63.39,63.21,63.5739,63.0373,88223
2022-01-19,63.47,63.06,63.5134,63.04,217254
2022-01-20,63.28,62.66,63.55,62.66,334070
2022-01-21,62.47,61.8,62.47,61.758,148297
2022-01-24,60.5,61.07,61.15,59.53,388039
2022-01-25,60.31,60.82,61.215,59.88,303304
2022-01-26,61.56,60.63,61.66,60.41,275528
2022-01-27,60.79,60.32,61.0536,60.1486,138644
2022-01-28,59.98,60.48,60.52,59.68,133104
2022-01-31,60.58,61.55,61.55,60.58,104611
2022-02-01,61.87,62.16,62.16,61.6,89682
2022-02-02,62.54,62.7,62.83,62.4,101838
2022-02-03,62.18,61.94,62.38,61.87,98643
2022-02-04,61.67,61.93,62.2,61.5081,123489
2022-02-07,61.95,62.08,62.3424,61.9,54542
2022-02-08,62.01,62.39,62.44,61.8864,61423
2022-02-09,63.1899,63.4,63.4,63.18,53253
2022-02-10,62.59,62.66,63.5031,62.5431,94361
2022-02-11,62.59,61.88,62.85,61.745,54843
2022-02-14,61.55,61.47,61.6383,61.07,90880
2022-02-15,62.1,62.39,62.44,61.98,97912
2022-02-16,62.28,62.61,62.82,62.28,94491
2022-02-17,62.23,61.78,62.288,61.66,126885
2022-02-18,61.71,61.44,61.83,61.27,85535
2022-02-22,60.87,60.62,61.15,60.21,147158
2022-02-23,61.21,60.26,61.239,60.11,112491
2022-02-24,58.28,59.08,59.26,57.91,299396
2022-02-25,59.85,60.79,60.83,59.66,233709
2022-02-28,59.92,60.0,60.4467,59.57,136269
2022-03-01,59.73,58.8,59.85,58.4304,249427
2022-03-02,59.09,59.55,59.6567,58.9549,442460
2022-03-03,59.36,58.47,59.36,58.2301,134869
2022-03-04,56.93,56.98,57.02,56.45,184606
2022-03-07,56.66,55.3,56.66,55.0,560666
2022-03-08,55.84,55.7,56.59,55.13,486462
2022-03-09,57.27,57.7,58.1,56.9749,375775
2022-03-10,57.09,57.25,57.505,56.95,123441
2022-03-11,57.87,56.91,57.9,56.85,168854
2022-03-14,57.65,57.2327,57.94,57.0931,149775
2022-03-15,57.29,57.56,57.659,56.9816,260221
2022-03-16,58.36,59.49,59.49,58.3112,236722
2022-03-17,59.18,59.86,60.0684,59.18,180482
2022-03-18,59.54,60.49,60.5499,59.46,150788
2022-03-21,60.41,60.4,60.63,60.0429,64878
2022-03-22,60.73,60.91,60.967,60.65,112056
2022-03-23,60.24,60.15,60.48,60.13,96847
2022-03-24,60.35,60.51,60.56,60.16,99733
2022-03-25,60.51,60.75,60.75,60.3068,119726
2022-03-28,60.25,60.37,60.41,59.9854,71813
2022-03-29,61.41,61.53,61.62,61.1008,69954
2022-03-30,61.44,61.3,61.54,61.1158,67797
2022-03-31,60.94,60.3371,61.09,60.3371,59997
2022-04-01,60.67,60.86,60.89,60.4483,96969
2022-04-04,60.82,61.08,61.1,60.77,66350
2022-04-05,60.83,60.15,60.96,60.05,121583
2022-04-06,59.51,59.45,59.67,59.12,56418
2022-04-07,59.48,59.62,59.7176,59.1,86852
2022-04-08,59.4161,59.66,59.8599,59.4,56601
2022-04-11,59.46,59.05,59.5,59.0435,220535
2022-04-12,59.19,58.83,59.35,58.68,92362
2022-04-13,58.79,59.47,59.54,58.79,77654
2022-04-14,59.52,59.3,59.606,59.2063,95858
2022-04-18,59.04,59.09,59.43,58.975,120575
2022-04-19,58.85,59.38,59.38,58.82,131839
2022-04-20,59.82,59.8178,60.0138,59.6747,184607
2022-04-21,60.36,59.03,60.36,59.0,214437
2022-04-22,58.74,58.0,58.86,57.935,124244
2022-04-25,57.25,57.62,57.6578,56.71,140368
2022-04-26,57.07,56.09,57.15,56.015,200914
2022-04-27,56.2,56.35,56.65,55.94,278338
2022-04-28,56.66,57.12,57.319,56.1701,275377
2022-04-29,57.28,56.39,57.6331,56.39,158865
2022-05-02,56.16,56.29,56.41,55.63,265212
2022-05-03,56.66,56.89,57.0488,56.6105,222734
2022-05-04,56.88,57.84,57.93,56.3815,136025
2022-05-05,57.12,56.02,57.12,55.56,333725
2022-05-06,55.68,55.57,55.8733,55.18,257900
2022-05-09,54.57,53.84,54.57,53.7117,370571
2022-05-10,54.62,54.04,54.73,53.65,1094890
2022-05-11,54.31,53.79,54.86,53.7,268953
2022-05-12,53.44,53.61,53.9313,53.0853,292150
2022-05-13,54.27,54.92,55.05,54.27,437298
2022-05-16,54.82,55.2,55.4289,54.73,337909
2022-05-17,56.1,56.26,56.2799,55.8326,194887
2022-05-18,55.81,54.99,55.93,54.92,247144
2022-05-19,54.96,55.56,55.9186,54.96,230168
2022-05-20,56.14,55.83,56.155,55.16,240879
2022-05-23,56.46,56.82,56.945,56.39,164578
2022-05-24,56.565,56.66,56.8278,56.25,312342
2022-05-25,56.21,56.71,56.9685,56.21,394167
2022-05-26,56.92,57.38,57.4779,56.91,159898
2022-05-27,57.66,57.95,58.0099,57.63,192203
2022-05-31,57.88,57.7,57.98,57.53,190857
2022-06-01,58.12,57.37,58.1297,57.0273,119879
2022-06-02,57.73,58.37,58.43,57.62,154359
2022-06-03,57.65,57.63,57.938,57.56,102604
2022-06-06,58.325,57.96,58.37,57.82,196741
2022-06-07,57.45,58.18,58.2736,57.42,137700
2022-06-08,57.57,57.45,57.83,57.3233,93848
2022-06-09,57.12,56.16,57.12,56.16,161328
2022-06-10,55.21,54.9,55.22,54.7611,129051
2022-06-13,53.5,53.05,53.58,52.894,261527
2022-06-14,52.91,52.43,53.08,52.0,524365
2022-06-15,53.01,53.38,53.707,52.37,412645
2022-06-16,52.22,52.12,52.4799,51.8092,498196
2022-06-17,52.09,50.7851,52.217,51.4542,327390
2022-06-21,51.57,51.55,51.8488,51.515,403610
2022-06-22,50.88,51.03,51.46,50.8,392980
2022-06-23,50.83,50.6,50.88,50.14,512242
2022-06-24,51.23,51.96,51.97,51.08,334821
2022-06-27,51.96,51.93,52.24,51.7411,1008406
2022-06-28,52.4,51.8,52.62,51.7,322190
2022-06-29,51.73,51.38,51.76,51.36,505435
2022-06-30,50.5,50.96,51.1,50.26,358712
2022-07-01,50.41,51.07,51.07,50.11,394668
2022-07-05,49.56,49.81,49.81,49.0201,292490
2022-07-06,49.61,49.63,49.74,49.16,367229
2022-07-07,50.14,50.56,50.57,50.14,206368
2022-07-08,50.47,50.75,50.901,50.32,159649
2022-07-11,50.12,49.9,50.1792,49.815,220978
2022-07-12,49.76,49.84,50.15,49.66,202251
2022-07-13,49.24,49.8,49.9579,49.2,259156
2022-07-14,48.71,48.9,48.96,48.205,277464
2022-07-15,49.31,49.59,49.65,49.08,244005
2022-07-18,50.3,50.01,50.6299,49.9629,233651
2022-07-19,50.94,51.37,51.45,50.94,279805
2022-07-20,51.3,51.07,51.4,50.93,273744
2022-07-21,51.07,51.57,51.64,50.96,357219
2022-07-22,51.83,51.44,52.0859,51.295,264238
2022-07-25,51.88,51.96,51.99,51.736,179326
2022-07-26,51.51,51.22,51.59,51.21,312890
2022-07-27,51.71,52.33,52.46,51.58,184612
2022-07-28,52.41,52.74,52.825,52.095,282688
2022-07-29,52.91,53.47,53.5,52.8,107437
2022-08-01,53.44,53.47,53.74,53.3101,149176
2022-08-02,53.1,52.73,53.2499,52.72,192634
2022-08-03,53.03,52.97,53.03,52.59,261972
2022-08-04,52.97,53.17,53.25,52.92,244676
2022-08-05,52.49,52.88,52.9097,52.46,207687
2022-08-08,53.3,53.08,53.48,52.99,151187
2022-08-09,53.05,52.77,53.1293,52.7401,141668
2022-08-10,53.98,54.11,54.29,53.75,233420
2022-08-11,54.41,54.23,54.56,54.135,169615
2022-08-12,54.24,54.56,54.565,54.1,121752
2022-08-15,53.98,54.04,54.13,53.835,94765
2022-08-16,53.84,54.195,54.25,53.84,205971
2022-08-17,53.65,53.71,53.95,53.441,144670
2022-08-18,53.72,53.58,53.72,53.42,188573
2022-08-19,53.06,52.81,53.1276,52.71,321765
2022-08-22,52.19,51.89,52.19,51.83,142173
2022-08-23,51.93,52.13,52.53,51.93,146465
2022-08-24,51.95,52.27,52.44,51.92,194964
2022-08-25,52.41,52.81,52.81,52.35,145811
2022-08-26,52.83,51.46,52.8451,51.44,172328
2022-08-29,51.31,51.47,51.66,51.2826,191067
2022-08-30,51.78,50.95,51.78,50.85,221693
2022-08-31,50.98,50.65,51.11,50.61,247469
2022-09-01,49.96,49.86,49.96,49.385,345102
2022-09-02,50.32,49.63,50.66,49.51,195167
2022-09-06,49.81,49.43,49.9599,49.37,227729
2022-09-07,49.06,49.8,49.85,49.04,515438
2022-09-08,49.39,49.94,49.96,49.26,219437
2022-09-09,50.87,51.26,51.27,50.87,175295
2022-09-12,51.81,51.9,52.18,51.7501,605893
2022-09-13,50.88,50.25,51.2559,50.19,219106
2022-09-14,50.43,50.47,50.63,50.16,441476
2022-09-15,50.1,49.98,50.46,49.87,438518
2022-09-16,49.5,49.64,49.73,49.31,375171
2022-09-19,49.06,49.82,49.88,49.02,294032
2022-09-20,49.15,48.96,49.18,48.6375,631074
2022-09-21,49.02,48.39,49.4223,48.3125,278837
2022-09-22,48.45,48.195,48.4619,48.02,555550
2022-09-23,47.04,46.44,47.04,46.125,730557
2022-09-26,46.01,45.57,46.2717,45.33,861963
2022-09-27,45.87,45.36,46.02,45.0901,531230
2022-09-28,45.31,46.45,46.54,45.14,917852
2022-09-29,45.61,45.8,45.85,45.1345,1003188
2022-09-30,45.66,45.62,46.26,45.585,577171
2022-10-03,46.18,46.77,46.97,46.07,1708860
2022-10-04,48.04,48.54,48.64,47.79,558515
2022-10-05,47.76,48.01,48.24,47.39,559709
2022-10-06,47.55,47.26,47.75,47.1,434877
2022-10-07,47.0,46.52,47.0199,46.29,543747
2022-10-10,46.56,46.27,46.56,45.99,386565
2022-10-11,46.01,45.71,46.425,45.54,617851
2022-10-12,45.46,45.5,45.7,45.32,1020774
2022-10-13,44.83,46.58,46.71,44.63,637038
2022-10-14,46.72,45.71,46.8965,45.67,505957
2022-10-17,46.79,46.89,47.095,46.6645,608522
2022-10-18,47.62,47.17,47.63,46.8209,515409
2022-10-19,46.76,46.65,46.975,46.3876,480282
2022-10-20,46.81,46.6,47.31,46.462,315253
2022-10-21,46.16,47.4,47.5,45.98,234063
2022-10-24,47.33,47.45,47.62,47.0791,309824
2022-10-25,47.74,48.45,48.52,47.74,382272
2022-10-26,48.5,48.94,49.27,48.488,326738
2022-10-27,48.86,48.57,49.16,48.52,1691684
2022-10-28,48.43,48.89,48.89,48.36,228711
2022-10-31,48.37,48.44,48.58,48.3544,223618
2022-11-01,49.47,48.92,49.52,48.67,997894
2022-11-02,48.98,48.26,49.63,48.17,597452
2022-11-03,47.54,47.84,48.049,47.46,337283
2022-11-04,49.26,49.68,49.78,49.01,361842
2022-11-07,49.95,49.92,50.0899,49.62,297816
2022-11-08,50.19,50.42,50.7606,50.03,261335
2022-11-09,50.14,49.65,50.3813,49.65,222570
2022-11-10,51.62,52.33,52.36,51.3701,194446
2022-11-11,52.81,53.3,53.48,52.67,220545
2022-11-14,52.92,52.78,53.185,52.72,364040
2022-11-15,53.69,53.03,53.69,52.67,209408
2022-11-16,53.08,52.87,53.08,52.705,183338
2022-11-17,52.29,52.76,52.83,52.2106,133121
2022-11-18,53.0,52.88,53.009,52.6871,125715
2022-11-21,52.49,52.5,52.58,52.2162,411292
2022-11-22,52.92,53.36,53.37,52.9,127269
2022-11-23,53.41,53.86,54.02,53.41,158940
2022-11-25,53.89,54.22,54.325,53.89,49869
2022-11-28,53.85,53.42,53.97,53.33,101876
2022-11-29,53.5,53.6,53.9081,53.46,178712
2022-11-30,53.95,54.43,54.69,53.44,152132
2022-12-01,54.96,54.95,55.0902,54.665,237462
2022-12-02,54.45,54.96,55.0684,54.435,201087
2022-12-05,54.67,54.04,54.88,53.91,209810
2022-12-06,54.09,53.73,54.3,53.58,357724
2022-12-07,53.81,53.7,54.04,53.56,157953
2022-12-08,53.88,54.0,54.11,53.6901,204998
2022-12-09,54.04,54.04,54.4758,54.0079,191275
2022-12-12,53.83,54.05,54.182,53.81,150888
2022-12-13,55.65,54.84,55.73,54.72,232845
2022-12-14,54.96,54.3494,55.26,54.37,327249
2022-12-15,53.72,53.06,53.72,52.86,204887
2022-12-16,52.63,52.61,52.785,52.4,166300
2022-12-19,52.88,52.46,52.9714,52.34,217902
2022-12-20,52.74,52.84,53.09,52.65,445698
2022-12-21,53.2212,53.35,53.54,53.13,251899
2022-12-22,53.16,52.95,53.16,52.47,280953
2022-12-23,52.89,53.21,53.3252,52.82,670546
2022-12-27,53.33,53.35,53.56,53.25,174081
2022-12-28,53.4,52.7,53.6499,52.7,234710
2022-12-29,53.26,53.61,53.7099,53.2001,243105
2022-12-30,53.3,53.19,53.57,53.05,210399
2023-01-03,53.8631,53.37,53.9825,53.25,200286
2023-01-04,54.1,54.04,54.2188,53.698,201024
2023-01-05,53.6499,53.54,53.77,53.48,168792
2023-01-06,53.97,54.94,55.05,53.655,221354
2023-01-09,55.39,55.22,55.7,55.15,95249
2023-01-10,55.1,55.31,55.331,54.92,98612
2023-01-11,55.56,55.66,55.66,55.32,114912
2023-01-12,56.12,56.52,56.63,55.61,87786
2023-01-13,56.17,56.75,56.815,56.17,148908
2023-01-17,57.0,56.96,57.05,56.79,330058
2023-01-18,57.61,56.73,57.77,56.698,175672
2023-01-19,56.65,56.71,56.8183,56.33,140996
2023-01-20,56.63,57.24,57.29,56.57,138688
2023-01-23,57.11,57.49,57.56,57.09,147428
2023-01-24,57.32,57.64,57.6584,57.12,361498
2023-01-25,57.31,57.77,57.86,57.3,260870
2023-01-26,57.97,58.0,58.0757,57.58,178165
2023-01-27,57.79,57.97,58.14,57.695,109082
2023-01-30,57.74,57.52,57.9379,57.46,127887
2023-01-31,57.37,57.85,57.89,57.25,152700
2023-02-01,57.85,58.39,58.64,57.45,184985
2023-02-02,58.6,58.24,58.6,57.97,112610
2023-02-03,57.61,57.57,58.01,57.475,311948
2023-02-06,57.18,56.99,57.18,56.67,344922
2023-02-07,56.79,57.55,57.61,56.6324,118424
2023-02-08,57.48,57.25,57.57,57.11,177322
2023-02-09,58.0,57.26,58.066,57.1999,124999
2023-02-10,57.15,57.08,57.26,56.81,176081
2023-02-13,57.14,57.595,57.6054,57.09,104193
2023-02-14,57.36,57.73,57.9315,57.15,142229
2023-02-15,57.08,57.47,57.47,56.97,168893
2023-02-16,57.05,57.28,57.6,56.97,152405
2023-02-17,57.01,57.29,57.37,56.84,124403
2023-02-21,57.0,56.69,57.14,56.66,119683
2023-02-22,56.65,56.295,56.66,56.172,256137
2023-02-23,56.63,56.66,56.72,56.1619,145599
2023-02-24,55.85,55.87,56.06,55.5501,257836
2023-02-27,56.51,56.56,56.67,56.415,158452
2023-02-28,56.49,56.22,56.53,56.2,101539
2023-03-01,56.74,56.65,56.76,56.4399,151260
2023-03-02,56.26,56.69,56.73,56.18,167081
2023-03-03,56.98,57.5,57.54,56.88,200830
2023-03-06,57.38,57.31,57.565,57.27,105519
2023-03-07,57.22,56.28,57.2221,56.219,140935
2023-03-08,56.43,56.55,56.78,56.39,119618
2023-03-09,56.57,56.06,56.84,56.0,214745
2023-03-10,56.25,55.43,56.25,55.35,150446
2023-03-13,54.97,54.87,55.3,54.53,161733
2023-03-14,55.43,55.46,55.5556,55.11,159451
2023-03-15,53.57,53.74,53.7899,53.0,151660
2023-03-16,53.42,54.4,54.4,53.3,330392
2023-03-17,53.91,53.65,53.93,53.4,267252
2023-03-20,54.22,54.59,54.6833,54.15,176841
2023-03-21,55.45,55.39,55.5045,55.132,162390
2023-03-22,55.4,55.1,56.065,55.09,157915
2023-03-23,55.56,55.09,55.8795,54.83,157619
2023-03-24,54.67,54.81,54.81,54.25,126095
2023-03-27,55.17,55.34,55.3999,55.0,122150
2023-03-28,55.31,55.46,55.53,55.2001,177775
2023-03-29,55.94,56.12,56.16,55.92,141828
2023-03-30,56.85,56.82,56.89,56.65,184067
2023-03-31,56.87,57.03,57.15,56.87,318475
2023-04-03,57.25,57.54,57.6,57.17,181037
2023-04-04,57.64,57.54,57.7,57.32,195132
2023-04-05,57.18,57.08,57.2059,56.78,118865
2023-04-06,57.06,57.27,57.37,56.91,108696
2023-04-10,57.0,57.29,57.29,56.77,139004
2023-04-11,57.45,57.56,57.73,57.43,197589
2023-04-12,58.2,58.03,58.2999,57.84,96303
2023-04-13,58.42,58.65,58.73,58.36,347068
2023-04-14,58.74,58.51,58.85,58.2837,135764
2023-04-17,58.4,58.43,58.43,58.14,118190
2023-04-18,58.71,58.72,58.7776,58.53,145384
2023-04-19,58.43,58.5,58.55,58.36,167092
2023-04-20,58.31,58.39,58.52,58.2101,119875
2023-04-21,58.37,58.55,58.55,58.0732,264307
2023-04-24,58.45,58.66,58.6818,58.42,221223
2023-04-25,58.26,57.74,58.65,57.69,208819
2023-04-26,58.08,57.74,58.1,57.61,113363
2023-04-27,57.96,58.41,58.41,57.9086,165129
2023-04-28,57.93,58.48,58.49,57.93,172747
2023-05-01,58.51,58.37,58.62,58.355,188608
2023-05-02,57.92,57.78,57.92,57.38,477990
2023-05-03,57.82,57.8,58.2218,57.7501,144339
2023-05-04,57.6,57.66,57.82,57.39,189328
2023-05-05,58.02,58.6,58.7,57.97,243913
2023-05-08,58.78,58.668,58.8361,58.595,90883
2023-05-09,58.23,58.51,58.6099,58.02,110711
2023-05-10,58.67,58.39,58.67,58.01,124053
2023-05-11,57.94,58.01,58.03,57.65,189093
2023-05-12,58.09,57.89,58.16,57.6945,173855
2023-05-15,58.04,58.37,58.4192,57.78,120690
2023-05-16,58.14,57.78,58.16,57.74,123643
2023-05-17,57.84,58.015,58.09,57.625,654229
2023-05-18,57.94,57.89,57.94,57.54,595677
2023-05-19,58.12,58.13,58.25,58.0177,495806
2023-05-22,58.04,58.18,58.29,57.97,447724
2023-05-23,57.76,57.44,57.87,57.4,294157
2023-05-24,57.01,56.55,57.01,56.52,189146
2023-05-25,56.55,56.43,56.55,56.196,196879
2023-05-26,56.59,56.835,56.91,56.59,160769
2023-05-30,56.94,56.43,56.94,56.24,229204
2023-05-31,55.75,55.68,55.825,55.37,260787
2023-06-01,56.06,56.62,56.69,56.024,244125
2023-06-02,57.4,57.52,57.53,57.27,173800
2023-06-05,57.49,57.52,57.4231,57.07,185752
2023-06-06,57.2,57.61,57.68,57.16,241696
2023-06-07,57.47,57.26,57.68,57.1627,328698
2023-06-08,57.56,57.84,57.84,57.3931,234518
2023-06-09,57.85,57.76,57.877,57.66,269420
2023-06-12,57.94,58.02,58.02,57.74,101733
2023-06-13,58.45,58.54,58.645,58.381,184046
2023-06-14,58.84,58.71,59.055,58.43,103922
2023-06-15,58.66,59.2279,59.34,58.6311,230108
2023-06-16,59.57,58.0123,59.57,59.06,150495
2023-06-20,57.5,57.31,57.5,57.1134,211697
2023-06-21,57.21,57.39,57.58,57.092,138309
2023-06-22,57.02,57.04,57.0931,56.843,290612
2023-06-23,56.06,56.23,56.23,55.93,180053
2023-06-26,56.14,56.3,56.37,56.105,232150
2023-06-27,56.41,56.71,56.74,56.1844,161142
2023-06-28,56.7,56.77,56.869,56.54,204036
2023-06-29,56.54,56.74,56.74,56.53,182668
2023-06-30,57.3,57.4,57.4885,57.185,165905
2023-07-03,57.46,57.54,57.5999,57.38,196284
2023-07-05,57.2,56.95,57.2,56.8519,187526
2023-07-06,56.17,55.89,56.17,55.6301,163910
2023-07-07,56.07,56.58,56.81,56.0683,216458
2023-07-10,56.43,56.77,56.77,56.43,133491
2023-07-11,56.98,57.28,57.31,56.89,129422
2023-07-12,57.99,58.4,58.49,57.99,101564
2023-07-13,58.96,59.25,59.31,58.96,183274
2023-07-14,59.19,58.76,59.2,58.75,208594
2023-07-17,58.59,58.79,58.8555,58.46,177980
2023-07-18,58.85,59.24,59.3099,58.8,132600
2023-07-19,59.37,59.35,59.4499,59.1817,129651
2023-07-20,59.2,59.05,59.3767,58.9,111887
2023-07-21,59.03,59.01,59.09,58.89,70606
2023-07-24,58.92,58.95,59.1654,58.85,171596
2023-07-25,59.02,59.01,59.3,59.01,236511
2023-07-26,58.93,59.32,59.5158,58.93,118690
2023-07-27,59.75,59.08,59.75,59.02,173844
2023-07-28,59.41,59.495,59.72,59.34,112842
2023-07-31,59.57,59.61,59.83,59.51,164338
2023-08-01,59.11,58.87,59.18,58.75,345914
2023-08-02,58.18,57.82,58.442,57.7,189360
2023-08-03,57.39,57.67,57.8475,57.28,258694
2023-08-04,58.02,57.87,58.472,57.86,193855
2023-08-07,58.26,58.35,58.3599,58.035,153863
2023-08-08,57.69,58.0,58.0399,57.5214,198777
2023-08-09,58.06,58.04,58.1699,57.8704,215457
2023-08-10,58.6,58.2,58.9055,58.1101,121381
2023-08-11,57.85,57.88,58.08,57.77,142747
2023-08-14,57.45,57.65,57.6786,57.2,110475
2023-08-15,57.3,56.87,57.3,56.805,167647
2023-08-16,56.77,56.43,57.0,56.43,151817
2023-08-17,56.7,56.22,56.74,56.09,141087
2023-08-18,55.74,56.14,56.22,55.685,177303
2023-08-21,56.19,56.32,56.3383,55.9519,145102
2023-08-22,56.68,56.14,56.68,56.11,144518
2023-08-23,56.35,56.79,56.8447,56.2899,105532
2023-08-24,56.49,55.9,56.62,55.9,180579
2023-08-25,56.32,56.25,56.46,55.8201,99878
2023-08-28,56.67,56.85,56.9194,56.67,149967
2023-08-29,56.78,57.65,57.6899,56.72,151432
2023-08-30,57.75,57.61,57.929,57.5601,130708
2023-08-31,57.72,57.46,57.76,57.38,121385
2023-09-01,57.99,57.59,58.13,57.44,82487
2023-09-05,57.46,57.16,57.46,57.09,117719
2023-09-06,57.09,56.9,57.1659,56.73,85874
2023-09-07,56.75,56.67,56.8613,56.5401,126994
2023-09-08,56.58,56.65,56.81,56.5158,169425
2023-09-11,57.08,57.24,57.3,57.03,123012
2023-09-12,56.98,57.1,57.3,56.98,448563
2023-09-13,57.09,57.0,57.15,56.81,211970
2023-09-14,57.39,57.76,57.7688,57.3851,133785
2023-09-15,57.81,57.6,57.98,57.5401,280936
2023-09-18,57.4,57.37,57.418,57.14,100967
2023-09-19,57.52,57.43,57.605,57.27,115449
2023-09-20,57.71,57.23,57.9299,57.23,111765
2023-09-21,56.81,56.39,56.88,56.37,257323
2023-09-22,56.72,56.4,56.89,56.36,120332
2023-09-25,56.03,56.24,56.2592,55.86,134999
2023-09-26,55.8,55.54,55.97,55.45,403039
2023-09-27,55.69,55.63,55.715,55.05,240380
2023-09-28,55.54,55.84,56.038,55.42,172072
2023-09-29,56.35,55.65,56.35,55.55,251344
2023-10-02,55.31,54.74,55.349,54.62,180239
2023-10-03,54.19,53.96,54.285,53.76,625064
2023-10-04,53.98,53.86,53.98,53.4,390343
2023-10-05,54.22,54.41,54.47,54.07,273051
2023-10-06,54.41,55.03,55.1899,54.0543,241205
2023-10-09,54.62,55.02,55.08,54.56,415298
2023-10-10,55.56,55.82,56.0099,55.56,253338
2023-10-11,56.05,55.96,56.1192,55.65,186547
2023-10-12,56.04,55.43,56.04,55.2,209554
2023-10-13,55.37,54.99,55.3826,54.84,206156
2023-10-16,55.15,55.45,55.4708,55.04,213214
2023-10-17,54.96,55.45,55.6739,54.96,172774
2023-10-18,55.06,54.61,55.0637,54.43,155663
2023-10-19,54.38,54.16,54.64,54.03,220045
2023-10-20,53.93,53.72,53.98,53.5501,259081
2023-10-23,53.45,53.55,53.8999,53.14,303712
2023-10-24,53.65,53.72,53.877,53.52,247568
2023-10-25,53.65,53.36,53.8399,53.0001,239004
2023-10-26,53.18,53.07,53.35,52.8646,346754
2023-10-27,53.41,52.98,53.44,52.86,223281
2023-10-30,53.57,53.57,53.63,53.27,333195
2023-10-31,53.67,53.74,53.79,53.4801,302944
2023-11-01,53.77,54.15,54.2,53.7,251340
2023-11-02,55.08,55.24,55.2918,54.91,224005
2023-11-03,55.89,55.94,56.0987,55.78,250098
2023-11-06,56.0,55.6,56.0,55.5,218352
2023-11-07,55.12,55.14,55.23,54.9694,179410
2023-11-08,55.06,54.95,55.19,54.7905,168467
2023-11-09,55.29,54.99,55.5793,54.94,196218
2023-11-10,55.05,55.3,55.33,54.66,171877
2023-11-13,55.15,55.4499,55.5223,55.06,174670
2023-11-14,56.4,56.96,57.03,56.4,209127
2023-11-15,57.01,56.85,57.13,56.79,286960
2023-11-16,56.69,56.61,56.8314,56.43,186477
2023-11-17,57.13,57.42,57.44,57.125,252317
2023-11-20,57.44,57.58,57.67,57.335,151230
2023-11-21,57.62,57.36,57.62,57.265,241361
2023-11-22,57.38,57.46,57.46,57.11,119288
2023-11-24,57.66,57.93,57.989,57.66,51119
2023-11-27,57.85,57.77,57.85,57.624,165063
2023-11-28,57.63,57.86,58.055,57.61,244033
2023-11-29,58.1,58.03,58.25,57.87,158895
2023-11-30,58.01,57.99,58.34,57.85,172274
2023-12-01,57.92,58.63,58.7086,57.92,207384
2023-12-04,58.08,58.16,58.33,57.99,236100
2023-12-05,58.02,57.95,58.11,57.86,305074
2023-12-06,58.57,58.1,58.6399,58.08,198607
2023-12-07,58.19,58.35,58.49,58.005,161744
2023-12-08,58.19,58.46,58.56,58.18,192232
2023-12-11,58.34,58.55,58.5899,58.33,213359
2023-12-12,58.45,58.52,58.54,58.194,149227
2023-12-13,58.51,59.41,59.45,58.2356,1971401
2023-12-14,59.9,60.16,60.3199,59.85,387752
2023-12-15,59.8,58.7382,59.9105,59.47,180056
2023-12-18,59.05,58.89,59.14,58.71,180691
2023-12-19,59.3,59.51,59.51,59.2571,167024
2023-12-20,59.65,58.91,59.7,58.89,287013
2023-12-21,59.62,59.89,59.89,59.44,190382
2023-12-22,60.07,60.03,60.1999,59.86,231982
2023-12-26,60.04,60.31,60.3941,60.04,133173
2023-12-27,60.42,60.62,60.67,60.28,184117
2023-12-28,60.7,60.39,60.7386,60.39,163548
2023-12-29,60.6,60.43,60.6299,60.33,141412
2024-01-02,59.96,59.82,60.13,59.75,213254
2024-01-03,59.18,59.36,59.55,59.04,257454
2024-01-04,59.47,59.6,59.84,59.47,157129
2024-01-05,59.44,59.64,60.12,59.44,281238
2024-01-08,59.73,60.23,60.23,59.6369,180681
2024-01-09,59.79,59.62,59.8,59.5501,169194
2024-01-10,59.84,59.85,59.9899,59.7384,192479
2024-01-11,59.94,59.81,60.02,59.2501,223484
2024-01-12,60.26,59.97,60.37,59.8445,107276
2024-01-16,59.29,58.96,59.29,58.82,203955
2024-01-17,58.21,58.3,58.36,57.9656,124625
2024-01-18,58.58,58.8,58.83,58.4548,125882
2024-01-19,58.91,58.92,58.95,58.42,154642
2024-01-22,59.19,59.17,59.3295,59.05,200474
2024-01-23,59.2,59.08,59.2,58.7845,205154
2024-01-24,59.81,59.42,59.8193,59.39,210701
2024-01-25,59.71,59.67,59.71,59.3312,174930
2024-01-26,59.89,59.86,59.9781,59.76,201532
2024-01-29,59.78,60.14,60.2,59.7,321760
2024-01-30,60.01,60.1,60.14,59.82,222608
2024-01-31,60.37,59.78,60.511,59.68,238567
2024-02-01,59.96,60.27,60.28,59.7584,347371
2024-02-02,59.83,59.74,59.83,59.495,206236
2024-02-05,59.3,59.21,59.38,58.975,235805
2024-02-06,59.36,59.68,59.68,59.23,437422
2024-02-07,59.69,59.56,59.69,59.433,253994
2024-02-08,59.44,59.42,59.519,59.21,307878
2024-02-09,59.5,59.62,59.63,59.29,166396
2024-02-12,59.62,59.78,59.9999,59.62,449820
2024-02-13,59.26,58.84,59.26,58.59,164598
2024-02-14,59.19,59.51,59.51,59.19,268230
2024-02-15,59.81,60.24,60.275,59.81,262039
2024-02-16,60.21,60.4,60.6396,60.21,138127
2024-02-20,60.55,60.48,60.74,60.33,213341
2024-02-21,60.43,60.57,60.57,60.3001,270557
2024-02-22,61.06,61.21,61.2199,60.95,357728
2024-02-23,61.28,61.23,61.34,61.15,196147
2024-02-26,61.17,61.08,61.2073,60.953,222222
2024-02-27,61.22,61.28,61.32,61.12,260087
2024-02-28,61.0,61.0,61.1499,60.91,219118
2024-02-29,61.41,61.21,61.48,60.97,190627
2024-03-01,61.5,61.88,61.88,61.2614,138493
2024-03-04,61.66,61.64,61.799,61.57,292197
2024-03-05,61.65,61.57,61.93,61.42,263406
2024-03-06,62.3,62.29,62.52,62.2095,176965
2024-03-07,62.85,63.0,63.07,62.75,189950
2024-03-08,63.3,62.83,63.3,62.7426,168125
2024-03-11,62.4,62.49,62.5,62.175,432166
2024-03-12,62.6,62.93,62.9699,62.385,453262
2024-03-13,62.91,63.03,63.1799,62.91,482700
2024-03-14,63.1,62.61,63.1,62.36,927803
2024-03-15,62.72,62.7,62.82,62.5042,499792
2024-03-18,62.9,62.71,62.9,62.6301,127162
2024-03-19,62.68,62.84,62.95,62.5848,161191
2024-03-20,62.77,63.47,63.5525,62.7257,243042
2024-03-21,63.61,63.47,63.705,63.4361,273639
2024-03-22,63.48,63.28,63.48,63.185,168689
2024-03-25,63.16,63.2,63.4099,63.16,267633
2024-03-26,63.5,63.34,63.554,63.325,291790
2024-03-27,63.57,63.83,63.83,63.4643,204317
2024-03-28,63.68,63.74,63.84,63.6037,178443
2024-04-01,63.62,63.46,63.7061,63.257,177355
2024-04-02,63.06,63.12,63.12,62.9,325574
2024-04-03,63.08,63.61,63.7099,63.08,396479
2024-04-04,64.07,63.18,64.08,63.0905,168626
2024-04-05,63.07,63.41,63.55,63.0,171408
2024-04-08,63.82,63.77,63.915,63.6445,172258
2024-04-09,64.09,63.81,64.1692,63.5661,170722
2024-04-10,62.97,63.01,63.2941,62.77,203860
2024-04-11,63.2,63.07,63.2104,62.5,291733
2024-04-12,62.71,62.16,62.84,62.0457,281444
2024-04-15,62.83,61.95,62.95,61.835,262327
2024-04-16,61.38,61.17,61.49,61.01,196654
2024-04-17,61.61,61.29,61.63,61.0501,229662
2024-04-18,61.36,61.22,61.65,61.14,192784
2024-04-19,61.29,61.27,61.5081,61.1201,151062
2024-04-22,61.59,61.91,62.085,61.45,204307
2024-04-23,62.01,62.46,62.54,61.94,140908
2024-04-24,62.53,62.29,62.53,62.0509,184328
2024-04-25,61.55,62.11,62.169,61.3448,173573
2024-04-26,62.29,62.48,62.626,62.29,182452
2024-04-29,62.77,62.87,62.99,62.6115,124603
2024-04-30,62.59,61.89,62.68,61.89,332936
2024-05-01,61.83,61.74,62.51,61.63,790857
2024-05-02,62.44,62.58,62.68,62.05,450357
2024-05-03,63.24,63.12,63.3481,62.7833,144377
2024-05-06,63.42,63.59,63.646,63.42,108926
2024-05-07,63.85,63.71,63.8595,63.6,172999
2024-05-08,63.4,63.65,63.65,63.37,150065
2024-05-09,63.72,64.14,64.165,63.7047,371515
2024-05-10,64.31,64.21,64.4094,64.14,99943
2024-05-13,64.3,64.23,64.367,64.1322,118319
2024-05-14,64.5,64.64,64.68,64.3918,163896
2024-05-15,64.94,65.2196,65.239,64.725,206843
2024-05-16,65.07,64.86,65.1183,64.86,312197
2024-05-17,64.99,65.2,65.22,64.9,172833
2024-05-20,65.38,65.29,65.475,65.26,117650
2024-05-21,65.15,65.24,65.26,65.0608,175729
2024-05-22,64.78,64.54,64.79,64.35,184771
2024-05-23,64.97,64.19,64.97,64.04,171744
2024-05-24,64.52,64.72,64.87,64.52,125991
2024-05-28,65.1,64.92,65.2,64.7106,138396
2024-05-29,64.26,63.89,64.26,63.84,173689
2024-05-30,64.29,64.51,64.64,64.29,245185
2024-05-31,64.93,65.16,65.16,64.5738,203899
2024-06-03,65.32,65.18,65.3899,64.9542,139754
2024-06-04,64.91,64.87,64.9699,64.615,154732
2024-06-05,65.01,65.12,65.12,64.655,206046
2024-06-06,65.03,65.29,65.32,65.03,210621
2024-06-07,64.83,64.5,64.862,64.4501,253420
2024-06-10,64.25,64.64,64.6624,64.1131,303588
2024-06-11,63.94,63.87,64.02,63.57,323778
2024-06-12,64.98,64.58,65.03,64.462,309579
2024-06-13,64.05,63.59,64.05,63.34,231741
2024-06-14,62.86,62.96,62.96,62.58,412362
2024-06-17,62.75,63.16,63.185,62.58,230774
2024-06-18,63.26,63.43,63.4899,63.24,283660
2024-06-20,63.43,63.51,63.6494,63.25,258242
2024-06-21,63.09,61.8882,63.123,62.87,124597
2024-06-24,62.39,62.49,62.6872,62.28,232476
2024-06-25,62.39,62.49,62.58,62.25,273010
2024-06-26,61.98,62.05,62.1299,61.83,3158817
2024-06-27,62.16,62.21,62.37,62.08,148376
2024-06-28,62.32,62.26,62.455,62.06,229301
2024-07-01,62.73,62.44,62.9,62.2704,260744
2024-07-02,62.37,62.58,62.61,62.21,280000
2024-07-03,63.18,63.37,63.439,63.14,805493
2024-07-05,63.82,63.68,63.8899,63.3,307335
2024-07-08,63.74,63.43,63.7608,63.33,191128
2024-07-09,63.27,63.07,63.3289,62.97,226968
2024-07-10,63.6,63.98,63.99,63.5131,233218
2024-07-11,64.38,64.31,64.52,64.2101,261388
2024-07-12,64.74,64.92,65.1099,64.73,195164
2024-07-15,64.8,64.48,64.8,64.4,260217
2024-07-16,64.34,64.85,64.9,64.25,191379
2024-07-17,64.65,64.64,64.905,64.5318,163268
2024-07-18,64.8,64.09,64.83,63.93,178037
2024-07-19,63.72,63.67,63.8588,63.584,153536
2024-07-22,64.1,64.29,64.29,63.93,328654
2024-07-23,63.94,63.9,64.05,63.84,269071
2024-07-24,63.72,63.12,63.845,63.12,181678
2024-07-25,62.82,62.8094,63.31,62.43,256839
2024-07-26,63.33,63.62,63.652,63.26,158725
2024-07-29,63.49,63.35,63.49,63.1322,141817
2024-07-30,63.52,63.5,63.66,63.2929,301796
2024-07-31,64.46,64.47,64.7,64.18,260877
2024-08-01,63.69,62.69,63.7893,62.36,409883
2024-08-02,61.88,61.52,61.88,61.0572,228254
2024-08-05,59.02,60.09,60.433,59.02,430349
2024-08-06,59.14,60.27,60.63,59.14,1122373
2024-08-07,61.3,60.41,61.4587,60.41,296796
2024-08-08,60.99,61.49,61.519,60.83,205513
2024-08-09,61.4,61.72,61.7782,61.23,169248
2024-08-12,61.73,61.79,61.93,61.5534,229180
2024-08-13,62.16,62.81,62.84,62.16,211406
2024-08-14,62.92,63.06,63.0726,62.8209,161358
2024-08-15,63.55,63.78,63.905,63.5033,124611
2024-08-16,63.86,64.15,64.2,63.8333,151005
2024-08-19,64.48,64.86,64.97,64.48,155759
2024-08-20,64.77,64.68,64.89,64.5776,168766
2024-08-21,65.1,65.25,65.34,64.8901,138353
2024-08-22,65.43,64.83,65.43,64.8,152328
2024-08-23,65.34,66.11,66.13,65.325,137851
2024-08-26,65.96,65.85,66.06,65.78,161516
2024-08-27,65.99,66.15,66.22,65.8729,178973
2024-08-28,65.88,65.7,66.0399,65.4901,159728
2024-08-29,66.04,65.92,66.28,65.83,141496
2024-08-30,66.17,66.16,66.27,65.775,257764
2024-09-03,65.74,64.97,65.74,64.82,239312
2024-09-04,64.57,64.75,65.07,64.57,179814
2024-09-05,64.95,64.83,65.1,64.645,132070
2024-09-06,64.75,63.68,64.75,63.55,307440
2024-09-09,64.13,64.26,64.49,64.0918,140258
2024-09-10,64.13,63.97,64.13,63.51,153794
2024-09-11,63.98,64.29,64.45,63.31,207221
2024-09-12,64.36,64.99,64.99,64.17,188481
2024-09-13,65.14,65.26,65.41,65.1052,189625
2024-09-16,65.46,65.76,65.79,65.32,168022
2024-09-17,65.73,65.46,65.8464,65.2645,149924
2024-09-18,65.64,65.38,66.219,65.2501,185447
2024-09-19,66.51,66.68,66.86,66.13,259763
2024-09-20,66.17,65.96,66.2438,65.7242,297515
2024-09-23,66.19,66.29,66.35,66.075,141758
2024-09-24,66.45,66.69,66.75,66.4,182081
2024-09-25,66.81,66.26,66.83,66.25,261112
2024-09-26,67.43,67.66,67.83,67.29,181268
2024-09-27,67.54,67.24,67.75,67.1201,297594
2024-09-30,67.13,67.03,67.245,66.53,314624
2024-10-01,67.02,66.64,67.02,66.2975,181220
2024-10-02,66.5,66.42,66.59,66.25,282706
2024-10-03,65.85,65.8,65.986,65.5543,172106
2024-10-04,65.99,66.32,66.39,65.9604,134961
2024-10-07,66.12,65.93,66.24,65.7093,187166
2024-10-08,65.82,65.8,65.85,65.5342,133921
2024-10-09,65.4,65.75,65.8488,65.35,183827
2024-10-10,65.56,65.71,65.7591,65.4,205325
2024-10-11,65.65,66.07,66.149,65.65,378514
2024-10-14,65.98,66.16,66.25,65.7052,658226
2024-10-15,65.91,65.36,65.91,65.28,626930
2024-10-16,65.56,65.61,65.7071,65.48,314265
2024-10-17,65.78,65.5,65.8099,65.31,758751
2024-10-18,65.84,65.92,66.0,65.67,158240
2024-10-21,65.6,65.2,65.6592,65.091,196530
2024-10-22,64.77,64.92,65.0058,64.73,261952
2024-10-23,64.29,64.19,64.44,63.9401,143287
2024-10-24,64.62,64.52,64.68,64.1463,242373
2024-10-25,64.57,64.25,64.69,64.14,178128
2024-10-28,64.97,64.68,64.97,64.4,130303
2024-10-29,64.43,64.43,64.5499,64.2501,216657
2024-10-30,64.02,64.18,64.44,63.97,154436
2024-10-31,63.91,63.76,63.92,63.26,192673
2024-11-01,64.09,63.87,64.2499,63.81,199825
2024-11-04,64.23,63.97,64.4509,63.94,205251
2024-11-05,64.3,64.71,64.724,64.2375,180297
2024-11-06,63.82,63.97,64.0099,63.33,211898
2024-11-07,64.75,65.05,65.09,64.66,228231
2024-11-08,64.33,64.15,64.33,63.83,245115
2024-11-11,64.25,64.15,64.3285,64.05,173548
2024-11-12,63.54,63.05,63.5599,62.71,280729
2024-11-13,62.86,62.71,62.9281,62.43,219725
2024-11-14,63.06,62.75,63.17,62.7,929055
2024-11-15,62.73,62.68,62.745,62.5,321400
2024-11-18,62.67,63.06,63.1899,62.67,210489
2024-11-19,62.84,63.1,63.1499,62.56,332781
2024-11-20,62.78,62.91,62.91,62.47,395336
2024-11-21,62.82,63.0,63.08,62.64,392564
2024-11-22,62.94,63.21,63.33,62.9011,218837
2024-11-25,63.68,63.38,63.68,63.1921,308250
2024-11-26,63.23,63.0,63.23,62.76,250881
2024-11-27,63.23,63.37,63.44,63.1519,208219
2024-11-29,63.67,64.15,64.22,63.67,74347
2024-12-02,64.15,64.16,64.29,63.76,160661
2024-12-03,64.53,64.56,64.72,64.38,274457
2024-12-04,64.65,64.57,64.69,64.44,232082
2024-12-05,64.88,65.01,65.14,64.8649,237459
2024-12-06,65.14,64.81,65.155,64.6918,235661
2024-12-09,65.16,64.84,65.32,64.78,185120
2024-12-10,64.69,64.31,64.69,64.31,181293
2024-12-11,64.65,64.7,64.75,64.45,548207
2024-12-12,64.35,64.02,64.59,64.02,242479
2024-12-13,64.13,63.91,64.13,63.73,210059
2024-12-16,63.62,62.7499,63.8299,63.525,320045
2024-12-17,62.6,62.47,62.6565,62.41,340517
2024-12-18,62.49,60.92,62.6,60.87,905684
2024-12-19,61.3,60.91,61.31,60.7813,577812
2024-12-20,60.34,60.9,61.2961,60.26,662126
2024-12-23,60.9,61.2,61.2683,60.6754,567561
2024-12-24,61.41,61.46,61.46,61.115,288411
2024-12-26,61.26,61.66,61.82,61.26,458532
2024-12-27,61.58,61.62,61.78,61.41,300544
2024-12-30,61.5,61.31,61.55,61.04,610806
2024-12-31,61.2,61.37,61.72,61.2,819310
2025-01-02,61.52,61.27,61.63,61.0673,320855
2025-01-03,61.5,61.55,61.59,61.245,400974
2025-01-06,62.05,62.09,62.42,61.965,446056
2025-01-07,62.41,61.94,62.42,61.79,436023
2025-01-08,61.5,61.71,61.7598,61.27,360959
2025-01-10,61.96,60.82,61.96,60.69,361120
2025-01-13,60.22,60.63,60.665,60.22,366655
2025-01-14,60.82,60.97,61.0,60.6,421162
2025-01-15,61.8,61.68,61.8,61.41,483749
2025-01-16,61.77,61.86,62.03,61.615,361444
2025-01-17,62.1,62.15,62.41,62.02,1044315
2025-01-21,62.93,63.36,63.36,62.84,345937
2025-01-22,63.41,63.08,63.41,63.08,254282
2025-01-23,63.29,63.6,63.6073,63.17,360633
2025-01-24,63.85,63.82,64.04,63.77,397585
2025-01-27,63.67,63.84,63.9777,63.58,374265
2025-01-28,63.75,63.74,63.77,63.3501,355473
2025-01-29,63.68,63.76,63.93,63.52,297451
2025-01-30,64.37,64.44,64.75,64.18,404367
2025-01-31,64.4,63.86,64.64,63.805,382565
2025-02-03,62.69,63.12,63.43,62.556,390846
2025-02-04,63.4,63.97,63.97,63.4,335184
2025-02-05,64.26,64.49,64.585,64.15,453683
2025-02-06,64.74,64.82,64.94,64.65,335134
2025-02-07,64.82,64.35,64.9679,64.26,294056
2025-02-10,64.7,64.71,64.805,64.61,258287
2025-02-11,64.7,65.0,65.07,64.62,211023
2025-02-12,64.55,65.13,65.26,64.4973,358744
2025-02-13,65.42,65.8,65.86,65.3,279494
2025-02-14,66.14,65.9,66.3,65.89,373498
2025-02-18,66.3,66.36,66.46,66.168,350958
2025-02-19,65.71,65.78,65.88,65.52,313481
2025-02-20,65.99,66.08,66.13,65.7825,313233
2025-02-21,66.13,65.61,66.13,65.4799,287320
2025-02-24,66.03,65.63,66.03,65.4802,285944
2025-02-25,66.32,66.15,66.36,65.82,191851
2025-02-26,66.25,66.21,66.67,66.03,415815
2025-02-27,66.02,65.54,66.03,65.48,803207
2025-02-28,65.44,65.6,65.6096,64.98,252677
2025-03-03,66.81,66.14,66.9196,65.7646,445750
2025-03-04,65.59,65.91,66.59,64.94,276692
2025-03-05,66.88,67.55,67.71,66.88,352689
2025-03-06,67.29,67.16,67.87,67.1099,439981
2025-03-07,67.23,67.91,67.94,67.1504,247764
2025-03-10,66.79,66.44,67.005,65.91,285875
2025-03-11,66.41,66.21,66.545,65.7001,775465
2025-03-12,66.6,66.69,66.8026,66.2,284561
2025-03-13,66.37,66.23,66.5657,66.04,653388
2025-03-14,67.07,67.46,67.54,66.9399,325331
2025-03-17,67.71,68.25,68.43,67.71,533896
2025-03-18,68.33,68.36,68.49,68.03,415184
2025-03-19,68.13,68.55,68.8098,68.075,338472
2025-03-20,67.61,68.04,68.09,67.565,259661
2025-03-21,67.52,67.58,67.71,67.3549,284970
2025-03-24,67.6,67.74,67.8431,67.5025,263146
2025-03-25,68.2,68.16,68.3,67.9759,321399
2025-03-26,67.82,67.32,67.98,67.272,903290
2025-03-27,67.3,67.43,67.625,67.1602,274116
2025-03-28,67.11,66.9,67.2,66.72,640655
2025-03-31,65.81,66.27,66.39,65.628,943170
2025-04-01,66.26,66.38,66.545,65.87,617248
2025-04-02,65.75,66.57,66.59,65.75,295863
2025-04-03,65.89,65.21,66.065,65.08,1252668
2025-04-04,62.56,60.81,62.69,60.72,903208
2025-04-07,58.94,59.34,61.4593,58.555,1590786
2025-04-08,61.77,59.32,61.77,58.64,1348243
2025-04-09,59.41,63.49,63.78,59.16,630996
2025-04-10,62.7,62.58,62.8982,61.345,643895
2025-04-11,63.1,64.23,64.38,62.93,330407
