2017-04-06,22.3,23.08,23.1,21.895,2162103
2017-04-07,23.25,23.27,23.61,22.67,1900527
2017-04-10,23.3,23.27,24.58,23.27,2089927
2017-04-11,23.27,23.18,23.42,22.95,975608
2017-04-12,23.27,22.42,23.35,22.34,973706
2017-04-13,22.22,22.04,22.5,22.02,867084
2017-04-17,22.04,22.08,22.17,21.95,699939
2017-04-18,22.06,22.5,22.51,22.02,833061
2017-04-19,22.55,22.73,22.91,22.545,413565
2017-04-20,22.94,23.3,23.36,22.79,802013
2017-04-21,23.34,23.69,23.78,23.29,988780
2017-04-24,24.0,24.02,24.05,23.72,943246
2017-04-25,24.21,24.17,24.3,24.0801,619206
2017-04-26,24.12,24.26,24.48,24.0,610935
2017-04-27,24.36,24.7,24.73,24.36,677772
2017-04-28,24.75,24.58,24.75,24.4374,590719
2017-05-01,24.72,24.75,24.82,24.54,495141
2017-05-02,24.66,24.78,24.82,24.61,455137
2017-05-03,24.58,24.74,24.77,24.5,348583
2017-05-04,24.77,24.84,24.9,24.68,551738
2017-05-05,24.88,24.95,24.95,24.675,398798
2017-05-08,24.84,25.04,25.07,24.59,668173
2017-05-09,24.9,25.18,25.51,24.9,1249735
2017-05-10,26.97,26.25,28.17,25.66,3422993
2017-05-11,26.06,26.0,26.29,25.75,922313
2017-05-12,26.0,25.99,26.3,25.96,885254
2017-05-15,25.99,25.16,26.04,25.15,941017
2017-05-16,25.1,25.56,25.61,24.83,909716
2017-05-17,25.36,24.59,25.36,24.56,1042396
2017-05-18,24.5,24.13,24.65,24.08,764220
2017-05-19,24.13,24.6,24.84,24.13,543075
2017-05-22,24.72,24.73,24.82,24.53,350944
2017-05-23,24.75,24.88,24.94,24.46,493380
2017-05-24,24.88,24.78,25.01,24.69,464934
2017-05-25,24.96,24.99,25.15,24.765,554212
2017-05-26,25.0,24.9,25.0336,24.62,461329
2017-05-30,24.75,24.59,24.8657,24.45,529221
2017-05-31,24.67,24.01,24.74,23.98,781740
2017-06-01,24.1,24.46,24.5,23.9953,728103
2017-06-02,24.42,24.52,24.83,24.4,600554
2017-06-05,24.44,24.4,24.59,24.14,753151
2017-06-06,24.24,24.66,24.74,24.2,476917
2017-06-07,24.6,24.26,24.71,24.17,518379
2017-06-08,24.25,24.44,24.58,24.18,459676
2017-06-09,24.34,24.37,24.67,24.1754,483086
2017-06-12,24.33,24.2,24.46,24.11,362227
2017-06-13,24.26,24.47,24.5,24.12,475426
2017-06-14,24.38,24.27,24.5,24.17,410250
2017-06-15,24.1,24.76,25.0,24.04,590208
2017-06-16,24.5,25.36,25.5,24.33,1351558
2017-06-19,25.53,25.41,25.69,25.29,509701
2017-06-20,25.6,25.77,27.0,25.55,1432654
2017-06-21,25.76,26.02,26.375,25.735,807239
2017-06-22,26.0,26.29,26.4,25.815,515214
2017-06-23,26.32,26.32,26.42,26.14,396249
2017-06-26,26.27,25.96,26.39,25.88,394856
2017-06-27,25.93,25.44,25.99,25.35,513801
2017-06-28,25.61,25.86,26.02,25.52,354069
2017-06-29,25.87,25.17,25.97,24.76,494407
2017-06-30,25.2,25.14,25.46,24.97,418130
2017-07-03,25.22,25.16,25.45,25.02,194351
2017-07-05,25.09,25.27,25.5,25.03,349601
2017-07-06,25.28,25.05,25.39,24.94,529936
2017-07-07,23.95,25.09,25.25,23.7739,745200
2017-07-10,25.04,25.02,25.31,24.71,345363
2017-07-11,24.93,25.32,25.55,24.87,407098
2017-07-12,25.42,25.47,25.71,25.28,399553
2017-07-13,25.43,25.23,25.5,25.07,419300
2017-07-14,25.13,25.29,25.4,24.85,522432
2017-07-17,25.24,25.82,25.85,25.19,440984
2017-07-18,25.72,25.23,25.72,25.1971,434762
2017-07-19,25.2,25.39,25.56,25.15,357356
2017-07-20,25.45,25.38,25.45,25.061,280041
2017-07-21,25.58,25.26,25.58,25.19,369479
2017-07-24,25.23,25.37,25.53,25.106,275463
2017-07-25,25.42,25.41,25.521,25.18,386546
2017-07-26,25.47,25.22,25.48,24.96,526175
2017-07-27,25.23,24.99,25.37,24.8,305564
2017-07-28,24.85,24.72,25.0,24.67,402589
2017-07-31,24.66,24.59,24.74,24.18,605322
2017-08-01,24.6,24.87,24.88,24.27,497216
2017-08-02,24.8,24.86,25.04,24.645,349582
2017-08-03,24.75,25.0,25.06,24.75,384168
2017-08-04,25.0,25.39,25.46,24.7,441427
2017-08-07,25.26,25.72,25.8796,25.15,621353
2017-08-08,25.77,25.31,26.31,25.29,987644
2017-08-09,24.3,23.02,25.26,21.8001,2677728
2017-08-10,23.0,22.46,23.05,22.24,1510454
2017-08-11,22.65,22.36,22.73,21.91,1181477
2017-08-14,22.56,22.18,22.65,22.04,566983
2017-08-15,22.1,21.63,22.37,21.52,755585
2017-08-16,21.65,21.66,21.8,21.34,679075
2017-08-17,21.55,21.48,21.86,21.445,445299
2017-08-18,21.36,22.07,22.15,21.25,1041968
2017-08-21,22.03,22.08,22.14,21.85,728548
2017-08-22,21.5,21.77,22.13,21.4001,816708
2017-08-23,21.58,21.64,21.99,21.45,662792
2017-08-24,21.81,21.85,22.09,21.7525,495829
2017-08-25,21.62,21.58,21.83,21.57,666677
2017-08-28,21.63,21.88,21.95,21.61,617142
2017-08-29,21.77,21.62,21.91,21.61,383956
2017-08-30,21.6,21.59,21.69,21.44,378616
2017-08-31,21.69,21.71,21.87,21.6318,445077
2017-09-01,21.73,21.73,21.98,21.64,358161
2017-09-05,21.66,21.98,21.98,21.53,390587
2017-09-06,22.0,21.73,22.0,21.7,533715
2017-09-07,21.74,21.5,21.99,21.48,531249
2017-09-08,21.51,21.64,21.96,21.46,517184
2017-09-11,21.79,21.86,22.25,21.72,428423
2017-09-12,21.87,22.35,22.35,21.86,692071
2017-09-13,22.34,22.4,22.56,22.21,447459
2017-09-14,22.52,22.54,22.76,22.4,520293
2017-09-15,22.59,22.3,22.73,21.945,1268159
2017-09-18,22.34,22.4,22.68,22.3,490474
2017-09-19,22.45,22.07,22.5065,22.02,417960
2017-09-20,22.21,22.91,23.22,22.085,748659
2017-09-21,22.91,22.8,23.1199,22.7,467466
2017-09-22,22.77,22.65,23.14,22.64,284281
2017-09-25,22.66,22.59,22.7312,22.18,510969
2017-09-26,22.59,22.66,22.95,22.54,373235
2017-09-27,22.72,23.05,23.07,22.67,552961
2017-09-28,23.1,23.09,23.49,22.89,531720
2017-09-29,23.08,22.67,23.2,22.65,544074
2017-10-02,22.77,22.91,23.04,22.66,478679
2017-10-03,23.04,23.2,23.31,23.04,491058
2017-10-04,23.26,23.77,23.77,23.2,595738
2017-10-05,23.72,23.64,23.86,23.5492,225812
2017-10-06,23.64,23.72,23.78,23.5005,317653
2017-10-09,23.72,23.56,23.82,23.53,287729
2017-10-10,23.57,23.82,23.835,23.39,507581
2017-10-11,23.77,23.9,24.0,23.77,456215
2017-10-12,24.03,24.45,24.55,23.96,678118
2017-10-13,24.62,24.6,24.73,24.42,575197
2017-10-16,24.65,24.31,24.7,24.225,435447
2017-10-17,24.19,24.44,24.47,24.11,415563
2017-10-18,23.94,24.99,25.02,23.6,1491577
2017-10-19,24.78,24.62,24.919,24.42,594784
2017-10-20,23.5,23.01,24.03,22.86,4110119
2017-10-23,22.8,22.59,22.9699,22.3275,829389
2017-10-24,22.48,22.32,22.54,22.115,1060735
2017-10-25,22.14,22.17,22.46,22.09,769058
2017-10-26,22.1,22.43,22.47,22.0824,527970
2017-10-27,22.49,22.92,22.93,22.2501,607400
2017-10-30,22.76,22.87,22.91,22.66,622085
2017-10-31,22.96,22.97,23.15,22.89,512033
2017-11-01,23.0,23.03,23.045,22.81,429431
2017-11-02,23.0,23.48,23.5,22.9,460818
2017-11-03,23.45,23.41,23.45,23.175,421201
2017-11-06,23.4,23.22,23.49,23.16,672099
2017-11-07,23.2,22.85,23.35,22.84,892183
2017-11-08,22.62,21.43,22.73,20.57,2981718
2017-11-09,21.31,21.53,22.38,20.92,1148675
2017-11-10,21.43,21.16,21.46,21.15,623517
2017-11-13,21.02,21.12,21.47,21.02,658364
2017-11-14,21.01,21.4,21.44,20.8099,908065
2017-11-15,21.17,21.89,21.95,21.13,801989
2017-11-16,21.88,22.39,22.46,21.8,934211
2017-11-17,22.5,23.13,23.45,22.49,1136100
2017-11-20,23.19,23.61,23.85,23.19,1105699
2017-11-21,23.74,23.85,23.88,23.265,1148216
2017-11-22,23.86,23.77,24.0,23.55,664871
2017-11-24,23.87,24.06,24.07,23.72,249234
2017-11-27,24.1,24.43,24.45,23.92,468988
2017-11-28,24.46,24.87,25.01,24.27,521486
2017-11-29,24.79,24.97,25.09,24.54,519770
2017-11-30,24.99,24.88,25.22,24.725,511715
2017-12-01,24.9,24.48,24.91,23.82,735405
2017-12-04,24.64,24.1,24.879,24.06,783632
2017-12-05,24.1,24.09,24.385,23.95,633073
2017-12-06,24.09,24.0,24.28,23.85,528361
2017-12-07,24.04,24.33,24.69,23.91,538410
2017-12-08,24.36,24.505,24.78,24.32,498763
2017-12-11,24.53,24.59,24.79,24.16,518485
2017-12-12,24.69,25.16,25.2,24.528,494380
2017-12-13,25.21,25.6,26.01,25.16,906574
2017-12-14,25.59,25.43,25.92,25.34,444246
2017-12-15,25.85,26.35,26.4,25.53,1353144
2017-12-18,26.4,27.0,27.06,26.37,665190
2017-12-19,27.09,26.5,27.09,26.3304,546143
2017-12-20,26.67,25.8,26.67,25.75,461430
2017-12-21,25.96,26.38,26.6,25.54,676904
2017-12-22,26.41,26.44,26.52,26.05,271506
2017-12-26,26.16,26.47,26.7,26.16,212709
2017-12-27,26.55,26.68,26.74,26.42,197350
2017-12-28,26.7,26.93,26.96,26.5968,271528
2017-12-29,26.9,26.5,26.92,26.47,380319
2018-01-02,26.52,26.55,26.58,26.22,487831
2018-01-03,26.45,26.75,26.79,26.08,603289
2018-01-04,26.8,26.83,26.89,26.5,358220
2018-01-05,26.85,26.85,27.1,26.6204,369178
2018-01-08,26.82,26.77,26.825,26.27,526381
2018-01-09,26.77,26.82,27.08,26.65,347666
2018-01-10,26.78,26.56,26.88,26.4,412456
2018-01-11,26.58,26.9,27.0,26.52,602717
2018-01-12,26.99,27.56,27.75,26.87,572787
2018-01-16,27.59,27.29,27.96,27.276,447393
2018-01-17,27.39,27.71,27.79,27.3552,460542
2018-01-18,27.63,27.44,27.73,27.27,479346
2018-01-19,27.41,27.48,27.5661,27.16,331349
2018-01-22,27.48,27.47,27.48,27.07,506593
2018-01-23,27.44,27.45,27.49,27.17,170052
2018-01-24,27.43,27.21,27.65,26.9,415870
2018-01-25,27.31,27.52,27.52,27.01,336219
2018-01-26,27.59,27.48,27.74,27.16,366161
2018-01-29,27.4,27.41,27.63,27.205,567035
2018-01-30,27.13,27.36,27.86,26.7308,1130450
2018-01-31,27.48,26.46,27.585,26.34,585600
2018-02-01,26.33,25.84,26.37,25.75,751301
2018-02-02,25.66,25.82,26.17,25.4606,527437
2018-02-05,25.74,25.03,25.99,24.84,669700
2018-02-06,24.85,25.15,25.34,24.501,899323
2018-02-07,25.2,25.95,26.07,25.2,499555
2018-02-08,25.89,25.32,25.97,25.32,685511
2018-02-09,25.54,25.28,25.88,24.85,796477
2018-02-12,25.4,25.61,25.8899,25.22,920838
2018-02-13,25.58,26.84,27.04,25.52,869566
2018-02-14,26.64,27.92,27.97,26.64,605864
2018-02-15,28.0,28.4,28.489,27.88,687565
2018-02-16,28.4,28.74,29.0,28.4,744046
2018-02-20,28.66,28.07,28.94,28.06,622662
2018-02-21,28.16,28.1,28.71,28.06,458685
2018-02-22,28.15,28.19,28.47,28.1,379590
2018-02-23,28.38,28.58,28.6,28.07,316648
2018-02-26,28.66,28.16,28.78,28.11,618724
2018-02-27,28.1,27.25,28.11,27.19,855940
2018-02-28,32.01,34.83,36.3,31.06,7916490
2018-03-01,34.9,37.69,39.74,34.85,6184350
2018-03-02,36.37,38.75,38.87,35.95,3286619
2018-03-05,38.74,38.28,39.75,36.91,2105957
2018-03-06,37.5,39.09,39.7,37.42,1541788
2018-03-07,38.97,39.77,40.24,38.7,1274663
2018-03-08,39.72,39.79,40.1,39.39,748274
2018-03-09,40.01,39.86,40.16,39.11,1195971
2018-03-12,40.34,39.42,40.491,39.15,1089389
2018-03-13,39.56,39.35,39.88,38.95,685048
2018-03-14,39.49,39.01,39.585,38.95,701253
2018-03-15,38.92,38.62,39.02,38.33,867651
2018-03-16,37.95,37.97,38.39,37.54,2018242
2018-03-19,37.81,37.4,37.95,37.11,832909
2018-03-20,37.5,38.36,38.66,37.46,833124
2018-03-21,38.45,38.8,38.98,38.13,716912
2018-03-22,38.56,38.55,39.3,38.31,890905
2018-03-23,38.57,37.9,39.16,37.89,768995
2018-03-26,38.26,38.72,38.77,37.521,431443
2018-03-27,38.67,38.63,39.31,38.32,542241
2018-03-28,38.78,37.92,38.8,37.62,553785
2018-03-29,38.19,39.31,39.89,38.15,742946
2018-04-02,39.35,39.48,39.61,38.83,467383
2018-04-03,39.78,42.4,42.45,39.501,1769028
2018-04-04,41.91,41.98,42.65,40.56,1465882
2018-04-05,42.38,42.86,43.16,42.1,814372
2018-04-06,42.47,41.84,42.95,41.55,967239
2018-04-09,42.24,41.31,42.34,40.84,1236848
2018-04-10,41.62,42.09,42.3,41.38,732653
2018-04-11,42.01,42.78,43.19,42.0,629225
2018-04-12,43.1,43.1,44.06,43.0,1530535
2018-04-13,43.77,42.79,43.77,42.65,796445
2018-04-16,43.33,42.97,43.71,42.8,553221
2018-04-17,43.06,43.01,43.84,42.97,962286
2018-04-18,43.26,42.74,43.671,42.72,721978
2018-04-19,42.7,42.99,43.43,42.15,903606
2018-04-20,42.92,42.7,43.27,42.63,544309
2018-04-23,43.06,42.74,43.43,42.45,944293
2018-04-24,43.03,42.8,43.7319,41.7,658385
2018-04-25,42.64,43.0,43.07,42.1124,590947
2018-04-26,44.3,42.74,44.749,42.6,921873
2018-04-27,42.9,41.61,43.24,41.3708,802560
2018-04-30,41.79,41.98,42.44,41.6,428339
2018-05-01,41.95,41.51,42.14,41.16,571313
2018-05-02,41.77,41.99,42.8,41.77,1236987
2018-05-03,41.99,41.44,41.99,41.1,1270279
2018-05-04,42.24,44.55,45.5,42.24,2641530
2018-05-07,45.19,44.93,45.48,43.68,1256619
2018-05-08,44.73,44.65,45.25,44.25,1489633
2018-05-09,50.4,54.62,56.22,49.96,4793597
2018-05-10,54.44,55.44,56.73,53.55,1785452
2018-05-11,55.44,57.26,57.44,55.16,1110579
2018-05-14,57.43,56.99,58.1778,56.505,1089579
2018-05-15,53.87,54.54,54.67,52.22,2099395
2018-05-16,54.54,54.33,56.81,53.67,1972066
2018-05-17,55.27,57.12,57.89,54.28,5517711
2018-05-18,57.52,57.95,58.47,57.01,1508990
2018-05-21,58.28,59.65,59.73,57.72,1285355
2018-05-22,60.08,61.72,62.2,59.1,1899663
2018-05-23,61.26,59.8,61.96,59.16,1748981
2018-05-24,60.0,62.08,62.5,59.4,1039938
2018-05-25,61.99,63.01,63.5,61.5,1378380
2018-05-29,63.71,63.97,64.94,63.15,1166248
2018-05-30,64.35,63.74,64.779,62.66,991782
2018-05-31,63.7,63.68,64.74,63.165,998722
2018-06-01,63.97,65.3,65.4,63.441,1110243
2018-06-04,65.27,66.07,66.13,64.6748,1013235
2018-06-05,66.07,67.06,67.45,65.33,1427705
2018-06-06,67.64,67.9,69.09,66.93,1128431
2018-06-07,65.45,63.53,65.5,62.25,2074150
2018-06-08,63.16,65.28,65.74,63.1,1192345
2018-06-11,65.43,65.2,66.18,64.34,750922
2018-06-12,65.14,65.28,66.42,64.75,712810
2018-06-13,65.53,64.88,65.59,64.35,847721
2018-06-14,65.21,63.67,65.506,62.89,1104671
2018-06-15,63.26,64.4,64.53,61.57,1920267
2018-06-18,64.4,66.13,66.2199,63.77,1031494
2018-06-19,65.5,65.54,65.66,63.09,1023616
2018-06-20,66.33,68.45,68.855,66.2,1112894
2018-06-21,68.79,67.05,71.0,65.729,1165301
2018-06-22,67.13,67.65,68.15,66.29,989287
2018-06-25,67.21,61.97,67.6,61.8,1388414
2018-06-26,62.28,63.17,63.989,62.0238,712498
2018-06-27,63.17,62.01,63.97,62.0,684074
2018-06-28,61.84,64.04,64.42,61.75,566850
2018-06-29,64.47,63.18,64.9559,62.22,632449
2018-07-02,64.0,64.43,64.81,63.01,610873
2018-07-03,64.46,64.09,65.306,63.85,339586
2018-07-05,64.69,64.98,65.0,63.7,631444
2018-07-06,64.82,65.96,66.03,64.04,516373
2018-07-09,66.5,66.95,67.0,65.53,665421
2018-07-10,67.28,67.35,68.06,66.05,644502
2018-07-11,66.88,66.96,67.9891,66.52,693878
2018-07-12,67.47,68.94,69.22,66.0,720135
2018-07-13,69.08,67.79,70.425,67.43,628944
2018-07-16,67.79,69.02,69.18,67.79,542041
2018-07-17,69.12,70.64,70.89,68.68,576048
2018-07-18,70.9,71.55,72.06,69.31,654522
2018-07-19,71.46,73.07,73.3399,71.45,845939
2018-07-20,73.49,73.83,74.75,72.51,771147
2018-07-23,73.6,74.89,75.18,73.1488,803392
2018-07-24,75.25,72.24,76.4544,70.78,1193638
2018-07-25,71.06,72.89,72.96,68.3678,1150126
2018-07-26,72.22,72.5,72.99,70.94,628195
2018-07-27,72.87,68.76,73.11,67.51,902077
2018-07-30,69.0,66.42,69.34,65.49,844771
2018-07-31,66.5,67.93,68.32,66.3502,793605
2018-08-01,68.35,68.42,69.43,67.64,731173
2018-08-02,68.38,69.78,70.0,67.93,494992
2018-08-03,70.64,69.09,71.0,67.93,406573
2018-08-06,68.1,66.86,69.115,65.19,1075358
2018-08-07,67.01,67.62,68.16,66.14,1030718
2018-08-08,63.19,59.78,63.19,56.09,4298839
2018-08-09,60.5,59.33,61.86,59.22,1102629
2018-08-10,59.27,61.47,61.94,58.04,763600
2018-08-13,61.21,60.98,62.585,60.57,556394
2018-08-14,61.1,62.31,62.59,60.83,499989
2018-08-15,61.26,61.02,62.55,59.72,771266
2018-08-16,61.49,62.66,62.77,61.14,570790
2018-08-17,62.69,64.15,64.18,62.1001,583415
2018-08-20,64.45,64.16,64.68,63.0753,468407
2018-08-21,64.15,63.81,64.77,63.72,487260
2018-08-22,63.5,64.35,64.97,63.1,433365
2018-08-23,64.4,64.01,65.39,63.71,458024
2018-08-24,64.0,65.55,65.8,64.0,446673
2018-08-27,65.89,66.66,67.3,65.8,374291
2018-08-28,66.97,67.3,67.92,66.45,481554
2018-08-29,67.5,67.08,67.6,66.66,374320
2018-08-30,67.0,66.46,67.41,66.17,430082
2018-08-31,66.24,68.26,68.485,66.24,397961
2018-09-04,68.0,69.88,70.2363,67.15,575291
2018-09-05,69.7,68.77,69.88,66.84,573380
2018-09-06,68.89,70.29,70.5,68.77,559310
2018-09-07,69.92,70.46,71.962,69.28,528069
2018-09-10,70.96,71.88,72.05,70.54,546961
2018-09-11,71.94,72.94,73.64,71.6,615384
2018-09-12,72.8,70.36,73.3,70.35,667639
2018-09-13,70.58,71.43,72.13,70.48,374546
2018-09-14,72.24,73.41,73.61,71.64,550275
2018-09-17,73.43,68.67,74.14,68.3701,889833
2018-09-18,69.05,69.08,70.75,68.95,569634
2018-09-19,68.89,67.37,69.3,66.225,722764
2018-09-20,67.78,65.46,68.0382,64.96,610734
2018-09-21,65.65,64.79,66.58,64.371,1313530
2018-09-24,64.35,63.62,64.87,63.2,621210
2018-09-25,63.91,66.97,67.34,63.83,665937
2018-09-26,67.15,66.39,67.7099,66.09,434361
2018-09-27,66.75,67.61,67.9399,66.4,352462
2018-09-28,67.47,68.43,69.3477,67.47,372903
2018-10-01,68.61,66.84,69.82,66.5813,376706
2018-10-02,66.28,64.23,66.48,63.635,462005
2018-10-03,64.59,64.76,65.83,63.6501,336878
2018-10-04,64.09,62.81,64.3457,62.3,452444
2018-10-05,62.91,62.67,64.2399,61.2381,467205
2018-10-08,62.46,63.41,64.335,61.55,664016
2018-10-09,63.41,62.84,64.77,62.17,499786
2018-10-10,62.28,57.66,62.28,57.54,1078593
2018-10-11,57.02,56.19,58.8,56.08,820736
2018-10-12,57.85,58.86,59.12,57.29,701824
2018-10-15,57.15,57.06,57.5,54.39,789110
2018-10-16,57.6,61.24,61.37,57.35,411771
2018-10-17,62.73,61.65,62.73,59.52,521972
2018-10-18,61.11,58.26,61.9,58.17,514565
2018-10-19,58.49,58.52,59.86,57.71,453736
2018-10-22,55.9,57.98,59.03,55.11,735921
2018-10-23,56.34,58.04,58.45,55.7301,622593
2018-10-24,58.45,57.65,59.0,57.37,733014
2018-10-25,58.22,58.95,59.439,57.83,473931
2018-10-26,57.45,56.95,59.32,55.09,653893
2018-10-29,58.08,55.9,59.35,54.81,447181
2018-10-30,55.75,57.95,58.08,55.1134,547559
2018-10-31,58.85,61.72,62.14,58.85,694561
2018-11-01,62.09,61.4,62.09,59.521,715800
2018-11-02,61.93,61.2,62.855,60.6944,528528
2018-11-05,61.2,60.44,61.94,59.2,590041
2018-11-06,60.24,60.08,61.71,59.25,834417
2018-11-07,54.8,50.7,56.0,49.64,2267640
2018-11-08,52.82,50.66,52.9,50.29,1079844
2018-11-09,51.75,52.25,53.18,51.1,1057913
2018-11-12,52.16,50.0,52.665,49.22,809228
2018-11-13,50.26,50.29,51.78,49.33,889126
2018-11-14,50.29,49.57,50.6832,48.92,689704
2018-11-15,49.36,49.58,50.07,47.8,767568
2018-11-16,49.09,49.95,50.02,48.04,777819
2018-11-19,50.0,46.99,50.03,46.77,628671
2018-11-20,45.09,45.22,46.28,43.7,1397237
2018-11-21,45.76,46.66,47.17,45.56,534255
2018-11-23,46.2,46.68,47.5,46.2,222155
2018-11-26,47.26,46.86,47.6907,46.0401,381475
2018-11-27,46.68,46.52,47.4,46.4,445720
2018-11-28,46.66,45.38,47.1573,45.26,939588
2018-11-29,45.3,44.07,45.93,43.33,1014890
2018-11-30,43.71,43.47,44.28,42.83,1232905
2018-12-03,43.91,45.18,45.5,43.8,1567970
2018-12-04,45.15,43.64,46.045,43.57,949001
2018-12-06,42.6,44.51,44.65,42.0,853999
2018-12-07,44.37,43.52,45.08,42.895,650276
2018-12-10,43.31,44.3,44.82,43.31,735631
2018-12-11,45.59,44.21,46.29,43.67,1018633
2018-12-12,45.88,45.59,46.88,45.0,1034250
2018-12-13,46.0,45.12,46.0,44.85,576371
2018-12-14,44.6,44.65,45.86,44.5,763560
2018-12-17,44.5,43.8,45.07,43.475,622000
2018-12-18,44.44,44.46,45.43,44.13,735076
2018-12-19,44.45,44.82,45.53,44.35,846479
2018-12-20,44.44,41.37,45.43,40.01,1195451
2018-12-21,41.5,41.79,43.4,41.3333,2091193
2018-12-24,40.45,39.74,40.86,39.43,645009
2018-12-26,39.81,41.76,41.81,39.54,625784
2018-12-27,41.17,43.0,43.01,41.0,811875
2018-12-28,43.04,43.03,43.74,42.02,579067
2018-12-31,43.58,43.75,44.26,43.13,675677
2019-01-02,42.99,45.11,45.12,42.62,1108668
2019-01-03,44.34,43.29,44.697,42.42,964247
2019-01-04,43.95,46.01,46.21,43.19,865853
2019-01-07,46.45,48.15,48.71,46.39,768520
2019-01-08,48.98,49.41,49.91,48.6466,769602
2019-01-09,49.84,50.26,50.61,49.13,692362
2019-01-10,49.85,49.69,50.22,48.81,529229
2019-01-11,49.56,49.45,49.89,48.499,497829
2019-01-14,49.0,49.78,50.11,48.24,454098
2019-01-15,50.13,49.35,50.4,49.02,376449
2019-01-16,49.36,49.63,50.005,48.68,311817
2019-01-17,49.41,50.22,50.61,49.3917,485238
2019-01-18,50.42,50.19,50.87,50.02,398562
2019-01-22,49.86,48.7,49.895,48.05,470845
2019-01-23,49.08,48.06,50.05,47.46,428662
2019-01-24,48.11,48.43,48.49,47.13,567103
2019-01-25,48.83,49.1,49.58,48.31,319586
2019-01-28,48.79,49.1,49.39,48.345,290343
2019-01-29,49.14,49.04,49.96,48.92,250256
2019-01-30,49.08,49.74,49.94,48.04,394182
2019-01-31,49.63,51.01,51.29,49.63,354727
2019-02-01,51.11,50.65,51.25,50.45,367324
2019-02-04,50.81,52.91,52.96,50.7101,487201
2019-02-05,53.0,52.5,53.82,52.2201,279802
2019-02-06,52.69,52.12,52.72,51.42,310884
2019-02-07,51.84,51.98,52.41,51.14,375335
2019-02-08,51.75,51.43,51.83,50.81,350375
2019-02-11,51.52,53.13,53.24,51.52,425622
2019-02-12,53.8,53.3,54.04,52.72,402484
2019-02-13,53.66,53.7,53.96,53.06,310572
2019-02-14,53.36,54.59,54.77,53.35,305240
2019-02-15,54.9,55.43,55.59,54.41,419389
2019-02-19,55.43,55.81,56.08,55.21,424153
2019-02-20,55.88,56.0,56.34,55.58,384412
2019-02-21,55.98,55.49,56.1799,55.25,323577
2019-02-22,55.62,55.74,55.95,55.01,451955
2019-02-25,56.44,58.05,58.495,56.28,1428837
2019-02-26,58.62,60.22,60.3,58.52,1686476
2019-02-27,55.46,55.49,55.65,51.6001,2666815
2019-02-28,55.13,53.83,55.75,53.55,787042
2019-03-01,54.29,54.45,54.6,53.19,991984
2019-03-04,54.54,51.2,54.86,50.81,875814
2019-03-05,51.41,51.4,51.64,50.5,670822
2019-03-06,51.51,49.98,52.23,49.8102,507709
2019-03-07,49.82,48.47,50.075,48.2,571924
2019-03-08,47.75,46.86,47.75,46.28,1057336
2019-03-11,46.86,47.97,48.15,46.5,656291
2019-03-12,47.96,48.33,48.52,47.12,490445
2019-03-13,48.5,47.63,48.9,47.5393,493167
2019-03-14,47.69,47.05,48.0307,47.01,601784
2019-03-15,47.05,47.96,47.99,46.85,1486661
2019-03-18,48.12,50.02,50.06,48.09,882651
2019-03-19,51.3,52.04,53.24,51.0766,1127333
2019-03-20,52.26,52.65,53.06,50.86,684010
2019-03-21,52.28,54.54,54.55,52.28,680131
2019-03-22,54.11,52.05,55.08,52.0,785180
2019-03-25,52.0,52.89,53.35,51.4388,315874
2019-03-26,53.47,53.36,53.61,52.51,597830
2019-03-27,53.34,52.52,54.21,51.75,413235
2019-03-28,52.7,53.85,53.98,52.6018,298134
2019-03-29,54.37,54.41,55.07,53.93,530454
2019-04-01,54.99,55.26,55.75,54.35,359412
2019-04-02,55.44,54.38,55.59,54.32,422863
2019-04-03,54.68,55.38,55.72,54.44,281101
2019-04-04,55.42,55.12,56.27,54.75,430282
2019-04-05,56.61,57.73,57.85,55.8652,697232
2019-04-08,59.56,60.32,60.66,58.32,791443
2019-04-09,59.83,58.66,60.3578,58.45,571134
2019-04-10,58.75,60.12,60.37,58.2663,523994
2019-04-11,60.09,60.92,61.04,60.0498,368160
2019-04-12,61.74,61.87,62.0,61.05,465802
2019-04-15,61.84,60.75,62.17,60.5,366410
2019-04-16,61.21,61.55,61.61,60.9228,384379
2019-04-17,61.86,61.5,62.24,60.26,441430
2019-04-18,61.46,59.82,61.46,59.17,398789
2019-04-22,59.82,60.74,61.02,59.59,310640
2019-04-23,61.07,62.87,63.18,60.99,483731
2019-04-24,62.9,62.58,64.0,62.34,297553
2019-04-25,62.58,62.94,63.16,61.8,322154
2019-04-26,62.68,62.86,63.21,62.205,488397
2019-04-29,63.02,63.37,64.0,62.28,664322
2019-04-30,63.25,63.5,64.015,62.93,669312
2019-05-01,63.83,63.79,64.27,63.23,756570
2019-05-02,63.8,64.26,64.45,63.56,430189
2019-05-03,64.7,65.3,66.11,64.42,734226
2019-05-06,63.79,65.84,66.0998,63.3765,523589
2019-05-07,64.81,64.64,65.83,63.8671,854205
2019-05-08,64.96,67.0,67.87,64.75,795045
2019-05-09,66.49,66.73,67.2967,65.02,812033
2019-05-10,67.0,63.73,68.8,61.71,1814865
2019-05-13,62.22,64.76,65.04,62.0,740163
2019-05-14,64.82,66.33,66.73,64.8,1036432
2019-05-15,65.38,65.41,65.94,64.5,488843
2019-05-16,65.51,68.18,68.49,65.46,669131
2019-05-17,67.71,68.0,68.79,67.35,999329
2019-05-20,67.21,65.43,67.8185,65.07,1037983
2019-05-21,66.01,67.84,67.93,65.24,486599
2019-05-22,67.43,68.3,68.32,67.0,300115
2019-05-23,67.18,67.03,67.81,66.2701,587662
2019-05-24,67.09,67.14,67.48,66.29,455236
2019-05-28,67.46,68.51,69.4,67.45,715810
2019-05-29,67.7,68.02,68.86,67.55,536161
2019-05-30,68.33,68.05,68.57,67.855,926588
2019-05-31,66.93,66.78,69.03,66.46,1030693
2019-06-03,66.65,67.46,67.54,64.7,1522227
2019-06-04,67.99,67.63,68.39,67.06,553939
2019-06-05,67.98,68.0,68.97,67.44,431979
2019-06-06,67.91,67.97,68.3663,67.16,302017
2019-06-07,68.45,69.18,69.55,68.0,362071
2019-06-10,69.76,71.91,72.29,69.5001,868471
2019-06-11,72.0,70.43,72.35,69.14,941317
2019-06-12,70.24,70.35,70.485,69.24,832755
2019-06-13,70.64,71.11,71.13,70.36,724549
2019-06-14,70.66,70.67,71.48,70.605,1084151
2019-06-17,70.83,68.17,71.0276,66.61,946441
2019-06-18,69.58,66.04,71.22,65.51,1613575
2019-06-19,64.5,69.9,69.92,64.1503,2352262
2019-06-20,70.21,73.21,73.26,70.15,1015184
2019-06-21,72.48,73.3,73.48,70.35,1666777
2019-06-24,73.35,73.21,74.93,72.8019,747146
2019-06-25,71.0,68.83,71.5,68.14,1889926
2019-06-26,69.2,66.87,69.8483,66.65,1307365
2019-06-27,67.0,66.89,67.42,66.22,897408
2019-06-28,66.7,64.21,66.79,64.08,9759655
2019-07-01,65.22,64.55,65.9,63.4,1315361
2019-07-02,64.75,63.8,64.75,63.02,1181513
2019-07-03,64.05,64.32,64.475,63.92,757860
2019-07-05,63.9,64.06,64.48,63.18,468946
2019-07-08,63.81,62.31,63.935,62.05,578539
2019-07-09,62.1,62.96,63.11,61.7,797540
2019-07-10,63.32,63.3,64.16,63.22,854504
2019-07-11,63.46,62.92,64.1,62.73,1148185
2019-07-12,62.9,64.5,64.73,61.88,924471
2019-07-15,64.65,63.78,65.37,63.67,665715
2019-07-16,63.79,63.9,64.0769,62.83,444366
2019-07-17,64.22,64.82,65.44,63.81,617228
2019-07-18,64.71,65.76,65.83,64.515,464670
2019-07-19,65.83,65.92,66.77,65.69,548947
2019-07-22,65.8,65.41,66.44,65.1,333282
2019-07-23,65.95,66.18,66.52,65.2,339376
2019-07-24,66.0,68.75,69.42,65.9,708979
2019-07-25,69.04,68.3,69.46,68.05,461817
2019-07-26,68.48,69.5,70.55,68.48,569980
2019-07-29,69.68,68.48,70.0809,68.09,395771
2019-07-30,68.0,69.64,69.66,67.51,546198
2019-07-31,69.76,70.22,71.69,69.52,602376
2019-08-01,70.12,68.44,70.96,68.38,529240
2019-08-02,68.09,69.08,69.24,67.5,553617
2019-08-05,67.58,65.91,67.58,64.26,756580
2019-08-06,66.16,65.36,67.49,65.23,839006
2019-08-07,64.52,65.54,65.94,64.1,1066831
2019-08-08,66.25,68.41,69.14,66.25,1110876
2019-08-09,60.0,58.09,61.98,56.11,4054508
2019-08-12,58.59,57.5,60.27,56.88,1118763
2019-08-13,57.57,58.78,60.62,57.21,743184
2019-08-14,58.68,57.86,58.86,57.05,828991
2019-08-15,57.85,57.36,58.76,56.95,731035
2019-08-16,57.79,59.22,59.39,56.92,724022
2019-08-19,60.4,60.11,60.91,59.59,767773
2019-08-20,60.27,60.75,60.97,59.35,974056
2019-08-21,61.35,60.34,61.35,60.23,792527
2019-08-22,60.53,62.37,62.625,60.35,668974
2019-08-23,62.15,59.37,62.69,59.14,892618
2019-08-26,60.09,60.96,61.02,59.05,402831
2019-08-27,61.45,60.98,62.35,60.4,548078
2019-08-28,60.71,59.94,61.91,59.21,479929
2019-08-29,61.15,61.33,62.06,60.935,401090
2019-08-30,61.56,59.97,61.745,59.72,465697
2019-09-03,59.53,58.99,59.53,57.9,649552
2019-09-04,59.71,59.97,60.24,59.13,345131
2019-09-05,60.87,61.19,61.93,60.13,437624
2019-09-06,61.16,61.99,62.49,60.64,330588
2019-09-09,62.44,59.55,62.44,59.2348,633467
2019-09-10,59.29,60.57,60.6,58.11,485487
2019-09-11,60.78,62.94,62.99,60.32,462941
2019-09-12,63.0,64.37,64.72,62.01,436754
2019-09-13,64.5,65.11,65.66,63.96,473441
2019-09-16,64.84,66.19,66.8,64.3956,403441
2019-09-17,66.42,66.15,66.48,65.18,378147
2019-09-18,66.15,65.44,66.48,64.93,406209
2019-09-19,65.0,63.14,65.41,62.25,812596
2019-09-20,63.09,63.54,64.14,62.1645,1032564
2019-09-23,63.21,62.5,64.375,62.34,610877
2019-09-24,62.61,60.95,63.565,59.8,873660
2019-09-25,60.84,60.43,61.25,59.11,425298
2019-09-26,60.44,59.01,60.555,58.2401,652507
2019-09-27,59.32,58.31,59.32,57.61,385318
2019-09-30,58.28,56.78,58.55,56.7,851655
2019-10-01,56.85,54.22,57.33,53.95,1025065
2019-10-02,53.68,53.26,53.68,51.28,1205634
2019-10-03,53.09,54.3,54.35,52.16,705061
2019-10-04,54.47,54.86,55.09,53.57,440864
2019-10-07,54.65,54.62,55.16,53.75,573890
2019-10-08,54.01,52.76,54.63,52.59,485807
2019-10-09,53.13,52.34,53.33,52.12,536570
2019-10-10,52.26,52.54,52.76,51.8848,954085
2019-10-11,53.24,53.16,54.89,53.01,771213
2019-10-14,52.98,52.83,53.43,51.88,491109
2019-10-15,52.84,53.32,53.64,52.44,402571
2019-10-16,52.94,51.89,53.14,51.51,649331
2019-10-17,52.0,51.75,52.59,51.66,397787
2019-10-18,51.42,50.55,51.48,49.8,1065593
2019-10-21,51.19,52.315,52.47,50.57,535664
2019-10-22,52.3,53.2,53.42,51.7786,824542
2019-10-23,53.4,53.705,54.21,53.2,578263
2019-10-24,53.82,54.92,55.06,53.56,508750
2019-10-25,54.69,54.26,55.17,54.2,364788
2019-10-28,54.73,54.75,55.25,54.19,507892
2019-10-29,54.56,52.98,55.21,52.81,551807
2019-10-30,52.84,52.53,53.46,51.8,656753
2019-10-31,52.47,51.13,52.67,50.78,980481
2019-11-01,51.49,52.52,53.33,51.0,1085409
2019-11-04,53.15,51.87,53.3485,51.48,689301
2019-11-05,51.87,53.085,54.13,51.72,835867
2019-11-06,53.14,52.24,53.69,51.94,714833
2019-11-07,53.23,52.41,55.73,52.2,1368758
2019-11-08,61.94,65.285,71.0,61.0,4437375
2019-11-11,64.76,64.45,65.54,62.61,1259114
2019-11-12,64.48,64.01,64.75,63.34,754512
2019-11-13,63.53,64.65,64.98,63.2572,580671
2019-11-14,64.65,66.69,67.05,64.44,641508
2019-11-15,67.35,67.37,68.35,66.37,724579
2019-11-18,67.24,67.72,67.83,66.35,544045
2019-11-19,67.87,68.48,69.11,67.64,560688
2019-11-20,67.94,71.98,72.0,67.45,1290945
2019-11-21,72.0,71.9,73.07,71.225,906246
2019-11-22,72.15,72.09,72.44,71.1707,350559
2019-11-25,72.74,74.33,74.85,72.4055,671306
2019-11-26,74.8,76.93,77.66,74.5,1592019
2019-11-27,74.81,75.57,76.07,72.02,1450356
2019-11-29,75.07,73.8,75.85,73.64,416062
2019-12-02,74.14,73.72,75.27,73.43,613593
2019-12-03,72.31,73.83,74.125,71.31,651053
2019-12-04,74.22,72.76,75.65,72.57,823290
2019-12-05,72.36,72.82,73.874,72.02,396829
2019-12-06,73.58,71.87,74.255,71.68,609608
2019-12-09,71.89,72.27,73.7,71.52,567543
2019-12-10,72.93,72.64,72.93,72.16,407770
2019-12-11,72.68,72.49,73.42,71.93,338908
2019-12-12,72.37,71.81,73.07,70.61,416787
2019-12-13,71.71,72.47,72.8187,71.46,348302
2019-12-16,72.7,73.19,74.66,72.68,700702
2019-12-17,72.63,71.35,72.87,71.13,713286
2019-12-18,71.38,69.83,71.72,69.52,590156
2019-12-19,69.84,70.32,70.35,69.1,417580
2019-12-20,70.54,71.24,71.43,70.2,842858
2019-12-23,71.74,72.24,72.2512,71.1,352817
2019-12-24,72.44,73.09,73.335,72.3,299995
2019-12-26,73.16,72.9,73.72,72.39,247163
2019-12-27,73.04,72.9,73.265,72.41,418701
2019-12-30,72.9,73.51,74.64,72.59,410591
2019-12-31,73.19,73.28,74.08,72.72,540183
2020-01-02,74.02,76.56,76.62,73.34,847439
2020-01-03,72.3,73.925,75.5699,68.68,2187937
2020-01-06,74.12,68.75,74.49,68.09,1732581
2020-01-07,68.82,69.77,70.73,68.315,766715
2020-01-08,69.95,69.61,71.625,69.51,911247
2020-01-09,70.09,70.19,71.0,69.935,549566
2020-01-10,70.22,69.51,70.85,69.21,574810
2020-01-13,69.83,70.77,70.9,69.5,426759
2020-01-14,70.67,71.365,71.85,69.47,1030531
2020-01-15,71.54,72.7,72.965,71.54,389894
2020-01-16,73.12,75.22,75.31,73.12,522734
2020-01-17,75.53,73.6,75.85,73.55,346745
2020-01-21,73.25,75.26,75.4399,73.25,509065
2020-01-22,75.6,79.08,79.45,75.6,1681624
2020-01-23,79.07,78.64,80.6581,78.58,748793
2020-01-24,79.19,80.55,80.84,77.285,1104829
2020-01-27,78.59,77.91,79.455,77.82,966624
2020-01-28,78.31,78.97,80.14,77.79,512653
2020-01-29,79.77,79.91,80.79,78.75,446386
2020-01-30,79.2,78.34,80.04,77.14,332151
2020-01-31,78.16,76.81,78.61,76.375,537693
2020-02-03,77.37,77.59,78.29,76.5,511355
2020-02-04,78.99,81.79,82.49,78.6949,717268
2020-02-05,83.23,81.81,83.6277,79.77,614271
2020-02-06,82.22,83.53,83.9,81.25,494711
2020-02-07,83.36,82.85,83.85,81.67,309458
2020-02-10,82.88,85.44,85.73,82.78,648533
2020-02-11,86.04,87.14,87.51,84.89,531919
2020-02-12,87.77,87.98,88.23,86.435,642472
2020-02-13,87.53,87.74,89.16,87.23,547707
2020-02-14,87.86,87.11,88.44,86.7,592228
2020-02-18,87.22,87.31,87.73,86.12,446781
2020-02-19,87.88,88.9,90.1,87.46,549516
2020-02-20,86.15,86.46,87.89,82.33,886768
2020-02-21,86.74,85.99,87.09,84.61,469035
2020-02-24,79.74,82.41,84.81,77.95,945357
2020-02-25,82.82,79.51,84.22,79.14,765986
2020-02-26,79.6,80.4,82.862,79.4907,675376
2020-02-27,77.9,77.12,80.82,74.21,1038982
2020-02-28,72.0,77.37,78.11,71.0,1852697
2020-03-02,77.93,82.34,82.68,75.75,1405525
2020-03-03,82.7,78.1,83.48,77.27,941065
2020-03-04,79.8,80.66,81.27,78.28,760560
2020-03-05,78.24,75.17,79.64,73.85,817138
2020-03-06,72.46,74.44,75.64,71.55,814341
2020-03-09,69.17,66.11,70.52,62.66,1024385
2020-03-10,69.02,67.11,69.02,63.6,776214
2020-03-11,64.88,60.47,66.36,59.6,1165835
2020-03-12,54.19,56.72,59.98,51.86,1225882
2020-03-13,60.33,62.43,62.79,54.696,996818
2020-03-16,54.32,53.92,58.65,52.7575,1015190
2020-03-17,54.42,57.15,57.3754,51.3,993412
2020-03-18,53.2,52.61,55.87,50.051,935742
2020-03-19,52.89,62.01,64.2514,52.2397,1219173
2020-03-20,62.15,60.78,65.22,59.8,1270681
2020-03-23,60.53,63.41,65.01,58.06,840989
2020-03-24,66.66,69.83,70.96,66.5,824578
2020-03-25,69.84,71.15,74.09,66.59,803496
2020-03-26,72.64,76.52,77.86,72.305,745939
2020-03-27,73.08,74.41,77.23,71.87,824633
2020-03-30,74.3,69.46,76.36,69.1,1103102
2020-03-31,69.03,70.77,72.72,67.96,1286102
2020-04-01,67.58,64.72,69.67,63.7,690315
2020-04-02,64.99,62.64,67.29,61.23,508238
2020-04-03,61.99,61.51,62.415,60.55,557719
2020-04-06,64.56,68.0,68.65,63.76,773140
2020-04-07,70.67,68.96,71.99,68.1,769700
2020-04-08,70.27,72.48,73.4,69.3973,565426
2020-04-09,73.74,74.7,76.25,72.6,443244
2020-04-13,73.76,73.49,74.38,71.67,326301
2020-04-14,75.1,76.62,77.54,74.9,418589
2020-04-15,73.89,74.13,75.49,72.34,463690
2020-04-16,74.52,72.77,75.0,70.65,627425
2020-04-17,75.85,76.72,77.23,75.1,543999
2020-04-20,74.48,76.78,80.16,74.38,1562435
2020-04-21,74.75,70.6,76.41,69.65,849611
2020-04-22,73.05,73.33,74.02,71.238,341503
2020-04-23,74.05,70.75,75.2499,70.6,502777
2020-04-24,71.09,71.84,72.2,69.35,815924
2020-04-27,72.5,72.15,73.91,71.67,611592
2020-04-28,73.63,75.34,76.0,71.12,658612
2020-04-29,77.47,75.24,77.47,73.9075,747945
2020-04-30,75.0,72.71,75.23,71.9039,520387
2020-05-01,71.4,69.52,72.93,69.05,560871
2020-05-04,68.14,67.0,69.0,65.5,883795
2020-05-05,68.09,65.85,68.81,65.77,613336
2020-05-06,66.901,66.13,68.23,65.64,517643
2020-05-07,67.54,70.28,71.57,67.0,790113
2020-05-08,77.29,86.13,86.48,76.5314,3493209
2020-05-11,86.0,84.92,89.43,84.07,1357661
2020-05-12,84.01,83.48,85.99,83.41,986937
2020-05-13,84.0,80.17,84.91,79.095,878140
2020-05-14,78.8,75.6,79.08,74.74,852768
2020-05-15,75.4,73.91,77.75,73.62,580627
2020-05-18,76.0343,74.86,79.0,73.62,668079
2020-05-19,74.39,74.73,76.2197,73.695,703256
2020-05-20,76.86,76.21,77.3738,75.66,426794
2020-05-21,76.22,76.56,77.535,72.88,676961
2020-05-22,77.11,74.11,77.19,73.6,590882
2020-05-26,75.75,75.8,76.79,74.79,503743
2020-05-27,76.79,75.7,76.79,71.21,687876
2020-05-28,77.08,73.2,78.68,73.04,657811
2020-05-29,72.78,75.96,76.14,72.14,792718
2020-06-01,84.185,89.75,92.0,82.8006,4983137
2020-06-02,91.8,97.85,99.615,91.0,3639943
2020-06-03,97.48,91.18,97.96,90.32,2102559
2020-06-04,91.0,93.34,93.5889,90.4,1070379
2020-06-05,96.18,92.79,97.219,92.03,850731
2020-06-08,96.57,97.27,98.58,94.2,1273266
2020-06-09,96.75,100.27,104.76,96.1,2296431
2020-06-10,101.54,103.25,104.9,100.28,1780815
2020-06-11,98.51,90.01,98.58,90.0,1495942
2020-06-12,97.6,94.09,97.6,91.63,1132776
2020-06-15,91.8,100.35,100.41,91.55,1427720
2020-06-16,100.485,93.66,100.52,91.8,2343471
2020-06-17,93.12,94.85,96.925,93.0,2783808
2020-06-18,94.36,91.81,96.3499,91.8,1181284
2020-06-19,92.78,90.12,93.49,88.6901,2134077
2020-06-22,90.5,92.5,93.7,88.53,850975
2020-06-23,93.41,95.54,97.7422,92.0785,1920610
2020-06-24,94.4,93.43,97.1599,91.86,1397650
2020-06-25,92.71,95.95,95.95,91.53,1005786
2020-06-26,95.88,96.06,97.72,94.17,7776967
2020-06-29,97.19,95.8,97.25,92.41,761782
2020-06-30,95.2,98.13,100.65,95.2,1101895
2020-07-01,98.64,99.37,100.14,97.54,595803
2020-07-02,100.23,100.34,101.8383,99.4,685550
2020-07-06,102.0,99.64,102.4,98.85,668129
2020-07-07,99.04,96.06,101.05,95.61,1091811
2020-07-08,96.83,96.93,99.0,96.06,662029
2020-07-09,97.17,96.42,98.04,95.18,481870
2020-07-10,96.14,95.91,97.85,95.34,467658
2020-07-13,97.17,90.77,97.17,90.28,656163
2020-07-14,90.75,92.83,92.86,87.75,686618
2020-07-15,94.0,92.64,94.7,91.56,438886
2020-07-16,92.35,91.08,92.35,90.275,447011
2020-07-17,91.55,90.72,91.6188,90.26,468922
2020-07-20,91.0,92.24,93.4,90.7601,674589
2020-07-21,94.14,92.11,95.0,91.76,565267
2020-07-22,91.63,89.12,93.06,88.23,837176
2020-07-23,88.92,87.53,89.8887,86.56,660823
2020-07-24,86.57,85.62,87.47,83.66,664929
2020-07-27,86.14,86.44,87.4,84.97,519171
2020-07-28,86.04,85.85,86.81,84.96,374552
2020-07-29,86.07,84.89,86.79,84.73,413308
2020-07-30,84.06,84.88,85.71,83.48,493396
2020-07-31,85.66,83.13,86.05,82.45,680434
2020-08-03,83.79,88.5,88.9,83.5,644112
2020-08-04,88.02,89.51,89.57,87.5,651968
2020-08-05,90.0,92.64,93.12,89.41,780779
2020-08-06,92.55,91.67,93.71,91.06,950853
2020-08-07,85.5,83.88,88.0,82.5,2278757
2020-08-10,84.24,83.14,85.15,82.95,674298
2020-08-11,83.5,79.23,83.5,79.12,940502
2020-08-12,79.6,79.76,80.1406,78.28,921702
2020-08-13,80.15,80.41,82.315,79.88,358180
2020-08-14,80.87,79.58,81.83,79.13,258046
2020-08-17,80.07,79.62,80.65,79.35,393156
2020-08-18,79.89,79.35,80.0,78.3601,404532
2020-08-19,79.73,80.96,82.08,79.17,535960
2020-08-20,80.36,81.75,82.08,80.29,479914
2020-08-21,81.54,82.61,82.68,80.65,604883
2020-08-24,83.66,83.25,84.14,81.68,743595
2020-08-25,83.26,85.23,87.51,82.8637,1041293
2020-08-26,85.01,85.19,86.42,84.28,496430
2020-08-27,86.19,85.39,86.73,85.265,502532
2020-08-28,85.39,83.84,85.9686,83.29,464023
2020-08-31,83.74,85.68,85.95,83.5,403341
2020-09-01,85.2,87.43,88.65,84.78,490650
2020-09-02,88.14,88.13,88.74,86.145,403065
2020-09-03,87.52,84.54,87.5995,83.395,532922
2020-09-04,84.98,82.67,85.52,81.15,514955
2020-09-08,80.5,81.35,83.135,79.72,578234
2020-09-09,82.25,85.24,85.58,82.195,2646359
2020-09-10,85.47,84.29,87.285,83.9102,579051
2020-09-11,84.95,83.91,85.26,83.12,553526
2020-09-14,84.26,83.84,85.44,82.82,376318
2020-09-15,84.58,84.4,84.58,83.05,360763
2020-09-16,85.0,83.73,85.04,83.4,327269
2020-09-17,83.0,82.83,83.239,81.65,293088
2020-09-18,83.15,82.55,83.35,80.75,813720
2020-09-21,81.33,83.18,83.7606,80.54,534518
2020-09-22,84.01,86.88,87.12,83.07,895598
2020-09-23,87.0,86.71,88.69,86.0,637936
2020-09-24,86.0,85.39,86.73,84.1,464494
2020-09-25,85.25,87.2,87.38,84.58,439603
2020-09-28,88.09,87.91,89.52,87.55,509272
2020-09-29,87.92,88.62,89.15,87.1,391443
2020-09-30,89.36,90.7,91.8325,89.17,892596
2020-10-01,91.84,95.61,96.09,91.305,886975
2020-10-02,93.5,91.55,94.49,90.87,474823
2020-10-05,92.22,91.84,93.45,90.1706,432968
2020-10-06,92.2,93.22,94.47,91.46,456262
2020-10-07,94.54,96.07,96.355,93.91,389979
2020-10-08,96.85,97.07,97.38,95.54,378100
2020-10-09,97.57,98.99,99.67,97.56,443201
2020-10-12,99.72,99.18,100.12,98.13,501512
2020-10-13,99.0,101.75,101.87,98.595,452549
2020-10-14,102.0,101.42,103.71,100.17,359005
2020-10-15,100.05,105.86,106.55,99.0001,915896
2020-10-16,107.51,109.16,109.735,105.7701,730173
2020-10-19,109.78,107.62,113.0,107.43,713521
2020-10-20,108.41,106.07,109.34,105.27,684868
2020-10-21,106.69,103.26,107.62,103.06,617458
2020-10-22,104.17,103.64,105.49,102.67,512173
2020-10-23,104.2,102.91,104.72,102.16,578859
2020-10-26,102.0,101.93,103.32,100.51,335908
2020-10-27,102.21,101.05,102.556,100.595,289243
2020-10-28,100.0,102.0,102.8,99.09,456452
2020-10-29,102.85,103.4,104.12,101.75,521389
2020-10-30,103.01,98.9,103.43,98.01,447283
2020-11-02,99.67,97.95,101.32,96.6607,444316
2020-11-03,97.92,101.68,101.98,97.72,391806
2020-11-04,103.01,105.05,107.41,103.0,563799
2020-11-05,106.07,108.5,110.4,105.71,581520
2020-11-06,116.01,122.59,127.49,116.0,1860161
2020-11-09,126.51,124.26,128.385,121.27,943018
2020-11-10,123.01,119.0,125.175,116.795,942049
2020-11-11,119.42,118.3,121.77,117.58,485783
2020-11-12,118.01,118.15,119.59,117.0,396709
2020-11-13,119.05,120.98,121.2,117.36,421273
2020-11-16,122.1,119.33,122.1,117.695,501881
2020-11-17,118.44,119.05,119.545,116.62,410981
2020-11-18,119.64,119.83,121.85,118.98,358062
2020-11-19,119.66,123.1,124.4628,119.405,577115
2020-11-20,124.19,124.81,125.45,121.81,406280
2020-11-23,126.29,126.5,127.22,123.1373,402890
2020-11-24,127.54,127.49,130.4099,126.01,405119
2020-11-25,127.68,127.74,128.23,125.29,432009
2020-11-27,128.7,125.55,128.7,124.2,271779
2020-11-30,126.89,125.69,127.385,123.3612,384275
2020-12-01,127.03,125.26,127.4,124.29,483946
2020-12-02,124.29,123.92,124.499,122.59,287563
2020-12-03,123.92,123.85,126.62,123.42,312209
2020-12-04,123.85,124.18,124.93,123.15,249964
2020-12-07,124.99,122.79,126.0,122.45,340224
2020-12-08,122.37,125.56,125.74,122.36,426087
2020-12-09,125.22,123.19,128.88,121.68,401411
2020-12-10,122.02,125.48,126.25,121.1,787723
2020-12-11,126.06,123.12,127.5799,122.55,475044
2020-12-14,124.5,127.24,129.8,124.5,918328
2020-12-15,129.13,128.81,129.36,126.71,447804
2020-12-16,127.13,119.94,127.9,119.05,783071
2020-12-17,119.81,120.75,122.81,118.53,616285
2020-12-18,121.7,125.34,125.8,121.55,1000555
2020-12-21,126.12,127.87,128.23,124.51,542405
2020-12-22,127.58,128.5,131.63,126.38,940383
2020-12-23,129.04,131.83,134.73,129.04,564850
2020-12-24,132.0,130.75,132.455,129.31,187448
2020-12-28,132.5,125.16,133.49,125.15,336548
2020-12-29,126.0,123.33,126.6095,120.85,601514
2020-12-30,123.95,123.88,126.46,123.57,385909
2020-12-31,123.88,122.53,123.88,121.3,353974
2021-01-04,123.01,116.85,123.39,115.57,657095
2021-01-05,116.41,122.3,122.54,116.01,650621
2021-01-06,122.22,121.69,123.07,118.44,691863
2021-01-07,121.82,124.57,125.05,121.04,432756
2021-01-08,124.89,125.36,128.28,123.6,452258
2021-01-11,125.18,124.84,127.87,123.6,549528
2021-01-12,126.36,135.0,135.05,126.36,1237775
2021-01-13,136.67,145.26,146.055,135.245,1174423
2021-01-14,146.09,149.64,152.0,145.41,826040
2021-01-15,161.9,150.77,166.49,150.0,1683098
2021-01-19,154.83,159.36,159.85,154.0,1234082
2021-01-20,162.74,164.56,168.48,162.41,1307952
2021-01-21,168.03,162.54,168.4,161.71,873372
2021-01-22,161.08,170.26,171.73,160.85,654239
2021-01-25,173.46,174.54,177.705,168.03,609610
2021-01-26,176.52,176.65,180.69,175.25,849203
2021-01-27,171.72,170.04,176.65,168.41,658987
2021-01-28,166.37,163.97,176.6,162.57,732795
2021-01-29,161.6,164.16,168.97,160.2959,356696
2021-02-01,167.13,166.15,168.0,163.37,331283
2021-02-02,171.62,166.53,171.95,165.01,357249
2021-02-03,167.85,167.55,169.06,163.86,294423
2021-02-04,169.8,175.34,175.57,166.025,433014
2021-02-05,178.2227,177.18,178.52,172.97,185626
2021-02-08,180.0,182.39,182.48,176.52,388621
2021-02-09,180.24,183.16,184.89,180.24,397303
2021-02-10,185.0,187.98,190.04,182.1554,485480
2021-02-11,190.0,203.51,212.37,189.64,2637006
2021-02-12,202.0,195.54,202.46,194.8083,914754
2021-02-16,198.23,175.93,198.88,175.92,1324964
2021-02-17,177.17,178.38,180.8912,175.0,786325
2021-02-18,176.21,173.75,178.38,171.13,477505
2021-02-19,176.38,177.0,180.99,175.99,459822
2021-02-22,177.15,170.0,180.0,168.95,495933
2021-02-23,164.81,169.14,170.68,156.8901,659470
2021-02-24,170.96,161.45,171.8196,160.03,815756
2021-02-25,161.9,159.9,168.74,158.5,572329
2021-02-26,160.9,165.49,169.0,160.0,652938
2021-03-01,170.74,169.65,174.83,167.22,1053188
2021-03-02,169.99,166.15,172.71,163.4861,814669
2021-03-03,164.65,155.01,167.79,153.94,634565
2021-03-04,151.83,144.9,155.36,138.26,1239780
2021-03-05,144.54,143.04,145.0,128.0101,911246
2021-03-08,143.08,138.59,147.0,137.5,490172
2021-03-09,143.48,144.4,147.89,143.07,496209
2021-03-10,147.49,141.1,150.79,140.43,651583
2021-03-11,146.5062,152.76,153.76,146.12,796552
2021-03-12,150.92,152.26,154.83,147.36,370753
2021-03-15,153.26,153.71,155.2864,150.63,423574
2021-03-16,156.64,147.03,159.0212,144.71,411768
2021-03-17,145.2,148.43,149.2664,142.5,327766
2021-03-18,148.17,139.96,148.17,138.89,341400
2021-03-19,139.11,144.75,146.075,137.865,857212
2021-03-22,146.78,144.77,148.99,144.33,422154
2021-03-23,144.01,139.62,146.0,138.8,355813
2021-03-24,140.3892,133.45,140.4999,133.05,496179
2021-03-25,130.0,136.77,137.09,127.25,471250
2021-03-26,137.51,137.82,139.0606,131.69,407192
2021-03-29,137.49,134.32,138.47,131.82,414457
2021-03-30,134.17,139.28,140.18,133.0,398112
2021-03-31,140.36,142.42,143.96,140.36,424943
2021-04-01,144.42,143.06,147.515,142.55,390984
2021-04-05,146.2,146.33,147.25,144.0,559831
2021-04-06,147.06,145.6,148.28,145.0601,407461
2021-04-07,147.03,147.27,147.76,144.46,273341
2021-04-08,148.07,150.57,152.0,147.51,418444
2021-04-09,149.6,149.42,150.53,145.35,447522
2021-04-12,149.16,149.17,149.8118,145.5,310318
2021-04-13,150.0,152.55,152.62,148.765,309998
2021-04-14,153.48,152.44,156.3699,152.09,392492
2021-04-15,155.0,153.25,156.06,152.0,245641
2021-04-16,153.2332,152.74,154.84,151.06,348513
2021-04-19,150.5,150.55,151.11,145.2,489004
2021-04-20,150.5,150.79,154.3427,147.255,468107
2021-04-21,149.9,149.89,152.96,147.66,324780
2021-04-22,150.1,153.65,156.0,150.1,346464
2021-04-23,154.92,153.94,156.11,153.7801,392906
2021-04-26,154.65,159.285,159.64,150.44,488613
2021-04-27,159.96,156.61,161.51,156.61,291606
2021-04-28,156.61,155.55,159.105,154.7,223632
2021-04-29,156.26,154.05,157.02,152.0,197469
2021-04-30,152.17,151.61,154.82,151.0,195381
2021-05-03,152.26,148.98,152.53,148.65,188239
2021-05-04,148.01,142.46,148.33,141.7238,307835
2021-05-05,142.47,141.24,144.87,140.1601,199155
2021-05-06,140.69,130.86,141.39,128.34,887405
2021-05-07,138.08,134.74,141.11,132.07,610083
2021-05-10,132.84,129.0,133.99,127.5,387125
2021-05-11,125.0,131.96,134.65,123.16,552114
2021-05-12,129.13,124.09,130.12,123.27,580479
2021-05-13,124.56,126.25,127.76,123.0201,391593
2021-05-14,128.09,132.76,133.09,128.09,385105
2021-05-17,130.75,133.59,134.13,130.43,346060
2021-05-18,134.31,123.43,134.46,121.09,1137970
2021-05-19,123.81,126.8,128.3,123.53,581537
2021-05-20,127.81,130.31,131.5,127.09,334950
2021-05-21,131.5,127.07,131.99,126.48,344627
2021-05-24,128.81,129.99,131.61,127.86,280147
2021-05-25,130.65,130.73,134.2,130.62,293443
2021-05-26,131.89,136.06,137.28,131.38,337052
2021-05-27,136.12,139.48,139.78,135.07,367357
2021-05-28,140.09,140.59,143.38,139.48,464412
2021-06-01,142.42,139.15,142.95,136.53,355154
2021-06-02,139.53,141.59,141.86,137.32,299435
2021-06-03,139.0,138.19,140.415,137.45,236080
2021-06-04,138.34,141.16,141.3441,138.34,206512
2021-06-07,141.13,146.61,146.94,139.55,316548
2021-06-08,148.09,151.06,151.99,145.94,481996
2021-06-09,152.85,148.05,153.0,147.82,361845
2021-06-10,148.55,150.72,151.4,147.12,229678
2021-06-11,151.71,157.44,157.79,151.51,509662
2021-06-14,158.49,156.99,160.07,156.36,821177
2021-06-15,157.0,154.49,158.6,153.99,407412
2021-06-16,155.29,152.0,156.84,151.11,552436
2021-06-17,151.12,153.6,154.07,151.1,571517
2021-06-18,152.08,156.85,163.16,152.08,861846
2021-06-21,157.44,158.76,159.97,154.56,258178
2021-06-22,158.27,160.62,161.1,157.295,302667
2021-06-23,160.65,165.98,167.61,160.65,475024
2021-06-24,166.92,167.87,168.12,164.4456,312669
2021-06-25,169.0,172.18,173.0,167.3613,597351
2021-06-28,174.14,172.06,176.0,170.66,418153
2021-06-29,172.17,174.14,176.0,171.59,394870
2021-06-30,176.1,176.8,179.3,175.7002,573198
2021-07-01,176.8,173.26,176.8,172.38,430275
2021-07-02,174.79,177.79,178.17,173.66,266317
2021-07-06,177.88,176.7,177.88,174.59,350668
2021-07-07,177.21,175.81,177.5743,172.92,214971
2021-07-08,170.5,177.68,177.94,168.41,287082
2021-07-09,178.74,178.29,178.74,175.22,208728
2021-07-12,178.95,179.92,180.595,174.5901,344070
2021-07-13,178.93,182.3,185.2873,178.22,379371
2021-07-14,182.39,177.31,183.63,176.3548,242237
2021-07-15,177.73,173.61,178.6,169.26,305238
2021-07-16,174.3,173.76,177.06,173.21,315907
2021-07-19,170.77,175.7,176.39,169.48,251409
2021-07-20,175.97,180.56,182.66,172.75,451390
2021-07-21,180.06,181.45,182.685,177.27,333848
2021-07-22,181.76,180.55,182.13,178.14,224535
2021-07-23,180.72,183.03,184.0,179.28,224230
2021-07-26,183.3,182.04,184.78,180.73,176098
2021-07-27,181.11,180.54,181.99,176.55,208061
2021-07-28,180.54,186.09,186.8599,179.27,263553
2021-07-29,186.34,186.42,188.2,184.78,164359
2021-07-30,185.28,186.02,188.3699,184.41,256982
2021-08-02,186.8,189.64,191.83,186.4,592347
2021-08-03,189.4,187.32,191.0,184.622,369858
2021-08-04,187.05,191.12,193.28,186.55,428811
2021-08-05,190.42,193.49,195.29,188.29,310444
2021-08-06,196.39,192.59,198.0,189.96,459938
2021-08-09,191.83,192.37,194.14,189.33,237724
2021-08-10,191.79,183.79,191.79,183.35,359998
2021-08-11,183.28,184.65,185.49,180.5001,246056
2021-08-12,183.53,186.45,187.39,181.7,246554
2021-08-13,186.61,185.14,188.35,184.67,165844
2021-08-16,183.4,186.24,187.37,182.15,272144
2021-08-17,183.81,183.45,184.63,180.89,174506
2021-08-18,183.52,182.71,185.0,180.7,172064
2021-08-19,182.03,181.52,184.32,180.29,167955
2021-08-20,181.54,186.83,186.92,181.23,196302
2021-08-23,187.26,186.73,189.595,186.33,222298
2021-08-24,187.3,185.8,187.995,184.82,252271
2021-08-25,186.3,186.4,187.875,184.28,563542
2021-08-26,187.23,185.15,188.67,183.69,421812
2021-08-27,186.02,187.01,189.5,185.95,322396
2021-08-30,187.86,192.84,193.22,185.86,428739
2021-08-31,193.41,181.87,194.0,181.61,548057
2021-09-01,181.78,181.65,184.67,181.22,529454
2021-09-02,181.62,182.87,184.9099,181.06,240386
2021-09-03,182.0,184.89,185.515,180.65,204478
2021-09-07,184.27,182.67,185.99,181.585,281364
2021-09-08,181.85,182.56,183.74,180.16,228410
2021-09-09,182.99,181.15,187.085,180.95,338614
2021-09-10,183.2818,179.81,183.2818,178.801,324406
2021-09-13,180.0,176.25,180.505,175.13,286021
2021-09-14,175.64,177.26,179.39,175.64,256762
2021-09-15,176.01,177.83,178.71,172.67,311977
2021-09-16,177.83,179.54,180.39,177.83,275859
2021-09-17,176.74,172.38,178.3,170.29,1346994
2021-09-20,169.91,172.94,173.82,168.76,444200
2021-09-21,173.87,174.65,176.7399,173.87,276797
2021-09-22,175.4,175.0,176.08,173.53,228437
2021-09-23,175.83,176.73,177.58,174.16,194084
2021-09-24,175.61,179.75,180.53,175.61,233332
2021-09-27,178.9,179.02,179.73,177.675,248860
2021-09-28,177.88,177.59,178.38,172.85,727963
2021-09-29,178.73,175.14,180.2,174.67,290692
2021-09-30,176.28,175.02,179.1,174.75,362797
2021-10-01,176.44,178.77,179.32,173.54,276089
2021-10-04,177.56,166.09,177.56,164.62,531475
2021-10-05,166.95,165.28,170.0,164.65,380858
2021-10-06,164.06,166.02,166.99,161.8545,258941
2021-10-07,166.79,168.94,170.2599,166.55,176461
2021-10-08,169.35,164.55,169.85,164.32,158746
2021-10-11,164.28,167.5,171.3,162.76,214934
2021-10-12,168.23,171.43,173.02,168.0,141354
2021-10-13,173.12,176.62,177.37,172.62,219628
2021-10-14,178.52,179.03,180.61,177.7,223152
2021-10-15,179.77,177.94,180.51,177.73,218264
2021-10-18,177.27,181.7,182.81,176.31,194861
2021-10-19,183.03,185.27,185.86,181.08,295663
2021-10-20,186.39,179.05,187.4099,178.88,300266
2021-10-21,179.33,184.6,185.428,179.3,432427
2021-10-22,185.35,182.65,186.0,179.7,275960
2021-10-25,184.86,179.8,184.86,179.62,370485
2021-10-26,182.18,180.2,183.55,179.46,318904
2021-10-27,180.61,176.3,182.04,176.09,248880
2021-10-28,175.98,174.64,177.95,173.16,312896
2021-10-29,174.21,179.96,180.5,173.77,342527
2021-11-01,180.99,180.67,182.69,178.96,359838
2021-11-02,181.72,181.6,182.25,179.36,291162
2021-11-03,182.2,184.91,185.41,181.5021,282460
2021-11-04,186.1,184.54,187.83,182.9527,232707
2021-11-05,186.1,182.64,188.8,181.68,351612
2021-11-08,182.5,176.65,182.605,176.05,445221
2021-11-09,176.78,176.4,180.06,175.35,385992
2021-11-10,175.01,170.25,177.27,169.36,303320
2021-11-11,171.11,168.95,171.495,168.29,293920
2021-11-12,169.52,170.41,170.81,168.23,432588
2021-11-15,172.23,167.41,173.5752,167.25,750145
2021-11-16,208.84,177.79,209.0,174.78,3145247
2021-11-17,180.4,172.89,180.44,172.4,947592
2021-11-18,172.66,174.43,180.87,172.0,543724
2021-11-19,174.84,181.94,183.43,174.84,827209
2021-11-22,182.12,180.98,186.84,179.26,660361
2021-11-23,180.29,174.35,182.32,170.54,643550
2021-11-24,174.46,179.86,180.265,173.32,418293
2021-11-26,176.72,177.2,181.11,174.46,260143
2021-11-29,178.59,179.75,180.67,176.61,389349
2021-11-30,177.73,168.79,181.08,168.75,651473
2021-12-01,162.81,164.77,172.63,162.1,504062
2021-12-02,164.53,159.36,164.9,158.35,575771
2021-12-03,160.03,151.41,160.08,149.38,753046
2021-12-06,150.25,148.22,150.96,145.94,663491
2021-12-07,150.52,153.79,155.785,148.8037,652178
2021-12-08,153.79,151.47,153.79,149.57,629718
2021-12-09,152.9,146.47,153.4897,146.32,587519
2021-12-10,147.84,141.45,148.32,139.41,810333
2021-12-13,141.67,138.89,144.49,138.68,565309
2021-12-14,143.05,145.73,148.81,141.26,858288
2021-12-15,144.93,147.54,147.77,142.15,549645
2021-12-16,148.14,142.11,148.55,141.26,432930
2021-12-17,141.54,144.93,146.21,139.6,866072
2021-12-20,146.0,150.86,152.14,144.93,824515
2021-12-21,150.61,156.7,157.46,149.0,759358
2021-12-22,156.27,159.01,159.54,153.5776,484667
2021-12-23,160.0,160.54,162.25,158.71,324733
2021-12-27,160.6,161.12,162.5706,159.395,380699
2021-12-28,160.95,153.81,160.999,153.625,236288
2021-12-29,153.25,154.7,155.55,151.8,226719
2021-12-30,153.96,156.07,157.68,153.96,215434
2021-12-31,155.17,157.0,157.25,154.58,471271
2022-01-03,156.6,152.87,157.5,150.85,443590
2022-01-04,151.96,151.51,152.4,149.125,849305
2022-01-05,150.63,147.99,150.81,146.91,1573318
2022-01-06,148.23,150.14,151.59,146.0,760474
2022-01-07,150.01,145.19,151.89,144.81,765962
2022-01-10,143.62,147.51,147.74,140.615,593388
2022-01-11,147.34,149.76,150.23,145.91,339335
2022-01-12,150.68,151.03,151.82,146.42,498509
2022-01-13,151.9,143.65,152.48,143.44,385454
2022-01-14,140.63,137.17,143.1257,135.15,633004
2022-01-18,137.14,132.2,137.5299,132.0,488131
2022-01-19,132.42,132.55,135.3657,130.8,484390
2022-01-20,133.71,133.82,137.5812,133.6,393931
2022-01-21,132.97,132.96,136.494,131.36,632281
2022-01-24,130.07,135.59,135.88,124.66,848172
2022-01-25,133.0,128.07,135.59,128.01,1095994
2022-01-26,129.72,128.19,134.9999,127.37,487514
2022-01-27,129.18,129.4,130.84,127.28,825085
2022-01-28,129.72,136.07,136.11,128.31,550993
2022-01-31,136.74,139.93,141.0,136.0,495471
2022-02-01,142.05,144.0,144.04,139.035,419925
2022-02-02,144.3,142.15,144.3,141.26,327283
2022-02-03,139.16,139.99,140.675,137.42,363561
2022-02-04,140.41,142.99,144.585,137.57,303730
2022-02-07,142.99,144.46,145.92,142.27,431916
2022-02-08,143.12,145.33,148.11,142.39,317009
2022-02-09,147.18,148.75,148.87,145.76,286235
2022-02-10,144.72,144.18,148.2898,143.22,535415
2022-02-11,145.24,139.59,145.5,138.36,412188
2022-02-14,139.2,140.51,143.52,137.51,341430
2022-02-15,142.14,143.25,144.0945,140.6,238729
2022-02-16,142.28,141.41,143.29,139.34,161593
2022-02-17,139.54,132.58,139.54,132.46,302755
2022-02-18,132.79,128.47,133.98,128.34,331768
2022-02-22,127.68,126.76,130.63,125.81,365914
2022-02-23,128.14,122.44,129.37,121.91,393419
2022-02-24,118.38,130.15,130.45,117.05,582506
2022-02-25,135.49,134.14,135.84,125.06,661459
2022-02-28,134.25,140.25,142.14,133.6,655970
2022-03-01,138.73,142.12,144.43,138.08,525020
2022-03-02,142.17,144.61,145.47,138.61,374463
2022-03-03,146.06,140.15,146.505,138.85,306035
2022-03-04,140.52,138.13,143.17,136.17,340932
2022-03-07,137.94,126.13,139.14,125.83,688579
2022-03-08,125.16,125.03,127.97,122.63,331944
2022-03-09,127.32,131.63,132.48,126.93,256834
2022-03-10,128.96,130.33,131.13,126.9,297986
2022-03-11,132.87,124.66,132.87,124.58,274376
2022-03-14,124.06,120.3,125.9999,117.78,389412
2022-03-15,121.215,121.18,121.64,118.585,318239
2022-03-16,123.72,127.3,127.39,122.86,350863
2022-03-17,126.45,131.34,131.66,124.875,330320
2022-03-18,131.83,134.89,136.86,131.83,1037340
2022-03-21,133.65,134.37,135.37,131.12,287127
2022-03-22,134.32,137.67,138.37,133.515,302288
2022-03-23,136.91,134.82,137.35,133.86,360191
2022-03-24,135.95,138.15,138.84,134.05,310461
2022-03-25,139.26,132.69,139.26,132.17,294885
2022-03-28,132.32,135.11,135.67,131.36,309114
2022-03-29,136.21,138.99,140.33,136.21,466920
2022-03-30,138.81,139.0,139.3,135.26,443075
2022-03-31,139.0,137.73,139.96,137.25,491841
2022-04-01,137.69,139.31,140.0,137.37,689502
2022-04-04,140.21,140.0,142.5,139.14,517329
2022-04-05,141.17,138.93,141.84,137.86,469024
2022-04-06,136.76,131.17,136.76,130.12,340672
2022-04-07,130.13,132.79,133.57,130.13,286655
2022-04-08,132.64,127.82,133.01,127.805,284180
2022-04-11,126.4,124.4,128.01,124.32,384991
2022-04-12,126.0,125.63,128.09,124.39,385280
2022-04-13,125.63,125.27,127.47,124.01,454801
2022-04-14,125.4,123.22,125.44,122.0297,285464
2022-04-18,122.14,122.33,122.52,118.01,312670
2022-04-19,122.05,130.0,130.47,121.92,379374
2022-04-20,129.36,124.64,129.415,124.43,487492
2022-04-21,126.76,120.65,128.0495,120.14,404707
2022-04-22,121.35,118.02,123.51,118.01,406899
2022-04-25,117.13,120.79,121.18,115.64,338155
2022-04-26,119.61,113.34,119.92,113.34,338740
2022-04-27,113.82,113.64,115.8599,112.33,294695
2022-04-28,114.98,116.06,116.28,111.3801,637250
2022-04-29,115.33,112.2,118.65,111.78,238859
2022-05-02,112.35,116.26,116.67,110.74,292620
2022-05-03,116.03,114.85,118.17,114.03,225786
2022-05-04,116.17,115.54,116.76,108.465,359589
2022-05-05,116.76,99.51,116.81,96.32,922879
2022-05-06,97.5,95.99,99.0,94.8,529372
2022-05-09,93.91,87.89,93.91,87.35,1075967
2022-05-10,92.68,89.46,93.9999,85.88,671278
2022-05-11,87.16,84.37,93.415,83.575,890790
2022-05-12,83.6,87.04,89.36,82.4944,600685
2022-05-13,90.37,98.22,100.16,90.37,640362
2022-05-16,95.84,95.44,97.87,93.0,441714
2022-05-17,98.01,96.8,99.98,93.905,499174
2022-05-18,95.37,96.25,97.8368,94.78,465082
2022-05-19,96.06,98.58,99.97,96.06,459727
2022-05-20,100.99,99.4,101.31,96.82,412603
2022-05-23,95.77,94.74,97.08,90.81,525897
2022-05-24,93.34,92.56,93.47,89.9012,319787
2022-05-25,91.45,95.54,95.81,91.45,338871
2022-05-26,96.01,98.52,99.4138,96.01,315227
2022-05-27,99.91,102.52,102.86,98.5,300985
2022-05-31,102.14,101.36,102.65,99.06,396904
2022-06-01,101.8,99.35,104.205,97.91,274826
2022-06-02,99.25,105.11,105.29,99.25,307546
2022-06-03,102.94,103.09,104.76,101.64,344426
2022-06-06,104.0,102.68,105.87,100.98,376059
2022-06-07,101.32,104.07,104.98,100.86,187937
2022-06-08,103.99,102.88,105.86,102.7036,196996
2022-06-09,102.65,101.04,103.33,100.01,288322
2022-06-10,98.2,96.51,99.48,95.2244,313810
2022-06-13,92.38,89.81,93.49,88.9,509826
2022-06-14,90.09,87.51,90.45,86.21,554989
2022-06-15,89.17,90.88,92.095,88.29,649405
2022-06-16,88.07,85.12,89.26,83.79,625136
2022-06-17,86.16,87.61,89.17,86.04,1249599
2022-06-21,88.38,84.44,90.145,84.08,760632
2022-06-22,83.77,86.36,87.89,83.01,479549
2022-06-23,86.97,91.03,91.39,86.325,473895
2022-06-24,92.14,96.16,96.59,92.0,803695
2022-06-27,96.65,96.79,97.13,93.69,451501
2022-06-28,97.41,95.0,98.98,94.58,370809
2022-06-29,95.44,95.64,96.22,92.25,333062
2022-06-30,94.17,93.17,95.36,90.67,306105
2022-07-01,93.72,93.23,94.5425,91.37,279034
2022-07-05,92.63,95.65,95.73,89.76,355800
2022-07-06,96.25,94.03,96.79,92.0,279342
2022-07-07,93.99,97.9,98.69,93.99,271775
2022-07-08,95.98,96.85,97.92,94.44,214622
2022-07-11,96.45,93.62,96.45,92.66,235365
2022-07-12,94.52,92.49,95.7065,91.48,287938
2022-07-13,91.61,92.57,94.17,90.3,209771
2022-07-14,91.15,91.26,91.9899,88.6115,207162
2022-07-15,92.54,94.65,94.99,91.85,225719
2022-07-18,95.57,95.05,97.71,94.855,338599
2022-07-19,96.63,97.63,98.445,95.93,296236
2022-07-20,98.62,103.48,103.975,97.84,313876
2022-07-21,103.54,104.47,105.63,103.3,227033
2022-07-22,105.14,102.12,105.21,101.22,185822
2022-07-25,102.12,101.4,102.395,99.7505,252251
2022-07-26,100.89,98.84,100.89,97.86,263859
2022-07-27,100.43,104.41,104.72,99.5166,276866
2022-07-28,104.54,107.92,108.41,104.54,275024
2022-07-29,107.33,110.19,111.13,106.1102,389434
2022-08-01,109.38,111.0,112.27,107.5,312519
2022-08-02,109.63,113.01,113.93,109.63,268634
2022-08-03,114.34,116.67,116.95,113.58,226856
2022-08-04,117.06,116.6,117.99,114.32,226398
2022-08-05,114.98,116.29,117.47,114.1,258364
2022-08-08,117.89,116.23,120.61,115.78,316010
2022-08-09,114.22,111.62,114.96,111.02,380099
2022-08-10,119.43,126.07,129.48,119.35,803645
2022-08-11,126.49,124.1,127.4,123.31,348486
2022-08-12,124.0,129.49,129.56,123.15,477184
2022-08-15,127.48,131.92,132.71,127.48,322818
2022-08-16,130.65,133.23,133.26,129.04,330214
2022-08-17,131.04,130.57,132.4099,129.02,250129
2022-08-18,131.61,132.14,132.18,130.26,318877
2022-08-19,130.79,130.7,131.36,129.49,405625
2022-08-22,127.59,128.14,129.72,126.2,631300
2022-08-23,128.12,121.86,129.16,121.81,329735
2022-08-24,121.81,123.38,125.25,121.76,231108
2022-08-25,124.18,127.66,127.76,123.8561,225154
2022-08-26,127.7,122.24,127.7,122.02,265990
2022-08-29,120.38,120.62,122.02,118.55,252717
2022-08-30,121.33,117.71,124.2106,117.01,239859
2022-08-31,118.44,116.68,120.14,115.63,271108
2022-09-01,115.13,115.0,115.83,111.93,295895
2022-09-02,116.75,115.78,116.97,113.42,569336
2022-09-06,115.44,117.71,117.875,114.582,478746
2022-09-07,117.8,123.73,124.17,117.28,357113
2022-09-08,122.15,122.73,124.5,121.605,229932
2022-09-09,123.06,124.19,125.12,123.06,230116
2022-09-12,124.99,124.8,125.4,122.62,332287
2022-09-13,119.8,118.72,120.415,117.9,293155
2022-09-14,118.98,120.01,120.21,116.0101,314814
2022-09-15,120.25,120.17,122.59,118.5,287266
2022-09-16,118.1,118.34,119.43,115.585,1338467
2022-09-19,118.04,117.96,119.89,115.685,271823
2022-09-20,116.7,117.09,117.92,114.195,292074
2022-09-21,118.2,116.19,120.53,116.13,452112
2022-09-22,115.2,111.95,115.2,110.89,477328
2022-09-23,110.0,113.46,113.755,109.31,433963
2022-09-26,112.42,110.65,114.8799,110.01,375195
2022-09-27,111.89,113.24,113.915,109.469,418164
2022-09-28,113.94,115.69,116.06,113.32,261694
2022-09-29,113.75,114.16,114.7,111.33,372297
2022-09-30,113.92,115.75,118.69,113.92,447247
2022-10-03,116.09,115.97,116.985,112.535,287349
2022-10-04,119.45,120.95,121.7,119.26,322352
2022-10-05,119.17,123.29,124.23,118.56,557354
2022-10-06,123.57,126.44,128.7899,123.57,470398
2022-10-07,123.94,123.75,124.5484,121.63,403966
2022-10-10,124.13,126.16,128.09,121.53,564897
2022-10-11,125.79,121.35,127.83,120.18,523486
2022-10-12,121.35,120.58,122.45,119.67,269392
2022-10-13,118.01,120.92,122.035,115.03,365471
2022-10-14,122.41,119.45,122.9799,117.3548,404333
2022-10-17,121.89,124.73,125.77,121.89,302995
2022-10-18,128.29,128.16,129.92,126.22,471103
2022-10-19,127.96,124.35,128.29,121.78,611354
2022-10-20,123.19,126.61,128.37,123.17,345987
2022-10-21,126.6,130.6,130.78,124.11,354427
2022-10-24,130.96,137.87,139.19,129.5,810179
2022-10-25,138.06,137.12,139.8215,134.48,629670
2022-10-26,135.91,137.03,141.135,135.02,531132
2022-10-27,137.94,139.99,140.62,136.525,395205
2022-10-28,140.27,142.07,142.18,138.61,372497
2022-10-31,142.17,145.44,145.5,140.64,556345
2022-11-01,147.17,147.59,148.675,145.43,631637
2022-11-02,146.61,145.22,149.65,144.82,842603
2022-11-03,142.68,147.4,148.56,142.46,795795
2022-11-04,149.71,148.66,149.82,143.68,535838
2022-11-07,149.29,148.44,149.29,145.5,554428
2022-11-08,149.0,150.0,150.01,144.82,718752
2022-11-09,162.0,171.84,177.8799,161.7,1627971
2022-11-10,177.0,182.75,184.75,175.0,871818
2022-11-11,178.17,182.94,188.74,178.0023,842600
2022-11-14,180.53,180.89,185.245,177.614,654843
2022-11-15,180.72,187.96,188.185,180.6118,725448
2022-11-16,187.11,191.04,191.39,180.725,645625
2022-11-17,189.1,192.14,192.24,186.15,539906
2022-11-18,193.85,185.22,193.85,183.94,853871
2022-11-21,184.71,186.95,188.98,182.11,353375
2022-11-22,187.06,187.31,188.0,184.0336,409830
2022-11-23,188.66,187.75,189.85,186.8,412875
2022-11-25,187.37,187.92,188.28,185.86,266017
2022-11-28,187.0,183.94,188.67,183.645,365310
2022-11-29,184.22,181.26,185.2111,181.08,428322
2022-11-30,181.28,184.03,185.15,180.59,836611
2022-12-01,177.95,185.55,186.94,176.38,772674
2022-12-02,183.24,188.83,190.475,181.57,449629
2022-12-05,186.39,184.01,188.305,183.19,423146
2022-12-06,176.9,169.43,176.9,168.69,1060586
2022-12-07,170.41,170.16,171.835,168.3,1164698
2022-12-08,171.78,171.71,175.0,169.83,536320
2022-12-09,171.62,168.61,172.725,168.38,399279
2022-12-12,170.26,168.59,171.22,168.44,394719
2022-12-13,175.29,170.81,175.49,169.25,596074
2022-12-14,171.45,173.52,175.735,170.07,412259
2022-12-15,172.2,171.06,172.825,169.79,393217
2022-12-16,169.73,169.34,171.9599,168.29,709732
2022-12-19,168.96,167.57,171.42,166.65,471002
2022-12-20,167.2,171.37,171.87,166.61,579235
2022-12-21,172.63,174.72,175.65,171.86,500107
2022-12-22,172.64,167.82,173.11,165.63,370353
2022-12-23,168.2,168.98,171.24,165.5,306599
2022-12-27,168.73,166.25,172.475,166.23,291226
2022-12-28,165.87,165.1,167.81,164.25,290318
2022-12-29,166.49,165.58,168.2,165.16,296289
2022-12-30,163.87,165.93,166.71,162.39,341707
2023-01-03,167.88,168.24,168.92,164.665,441457
2023-01-04,168.24,168.76,171.13,166.65,438140
2023-01-05,166.97,165.74,170.66,165.72,537109
2023-01-06,166.47,170.9,171.52,166.14,372910
2023-01-09,171.96,177.45,178.87,171.96,740739
2023-01-10,177.77,179.33,181.19,176.99,489598
2023-01-11,180.87,181.43,183.25,178.02,637884
2023-01-12,181.44,184.08,184.65,179.01,519157
2023-01-13,182.69,188.13,189.62,182.125,774948
2023-01-17,188.31,184.47,189.14,184.27,582152
2023-01-18,186.33,182.27,188.7599,181.66,559072
2023-01-19,181.52,184.06,185.5,181.52,567090
2023-01-20,186.08,185.02,186.5,182.72,585206
2023-01-23,187.22,188.95,194.8,185.92,1460293
2023-01-24,188.13,188.96,189.84,184.5,577797
2023-01-25,188.34,192.18,193.18,184.04,555974
2023-01-26,193.91,192.33,194.73,186.72,718393
2023-01-27,192.29,191.61,193.69,188.715,880893
2023-01-30,191.27,191.46,198.4,189.75,812556
2023-01-31,191.8,195.44,195.64,191.8,790269
2023-02-01,197.16,198.39,199.435,192.7136,511515
2023-02-02,200.0,198.54,204.99,196.41,681367
2023-02-03,196.2,198.19,202.44,195.7,461591
2023-02-06,197.36,195.95,200.69,194.58,558534
2023-02-07,194.76,188.58,194.76,168.2954,2400551
2023-02-08,186.79,185.0,189.57,184.74,1162032
2023-02-09,187.0,183.81,191.22,183.45,810514
2023-02-10,181.03,184.55,187.83,180.97,630326
2023-02-13,186.88,190.32,190.45,183.655,562939
2023-02-14,189.6,193.9,194.31,188.43,426094
2023-02-15,194.79,198.99,199.3,192.91,395535
2023-02-16,197.35,196.05,200.97,195.91,405184
2023-02-17,192.86,189.26,193.56,186.51,836679
2023-02-21,188.87,189.77,191.78,187.6387,527163
2023-02-22,191.14,193.59,194.87,190.41,459685
2023-02-23,195.53,195.04,196.55,192.52,663986
2023-02-24,192.26,193.55,196.7437,191.51,605762
2023-02-27,194.44,194.97,199.53,194.13,815540
2023-02-28,194.52,200.31,201.67,194.37,4875329
2023-03-01,208.74,221.06,221.31,202.85,2166949
2023-03-02,215.0,218.31,219.69,212.2,1050818
2023-03-03,212.52,220.95,224.0,212.52,922713
2023-03-06,217.59,221.38,223.81,216.12,804319
2023-03-07,222.12,222.24,224.485,219.735,720339
2023-03-08,226.0,221.8,226.0,220.57,820694
2023-03-09,221.34,217.89,222.0,217.88,746242
2023-03-10,218.47,213.0,218.47,212.74,598420
2023-03-13,209.56,211.0,214.7825,207.0,714053
2023-03-14,214.77,215.0,216.175,212.14,930927
2023-03-15,212.54,211.21,213.4,207.3,610234
2023-03-16,210.3,216.98,217.1199,208.9701,438725
2023-03-17,215.36,213.12,216.58,210.955,941629
2023-03-20,214.15,213.72,215.445,212.02,699363
2023-03-21,218.6,219.68,221.69,217.5,611658
2023-03-22,218.75,213.51,218.935,213.22,422825
2023-03-23,215.3,215.72,217.66,211.285,505155
2023-03-24,213.56,216.58,216.99,212.38,296049
2023-03-27,218.75,218.59,220.8,215.72,469593
2023-03-28,217.62,215.6,218.99,214.78,448036
2023-03-29,217.86,216.83,219.07,215.82,835457
2023-03-30,219.3,217.7,219.386,216.2487,572706
2023-03-31,219.64,224.85,227.555,218.41,1411150
2023-04-03,223.98,227.39,227.49,221.99,537299
2023-04-04,227.9,223.0,228.9999,221.2,466280
2023-04-05,221.2,217.29,223.0,213.73,682891
2023-04-06,217.0,219.71,219.77,215.7,507732
2023-04-10,218.67,222.63,222.78,217.55,395829
2023-04-11,224.66,224.01,226.3773,222.135,637240
2023-04-12,225.0,222.22,226.5045,221.505,550973
2023-04-13,224.46,223.31,225.08,220.8,843369
2023-04-14,222.35,223.91,224.72,221.41,764542
2023-04-17,225.0,225.57,228.79,224.525,485526
2023-04-18,225.96,227.53,228.5999,225.25,503534
2023-04-19,225.85,226.34,227.5,224.0,1370907
2023-04-20,224.36,224.47,228.01,223.31,588222
2023-04-21,224.61,225.02,227.2675,223.3101,513210
2023-04-24,224.66,224.5,226.814,222.38,614906
2023-04-25,223.89,220.85,224.5,220.35,529249
2023-04-26,220.0,216.13,221.02,216.09,508077
2023-04-27,216.76,215.55,217.4799,212.56,675348
2023-04-28,213.82,210.71,214.34,207.72,654720
2023-05-01,211.33,216.0,216.345,210.3,1026217
2023-05-02,216.58,220.22,220.58,214.01,1187939
2023-05-03,220.83,220.88,229.95,220.16,17765928
2023-05-04,219.5,219.1,222.32,216.0,1007383
2023-05-05,218.46,219.91,220.5725,214.0,796707
2023-05-08,219.91,221.86,222.66,219.73,685456
2023-05-09,222.08,226.88,228.405,221.5,1136137
2023-05-10,222.73,192.73,224.11,186.321,3724155
2023-05-11,197.84,204.595,204.9018,197.0,1816930
2023-05-12,205.12,201.5,207.15,200.18,889464
2023-05-15,200.2,203.47,205.3,198.5,781838
2023-05-16,203.25,201.21,204.99,201.131,639735
2023-05-17,201.93,197.68,202.93,196.75,830674
2023-05-18,201.49,201.7,202.0,199.49,1137524
2023-05-19,201.89,196.86,203.15,196.21,1060164
2023-05-22,197.58,201.75,203.2,196.26,859763
2023-05-23,200.01,195.8,204.23,193.91,784758
2023-05-24,194.42,192.81,195.99,191.795,693366
2023-05-25,193.49,193.96,194.52,189.63,816393
2023-05-26,195.0,194.95,197.65,194.13,708199
2023-05-30,196.0,193.16,197.49,191.9,717206
2023-05-31,192.47,192.91,193.395,189.9,3270682
2023-06-01,191.59,192.14,195.376,190.51,1317937
2023-06-02,193.34,193.25,194.79,190.81,791693
2023-06-05,192.86,191.86,193.53,190.2101,695830
2023-06-06,191.88,194.88,195.9599,191.18,606880
2023-06-07,194.88,197.88,199.84,193.4,966794
2023-06-08,196.52,194.74,199.0,194.51,494998
2023-06-09,195.54,194.82,197.0,194.09,425601
2023-06-12,195.9,196.85,198.045,194.49,547392
2023-06-13,196.85,196.66,198.38,195.1951,658052
2023-06-14,195.83,197.81,198.7125,195.0,969613
2023-06-15,196.88,202.09,203.38,196.88,733022
2023-06-16,203.63,202.36,206.33,199.96,3200182
2023-06-20,201.5,204.77,205.4,199.29,1125836
2023-06-21,205.65,197.54,205.65,197.25,582301
2023-06-22,197.0,196.92,198.59,194.3398,511232
2023-06-23,194.67,188.71,194.7,188.65,1318496
2023-06-26,188.88,189.63,190.15,186.88,868280
2023-06-27,191.13,195.38,195.735,191.13,454308
2023-06-28,195.76,194.59,196.405,193.67,515683
2023-06-29,194.85,195.83,197.35,193.2284,490371
2023-06-30,196.58,195.12,196.885,194.615,509683
2023-07-03,194.31,194.58,194.93,189.8823,379407
2023-07-05,193.31,193.61,195.7868,192.445,487833
2023-07-06,192.41,188.82,193.005,188.1,490129
2023-07-07,189.59,188.1,190.86,186.69,636401
2023-07-10,189.03,195.36,195.42,188.86,556790
2023-07-11,195.35,195.58,196.89,193.87,527794
2023-07-12,197.37,195.88,197.37,192.47,428502
2023-07-13,196.51,194.03,197.42,193.53,434122
2023-07-14,192.76,192.24,193.965,190.92,344696
2023-07-17,192.23,196.16,196.92,191.8,314634
2023-07-18,195.78,192.25,196.66,191.95,647442
2023-07-19,192.27,189.53,193.91,187.71,889227
2023-07-20,189.54,184.03,190.07,183.155,620221
2023-07-21,184.95,179.96,185.2988,179.61,1135882
2023-07-24,179.54,178.3,181.34,177.14,1155573
2023-07-25,176.84,180.03,180.41,176.08,741155
2023-07-26,179.36,180.04,180.765,176.31,628291
2023-07-27,181.24,182.09,185.545,180.47,909281
2023-07-28,184.12,182.64,186.36,182.47,648066
2023-07-31,183.15,185.93,186.15,182.905,581130
2023-08-01,184.45,183.33,186.0499,183.26,425596
2023-08-02,181.94,178.02,182.31,177.905,558148
2023-08-03,177.01,177.1,178.8175,175.365,457658
2023-08-04,178.49,180.86,182.92,178.375,1002258
2023-08-07,181.9,179.67,182.5799,178.89,575029
2023-08-08,179.22,175.73,180.08,175.59,806458
2023-08-09,198.12,200.44,207.86,196.49,2983403
2023-08-10,203.81,204.12,208.92,202.35,1232821
2023-08-11,203.18,211.23,211.89,202.32,1428521
2023-08-14,209.59,206.62,211.65,206.06,802320
2023-08-15,206.62,203.05,207.36,202.59,683395
2023-08-16,201.87,200.78,202.155,198.2,512616
2023-08-17,200.42,195.39,200.42,195.0,540645
2023-08-18,193.11,200.1,200.72,192.87,737930
2023-08-21,199.56,196.94,201.07,195.67,432362
2023-08-22,196.86,198.96,199.54,196.0,300861
2023-08-23,199.45,200.3,200.59,197.64,403321
2023-08-24,200.44,196.01,204.1797,195.86,748011
2023-08-25,195.73,198.43,198.62,193.3101,412212
2023-08-28,199.73,200.71,203.36,199.73,435462
2023-08-29,200.11,205.14,206.29,199.265,302444
2023-08-30,204.8,211.1,211.59,204.8,541297
2023-08-31,212.0,212.91,215.28,211.845,862039
2023-09-01,213.61,215.39,215.475,212.38,343362
2023-09-05,214.5,212.25,214.9,208.15,697867
2023-09-06,212.61,213.5,215.44,211.71,330343
2023-09-07,213.41,216.06,216.805,210.4276,459344
2023-09-08,215.34,214.71,217.61,214.105,359561
2023-09-11,213.19,213.19,213.19,213.19,69116
2023-09-12,210.83,211.93,213.13,210.26,375527
2023-09-13,211.0,209.86,211.885,208.05,378685
2023-09-14,209.95,212.51,213.51,209.315,398655
2023-09-15,211.38,206.21,211.68,204.95,820071
2023-09-18,204.6,208.18,211.19,203.01,497252
2023-09-19,207.23,203.8,207.23,201.24,478851
2023-09-20,205.34,203.35,206.32,203.19,458364
2023-09-21,201.03,196.13,201.71,196.01,598413
2023-09-22,196.88,195.42,197.565,194.5,369204
2023-09-25,193.95,193.24,195.35,192.5,373752
2023-09-26,190.64,189.61,192.2,189.1199,444800
2023-09-27,190.85,194.65,195.71,190.69,617863
2023-09-28,193.41,196.08,196.545,191.6032,354225
2023-09-29,197.86,198.99,201.54,197.58,634349
2023-10-02,197.29,196.15,199.1,195.05,428454
2023-10-03,195.39,192.06,196.06,190.82,266606
2023-10-04,192.03,194.61,194.9,190.01,335059
2023-10-05,194.81,196.11,196.545,192.7852,300880
2023-10-06,193.12,199.7,201.45,192.63,370232
2023-10-09,202.2,208.81,209.94,200.99,531996
2023-10-10,210.0,215.29,216.31,209.61,591567
2023-10-11,216.64,220.0,220.71,216.0,728529
2023-10-12,220.68,215.41,220.68,214.19,425130
2023-10-13,216.63,215.43,217.88,214.2767,410214
2023-10-16,217.2,220.05,220.46,216.68,306958
2023-10-17,218.53,222.54,223.3,218.045,568866
2023-10-18,222.0,219.53,223.12,219.41,327086
2023-10-19,218.88,212.31,218.88,210.66,365647
2023-10-20,212.93,210.86,212.93,207.2,354090
2023-10-23,209.98,210.08,212.6754,208.05,213603
2023-10-24,212.8,213.33,215.1701,212.21,283931
2023-10-25,212.58,207.87,212.58,206.63,278013
2023-10-26,207.87,204.57,210.015,204.32,386303
2023-10-27,204.68,200.755,205.89,199.29,422820
2023-10-30,203.59,201.73,203.92,200.5456,303375
2023-10-31,202.32,204.49,205.615,199.5,350944
2023-11-01,204.95,207.15,208.1899,203.16,344843
2023-11-02,209.77,210.27,212.58,209.025,406427
2023-11-03,211.97,217.25,219.36,211.97,574055
2023-11-06,219.39,216.86,220.22,214.83,433676
2023-11-07,216.92,216.37,219.02,214.7,908669
2023-11-08,224.5,229.58,231.71,219.0725,1603201
2023-11-09,230.23,215.7,230.655,212.885,811875
2023-11-10,216.16,217.94,220.0,215.435,830375
2023-11-13,218.27,218.66,219.7475,216.725,380723
2023-11-14,221.36,221.58,223.57,220.51,586710
2023-11-15,222.0,221.08,225.38,220.77,535141
2023-11-16,222.05,222.76,223.81,220.78,322322
2023-11-17,224.95,223.48,224.95,222.28,458683
2023-11-20,224.37,226.22,227.35,224.16,287723
2023-11-21,226.0,228.42,230.4,226.0,408708
2023-11-22,228.43,226.87,230.815,226.79,233437
2023-11-24,227.14,228.42,228.72,227.14,101568
2023-11-27,227.36,228.16,230.0599,227.0,311733
2023-11-28,228.4,227.07,230.38,226.49,227435
2023-11-29,228.83,225.86,230.0215,225.115,248805
2023-11-30,226.41,229.87,230.33,224.28,721891
2023-12-01,229.87,231.51,233.8,226.553,850416
2023-12-04,229.6,236.28,236.38,229.32,526650
2023-12-05,234.02,231.72,234.99,229.021,387900
2023-12-06,232.64,232.34,235.65,231.83,267098
2023-12-07,233.33,235.33,235.98,232.78,314442
2023-12-08,235.41,236.38,238.04,234.83,281805
2023-12-11,236.99,238.78,238.96,235.33,302383
2023-12-12,239.74,241.97,243.61,238.07,347442
2023-12-13,242.12,248.06,248.1,240.49,401929
2023-12-14,250.0,253.12,253.725,248.3001,676160
2023-12-15,252.91,255.98,256.82,250.1701,815505
2023-12-18,253.46,255.69,256.01,251.464,372177
2023-12-19,257.69,255.92,260.35,254.61,446789
2023-12-20,255.92,252.77,257.6499,252.11,559989
2023-12-21,256.94,256.84,257.675,253.5,311644
2023-12-22,258.3,259.03,260.69,257.12,279100
2023-12-26,257.94,258.11,259.23,256.86,180068
2023-12-27,257.81,259.08,259.9501,257.17,340835
2023-12-28,259.65,258.59,259.88,257.915,257886
2023-12-29,258.0,258.33,259.45,256.38,330633
2024-01-02,254.47,251.63,256.01,249.53,532443
2024-01-03,250.62,247.43,252.24,247.27,333038
2024-01-04,247.43,244.93,249.5558,244.345,494296
2024-01-05,244.5,244.21,246.1,241.72,408650
2024-01-08,244.45,251.61,251.75,244.01,344432
2024-01-09,248.48,249.1,250.54,247.81,452211
2024-01-10,249.98,249.02,250.965,248.0,470303
2024-01-11,249.81,249.54,251.72,247.12,383934
2024-01-12,250.81,250.69,253.8959,248.44,485081
2024-01-16,250.28,249.47,251.61,246.985,385251
2024-01-17,247.12,250.51,250.68,247.12,267263
2024-01-18,251.06,254.1,254.19,250.65,252563
2024-01-19,254.98,256.79,256.86,251.865,349166
2024-01-22,258.12,259.66,262.95,257.17,302748
2024-01-23,261.28,255.01,261.28,254.925,252275
2024-01-24,257.34,251.24,257.34,250.43,369360
2024-01-25,252.78,252.7,253.9271,250.63,229333
2024-01-26,252.58,251.36,254.06,249.01,256999
2024-01-29,251.99,254.73,254.77,251.75,281454
2024-01-30,254.24,254.25,255.735,253.4,189143
2024-01-31,254.94,249.06,255.0179,248.3783,492521
2024-02-01,250.65,252.7,254.135,247.04,519452
2024-02-02,252.7,256.99,258.62,251.1263,362010
2024-02-05,255.97,257.47,257.755,252.2001,322530
2024-02-06,258.64,259.46,259.69,255.5805,226235
2024-02-07,260.34,265.47,270.95,259.12,784916
2024-02-08,265.0,269.0,269.5,264.53,306156
2024-02-09,270.82,270.98,271.3891,268.44,247690
2024-02-12,270.53,266.71,273.535,265.05,482646
2024-02-13,261.28,264.45,269.2799,255.68,377146
2024-02-14,268.02,270.84,271.42,264.87,307694
2024-02-15,272.1,272.79,274.78,268.0,257673
2024-02-16,272.02,269.8,273.91,269.71,250433
2024-02-20,267.38,267.7,269.16,265.23,296140
2024-02-21,267.03,263.73,268.19,260.265,395993
2024-02-22,267.58,271.54,272.305,267.38,286371
2024-02-23,272.87,270.63,273.72,268.99,225017
2024-02-26,272.15,271.59,274.27,270.82,321895
2024-02-27,273.51,271.82,273.6199,265.32,841681
2024-02-28,280.7,309.22,318.9,275.0,2658652
2024-02-29,309.22,307.37,311.04,299.07,1501521
2024-03-01,303.0,314.25,314.49,302.24,893744
2024-03-04,316.0,319.88,325.63,314.95,928051
2024-03-05,319.48,315.1,319.81,311.94,620357
2024-03-06,315.01,314.97,318.0,310.25,467822
2024-03-07,315.1,315.13,317.99,313.96,363380
2024-03-08,315.13,312.79,320.755,308.83,432294
2024-03-11,310.94,310.93,313.5,308.8342,447521
2024-03-12,309.85,311.37,312.07,305.92,400544
2024-03-13,311.56,306.78,312.55,304.52,603412
2024-03-14,307.43,306.43,310.8524,304.75,427555
2024-03-15,304.18,307.65,309.695,304.18,1568802
2024-03-18,310.7,308.45,311.995,307.1,456017
2024-03-19,308.45,312.13,312.91,306.32,410914
2024-03-20,312.45,314.28,314.507,308.62,298598
2024-03-21,316.56,316.09,319.12,314.63,279094
2024-03-22,318.18,316.32,318.18,312.34,377993
2024-03-25,316.5,315.47,317.53,313.84,629906
2024-03-26,315.47,319.14,320.555,314.745,433787
2024-03-27,321.04,315.64,321.77,314.17,401505
2024-03-28,316.97,312.88,316.97,311.85,357827
2024-04-01,314.34,311.37,314.77,309.955,318067
2024-04-02,309.35,309.36,310.12,304.8,340295
2024-04-03,308.19,309.1,311.675,308.19,344737
2024-04-04,312.12,306.83,315.6099,306.61,272689
2024-04-05,306.82,309.9,312.25,306.5629,183819
2024-04-08,311.19,311.21,314.2,309.15,286498
2024-04-09,310.59,311.27,311.44,306.2701,305853
2024-04-10,308.81,318.26,320.3428,307.86,503003
2024-04-11,319.39,324.09,329.87,315.4,705097
2024-04-12,322.23,310.81,323.5,310.25,548345
2024-04-15,317.17,303.31,317.17,301.55,354919
2024-04-16,302.0,300.31,303.435,295.095,524493
2024-04-17,301.37,299.82,302.5498,296.725,603407
2024-04-18,300.0,297.59,303.5126,297.3,593714
2024-04-19,299.18,293.605,299.53,291.35,551405
2024-04-22,294.86,293.8,296.88,291.395,513484
2024-04-23,296.71,301.56,302.57,295.35,486651
2024-04-24,304.07,302.41,308.115,302.29,524753
2024-04-25,300.99,306.24,308.83,297.93,305981
2024-04-26,306.57,308.23,311.865,306.57,300741
2024-04-29,308.24,313.3,313.59,307.25,340642
2024-04-30,311.31,313.66,314.78,309.2037,596201
2024-05-01,312.18,311.57,316.0,309.11,693734
2024-05-02,313.22,316.75,318.19,310.93,456870
2024-05-03,319.24,318.55,321.0,316.64,279175
2024-05-06,322.0,327.64,329.175,321.4632,773695
2024-05-07,312.82,312.73,317.5,304.86,1021711
2024-05-08,312.55,311.86,316.32,309.53,480370
2024-05-09,310.64,309.09,313.6299,307.8,699269
2024-05-10,309.38,303.43,309.7046,303.32,474003
2024-05-13,303.88,300.23,305.105,300.03,507020
2024-05-14,299.01,296.46,299.01,290.66,998277
2024-05-15,299.24,293.95,300.0,292.785,683079
2024-05-16,293.6,290.44,294.16,288.38,536283
2024-05-17,292.45,288.79,292.6,286.68,513386
2024-05-20,289.92,292.03,292.8854,288.19,524607
2024-05-21,291.87,287.95,291.985,285.06,661906
2024-05-22,288.48,284.87,289.68,282.1001,972108
2024-05-23,285.0,279.99,286.27,279.1872,818051
2024-05-24,280.48,285.63,285.78,279.0,411002
2024-05-28,286.04,288.2,288.2,284.2301,522224
2024-05-29,285.2,284.19,288.4,283.5,471638
2024-05-30,284.46,281.73,286.16,280.26,340357
2024-05-31,281.72,281.67,283.0,275.1923,731113
2024-06-03,281.35,278.53,283.0,275.79,401429
2024-06-04,277.73,276.22,278.55,273.52,399003
2024-06-05,278.56,282.13,282.28,276.2301,476734
2024-06-06,282.13,279.15,283.4799,276.92,381819
2024-06-07,279.57,280.5,282.6,278.2435,331315
2024-06-10,280.08,285.4,286.81,280.08,421913
2024-06-11,285.33,287.01,287.06,283.33,407377
2024-06-12,290.01,295.84,297.24,288.9,546269
2024-06-13,295.62,293.48,297.78,292.29,383721
2024-06-14,292.0,292.33,294.3616,287.23,401104
2024-06-17,292.51,297.17,297.38,290.1901,413517
2024-06-18,297.48,293.52,300.85,292.04,362426
2024-06-20,294.61,293.14,296.8,290.38,366198
2024-06-21,293.22,291.15,293.22,282.89,910181
2024-06-24,291.93,292.7,296.62,290.375,705096
2024-06-25,293.19,292.63,294.49,290.63,476894
2024-06-26,292.04,292.88,293.32,288.685,350337
2024-06-27,292.67,298.35,298.4,290.8,438639
2024-06-28,300.0,294.24,304.56,293.58,1083370
2024-07-01,296.56,289.21,296.56,287.19,332214
2024-07-02,288.25,293.18,293.595,286.51,347578
2024-07-03,294.05,296.56,297.32,292.8,175280
2024-07-05,296.91,298.38,298.69,294.144,174432
2024-07-08,299.77,302.48,303.53,299.19,372076
2024-07-09,304.37,298.51,306.35,298.36,398554
2024-07-10,299.0,293.29,299.72,292.99,365715
2024-07-11,293.73,291.16,295.0,290.02,528399
2024-07-12,292.24,292.66,296.98,290.0801,289565
2024-07-15,294.77,308.64,308.9,293.02,642367
2024-07-16,311.02,319.43,319.8,311.02,698760
2024-07-17,321.2,317.78,326.32,315.35,680566
2024-07-18,318.0,305.67,319.5016,303.7,577149
2024-07-19,307.93,308.45,310.49,303.62,269770
2024-07-22,310.5,316.76,317.0,306.81,455994
2024-07-23,318.0,319.55,324.86,317.51,763156
2024-07-24,318.02,313.11,318.88,310.01,450972
2024-07-25,312.45,310.81,316.8399,307.99,379094
2024-07-26,314.07,310.59,314.07,308.01,347882
2024-07-29,312.4,309.0,312.4,307.65,271271
2024-07-30,309.96,304.72,314.365,304.48,350218
2024-07-31,307.49,300.01,308.56,298.9985,662384
2024-08-01,300.0,299.63,302.7173,296.0893,872771
2024-08-02,294.1,292.36,295.36,287.14,929302
2024-08-05,279.64,286.16,291.75,279.02,684589
2024-08-06,289.4,295.0,298.7,286.19,1070740
2024-08-07,330.0,349.24,367.95,323.885,3407135
2024-08-08,350.9,368.46,371.99,344.0,1518758
2024-08-09,367.27,365.0,370.355,359.31,997595
2024-08-12,368.1,368.03,375.9499,366.14,545538
2024-08-13,368.03,368.97,370.8227,364.78,516315
2024-08-14,368.8,370.57,371.93,365.99,400289
2024-08-15,366.15,373.69,378.2467,366.15,495368
2024-08-16,374.99,373.69,377.19,372.0,486333
2024-08-19,373.75,373.07,376.4225,370.96,430156
2024-08-20,374.45,373.05,375.7304,370.04,345737
2024-08-21,373.06,375.1,378.89,371.45,573401
2024-08-22,375.94,372.69,377.25,372.44,295606
2024-08-23,375.69,370.7,376.0478,369.4343,464467
2024-08-26,369.11,360.49,370.64,358.1,568496
2024-08-27,360.49,363.43,364.455,357.85,286028
2024-08-28,363.43,362.45,368.13,361.59,323710
2024-08-29,364.03,362.0,368.86,361.97,316831
2024-08-30,363.13,364.97,366.275,361.44,454912
2024-09-03,361.35,355.16,363.22,354.52,584912
2024-09-04,351.72,355.35,356.7299,349.02,681086
2024-09-05,353.53,354.86,356.34,352.11,236479
2024-09-06,356.42,354.62,357.5,346.71,509150
2024-09-09,358.61,364.39,369.44,358.61,755959
2024-09-10,364.89,359.35,366.98,357.105,324778
2024-09-11,357.82,361.71,364.485,353.91,471546
2024-09-12,364.88,384.51,384.73,364.6,976901
2024-09-13,382.98,379.61,385.0,375.71,506481
2024-09-16,380.99,385.77,386.54,379.98,480096
2024-09-17,384.03,382.57,386.1399,376.5301,379075
2024-09-18,383.5,383.01,387.61,380.505,402101
2024-09-19,390.0,389.74,391.55,383.03,461850
2024-09-20,387.07,393.29,393.58,387.06,1202603
2024-09-23,394.29,393.94,397.32,392.0,473099
2024-09-24,395.59,393.66,395.69,388.355,279634
2024-09-25,394.39,395.26,395.8,392.02,534495
2024-09-26,396.23,393.25,398.74,391.97,449069
2024-09-27,394.12,395.34,395.59,388.37,400734
2024-09-30,395.5,399.6,400.33,394.24,548958
2024-10-01,399.87,399.22,400.78,395.37,749293
2024-10-02,400.0,404.51,405.995,397.53,588184
2024-10-03,404.17,415.05,415.11,403.16,927266
2024-10-04,418.0,421.8,422.33,413.68,612225
2024-10-07,421.0,420.83,425.225,416.88,682956
2024-10-08,424.06,426.99,433.48,420.49,787479
2024-10-09,424.4,432.14,432.86,422.21,470903
2024-10-10,430.78,428.76,432.91,424.34,494195
2024-10-11,430.19,434.98,436.55,428.77,334523
2024-10-14,437.14,437.98,440.89,435.44,326365
2024-10-15,437.98,434.12,438.0438,424.568,625379
2024-10-16,433.36,433.83,435.4,428.5,376100
2024-10-17,436.0,434.48,437.9,432.7344,397469
2024-10-18,438.78,438.05,438.78,434.0,228792
2024-10-21,439.0,443.98,444.16,435.29,335656
2024-10-22,445.1,449.61,455.17,443.44,624963
2024-10-23,447.52,442.69,449.2035,440.67,389218
2024-10-24,442.58,443.12,446.7475,438.17,263431
2024-10-25,446.12,444.52,449.83,442.71,331952
2024-10-28,449.1,444.77,449.1,443.25,447236
2024-10-29,444.96,444.0,447.625,443.7,489050
2024-10-30,443.33,439.0,445.48,438.76,428115
2024-10-31,435.96,423.5,436.9,422.38,877593
2024-11-01,426.82,425.84,430.155,424.57,600627
2024-11-04,425.84,431.57,435.504,424.99,479013
2024-11-05,433.97,441.09,442.77,433.97,656281
2024-11-06,459.03,459.52,462.64,450.72,724186
2024-11-07,465.5,468.75,471.0,462.8109,832567
2024-11-08,540.0,603.18,611.88,515.0,3966980
2024-11-11,611.06,616.14,624.8399,588.02,1793148
2024-11-12,609.11,595.18,609.355,591.74,1390253
2024-11-13,600.0,601.29,617.1499,599.72,850740
2024-11-14,601.0,604.56,609.37,592.21,727328
2024-11-15,599.53,599.35,602.0,594.4228,682856
2024-11-18,601.04,600.0,610.33,592.0,669695
2024-11-19,598.3,610.2,618.0699,598.01,1064591
2024-11-20,609.18,609.82,613.2499,598.95,572570
2024-11-21,621.99,631.27,640.51,611.0,885468
2024-11-22,635.5,636.95,641.2,623.505,699097
2024-11-25,639.54,619.0,639.99,607.2,1499893
2024-11-26,622.6,632.16,633.0,621.215,619320
2024-11-27,632.1,634.96,636.365,625.81,505877
2024-11-29,639.38,646.96,652.225,639.0,397629
2024-12-02,649.2,636.39,649.3944,634.95,866764
2024-12-03,652.82,669.87,675.475,638.0,1383680
2024-12-04,667.09,687.39,689.39,667.09,925209
2024-12-05,688.01,689.78,695.94,677.4,732660
2024-12-06,689.73,687.69,698.67,680.242,938723
2024-12-09,687.69,642.59,687.97,631.0322,1177606
2024-12-10,647.22,637.45,659.68,633.31,928328
2024-12-11,646.68,642.45,651.14,633.8581,639170
2024-12-12,648.01,636.41,657.7475,635.81,667455
2024-12-13,635.29,644.91,648.91,635.0,557664
2024-12-16,652.0,649.3,654.0,603.3322,1741642
2024-12-17,642.93,635.76,648.6894,632.0,1497650
2024-12-18,637.0,609.96,638.8747,604.14,1614002
2024-12-19,620.54,615.68,626.58,608.0,1316458
2024-12-20,607.95,631.69,633.21,605.095,7032769
2024-12-23,634.64,624.14,642.53,616.9701,626799
2024-12-24,619.67,631.25,631.78,619.07,260504
2024-12-26,630.0,623.8,630.0,620.96,526622
2024-12-27,620.95,610.98,622.46,606.55,392170
2024-12-30,601.2,604.32,607.24,591.14,649149
2024-12-31,607.17,594.32,607.17,592.28,510410
2025-01-02,604.07,596.49,612.2548,588.19,517294
2025-01-03,595.36,601.06,608.9499,594.18,434723
2025-01-06,604.4,570.71,606.31,543.475,1614521
2025-01-07,570.72,562.03,573.5,554.76,935262
2025-01-08,565.02,577.34,577.74,559.23,590620
2025-01-10,572.0,570.0,574.83,562.71,482918
2025-01-13,561.4,568.68,569.33,556.68,422549
2025-01-14,571.895,579.8,584.23,569.95,509051
2025-01-15,589.4,580.0,594.84,577.53,702444
2025-01-16,585.0,585.84,592.22,581.8,466053
2025-01-17,595.84,593.89,603.0,591.191,533670
2025-01-21,603.12,605.58,609.5,592.59,531294
2025-01-22,607.98,607.6,612.14,602.71,362230
2025-01-23,609.59,613.38,614.6,602.8071,368644
2025-01-24,613.97,610.32,615.5,605.2001,309792
2025-01-27,597.79,604.68,608.01,587.14,458568
2025-01-28,606.58,637.53,639.34,604.37,548338
2025-01-29,640.0,639.97,644.86,632.14,422611
2025-01-30,646.5,653.43,657.0,643.55,536822
2025-01-31,655.44,652.18,671.06,649.76,611693
2025-02-03,640.75,658.11,671.215,635.5501,1001784
2025-02-04,657.14,662.91,674.0,652.58,511759
2025-02-05,662.91,680.52,680.972,662.91,459816
2025-02-06,680.99,677.4,684.36,661.0,559451
2025-02-07,680.0,679.24,689.54,677.93,556216
2025-02-10,684.32,677.85,686.08,672.0,432548
2025-02-11,678.475,669.26,678.475,656.715,421665
2025-02-12,656.49,665.08,668.5673,652.26,495922
2025-02-13,667.75,664.7,671.44,655.0688,356153
2025-02-14,662.57,683.41,686.17,648.85,694120
2025-02-18,694.02,710.01,715.99,691.86,1318703
2025-02-19,700.0,593.42,705.1,592.76,2319566
2025-02-20,581.0,541.81,584.0,521.655,2514006
2025-02-21,551.655,513.22,551.655,510.5339,1454542
2025-02-24,516.51,499.73,524.35,496.19,1322641
2025-02-25,498.905,496.65,502.2426,480.1767,1360330
2025-02-26,584.95,572.4,600.99,558.21,2837988
2025-02-27,575.0,525.44,578.8739,521.7,1453907
2025-02-28,526.97,528.45,531.36,514.04,1153735
2025-03-03,532.84,525.75,541.75,520.6701,876097
2025-03-04,513.87,528.28,543.41,503.02,956405
2025-03-05,529.75,534.96,538.98,521.08,945209
2025-03-06,522.85,499.31,526.19,495.0,912281
2025-03-07,500.0,526.4,527.94,500.0,1277984
2025-03-10,508.39,515.45,522.06,501.85,1359940
2025-03-11,518.26,526.64,539.175,509.0001,975328
2025-03-12,540.37,557.89,560.725,539.13,1215839
2025-03-13,558.81,534.56,569.95,530.2203,760807
2025-03-14,544.55,556.26,557.45,543.875,656155
2025-03-17,552.72,554.82,563.7,549.58,664625
2025-03-18,548.7,539.99,555.58,532.52,558600
2025-03-19,545.34,568.11,571.4,542.65,576540
2025-03-20,560.16,558.41,572.82,556.4955,525252
2025-03-21,550.63,560.0,562.28,544.34,803642
2025-03-24,571.99,572.52,574.155,561.0,689675
2025-03-25,569.21,577.18,579.675,566.97,439776
2025-03-26,575.57,559.06,578.2,553.56,521741
2025-03-27,554.78,550.65,557.0,540.0,374576
2025-03-28,550.4,534.95,550.4,529.0,678472
2025-03-31,522.67,525.95,528.83,507.03,779458
2025-04-01,521.59,541.2,542.9849,520.19,509615
2025-04-02,530.69,558.42,560.3,530.69,731828
2025-04-03,532.67,539.69,553.6,528.76,662053
2025-04-04,511.26,497.13,519.9999,486.1,971548
2025-04-07,471.72,502.55,524.82,469.2434,1045892
2025-04-08,522.71,504.03,536.84,497.99,943153
2025-04-09,503.15,559.84,567.0358,497.355,1105398
2025-04-10,543.85,551.25,564.36,534.22,655898
2025-04-11,549.0,567.98,569.0,541.5189,516622
