2020-04-09,55.18,54.5884,55.18,54.5884,500206
2020-04-13,53.18,52.9426,53.45,52.63,3702
2020-04-14,54.0568,54.0568,54.0568,54.0568,8
2020-04-15,51.84,51.7447,51.95,51.52,5969
2020-04-16,51.5598,51.5598,51.5598,51.5598,1
2020-04-17,53.77,53.7719,53.7719,53.77,118
2020-04-20,54.05,53.1356,54.05,53.1356,3600
2020-04-21,51.8009,51.8009,51.8009,51.8009,3600
2020-04-22,52.3943,52.3943,52.3943,52.3943,4
2020-04-23,53.41,52.8791,53.41,52.8791,100
2020-04-24,53.1922,53.7289,53.7289,53.05,339
2020-04-27,56.0438,56.0438,56.0438,56.0438,48
2020-04-28,56.7028,56.7028,56.7028,56.7028,48
2020-04-29,58.36,59.2127,59.2127,58.26,15020
2020-04-30,57.73,57.3764,57.98,57.3764,516
2020-05-01,54.9437,54.9437,54.9437,54.9437,91
2020-05-04,55.1632,55.1632,55.1632,55.1632,31
2020-05-05,55.6415,55.6415,55.6415,55.6415,5
2020-05-06,55.3022,55.3022,55.3022,55.3022,14
2020-05-07,56.17,56.1059,56.17,56.1059,103
2020-05-08,58.2045,58.2045,58.2045,58.2045,8
2020-05-11,57.9578,57.9578,57.9578,57.9578,85
2020-05-12,55.871,55.871,55.871,55.871,11
2020-05-13,53.7975,53.7975,53.7975,53.7975,11
2020-05-14,54.198,54.198,54.198,54.198,190
2020-05-15,54.8556,54.8556,54.8556,54.8556,86
2020-05-18,58.222,58.222,58.222,58.222,1
2020-05-19,57.4509,57.4509,57.4509,57.4509,1
2020-05-20,58.7191,58.7191,58.7191,58.7191,2
2020-05-21,58.9373,58.9373,58.9373,58.9373,7
2020-05-22,59.0922,59.0922,59.0922,59.0922,7
2020-05-26,60.9983,60.9983,60.9983,60.9983,10
2020-05-27,62.8305,62.8305,62.8305,62.8305,10
2020-05-28,61.5858,61.5858,61.5858,61.5858,0
2020-05-29,60.69,61.3487,61.3487,60.69,509
2020-06-01,62.2052,62.2052,62.2052,62.2052,4
2020-06-02,62.43,62.5257,62.5257,62.4,2100
2020-06-03,64.65,64.2931,64.65,64.2931,488
2020-06-04,63.842,64.1809,64.1809,63.842,440
2020-06-05,66.4743,66.4743,66.4743,66.4743,27
2020-06-08,67.8418,67.8418,67.8418,67.8418,25
2020-06-09,66.93,66.4519,66.93,66.4519,224
2020-06-10,64.7241,64.7241,64.7241,64.7241,40
2020-06-11,60.42,60.049,60.42,60.049,1138
2020-06-12,61.3668,61.3668,61.3668,61.3668,4
2020-06-15,61.01,62.4462,62.4462,61.01,156
2020-06-16,63.9036,63.9036,63.9036,63.9036,156
2020-06-17,63.0995,63.0995,63.0995,63.0995,0
2020-06-18,63.0459,63.0459,63.0459,63.0459,0
2020-06-19,62.49,62.568,62.568,62.49,201
2020-06-22,63.0425,63.0425,63.0425,63.0425,0
2020-06-23,63.33,63.3013,63.33,63.3013,917
2020-06-24,61.17,61.0804,61.29,61.0804,2038
2020-06-25,61.7879,61.7879,61.7879,61.7879,19
2020-06-26,60.25,60.25,60.25,60.25,19
2020-06-29,61.8641,61.8641,61.8641,61.8641,20
2020-06-30,62.05,62.48415,62.7085,62.05,101
2020-07-01,62.0043,62.0043,62.0043,62.0043,4
2020-07-02,62.171,62.171,62.171,62.171,2
2020-07-06,62.743,62.743,62.743,62.743,6
2020-07-07,61.487,61.487,61.487,61.487,146
2020-07-08,61.63,61.9871,61.9871,61.41,7475
2020-07-09,60.9038,60.9038,60.9038,60.9038,8
2020-07-10,61.903,61.903,61.903,61.903,5
2020-07-13,61.2342,61.2342,61.2342,61.2342,2
2020-07-14,60.96,62.0437,62.0437,60.9599,2117
2020-07-15,64.2341,64.2341,64.2341,64.2341,4
2020-07-16,63.8271,63.8271,63.8271,63.8271,4
2020-07-17,63.92,63.9453,63.9453,63.92,811
2020-07-20,63.7629,63.7629,63.7629,63.7629,0
2020-07-21,64.81,64.4422,64.81,64.4422,685
2020-07-22,64.7868,64.7868,64.7868,64.7868,685
2020-07-23,64.8065,64.8065,64.8065,64.8065,0
2020-07-24,64.505,64.0471,64.505,64.0471,140
2020-07-27,64.6411,64.6411,64.6411,64.6411,0
2020-07-28,64.0581,64.0581,64.0581,64.0581,0
2020-07-29,65.06,65.4571,65.4571,65.06,251
2020-07-30,64.24,65.0507,65.0507,64.24,122
2020-07-31,64.5049,64.5049,64.5049,64.5049,13
2020-08-03,65.16,65.4998,65.4998,65.16,400
2020-08-04,65.74,65.8452,65.8452,65.74,181
2020-08-05,67.0297,67.0297,67.0297,67.0297,181
2020-08-06,66.9141,66.9141,66.9141,66.9141,50
2020-08-07,67.5887,67.5887,67.5887,67.5887,25
2020-08-10,67.99,67.9907,68.17,67.99,1936
2020-08-11,67.8501,67.8501,67.8501,67.8501,8
2020-08-12,68.51,68.2416,68.53,68.2416,371
2020-08-13,68.16,68.0182,68.16,68.0182,931
2020-08-14,67.947,67.947,67.947,67.947,3
2020-08-17,67.96,68.0392,68.14,67.96,5745
2020-08-18,67.3877,67.3877,67.3877,67.3877,4
2020-08-19,67.51,67.2952,67.86,67.2952,2240
2020-08-20,67.0,67.012,67.22,67.0,1650
2020-08-21,66.6898,66.6898,66.6898,66.6898,35
2020-08-24,67.44,67.6463,67.6463,67.44,1582
2020-08-25,67.694,67.694,67.694,67.694,28
2020-08-26,67.4214,67.4214,67.4214,67.4214,6
2020-08-27,67.5,67.8005,67.8005,67.5,830
2020-08-28,67.9,68.2549,68.2549,67.9,850
2020-08-31,67.5951,67.5951,67.5951,67.5951,137
2020-09-01,67.84,68.0974,68.0974,67.84,196
2020-09-02,68.923,68.923,68.923,68.923,196
2020-09-03,68.8,66.9233,68.8,66.9233,1221
2020-09-04,66.6571,66.6571,66.6571,66.6571,32
2020-09-08,65.0,65.175,66.1,65.0,2022
2020-09-09,65.81,65.9942,65.9942,65.81,686
2020-09-10,65.94,65.2171,66.05,65.2171,606
2020-09-11,64.8595,64.8595,64.8595,64.8595,1
2020-09-14,66.16,66.4108,66.4108,66.16,950
2020-09-15,66.66,66.4238,66.76,66.37,7855
2020-09-16,66.76,66.9314,66.9314,66.76,1602
2020-09-17,66.451,66.451,66.451,66.451,85
2020-09-18,65.8436,65.8436,65.8436,65.8436,1
2020-09-21,64.0215,64.0215,64.0215,64.0215,103
2020-09-22,64.45,64.7812,64.7812,64.45,766
2020-09-23,63.2693,63.2693,63.2693,63.2693,16
2020-09-24,63.1,63.2425,63.2425,63.1,336
2020-09-25,63.94,64.0781,64.0781,63.94,2006
2020-09-28,65.16,65.5781,65.5781,65.16,107
2020-09-29,65.1623,65.1623,65.1623,65.1623,1
2020-09-30,66.06,65.38444,66.06,65.32,2000
2020-10-01,65.84,66.2689,66.2689,65.53,4400
2020-10-02,66.38,66.7776,66.7776,66.38,169
2020-10-05,67.22,68.3436,68.3436,67.22,462
2020-10-06,69.06,68.1589,69.62,68.1589,2073
2020-10-07,69.42,69.6326,69.6326,69.42,3236
2020-10-08,70.28,70.2735,70.28,70.27,2206
2020-10-09,70.66,70.6448,70.99,70.61,4355
2020-10-12,71.1605,71.1605,71.1605,71.1605,71
2020-10-13,70.7813,70.7813,70.7813,70.7813,0
2020-10-14,71.27,70.3552,71.27,70.3552,285
2020-10-15,69.46,70.9459,70.9459,69.46,208
2020-10-16,70.8695,70.8695,70.8695,70.8695,2
2020-10-19,69.9831,69.9831,69.9831,69.9831,4
2020-10-20,70.85,70.323,70.87,70.323,1950
2020-10-21,70.36,69.6769,70.37,69.6769,3850
2020-10-22,70.65,70.7377,70.7377,70.65,600
2020-10-23,71.02,71.3069,71.3069,71.02,2760
2020-10-26,69.782,69.782,69.782,69.782,54
2020-10-27,69.71,69.1982,69.71,69.1982,1602
2020-10-28,67.52,67.2037,67.57,67.2037,536
2020-10-29,67.2,68.0512,68.0512,67.2,232
2020-10-30,67.6,67.0362,67.6,66.78,2652
2020-11-02,68.2,68.3277,68.3277,68.2,1018
2020-11-03,69.67,70.1775,70.1775,69.67,502
2020-11-04,68.79,70.2349,70.65,68.79,868
2020-11-05,71.2601,72.1464,72.1464,71.26,500
2020-11-06,71.645,71.5255,71.75,71.5255,625
2020-11-09,75.2,73.9421,75.2,73.9421,2000
2020-11-10,74.64,74.571,74.64,74.571,325
2020-11-11,74.19,74.6194,74.6194,74.19,534
2020-11-12,73.09,73.47,73.47,72.97,1302
2020-11-13,74.65,74.9536,75.0,74.6,11002
2020-11-16,76.42,76.68,76.68,76.42,796
2020-11-17,75.82,76.9014,76.9014,75.82,135
2020-11-18,77.11,76.0372,77.11,76.0372,106
2020-11-19,76.4,76.6941,76.6941,76.4,3184
2020-11-20,78.92,76.7468,78.92,76.6,445
2020-11-23,78.1795,78.1795,78.1795,78.1795,23
2020-11-24,78.95,79.6416,79.7,78.95,2104
2020-11-25,79.21,79.2384,79.39,79.21,1462
2020-11-27,79.4203,79.4203,79.4203,79.4203,67
2020-11-30,79.07,78.0898,79.07,78.0898,479
2020-12-01,79.25,78.9553,79.25,78.9553,184
2020-12-02,78.75,78.8792,78.8792,78.75,253
2020-12-03,79.1,79.3887,79.3887,79.1,3043
2020-12-04,81.1218,81.1218,81.1218,81.1218,124
2020-12-07,80.81,80.9387,80.9387,80.81,397
2020-12-08,80.92,81.6463,81.6463,80.92,433
2020-12-09,82.13,81.2759,82.17,80.7,28953
2020-12-10,81.44,81.9623,81.9623,81.44,6182
2020-12-11,81.4,81.6124,81.6124,81.4,2195
2020-12-14,81.563,81.563,81.563,81.563,155
2020-12-15,82.27,83.2496,83.2496,82.16,6679
2020-12-16,84.66,83.2,84.66,82.96,2275
2020-12-17,83.55,83.9575,83.9575,83.55,658
2020-12-18,84.59,83.8717,84.59,83.8717,20337
2020-12-21,83.8061,83.8061,83.8061,83.8061,37
2020-12-22,84.5,84.4088,84.5,84.4088,314
2020-12-23,85.31,85.3008,85.5,85.27,189087
2020-12-24,85.06,85.0879,85.0879,85.06,1283
2020-12-28,85.68,84.60534,85.68,84.8315,231
2020-12-29,83.505,83.2606,83.505,83.14,1560
2020-12-30,84.254,84.254,84.254,84.254,59
2020-12-31,83.97,84.08,84.27,83.97,585
2021-01-04,82.62,82.5713,82.75,81.97,4893
2021-01-05,83.955,83.955,83.955,83.955,34
2021-01-06,86.852,86.852,86.852,86.852,74
2021-01-07,87.725,88.3476,88.3476,87.725,1092
2021-01-08,88.49,88.1956,88.49,87.82,3980
2021-01-11,88.51,88.3088,88.51,88.21,1135
2021-01-12,89.37,89.8258,89.8258,89.37,280
2021-01-13,89.53,89.2119,89.7,89.2119,2632
2021-01-14,90.98,90.5013,90.98,90.5013,456
2021-01-15,89.87,89.3164,89.9,89.19,11260
2021-01-19,89.82,90.1568,90.18,89.76,43289
2021-01-20,90.47,90.7517,90.7517,90.47,788
2021-01-21,90.88,90.083,90.88,90.03,7922
2021-01-22,90.5837,90.5837,90.5837,90.5837,191
2021-01-25,90.91,90.2836,91.1,89.95,1968
2021-01-26,89.75,89.6033,89.95,89.6033,1102
2021-01-27,87.41,87.7466,89.0,87.41,6671
2021-01-28,88.69,88.0837,88.69,88.0837,3995
2021-01-29,87.82,86.594,87.82,86.11,1142
2021-02-01,86.67,88.4113,88.46,86.67,731
2021-02-02,89.54,89.5039,89.54,89.5039,331
2021-02-03,89.8,89.8566,89.86,89.8,891
2021-02-04,90.48,91.3717,91.43,90.48,2115
2021-02-05,92.35,92.331,92.35,92.331,332
2021-02-08,93.12,94.1163,94.1163,93.12,3627
2021-02-09,94.1,94.4613,94.68,94.0,1141
2021-02-10,94.15,94.2348,94.31,94.15,3174
2021-02-11,94.84,94.3928,94.84,93.46,1166
2021-02-12,94.2,94.7593,94.77,94.02,2013
2021-02-16,94.53,94.3112,94.54,94.3112,71819
2021-02-17,93.81,93.6423,93.81,93.49,512
2021-02-18,92.86,92.2993,92.86,92.2993,953
2021-02-19,93.15,94.0686,94.0895,93.15,9460
2021-02-22,93.54,93.802,93.802,93.54,187
2021-02-23,93.01,93.7524,93.7524,92.33,203817
2021-02-24,94.1,95.6044,95.641,93.94,1392
2021-02-25,95.5,92.3161,95.51,92.23,3274
2021-02-26,93.36,92.1948,93.36,92.1948,755
2021-03-01,94.11,94.8396,95.11,94.11,7131
2021-03-02,94.53,93.5411,94.54,93.43,59481
2021-03-03,93.0,92.49,94.1,92.49,1314
2021-03-04,92.16,90.3,92.16,90.3,3063
2021-03-05,91.85,92.2644,92.2644,88.66,3720
2021-03-08,92.99,92.7978,93.94,92.7978,2939
2021-03-09,93.5867,93.5867,93.5867,93.5867,29
2021-03-10,95.14,94.8935,95.22,94.71,1420
2021-03-11,96.06,96.5218,96.5218,96.05,12599
2021-03-12,97.04,97.3944,97.3944,97.04,306
2021-03-15,97.08,98.0292,98.0292,97.08,9683
2021-03-16,97.31,96.6849,97.31,96.35,917
2021-03-17,96.12,97.196,97.196,95.86,4615
2021-03-18,97.08,94.9378,97.19,94.9378,2033
2021-03-19,94.87,95.3704,95.98,94.6,16707
2021-03-22,95.53,94.7573,95.53,94.54,3346
2021-03-23,93.72,91.8174,93.72,91.8174,1418
2021-03-24,93.06,90.5688,93.06,90.5688,894
2021-03-25,89.34,92.3381,92.3381,89.34,35320
2021-03-26,93.36,93.9255,93.9255,92.99,44617
2021-03-29,92.31,92.094,92.46,91.97,2617
2021-03-30,93.18,93.1752,93.38,93.1752,895
2021-03-31,94.0928,93.84215,94.0928,94.0928,524
2021-04-01,94.72,94.8195,94.8195,94.45,6479
2021-04-05,95.38,95.573,95.573,95.31,1025
2021-04-06,95.48,95.4022,96.08,95.31,7873
2021-04-07,95.19,94.4443,95.19,94.4443,1567
2021-04-08,94.92,95.0344,95.0344,94.0,4713
2021-04-09,94.92,95.3431,95.3431,94.92,144
2021-04-12,95.45,95.3278,95.45,95.3278,377
2021-04-13,95.14,95.0618,95.22,94.56,4586
2021-04-14,96.52,95.6259,96.52,95.6259,918
2021-04-15,95.669,96.2011,96.2011,95.669,1669
2021-04-16,96.29,96.6459,96.71,96.29,1069
2021-04-19,96.28,95.7151,96.28,95.51,1506
2021-04-20,95.38,94.0378,95.38,93.52,2481
2021-04-21,93.92,95.9824,95.9824,93.92,775
2021-04-22,96.45,95.7441,96.45,95.7441,2430
2021-04-23,95.93,97.3502,97.3502,95.93,601
2021-04-26,98.14,98.2045,98.2045,98.0,4786
2021-04-27,98.33,98.4617,98.6,97.91,3625
2021-04-28,98.33,98.5479,98.72,98.14,8300
2021-04-29,99.26,98.4238,99.26,97.7,24992
2021-04-30,97.61,97.3793,98.03,97.32,4536
2021-05-03,98.33,97.685,98.33,97.47,14053
2021-05-04,97.08,96.9388,97.08,96.33,20463
2021-05-05,97.27,96.6576,96.6576,96.28,32
2021-05-06,96.78,96.7896,96.7896,95.51,7305
2021-05-07,97.02,97.9017,97.9017,97.02,451
2021-05-10,97.84,96.17,97.84,96.17,5056
2021-05-11,94.19,95.5216,95.5216,94.19,2082
2021-05-12,95.23,92.5369,95.23,92.5369,3501
2021-05-13,93.12,94.07,94.07,93.06,4238
2021-05-14,96.2192,96.2192,96.2192,96.2192,155
2021-05-17,95.58,96.3479,96.3479,95.24,4221
2021-05-18,96.25,95.5958,96.4,95.5958,2262
2021-05-19,93.99,94.6536,94.6536,93.49,1103
2021-05-20,94.48,95.0693,95.0693,94.48,2803
2021-05-21,95.7,95.3811,95.7,95.3811,408
2021-05-24,96.16,95.9497,96.16,95.9497,519
2021-05-25,95.71,95.2701,95.71,95.2701,537
2021-05-26,96.34,96.4303,96.4303,96.34,452
2021-05-27,97.265,97.3349,97.3349,97.265,216
2021-05-28,97.3307,97.3307,97.3307,97.3307,312
2021-06-01,98.13,98.1771,98.1771,97.81,3133
2021-06-02,98.01,97.8254,98.01,97.74,12018
2021-06-03,97.87,97.2,97.87,96.59,2280
2021-06-04,97.49,97.5874,97.69,97.42,2114
2021-06-07,97.94,98.195,98.195,97.93,897
2021-06-08,98.89,99.2659,99.35,98.89,4745
2021-06-09,99.47,98.5062,99.47,98.5062,4181
2021-06-10,98.75,98.2382,99.09,98.13,6441
2021-06-11,98.74,99.0595,99.0595,98.71,3983
2021-06-14,99.39,98.316,99.5,98.316,781
2021-06-15,98.39,98.2165,98.39,97.81,8940
2021-06-16,97.96,97.9045,97.96,97.61,2414
2021-06-17,96.35,96.36,96.36,96.22,9835
2021-06-18,94.85,94.4461,95.28,94.4461,6882
2021-06-21,95.1,96.2811,96.2811,94.94,17941
2021-06-22,95.67,96.5474,96.5474,95.45,17818
2021-06-23,96.54,96.7291,97.11,96.54,126068
2021-06-24,97.26,97.8446,97.8999,97.11,31598
2021-06-25,98.36,98.4307,98.4307,98.36,5236
2021-06-28,98.52,97.8,98.52,97.45,2308
2021-06-29,98.25,97.3882,98.25,97.31,7367
2021-06-30,97.49,97.23085,97.71,97.4,53717
2021-07-01,97.9,97.8137,97.9,97.8137,1980
2021-07-02,97.35,97.1186,97.35,97.1186,661
2021-07-06,96.9,95.9334,96.94,95.63,4135
2021-07-07,96.01,95.3479,96.01,94.725,3933
2021-07-08,93.43,94.3484,95.1,93.16,2603
2021-07-09,97.8,96.3585,97.8,95.8,1651
2021-07-12,95.95,96.3183,96.3183,95.7,2052
2021-07-13,95.64,94.6039,95.64,94.6039,1371
2021-07-14,95.12,93.3438,95.33,93.3438,1199
2021-07-15,92.99,92.92,93.13,92.19,2418
2021-07-16,93.64,91.7589,93.78,91.7589,13533
2021-07-19,89.96,90.2619,91.28,89.79,1372
2021-07-20,90.27,92.9938,93.21,90.26,17609
2021-07-21,93.8,94.408,94.54,93.8,2120
2021-07-22,94.06,93.2225,94.06,93.1199,1436
2021-07-23,93.27,93.8222,93.8222,93.27,135
2021-07-26,94.1674,94.1674,94.1674,94.1674,20
2021-07-27,93.64,93.2728,93.64,92.78,1653
2021-07-28,94.0,94.4066,94.4066,94.0,1408
2021-07-29,95.46,95.1502,95.46,95.1502,208
2021-07-30,94.6864,94.6864,94.6864,94.6864,317
2021-08-02,95.9,94.1761,95.9,94.1761,670
2021-08-03,94.4977,94.4977,94.4977,94.4977,74
2021-08-04,93.79,93.4383,94.3,93.4383,2388
2021-08-05,94.709,94.8406,94.8406,94.709,911
2021-08-06,95.56,95.4186,95.56,95.4186,3424
2021-08-09,94.8913,94.8913,94.8913,94.8913,13
2021-08-10,95.085,95.0249,95.16,95.0249,408
2021-08-11,95.21,95.6774,95.6774,95.21,238
2021-08-12,95.46,95.4996,95.4996,95.4,1693
2021-08-13,95.51,94.8683,95.51,94.8683,1395
2021-08-16,94.42,94.239,94.42,94.239,1380
2021-08-17,93.32,93.1971,93.32,93.0,2294
2021-08-18,93.05,92.3787,93.51,92.3787,8466
2021-08-19,91.43,91.2874,92.03,91.18,20796
2021-08-20,92.07,92.7307,92.78,92.07,952
2021-08-23,94.0785,94.0785,94.0785,94.0785,71
2021-08-24,94.58,95.0695,95.15,94.58,4008
2021-08-25,94.94,95.6407,95.6407,94.94,605
2021-08-26,95.26,94.6356,95.26,94.6356,728
2021-08-27,94.82,96.9343,97.09,94.82,2509
2021-08-30,96.8,96.6718,96.86,96.6718,10964
2021-08-31,96.7105,96.7105,96.7105,96.7105,14
2021-09-01,96.51,97.2161,97.2161,96.51,1217
2021-09-02,98.16,97.9331,98.16,97.9331,325
2021-09-03,97.62,97.5891,97.62,97.42,320436
2021-09-07,97.53,96.7712,97.635,96.7712,16377
2021-09-08,96.49,95.9496,96.52,95.91,1183
2021-09-09,96.58,96.0023,96.58,96.0023,1588
2021-09-10,96.05,94.9512,96.05,94.9512,1015
2021-09-13,95.57,95.577,95.577,95.57,428
2021-09-14,95.67,94.4084,95.67,94.15,3403
2021-09-15,94.49,95.4117,95.43,94.43,3265
2021-09-16,95.0,95.3712,95.3712,95.0,747
2021-09-17,95.13,95.0927,95.5,94.61,4928
2021-09-20,93.21,93.2212,93.4,92.47,2670
2021-09-21,93.66,93.2707,93.94,93.14,36028
2021-09-22,93.78,94.6152,95.04,93.78,1309
2021-09-23,96.13,96.1349,96.1349,96.13,300
2021-09-24,96.1,95.8919,96.1,95.8919,732
2021-09-27,97.03,96.8747,97.18,96.8747,1631
2021-09-28,95.33,94.8307,95.33,94.8307,2380
2021-09-29,95.27,94.6946,95.27,94.65,3217
2021-09-30,95.28,93.54328,95.28,93.7834,1351
2021-10-01,94.46,94.9591,95.07,94.46,1904
2021-10-04,94.75,94.068,94.75,93.88,2976
2021-10-05,94.68,94.521,94.68,94.521,349
2021-10-06,93.76,94.2142,94.2142,92.97,2109
2021-10-07,95.18,95.4989,96.06,95.18,5839
2021-10-08,95.62,94.9977,95.67,94.9977,1261
2021-10-11,95.35,94.4094,95.35,94.4094,287
2021-10-12,94.64,94.9253,94.9253,94.64,2011
2021-10-13,95.355,95.355,95.355,95.355,18
2021-10-14,96.39,96.8157,97.01,96.39,22738
2021-10-15,97.785,96.8081,97.785,96.8081,247438
2021-10-18,96.23,96.8368,97.12,96.23,17060
2021-10-19,97.22,97.171,97.43,96.7,11877
2021-10-20,97.28,97.86,97.94,97.26,4027
2021-10-21,98.43,98.0984,98.43,97.858,967
2021-10-22,98.14,97.9946,98.14,97.9681,696
2021-10-25,98.07,98.7194,98.8495,98.07,1191
2021-10-26,98.99,98.0863,98.99,98.0863,3483
2021-10-27,97.72,96.1278,97.72,96.1278,5015
2021-10-28,96.72,97.8477,97.8477,96.72,1361
2021-10-29,97.62,97.8681,97.99,97.62,2136
2021-11-01,99.63,100.1077,100.1077,99.63,175
2021-11-02,99.98,100.2117,100.2117,99.93,2580
2021-11-03,100.32,101.841,101.841,100.32,926
2021-11-04,101.6084,101.6084,101.6084,101.6084,274
2021-11-05,102.55,102.7788,102.7788,102.55,262
2021-11-08,103.07,103.0194,103.07,103.0194,453
2021-11-09,102.65,102.5939,102.65,102.47,2179
2021-11-10,101.94,101.1666,101.94,100.97,1055
2021-11-11,101.56,101.781,102.0,101.5,1884
2021-11-12,102.0563,102.0563,102.0563,102.0563,80
2021-11-15,102.6,101.8195,102.6,101.79,555
2021-11-16,102.89,101.9783,102.89,101.79,2638
2021-11-17,101.7,100.986,101.7,100.89,3270
2021-11-18,100.11,100.3904,100.3904,100.11,1001
2021-11-19,99.89,99.5297,100.12,99.5297,4015
2021-11-22,100.18,99.3083,100.5868,99.3083,4504
2021-11-23,98.62,99.1447,99.1447,98.575,1399
2021-11-24,98.36,99.2788,99.32,98.2,4439
2021-11-26,96.58,95.8441,96.58,94.66,4315
2021-11-29,97.31,95.9169,97.31,95.63,1657
2021-11-30,95.31,93.742,95.31,93.27,6318
2021-12-01,95.69,91.8203,95.69,91.8203,2197
2021-12-02,92.08,93.9876,93.9876,92.08,2831
2021-12-03,93.77,92.4883,93.77,92.12,3412
2021-12-06,94.01,94.3877,94.62,93.8399,2171
2021-12-07,95.74,96.2676,96.87,95.74,1191
2021-12-08,96.65,97.0649,97.26,96.65,1958
2021-12-09,96.42,95.1337,96.42,95.1337,1453
2021-12-10,94.62,94.7971,94.7971,94.62,1141
2021-12-13,94.82,93.661,94.82,93.661,9249
2021-12-14,93.11,93.0067,93.4,92.85,33684
2021-12-15,92.4308,94.425,94.425,92.265,2394
2021-12-16,95.14,93.0393,95.14,92.92,2439
2021-12-17,92.64,93.4587,94.33,92.02,2788
2021-12-20,92.14,92.0889,92.14,90.82,34374
2021-12-21,93.08,94.6267,94.6267,93.08,12343
2021-12-22,94.85,95.4791,95.51,94.51,13328
2021-12-23,95.7,96.2334,96.24,95.61,13720
2021-12-27,96.22,97.1302,97.1302,95.91,3504
2021-12-28,96.99,96.44479,96.99,96.71,972
2021-12-29,96.57,96.7065,96.7065,96.26,1716
2021-12-30,97.44,96.6706,97.53,96.6706,2248
2021-12-31,96.61,96.5423,96.92,96.5423,2673
2022-01-03,97.2,97.3525,97.3525,96.95,2553
2022-01-04,97.68,97.6452,97.7,97.44,6024
2022-01-05,97.84,94.66,97.84,94.66,2057
2022-01-06,94.42,95.1154,95.1154,94.31,802
2022-01-07,95.06,94.5091,95.92,94.5091,1607
2022-01-10,93.02,94.0983,94.0983,92.56,4698
2022-01-11,94.28,95.1611,95.1611,93.6,4639
2022-01-12,95.63,94.8503,95.74,94.68,4887
2022-01-13,95.12,94.0695,95.12,94.0695,32801
2022-01-14,93.03,93.9672,93.9672,92.72,4935
2022-01-18,92.72,91.3621,92.72,91.3621,7866
2022-01-19,91.73,90.0895,91.73,90.0895,2938
2022-01-20,90.47,88.6084,91.08,88.6084,507823
2022-01-21,88.26,87.3236,88.26,87.05,91905
2022-01-24,85.72,88.6225,88.6225,84.47,5220
2022-01-25,86.94,87.2054,87.23,86.29,1852
2022-01-26,88.38,86.1204,89.11,86.1204,39024
2022-01-27,86.2607,84.5774,86.2607,84.19,1054
2022-01-28,84.28,85.9906,85.9906,83.7198,4567
2022-01-31,87.08,88.4323,88.4323,87.08,1072
2022-02-01,88.68,89.5302,89.5302,88.68,10198
2022-02-02,89.49,88.8646,89.49,88.68,7853
2022-02-03,87.81,87.2326,88.14,87.11,4051
2022-02-04,86.84,87.598,87.7,86.5,10582
2022-02-07,87.47,87.8375,88.19,87.47,2984
2022-02-08,88.21,89.5212,89.5212,88.21,386
2022-02-09,90.51,91.0746,91.0746,90.51,973
2022-02-10,89.9961,89.9961,89.9961,89.9961,89
2022-02-11,90.23,89.032,90.61,88.88,2363
2022-02-14,88.5,88.5073,89.0094,88.4999,1908
2022-02-15,89.4,90.78,90.78,89.4,5988
2022-02-16,90.45,91.0405,91.11,90.45,2616
2022-02-17,89.63,88.7554,89.63,88.7,2887
2022-02-18,88.64,87.9563,88.64,87.9563,19209
2022-02-22,87.48,86.8026,88.18,86.8026,4375
2022-02-23,87.42,85.1854,87.42,85.09,1057
2022-02-24,83.0,86.9549,86.9549,82.98,4409
2022-02-25,87.15,89.0148,89.0148,87.15,4277
2022-02-28,88.44,89.3662,89.56,88.44,4334
2022-03-01,88.97,87.4286,89.14,87.27,11924
2022-03-02,88.61,89.6552,89.84,88.61,47751
2022-03-03,90.04,88.5879,90.04,88.09,7042
2022-03-04,87.68,86.9221,87.87,86.35,10195
2022-03-07,87.15,84.5753,87.15,84.5753,4018
2022-03-08,84.64,85.0246,85.72,84.64,6523
2022-03-09,87.07,87.3095,87.75,87.0,10604
2022-03-10,86.18,87.2472,87.2472,86.15,6289
2022-03-11,87.62,86.1408,88.03,86.1408,6927
2022-03-14,86.17,84.6853,86.17,84.43,3744
2022-03-15,83.86,85.9855,85.9855,83.85,6783
2022-03-16,86.89,88.6197,88.6197,86.86,5175
2022-03-17,89.79,89.7527,89.88,89.7527,405
2022-03-18,89.46,90.8593,90.8593,89.46,2418
2022-03-21,90.76,90.0049,90.76,89.67,2580
2022-03-22,91.19,90.9125,91.19,90.9125,253
2022-03-23,90.29,89.5085,90.29,89.5085,2842
2022-03-24,89.63,90.391,90.42,89.63,1154
2022-03-25,90.33,90.8115,90.8115,90.22,5128
2022-03-28,90.56,90.6933,90.6933,89.88,1338
2022-03-29,92.09,93.0381,93.0381,92.09,1238
2022-03-30,92.84,91.4395,92.84,91.4395,1676
2022-03-31,90.6173,90.33868,90.6173,90.6173,67
2022-04-01,91.0219,91.0219,91.0219,91.0219,180
2022-04-04,91.05,91.0894,91.24,90.85,944
2022-04-05,91.24,89.3905,91.24,89.3905,1762
2022-04-06,88.1384,88.1384,88.1384,88.1384,175
2022-04-07,88.03,87.7095,88.03,87.37,1494
2022-04-08,88.08,87.326,88.08,87.326,1084
2022-04-11,87.0,86.9676,87.5365,86.91,671
2022-04-12,88.37,87.1448,88.37,87.1448,2879
2022-04-13,87.42,88.7041,88.72,87.42,1450
2022-04-14,89.25,87.9254,89.25,87.9254,718
2022-04-18,87.58,87.3414,87.71,86.98,58149
2022-04-19,87.52,89.303,89.303,87.52,79145
2022-04-20,89.82,89.7312,89.82,89.7312,822
2022-04-21,87.8463,87.8463,87.8463,87.8463,170
2022-04-22,86.74,85.5685,86.74,85.5685,973
2022-04-25,85.0144,86.07,86.07,84.3246,6812
2022-04-26,85.43,83.6559,85.57,83.6559,1631
2022-04-27,83.52,83.3625,83.71,83.3625,1467
2022-04-28,83.07,84.8062,84.9892,82.88,1030
2022-04-29,84.18,82.41,84.18,82.24,2264
2022-05-02,82.79,83.1417,83.1417,81.26,1716
2022-05-03,84.02,83.9263,84.19,83.46,3616
2022-05-04,84.26,86.0194,86.04,83.58,3407
2022-05-05,84.59,82.6953,84.59,82.315,6502
2022-05-06,81.4224,81.4224,81.4224,81.4224,271
2022-05-09,78.76,78.1952,78.76,78.14,7286
2022-05-10,79.53,77.9483,79.53,76.81,3986
2022-05-11,78.72,76.2898,78.77,76.2898,2143
2022-05-12,75.8,77.0485,77.0485,75.7999,689
2022-05-13,78.6,79.6203,79.85,78.6,2774
2022-05-16,79.57,79.2167,79.67,79.2167,812
2022-05-17,81.0,81.6267,81.6267,80.2,7276
2022-05-18,80.7,78.8101,80.79,78.5899,4925
2022-05-19,78.66,79.0075,79.86,78.52,53915
2022-05-20,79.19,78.7722,79.1903,77.3,22865
2022-05-23,79.46,79.4307,79.7,78.54,16237
2022-05-24,79.5,78.48,79.5,77.4,5274
2022-05-25,78.99,80.01,80.14,78.88,9370
2022-05-26,81.2,81.72,82.05,81.19,5720
2022-05-27,82.17,83.5672,83.5672,82.17,5702
2022-05-31,83.43,82.6754,83.5,82.64,6022
2022-06-01,82.18,82.2687,82.69,81.48,5063
2022-06-02,83.64,84.0291,84.0291,83.64,3557
2022-06-03,83.28,83.3197,83.3197,83.28,285
2022-06-06,83.7,83.7114,83.74,83.7,473
2022-06-07,83.54,84.754,84.77,83.54,2673
2022-06-08,84.44,83.5175,84.44,83.5175,780
2022-06-09,82.11,81.7568,82.11,81.7568,181
2022-06-10,79.66,79.5719,79.66,79.51,671
2022-06-13,77.38,75.6864,77.38,75.6864,2520
2022-06-14,76.06,75.2427,76.06,75.12,43882
2022-06-15,75.9,76.3401,76.38,75.9,550
2022-06-16,73.82,72.7486,73.82,72.45,6222
2022-06-17,73.58,73.6325,73.6325,72.9,2306
2022-06-21,75.07,74.663,75.28,74.663,4624
2022-06-22,73.7,74.49,74.7481,73.7,4522
2022-06-23,75.4232,75.4232,75.4232,75.4232,125
2022-06-24,75.99,77.9547,77.9547,75.99,3664
2022-06-27,78.3,78.1832,78.48,78.1832,3893
2022-06-28,78.41,76.93,78.41,76.93,14087
2022-06-29,76.01,75.5756,76.1441,75.5756,3159
2022-06-30,74.99,74.98801,76.11,74.66,7569
2022-07-01,75.19,76.0666,76.1,75.1508,1894
2022-07-05,74.43,76.4675,76.4675,74.4,2175
2022-07-06,75.6,75.9558,76.44,75.49,2044
2022-07-07,76.51,77.79,77.79,76.51,8374
2022-07-08,77.5,77.6645,77.93,77.5,777
2022-07-11,76.97,76.27,76.97,76.27,3351
2022-07-12,76.41,76.0474,76.66,75.86,1254
2022-07-13,75.76,75.8328,75.8328,75.76,330
2022-07-14,74.7,74.9142,74.9142,74.05,118886
2022-07-15,75.06,76.3054,76.3054,75.06,276
2022-07-18,77.26,76.2363,77.26,76.2363,472
2022-07-19,77.04,78.8489,78.8489,77.04,3180
2022-07-20,78.72,79.9961,79.9961,78.7,16797
2022-07-21,79.41,80.4216,80.4216,79.41,2872
2022-07-22,80.25,79.434,80.25,79.434,10268
2022-07-25,79.65,79.847,79.847,79.6,864
2022-07-26,79.214,79.1741,79.214,79.16,1043
2022-07-27,79.88,80.9661,80.9661,79.88,1913
2022-07-28,81.61,81.9923,81.9923,81.61,326
2022-07-29,82.14,82.7732,82.7732,82.14,327
2022-08-01,82.9594,82.7443,82.96,82.52,1954
2022-08-02,82.52,82.4158,82.61,82.4158,424
2022-08-03,83.5977,83.5977,83.5977,83.5977,168
2022-08-04,83.34,83.0353,83.34,83.0353,61960
2022-08-05,83.02,83.6845,83.6845,82.95,1468
2022-08-08,84.17,84.4857,84.4857,84.17,72471
2022-08-09,82.95,83.0842,83.0842,82.95,10759
2022-08-10,85.3838,85.4689,85.4689,85.285,345
2022-08-11,85.8288,85.8288,85.8288,85.8288,42
2022-08-12,87.2394,87.2707,87.2707,86.91,6115
2022-08-15,87.42,87.457,87.53,87.42,7980
2022-08-16,88.0477,87.7024,88.0477,87.7001,2111
2022-08-17,86.2893,86.2893,86.2893,86.2893,221
2022-08-18,86.63,86.7801,86.7801,86.63,204
2022-08-19,85.01,85.1005,85.16,85.01,943
2022-08-22,83.2124,83.2124,83.2124,83.2124,241
2022-08-23,83.3015,83.3015,83.3015,83.3015,23
2022-08-24,83.29,83.9235,84.25,83.29,1359
2022-08-25,84.66,85.0909,85.0909,83.984,30639
2022-08-26,82.52,82.4215,82.52,82.4215,152
2022-08-29,81.71,81.7546,82.01,81.7099,1028
2022-08-30,80.6,80.5988,80.6,80.59,540
2022-08-31,80.1536,80.1536,80.1536,80.1536,59
2022-09-01,78.55,79.2147,79.2147,78.31,2172
2022-09-02,78.6896,78.6896,78.6896,78.6896,191
2022-09-06,78.28,78.0514,78.28,78.0,4571
2022-09-07,78.41,79.9156,79.9156,78.41,549
2022-09-08,79.41,80.6974,80.6974,79.41,2186
2022-09-09,81.43,82.335,82.335,81.43,4174
2022-09-12,82.9501,83.3781,83.3781,82.9501,586
2022-09-13,80.89,80.1664,80.89,80.1664,1843
2022-09-14,80.06,80.2059,80.2059,80.06,927
2022-09-15,79.8503,79.8503,79.8503,79.8503,75
2022-09-16,78.71,78.541,78.71,78.2507,492
2022-09-19,78.625,79.3226,79.3226,78.625,417
2022-09-20,77.83,78.1111,78.13,77.82,1217
2022-09-21,78.55,77.055,79.14,77.055,1053
2022-09-22,75.32,75.2278,75.32,75.2278,898
2022-09-23,72.59,73.3059,73.3059,72.58,2416
2022-09-26,72.98,72.2876,72.98,72.2876,12882
2022-09-27,72.86,72.3986,72.87,72.3986,1213
2022-09-28,72.52,74.6137,74.86,72.52,1647
2022-09-29,73.61,72.8315,73.61,72.57,6754
2022-09-30,73.58,72.03075,73.58,72.3862,635
2022-10-03,74.0114,74.0114,74.0114,74.0114,148
2022-10-04,76.82,76.9618,76.9618,76.82,270
2022-10-05,75.92,76.562,76.58,75.31,1062
2022-10-06,75.88,76.0653,76.0653,75.77,5562
2022-10-07,72.3101,73.8905,74.13,72.3101,1158
2022-10-10,73.42,73.4246,73.56,73.42,1119
2022-10-11,73.32,73.3729,73.3729,73.18,424
2022-10-12,73.13,73.1222,73.37,73.1222,967
2022-10-13,71.46,74.7016,74.7016,71.46,598
2022-10-14,75.23,72.8281,75.32,72.8281,10493
2022-10-17,74.08,75.0195,75.1,74.08,2054
2022-10-18,76.59,75.9863,76.59,75.55,4046
2022-10-19,74.55,74.6287,74.6287,74.55,463
2022-10-20,75.33,73.7794,75.33,73.68,560
2022-10-21,73.93,75.2155,75.2155,73.93,453
2022-10-24,75.77,75.5656,75.77,74.92,535
2022-10-25,75.75,77.5762,77.5762,75.75,563
2022-10-26,78.58,77.8313,78.58,77.8313,156
2022-10-27,78.59,77.8564,78.6,77.8564,863
2022-10-28,79.13,79.5237,79.55,79.1299,1665
2022-10-31,79.43,79.5015,79.5015,79.43,1084
2022-11-01,80.14,79.8,80.14,79.64,2035
2022-11-02,78.98,77.3093,78.98,77.3093,1312
2022-11-03,77.06,76.8221,77.06,76.8221,2558
2022-11-04,78.15,77.6262,78.15,77.6262,436
2022-11-07,77.81,78.2559,78.2559,77.6,1978
2022-11-08,78.2508,78.3616,79.32,77.88,8880
2022-11-09,77.29,76.4547,77.54,76.4,1742
2022-11-10,79.53,81.1547,81.1547,79.53,12737
2022-11-11,82.0664,82.0664,82.0664,82.0664,18
2022-11-14,81.29,81.0862,82.02,81.0862,708
2022-11-15,82.934,82.2766,82.95,82.2766,29977
2022-11-16,81.13,80.8576,81.13,80.85,2481
2022-11-17,79.91,80.1539,80.1539,79.73,1871
2022-11-18,80.51,80.6792,80.68,80.51,2613
2022-11-21,80.27,80.3259,80.3259,80.04,8648
2022-11-22,81.98,81.4468,81.98,80.52,5870
2022-11-23,81.38,81.7981,82.03,81.24,3793
2022-11-25,82.16,82.0788,82.16,82.0788,593
2022-11-28,81.69,80.5307,81.69,80.5307,2303
2022-11-29,81.27,80.8125,81.29,80.79,4712
2022-11-30,80.54,82.8253,82.8253,80.21,4364
2022-12-01,83.41,82.9407,83.41,82.82,1326
2022-12-02,82.19,83.15,83.15,82.19,2525
2022-12-05,82.58,80.9459,82.58,80.9459,1317
2022-12-06,80.61,79.712,80.61,79.712,388
2022-12-07,80.05,79.5029,80.05,79.5029,669
2022-12-08,80.59,79.9897,80.63,79.9897,1008
2022-12-09,79.745,79.2165,79.8002,79.2165,2322
2022-12-12,79.93,80.2272,80.2272,79.927,2722
2022-12-13,80.6,80.8184,81.11,80.6,2355
2022-12-14,81.06,80.4225,81.795,80.27,831
2022-12-15,78.3619,78.3619,78.3619,78.3619,164
2022-12-16,77.77,77.7898,77.7898,77.215,5934
2022-12-19,76.92,76.6863,76.92,76.6863,571
2022-12-20,76.59,77.0455,77.35,76.59,3359
2022-12-21,78.37,78.3388,78.37,78.3388,1492
2022-12-22,78.33,77.346,78.33,76.88,12293
2022-12-23,78.01,77.7345,78.01,77.32,4682
2022-12-27,77.3062,77.19536,77.7662,77.3062,3476
2022-12-28,79.16,76.0557,79.16,76.05,11185
2022-12-29,77.0,77.8092,77.8092,77.0,1007
2022-12-30,77.28,77.5699,77.5699,77.06,3383
2023-01-03,78.59,77.2178,78.59,76.91,2306
2023-01-04,77.94,78.3412,78.79,77.92,1479
2023-01-05,77.22,77.527,77.527,77.21,961
2023-01-06,78.42,79.2834,79.41,78.42,1575
2023-01-09,80.11,79.583,80.11,79.583,7125
2023-01-10,79.35,80.5898,80.5898,79.35,213
2023-01-11,81.0,81.7178,81.7178,81.0,1227
2023-01-12,82.66,82.6815,82.73,82.03,1225
2023-01-13,82.82,83.1749,83.1749,82.82,861
2023-01-17,82.98,83.0823,83.23,82.98,914
2023-01-18,81.9698,81.9698,81.9698,81.9698,86
2023-01-19,80.82,81.0501,81.0501,80.82,3130
2023-01-20,81.03,82.5203,82.5203,81.03,1158
2023-01-23,83.42,83.7962,83.7962,83.4199,449
2023-01-24,83.4613,83.4613,83.4613,83.4613,22
2023-01-25,83.3,83.5583,83.5583,83.3,241
2023-01-26,83.66,84.2266,84.2266,83.6599,1340
2023-01-27,84.77,84.7883,84.7883,84.7699,775
2023-01-30,83.93,83.748,83.93,83.748,4968
2023-01-31,84.28,85.6863,85.6863,84.28,1567
2023-02-01,85.82,87.44,88.05,85.82,672621
2023-02-02,88.4009,88.8897,89.375,88.4009,9442
2023-02-03,88.85,88.1667,89.16,88.1,9279
2023-02-06,87.01,86.9383,87.01,86.87,1670
2023-02-07,86.7,87.765,87.765,86.7,3276
2023-02-08,86.9586,86.6263,86.9586,86.6263,886
2023-02-09,86.84,85.4119,86.84,85.37,2368
2023-02-10,84.85,85.2551,85.2551,84.85,7058
2023-02-13,84.98,86.2567,86.2567,84.98,1062
2023-02-14,87.0,86.5456,87.0,86.5456,1548
2023-02-15,85.98,87.3205,87.339,85.98,1479
2023-02-16,86.4,86.5236,87.36,86.4,2671
2023-02-17,86.42,86.5142,86.6,85.76,6533
2023-02-21,85.96,84.12,85.96,84.0,9008
2023-02-22,84.96,84.44,84.96,84.08,14591
2023-02-23,85.52,84.84,85.52,83.71,10354
2023-02-24,84.18,84.109,84.18,83.5,8660
2023-02-27,85.5,84.3939,85.5,84.34,23135
2023-02-28,85.0,84.5288,85.0,84.5288,1367
2023-03-01,84.56,84.4397,84.56,84.4,2691
2023-03-02,84.1,84.7427,84.7427,84.01,1161
2023-03-03,85.5,85.857,85.94,85.5,2152
2023-03-06,85.0511,84.7225,85.08,84.7225,1841
2023-03-07,84.66,83.7174,84.86,83.7174,866
2023-03-08,84.43,83.7454,84.43,83.1901,11762
2023-03-09,83.62,81.5018,83.62,81.5018,6058
2023-03-10,80.19,79.1174,80.19,78.99,2770
2023-03-13,76.99,77.9178,78.66,76.99,3943
2023-03-14,80.19,79.1846,80.2598,78.93,1763
2023-03-15,77.44,77.7555,77.7555,77.02,3108
2023-03-16,77.0,79.0749,79.125,77.0,1797
2023-03-17,77.32,77.2435,77.4208,77.2435,1953
2023-03-20,78.7,78.2415,78.78,78.2415,2119
2023-03-21,79.476,79.7607,79.78,79.476,15251
2023-03-22,79.3,77.8134,79.3,77.8134,1976
2023-03-23,78.8086,77.3204,78.8086,77.3204,1374
2023-03-24,76.5,77.7041,77.78,76.5,2264
2023-03-27,78.26,78.5719,78.86,78.1,15435
2023-03-28,79.12,78.6419,79.12,78.28,3263
2023-03-29,79.37,79.6528,79.6528,79.34,4085
2023-03-30,79.78,79.781,79.781,79.6,1326
2023-03-31,81.2925,80.94698,81.2925,81.2925,457
2023-04-03,80.51,80.9059,80.9059,80.51,1528
2023-04-04,80.555,79.6173,80.555,79.42,3575
2023-04-05,79.06,78.9695,79.16,78.5,5490
2023-04-06,78.44,78.9221,79.075,78.44,3551
2023-04-10,79.12,79.74,79.74,79.12,11302
2023-04-11,81.0,80.38,81.0,79.93,10229
2023-04-12,80.53,79.8141,80.76,79.8141,6705
2023-04-13,79.4,80.66,80.8,79.4,10005
2023-04-14,80.07,80.14,81.2,79.62,15438
2023-04-17,79.69,80.96,80.96,79.69,9462
2023-04-18,82.2,80.9042,82.2,80.56,2127
2023-04-19,80.99,81.16,81.17,80.99,3601
2023-04-20,80.79,80.6672,80.87,80.56,1605
2023-04-21,80.52,80.8128,80.8128,80.52,1649
2023-04-24,80.9318,80.7272,80.9318,80.52,3627
2023-04-25,79.98,78.9162,79.98,78.9162,1068
2023-04-26,78.68,78.2707,78.88,78.2707,6342
2023-04-27,78.88,79.3048,79.33,78.82,2431
2023-04-28,79.6,80.0437,80.2394,79.6,1506
2023-05-01,80.32,80.0926,80.32,79.94,830
2023-05-02,79.61,78.743,79.61,78.14,1182
2023-05-03,79.16,78.6495,79.52,78.6495,9355
2023-05-04,77.45,77.6502,78.1,77.28,15895
2023-05-05,79.12,79.411,79.58,78.98,22851
2023-05-08,80.32,79.3267,80.32,78.98,5618
2023-05-09,79.4,78.9621,79.4,78.66,4473
2023-05-10,79.08,79.2206,79.2206,78.66,1857
2023-05-11,78.45,78.5789,78.66,78.4,2015
2023-05-12,79.6,78.421,79.6,77.96,3011
2023-05-15,78.97,79.3332,79.66,78.97,2701
2023-05-16,78.69,78.1942,78.69,78.1942,5055
2023-05-17,78.74,79.6914,79.73,78.74,3111
2023-05-18,79.88,80.3771,80.3771,79.6,2484
2023-05-19,80.38,79.6666,80.38,79.41,3378
2023-05-22,79.7701,80.3592,80.64,79.7701,1615
2023-05-23,80.8401,79.7537,80.8401,79.7537,1986
2023-05-24,78.78,78.8123,79.0,78.6256,3244
2023-05-25,78.77,78.5082,78.77,78.4,2369
2023-05-26,78.99,79.4011,79.4011,78.9,639737
2023-05-30,79.39,79.3482,79.48,79.18,3441
2023-05-31,78.42,78.5222,78.6,78.0054,1157
2023-06-01,79.31,79.2537,79.46,79.2537,1380
2023-06-02,80.3,81.8096,81.8096,80.27,1337
2023-06-05,81.3,81.8096,81.18,80.8001,1497
2023-06-06,82.6599,82.89,82.89,82.6599,899
2023-06-07,83.6,84.0588,84.0588,83.36,1732
2023-06-08,84.21,83.7517,84.21,83.56,2775
2023-06-09,83.15,83.1849,83.1849,83.15,650
2023-06-12,83.84,83.6694,83.84,83.6694,312
2023-06-13,84.636,84.7124,84.86,84.636,2459
2023-06-14,84.13,83.9634,84.14,83.96,591
2023-06-15,83.82,84.4582,84.68,83.82,3641
2023-06-16,85.0,84.2957,85.0,84.02,2831
2023-06-20,83.96,83.7513,83.96,83.72,827
2023-06-21,83.73,83.5513,83.74,83.5513,941
2023-06-22,83.08,82.9559,83.25,82.9559,4347
2023-06-23,82.5,81.8013,82.5,81.8013,3820
2023-06-26,82.51,82.4211,83.0,82.4211,633284
2023-06-27,82.52,83.849,83.8692,82.5,2425
2023-06-28,84.12,84.0568,84.12,83.45,6212
2023-06-29,84.47,85.0164,85.12,84.47,14226
2023-06-30,85.56,85.36934,85.88,85.56,3421
2023-07-03,85.66,85.6545,85.9999,85.64,2476
2023-07-05,84.82,84.8248,85.02,84.82,2293
2023-07-06,83.86,83.6699,83.88,83.168,5453
2023-07-07,85.21,84.5195,85.21,84.5195,1258
2023-07-10,84.0,85.8156,85.8156,84.0,1807
2023-07-11,86.0,86.9441,86.9441,86.0,1955
2023-07-12,87.65,87.6199,87.8,87.58,2817
2023-07-13,88.1671,88.2828,88.2828,88.1671,493
2023-07-14,88.68,87.3922,88.68,87.23,2105
2023-07-17,86.76,88.0933,88.1602,86.76,1825
2023-07-18,88.84,88.9842,89.0134,88.44,1323
2023-07-19,89.18,89.313,89.37,89.17,875
2023-07-20,88.41,88.7115,88.7115,88.38,922
2023-07-21,88.5553,88.4011,88.6399,88.38,9066
2023-07-24,88.75,88.5986,88.7594,88.41,2104
2023-07-25,88.1,88.6223,88.941,88.1,1648
2023-07-26,88.865,89.0684,89.0684,88.72,31318
2023-07-27,89.03,87.9565,89.11,87.86,5373
2023-07-28,88.96,89.0742,89.13,88.82,32711
2023-07-31,89.58,89.8904,89.8904,89.5,2856
2023-08-01,89.42,89.5036,89.51,89.02,3843
2023-08-02,88.94,88.2649,88.94,88.1,2225
2023-08-03,87.42,87.903,87.9444,87.29,2015
2023-08-04,88.12,87.7141,88.7,87.7141,4330
2023-08-07,88.01,88.2053,88.2053,88.0,3133
2023-08-08,86.98,87.4274,87.4274,86.49,2855
2023-08-09,87.96,86.8067,87.96,86.79,2599
2023-08-10,87.45,86.6991,88.37,86.47,2774
2023-08-11,86.4,86.6776,86.859,86.4,757
2023-08-14,86.68,86.7643,86.7643,86.0,4118
2023-08-15,87.06,85.7075,87.06,85.68,15141
2023-08-16,85.82,84.7173,85.82,84.7173,14697
2023-08-17,85.04,83.6933,85.04,83.6933,8814
2023-08-18,83.64,83.9649,84.08,83.57,1930
2023-08-21,83.82,84.0569,84.28,83.38,4221
2023-08-22,84.48,83.7844,84.48,83.69,9307
2023-08-23,83.68,84.56,84.66,83.68,2190
2023-08-24,84.36,83.7318,84.66,83.7318,6423
2023-08-25,84.26,84.0402,84.26,83.76,2434
2023-08-28,84.64,84.6962,85.08,84.62,3905
2023-08-29,85.18,85.9067,86.0,84.74,5177
2023-08-30,85.8,86.2798,86.38,85.8,3177
2023-08-31,86.89,86.3713,86.89,86.301,3502
2023-09-01,87.3,87.3243,87.45,87.14,1570
2023-09-05,87.2,85.6548,87.2,85.6548,1445
2023-09-06,85.98,85.2866,85.98,85.0,4472
2023-09-07,84.58,84.5192,84.58,84.43,1701
2023-09-08,84.44,84.3391,84.699,84.3391,1006
2023-09-11,84.64,84.4669,84.97,84.4669,1704
2023-09-12,84.67,84.4833,84.67,84.46,1322
2023-09-13,84.44,83.8617,84.44,83.84,3117
2023-09-14,84.6739,84.88,84.88,84.6719,1978
2023-09-15,84.33,84.0537,84.33,84.04,1603
2023-09-18,83.82,83.7348,83.92,83.7348,1162
2023-09-19,83.81,83.46,83.81,83.31,1334
2023-09-20,84.02,82.7409,84.1,82.74,4404
2023-09-21,81.77,81.2799,81.77,81.2799,42653
2023-09-22,81.37,81.0769,81.5,81.0769,5637
2023-09-25,80.9,81.416,81.416,80.9,5706
2023-09-26,80.82,80.3278,80.82,80.3278,4266
2023-09-27,81.0,80.82,81.0,80.4203,4995
2023-09-28,81.96,81.6993,81.96,81.32,5891
2023-09-29,83.11,81.09274,83.11,81.4196,6024
2023-10-02,81.32,80.24,81.32,80.08,6501
2023-10-03,79.76,78.5476,79.76,78.48,7937
2023-10-04,78.91,78.8572,78.94,78.32,5236
2023-10-05,78.94,78.7453,78.94,78.4,3290
2023-10-06,78.48,79.498,79.7,78.084,5031
2023-10-09,79.04,80.06,80.33,79.04,12632
2023-10-10,80.52,80.9357,81.38,80.52,2355
2023-10-11,81.6,81.0598,81.6,80.49,4030
2023-10-12,81.68,79.4244,81.68,79.0,2753
2023-10-13,79.54,78.8128,79.54,78.7,2396
2023-10-16,79.64,80.1762,80.1762,79.64,1381
2023-10-17,80.44,81.0649,81.38,80.44,1438
2023-10-18,79.84,79.2785,79.84,79.2785,783
2023-10-19,79.77,78.1277,79.77,78.1277,2759
2023-10-20,77.96,77.1414,77.96,77.1414,4292
2023-10-23,76.56,76.5414,77.24,76.4,1266
2023-10-24,77.04,77.0652,77.3752,76.9398,2908
2023-10-25,76.4,75.692,76.4,75.692,3927
2023-10-26,76.12,75.9244,76.28,75.9244,3132
2023-10-27,75.8,74.9264,75.8,74.88,2198
2023-10-30,76.31,75.5389,76.31,75.12,1836
2023-10-31,75.88,76.35,76.46,75.8,2024
2023-11-01,76.68,76.7575,76.7575,75.78,6495
2023-11-02,78.06,78.4967,78.4967,77.62,1481
2023-11-03,80.1,80.4502,80.96,80.1,3051
2023-11-06,79.84,79.4719,79.84,79.19,645
2023-11-07,79.06,79.4116,79.4116,79.06,1131
2023-11-08,79.14,78.8847,79.3,78.88,2740
2023-11-09,78.98,77.8105,79.05,77.8105,1088
2023-11-10,78.04,78.7369,78.7369,77.95,1776
2023-11-13,78.26,78.7108,78.7108,78.26,775
2023-11-14,81.13,82.3602,82.3602,80.76,5366
2023-11-15,83.255,82.7678,83.75,82.7678,1512
2023-11-16,82.26,81.1428,82.26,81.12,2584
2023-11-17,82.4,82.5648,82.5648,82.4,1618
2023-11-20,82.8,82.8759,83.05,82.8,4183
2023-11-21,82.1,81.9554,82.26,81.94,9064
2023-11-22,82.6,82.4801,82.6,82.22,6636
2023-11-24,82.8601,82.869,82.9299,82.84,2927
2023-11-27,82.6199,82.806,82.89,82.6199,2907
2023-11-28,82.94,82.679,82.94,82.3,3420
2023-11-29,83.59,83.1606,83.9197,83.1606,4033
2023-11-30,83.56,83.5388,83.78,83.31,11940
2023-12-01,84.5075,86.1875,86.1875,84.44,5719
2023-12-04,86.33,87.0988,87.0988,86.2,4560
2023-12-05,87.04,85.7804,87.04,85.66,4532
2023-12-06,86.58,85.7206,86.76,85.7206,3371
2023-12-07,85.76,86.4295,86.4295,85.76,1293
2023-12-08,86.5799,86.9872,87.22,86.5799,2358
2023-12-11,86.79,87.393,87.4401,86.79,3224
2023-12-12,87.06,87.1798,87.51,87.0325,4188
2023-12-13,87.7,90.1401,90.16,86.74,4928
2023-12-14,92.2,92.7191,93.06,92.2,9865
2023-12-15,92.55,92.0471,92.7,91.71,4470
2023-12-18,92.22,91.8933,92.3844,91.86,6465
2023-12-19,93.01,93.6329,93.6329,93.01,1850
2023-12-20,93.58,91.8426,94.18,91.8426,4408
2023-12-21,92.82,93.3983,93.3983,92.82,1646
2023-12-22,94.4,94.055,94.4401,93.9,5151
2023-12-26,94.31,94.7306,95.2099,94.31,5418
2023-12-27,95.67,94.8749,95.67,94.702,3791
2023-12-28,94.74,94.72,95.07,94.4,23815
2023-12-29,94.85,93.4977,94.85,93.4977,3853
2024-01-02,93.56,92.8121,93.6,92.8121,2965
2024-01-03,91.03,90.2368,91.03,90.2368,2679
2024-01-04,90.3,90.2384,90.4964,90.2384,3126
2024-01-05,90.55,90.2403,90.55,90.15,1199
2024-01-08,90.1,91.8187,91.8187,90.1,8644
2024-01-09,90.77,90.9331,91.1797,90.58,3326
2024-01-10,90.93,91.0608,91.2399,90.84,1627
2024-01-11,91.18,90.3247,91.18,89.42,7876
2024-01-12,91.2,90.1279,91.39,89.98,7273
2024-01-16,88.95,89.0691,89.18,88.9,2046
2024-01-17,88.43,88.4497,88.479,87.82,4089
2024-01-18,88.7979,88.9296,88.9296,87.9006,5063
2024-01-19,88.58,89.7654,89.7654,88.4599,2560
2024-01-22,90.59,91.4373,91.4373,90.58,7083
2024-01-23,92.11,91.2055,92.11,90.88,3608
2024-01-24,91.32,90.2534,91.3603,90.2534,2033
2024-01-25,90.42,90.8062,90.8199,90.34,1494
2024-01-26,91.17,90.9526,91.17,90.94,1101
2024-01-29,90.88,92.1921,92.1921,90.88,1826
2024-01-30,91.65,91.5815,91.7399,91.4,1645
2024-01-31,90.83,89.5025,91.35,89.5025,3731
2024-02-01,90.3,90.2704,90.3,89.5599,2564
2024-02-02,89.56,90.0828,90.0828,89.51,1324
2024-02-05,89.12,88.7458,89.16,88.16,2224
2024-02-06,88.8,89.4577,89.46,88.8,4207
2024-02-07,89.48,89.4727,89.53,88.94,3211
2024-02-08,89.5,90.5337,90.5337,89.5,2656
2024-02-09,91.17,91.5239,91.62,90.6402,2045
2024-02-12,92.88,93.0923,93.3225,92.8,3144
2024-02-13,89.7,89.483,90.51,89.4,2185
2024-02-14,90.5,91.3291,91.559,90.5,4348
2024-02-15,92.65,93.2305,93.2305,92.6,739
2024-02-16,92.11,92.3371,93.0,92.11,2449
2024-02-20,91.59,91.2753,91.59,91.13,723
2024-02-21,90.93,90.9861,90.9861,90.78,1723
2024-02-22,91.41,91.4192,91.5947,91.18,2703
2024-02-23,91.56,91.6919,92.0,91.54,1758
2024-02-26,92.0,91.9438,92.0,91.9438,1316
2024-02-27,92.54,92.8587,92.8587,92.54,1671
2024-02-28,92.68,92.1659,92.72,91.95,5919
2024-02-29,93.12,92.6562,93.12,92.18,1043
2024-03-01,93.1462,93.1791,93.1791,93.12,1554
2024-03-04,93.32,93.0184,93.32,93.0184,904
2024-03-05,92.73,92.4655,92.73,92.4655,942
2024-03-06,92.8,92.8297,93.1198,92.8,2431
2024-03-07,93.62,93.6453,93.79,93.58,2189
2024-03-08,94.69,93.603,94.7397,93.3525,1507
2024-03-11,93.32,93.2174,93.3284,93.16,1431
2024-03-12,92.64,93.0092,93.0092,92.46,1418
2024-03-13,93.52,92.9562,93.52,92.9562,2031
2024-03-14,92.84,91.3425,92.84,90.9798,1601
2024-03-15,91.04,91.643,91.86,91.04,3608
2024-03-18,92.0,91.4817,92.0,91.4817,1678
2024-03-19,91.0,92.1733,92.25,91.0,1508
2024-03-20,92.13,93.7351,93.7351,92.13,3792
2024-03-21,94.9201,94.72,94.9201,94.7,3163
2024-03-22,93.6801,93.6099,93.7794,93.6099,870
2024-03-25,93.6,93.568,93.8984,93.568,1073
2024-03-26,94.01,93.4,94.01,93.34,6082
2024-03-27,94.32,95.4739,95.4739,94.32,2139
2024-03-28,96.27,95.6651,96.27,95.96,4246
2024-04-01,95.86,94.7103,95.86,94.62,1740
2024-04-02,93.2197,93.0001,93.2197,92.74,1389
2024-04-03,92.05,93.4348,93.62,92.05,2807
2024-04-04,94.44,92.5613,94.44,92.5613,3324
2024-04-05,92.52,92.993,93.195,92.52,2263
2024-04-08,92.89,93.59,93.73,92.89,8677
2024-04-09,94.02,94.1768,94.1768,93.94,1106
2024-04-10,91.67,91.7632,91.81,91.27,4009
2024-04-11,91.34,92.1718,92.2216,91.24,3771
2024-04-12,91.05,90.502,91.05,90.502,1243
2024-04-15,89.79,89.4444,89.79,89.1,1688
2024-04-16,88.6,88.869,89.3,88.6,5490
2024-04-17,89.47,88.2858,89.47,88.2858,1415
2024-04-18,88.6824,88.1803,88.6824,88.18,2376
2024-04-19,88.44,88.7732,88.87,88.44,1980
2024-04-22,89.64,89.6225,89.76,89.61,1163
2024-04-23,91.04,91.0394,91.28,91.0394,4441
2024-04-24,90.99,90.9566,90.99,90.44,1698
2024-04-25,89.95,90.199,90.199,89.88,2009
2024-04-26,89.9,90.8798,91.0756,89.9,2642
2024-04-29,91.484,91.3778,91.71,91.09,2177
2024-04-30,90.72,89.7522,90.72,89.7522,2719
2024-05-01,89.54,89.9205,90.93,89.54,1274
2024-05-02,90.4,91.3228,91.3228,90.4,1347
2024-05-03,92.56,92.2867,92.75,92.12,6751
2024-05-06,93.2503,93.34,93.39,93.2503,2216
2024-05-07,93.5944,93.5944,93.5944,93.5944,622
2024-05-08,93.13,93.2967,93.2967,92.94,2281
2024-05-09,93.84,94.225,94.225,93.78,3150
2024-05-10,94.2,93.736,94.2,93.46,2245
2024-05-13,94.58,94.1031,94.58,94.0801,1399
2024-05-14,95.26,95.425,95.425,95.0497,723
2024-05-15,95.89,95.8654,95.89,95.72,1349
2024-05-16,95.295,95.2358,95.3601,95.2358,1623
2024-05-17,95.25,95.0588,95.25,95.0001,3764
2024-05-20,95.02,95.2556,95.44,95.02,1688
2024-05-21,94.97,95.0484,95.0484,94.9195,1938
2024-05-22,94.7097,94.2496,94.905,94.2496,2763
2024-05-23,93.61,92.8246,93.61,92.8246,627
2024-05-24,93.5962,93.7102,93.7102,93.48,1038
2024-05-28,94.37,93.487,94.37,93.34,3433
2024-05-29,92.53,92.1964,92.54,92.1964,34924
2024-05-30,92.5,93.299,93.3938,92.5,2820
2024-05-31,93.7,94.2457,94.2457,93.41,902
2024-06-03,95.83,93.9041,95.83,93.7,1403
2024-06-04,93.22,92.7735,93.22,92.7735,1054
2024-06-05,93.5896,93.9032,93.9032,93.5896,829
2024-06-06,93.65,93.6818,93.6818,93.49,1056
2024-06-07,92.8376,92.5421,92.8376,92.26,1189
2024-06-10,91.92,92.604,92.604,91.92,1684
2024-06-11,91.56,92.3489,92.35,91.56,2241
2024-06-12,94.54,93.8089,94.82,93.8089,3277
2024-06-13,92.61,92.8494,92.8494,92.61,1502
2024-06-14,91.75,91.3581,91.75,91.1444,2059
2024-06-17,91.27,92.0566,92.06,91.27,3114
2024-06-18,91.82,92.0936,92.369,91.82,1707
2024-06-20,92.08,91.6657,92.08,91.54,13348
2024-06-21,91.41,91.8659,91.8659,91.41,23837
2024-06-24,92.38,92.6571,92.92,92.38,4166
2024-06-25,92.04,91.8633,92.04,91.7174,1473
2024-06-26,91.26,91.7746,91.7746,91.26,1848
2024-06-27,91.61,92.1898,92.1898,91.61,5651
2024-06-28,92.52,92.36124,92.6958,92.24,4661
2024-07-01,91.68,91.6382,91.68,91.6382,319
2024-07-02,91.9,92.0324,92.05,91.62,5044
2024-07-03,92.21,92.0646,92.21,92.0646,479
2024-07-05,91.61,91.732,91.732,91.46,2101
2024-07-08,92.72,92.1045,92.72,92.1,19638
2024-07-09,91.75,91.5916,91.9763,91.52,5225
2024-07-10,91.93,92.5653,92.5653,91.93,3245
2024-07-11,94.28,95.6551,95.6551,94.28,4736
2024-07-12,96.56,96.5586,97.12,96.5586,2054
2024-07-15,96.91,97.8683,98.31,96.91,6915
2024-07-16,99.42,100.9942,100.9942,99.42,1055
2024-07-17,100.43,100.1001,100.56,100.1001,1144
2024-07-18,99.4511,98.4581,99.4512,98.06,2297
2024-07-19,98.3,97.9,98.36,97.54,18893
2024-07-22,97.762,99.3086,99.32,97.762,7546
2024-07-23,98.51,99.8998,100.179,98.51,1945
2024-07-24,99.75,97.829,99.75,97.829,3083
2024-07-25,100.1201,99.07,100.45,99.07,1664
2024-07-26,101.27,100.5992,101.27,99.87,2225
2024-07-29,100.63,100.0624,100.63,100.0624,777
2024-07-30,100.34,100.4723,100.4723,100.2941,1081
2024-07-31,100.43,100.9568,101.64,100.43,12956
2024-08-01,101.14,98.0269,101.14,97.72,2122
2024-08-02,94.75,94.9055,95.19,94.5035,6447
2024-08-05,90.18,92.0337,93.0,89.0,2471
2024-08-06,92.1,93.1264,93.8715,92.1,2734
2024-08-07,94.16,92.0156,94.26,92.0156,4078
2024-08-08,92.62,94.0572,94.0572,92.62,1639
2024-08-09,94.3438,94.2097,94.3994,94.2097,1500
2024-08-12,94.07,93.2028,94.07,93.2028,2015
2024-08-13,94.46,94.79,94.79,94.46,1429
2024-08-14,95.0,94.4362,95.01,94.11,2694
2024-08-15,96.06,96.5137,96.8659,96.039,1738
2024-08-16,96.6,96.7193,96.85,96.41,925
2024-08-19,97.325,97.7428,97.7428,97.325,1206
2024-08-20,96.6136,96.6983,96.6983,96.6136,1286
2024-08-21,97.12,97.9474,97.9474,97.05,1952
2024-08-22,97.559,97.032,97.559,97.032,1558
2024-08-23,100.08,99.8616,100.08,99.45,1028
2024-08-26,100.62,99.7579,100.62,99.7579,6244
2024-08-27,99.06,99.2636,99.39,99.0456,1990
2024-08-28,98.955,98.7647,98.9599,98.7647,1139
2024-08-29,99.8701,99.2259,100.1,99.2259,647
2024-08-30,98.925,99.8861,99.8861,98.925,548
2024-09-03,98.87,97.0544,98.87,97.0544,1737
2024-09-04,97.29,97.1542,97.3228,97.0,1230
2024-09-05,96.394,96.3791,96.73,96.34,2998
2024-09-06,94.91,94.8262,95.0607,94.8262,1264
2024-09-09,95.62,95.0936,95.77,95.0936,730
2024-09-10,94.675,94.8941,94.8941,94.675,600
2024-09-11,93.8194,95.1939,95.1939,93.8194,1035
2024-09-12,95.97,96.2944,96.51,95.97,812
2024-09-13,98.54,98.6438,98.6438,98.26,2040
2024-09-16,99.27,99.1792,99.27,98.9801,1099
2024-09-17,99.91,99.8,100.58,99.54,3629
2024-09-18,99.6984,99.8665,99.8665,99.6984,525
2024-09-19,101.32,101.6689,101.75,101.15,1711
2024-09-20,101.14,100.9146,101.1782,100.9146,1798
2024-09-23,101.58,100.9369,101.58,100.9,2120
2024-09-24,101.38,101.0839,101.38,100.94,1034
2024-09-25,100.84,99.937,100.84,99.937,961
2024-09-26,100.815,100.6406,100.815,100.6406,428
2024-09-27,101.17,101.3071,102.025,100.9013,1420
2024-09-30,101.285,101.0851,101.4516,100.6,2615
2024-10-01,99.5,99.6908,99.6908,99.35,39931
2024-10-02,99.02,99.501,99.66,99.02,1545
2024-10-03,98.54,98.848,99.08,98.5,3091
2024-10-04,100.19,100.1487,100.19,99.64,4258
2024-10-07,99.66,99.341,99.66,99.341,1139
2024-10-08,99.44,99.4173,99.7,99.26,2959
2024-10-09,99.57,99.7206,100.22,99.4353,2838
2024-10-10,98.48,99.2045,99.2045,98.48,1208
2024-10-11,99.97,101.0721,101.0721,99.93,2824
2024-10-14,100.79,101.7827,101.7827,100.79,2470
2024-10-15,101.47,101.8449,102.0,101.47,2812
2024-10-16,103.19,103.2573,103.35,103.16,1955
2024-10-17,102.91,103.0302,103.065,102.69,2273
2024-10-18,103.2,102.9192,103.2,102.89,1277
2024-10-21,102.36,101.2949,102.36,101.2949,3459
2024-10-22,100.6,100.7573,100.982,100.51,3231
2024-10-23,100.41,100.0244,100.41,99.2967,2046
2024-10-24,100.4199,100.305,100.4199,100.03,615
2024-10-25,100.82,99.768,100.82,99.768,987
2024-10-28,101.21,101.3382,101.38,101.21,1414
2024-10-29,100.82,101.06,101.08,100.71,2736
2024-10-30,101.89,100.9603,101.89,100.9603,1126
2024-10-31,100.88,99.5681,100.88,99.5681,2651
2024-11-01,100.55,99.764,100.55,99.7089,4844
2024-11-04,100.44,100.1367,100.7149,100.1367,1001
2024-11-05,100.68,101.7142,101.73,100.56,8107
2024-11-06,106.98,106.9554,106.98,105.96,2678
2024-11-07,107.66,106.86,107.66,106.86,3147
2024-11-08,107.37,107.5607,107.5607,107.28,2137
2024-11-11,108.44,109.08,109.31,108.44,3238
2024-11-12,108.615,107.4768,108.615,107.3375,12186
2024-11-13,108.38,106.8121,108.479,106.8121,2939
2024-11-14,106.7,105.5655,106.7,105.5655,3398
2024-11-15,104.68,104.474,104.6801,104.474,1012
2024-11-18,104.82,104.6668,105.02,104.6668,6531
2024-11-19,104.455,105.1105,105.1105,104.455,1264
2024-11-20,104.73,105.2565,105.2565,104.25,2968
2024-11-21,105.875,107.0421,107.1581,105.875,2711
2024-11-22,108.37,109.0048,109.0048,108.35,1454
2024-11-25,110.19,110.9547,111.74,110.19,2970
2024-11-26,110.42,110.039,110.42,109.73,4711
2024-11-27,110.89,109.992,110.89,109.93,7593
2024-11-29,110.82,110.35,110.82,110.28,1852
2024-12-02,110.35,110.1949,110.35,109.87,649
2024-12-03,110.53,109.5954,110.53,109.435,4076
2024-12-04,109.73,109.882,110.1,109.73,1367
2024-12-05,109.19,108.4,109.29,108.4,1296
2024-12-06,109.1,108.8603,109.1,108.59,1824
2024-12-09,109.7206,108.2911,109.7206,108.2911,1245
2024-12-10,108.28,107.6016,108.36,107.6016,848
2024-12-11,107.975,108.2735,108.52,107.9694,1570
2024-12-12,107.5866,107.14,107.5866,107.14,1030
2024-12-13,107.03,106.4498,107.03,106.07,2445
2024-12-16,106.4,106.9044,106.9044,106.4,1866
2024-12-17,106.49,105.5838,106.49,105.41,1344
2024-12-18,106.1,101.3962,106.1,101.3962,6759
2024-12-19,102.67,100.9506,102.67,100.9506,3784
2024-12-20,101.13,101.6838,102.62,101.13,2308
2024-12-23,101.61,101.6438,101.6438,101.35,2984
2024-12-24,102.11,102.5538,102.5538,102.11,682
2024-12-26,102.5501,102.94895,103.4111,102.5501,1559
2024-12-27,102.65,101.3401,102.65,100.76,3457
2024-12-30,100.42,100.72,101.04,99.88,3416
2024-12-31,101.2044,100.8229,101.2044,100.79,3003
2025-01-02,101.54,100.78,102.0599,100.37,1883
2025-01-03,101.9425,102.2437,102.2437,101.93,979
2025-01-06,102.67,102.2648,103.33,102.2648,1599
2025-01-07,101.91,101.5395,101.97,101.358,1248
2025-01-08,100.32,101.3,101.3,100.24,2442
2025-01-10,99.67,99.411,99.78,98.84,12814
2025-01-13,98.24,99.889,99.889,98.24,1851
2025-01-14,100.85,101.0797,101.0797,100.0707,2738
2025-01-15,102.93,102.9398,102.98,102.77,3079
2025-01-16,103.19,103.2591,103.2591,102.9403,2292
2025-01-17,104.13,103.762,104.13,103.52,2020
2025-01-21,104.52,105.5972,105.5972,104.52,6965
2025-01-22,105.34,104.9551,105.34,104.93,1920
2025-01-23,104.68,105.2836,105.2836,104.68,3550
2025-01-24,105.24,104.9788,105.5,104.87,2715
2025-01-27,104.21,103.8597,104.23,103.8597,3887
2025-01-28,103.92,104.0345,104.2659,103.66,5953
2025-01-29,104.46,103.7974,104.46,103.23,4208
2025-01-30,104.92,105.0077,105.5202,104.59,2229
2025-01-31,104.99,104.1352,105.42,103.92,3550
2025-02-03,101.82,102.773,103.24,101.53,5010
2025-02-04,102.87,104.1062,104.12,102.87,2388
2025-02-05,104.6,104.927,105.0,104.54,2788
2025-02-06,105.24,104.574,105.26,104.395,2170
2025-02-07,104.88,103.3974,104.88,103.3401,5672
2025-02-10,103.73,103.74,103.859,103.49,3354
2025-02-11,103.14,103.1889,103.65,103.12,5302
2025-02-12,101.94,102.3504,102.3504,101.94,1147
2025-02-13,102.85,103.4556,103.4556,102.64,1607
2025-02-14,103.39,103.3195,103.49,103.3195,1226
2025-02-18,103.13,104.1124,104.14,103.13,2302
2025-02-19,103.6991,103.6713,103.74,103.455,3774
2025-02-20,102.463,102.7987,102.88,102.41,2654
2025-02-21,101.6,100.0607,101.82,100.0607,782
2025-02-24,99.32,99.5552,100.07,99.32,2130
2025-02-25,99.0,99.2899,99.2899,99.0,3067
2025-02-26,100.1008,99.1722,100.15,98.96,1915
2025-02-27,99.56,97.92,99.56,97.92,4824
2025-02-28,98.07,98.7938,98.7938,97.6201,1320
2025-03-03,99.25,96.4858,99.26,96.16,4666
2025-03-04,95.58,95.3088,96.34,94.16,1848
2025-03-05,95.84,96.336,96.336,94.68,2267
2025-03-06,95.28,94.9792,96.175,94.74,2081
2025-03-07,95.02,95.5361,95.581,93.55,5902
2025-03-10,94.27,93.28,94.71,92.59,3890
2025-03-11,93.67,93.0806,93.67,92.38,8120
2025-03-12,92.92,92.8782,93.48,92.5524,2746
2025-03-13,93.17,91.4111,93.17,91.4111,2255
2025-03-14,92.55,93.74,93.74,92.55,3981
2025-03-17,93.78,94.9395,95.04,93.78,1666
2025-03-18,94.68,94.161,94.68,93.9475,6015
2025-03-19,94.5,95.5439,95.94,94.1,1396
2025-03-20,95.74,95.0046,95.79,95.0,5746
2025-03-21,93.92,94.3918,94.57,93.91,2415
2025-03-24,95.71,96.7229,96.7229,95.71,2548
2025-03-25,96.7,96.2989,96.7,96.2989,1145
2025-03-26,96.86,95.5841,96.9,95.23,10851
2025-03-27,94.76,95.1326,95.88,94.76,3227
2025-03-28,94.3,93.2067,94.3,92.7,4444
2025-03-31,92.33,93.01313,93.35,92.08,1832
2025-04-01,92.28,93.0352,93.4,91.9,1243
2025-04-02,92.58,94.6225,94.6225,92.58,2929
2025-04-03,90.16,88.2917,90.39,88.2917,2888
2025-04-04,85.18,84.0946,85.18,82.54,320785
2025-04-07,80.96,83.16,85.07,80.96,8764
2025-04-08,86.84,80.6567,86.84,80.04,6249
2025-04-09,80.62,88.0321,91.8199,79.54,26947
2025-04-10,85.78,84.1158,85.819,83.239,11653
2025-04-11,83.97,85.5026,85.5999,83.017,10984
