2017-11-17,23.5,23.57,23.7,23.5,8873
2017-11-20,23.59,23.51,23.6,23.38,5408
2017-11-21,23.5,23.44,23.5,23.43,5717
2017-11-22,23.53,23.55,23.61,23.45,15085
2017-11-24,NaN,23.55,NaN,NaN,61
2017-11-27,23.64,23.41,23.64,23.41,14729
2017-11-28,23.5,23.46,23.5605,23.31,9736
2017-11-29,23.42,23.09,23.42,23.01,29703
2017-11-30,23.19,22.9,23.2899,22.74,50696
2017-12-01,22.88,23.0,23.0,22.88,17639
2017-12-04,23.08,23.06,23.2,23.01,24662
2017-12-05,23.1,23.0,23.15,23.0,15061
2017-12-06,23.04,23.01,23.0486,22.9015,61575
2017-12-07,23.0,23.05,23.1232,22.906,18340
2017-12-08,23.14,23.12,23.26,23.05,21519
2017-12-11,23.13,23.3092,23.36,23.1201,35471
2017-12-12,23.33,23.2799,23.34,23.17,21950
2017-12-13,23.33,23.36,23.4293,23.2893,21601
2017-12-14,23.36,23.37,23.43,23.2114,17399
2017-12-15,23.3953,23.3657,23.45,23.278,8848
2017-12-18,23.48,23.45,23.7999,23.45,13060
2017-12-19,23.6,23.2564,23.6076,23.2564,9614
2017-12-20,23.4965,23.64,23.64,23.2274,10918
2017-12-21,23.49,23.45,23.62,23.45,27373
2017-12-22,23.3041,23.4675,23.7839,23.3041,8173
2017-12-26,23.5,23.45,23.5171,23.3921,16924
2017-12-27,23.414,23.4108,23.42,23.3346,9436
2017-12-28,23.4,23.31,23.5333,23.2604,19069
2017-12-29,23.21,23.37,23.5866,23.18,36137
2018-01-02,23.39,23.24,23.4,23.17,7263
2018-01-03,23.16,23.18,23.201,23.1,16917
2018-01-04,23.18,23.18,23.2694,23.161,35566
2018-01-05,23.1701,23.24,23.2652,23.1701,12188
2018-01-08,23.24,23.27,23.35,23.2101,29252
2018-01-09,23.25,23.22,23.29,23.22,13623
2018-01-10,23.22,23.18,23.31,23.04,24172
2018-01-11,23.259,23.2,23.259,23.06,32413
2018-01-12,23.2324,23.2502,23.49,23.19,26342
2018-01-16,23.25,23.14,23.5667,23.14,9240
2018-01-17,23.15,23.2,23.2999,23.15,17664
2018-01-18,23.2,23.16,23.2792,23.15,11469
2018-01-19,23.3,23.35,23.5823,23.22,31037
2018-01-22,23.4182,23.39,23.588,23.36,21165
2018-01-23,23.36,23.3,23.5,23.1934,25782
2018-01-24,23.3439,23.22,23.3783,23.16,15088
2018-01-25,23.2331,23.2,23.3188,23.1619,19542
2018-01-26,23.25,23.18,23.36,23.18,15773
2018-01-29,23.3,22.98,23.3,22.98,23933
2018-01-30,22.92,22.9,23.07,22.7689,25251
2018-01-31,23.06,23.2,23.29,22.81,23351
2018-02-01,23.15,23.14,23.2691,23.0473,12958
2018-02-02,22.95,23.1,23.185,22.7247,19866
2018-02-05,23.139,23.2473,23.3677,22.64,24953
2018-02-06,22.8864,23.17,23.35,22.8864,19476
2018-02-07,23.05,23.31,23.47,23.05,17455
2018-02-08,23.413,23.36,23.599,23.1401,23309
2018-02-09,23.1543,23.2088,23.541,23.1,10804
2018-02-12,23.21,23.2,23.2514,23.16,13794
2018-02-13,23.37,23.13444,23.45,23.13,31561
2018-02-14,23.2,23.37,23.411,23.131,31942
2018-02-15,23.33,23.3,23.3673,23.2415,9027
2018-02-16,23.35,23.2,23.4547,23.09,12001
2018-02-20,23.2301,23.2,23.6,23.2,27424
2018-02-21,23.21,23.17,23.25,23.04,19554
2018-02-22,23.31,23.1101,23.31,23.04,22794
2018-02-23,23.15,23.13,23.2,23.0504,22215
2018-02-26,23.15,23.1557,23.199,23.13,9093
2018-02-27,23.15,23.12,23.173,23.1,13365
2018-02-28,23.26,23.14,23.26,23.1,4388
2018-03-01,23.15,23.35,23.3502,23.15,12267
2018-03-02,23.2,23.28,23.33,23.15,16563
2018-03-05,23.19,23.23,23.32,23.0,147113
2018-03-06,23.21,23.19,23.5466,23.14,10040
2018-03-07,23.17,23.2,23.2136,23.13,2951
2018-03-08,23.17,23.17,23.3236,23.17,9660
2018-03-09,23.23,23.17,23.36,23.1,8563
2018-03-12,23.15,23.22,23.37,23.15,22309
2018-03-13,23.28,23.28,23.3185,23.22,25120
2018-03-14,23.3387,23.31,23.3994,23.25,13713
2018-03-15,23.32,23.5234,23.5234,23.3011,6303
2018-03-16,23.5772,23.44,23.7,23.34,41179
2018-03-19,23.44,23.38,23.55,23.2724,19475
2018-03-20,23.3386,23.43,23.53,23.33,22916
2018-03-21,23.39,23.44,23.44,23.35,11006
2018-03-22,23.4375,23.53,23.63,23.34,31666
2018-03-23,23.48,23.6,23.78,23.47,30070
2018-03-26,23.653,23.6999,23.7,23.49,12466
2018-03-27,23.69,23.65,23.87,23.5509,17338
2018-03-28,23.58,23.77,23.81,23.4647,11125
2018-03-29,23.74,23.91,23.99,23.6917,9730
2018-04-02,23.9,23.5901,23.93,23.5901,4770
2018-04-03,23.75,23.71,23.84,23.53,12477
2018-04-04,23.56,23.73,23.75,23.56,11746
2018-04-05,23.73,23.64,23.73,23.49,10201
2018-04-06,23.64,23.56,23.64,23.3613,9666
2018-04-09,23.78,23.5774,23.87,23.53,21167
2018-04-10,23.68,23.57,23.68,23.5,13560
2018-04-11,23.5,23.56,23.56,23.35,3263
2018-04-12,23.62,23.5,23.63,23.461,7742
2018-04-13,23.5,23.47,23.5398,23.311,6196
2018-04-16,23.4201,23.46,23.55,23.3639,9307
2018-04-17,23.47,23.47,23.47,23.34,10559
2018-04-18,23.4211,23.3001,23.4211,23.3001,4129
2018-04-19,23.3452,23.4661,23.4878,23.22,9170
2018-04-20,23.4501,23.75,23.75,23.34,13478
2018-04-23,23.47,23.54,23.6155,23.43,9305
2018-04-24,23.41,23.2428,23.44,23.21,10632
2018-04-25,23.24,23.2104,23.32,23.1116,10032
2018-04-26,23.1914,23.26,23.3587,23.1601,9387
2018-04-27,23.3136,23.34,23.5,23.25,6730
2018-04-30,23.23,23.3975,23.41,23.23,2407
2018-05-01,23.47,23.3025,23.49,23.2937,4154
2018-05-02,23.31,23.2665,23.3913,23.2665,2941
2018-05-03,23.34,23.48,23.57,23.22,26375
2018-05-04,23.45,23.68,23.74,23.3176,24219
2018-05-07,23.69,23.7,23.75,23.4227,19195
2018-05-08,24.51,23.74,24.51,23.6,10724
2018-05-09,23.7,23.7,23.74,23.5401,22628
2018-05-10,23.7,23.74,23.75,23.6252,14140
2018-05-11,23.7,23.74,23.74,23.54,6982
2018-05-14,23.51,23.68,23.7299,23.36,14018
2018-05-15,23.58,23.68,23.7,23.37,9738
2018-05-16,23.61,23.74,23.75,23.6,14480
2018-05-17,23.64,23.69,23.7,23.56,6799
2018-05-18,23.72,23.7391,23.74,23.5981,4246
2018-05-21,23.63,23.6468,23.7394,23.62,5682
2018-05-22,23.69,23.69,23.75,23.552,15225
2018-05-23,23.69,23.68,23.7292,23.65,3288
2018-05-24,23.6952,23.67,23.722,23.6103,10653
2018-05-25,23.7,23.7,23.74,23.5681,12341
2018-05-29,23.7,23.75,23.75,23.61,11206
2018-05-30,23.7,23.8637,23.95,23.7,2154
2018-05-31,23.95,24.15,24.35,23.8311,38600
2018-06-01,24.3,24.3,24.3299,23.98,12341
2018-06-04,24.3199,24.07,24.33,24.02,15930
2018-06-05,24.01,23.97,24.141,23.95,9934
2018-06-06,24.24,24.24,24.3299,24.02,15076
2018-06-07,24.06,24.07,24.1887,24.005,7517
2018-06-08,24.08,24.24,24.2779,24.05,10476
2018-06-11,24.25,24.24,24.25,24.11,6025
2018-06-12,24.182,24.2658,24.3291,24.182,18332
2018-06-13,24.1201,24.2615,24.32,24.12,5573
2018-06-14,24.1601,24.35,24.35,24.1601,12118
2018-06-15,24.2977,24.3913,24.44,24.2977,6097
2018-06-18,24.41,24.47,24.48,24.385,7427
2018-06-19,24.3348,24.4795,24.4892,24.3348,9866
2018-06-20,24.31,24.4789,24.78,24.31,10654
2018-06-21,24.4,24.44,24.73,24.4,10142
2018-06-22,24.4,24.56,24.73,24.365,36324
2018-06-25,24.4215,24.6,24.6,24.41,7085
2018-06-26,24.56,24.5,24.679,24.48,10832
2018-06-27,24.5,24.95,25.0,24.4812,49836
2018-06-28,24.9151,24.82,25.0848,24.82,12100
2018-06-29,24.8,24.8,24.94,24.79,7535
2018-07-02,24.6487,24.8,24.92,24.62,16866
2018-07-03,24.94,24.82,24.99,24.82,11077
2018-07-05,24.92,24.87,24.97,24.82,21734
2018-07-06,24.94,24.88,24.94,24.868,21202
2018-07-09,24.94,24.62,24.94,24.57,25077
2018-07-10,24.77,24.64,24.77,24.61,14662
2018-07-11,24.6246,24.42,24.6639,24.42,13765
2018-07-12,24.42,24.16,24.4852,24.16,14982
2018-07-13,24.2184,24.27,24.2746,24.0116,26453
2018-07-16,24.16,24.2,24.33,24.01,13269
2018-07-17,24.19,24.5,24.91,24.18,38112
2018-07-18,24.381,24.39,24.6701,24.381,15465
2018-07-19,24.4,24.26,24.482,24.25,6791
2018-07-20,24.26,24.5,24.52,24.18,20311
2018-07-23,24.2808,24.315,24.4599,24.1979,8977
2018-07-24,24.4868,24.21,24.4868,24.2084,8458
2018-07-25,24.25,24.3977,24.405,24.1501,15407
2018-07-26,24.4966,24.4802,24.57,24.22,8066
2018-07-27,24.5,24.55,24.5615,24.3094,9069
2018-07-30,24.241,24.46,24.46,24.24,5917
2018-07-31,24.2422,24.46,24.6471,24.2422,5834
2018-08-01,24.27,24.46,24.46,24.1736,4494
2018-08-02,24.4,24.7762,24.7762,24.32,5503
2018-08-03,24.3979,24.79,24.79,24.3704,5619
2018-08-06,24.4301,24.7,24.7072,24.4301,3594
2018-08-07,24.65,24.53,24.6983,24.53,4537
2018-08-08,24.67,24.6899,24.6899,24.5019,3509
2018-08-09,24.6799,24.7,24.71,24.6516,11253
2018-08-10,24.64,24.7296,24.75,24.64,5893
2018-08-13,24.8,24.53444,24.8,24.7158,5864
2018-08-14,24.53,24.5187,24.53,24.39,3583
2018-08-15,24.39,24.4773,24.5594,24.39,12284
2018-08-16,24.47,24.38,24.5499,24.38,18061
2018-08-17,24.5019,24.5155,24.64,24.3937,8342
2018-08-20,24.54,24.46,24.5999,24.46,4816
2018-08-21,24.42,24.4,24.4791,24.3872,4107
2018-08-22,24.57,24.39,24.58,24.39,2756
2018-08-23,24.58,24.7692,24.7692,24.4388,1147
2018-08-24,24.5952,24.53,24.5962,24.52,2943
2018-08-27,24.5755,24.39,24.77,24.39,6324
2018-08-28,24.73,24.65,24.73,24.5,7286
2018-08-29,24.65,24.6508,24.8462,24.4474,8752
2018-08-30,24.6191,24.61,24.85,24.563,12921
2018-08-31,24.6,24.83,24.83,24.6,5631
2018-09-04,24.8164,24.82,24.82,24.4601,7520
2018-09-05,24.706,24.72,24.72,24.501,5518
2018-09-06,24.7276,24.67,24.7276,24.51,11363
2018-09-07,24.503,24.45,24.62,24.261,16853
2018-09-10,24.4,24.66,24.66,24.4,13188
2018-09-11,24.4,24.64,24.64,24.4,8795
2018-09-12,24.63,24.77,24.77,24.551,4815
2018-09-13,24.7,24.74,24.74,24.6,8449
2018-09-14,24.5361,24.7,24.7,24.49,3219
2018-09-17,24.73,24.48,24.76,24.48,4463
2018-09-18,24.5662,24.6225,24.7565,24.5001,3220
2018-09-19,24.42,24.83,24.83,24.42,6690
2018-09-20,24.7,24.51,24.7,24.4,11841
2018-09-21,24.4817,24.5024,24.57,24.4,9914
2018-09-24,24.5,24.81,24.81,24.402,9556
2018-09-25,24.73,24.7,24.74,24.5,20268
2018-09-26,24.63,24.588,24.75,24.4788,12563
2018-09-27,24.75,24.6,24.8309,24.5713,17349
2018-09-28,24.4298,24.5,24.8299,24.4298,12042
2018-10-01,24.4536,24.73,24.79,24.4536,10040
2018-10-02,24.56,24.68,24.73,24.47,9151
2018-10-03,24.52,24.48,24.771,23.89,22233
2018-10-04,24.16,24.12,24.2601,23.45,27061
2018-10-05,24.2,24.33,24.495,23.8654,10220
2018-10-08,24.359,24.29,24.5809,23.9478,5573
2018-10-09,24.321,24.1133,24.5802,24.01,16832
2018-10-10,24.01,23.64,24.01,23.31,5657
2018-10-11,23.65,23.2,23.7273,22.9578,5350
2018-10-12,23.6599,23.9,23.9,23.26,4925
2018-10-15,23.45,23.59,23.6603,23.38,4711
2018-10-16,23.5007,23.37,23.51,23.2748,2383
2018-10-17,23.3964,23.62,23.75,23.2801,4912
2018-10-18,23.6882,23.51,23.6882,23.51,3661
2018-10-19,23.5529,23.98,24.24,23.53,15277
2018-10-22,24.1,23.7366,24.1,23.705,9935
2018-10-23,23.5635,23.61,23.7514,23.56,1750
2018-10-24,23.6592,23.82,23.87,23.58,7561
2018-10-25,23.67,23.57,23.7173,23.57,8221
2018-10-26,23.58,23.2868,23.6114,23.2868,2333
2018-10-29,23.4825,23.3963,23.4825,23.26,970
2018-10-30,23.3534,23.26,23.3896,23.26,1157
2018-10-31,23.5332,23.27,23.6581,23.27,3724
2018-11-01,23.49,23.51,23.6,23.49,3359
2018-11-02,23.6,23.8545,24.2082,23.556,4616
2018-11-05,23.54,23.82,24.2316,23.4358,12565
2018-11-06,23.45,23.8235,23.8854,23.45,1632
2018-11-07,23.749,23.75,23.75,23.4432,5283
2018-11-08,23.75,23.6,23.802,23.49,2100
2018-11-09,23.75,23.5,23.75,23.27,3600
2018-11-12,23.51,23.5,23.759,23.5,2923
2018-11-13,23.85,23.57114,23.85,23.5907,4363
2018-11-14,23.28,23.4,23.58,23.27,3907
2018-11-15,23.24,22.89,23.285,22.85,26897
2018-11-16,22.85,22.82,23.2425,22.5189,2083
2018-11-19,23.08,22.17,23.08,21.82,15702
2018-11-20,22.01,21.97,22.49,21.29,17066
2018-11-21,22.21,22.15,22.21,21.95,4994
2018-11-23,22.15,21.92,22.1899,21.92,437
2018-11-26,21.89,21.57,21.93,21.54,6058
2018-11-27,21.7042,21.66,21.9335,21.66,6114
2018-11-28,22.0,21.61,22.2399,21.43,29736
2018-11-29,21.43,20.8,21.5329,20.76,40383
2018-11-30,20.8,20.4,20.8,19.89,34355
2018-12-03,20.52,19.81,20.52,19.78,50963
2018-12-04,19.94,19.3,19.94,19.04,134069
2018-12-06,19.25,19.53,19.59,19.05,116970
2018-12-07,19.61,19.41,20.32,19.39,79365
2018-12-10,19.54,19.48,19.73,19.33,19521
2018-12-11,19.54,19.52,19.74,19.44,48220
2018-12-12,19.86,19.57,20.1,19.52,53717
2018-12-13,19.7,19.61,19.72,19.4601,91364
2018-12-14,19.6,19.77,19.79,19.6,27350
2018-12-17,19.699,19.5,19.699,19.47,46790
2018-12-18,19.5155,19.26,19.5155,19.13,48916
2018-12-19,19.4122,19.28,19.64,19.28,45778
2018-12-20,19.28,19.3,19.5,19.07,51250
2018-12-21,19.44,18.89,19.4575,18.77,68720
2018-12-24,18.9,18.94,19.2111,18.7,34710
2018-12-26,19.02,19.39,19.4,18.95,48124
2018-12-27,19.3236,19.64,19.64,19.1535,33982
2018-12-28,19.3055,20.23,20.28,19.3055,31931
2018-12-31,20.23,20.74,20.8355,19.82,31644
2019-01-02,20.39,20.75,20.83,20.39,25967
2019-01-03,20.8,21.43,21.5059,20.45,28576
2019-01-04,21.42,21.19,21.42,20.8963,33743
2019-01-07,21.27,21.3253,22.23,21.2,36029
2019-01-08,21.5,21.15,21.5,20.971,48832
2019-01-09,21.15,21.18,21.38,20.8751,25835
2019-01-10,21.25,21.25,21.32,21.2,9414
2019-01-11,21.151,21.25,21.26,21.1202,6631
2019-01-14,21.21,21.2918,21.3,21.0,14247
2019-01-15,21.27,21.29,21.3,21.05,17702
2019-01-16,21.29,21.17,21.45,21.17,12651
2019-01-17,21.17,21.17,21.17,21.17,391
2019-01-18,21.13,21.17,21.4199,21.12,11134
2019-01-22,21.15,21.44,21.44,21.15,11276
2019-01-23,21.44,21.2,21.44,21.135,16756
2019-01-24,21.13,21.12,21.21,21.12,5136
2019-01-25,21.12,21.25,21.4178,21.12,8323
2019-01-28,21.17,21.05,21.43,21.0104,38033
2019-01-29,21.14,21.15,21.4,21.13,12593
2019-01-30,21.18,21.37,21.41,21.18,7479
2019-01-31,21.36,21.0,21.49,21.0,29067
2019-02-01,21.12,21.1,21.253,20.92,10642
2019-02-04,21.1858,21.01,21.2,20.9,25889
2019-02-05,21.01,20.75,21.1486,20.5798,37257
2019-02-06,20.79,20.55,20.83,20.45,16897
2019-02-07,20.3346,20.585,20.79,20.33,6401
2019-02-08,20.59,20.55,20.59,20.3085,28997
2019-02-11,20.56,20.78,20.83,20.52,11494
2019-02-12,20.78,20.88,20.95,20.78,33732
2019-02-13,20.88,20.66444,20.95,20.81,28715
2019-02-14,20.66,20.67,20.81,20.6,6969
2019-02-15,20.8275,20.71,20.8495,20.65,14215
2019-02-19,20.71,20.89,20.9545,20.71,9777
2019-02-20,20.72,20.85,20.87,20.72,6825
2019-02-21,20.76,20.79,20.83,20.731,10933
2019-02-22,20.78,20.85,20.88,20.78,12249
2019-02-25,20.85,21.02,21.0988,20.85,23837
2019-02-26,21.03,21.14,21.19,20.9701,54582
2019-02-27,21.1396,21.51,21.55,21.1057,102052
2019-02-28,21.51,21.34,21.85,21.3,84454
2019-03-01,21.35,21.2,21.35,21.0,23017
2019-03-04,21.19,21.19,21.43,21.04,39434
2019-03-05,21.1,21.16,21.2032,21.091,9131
2019-03-06,21.19,21.13,21.2154,21.07,8800
2019-03-07,21.13,20.88,21.1677,20.73,25998
2019-03-08,20.939,21.04,21.19,20.87,3176
2019-03-11,20.99,21.08,21.1672,20.8841,8193
2019-03-12,21.07,21.07,21.16,20.9696,11810
2019-03-13,21.0829,20.95,21.099,20.92,24402
2019-03-14,21.0,20.98,21.13,20.93,44223
2019-03-15,20.98,21.05,21.1399,20.93,9422
2019-03-18,20.97,21.06,21.149,20.97,3823
2019-03-19,21.06,21.0,21.117,21.0,9227
2019-03-20,21.06,20.78,21.06,20.78,13692
2019-03-21,20.8162,20.83,20.8892,20.79,10584
2019-03-22,20.76,20.6,20.825,20.52,22236
2019-03-25,20.5935,20.48,20.5951,20.4378,22629
2019-03-26,20.6119,20.6,20.6673,20.52,49943
2019-03-27,20.6469,20.97,21.0,20.61,45245
2019-03-28,20.98,21.18,21.18,20.9144,52136
2019-03-29,21.0201,20.85,21.179,20.85,67280
2019-04-01,20.9,21.0,21.14,20.8779,33003
2019-04-02,20.9,21.075,21.1299,20.9,18015
2019-04-03,21.0,21.25,21.339,21.0,40016
2019-04-04,21.25,21.27,21.3756,21.1624,20924
2019-04-05,21.28,21.04,21.37,20.96,63213
2019-04-08,21.0314,21.07,21.201,21.0314,4063
2019-04-09,21.14,21.12,21.14,20.97,21152
2019-04-10,21.17,21.29,21.29,21.1304,18167
2019-04-11,21.29,21.34,21.37,21.29,33789
2019-04-12,21.35,21.34,21.35,21.2868,5613
2019-04-15,21.22,21.4465,21.47,21.2121,22655
2019-04-16,21.4152,21.49,21.605,21.4152,19761
2019-04-17,21.6285,21.5248,21.6285,21.4916,7335
2019-04-18,21.53,21.68,21.7,21.5,22402
2019-04-22,21.6985,21.6,21.6985,21.5501,9509
2019-04-23,21.64,21.71,21.82,21.6,23613
2019-04-24,21.71,21.86,21.94,21.71,34779
2019-04-25,21.8212,21.9099,21.9099,21.79,15004
2019-04-26,21.88,22.11,22.15,21.873,72738
2019-04-29,22.12,22.09,22.19,21.89,62324
2019-04-30,22.08,21.84,22.08,21.79,48781
2019-05-01,21.85,22.0028,22.03,21.83,16812
2019-05-02,22.03,22.09,22.15,21.9257,40202
2019-05-03,22.15,22.15,22.18,22.05,44394
2019-05-06,22.0576,22.1253,22.1498,22.0393,4434
2019-05-07,22.02,22.03,22.1288,22.02,25514
2019-05-08,22.0301,22.05,22.1,22.01,8130
2019-05-09,22.0421,22.08,22.17,22.0418,9457
2019-05-10,22.11,22.1797,22.18,22.0895,13089
2019-05-13,22.17,21.80278,22.17,22.0372,18301
2019-05-14,21.85,21.88,21.97,21.79,8981
2019-05-15,21.85,21.89,21.9,21.84,7806
2019-05-16,21.92,21.97,21.97,21.86,15611
2019-05-17,21.86,21.9,21.9716,21.86,6267
2019-05-20,21.81,21.76,21.86,21.75,9017
2019-05-21,21.895,21.94,21.9632,21.76,15349
2019-05-22,21.8537,21.9598,21.96,21.8503,11997
2019-05-23,21.95,21.92,21.95,21.8001,16052
2019-05-24,21.95,21.98,22.0,21.95,5826
2019-05-28,21.98,21.85,21.98,21.85,14289
2019-05-29,21.85,21.84,21.89,21.825,37605
2019-05-30,21.9457,21.76,21.9457,21.76,23627
2019-05-31,21.76,21.79,21.79,21.75,12368
2019-06-03,21.71,21.6,21.71,21.43,17294
2019-06-04,21.83,21.83,21.85,21.7,15267
2019-06-05,21.83,21.83,21.97,21.77,8119
2019-06-06,21.77,21.86,21.88,21.77,3887
2019-06-07,21.85,21.83,21.89,21.76,7474
2019-06-10,21.94,21.88,21.97,21.79,25916
2019-06-11,21.95,21.8384,21.95,21.82,10716
2019-06-12,21.82,21.87,21.9,21.82,11840
2019-06-13,21.8894,21.93,21.97,21.7812,34002
2019-06-14,21.8797,21.8,21.8866,21.8,6318
2019-06-17,21.8288,21.879,21.98,21.82,21751
2019-06-18,21.96,21.95,21.97,21.8928,10449
2019-06-19,21.99,22.055,22.079,21.9524,10015
2019-06-20,21.92,22.05,22.07,21.92,16575
2019-06-21,21.9,22.064,22.109,21.9,6725
2019-06-24,22.0,22.06,22.09,21.75,19416
2019-06-25,21.91,21.78,21.97,21.78,21642
2019-06-26,21.81,22.01,22.01,21.81,17062
2019-06-27,21.9264,21.94,22.09,21.85,18872
2019-06-28,21.88,21.85,22.078,21.81,19079
2019-07-01,22.04,22.03,22.04,21.88,11831
2019-07-02,22.04,22.0,22.2,21.9309,21190
2019-07-03,22.21,22.235,22.235,22.02,7893
2019-07-05,22.05,22.0,22.23,22.0,27042
2019-07-08,22.06,22.027,22.0665,22.0,4667
2019-07-09,21.84,22.12,22.12,21.84,6489
2019-07-10,21.92,22.1,22.13,21.92,9235
2019-07-11,22.13,22.12,22.13,22.02,6477
2019-07-12,22.12,22.15,22.22,22.0625,5095
2019-07-15,22.0,22.17,22.22,22.0,866
2019-07-16,22.17,22.09,22.1761,22.05,8413
2019-07-17,22.04,22.14,22.21,22.04,12159
2019-07-18,22.14,22.11,22.299,22.08,15428
2019-07-19,22.11,22.25,22.25,22.04,12200
2019-07-22,22.2173,22.24,22.3,22.191,8009
2019-07-23,22.1686,22.2,22.3,22.1686,22057
2019-07-24,22.1771,22.23,22.3013,22.1651,13602
2019-07-25,22.3126,22.32,22.37,22.28,19763
2019-07-26,22.311,22.35,22.37,22.311,7954
2019-07-29,22.38,22.6553,22.72,22.38,27255
2019-07-30,22.75,22.65,22.75,22.65,20024
2019-07-31,22.8003,22.7,22.8003,22.65,11049
2019-08-01,22.83,22.85,22.89,22.72,9259
2019-08-02,22.67,22.91,23.06,22.67,38474
2019-08-05,22.63,22.93,22.945,22.61,19984
2019-08-06,22.74,22.82,22.99,22.74,22448
2019-08-07,22.89,22.92,22.92,22.6837,15622
2019-08-08,23.06,22.9549,23.0668,22.8101,8148
2019-08-09,22.85,23.27,23.27,22.85,29203
2019-08-12,23.2179,23.2684,23.28,23.0465,14058
2019-08-13,23.36,22.99444,23.385,23.16,26093
2019-08-14,22.9,23.0,23.01,22.89,10811
2019-08-15,22.91,23.09,23.28,22.91,17889
2019-08-16,23.2539,23.05,23.2539,23.02,9306
2019-08-19,23.27,23.11,23.27,23.11,3552
2019-08-20,22.96,23.12,23.24,22.95,8821
2019-08-21,23.0153,23.15,23.2499,23.0153,7634
2019-08-22,23.3688,23.4,23.4,23.15,13913
2019-08-23,23.25,23.19,23.4,23.06,14708
2019-08-26,23.2,23.1335,23.2,23.1,10728
2019-08-27,23.15,23.2,23.2,23.02,8415
2019-08-28,23.25,23.21,23.42,23.15,14808
2019-08-29,23.21,23.17,23.4399,23.17,10937
2019-08-30,23.38,23.27,23.38,23.05,41724
2019-09-03,23.27,23.06,23.27,22.94,52834
2019-09-04,23.06,23.1,23.2,23.06,14561
2019-09-05,23.07,23.16,23.25,23.07,21080
2019-09-06,23.18,23.31,23.315,23.12,19056
2019-09-09,23.25,23.47,23.55,23.25,16507
2019-09-10,23.445,23.5,23.65,23.32,20215
2019-09-11,23.431,23.49,23.524,23.35,6393
2019-09-12,23.51,23.495,23.5339,23.41,6446
2019-09-13,23.59,23.32,23.59,23.3,30277
2019-09-16,23.5,23.47,23.5,23.3524,6867
2019-09-17,23.41,23.5536,23.6,23.41,15087
2019-09-18,23.5,23.5732,23.5732,23.5,5254
2019-09-19,23.6,23.6813,23.81,23.6,18166
2019-09-20,23.68,23.7778,23.8014,23.68,7617
2019-09-23,23.7603,23.82,23.8678,23.7603,16219
2019-09-24,23.82,23.76,23.8861,23.76,8182
2019-09-25,23.7559,23.74,23.86,23.71,5807
2019-09-26,23.7,23.6,23.7581,23.56,18428
2019-09-27,23.6,23.26,23.6,23.25,23486
2019-09-30,23.2977,22.75,23.47,22.33,437655
2019-10-01,22.85,22.7,22.86,22.6315,28501
2019-10-02,22.63,22.54,22.63,22.2699,41123
2019-10-03,22.52,22.53,22.6,22.48,13111
2019-10-04,22.55,22.7,22.73,22.55,35058
2019-10-07,22.69,22.64,22.73,22.5,39626
2019-10-08,22.51,22.55,22.6082,22.46,26594
2019-10-09,22.5619,22.49,22.5619,22.49,6350
2019-10-10,22.49,22.48,22.5694,22.4232,6234
2019-10-11,22.49,22.5798,22.635,22.49,12830
2019-10-14,22.5,22.73,22.73,22.5,12930
2019-10-15,22.73,22.8379,22.88,22.681,23998
2019-10-16,22.8585,22.92,23.04,22.83,21805
2019-10-17,23.03,22.86,23.03,22.86,18223
2019-10-18,22.78,22.87,23.0,22.78,10924
2019-10-21,22.93,22.8,22.93,22.76,18873
2019-10-22,22.82,22.9,22.9699,22.82,61588
2019-10-23,22.9614,23.09,23.1335,22.9,24480
2019-10-24,23.08,23.15,23.22,23.07,24465
2019-10-25,23.06,23.14,23.18,23.06,32376
2019-10-28,23.11,23.1179,23.18,23.0,13763
2019-10-29,23.07,23.12,23.12,23.04,54460
2019-10-30,23.12,23.18,23.25,23.08,51592
2019-10-31,23.11,22.94,23.1655,22.94,202683
2019-11-01,22.99,23.03,23.04,22.94,27174
2019-11-04,23.02,23.1,23.13,22.93,25958
2019-11-05,23.06,23.0296,23.11,23.0,38808
2019-11-06,23.11,23.08,23.16,23.02,32338
2019-11-07,23.08,23.08,23.12,23.02,63623
2019-11-08,23.02,23.17,23.17,23.0,33149
2019-11-11,23.17,23.161,23.28,23.16,13906
2019-11-12,23.2,23.121,23.2,23.09,31373
2019-11-13,23.1397,22.90444,23.2,23.1397,18253
2019-11-14,22.92,22.96,23.02,22.88,29171
2019-11-15,23.0,23.03,23.05,22.95,22322
2019-11-18,23.08,23.06,23.1,23.0,40845
2019-11-19,23.12,23.06,23.12,23.06,13930
2019-11-20,23.09,23.09,23.1,23.05,12428
2019-11-21,23.13,23.09,23.14,23.09,10636
2019-11-22,23.0366,23.05,23.0876,23.0366,11589
2019-11-25,23.0833,23.11,23.16,23.0833,13793
2019-11-26,23.12,23.29,23.31,23.12,32860
2019-11-27,23.29,23.2361,23.29,23.15,12632
2019-11-29,23.25,23.14,23.25,23.14,17388
2019-12-02,23.2,23.15,23.215,23.0401,20278
2019-12-03,23.15,23.23,23.24,23.07,30844
2019-12-04,23.29,23.18,23.29,23.1088,22033
2019-12-05,23.23,23.17,23.4,23.13,30049
2019-12-06,23.15,23.2147,23.37,23.14,18552
2019-12-09,23.35,23.15,23.35,23.15,18455
2019-12-10,23.16,23.18,23.27,23.16,25620
2019-12-11,23.2,23.33,23.33,23.2,20879
2019-12-12,23.27,23.26,23.28,23.18,14440
2019-12-13,23.27,23.3196,23.37,23.27,31066
2019-12-16,23.306,23.3133,23.3591,23.291,11449
2019-12-17,23.33,23.43,23.49,23.2965,38434
2019-12-18,23.45,23.4,23.45,23.34,30011
2019-12-19,23.37,23.4,23.44,23.3527,30456
2019-12-20,23.45,23.43,23.5322,23.4,29682
2019-12-23,23.43,23.45,23.53,23.4,22077
2019-12-24,23.5,23.5075,23.51,23.45,10791
2019-12-26,23.53,23.39,23.53,23.38,13433
2019-12-27,23.35,23.4,23.4486,23.35,22326
2019-12-30,23.4,23.21,23.4,23.21,39820
2019-12-31,23.25,23.33,23.35,23.25,14516
2020-01-02,23.35,23.55,23.59,23.35,50898
2020-01-03,23.43,23.54,23.58,23.43,21228
2020-01-06,23.49,23.53,23.585,23.49,23918
2020-01-07,23.5,23.46,23.64,23.46,26320
2020-01-08,23.56,23.65,23.695,23.55,23530
2020-01-09,23.69,23.8401,23.92,23.6675,37267
2020-01-10,23.94,23.834,23.94,23.8152,26583
2020-01-13,23.82,23.9406,24.13,23.82,49862
2020-01-14,24.02,24.11,24.28,23.94,26249
2020-01-15,24.06,24.22,24.29,24.06,29638
2020-01-16,24.2262,24.29,24.29,24.2,21193
2020-01-17,24.29,24.16,24.29,24.04,25606
2020-01-21,24.29,24.2,24.29,24.17,39207
2020-01-22,24.28,24.26,24.28,24.1555,24793
2020-01-23,24.26,24.2,24.29,24.1134,25186
2020-01-24,24.22,24.19,24.29,24.19,22303
2020-01-27,24.14,24.2399,24.2399,24.05,11869
2020-01-28,24.2269,24.6289,24.7699,24.16,22088
2020-01-29,24.63,24.6487,24.72,24.3175,55070
2020-01-30,24.54,24.76,24.76,24.35,23668
2020-01-31,24.5983,25.05,25.175,24.47,70380
2020-02-03,25.0,24.9,25.0835,24.7822,25373
2020-02-04,24.9,24.9307,24.9899,24.7394,16708
2020-02-05,24.9,24.84,24.9026,24.7256,23650
2020-02-06,24.84,24.95,24.9611,24.84,9717
2020-02-07,24.9689,24.9229,24.99,24.8645,9954
2020-02-10,24.9,24.869,24.97,24.7616,19065
2020-02-11,24.84,24.9571,25.1052,24.8,42556
2020-02-12,24.91,24.71004,25.0,24.7861,15134
2020-02-13,24.85,24.6996,24.85,24.58,19284
2020-02-14,24.72,24.87,24.88,24.6703,16669
2020-02-18,24.76,24.76,24.8214,24.6558,11333
2020-02-19,24.76,24.8,24.92,24.74,32189
2020-02-20,24.75,24.76,24.8367,24.75,20776
2020-02-21,24.75,24.55,24.8009,24.55,22718
2020-02-24,24.48,24.27,24.7777,24.228,25824
2020-02-25,24.3,23.65,24.33,23.6,28904
2020-02-26,23.56,23.61,23.75,23.5,15361
2020-02-27,23.55,23.2,23.575,23.03,35305
2020-02-28,23.2,23.0,23.2999,22.85,37671
2020-03-02,23.25,23.68,23.7125,23.01,56989
2020-03-03,23.5,24.5,24.5643,23.5,72021
2020-03-04,24.52,24.6,24.79,24.25,20767
2020-03-05,24.49,24.38,24.525,24.0101,8659
2020-03-06,24.25,24.13,24.27,24.0275,15494
2020-03-09,23.48,23.05,23.8182,23.0,19776
2020-03-10,23.14,23.2,23.3139,23.01,13394
2020-03-11,23.2,22.7,23.2,22.63,22945
2020-03-12,21.7,22.11,22.2533,20.1,59125
2020-03-13,22.1,22.27,23.0115,22.01,67050
2020-03-16,21.64,20.13,21.64,20.01,17670
2020-03-17,20.2,19.5,20.7439,19.41,33401
2020-03-18,19.45,17.17,19.45,16.81,36245
2020-03-19,16.97,17.82,18.47,16.28,82596
2020-03-20,17.6013,17.66,19.3359,17.6013,39051
2020-03-23,17.64,16.25,17.99,15.57,75803
2020-03-24,16.34,18.5,18.5,16.34,35069
2020-03-25,18.09,19.33,21.3164,17.9384,41185
2020-03-26,21.0605,20.7206,21.08,19.7301,39845
2020-03-27,20.0,20.307,20.6242,20.0,8714
2020-03-30,20.27,20.29,20.6831,20.07,14063
2020-03-31,20.11,20.58,20.58,20.01,8830
2020-04-01,19.02,19.08,20.1287,19.01,21054
2020-04-02,19.0,20.26,20.26,19.0,23588
2020-04-03,19.46,19.55,19.73,19.26,14150
2020-04-06,19.24,19.95,20.3739,19.24,27937
2020-04-07,20.4,20.62,20.95,20.35,40616
2020-04-08,20.38,20.87,20.95,20.38,35798
2020-04-09,20.7033,20.97,21.45,20.7033,24066
2020-04-13,21.28,20.79,21.28,20.65,19750
2020-04-14,21.34,20.71,21.3607,20.71,16090
2020-04-15,20.341,21.08,21.19,20.341,19114
2020-04-16,21.2,20.9746,21.3781,20.92,23658
2020-04-17,21.2,21.4,21.5,21.14,23340
2020-04-20,21.4,21.22,21.4292,20.9768,7510
2020-04-21,20.85,20.8719,20.8999,20.61,12006
2020-04-22,21.23,20.9822,21.23,20.72,15741
2020-04-23,20.81,21.19,21.19,20.81,10721
2020-04-24,21.24,21.25,21.39,21.17,12057
2020-04-27,21.18,21.23,21.48,21.18,25969
2020-04-28,21.63,21.2101,21.63,21.2101,21945
2020-04-29,21.26,21.3,21.43,21.19,20858
2020-04-30,21.33,21.5,21.64,21.1685,27056
2020-05-01,21.3,21.0801,21.63,20.99,18322
2020-05-04,21.28,21.3,21.3,21.1616,8093
2020-05-05,21.37,21.685,21.7,21.27,51200
2020-05-06,21.7,21.65,21.7909,21.47,54894
2020-05-07,21.75,21.89,21.98,21.45,18761
2020-05-08,21.95,21.95,21.98,21.7888,19350
2020-05-11,22.15,22.35,22.46,22.0651,14376
2020-05-12,22.1173,22.3897,22.46,22.1173,9859
2020-05-13,22.31,21.8,22.37,21.81,21338
2020-05-14,21.37,21.88,21.9215,21.03,26736
2020-05-15,21.54,21.8004,21.88,21.2563,15332
2020-05-18,21.55,22.13,22.13,21.55,7978
2020-05-19,22.3,22.3483,22.42,22.18,9342
2020-05-20,22.15,22.15,22.15,22.02,5497
2020-05-21,22.04,22.08,22.2635,22.04,12970
2020-05-22,22.2499,22.35,22.37,22.0399,26961
2020-05-26,22.5,22.2477,22.5,22.14,15455
2020-05-27,22.5,22.5,22.5,22.31,8814
2020-05-28,22.54,22.8795,22.8795,22.4334,12421
2020-05-29,22.88,22.98,22.98,22.585,29663
2020-06-01,22.99,23.19,23.19,22.9059,11718
2020-06-02,23.145,23.24,23.25,23.145,11108
2020-06-03,23.25,23.42,23.5,23.185,20040
2020-06-04,23.28,23.3902,23.49,23.25,16824
2020-06-05,23.5,23.615,23.85,23.36,37128
2020-06-08,23.695,23.73,23.9167,23.57,18235
2020-06-09,23.4412,23.605,23.8857,23.25,6777
2020-06-10,23.56,23.5371,23.58,23.31,12068
2020-06-11,23.23,22.91,23.4128,22.88,11881
2020-06-12,23.02,22.78,23.17,22.7516,12966
2020-06-15,22.54,22.82,22.82,22.1,16783
2020-06-16,22.71,22.92,23.2,22.65,9129
2020-06-17,22.94,23.08,23.16,22.94,6042
2020-06-18,23.01,23.3268,23.435,23.01,25920
2020-06-19,23.4,23.39,23.41,23.15,7179
2020-06-22,23.24,23.49,23.5501,23.205,25158
2020-06-23,23.48,23.423,23.594,23.33,9136
2020-06-24,23.29,23.07,23.37,23.01,22776
2020-06-25,23.34,23.0901,23.34,23.03,15948
2020-06-26,23.09,23.1245,23.17,23.0,13016
2020-06-29,23.12,23.012,23.17,22.99,10366
2020-06-30,23.06,23.03,23.06,22.77,11963
2020-07-01,22.9742,23.03,23.03,22.9123,774
2020-07-02,23.11,23.2,23.3,23.05,4464
2020-07-06,23.0751,23.3612,23.4,23.0751,6535
2020-07-07,23.33,23.25,23.33,23.25,1893
2020-07-08,23.4267,23.3972,23.4267,23.27,4464
2020-07-09,23.1058,23.465,23.49,23.1058,9144
2020-07-10,23.38,23.7,23.7,23.38,12087
2020-07-13,23.77,23.72,23.8615,23.7,3858
2020-07-14,23.82,23.575,23.82,23.4623,11424
2020-07-15,23.57,23.8312,23.94,23.51,10483
2020-07-16,23.75,23.87,23.8998,23.66,5467
2020-07-17,23.9617,24.09,24.09,23.895,7095
2020-07-20,24.09,24.05,24.33,23.92,11660
2020-07-21,24.1636,24.08,24.18,24.08,12247
2020-07-22,24.23,24.28,24.38,24.1,8969
2020-07-23,24.085,24.215,24.215,24.08,14923
2020-07-24,24.27,24.36,24.4199,24.205,9503
2020-07-27,24.35,24.42,24.42,24.21,9105
2020-07-28,24.34,24.35,24.4699,24.17,8303
2020-07-29,24.4,24.35,24.57,24.15,24557
2020-07-30,24.39,24.51,24.5241,24.34,4437
2020-07-31,24.53,24.55,24.6021,24.53,6191
2020-08-03,24.44,24.47,24.62,24.44,14216
2020-08-04,24.59,24.49,24.59,24.48,8033
2020-08-05,24.5,24.58,24.6,24.47,15898
2020-08-06,24.58,24.45,24.58,24.36,14673
2020-08-07,24.43,24.62,24.62,24.43,16556
2020-08-10,24.62,24.8,24.82,24.55,21246
2020-08-11,24.82,24.8,24.88,24.8,8126
2020-08-12,24.7424,24.61444,24.88,24.7424,3407
2020-08-13,24.71,24.7,24.74,24.67,7659
2020-08-14,24.58,24.6528,24.68,24.58,7709
2020-08-17,24.59,24.67,24.68,24.51,10215
2020-08-18,24.65,24.6,24.7,24.56,9771
2020-08-19,24.57,24.755,24.78,24.57,28902
2020-08-20,24.74,24.81,24.81,24.61,12949
2020-08-21,24.8,24.82,24.82,24.7468,9719
2020-08-24,24.77,24.83,24.87,24.72,10076
2020-08-25,24.85,24.84,24.85,24.8,9525
2020-08-26,24.85,24.93,24.93,24.84,10447
2020-08-27,24.84,24.76,24.93,24.76,14489
2020-08-28,24.85,24.86,24.87,24.78,17665
2020-08-31,24.8368,24.76,24.86,24.65,7059
2020-09-01,24.69,24.85,24.85,24.69,10100
2020-09-02,24.75,24.9,24.9,24.75,10344
2020-09-03,24.8,24.747,24.8765,24.59,34791
2020-09-04,24.65,24.73,24.7998,24.61,14987
2020-09-08,24.72,24.72,24.74,24.575,4201
2020-09-09,24.79,24.8563,24.98,24.7042,12893
2020-09-10,24.77,24.98,24.99,24.77,7019
2020-09-11,24.92,24.97,24.99,24.87,16354
2020-09-14,24.97,24.96,24.98,24.88,8337
2020-09-15,24.96,25.09,25.09,24.96,38685
2020-09-16,25.08,25.1516,25.1575,25.05,11613
2020-09-17,25.15,25.0107,25.15,25.01,6208
2020-09-18,25.14,24.915,25.14,24.76,13069
2020-09-21,24.75,24.65,24.75,24.5,20733
2020-09-22,24.55,24.61,24.8895,24.53,13207
2020-09-23,24.65,24.5105,24.6897,24.22,16642
2020-09-24,24.59,24.7,24.72,24.44,22269
2020-09-25,24.75,24.87,24.915,24.6,34685
2020-09-28,24.92,25.15,25.16,24.9001,13387
2020-09-29,24.87,25.16,25.16,24.87,4137
2020-09-30,25.1,24.74,25.1,24.74,58346
2020-10-01,24.8,24.88,24.9,24.74,9872
2020-10-02,24.86,24.9,24.9,24.76,16935
2020-10-05,24.95,24.9824,25.0,24.95,9302
2020-10-06,24.95,24.95,25.02,24.92,11089
2020-10-07,24.96,25.05,25.05,24.83,7827
2020-10-08,25.02,25.0,25.07,24.9963,6172
2020-10-09,25.08,24.97,25.08,24.96,2625
2020-10-12,25.0,24.96,25.06,24.95,7057
2020-10-13,24.9424,24.96,24.97,24.9424,6425
2020-10-14,24.97,24.8979,24.97,24.85,19542
2020-10-15,24.95,24.97,24.97,24.8791,14931
2020-10-16,24.97,24.85,25.09,24.85,9102
2020-10-19,24.85,25.09,25.09,24.85,8756
2020-10-20,25.04,25.0,25.1,24.95,12595
2020-10-21,25.09,24.898,25.09,24.86,11187
2020-10-22,24.86,24.9194,24.99,24.86,8190
2020-10-23,24.9145,25.09,25.09,24.91,6126
2020-10-26,25.01,25.04,25.09,24.87,9180
2020-10-27,25.034,24.937,25.065,24.937,7047
2020-10-28,24.96,24.74,24.9713,24.7393,26373
2020-10-29,24.85,24.8,24.86,24.72,2757
2020-10-30,24.67,24.87,24.87,24.65,17162
2020-11-02,24.86,24.81,24.97,24.7,30820
2020-11-03,24.97,25.09,25.0999,24.8929,9664
2020-11-04,25.1,25.33,25.33,25.065,10857
2020-11-05,25.12,25.17,25.26,25.02,7371
2020-11-06,25.03,24.99,25.0469,24.99,6310
2020-11-09,25.082,25.2,25.2,25.03,11588
2020-11-10,25.1672,25.25,25.26,25.12,11349
2020-11-11,25.28,24.89464,25.3,25.1502,7724
2020-11-12,25.12,24.88,25.12,24.77,17660
2020-11-13,24.8505,24.9,24.95,24.82,15456
2020-11-16,24.8481,25.08,25.08,24.82,9161
2020-11-17,24.98,24.95,24.99,24.86,5917
2020-11-18,24.95,24.87,24.99,24.86,7327
2020-11-19,24.87,24.86,24.96,24.848,11256
2020-11-20,24.86,24.95,24.96,24.86,13419
2020-11-23,24.9,24.95,25.0,24.9,7204
2020-11-24,24.946,24.95,25.0,24.9115,6753
2020-11-25,24.99,24.955,24.99,24.955,11075
2020-11-27,24.8,24.87,24.98,24.8,7145
2020-11-30,24.98,24.61,24.98,24.61,46877
2020-12-01,24.74,24.8,24.84,24.66,10588
2020-12-02,24.8,24.85,24.85,24.7276,17263
2020-12-03,24.81,24.85,24.9621,24.8,13057
2020-12-04,24.85,24.9028,24.94,24.85,14236
2020-12-07,24.9,24.9,24.93,24.88,11985
2020-12-08,24.88,24.905,24.94,24.86,12859
2020-12-09,24.94,24.97,24.99,24.94,18230
2020-12-10,24.9799,25.0002,25.0002,24.97,14864
2020-12-11,24.99,25.01,25.01,24.99,16226
2020-12-14,25.0,25.05,25.05,25.0,11013
2020-12-15,25.04,25.06,25.08,25.01,7719
2020-12-16,25.06,25.0556,25.08,25.0,17296
2020-12-17,25.02,25.12,25.12,25.0,6983
2020-12-18,25.07,25.12,25.12,25.055,3795
2020-12-21,25.02,25.2,25.22,25.02,5967
2020-12-22,25.197,25.1771,25.2,25.06,11789
2020-12-23,25.19,25.0748,25.19,25.0504,12287
2020-12-24,25.055,25.09,25.16,25.0,6920
2020-12-28,25.07,25.35,25.35,25.07,17353
2020-12-29,24.79,25.26,25.3761,24.79,2681
2020-12-30,25.42,25.3,25.43,25.11,4990
2020-12-31,25.27,25.41,25.49,25.17,10591
2021-01-04,25.2397,25.14,25.3399,25.1,7350
2021-01-05,25.1229,25.11,25.19,25.0651,3421
2021-01-06,25.09,25.012,25.2,24.75,22019
2021-01-07,25.01,25.02,25.055,24.9,49806
2021-01-08,25.11,24.95,25.13,24.92,8629
2021-01-11,24.9,24.855,24.9,24.78,10536
2021-01-12,24.8409,24.75,24.89,24.57,27145
2021-01-13,24.75,25.05,25.21,24.75,8408
2021-01-14,25.05,25.35,25.35,25.05,21324
2021-01-15,25.06,25.04,25.18,25.02,15603
2021-01-19,25.05,25.09,25.22,24.96,25356
2021-01-20,25.155,25.17,25.2,25.01,6861
2021-01-21,25.06,25.07,25.12,25.0542,5432
2021-01-22,25.0,25.06,25.17,25.0,10113
2021-01-25,25.17,25.09,25.2,25.09,1436
2021-01-26,25.2,25.2,25.2,25.07,10549
2021-01-27,25.1612,25.0,25.1612,25.0,11634
2021-01-28,24.91,25.14,25.14,24.91,10559
2021-01-29,25.0325,25.05,25.1579,24.96,60956
2021-02-01,25.05,25.11,25.13,25.05,6818
2021-02-02,25.06,25.09,25.25,25.0569,17840
2021-02-03,25.11,24.96,25.11,24.96,9200
2021-02-04,24.97,25.01,25.075,24.899,6136
2021-02-05,25.005,25.0321,25.08,25.0,16020
2021-02-08,25.04,24.96,25.04,24.95,13812
2021-02-09,24.9998,25.0527,25.0837,24.9998,5809
2021-02-10,25.02,24.79444,25.08,24.95,14707
2021-02-11,24.88,24.84,24.88,24.74,17939
2021-02-12,24.8,24.72,24.81,24.7,20459
2021-02-16,24.65,24.66,24.75,24.65,28007
2021-02-17,24.67,24.7,24.8,24.67,45016
2021-02-18,24.8,24.75,24.8,24.6086,14205
2021-02-19,24.62,24.71,24.7818,24.62,23847
2021-02-22,24.622,24.7,24.73,24.622,21445
2021-02-23,24.67,24.68,24.7,24.59,12633
2021-02-24,24.63,24.51,24.63,24.51,18860
2021-02-25,24.5,24.27,24.525,24.23,22147
2021-02-26,24.5,23.91,24.5,23.91,55986
2021-03-01,24.07,24.15,24.2711,23.91,31274
2021-03-02,24.16,24.3747,24.45,24.1376,30773
2021-03-03,24.46,24.43,24.54,24.31,29582
2021-03-04,24.54,24.58,24.64,24.48,34132
2021-03-05,24.53,24.65,24.74,24.5,28521
2021-03-08,24.59,24.83,24.85,24.59,22084
2021-03-09,24.98,24.94,24.98,24.63,8131
2021-03-10,24.8668,24.955,24.99,24.85,13705
2021-03-11,25.0,25.08,25.11,24.99,16406
2021-03-12,25.05,24.99,25.05,24.86,15215
2021-03-15,25.04,24.9406,25.05,24.909,2694
2021-03-16,25.14,25.2,25.2594,25.0001,5918
2021-03-17,25.1,25.175,25.2,25.05,9882
2021-03-18,25.15,25.0,25.15,24.97,8737
2021-03-19,24.87,25.1199,25.12,24.8686,15335
2021-03-22,25.25,25.15,25.2851,25.15,4545
2021-03-23,25.25,25.33,25.355,25.25,5167
2021-03-24,25.43,25.54,25.55,25.3467,5281
2021-03-25,25.59,25.52,25.59,25.327,8647
2021-03-26,25.4712,25.4,25.5099,25.36,6464
2021-03-29,25.21,25.35,25.37,25.21,5233
2021-03-30,25.35,25.32,25.39,25.25,6496
2021-03-31,25.26,25.78,25.83,25.26,57727
2021-04-01,25.73,25.73,25.89,25.675,38340
2021-04-05,25.68,25.87,25.88,25.633,5173
2021-04-06,25.7,25.98,25.98,25.7,16590
2021-04-07,25.91,25.92,25.94,25.73,24855
2021-04-08,25.93,25.95,25.96,25.74,9260
2021-04-09,25.9337,25.94,25.95,25.79,4836
2021-04-12,25.94,25.94,25.94,25.8798,5705
2021-04-13,25.85,26.0299,26.03,25.85,3970
2021-04-14,25.98,25.75,26.0084,25.75,6619
2021-04-15,25.75,26.02,26.02,25.75,12660
2021-04-16,25.96,25.82,25.9781,25.71,15537
2021-04-19,25.86,25.99,25.99,25.725,8380
2021-04-20,25.7827,25.85,25.85,25.7827,4578
2021-04-21,25.96,25.8456,25.96,25.79,12919
2021-04-22,25.81,25.48,25.8951,25.41,30226
2021-04-23,25.45,25.49,25.6626,25.45,1355
2021-04-26,25.5,25.58,25.7,25.49,8034
2021-04-27,25.545,25.53,25.55,25.41,10794
2021-04-28,25.401,25.5,25.5,25.4,7008
2021-04-29,25.4293,25.4,25.45,25.4,4903
2021-04-30,25.4,25.79,25.86,25.4,54957
2021-05-03,25.79,25.81,25.91,25.72,10277
2021-05-04,25.745,25.75,25.89,25.69,8705
2021-05-05,25.85,25.91,25.91,25.6401,4929
2021-05-06,25.779,25.625,25.779,25.46,5785
2021-05-07,25.75,25.85,25.85,25.67,3593
2021-05-10,25.6801,25.63,25.72,25.63,939
2021-05-11,25.3,25.5,25.5,25.3,6213
2021-05-12,25.43,25.06278,25.43,25.27,5378
2021-05-13,25.15,25.14,25.2,25.09,12268
2021-05-14,25.25,25.25,25.25,25.175,583
2021-05-17,25.14,25.22,25.22,25.1,10304
2021-05-18,25.11,25.12,25.15,25.01,15244
2021-05-19,25.05,25.0433,25.05,24.999,690
2021-05-20,25.1716,25.2805,25.2805,25.0758,4200
2021-05-21,25.28,25.28,25.28,25.19,1820
2021-05-24,25.4,25.28,25.4,25.28,3566
2021-05-25,25.3,25.25,25.3,25.25,5164
2021-05-26,25.3,25.27,25.3,25.13,5164
2021-05-27,25.11,25.18,25.29,25.11,8968
2021-05-28,25.1,25.3,25.3,25.1,6372
2021-06-01,25.3,25.28,25.36,25.27,12128
2021-06-02,25.3,25.31,25.4,25.3,11915
2021-06-03,25.32,25.35,25.45,25.26,16084
2021-06-04,25.44,25.37,25.44,25.3636,4431
2021-06-07,25.35,25.41,25.45,25.3101,5549
2021-06-08,25.28,25.35,25.41,25.28,3961
2021-06-09,25.3,25.44,25.44,25.3,6322
2021-06-10,25.3875,25.4,25.413,25.37,2492
2021-06-11,25.42,25.405,25.42,25.38,3082
2021-06-14,25.46,25.59,25.59,25.33,7379
2021-06-15,25.46,25.4802,25.57,25.46,6420
2021-06-16,25.511,25.49,25.515,25.49,1580
2021-06-17,25.399,25.4,25.55,25.3501,10356
2021-06-18,25.4821,25.55,25.55,25.33,6517
2021-06-21,25.4878,25.51,25.51,25.38,1124
2021-06-22,25.54,25.61,25.62,25.4911,8443
2021-06-23,25.5462,25.5373,25.585,25.53,2966
2021-06-24,25.565,25.6,25.6,25.5621,2507
2021-06-25,25.56,25.4283,25.56,25.4,5123
2021-06-28,25.41,25.45,25.45,25.3601,3492
2021-06-29,25.36,25.5,25.5,25.35,7835
2021-06-30,25.5101,25.62,25.62,25.42,16142
2021-07-01,25.62,25.575,25.62,25.5363,4214
2021-07-02,25.6682,25.65,25.68,25.631,7849
2021-07-06,25.6163,25.675,25.675,25.6163,2627
2021-07-07,25.6342,25.68,25.8,25.6342,18024
2021-07-08,25.6777,25.66,25.71,25.66,1900
2021-07-09,25.67,25.63,25.698,25.61,5729
2021-07-12,25.66,25.73,25.73,25.5801,4270
2021-07-13,25.7,25.77,25.77,25.57,7407
2021-07-14,25.75,25.68,25.75,25.655,2405
2021-07-15,25.68,25.72,25.78,25.64,15259
2021-07-16,25.6,25.58,25.6,25.4,57657
2021-07-19,25.511,25.5053,25.5392,25.5053,2032
2021-07-20,25.4223,25.6,25.74,25.4223,14199
2021-07-21,25.5,25.6,25.6,25.5,3427
2021-07-22,25.5801,25.5534,25.6165,25.53,4854
2021-07-23,25.5799,25.6457,25.78,25.5794,10720
2021-07-26,25.72,25.66,25.75,25.66,7213
2021-07-27,25.5307,25.6,25.6,25.501,3712
2021-07-28,25.477,25.55,25.55,25.4401,9352
2021-07-29,25.5809,25.6696,25.7284,25.5527,6137
2021-07-30,25.5,25.82,25.95,25.5,12330
2021-08-02,25.88,25.88,25.9,25.855,3978
2021-08-03,25.8799,25.8,25.9799,25.8,22692
2021-08-04,25.69,25.85,25.925,25.69,6843
2021-08-05,25.78,25.84,25.99,25.72,9555
2021-08-06,25.9,25.88,25.97,25.8,15831
2021-08-09,25.76,25.92,25.95,25.7121,7481
2021-08-10,25.74,25.7672,25.7672,25.5,2741
2021-08-11,25.75,25.63444,25.891,25.5817,5424
2021-08-12,25.47,25.74,25.74,25.47,4155
2021-08-13,25.6415,25.75,25.75,25.6,7773
2021-08-16,25.65,25.86,25.86,25.65,5328
2021-08-17,25.715,25.75,25.86,25.5701,8127
2021-08-18,25.83,25.63,25.83,25.57,2685
2021-08-19,25.41,25.46,25.7713,25.4,4568
2021-08-20,25.5324,25.72,25.72,25.5324,3681
2021-08-23,25.63,25.5101,25.695,25.5101,5044
2021-08-24,25.6555,25.57,25.6555,25.4848,2477
2021-08-25,25.58,25.62,25.63,25.58,1798
2021-08-26,25.505,25.3601,25.505,25.35,21178
2021-08-27,25.46,25.41,25.46,25.36,7916
2021-08-30,25.36,25.394,25.4999,25.36,3743
2021-08-31,25.48,25.5,25.5,25.3449,9515
2021-09-01,25.5351,25.56,25.59,25.5351,3752
2021-09-02,25.5,25.49,25.61,25.49,3948
2021-09-03,25.5373,25.4612,25.5373,25.37,9535
2021-09-07,25.36,25.3599,25.395,25.28,5542
2021-09-08,25.3625,25.36,25.381,25.29,8635
2021-09-09,25.39,25.3501,25.3962,25.31,10618
2021-09-10,25.32,25.3515,25.368,25.32,2990
2021-09-13,25.33,25.39,25.41,25.31,18181
2021-09-14,25.31,25.3602,25.4491,25.31,28104
2021-09-15,25.35,25.62,25.62,25.35,14436
2021-09-16,25.53,25.62,25.63,25.4954,4995
2021-09-17,25.47,25.45,25.52,25.44,13182
2021-09-20,25.53,25.4726,25.56,25.45,8449
2021-09-21,25.532,25.54,25.56,25.51,6248
2021-09-22,25.5495,25.64,25.72,25.5495,9594
2021-09-23,25.6237,25.71,25.71,25.52,1777
2021-09-24,25.65,25.53,25.65,25.45,3832
2021-09-27,25.4501,25.58,25.58,25.4501,2967
2021-09-28,25.45,25.4,25.45,25.23,12650
2021-09-29,25.32,25.54,25.54,25.32,5366
2021-09-30,25.49,25.81,25.841,25.3701,36003
2021-10-01,25.7,25.74,25.8045,25.67,8102
2021-10-04,25.5875,25.49,25.601,25.4,10029
2021-10-05,25.62,25.4,25.6386,25.4,6309
2021-10-06,25.31,25.56,25.5649,25.2701,8496
2021-10-07,25.32,25.4397,25.58,25.32,6184
2021-10-08,25.37,25.47,25.5,25.37,3543
2021-10-11,25.5325,25.48,25.5325,25.3847,1804
2021-10-12,25.512,25.6,25.6,25.512,2892
2021-10-13,25.6,25.84,25.8599,25.5979,13355
2021-10-14,25.76,25.91,25.91,25.7,10307
2021-10-15,25.78,25.779,25.91,25.7709,4698
2021-10-18,25.75,25.89,25.9257,25.5801,5838
2021-10-19,25.71,25.69,25.75,25.41,36745
2021-10-20,25.43,25.44,25.62,25.4152,8627
2021-10-21,25.45,25.51,25.54,25.4186,5524
2021-10-22,25.4937,25.49,25.54,25.44,9791
2021-10-25,25.49,25.53,25.53,25.41,1528
2021-10-26,25.58,25.71,25.72,25.5,2447
2021-10-27,25.661,25.81,25.81,25.63,6527
2021-10-28,25.88,25.84,25.88,25.59,8117
2021-10-29,25.602,25.56,25.9171,25.56,24951
2021-11-01,25.6888,25.82,25.88,25.63,23356
2021-11-02,25.8101,25.82,26.05,25.81,10145
2021-11-03,26.05,26.2,26.2575,26.05,16299
2021-11-04,26.08,26.14,26.3,26.01,7275
2021-11-05,26.3057,26.175,26.3057,26.08,8577
2021-11-08,26.1472,26.09,26.24,26.09,5594
2021-11-09,25.92,25.95,26.34,25.92,4888
2021-11-10,25.9337,25.7,25.97,25.7,4002
2021-11-11,25.7,25.35444,25.77,25.5972,5128
2021-11-12,25.28,25.4525,25.59,25.28,5919
2021-11-15,25.39,25.26,25.48,25.24,15854
2021-11-16,25.3,25.225,25.36,25.21,17113
2021-11-17,25.17,25.13,25.17,25.08,4401
2021-11-18,25.11,25.1193,25.26,25.11,6625
2021-11-19,25.11,25.095,25.149,25.04,10251
2021-11-22,25.08,25.0142,25.09,24.99,10596
2021-11-23,25.011,25.02,25.048,24.99,6596
2021-11-24,25.11,25.06,25.11,24.99,1075
2021-11-26,25.06,24.9095,25.06,24.9095,5243
2021-11-29,25.1,25.09,25.1,25.0,4084
2021-11-30,24.96,24.55,24.9948,24.55,77425
2021-12-01,24.66,24.73,24.8999,24.65,10045
2021-12-02,24.765,24.73,24.8299,24.73,6223
2021-12-03,24.63,24.679,24.8214,24.63,5154
2021-12-06,24.63,24.79,24.79,24.63,10961
2021-12-07,24.8,24.71,24.861,24.71,11017
2021-12-08,24.71,24.7588,24.8599,24.71,4855
2021-12-09,24.7535,24.85,24.8665,24.75,7359
2021-12-10,24.79,24.86,24.95,24.64,31368
2021-12-13,24.98,24.93,24.99,24.81,12382
2021-12-14,24.9,24.975,25.01,24.8553,15818
2021-12-15,24.982,25.0,25.091,24.951,6701
2021-12-16,25.14,25.26,25.26,25.14,2506
2021-12-17,25.27,25.3316,25.3316,25.26,3675
2021-12-20,25.1,25.33,25.37,25.1,13659
2021-12-21,25.33,25.275,25.33,25.22,2657
2021-12-22,25.4,25.3725,25.4,25.3101,3842
2021-12-23,25.38,25.289,25.4,25.24,3551
2021-12-27,25.31,25.29,25.31,25.28,3198
2021-12-28,25.26,25.3,25.3,25.26,1550
2021-12-29,25.1827,25.39,25.4,25.1827,8523
2021-12-30,25.323,25.3856,25.4042,25.2926,2964
2021-12-31,25.4784,25.57,25.57,25.4592,2176
2022-01-03,25.61,25.4047,25.61,25.37,5115
2022-01-04,25.41,25.3,25.41,25.23,13292
2022-01-05,25.25,25.201,25.29,25.1438,10201
2022-01-06,25.08,25.4281,25.4281,24.97,7093
2022-01-07,25.2465,25.37,25.37,25.0893,12434
2022-01-10,25.34,25.19,25.34,25.105,7806
2022-01-11,25.2425,25.3,25.3,25.2425,1302
2022-01-12,25.25,25.59,25.59,25.07,53001
2022-01-13,25.59,25.7,25.72,25.59,6967
2022-01-14,25.75,25.7485,25.76,25.64,39747
2022-01-18,25.55,25.64,25.6735,25.45,9760
2022-01-19,25.63,25.71,25.84,25.62,9706
2022-01-20,25.66,25.69,25.77,25.62,7552
2022-01-21,25.5966,25.691,25.85,25.54,5417
2022-01-24,25.48,25.65,25.66,25.41,21858
2022-01-25,25.57,25.615,25.7778,25.47,15195
2022-01-26,25.64,25.4,25.655,25.215,19819
2022-01-27,25.41,24.52,25.41,24.5,30402
2022-01-28,24.53,24.26,24.53,24.2501,19756
2022-01-31,24.5,24.58,24.8899,24.42,23676
2022-02-01,24.48,24.6,24.81,24.48,7303
2022-02-02,24.8389,24.8,24.84,24.61,20052
2022-02-03,24.64,24.738,24.738,24.4,14175
2022-02-04,24.63,24.26,24.63,24.26,4921
2022-02-07,24.39,24.26,24.6091,24.26,7121
2022-02-08,24.19,23.83,24.19,23.68,18277
2022-02-09,23.86,23.81,24.125,23.57,10918
2022-02-10,23.73,23.24,23.8101,23.23,18265
2022-02-11,23.15,22.64444,23.17,22.75,21853
2022-02-14,22.65,22.06,22.8074,21.92,27391
2022-02-15,22.4,22.24,22.4,22.02,25313
2022-02-16,22.37,22.46,22.5,22.2677,15328
2022-02-17,22.35,22.34,22.66,22.26,12249
2022-02-18,22.75,22.65,22.75,22.437,10794
2022-02-22,22.77,22.5799,22.79,22.26,13163
2022-02-23,22.42,22.3096,22.603,22.2515,12971
2022-02-24,22.14,22.37,22.38,22.01,18983
2022-02-25,22.26,22.6802,22.74,22.26,4892
2022-02-28,22.71,22.28,22.7516,22.2623,39970
2022-03-01,22.28,22.26,22.7,22.26,9136
2022-03-02,22.26,22.22,22.28,22.03,16195
2022-03-03,22.17,22.15,22.22,22.14,15185
2022-03-04,22.1,22.1387,22.29,22.0,11688
2022-03-07,22.0,21.9744,22.0468,21.914,11793
2022-03-08,21.98,21.87,21.98,21.77,3828
2022-03-09,22.0,22.12,22.25,22.0,7288
2022-03-10,22.1708,21.9501,22.1708,21.91,7773
2022-03-11,22.11,21.85,22.11,21.85,17995
2022-03-14,21.71,21.28,21.83,21.0806,25449
2022-03-15,21.37,21.32,21.894,21.3,69052
2022-03-16,21.36,21.49,21.585,21.35,13005
2022-03-17,21.62,21.92,21.99,21.61,4520
2022-03-18,22.09,21.99,22.13,21.99,8212
2022-03-21,22.11,21.795,22.2188,21.795,10704
2022-03-22,21.6692,21.75,21.8586,21.6692,15413
2022-03-23,21.62,21.83,21.98,21.62,27582
2022-03-24,21.77,21.7001,21.9,21.65,61348
2022-03-25,21.68,21.64,21.7499,21.54,41940
2022-03-28,21.605,21.56,21.8099,21.52,30776
2022-03-29,21.72,21.87,21.88,21.67,23708
2022-03-30,21.71,21.76,21.9622,21.71,17169
2022-03-31,21.76,21.62,22.0,21.62,170658
2022-04-01,21.7072,21.66,21.72,21.651,15054
2022-04-04,21.76,21.85,21.85,21.64,11861
2022-04-05,21.7514,21.53,21.7514,21.53,15628
2022-04-06,21.47,21.26,21.47,21.22,15133
2022-04-07,21.3377,21.1551,21.3377,21.09,6484
2022-04-08,21.12,20.7958,21.2231,20.79,24407
2022-04-11,20.79,20.3,20.79,20.3,23317
2022-04-12,20.45,20.15,20.516,20.09,27457
2022-04-13,20.16,20.56,20.764,20.16,12541
2022-04-14,20.56,21.0,21.0492,20.55,55858
2022-04-18,21.08,21.0,21.1349,20.7194,30145
2022-04-19,21.03,21.0,21.15,20.8001,24559
2022-04-20,21.132,21.0102,21.23,21.0001,14494
2022-04-21,21.01,20.725,21.0775,20.7,14662
2022-04-22,20.72,20.56,20.756,20.56,8662
2022-04-25,20.58,20.7989,20.86,20.56,27605
2022-04-26,20.785,20.8,20.9016,20.5905,8391
2022-04-27,20.6142,20.55,20.7976,20.55,19265
2022-04-28,20.56,20.95,20.95,20.55,16082
2022-04-29,20.79,21.04,21.05,20.79,22721
2022-05-02,20.92,20.68,20.988,20.56,47842
2022-05-03,20.63,20.55,20.75,20.55,31201
2022-05-04,20.55,20.5501,20.6767,20.55,6881
2022-05-05,20.62,20.6,20.7,20.6,27672
2022-05-06,20.6,20.6,20.72,20.6,25504
2022-05-09,20.6,20.66,20.6865,20.6,42234
2022-05-10,20.71,20.8156,21.08,20.6178,11908
2022-05-11,20.72,20.74278,20.99,20.6619,16755
2022-05-12,20.72,20.63,20.87,20.48,16301
2022-05-13,20.6,20.83,20.88,20.46,8105
2022-05-16,20.45,20.61,20.6277,20.22,20785
2022-05-17,20.8,20.21,20.8,20.21,11516
2022-05-18,20.2,20.07,20.305,19.845,16157
2022-05-19,20.0791,19.77,20.0791,19.75,42466
2022-05-20,19.85,19.62,19.85,19.14,39829
2022-05-23,19.48,18.81,19.9496,18.75,13754
2022-05-24,18.75,19.49,19.49,18.75,25252
2022-05-25,19.595,19.8689,19.9219,19.595,6319
2022-05-26,20.04,19.91,20.22,19.65,19215
2022-05-27,19.7991,20.42,20.49,19.7991,21279
2022-05-31,20.41,20.05,20.64,19.97,39596
2022-06-01,20.06,19.9,20.09,19.9,18318
2022-06-02,20.21,20.06,20.21,19.8591,10894
2022-06-03,20.0,20.26,20.26,19.75,23918
2022-06-06,20.36,19.99,20.36,19.85,27621
2022-06-07,19.95,20.01,20.16,19.8,22991
2022-06-08,20.2243,20.03,20.2243,19.9919,2519
2022-06-09,19.9914,19.88,20.0,19.67,16484
2022-06-10,19.57,19.33,19.57,19.2712,8463
2022-06-13,19.0192,18.975,19.1178,18.885,18976
2022-06-14,19.0377,18.8,19.12,18.54,15481
2022-06-15,18.9314,18.99,19.1999,18.71,28137
2022-06-16,18.7238,18.81,18.8404,18.62,13632
2022-06-17,18.69,18.75,18.89,18.65,8442
2022-06-21,18.8423,19.0912,19.14,18.8423,16776
2022-06-22,19.1,18.995,19.1114,18.92,12418
2022-06-23,19.021,19.4199,19.4199,19.021,13926
2022-06-24,19.7399,19.4,19.7399,19.2501,24159
2022-06-27,19.4,19.4001,19.6548,19.393,10389
2022-06-28,19.3948,19.33,19.54,19.31,14989
2022-06-29,19.475,19.4601,19.59,19.403,9691
2022-06-30,19.5226,20.26,20.4,19.4727,288634
2022-07-01,20.26,20.26,20.4291,20.1001,24747
2022-07-05,20.38,20.4,20.72,20.2501,23451
2022-07-06,20.4,20.61,20.6937,20.4,12701
2022-07-07,20.56,20.99,21.095,20.47,16626
2022-07-08,20.96,20.92,21.05,20.77,22861
2022-07-11,21.06,21.0494,21.3915,20.99,6922
2022-07-12,21.02,21.2,21.37,21.01,23474
2022-07-13,21.01,20.85,21.6,20.85,23918
2022-07-14,20.8,21.4,21.59,20.8,40061
2022-07-15,21.46,21.58,21.99,21.19,45206
2022-07-18,21.5999,21.52,21.7499,21.52,12309
2022-07-19,21.68,21.5,21.68,21.435,10923
2022-07-20,21.42,21.43,21.65,21.4,15970
2022-07-21,21.65,21.5692,21.8099,21.42,5106
2022-07-22,21.66,21.66,21.732,21.5,13543
2022-07-25,21.685,21.75,21.75,21.56,4637
2022-07-26,21.7,21.67,21.7,21.47,8864
2022-07-27,21.63,21.3,21.68,21.1232,41791
2022-07-28,21.375,21.36,21.375,21.11,17854
2022-07-29,21.23,21.36,21.65,21.1234,5718
2022-08-01,21.525,21.67,21.67,21.37,9233
2022-08-02,21.35,22.43,22.75,21.35,27168
2022-08-03,22.333,23.1,23.28,22.249,12629
2022-08-04,22.7799,23.2,23.2,22.6895,3362
2022-08-05,23.17,22.94,23.17,22.5,15940
2022-08-08,22.6511,22.6205,22.99,22.42,17255
2022-08-09,22.37,22.25,22.37,22.25,3293
2022-08-10,22.2001,22.29,22.5999,22.2001,5353
2022-08-11,22.27,22.04444,22.5664,22.25,6783
2022-08-12,22.15,22.15,22.2744,22.02,3381
2022-08-15,21.99,22.012,22.2499,21.99,3943
2022-08-16,22.1845,22.19,22.19,21.94,7166
2022-08-17,21.96,21.7505,21.99,21.68,1612
2022-08-18,21.54,21.47,21.81,21.4,13409
2022-08-19,21.03,21.35,21.35,21.03,1360
2022-08-22,21.05,21.05,21.0501,21.05,2050
2022-08-23,20.65,19.78,20.94,19.73,22402
2022-08-24,19.8,20.0714,20.0714,19.8,4311
2022-08-25,20.48,20.25,20.48,20.0138,7095
2022-08-26,20.5099,20.25,20.5099,20.07,6350
2022-08-29,20.37,19.86,20.37,19.86,16733
2022-08-30,20.0,19.856,20.02,19.8,13653
2022-08-31,19.98,19.75,19.999,19.73,17459
2022-09-01,19.75,19.52,19.75,19.5101,24152
2022-09-02,19.605,19.6298,19.74,19.57,4334
2022-09-06,19.64,19.67,19.67,19.4,10053
2022-09-07,19.7,19.65,19.81,19.5,9278
2022-09-08,19.77,19.765,19.96,19.6582,5635
2022-09-09,20.0489,19.93,20.16,19.79,5544
2022-09-12,19.95,20.15,20.2,19.95,18441
2022-09-13,19.96,20.0987,20.18,19.8266,8251
2022-09-14,20.23,20.23,20.3899,20.17,9444
2022-09-15,20.2,20.0785,20.4299,20.0401,17631
2022-09-16,20.1465,20.17,20.21,20.0,8121
2022-09-19,19.9165,20.14,20.26,19.885,6298
2022-09-20,20.2907,20.16,20.36,20.05,10568
2022-09-21,20.2498,20.0601,20.2499,20.06,5970
2022-09-22,20.1,19.9407,20.16,19.9407,19782
2022-09-23,20.0157,19.5428,20.0157,19.5023,16907
2022-09-26,19.55,19.3917,19.55,19.33,8449
2022-09-27,19.58,19.4429,19.58,19.2201,11282
2022-09-28,19.55,19.69,19.7,19.55,4753
2022-09-29,19.4107,19.7,19.7045,19.3801,3224
2022-09-30,19.5601,18.78,19.7349,18.78,100575
2022-10-03,19.0,18.94,19.2525,18.93,40799
2022-10-04,19.03,19.225,19.348,19.03,30641
2022-10-05,19.27,19.26,19.27,19.0,7280
2022-10-06,19.01,19.08,19.2,19.01,15326
2022-10-07,19.05,18.98,19.05,18.75,10145
2022-10-10,18.82,18.7577,19.11,18.7442,8191
2022-10-11,18.974,18.87,18.98,18.8019,4893
2022-10-12,18.63,18.8318,18.8318,18.63,4692
2022-10-13,18.51,19.04,19.05,18.51,15974
2022-10-14,19.1009,19.16,19.22,19.0,5397
2022-10-17,19.11,19.15,19.3876,19.11,10886
2022-10-18,19.2,19.1498,19.28,19.1349,4099
2022-10-19,19.13,18.8913,19.13,18.88,16259
2022-10-20,18.9159,18.61,18.9159,18.6,4862
2022-10-21,18.8481,18.65,18.8482,18.5183,44590
2022-10-24,18.65,18.77,19.2099,18.65,5231
2022-10-25,18.81,18.99,19.03,18.72,15408
2022-10-26,18.7689,18.67,19.06,18.67,38105
2022-10-27,18.7,18.77,18.839,18.65,10795
2022-10-28,18.67,18.57,18.85,18.57,12718
2022-10-31,18.65,18.83,18.83,18.52,39979
2022-11-01,18.82,18.69,18.82,18.66,17683
2022-11-02,18.58,18.585,18.87,18.48,22395
2022-11-03,18.6,18.46,18.65,18.45,16451
2022-11-04,18.6,18.505,18.6372,18.46,7083
2022-11-07,18.57,18.49,18.66,18.47,27522
2022-11-08,18.63,18.8877,18.91,18.63,12886
2022-11-09,18.74,18.93,18.94,18.74,9267
2022-11-10,19.05,19.84,19.84,19.0351,19501
2022-11-11,19.52,19.71444,19.99,19.52,12428
2022-11-14,19.75,19.75,19.8999,19.6,21918
2022-11-15,19.91,19.9,19.97,19.6173,15035
2022-11-16,19.9,19.87,19.99,19.82,19521
2022-11-17,19.8501,19.5963,19.8815,19.5,8701
2022-11-18,19.4447,19.4607,19.4607,19.28,14474
2022-11-21,19.39,19.33,19.526,19.32,11891
2022-11-22,19.465,19.352,19.62,19.33,13533
2022-11-23,19.38,19.4632,19.5082,19.38,7193
2022-11-25,19.69,19.7,19.7,19.69,703
2022-11-28,19.71,19.61,19.71,19.5756,6777
2022-11-29,19.46,19.6612,19.675,19.44,26029
2022-11-30,19.4982,19.64,19.9399,19.4,19989
2022-12-01,19.71,19.91,20.1,19.71,14232
2022-12-02,19.86,20.01,20.2799,19.86,15811
2022-12-05,20.1316,20.025,20.2187,20.01,13393
2022-12-06,20.05,19.94,20.05,19.75,7941
2022-12-07,19.64,20.12,20.12,19.64,15498
2022-12-08,20.03,20.0849,20.25,19.974,25120
2022-12-09,19.965,20.02,20.13,19.95,23677
2022-12-12,20.095,19.906,20.095,19.715,31759
2022-12-13,20.03,20.05,20.2897,20.0,19189
2022-12-14,19.9313,19.9375,20.1,19.9125,6128
2022-12-15,20.0,19.92,20.0,19.7239,18633
2022-12-16,19.78,19.75,19.84,19.73,4280
2022-12-19,19.71,19.53,19.7299,19.4965,40179
2022-12-20,19.44,19.3837,19.78,19.35,25329
2022-12-21,19.39,19.4235,19.6225,19.38,12822
2022-12-22,19.32,19.22,19.52,19.06,13928
2022-12-23,18.95,19.07,19.31,18.79,67336
2022-12-27,19.08,19.025,19.1388,18.9,42738
2022-12-28,19.02,19.04,19.1,18.93,33564
2022-12-29,19.1744,19.2,19.21,19.0,31083
2022-12-30,19.19,19.04,19.227,18.93,37879
2023-01-03,19.0,19.31,19.31,18.96,16946
2023-01-04,19.39,19.6,19.6,19.305,13271
2023-01-05,19.5,19.5,19.5837,19.4,16131
2023-01-06,19.69,19.63,19.7399,19.5006,14652
2023-01-09,19.73,19.75,19.8585,19.58,10732
2023-01-10,19.57,19.64,19.7399,19.45,16528
2023-01-11,19.56,19.88,19.88,19.56,15924
2023-01-12,19.9174,19.9737,20.12,19.7913,14492
2023-01-13,19.985,20.203,20.22,19.9,13035
2023-01-17,20.21,20.39,20.43,20.12,22841
2023-01-18,20.47,20.84,20.85,20.43,32170
2023-01-19,20.71,21.08,21.08,20.7,16988
2023-01-20,21.05,21.05,21.2,20.84,21660
2023-01-23,21.0,21.2,21.33,21.0,8719
2023-01-24,21.07,21.285,21.36,21.0375,10392
2023-01-25,21.26,21.28,21.4392,21.02,20872
2023-01-26,21.38,21.48,21.48,21.3,9712
2023-01-27,21.3938,21.44,21.6176,21.37,16209
2023-01-30,21.3939,21.49,21.5312,21.38,18342
2023-01-31,21.55,21.675,21.81,21.55,8767
2023-02-01,21.69,21.7862,21.88,21.67,18474
2023-02-02,21.89,22.28,22.29,21.85,35786
2023-02-03,22.26,21.9,22.324,21.65,43314
2023-02-06,21.74,21.74,21.81,21.4348,20240
2023-02-07,21.935,21.75,22.01,21.3497,38335
2023-02-08,21.6003,21.6687,21.81,21.5462,15788
2023-02-09,21.7,21.52,21.875,21.5,68354
2023-02-10,21.28,21.65,21.66,21.25,20017
2023-02-13,21.69,21.58949,21.94,21.6061,15861
2023-02-14,21.55,21.5,21.725,21.01,19385
2023-02-15,21.5811,21.4675,21.61,21.31,11373
2023-02-16,21.29,21.1,21.29,20.9782,57824
2023-02-17,21.06,21.1,21.1,20.92,28508
2023-02-21,21.0,20.84,21.0,20.7333,31672
2023-02-22,20.9,20.85,20.93,20.6965,38954
2023-02-23,20.91,20.92,20.98,20.82,31787
2023-02-24,20.92,20.9664,20.98,20.75,6435
2023-02-27,20.875,21.0,21.0,20.831,14178
2023-02-28,21.2,20.9,21.2,20.84,25195
2023-03-01,20.9,21.07,21.07,20.765,66086
2023-03-02,20.9,21.0,21.2083,20.78,48156
2023-03-03,21.29,21.14,21.29,21.095,12449
2023-03-06,21.25,21.27,21.276,21.15,11119
2023-03-07,21.21,21.17,21.21,21.01,21923
2023-03-08,21.13,21.08,21.2465,21.01,23881
2023-03-09,21.14,21.08,21.246,21.0,39023
2023-03-10,21.08,20.95,21.08,20.64,25317
2023-03-13,20.75,20.45,20.9,20.3253,9031
2023-03-14,21.05,20.74,21.0637,20.25,18407
2023-03-15,20.56,20.29,20.5789,19.77,19096
2023-03-16,20.19,20.85,20.87,19.83,17344
2023-03-17,20.82,20.56,20.9799,19.86,16493
2023-03-20,20.2243,19.8822,20.8,19.65,18310
2023-03-21,19.99,20.12,20.1799,19.7,36933
2023-03-22,20.17,20.26,20.51,19.86,36292
2023-03-23,20.26,20.14,20.26,19.9,26661
2023-03-24,19.89,19.85,19.95,19.5,28230
2023-03-27,19.95,20.14,20.3499,19.95,30817
2023-03-28,20.4,20.4,20.43,20.05,21947
2023-03-29,20.5286,20.98,20.98,20.2601,23857
2023-03-30,20.925,20.9,21.05,20.6284,12790
2023-03-31,20.91,21.79,21.99,20.9,88602
2023-04-03,21.59,21.72,21.79,21.205,38552
2023-04-04,21.59,21.6804,21.75,21.48,23681
2023-04-05,21.67,21.31,21.67,21.3,16675
2023-04-06,21.41,21.32,21.49,21.28,9991
2023-04-10,21.2,21.2753,21.355,20.9108,20411
2023-04-11,21.29,21.24,21.34,21.0401,13060
2023-04-12,21.31,21.62,21.62,21.1799,18611
2023-04-13,21.54,21.4101,21.5501,21.32,9174
2023-04-14,21.4101,21.5,21.5899,21.32,9854
2023-04-17,21.44,21.43,21.5692,21.29,5571
2023-04-18,21.49,21.34,21.49,21.31,7728
2023-04-19,21.45,21.3322,21.5,21.3101,9959
2023-04-20,21.28,21.19,21.38,21.19,3329
2023-04-21,21.3559,21.23,21.4726,21.23,9474
2023-04-24,21.17,21.08,21.21,21.08,5884
2023-04-25,21.0,21.05,21.215,20.9,7467
2023-04-26,20.98,20.92,21.44,20.92,15030
2023-04-27,20.93,21.07,21.21,20.925,13052
2023-04-28,21.2,21.51,21.51,20.97,25393
2023-05-01,21.39,21.4275,21.5,21.15,17330
2023-05-02,21.12,21.45,21.45,21.05,6135
2023-05-03,21.3114,21.0,21.3114,20.95,14405
2023-05-04,20.89,20.815,20.995,20.675,23271
2023-05-05,21.39,21.0861,21.39,20.95,7153
2023-05-08,21.35,21.25,21.35,21.16,1421
2023-05-09,21.2499,20.9887,21.2499,20.703,13705
2023-05-10,21.1,21.18,21.31,20.95,8176
2023-05-11,21.21,20.7675,21.3495,20.95,17212
2023-05-12,20.98,20.9899,20.9899,20.58,3963
2023-05-15,20.6754,20.9,21.04,20.6754,11130
2023-05-16,21.06,20.81,21.14,20.81,12121
2023-05-17,20.62,20.895,20.95,20.62,17287
2023-05-18,20.87,20.93,20.94,20.7306,2898
2023-05-19,20.8725,20.75,20.92,20.75,2761
2023-05-22,20.8,20.7,20.8,20.6,2925
2023-05-23,20.9456,20.66,20.9456,20.52,6762
2023-05-24,20.37,20.52,20.52,20.29,4476
2023-05-25,20.81,20.5,20.81,20.18,9669
2023-05-26,20.45,20.45,20.4848,20.23,4072
2023-05-30,20.59,20.23,20.59,20.2,28120
2023-05-31,20.15,20.21,20.4699,20.15,20229
2023-06-01,20.34,20.31,20.48,20.31,1780
2023-06-02,20.43,20.67,20.7,20.35,8614
2023-06-05,20.51,20.67,20.6778,20.4701,1665
2023-06-06,20.41,20.525,20.7,20.4054,8746
2023-06-07,20.58,20.4342,20.58,20.395,7939
2023-06-08,20.48,20.32,20.4999,20.32,4525
2023-06-09,20.3,20.21,20.38,20.14,21075
2023-06-12,20.32,20.2699,20.4299,20.14,12195
2023-06-13,20.32,20.37,20.53,20.2266,37307
2023-06-14,20.37,20.29,20.37,20.27,7979
2023-06-15,20.3199,20.45,20.49,20.27,3772
2023-06-16,20.56,20.43,20.62,20.41,21317
2023-06-20,20.43,20.5,20.535,20.43,10058
2023-06-21,20.58,20.57,20.71,20.5,19640
2023-06-22,20.57,20.54,20.67,20.51,13187
2023-06-23,20.51,20.53,20.72,20.47,14354
2023-06-26,20.6,20.81,20.92,20.57,31181
2023-06-27,20.79,20.62,20.84,20.615,63088
2023-06-28,20.55,20.6,20.8054,20.55,52682
2023-06-29,20.68,20.16,20.68,20.16,75173
2023-06-30,20.17,20.31,20.6399,20.0,349767
2023-07-03,20.31,20.59,20.59,20.31,12565
2023-07-05,20.58,20.37,20.7,20.3501,41050
2023-07-06,20.36,20.36,20.36,20.22,29897
2023-07-07,20.357,20.51,20.53,20.26,18214
2023-07-10,20.55,20.73,20.76,20.5201,10022
2023-07-11,20.59,20.7,20.76,20.5,11405
2023-07-12,20.83,20.83,20.84,20.7841,9290
2023-07-13,20.83,20.77,20.8311,20.7,15238
2023-07-14,20.695,20.77,20.77,20.695,2391
2023-07-17,20.62,20.76,20.76,20.6,13186
2023-07-18,20.65,20.9,20.9,20.65,13347
2023-07-19,20.8,20.96,20.98,20.8,12889
2023-07-20,20.95,20.93,20.95,20.85,7771
2023-07-21,20.93,20.98,21.08,20.87,36642
2023-07-24,21.07,21.15,21.16,21.07,5721
2023-07-25,21.09,21.07,21.1,21.0476,8856
2023-07-26,21.1,21.26,21.31,21.0518,28508
2023-07-27,21.21,21.06,21.5,21.06,22331
2023-07-28,21.235,21.24,21.34,21.235,2773
2023-07-31,21.28,21.53,21.6,21.28,48574
2023-08-01,21.48,21.37,21.48,21.25,10213
2023-08-02,21.22,21.27,21.4773,21.22,6853
2023-08-03,21.23,21.3054,21.39,21.2,8186
2023-08-04,21.5,21.42,21.56,21.2602,13652
2023-08-07,21.33,21.37,21.47,21.33,5188
2023-08-08,21.37,21.43,21.4499,21.37,4187
2023-08-09,21.43,21.4794,21.4799,21.42,2308
2023-08-10,21.49,21.36,21.56,21.36,4060
2023-08-11,21.43,21.02305,21.6,21.36,16575
2023-08-14,21.19,21.06,21.33,21.06,18627
2023-08-15,21.0,21.08,21.19,21.0,6005
2023-08-16,21.0,21.19,21.19,21.0,4769
2023-08-17,20.99,21.0502,21.15,20.99,6451
2023-08-18,20.9901,21.05,21.06,20.9901,7446
2023-08-21,21.01,21.0,21.05,20.99,5133
2023-08-22,21.055,21.076,21.1,21.0,3787
2023-08-23,21.11,21.1999,21.25,21.0498,13917
2023-08-24,21.0756,21.156,21.156,21.0756,2179
2023-08-25,21.25,21.1212,21.25,21.1,1018
2023-08-28,21.25,21.01,21.25,21.01,14201
2023-08-29,21.17,21.19,21.2299,21.0542,7661
2023-08-30,21.24,21.22,21.24,21.087,6355
2023-08-31,21.2,21.11,21.44,21.11,17887
2023-09-01,21.2,21.25,21.2734,21.2,3705
2023-09-05,21.14,21.1412,21.2553,21.14,6012
2023-09-06,21.15,21.1745,21.18,21.0,7868
2023-09-07,21.1041,21.059,21.1041,21.01,4436
2023-09-08,21.25,21.05,21.25,21.05,7882
2023-09-11,21.15,21.12,21.27,21.1,8305
2023-09-12,21.19,21.1682,21.229,21.12,9748
2023-09-13,21.16,21.2365,21.33,21.12,9115
2023-09-14,21.43,21.67,21.67,21.2937,22794
2023-09-15,21.48,21.38,21.66,21.38,12965
2023-09-18,21.36,21.42,21.66,21.36,27521
2023-09-19,21.42,21.39,21.54,21.22,21241
2023-09-20,21.32,21.26,21.5499,21.26,15959
2023-09-21,21.2,21.27,21.351,21.07,20419
2023-09-22,21.394,21.18,21.4292,21.18,15733
2023-09-25,21.17,21.3299,21.3299,21.17,15471
2023-09-26,21.19,21.09,21.3299,21.05,13109
2023-09-27,21.29,21.14,21.29,21.1,14321
2023-09-28,21.14,21.44,21.44,21.13,7216
2023-09-29,21.48,21.1,21.48,21.1,45777
2023-10-02,21.18,21.09,21.1908,21.02,18894
2023-10-03,21.09,20.8494,21.09,20.7501,22308
2023-10-04,20.8,21.0677,21.0677,20.75,9998
2023-10-05,21.04,20.92,21.15,20.92,14533
2023-10-06,20.87,20.8,21.0496,20.76,12344
2023-10-09,20.78,20.83,20.96,20.78,23373
2023-10-10,20.895,20.92,21.03,20.8024,15625
2023-10-11,20.86,20.88,21.05,20.85,8947
2023-10-12,20.8248,20.84,21.0699,20.7969,10371
2023-10-13,20.85,20.96,21.17,20.79,16686
2023-10-16,20.96,20.89,21.12,20.8299,11875
2023-10-17,20.67,20.77,20.9647,20.67,7323
2023-10-18,20.77,20.95,21.005,20.77,8091
2023-10-19,20.88,20.79,21.0529,20.62,22697
2023-10-20,20.89,20.6,20.99,20.51,18092
2023-10-23,20.52,20.6114,20.73,20.52,5425
2023-10-24,20.672,20.75,20.8588,20.6213,16433
2023-10-25,20.792,20.885,20.98,20.67,20926
2023-10-26,20.8,20.83,21.05,20.8,13248
2023-10-27,20.77,20.76,20.965,20.75,9427
2023-10-30,20.7,20.9215,20.94,20.6701,4694
2023-10-31,20.92,20.91,21.1099,20.82,51668
2023-11-01,21.01,21.28,21.28,20.9701,9151
2023-11-02,21.39,21.38,21.4794,21.16,12161
2023-11-03,21.5,21.69,21.78,21.3731,26948
2023-11-06,21.58,21.54,21.69,21.36,18892
2023-11-07,21.6,21.71,21.71,21.494,5891
2023-11-08,21.58,21.7062,21.7699,21.49,9679
2023-11-09,21.73,21.6,21.7352,21.5117,4774
2023-11-10,21.605,21.615,21.75,21.55,8757
2023-11-13,21.74,21.28264,21.75,21.66,11351
2023-11-14,21.64,21.5,21.64,21.14,16655
2023-11-15,21.35,21.306,21.5,21.2,5800
2023-11-16,21.37,21.5713,21.5713,21.17,9177
2023-11-17,21.39,21.29,21.6,21.29,7869
2023-11-20,21.32,21.14,21.53,21.1329,17205
2023-11-21,21.35,21.27,21.35,21.14,10734
2023-11-22,21.1753,21.27,21.27,21.16,10502
2023-11-24,21.41,21.2193,21.41,21.2065,911
2023-11-27,21.51,21.3,21.51,21.23,15695
2023-11-28,21.46,21.56,21.6,21.3036,13902
2023-11-29,21.68,21.26,21.8599,21.21,32846
2023-11-30,21.29,21.91,21.91,21.11,83143
2023-12-01,21.8,21.68,21.9,21.65,40002
2023-12-04,21.55,21.6001,21.7,21.5303,15091
2023-12-05,21.69,21.64,21.69,21.6009,3726
2023-12-06,21.69,21.6,21.7,21.5743,19629
2023-12-07,21.54,21.64,21.681,21.54,2927
2023-12-08,21.615,21.63,21.63,21.57,1878
2023-12-11,21.69,21.61,21.69,21.5706,9248
2023-12-12,21.622,21.58,21.72,21.58,11706
2023-12-13,21.58,21.66,21.72,21.58,20997
2023-12-14,21.72,21.7,21.72,21.57,31742
2023-12-15,21.75,21.63,21.75,21.57,8920
2023-12-18,21.59,21.59,21.76,21.59,14632
2023-12-19,21.58,21.72,21.83,21.58,28200
2023-12-20,21.82,21.8,21.82,21.71,11082
2023-12-21,21.83,21.85,21.93,21.67,26531
2023-12-22,21.92,21.77,21.9299,21.65,21455
2023-12-26,21.72,21.79,21.99,21.71,48900
2023-12-27,21.75,21.82,21.9,21.75,20634
2023-12-28,21.83,21.95,21.98,21.805,37914
2023-12-29,21.87,22.05,22.5,21.75,334150
2024-01-02,22.18,22.18,22.195,22.02,8560
2024-01-03,22.1,21.96,22.195,21.911,23883
2024-01-04,22.11,22.1,22.125,22.01,13257
2024-01-05,22.1,22.15,22.3,22.1,43067
2024-01-08,22.2,22.19,22.24,22.1499,8696
2024-01-09,22.11,22.09,22.24,22.01,52840
2024-01-10,22.09,22.0,22.15,22.0,16868
2024-01-11,22.0,22.06,22.23,22.0,16280
2024-01-12,22.22,22.06,22.24,22.04,49549
2024-01-16,22.0,22.08,22.15,22.0,24324
2024-01-17,22.0,22.09,22.23,22.0,9710
2024-01-18,22.07,22.1,22.1881,22.01,11971
2024-01-19,22.02,22.09,22.24,22.02,49447
2024-01-22,22.05,22.07,22.1771,22.05,24853
2024-01-23,22.11,22.07,22.13,22.0,10396
2024-01-24,22.11,22.1489,22.24,22.07,28882
2024-01-25,22.1379,22.09,22.24,22.07,171453
2024-01-26,22.1,22.12,22.25,22.0053,45567
2024-01-29,22.07,22.1,22.211,22.07,49688
2024-01-30,22.19,22.085,22.25,22.03,38038
2024-01-31,22.08,22.09,22.16,22.01,113451
2024-02-01,22.12,22.08,22.19,22.03,90222
2024-02-02,22.09,22.08,22.12,22.04,27545
2024-02-05,22.14,22.05,22.18,22.02,22515
2024-02-06,22.05,22.0999,22.197,22.02,15872
2024-02-07,22.1751,22.18,22.18,22.0414,8003
2024-02-08,22.18,22.29,22.3,22.05,17889
2024-02-09,22.29,22.48,22.5,22.2,39503
2024-02-12,22.41,22.75,22.82,22.36,32093
2024-02-13,22.6,22.33123,22.838,22.51,27023
2024-02-14,22.37,22.38,22.59,22.2201,27410
2024-02-15,22.3,22.2293,22.46,22.1946,22781
2024-02-16,22.28,22.08,22.28,22.03,20641
2024-02-20,22.08,22.06,22.22,22.04,16012
2024-02-21,22.13,22.07,22.13,22.0,17705
2024-02-22,22.01,22.08,22.11,22.01,8835
2024-02-23,22.1,22.32,22.38,22.01,25301
2024-02-26,22.41,22.23,22.42,22.1,12568
2024-02-27,22.15,22.25,22.35,22.1485,6619
2024-02-28,22.25,22.25,22.25,22.15,15007
2024-02-29,22.32,22.51,22.51,22.2101,17801
2024-03-01,22.5,22.48,22.5,22.25,14001
2024-03-04,22.35,22.3,22.44,22.16,12020
2024-03-05,22.3899,22.26,22.3899,22.225,6408
2024-03-06,22.2,22.37,22.37,22.2,11661
2024-03-07,22.31,22.43,22.5362,22.3,14999
2024-03-08,22.43,22.46,22.5599,22.41,9817
2024-03-11,22.47,22.39,22.5712,22.38,14822
2024-03-12,22.38,22.4301,22.54,22.38,8955
2024-03-13,22.48,22.57,22.575,22.4601,6074
2024-03-14,22.58,22.5,22.59,22.4,11599
2024-03-15,22.49,22.4768,22.6,22.4001,14148
2024-03-18,22.55,22.7,22.7,22.54,5953
2024-03-19,22.6225,22.769,22.79,22.6,7714
2024-03-20,22.83,22.8627,22.8999,22.8,13946
2024-03-21,22.88,22.88,22.9783,22.7701,19960
2024-03-22,22.99,22.8,23.0467,22.66,10155
2024-03-25,22.9,22.65,22.905,22.6,16357
2024-03-26,22.7313,22.66,22.75,22.61,10992
2024-03-27,22.63,22.76,22.76,22.61,4385
2024-03-28,22.78,22.61,22.79,22.61,19838
2024-04-01,22.65,22.66,22.74,22.5286,14524
2024-04-02,22.64,22.65,22.7,22.55,8067
2024-04-03,22.651,22.75,22.75,22.625,6696
2024-04-04,22.73,22.79,22.85,22.71,8848
2024-04-05,22.86,22.79,22.86,22.76,7268
2024-04-08,22.6201,22.75,22.77,22.6201,3920
2024-04-09,22.71,22.8,22.8,22.71,9972
2024-04-10,22.72,22.56,22.72,22.5101,14918
2024-04-11,22.55,22.55,22.71,22.43,14587
2024-04-12,22.55,22.55,22.59,22.54,9836
2024-04-15,22.5,22.34,22.5,22.31,23484
2024-04-16,22.3847,22.3801,22.43,22.35,10221
2024-04-17,22.43,22.41,22.5107,22.39,10413
2024-04-18,22.41,22.46,22.66,22.41,8243
2024-04-19,22.57,22.41,22.57,22.39,10433
2024-04-22,22.495,22.51,22.55,22.45,5318
2024-04-23,22.652,22.54,22.6599,22.54,3648
2024-04-24,22.565,22.64,22.8094,22.55,18785
2024-04-25,22.55,22.6,22.65,22.55,5497
2024-04-26,22.6143,22.6,22.72,22.6,4945
2024-04-29,22.85,22.76,22.85,22.67,2631
2024-04-30,22.76,22.3,22.77,22.3,55621
2024-05-01,22.41,22.52,22.64,22.3,20357
2024-05-02,22.52,22.597,22.71,22.52,6038
2024-05-03,22.8,22.9541,22.9541,22.75,7693
2024-05-06,22.89,22.97,22.99,22.89,4913
2024-05-07,22.95,22.89,22.95,22.82,10551
2024-05-08,22.88,22.805,22.94,22.75,5825
2024-05-09,22.75,22.81,22.88,22.74,9723
2024-05-10,22.95,22.95,22.95,22.78,11662
2024-05-13,22.99,22.63316,23.05,22.9498,21230
2024-05-14,22.78,22.55,22.78,22.53,7593
2024-05-15,22.71,22.84,22.94,22.71,32481
2024-05-16,22.84,22.8,22.84,22.67,7083
2024-05-17,22.85,22.87,22.87,22.77,6713
2024-05-20,22.6839,22.93,22.93,22.67,5539
2024-05-21,22.97,23.04,23.04,22.93,16510
2024-05-22,23.01,23.01,23.03,22.88,6102
2024-05-23,23.04,22.9,23.04,22.82,15651
2024-05-24,22.9,22.96,23.04,22.9,5976
2024-05-28,23.05,23.03,23.05,22.96,18588
2024-05-29,22.9546,22.91,23.0,22.76,19041
2024-05-30,22.85,22.96,23.02,22.85,6220
2024-05-31,23.03,22.92,23.13,22.92,16934
2024-06-03,22.98,22.97,22.98,22.7447,6430
2024-06-04,22.835,22.84,22.96,22.7521,6114
2024-06-05,22.99,22.83,22.99,22.78,14766
2024-06-06,22.995,22.89,22.995,22.7609,27212
2024-06-07,22.98,22.9,23.0,22.84,11511
2024-06-10,22.9313,22.86,22.9425,22.7601,7421
2024-06-11,23.0361,22.76,23.065,22.76,10002
2024-06-12,22.81,22.937,23.07,22.77,12647
2024-06-13,22.84,23.05,23.05,22.8092,11041
2024-06-14,23.39,22.92,23.39,22.89,3536
2024-06-17,22.91,23.2,23.24,22.81,11296
2024-06-18,23.28,23.15,23.28,23.0503,11635
2024-06-20,23.24,23.11,23.25,23.05,9702
2024-06-21,23.05,23.195,23.25,23.05,5707
2024-06-24,23.2,23.22,23.25,23.14,3820
2024-06-25,23.28,23.24,23.28,23.14,9449
2024-06-26,23.2,23.14,23.28,22.95,18781
2024-06-27,23.0,23.04,23.16,22.85,23276
2024-06-28,23.0,22.82,23.1382,22.67,110448
2024-07-01,22.82,22.89,22.96,22.78,25246
2024-07-02,22.93,22.87,23.0,22.86,15380
2024-07-03,22.89,22.88,22.9639,22.84,19896
2024-07-05,22.91,22.9,22.96,22.9,13240
2024-07-08,22.91,22.96,23.0,22.91,17462
2024-07-09,22.97,22.95,22.9703,22.9,13400
2024-07-10,22.95,22.98,23.02,22.9,24052
2024-07-11,22.99,23.14,23.15,22.98,58852
2024-07-12,23.14,23.16,23.25,23.07,13627
2024-07-15,23.15,23.1,23.17,23.1,7128
2024-07-16,23.14,23.0,23.14,22.98,18837
2024-07-17,22.93,22.95,23.09,22.9105,3400
2024-07-18,22.98,22.76,22.98,22.72,23775
2024-07-19,22.72,22.89,22.89,22.72,10736
2024-07-22,22.901,22.81,22.95,22.79,8652
2024-07-23,22.81,22.82,22.88,22.74,10979
2024-07-24,22.8,22.73,22.84,22.72,24258
2024-07-25,22.7996,22.79,22.84,22.77,6242
2024-07-26,22.79,22.86,22.92,22.79,2809
2024-07-29,22.8254,22.91,22.969,22.8254,9853
2024-07-30,22.91,23.07,23.07,22.9,8530
2024-07-31,22.93,23.1,23.1343,22.93,11442
2024-08-01,23.11,23.08,23.11,23.0501,24146
2024-08-02,23.08,23.04,23.13,22.9824,12879
2024-08-05,22.88,22.74,22.89,22.74,10647
2024-08-06,22.93,22.8,22.94,22.8,18439
2024-08-07,22.94,22.78,22.94,22.7,16250
2024-08-08,22.72,22.82,22.8503,22.72,5005
2024-08-09,22.898,22.91,22.95,22.8684,15372
2024-08-12,23.06,22.93,23.06,22.93,8317
2024-08-13,23.08,23.0,23.08,22.93,15031
2024-08-14,23.08,22.82447,23.24,23.08,27143
2024-08-15,22.94,22.78,22.94,22.64,12237
2024-08-16,22.9291,22.8899,22.98,22.73,10667
2024-08-19,22.79,22.8,22.9,22.7,37020
2024-08-20,22.8,22.85,22.85,22.78,6806
2024-08-21,22.82,22.8999,22.96,22.82,8016
2024-08-22,22.8699,22.83,22.8999,22.83,4356
2024-08-23,22.88,22.88,22.94,22.824,7222
2024-08-26,22.95,22.91,22.95,22.86,9872
2024-08-27,22.96,22.8783,22.96,22.83,11044
2024-08-28,22.97,22.89,22.97,22.84,13711
2024-08-29,22.92,22.89,22.94,22.84,7060
2024-08-30,22.85,22.81,22.93,22.8,9942
2024-09-03,22.92,22.875,22.93,22.77,10688
2024-09-04,22.86,23.01,23.01,22.86,16089
2024-09-05,23.0,23.03,23.04,22.9512,50562
2024-09-06,23.09,23.09,23.12,23.02,29371
2024-09-09,23.02,23.36,23.36,23.0017,23459
2024-09-10,23.36,23.33,23.43,23.23,13318
2024-09-11,23.25,23.44,23.455,23.25,27059
2024-09-12,23.46,23.49,23.49,23.4065,15077
2024-09-13,23.4,23.645,23.7,23.3789,26968
2024-09-16,23.6,23.8014,23.8014,23.59,21645
2024-09-17,23.83,23.81,23.83,23.75,10325
2024-09-18,23.8,23.82,23.92,23.73,13306
2024-09-19,23.98,24.04,24.04,23.804,27080
2024-09-20,23.9572,23.9556,24.08,23.95,16538
2024-09-23,23.93,23.99,24.05,23.92,15485
2024-09-24,23.99,24.09,24.09,23.99,15367
2024-09-25,24.15,24.21,24.33,24.1499,27567
2024-09-26,24.35,24.24,24.35,24.12,15605
2024-09-27,24.3099,24.4,24.48,24.2299,36852
2024-09-30,24.38,24.39,24.69,24.3,117458
2024-10-01,24.34,24.38,24.4903,24.18,28580
2024-10-02,24.4,24.38,24.49,24.3242,15913
2024-10-03,24.26,24.27,24.39,24.26,10931
2024-10-04,24.25,24.18,24.31,24.1415,9564
2024-10-07,24.21,24.04,24.21,24.03,10893
2024-10-08,24.2,24.18,24.346,24.1,19230
2024-10-09,24.26,24.27,24.33,24.165,13837
2024-10-10,24.32,24.27,24.32,24.165,6258
2024-10-11,24.15,24.359,24.374,24.15,9161
2024-10-14,24.325,24.31,24.3887,24.3,13916
2024-10-15,24.33,24.5,24.55,24.3,14772
2024-10-16,24.4047,24.39,24.54,24.3801,17236
2024-10-17,24.5,24.3101,24.5,24.25,33275
2024-10-18,24.31,24.1,24.3469,24.06,21572
2024-10-21,23.99,23.93,23.99,23.79,12223
2024-10-22,23.87,24.01,24.14,23.85,5000
2024-10-23,23.96,23.93,23.96,23.7409,14735
2024-10-24,24.005,24.02,24.02,23.852,13462
2024-10-25,24.03,24.08,24.1899,23.8601,6137
2024-10-28,24.0,23.84,24.23,23.7601,40443
2024-10-29,23.71,23.98,23.98,23.55,15430
2024-10-30,23.85,24.07,24.1099,23.8301,9431
2024-10-31,24.09,24.2,24.24,23.8,40855
2024-11-01,24.15,23.94,24.17,23.91,22606
2024-11-04,23.96,24.14,24.2,23.96,11691
2024-11-05,24.02,24.12,24.2,24.02,15299
2024-11-06,24.1,24.09,24.16,23.9,6430
2024-11-07,24.14,24.116,24.2,24.06,6797
2024-11-08,24.2,24.24,24.25,24.15,13437
2024-11-11,24.25,24.16,24.25,24.144,8041
2024-11-12,24.15,24.135,24.1966,24.1,8831
2024-11-13,24.14,24.1,24.24,24.1,3848
2024-11-14,23.98,23.72077,24.17,23.98,2850
2024-11-15,23.58,23.97,23.97,23.4601,13981
2024-11-18,23.97,23.89,23.97,23.7704,3042
2024-11-19,23.93,23.69,24.06,23.69,10674
2024-11-20,23.8579,23.52,23.8579,23.4486,8977
2024-11-21,23.53,23.6529,23.7152,23.53,9828
2024-11-22,23.78,23.75,23.88,23.65,6972
2024-11-25,23.82,23.835,24.0,23.7856,16182
2024-11-26,23.74,23.71,23.8032,23.43,17910
2024-11-27,23.7,23.96,23.96,23.6,28582
2024-11-29,24.05,24.1,24.1,23.915,18916
2024-12-02,24.1,23.9701,24.14,23.9701,20116
2024-12-03,23.97,23.87,24.0283,23.86,12488
2024-12-04,23.7801,23.9611,23.9899,23.7801,12708
2024-12-05,23.99,24.14,24.14,23.92,20022
2024-12-06,23.8788,24.15,24.25,23.8788,46979
2024-12-09,24.03,24.15,24.16,23.96,16864
2024-12-10,24.01,24.0144,24.08,23.95,22168
2024-12-11,24.0,23.93,24.07,23.93,8204
2024-12-12,23.9047,23.84,23.92,23.84,13285
2024-12-13,23.8,23.635,23.8,23.53,21234
2024-12-16,23.65,23.51,23.7373,23.5,7868
2024-12-17,23.5,23.42,23.533,23.35,27165
2024-12-18,23.36,23.22,23.68,23.18,29219
2024-12-19,23.13,22.9493,23.13,22.93,64689
2024-12-20,22.94,22.97,23.1717,22.9,74632
2024-12-23,23.07,22.75,23.09,22.74,22566
2024-12-24,22.72,22.66,22.72,22.58,23239
2024-12-26,22.71,22.58,22.71,22.52,14475
2024-12-27,22.51,22.505,22.7199,22.5,16880
2024-12-30,22.5,22.74,22.76,22.5,75036
2024-12-31,22.68,22.9,22.93,22.56,355203
2025-01-02,22.96,23.13,23.22,22.96,21807
2025-01-03,23.05,23.19,23.31,23.05,9024
2025-01-06,23.12,23.16,23.23,23.12,8621
2025-01-07,23.07,22.97,23.1,22.92,43714
2025-01-08,22.91,22.97,23.1999,22.71,49867
2025-01-10,22.84,23.05,23.21,22.84,16956
2025-01-13,23.09,22.83,23.09,22.73,31337
2025-01-14,22.82,22.86,22.9478,22.77,10514
2025-01-15,23.04,23.06,23.21,23.01,6499
2025-01-16,22.97,23.16,23.24,22.97,3673
2025-01-17,23.18,22.92,23.19,22.92,12913
2025-01-21,23.15,23.14,23.19,22.9101,6039
2025-01-22,23.18,23.06,23.18,22.93,11320
2025-01-23,23.0883,23.3,23.3,23.03,29690
2025-01-24,23.32,23.43,23.48,23.202,10277
2025-01-27,23.42,23.43,23.47,23.37,4718
2025-01-28,23.43,23.3981,23.46,23.34,18023
2025-01-29,23.39,23.36,23.43,23.22,11096
2025-01-30,23.4,23.3,23.41,23.21,27711
2025-01-31,23.31,22.88,23.31,22.82,62535
2025-02-03,22.83,22.99,23.0161,22.75,12504
2025-02-04,23.02,23.12,23.1399,22.95,14426
2025-02-05,23.09,23.29,23.35,23.09,10575
2025-02-06,23.2,23.28,23.33,23.2,9898
2025-02-07,23.13,23.3,23.33,23.1017,10904
2025-02-10,23.31,23.36,23.36,23.26,11090
2025-02-11,23.36,23.34,23.36,23.2511,8850
2025-02-12,23.29,23.2106,23.29,23.14,25173
2025-02-13,23.4,23.03698,23.44,23.1801,26512
2025-02-14,23.06,23.26,23.28,23.0,20596
2025-02-18,23.26,23.205,23.26,23.1617,21337
2025-02-19,23.22,23.21,23.25,23.16,72628
2025-02-20,23.29,23.29,23.2978,23.2,7325
2025-02-21,23.23,23.3364,23.39,23.22,15723
2025-02-24,23.27,23.39,23.52,23.27,14383
2025-02-25,23.39,23.54,23.55,23.39,18437
2025-02-26,23.47,23.4,23.51,23.23,34490
2025-02-27,23.44,23.31,23.49,23.31,19300
2025-02-28,23.44,23.42,23.52,23.29,36767
2025-03-03,23.36,23.39,23.47,23.33,11005
2025-03-04,23.27,23.28,23.4248,23.13,25117
2025-03-05,23.28,23.24,23.28,23.1619,25098
2025-03-06,23.27,23.22,23.27,23.0601,17871
2025-03-07,23.18,23.09,23.28,23.0001,36833
2025-03-10,23.11,23.0,23.2,22.98,14578
2025-03-11,22.98,23.08,23.1,22.93,20644
2025-03-12,23.0,23.09,23.1,22.91,24146
2025-03-13,23.09,22.9,23.09,22.73,21453
2025-03-14,22.83,22.75,23.02,22.75,26457
2025-03-17,22.875,22.9,23.0,22.875,30935
2025-03-18,22.91,23.06,23.06,22.858,26513
2025-03-19,23.09,23.12,23.12,23.01,10714
2025-03-20,23.0,23.14,23.16,23.0,7627
2025-03-21,23.14,23.19,23.23,23.1145,8101
2025-03-24,23.23,23.165,23.2599,23.04,12985
2025-03-25,23.1063,23.3,23.37,23.1063,21403
2025-03-26,23.34,23.32,23.4312,23.2206,15600
2025-03-27,23.57,23.32,23.57,23.2033,9054
2025-03-28,23.38,23.5,23.59,23.35,40071
2025-03-31,23.49,23.38,23.54,23.3056,314585
2025-04-01,23.49,23.23,23.49,23.0343,23442
2025-04-02,23.2,23.22,23.26,23.15,4178
2025-04-03,23.04,22.77,23.131,22.77,12682
2025-04-04,22.74,22.44,22.98,22.1325,42624
2025-04-07,22.24,21.77,22.4194,20.7,16045
2025-04-08,21.83,22.0003,22.18,21.83,9523
2025-04-09,21.83,22.38,24.01,21.83,6540
2025-04-10,22.36,22.13,22.45,22.07,10824
2025-04-11,22.25,22.02,22.25,21.95,7832
