2022-10-27,25.16,25.08,25.16,25.01,38720
2022-10-28,25.15,25.14,25.3,25.1,9060
2022-10-31,25.1,25.15,25.15,25.02,10728
2022-11-01,25.02,25.06,25.15,25.02,4501
2022-11-02,25.05,25.01,25.05,25.0,15938
2022-11-03,25.0,25.0214,25.05,25.0,10105
2022-11-04,25.0,25.0,25.08,25.0,7569
2022-11-07,25.01,25.06,25.07,25.01,11506
2022-11-08,25.04,25.07,25.24,25.02,22869
2022-11-09,25.11,25.06,25.11,25.02,22636
2022-11-10,25.12,25.38,25.38,25.11,28817
2022-11-11,25.46,25.33,25.46,25.25,8682
2022-11-14,25.35,25.36,25.3776,25.315,2782
2022-11-15,25.4,25.3,25.4,25.3,8554
2022-11-16,25.29,25.39,25.48,25.29,15052
2022-11-17,25.25,25.52,25.54,25.25,13319
2022-11-18,25.51,25.43,25.51,25.25,17512
2022-11-21,25.45,25.55,25.55,25.43,789
2022-11-22,25.55,25.55,25.55,25.54,2628
2022-11-23,25.54,25.54,25.54,25.4383,3036
2022-11-25,25.5049,25.5049,25.5049,25.5049,5000
2022-11-28,25.52,25.46,25.52,25.15,8027
2022-11-29,25.4,25.38,25.405,25.01,17955
2022-11-30,25.5199,25.52,25.52,25.5199,424
2022-12-01,25.2933,25.35,25.35,25.2933,2980
2022-12-02,25.49,25.49,25.49,25.49,180
2022-12-05,25.39,25.0,25.39,25.0,55993
2022-12-06,25.33,25.3,25.35,25.3,1811
2022-12-07,25.25,25.16,25.25,25.01,2719
2022-12-08,25.05,25.0,25.08,25.0,6254
2022-12-09,25.01,25.14,25.14,25.0,2100
2022-12-12,25.01,25.13,25.13,24.52,13820
2022-12-13,25.1499,25.16,25.2,25.11,10054
2022-12-14,25.4,24.981,25.56,24.947,8462
2022-12-15,25.12,25.09,25.2381,24.9796,9061
2022-12-16,24.94,25.04,25.04,24.9,17266
2022-12-19,25.05,25.01,25.12,24.875,9045
2022-12-20,25.55,25.5271,25.55,25.5271,2198
2022-12-21,25.15,25.422,25.75,25.15,27953
2022-12-22,25.35,25.23,25.35,25.23,5760
2022-12-23,25.33,25.13,25.33,25.01,8590
2022-12-27,25.26,25.26,25.26,25.26,399
2022-12-28,25.1,25.0,25.1999,25.0,14676
2022-12-29,24.9,24.4,24.9,24.4,17859
2022-12-30,24.31,24.44,24.59,24.31,10210
2023-01-03,24.58,24.6288,24.6288,24.57,1200
2023-01-04,25.102,24.6923,25.102,24.65,3126
2023-01-05,24.749,24.87,24.9,24.749,3284
2023-01-06,24.91,24.985,24.985,24.55,2956
2023-01-09,24.875,24.7999,24.875,24.775,3302
2023-01-10,24.75,25.2,25.25,24.75,6064
2023-01-11,25.2,25.10625,25.2,25.19,613
2023-01-12,25.16,24.9623,25.19,24.9,5502
2023-01-13,25.03,24.8,25.03,24.8,2645
2023-01-17,24.97,25.1,25.1,24.97,1370
2023-01-18,25.14,25.14,25.14,25.13,755
2023-01-19,25.0688,25.14,25.14,25.021,2247
2023-01-20,25.15,25.15,25.19,25.15,2933
2023-01-23,25.1504,24.95,25.19,24.77,13754
2023-01-24,24.9,24.9,24.9,24.7001,8717
2023-01-25,24.85,24.8173,24.85,24.75,4030
2023-01-26,24.79,24.9673,25.07,24.78,14665
2023-01-27,25.0,25.01,25.0799,24.975,1937
2023-01-30,24.995,25.3111,25.3111,24.995,10629
2023-01-31,25.1,25.3,25.48,25.1,11834
2023-02-01,25.17,25.4,25.4,25.17,1976
2023-02-02,25.38,25.03,25.38,25.03,6289
2023-02-03,25.05,25.3,25.58,25.0,7226
2023-02-06,25.15,25.13,25.15,24.8,7144
2023-02-07,25.14,25.38,25.445,25.05,12957
2023-02-08,25.11,25.01,25.11,25.0,13572
2023-02-09,25.0,25.08,25.1602,25.0,961
2023-02-10,25.2,25.34,25.34,25.1839,15516
2023-02-13,25.1,25.00625,25.15,24.9,13078
2023-02-14,25.1,25.09,25.1,24.9,12060
2023-02-15,24.9501,25.035,25.15,24.9501,6058
2023-02-16,24.95,25.1,25.2,24.949,17143
2023-02-17,25.1,25.036,25.2,24.87,7019
2023-02-21,25.0,24.95,25.0,24.95,1235
2023-02-22,24.9486,25.0,25.0,24.94,8592
2023-02-23,24.98,25.0,25.0,24.98,4205
2023-02-24,24.87,24.946,24.95,24.6827,3607
2023-02-27,24.75,25.05,25.1999,24.65,5587
2023-02-28,25.07,24.99,25.1499,24.9,12115
2023-03-01,24.85,25.0,25.0,24.8001,1684
2023-03-02,25.0999,25.15,25.15,24.95,7271
2023-03-03,25.15,25.1,25.15,25.025,9418
2023-03-06,25.13,25.05,25.15,25.0,20468
2023-03-07,25.14,25.245,25.59,25.01,14097
2023-03-08,25.25,25.32,25.37,25.1901,10826
2023-03-09,25.23,25.11,25.23,25.1,3621
2023-03-10,25.137,24.95,25.2,24.95,5512
2023-03-13,25.04,24.96625,25.06,24.8,8710
2023-03-14,24.92,25.24,25.24,24.916,1611
2023-03-15,25.1511,25.2244,25.2244,25.05,2038
2023-03-16,25.24,25.0,25.24,24.99,9224
2023-03-17,25.0225,25.0,25.15,24.95,11828
2023-03-20,24.76,25.5,25.55,24.7,42460
2023-03-21,25.59,25.55,25.59,24.99,13135
2023-03-22,25.3,25.39,25.44,25.16,13884
2023-03-23,25.39,25.49,25.5141,25.26,39131
2023-03-24,25.53,25.25,25.55,25.25,1844
2023-03-27,25.38,25.26,25.4,25.15,7696
2023-03-28,25.37,25.16,25.53,25.01,21682
2023-03-29,25.13,25.07,25.13,25.0,15081
2023-03-30,25.01,25.0099,25.1438,24.87,5909
2023-03-31,24.98,25.17,25.17,24.97,9676
2023-04-03,24.99,25.05,25.31,24.81,9604
2023-04-04,25.0,25.04,25.04,25.0,2461
2023-04-05,25.04,25.09,25.1,24.99,14182
2023-04-06,25.06,25.0,25.06,25.0,4839
2023-04-10,24.98,25.18,25.32,24.98,8209
2023-04-11,25.13,25.29,25.29,25.1,10946
2023-04-12,25.29,25.05625,25.32,25.0,16602
2023-04-13,25.18,25.17,25.19,25.05,7107
2023-04-14,25.2,25.18,25.31,25.0199,21429
2023-04-17,25.1,25.1,25.22,25.05,8708
2023-04-18,25.07,25.05,25.07,25.03,11683
2023-04-19,25.03,25.05,25.05,25.01,11531
2023-04-20,25.05,25.04,25.22,25.02,11122
2023-04-21,25.11,25.0,25.19,24.9,33069
2023-04-24,25.05,25.09,25.1099,25.0,9242
2023-04-25,25.12,25.07,25.2185,25.0,14288
2023-04-26,25.12,25.195,25.2886,25.0,8384
2023-04-27,25.1,25.03,25.1,24.92,10880
2023-04-28,24.98,25.11,25.1599,24.92,17661
2023-05-01,24.99,25.13,25.1594,24.99,10382
2023-05-02,25.19,25.16,25.41,25.0339,11096
2023-05-03,25.185,25.21,25.42,25.177,11734
2023-05-04,25.105,25.22,25.22,25.0518,2933
2023-05-05,25.175,25.2,25.22,25.0709,7443
2023-05-08,25.1914,25.14,25.22,25.135,4281
2023-05-09,25.2005,25.11,25.45,25.01,10873
2023-05-10,25.45,25.29,25.45,25.1768,18406
2023-05-11,25.43,25.38625,25.59,25.2,20219
2023-05-12,25.43,25.37,25.43,25.1625,4070
2023-05-15,25.37,25.36,25.49,25.35,30334
2023-05-16,25.3,25.345,25.39,25.3,2408
2023-05-17,25.37,25.0,25.38,25.0,85800
2023-05-18,25.12,24.9928,25.34,24.94,21877
2023-05-19,25.09,25.08,25.31,25.0,27490
2023-05-22,25.16,25.055,25.16,24.9701,2913
2023-05-23,25.0,24.9,25.17,24.9,11115
2023-05-24,24.9,24.92,25.0,24.9,6825
2023-05-25,24.93,24.96,24.96,24.9,8613
2023-05-26,24.95,25.0,25.0,24.94,4896
2023-05-30,24.99,24.98,25.0,24.89,32351
2023-05-31,24.99,25.0,25.0,24.95,2771
2023-06-01,24.96,24.98,25.0,24.95,9532
2023-06-02,24.99,25.0,25.0,24.97,3611
2023-06-05,24.98,25.35,25.35,24.96,19596
2023-06-06,25.19,25.05,25.19,24.91,10457
2023-06-07,25.05,25.13,25.27,25.047,4181
2023-06-08,25.14,25.07,25.14,24.95,14155
2023-06-09,25.08,25.13,25.15,25.01,22300
2023-06-12,25.15,25.12,25.15,24.99,69894
2023-06-13,25.12,24.99625,25.12,25.06,10685
2023-06-14,25.0,24.8,25.0697,24.8,13732
2023-06-15,24.94,25.05,25.1297,24.94,6216
2023-06-16,25.06,25.08,25.1499,25.06,584
2023-06-20,25.0,25.0,25.1,24.8687,29109
2023-06-21,25.0,25.0,25.027,24.9001,4578
2023-06-22,24.99,24.89,24.99,24.89,10266
2023-06-23,24.98,24.88,24.98,24.81,58640
2023-06-26,24.88,24.86,24.92,24.855,12741
2023-06-27,24.87,24.9,24.9399,24.86,33717
2023-06-28,24.89,24.9,24.93,24.81,33300
2023-06-29,24.85,24.78,24.88,24.72,20522
2023-06-30,24.82,24.84,24.85,24.7,23908
2023-07-03,24.8,24.9,24.9,24.8,3736
2023-07-05,24.88,24.81,24.89,24.76,23691
2023-07-06,24.93,24.8,24.93,24.76,14958
2023-07-07,24.76,24.8,24.8,24.74,9108
2023-07-10,24.79,24.8,24.8,24.79,4656
2023-07-11,24.78,24.8,24.8,24.775,8285
2023-07-12,24.79,24.70625,24.85,24.78,30311
2023-07-13,24.73,24.79,24.79,24.64,8426
2023-07-14,24.7701,24.79,24.8,24.74,15151
2023-07-17,24.8,24.78,24.8,24.7,15762
2023-07-18,24.78,24.77,24.8,24.7,6686
2023-07-19,24.8,24.8,24.8,24.71,4510
2023-07-20,24.77,24.79,24.8,24.71,7250
2023-07-21,24.78,24.79,24.7975,24.75,8489
2023-07-24,24.8,24.78,24.8,24.7,26072
2023-07-25,24.72,24.7894,24.7994,24.7,10126
2023-07-26,24.765,24.79,24.7991,24.765,3344
2023-07-27,24.75,24.73,24.8,24.7,17546
2023-07-28,24.79,24.8,24.8,24.75,17965
2023-07-31,24.79,24.79,24.799,24.755,7012
2023-08-01,24.79,24.8,24.8,24.71,25764
2023-08-02,24.79,24.79,24.8,24.75,3952
2023-08-03,24.7701,24.8,24.8,24.7,4955
2023-08-04,24.71,24.8,24.8,24.71,4878
2023-08-07,24.79,24.7656,24.79,24.75,1207
2023-08-08,24.8,24.66,24.8,24.65,11427
2023-08-09,24.66,24.81,24.81,24.66,8992
2023-08-10,24.7752,24.75,24.7752,24.74,3384
2023-08-11,24.94,24.59625,24.94,24.66,10372
2023-08-14,24.64,24.8,24.94,24.64,30046
2023-08-15,24.7,24.92,24.92,24.55,20661
2023-08-16,24.81,24.6,24.81,24.55,16758
2023-08-17,24.59,24.4,24.66,24.28,9129
2023-08-18,24.35,24.2,24.41,24.14,13857
2023-08-21,24.18,24.01,24.18,23.86,9177
2023-08-22,24.1,23.9996,24.3899,23.95,8746
2023-08-23,24.24,23.9825,24.37,23.8501,35025
2023-08-24,23.93,23.89,23.95,23.73,14010
2023-08-25,23.89,23.91,23.95,23.75,12993
2023-08-28,23.93,23.9,24.26,23.8,20540
2023-08-29,23.95,23.89,24.0,23.78,38359
2023-08-30,23.79,23.88,24.05,23.79,12912
2023-08-31,23.91,23.9,24.09,23.83,19461
2023-09-01,23.9,23.88,23.95,23.825,22176
2023-09-05,23.92,23.89,24.23,23.8,14776
2023-09-06,24.19,23.9,24.19,23.8263,33772
2023-09-07,23.82,23.88,23.9,23.79,30037
2023-09-08,23.86,23.83,23.9722,23.83,4634
2023-09-11,23.92,23.99,24.01,23.83,7694
2023-09-12,23.86,23.78,23.93,23.76,23598
2023-09-13,23.7999,23.80625,23.9,23.74,13460
2023-09-14,23.65,23.75,23.9287,23.6,15195
2023-09-15,23.7549,23.96,23.96,23.6178,10549
2023-09-18,23.96,23.88,23.9603,23.65,22590
2023-09-19,23.72,23.86,23.8799,23.63,18688
2023-09-20,23.9096,23.7,23.9096,23.6,5779
2023-09-21,23.59,23.16,23.8392,23.13,38563
2023-09-22,23.39,23.68,24.68,23.24,63083
2023-09-25,23.55,23.12,23.8864,22.96,36420
2023-09-26,23.33,23.03,23.36,22.71,29001
2023-09-27,22.96,22.69,23.105,22.62,34521
2023-09-28,22.56,22.56,23.22,22.31,43969
2023-09-29,22.58,22.75,23.2099,22.43,24209
2023-10-02,22.58,22.415,22.8252,22.33,16604
2023-10-03,22.63,22.56,22.9338,22.32,18445
2023-10-04,22.44,22.67,23.0,22.4,21611
2023-10-05,22.78,22.79,22.79,22.78,791
2023-10-06,22.76,22.5,22.79,22.36,37054
2023-10-09,22.88,22.44,22.88,22.36,24923
2023-10-10,22.45,22.74,22.82,22.45,11935
2023-10-11,22.96,22.67,22.96,22.39,14748
2023-10-12,22.68,22.27625,22.69,22.3,40823
2023-10-13,22.5,22.32,22.5,22.22,6358
2023-10-16,22.25,22.1,22.55,21.68,97563
2023-10-17,22.25,22.21,22.32,21.8004,18191
2023-10-18,22.22,22.2,22.24,21.91,23555
2023-10-19,22.2,22.21,22.25,22.0,29818
2023-10-20,22.25,21.89,22.25,21.68,69167
2023-10-23,21.82,22.19,22.575,21.75,27866
2023-10-24,22.26,22.39,22.4,22.0,25131
2023-10-25,22.3,22.34,22.6199,22.15,37804
2023-10-26,22.3274,22.5,22.65,22.17,18104
2023-10-27,22.68,22.0,22.68,21.83,57868
2023-10-30,22.05,21.65,22.19,21.51,161603
2023-10-31,21.75,21.78,21.97,21.51,90218
2023-11-01,21.9,21.81,22.2,21.67,57855
2023-11-02,21.92,22.25,22.3,21.92,80197
2023-11-03,22.23,22.74,22.7999,22.23,23798
2023-11-06,22.59,22.61,22.7,22.44,27853
2023-11-07,22.68,23.44,23.5099,22.62,61163
2023-11-08,23.29,23.64,23.65,23.19,44083
2023-11-09,23.4332,23.461,23.75,23.38,34288
2023-11-10,23.46,23.71,23.86,23.28,18739
2023-11-13,23.81,23.70615,23.81,23.52,13712
2023-11-14,23.81,23.7813,23.93,23.55,35039
2023-11-15,23.86,23.9336,23.95,23.66,22986
2023-11-16,23.94,24.0,24.06,23.8,50004
2023-11-17,24.03,23.88,24.03,23.52,23671
2023-11-20,24.0,24.04,24.13,23.9,35701
2023-11-21,23.9,23.9,24.0,23.88,18266
2023-11-22,24.04,24.07,24.41,24.0318,17760
2023-11-24,24.07,24.07,24.1288,24.07,2779
2023-11-27,23.92,23.88,24.1,23.88,45055
2023-11-28,23.83,23.8,24.0832,23.8,38850
2023-11-29,23.77,23.67,23.93,23.56,55458
2023-11-30,23.67,23.7,23.97,23.63,19310
2023-12-01,23.62,24.0,24.0,23.62,14542
2023-12-04,24.09,23.96,24.17,23.85,9587
2023-12-05,24.0,24.05,24.2,23.87,13823
2023-12-06,23.98,23.78,24.28,23.71,40491
2023-12-07,23.95,23.75,23.95,23.72,33098
2023-12-08,23.74,23.6,24.19,23.41,65530
2023-12-11,23.6,23.4,23.67,23.35,105904
2023-12-12,23.48,23.59,23.67,23.37,53129
2023-12-13,23.67,23.694081,23.87,23.4657,262030
2023-12-14,24.75,23.83,24.75,23.76,97147
2023-12-15,23.93,23.79,24.25,23.68,62791
2023-12-18,24.29,23.87,24.45,23.74,57761
2023-12-19,23.77,23.88,24.03,23.71,67155
2023-12-20,23.94,23.75,24.05,23.6901,144358
2023-12-21,23.78,23.81,23.9399,23.73,94654
2023-12-22,23.85,23.95,24.03,23.85,61682
2023-12-26,24.12,23.85,24.1415,23.77,52237
2023-12-27,23.89,23.76,24.02,23.74,200702
2023-12-28,23.72,23.78,23.84,23.72,35294
2023-12-29,23.73,23.78,23.822,23.68,106422
2024-01-02,23.83,23.78,23.83,23.7,36578
2024-01-03,23.8,23.89,23.91,23.75,54213
2024-01-04,23.85,23.88,23.95,23.82,16213
2024-01-05,23.87,23.86,23.9,23.82,15400
2024-01-08,23.86,23.91,23.94,23.82,22286
2024-01-09,23.9,23.9,23.93,23.73,30896
2024-01-10,23.87,23.80625,24.06,23.8287,36592
2024-01-11,23.75,23.86,23.905,23.75,15013
2024-01-12,23.89,23.97,23.9949,23.88,16082
2024-01-16,23.9,23.81,23.98,23.76,13463
2024-01-17,23.9,23.78,23.9,23.75,9902
2024-01-18,23.84,23.65,23.84,23.43,43315
2024-01-19,23.66,23.69,23.7,23.5106,22578
2024-01-22,23.75,23.8,23.8951,23.64,40993
2024-01-23,23.885,23.62,23.885,23.56,43892
2024-01-24,23.63,23.7,23.7799,23.63,11489
2024-01-25,23.71,23.9,23.9,23.71,28012
2024-01-26,23.9,23.8888,23.94,23.74,18390
2024-01-29,23.9,23.97,24.0,23.87,9879
2024-01-30,23.95,24.07,24.08,23.86,26489
2024-01-31,24.07,24.19,24.29,23.931,54996
2024-02-01,24.23,24.36,24.59,23.852,81116
2024-02-02,24.27,24.23,24.56,23.96,14763
2024-02-05,24.32,24.09,24.32,23.85,12697
2024-02-06,24.14,24.2,24.22,24.083,6358
2024-02-07,24.3,24.18,24.39,24.17,22329
2024-02-08,24.13,24.065,24.1602,24.038,14284
2024-02-09,24.22,24.09,24.22,23.98,32287
2024-02-12,24.2015,24.239,24.239,24.0833,14012
2024-02-13,24.06,23.91625,24.1422,24.01,16426
2024-02-14,24.03,24.075,24.2178,24.03,18614
2024-02-15,24.02,24.04,24.17,24.02,22615
2024-02-16,24.03,24.01,24.1277,23.99,10794
2024-02-20,24.104,24.05,24.2177,24.0,11004
2024-02-21,24.17,24.02,24.17,24.0,15746
2024-02-22,24.1,24.0,24.1965,24.0,31591
2024-02-23,24.05,24.02,24.1499,23.99,6753
2024-02-26,24.02,23.92,24.09,23.92,8631
2024-02-27,23.92,23.58,24.0285,23.55,82474
2024-02-28,23.55,23.73,23.74,23.55,27539
2024-02-29,23.78,23.82,23.82,23.71,23622
2024-03-01,23.91,23.87,23.91,23.715,19300
2024-03-04,23.96,23.89,23.96,23.76,14147
2024-03-05,23.89,23.95,23.95,23.82,12372
2024-03-06,23.8817,23.89,23.93,23.76,63881
2024-03-07,23.95,23.84,23.95,23.77,21908
2024-03-08,23.87,23.9,23.959,23.85,24233
2024-03-11,24.06,23.95,24.06,23.9,25233
2024-03-12,23.9,24.0134,24.0511,23.9,10132
2024-03-13,24.08,24.03475,24.14,23.93,31690
2024-03-14,24.13,23.9,24.13,23.8471,23393
2024-03-15,23.99,23.95,23.99,23.89,15882
2024-03-18,23.9,24.0,24.075,23.88,31096
2024-03-19,24.0996,24.04,24.0996,23.96,27126
2024-03-20,24.16,24.08,24.16,24.0,23356
2024-03-21,24.08,24.17,24.24,23.92,46485
2024-03-22,24.2,24.21,24.24,24.15,19905
2024-03-25,24.24,24.2,24.24,24.04,28501
2024-03-26,24.24,24.24,24.24,24.1339,23355
2024-03-27,24.24,24.24,24.24,24.2,22353
2024-03-28,24.24,24.11,24.24,24.11,35993
2024-04-01,24.2,24.09,24.2,24.05,13014
2024-04-02,24.11,24.1,24.21,24.01,4738
2024-04-03,24.01,23.99,24.09,23.92,15742
2024-04-04,24.1,24.04,24.1,23.92,15768
2024-04-05,23.95,24.11,24.11,23.9,19277
2024-04-08,24.08,24.0755,24.085,24.0038,7842
2024-04-09,24.05,24.07,24.15,24.05,2919
2024-04-10,24.0,23.955,24.1,23.9,13474
2024-04-11,24.08,23.95625,24.08,23.91,14227
2024-04-12,23.96,23.96,24.04,23.92,4800
2024-04-15,23.95,23.8978,24.06,23.8,18317
2024-04-16,23.82,23.82,23.92,23.68,9477
2024-04-17,23.79,23.83,23.85,23.682,13652
2024-04-18,23.83,23.85,23.92,23.68,11986
2024-04-19,23.88,23.8501,23.95,23.76,13266
2024-04-22,23.94,23.8,24.0,23.73,30244
2024-04-23,23.88,23.94,24.0,23.76,20762
2024-04-24,23.9497,23.911,24.0,23.8695,13678
2024-04-25,23.91,23.87,23.94,23.84,17565
2024-04-26,23.97,23.97,23.97,23.8,9301
2024-04-29,23.98,24.02,24.06,23.9101,7646
2024-04-30,24.13,24.06,24.15,24.0,9608
2024-05-01,24.06,24.08,24.15,23.9934,19716
2024-05-02,23.93,23.94,24.02,23.91,8696
2024-05-03,24.11,24.05,24.12,24.03,5160
2024-05-06,24.24,24.12,24.24,24.1,22190
2024-05-07,24.45,24.32,24.45,24.245,32663
2024-05-08,24.4,24.64,24.69,24.3335,50764
2024-05-09,24.78,24.66,24.78,24.3855,30644
2024-05-10,24.73,24.7,24.73,24.66,6404
2024-05-13,24.89,24.61625,24.89,24.66,22106
2024-05-14,24.78,24.7,24.82,24.48,23363
2024-05-15,24.9,24.72,24.9,24.7,5359
2024-05-16,24.84,24.95,25.05,24.795,35047
2024-05-17,25.0,24.87,25.0,24.87,5057
2024-05-20,24.99,24.88,25.0,24.87,11534
2024-05-21,24.99,24.88,24.99,24.8098,11668
2024-05-22,24.96,24.84,24.96,24.7,10129
2024-05-23,24.94,24.73,24.97,24.7,3926
2024-05-24,24.8,24.45,24.97,24.21,21003
2024-05-28,24.39,24.14,24.5055,24.14,20107
2024-05-29,24.02,24.0513,24.64,23.91,20278
2024-05-30,24.13,24.13,24.4161,24.05,24797
2024-05-31,24.13,24.28,24.33,24.13,6681
2024-06-03,24.39,24.28,24.39,24.22,10895
2024-06-04,24.6,24.45,24.6,24.32,12244
2024-06-05,24.55,24.48,24.55,24.4,11854
2024-06-06,24.5,24.31,24.5,24.25,32497
2024-06-07,24.22,24.2,24.22,24.11,10423
2024-06-10,24.19,24.29,24.42,24.17,16699
2024-06-11,24.36,24.3,24.37,24.1207,16323
2024-06-12,24.48,24.5,24.6,24.3325,20142
2024-06-13,24.59,24.38625,24.598,24.44,16178
2024-06-14,24.52,24.42,24.61,24.3001,11979
2024-06-17,24.42,24.38,24.44,24.26,18107
2024-06-18,24.48,24.49,24.61,24.39,15379
2024-06-20,24.59,24.44,24.61,24.39,14447
2024-06-21,24.52,24.41,24.55,24.36,10163
2024-06-24,24.53,24.52,24.7899,24.25,34129
2024-06-25,24.65,24.575,24.75,24.4291,15845
2024-06-26,24.6,24.67,24.689,24.39,16193
2024-06-27,24.77,24.7,24.79,24.6,16045
2024-06-28,24.79,24.7,24.85,24.7,17815
2024-07-01,24.74,24.46,24.74,24.38,24112
2024-07-02,24.61,24.54,24.61,24.35,14822
2024-07-03,24.47,24.56,24.6,24.47,4626
2024-07-05,24.6,24.62,24.63,24.5,9141
2024-07-08,24.62,24.56,24.62,24.5016,12373
2024-07-09,24.64,24.6199,24.64,24.58,5077
2024-07-10,24.64,24.68,24.75,24.614,7438
2024-07-11,24.75,24.76,24.88,24.71,16393
2024-07-12,24.89,24.72125,24.89,24.8,2142
2024-07-15,24.83,24.762,24.8898,24.72,11047
2024-07-16,24.97,24.81,24.97,24.81,13303
2024-07-17,24.92,24.83,24.92,24.8001,42574
2024-07-18,24.9,24.74,24.9553,24.735,48289
2024-07-19,24.83,24.5,24.929,24.45,23619
2024-07-22,24.75,24.7085,24.88,24.7,27418
2024-07-23,24.85,24.775,24.85,24.71,4747
2024-07-24,24.84,24.85,24.86,24.66,24190
2024-07-25,24.92,24.79,24.92,24.65,75310
2024-07-26,24.9,24.9,24.9,24.83,7955
2024-07-29,24.9,24.7601,25.1,24.76,20107
2024-07-30,24.83,24.82,24.92,24.72,11459
2024-07-31,24.9,24.82,25.05,24.79,14487
2024-08-01,25.04,24.875,25.04,24.76,34348
2024-08-02,24.96,24.83,24.9783,24.69,26895
2024-08-05,24.84,24.64,24.84,24.6,29321
2024-08-06,24.7,24.61,24.9499,24.54,21456
2024-08-07,24.64,24.8,24.95,24.64,6456
2024-08-08,24.89,24.92,24.94,24.75,14827
2024-08-09,24.86,24.94,24.94,24.835,9682
2024-08-12,24.86,24.9,24.94,24.77,17309
2024-08-13,24.8901,24.8997,24.95,24.83,16622
2024-08-14,25.01,24.80125,25.02,24.81,12044
2024-08-15,24.92,24.72,24.9577,24.655,21429
2024-08-16,25.05,24.8601,25.1215,24.85,20866
2024-08-19,24.96,25.0,25.06,24.8,13430
2024-08-20,25.09,24.97,25.1,24.91,13083
2024-08-21,24.96,24.97,25.0,24.9001,5915
2024-08-22,24.95,25.23,25.25,24.95,25980
2024-08-23,25.265,25.04,25.265,25.0,14700
2024-08-26,25.19,25.07,25.19,25.05,19676
2024-08-27,25.07,25.07,25.21,25.02,7188
2024-08-28,25.1,25.31,25.31,25.07,8999
2024-08-29,25.4,25.25,25.4,25.16,7306
2024-08-30,25.34,25.05,25.45,25.05,17984
2024-09-03,25.15,25.04,25.2009,25.02,12772
2024-09-04,25.02,25.08,25.27,25.0,23920
2024-09-05,25.02,25.01,25.3,24.92,17524
2024-09-06,25.0,24.99,25.09,24.97,10266
2024-09-09,24.99,25.07,25.139,24.98,7772
2024-09-10,25.02,25.03,25.105,25.0114,3789
2024-09-11,25.0,25.05,25.12,24.99,9436
2024-09-12,25.05,25.07,25.18,25.04,18998
2024-09-13,25.02,25.00625,25.18,25.0105,5084
2024-09-16,25.1,25.11,25.18,25.05,17464
2024-09-17,25.19,25.212,25.2699,25.0859,12061
2024-09-18,25.2857,25.097,25.3,25.06,17320
2024-09-19,25.23,25.2,25.3998,25.12,11259
2024-09-20,25.17,25.15,25.2974,25.09,6812
2024-09-23,25.05,25.14,25.24,25.05,11160
2024-09-24,25.25,25.23,25.25,25.2,4263
2024-09-25,25.17,25.19,25.37,25.17,17612
2024-09-26,25.32,25.4,25.4,25.32,3753
2024-09-27,25.36,25.19,25.6196,25.19,8969
2024-09-30,25.17,25.57,25.629,25.17,25159
2024-10-01,25.83,25.21,26.14,25.2,62232
2024-10-02,25.43,25.3092,25.71,25.3092,15749
2024-10-03,25.3,25.25,25.5699,25.24,16751
2024-10-04,25.24,25.275,25.33,25.16,7526
2024-10-07,25.22,25.19,25.3,25.19,10307
2024-10-08,25.4,25.395,25.41,25.16,23303
2024-10-09,25.39,25.34,25.56,25.2001,7152
2024-10-10,25.31,25.2,25.31,25.08,21683
2024-10-11,25.34,25.14,25.34,25.14,5003
2024-10-14,25.28,24.98625,25.28,25.06,24078
2024-10-15,25.03,25.07,25.11,25.0,5564
2024-10-16,25.18,25.025,25.18,25.01,7919
2024-10-17,25.004,25.0477,25.34,25.004,15343
2024-10-18,25.64,25.2242,25.64,25.1301,6520
2024-10-21,25.31,25.29,25.31,25.0701,7956
2024-10-22,25.37,25.32,25.541,25.2101,5304
2024-10-23,25.22,25.05,25.22,25.01,13518
2024-10-24,25.23,24.61,25.23,24.5,31527
2024-10-25,24.77,24.73,24.92,24.68,5166
2024-10-28,24.7,24.73,24.89,24.7,7672
2024-10-29,24.73,24.7199,24.76,24.68,4481
2024-10-30,24.73,25.01,25.01,24.58,16269
2024-10-31,25.0,24.875,25.05,24.55,11249
2024-11-01,25.05,24.975,25.05,24.7682,3269
2024-11-04,25.1,25.1781,25.2,24.73,12466
2024-11-05,25.15,25.155,25.1638,24.985,10210
2024-11-06,25.0,25.02,25.066,24.75,9127
2024-11-07,25.08,24.9301,25.2,24.86,8603
2024-11-08,25.15,25.115,25.174,25.07,1584
2024-11-11,25.27,25.11,25.36,25.05,16305
2024-11-12,25.1,25.16,25.26,25.05,5476
2024-11-13,25.24,25.07,25.24,25.05,11356
2024-11-14,25.2247,25.13625,25.3495,25.1,17806
2024-11-15,25.3,25.1501,25.3,25.1501,1762
2024-11-18,25.31,25.16,25.31,25.05,10679
2024-11-19,25.2,25.11,25.2,24.9801,19548
2024-11-20,25.1279,25.3,25.325,25.0599,15091
2024-11-21,25.1873,25.319,25.3599,25.1873,7937
2024-11-22,25.18,25.1,25.18,25.09,10618
2024-11-25,25.48,25.14,25.48,25.0,33491
2024-11-26,25.33,25.29,25.46,25.21,15845
2024-11-27,25.43,25.6,25.62,25.18,27817
2024-11-29,25.47,25.71,25.89,25.47,8698
2024-12-02,25.85,25.77,25.85,25.56,5281
2024-12-03,25.88,25.65,25.88,25.51,14630
2024-12-04,25.71,25.5649,25.8,25.52,7117
2024-12-05,25.5,25.6,25.79,25.48,5688
2024-12-06,25.58,25.58,25.58,25.4501,423
2024-12-09,25.6,25.6,25.77,25.45,14884
2024-12-10,25.78,25.4,25.8,25.35,19161
2024-12-11,25.6,25.46,25.6,25.43,6777
2024-12-12,25.46,25.355,25.46,25.26,8402
2024-12-13,25.35,25.30625,25.59,25.25,15329
2024-12-16,25.5658,25.33,25.59,25.15,9851
2024-12-17,25.16,25.19,25.6,25.16,15924
2024-12-18,25.15,25.07,25.33,25.05,11605
2024-12-19,25.03,25.06,25.12,24.8601,18564
2024-12-20,25.075,25.15,25.15,25.0235,2723
2024-12-23,25.13,25.11,25.181,25.1,10086
2024-12-24,25.3,25.325,25.55,25.2191,32776
2024-12-26,25.25,25.626,25.68,25.23,16905
2024-12-27,25.67,25.66,25.7,25.4409,15138
2024-12-30,25.7,25.46,25.79,25.45,30129
2024-12-31,25.46,25.59,25.9,25.46,30504
2025-01-02,25.59,25.55,25.74,25.48,14540
2025-01-03,25.74,25.56,25.74,25.51,14405
2025-01-06,25.57,25.48,25.57,25.48,5863
2025-01-07,25.55,25.87,25.89,25.4647,20051
2025-01-08,25.87,25.79,25.91,25.58,66284
2025-01-10,25.7,25.49,25.75,25.46,34239
2025-01-13,25.47,25.43,25.67,25.425,13915
2025-01-14,25.525,25.42625,25.6,25.45,1914
2025-01-15,25.65,25.66,25.7785,25.4268,12984
2025-01-16,25.77,25.4,25.77,25.32,42010
2025-01-17,25.41,25.4383,25.75,25.35,12894
2025-01-21,25.73,25.43,25.745,25.38,13160
2025-01-22,25.48,25.385,25.6227,25.33,23454
2025-01-23,25.38,25.36,25.46,25.23,18760
2025-01-24,25.39,25.3535,25.45,25.32,9076
2025-01-27,25.36,25.39,25.4237,25.26,17830
2025-01-28,25.34,25.36,25.4499,25.2,11145
2025-01-29,25.36,25.3475,25.4,25.205,14829
2025-01-30,25.27,25.45,25.5,25.2601,18673
2025-01-31,25.73,25.58,25.73,25.5001,10874
2025-02-03,25.56,25.73,25.84,25.465,15025
2025-02-04,25.72,25.59,25.72,25.59,7228
2025-02-05,25.62,25.67,25.75,25.54,10099
2025-02-06,25.64,25.445,25.7383,25.42,21178
2025-02-07,25.46,25.4464,25.591,25.444,2658
2025-02-10,25.36,25.43,25.8,25.36,7040
2025-02-11,25.75,25.35,25.75,25.35,3533
2025-02-12,25.66,25.17,25.66,25.16,17831
2025-02-13,25.19,25.21625,26.09,25.19,11902
2025-02-14,25.29,25.38,25.38,25.21,10345
2025-02-18,25.39,25.25,25.398,25.2191,3812
2025-02-19,25.4,25.35,25.4,25.29,10573
2025-02-20,25.26,25.4999,25.5,25.26,7156
2025-02-21,25.405,25.45,25.45,25.39,1687
2025-02-24,25.31,25.35,25.4099,25.31,10358
2025-02-25,25.84,25.5006,25.84,25.45,8592
2025-02-26,25.53,25.52,25.84,25.4,688
2025-02-27,25.57,25.56,25.79,25.29,26518
2025-02-28,25.47,25.59,25.75,25.34,6820
2025-03-03,25.76,25.77,25.7772,25.5001,4421
2025-03-04,25.74,25.58,25.75,25.55,7253
2025-03-05,25.71,25.45,25.7162,25.31,16124
2025-03-06,25.41,25.33,25.4324,25.12,16845
2025-03-07,25.34,25.53,25.6099,25.2501,10590
2025-03-10,25.41,25.33,25.61,25.275,7300
2025-03-11,25.2618,25.3,25.4,25.2618,6785
2025-03-12,25.43,25.38,25.4599,25.28,5907
2025-03-13,25.25,24.98625,25.405,25.0745,17171
2025-03-14,25.0155,25.0501,25.15,25.0155,5607
2025-03-17,25.1119,25.07,25.23,24.95,4501
2025-03-18,25.04,25.0747,25.0753,24.9601,5285
2025-03-19,25.25,25.09,25.25,25.0183,7003
2025-03-20,25.5,25.34,25.5361,25.1791,3595
2025-03-21,25.55,25.27,25.55,25.25,5790
2025-03-24,25.28,25.19,25.2835,25.0999,8735
2025-03-25,25.15,25.1999,25.2,25.01,5673
2025-03-26,25.33,25.2,25.36,25.0502,7055
2025-03-27,25.07,25.15,25.2293,25.01,6110
2025-03-28,25.2021,25.152,25.2021,25.152,672
2025-03-31,25.1499,25.35,25.38,25.05,3252
2025-04-01,25.33,25.1,25.38,25.0298,47977
2025-04-02,25.1,25.045,25.14,25.045,6232
2025-04-03,24.94,25.08,25.37,24.94,10189
2025-04-04,25.15,24.81,25.37,24.7,24999
2025-04-07,24.7,24.55,25.05,24.55,20833
2025-04-08,24.16,24.3,25.06,24.1201,10672
2025-04-09,24.615,24.0,24.615,23.15,51567
2025-04-10,23.83,23.65,24.29,23.52,20293
2025-04-11,23.84,23.77,24.12,23.04,34873
