2022-01-31,9.8,9.7999,9.8,9.7999,500
2022-02-01,9.8,9.82,9.82,9.8,61500
2022-02-03,9.82,9.8201,9.8201,9.82,297080
2022-02-04,9.82,9.84,9.8452,9.82,71816
2022-02-07,9.83,9.84,9.84,9.83,458988
2022-02-08,9.84,9.84,9.84,9.82,202682
2022-02-09,9.82,9.84,9.84,9.82,1580623
2022-02-10,9.84,9.83,9.84,9.83,188785
2022-02-11,9.84,9.83,9.84,9.83,29004
2022-02-14,9.84,9.84,9.84,9.84,14226
2022-02-15,9.846,9.8202,9.846,9.8202,719
2022-02-16,9.84,9.84,9.84,9.84,8800
2022-02-18,9.84,9.83,9.84,9.83,1886
2022-02-22,9.84,9.85,9.85,9.84,113436
2022-02-23,9.85,9.86,9.86,9.83,147510
2022-02-24,9.85,9.85,9.85,9.85,24414
2022-02-25,9.86,9.85,9.86,9.85,117900
2022-02-28,9.85,9.85,9.85,9.85,6527
2022-03-01,9.87,9.88,9.88,9.87,528906
2022-03-02,9.87,9.88,9.88,9.86,63179
2022-03-03,9.88,9.88,9.8807,9.86,901300
2022-03-07,9.87,9.86,9.87,9.86,1166
2022-03-08,9.86,9.86,9.86,9.86,322
2022-03-09,9.88,9.88,9.89,9.88,427187
2022-03-10,9.89,9.88,9.89,9.875,77807
2022-03-14,9.87,9.87,9.87,9.87,22006
2022-03-15,9.87,9.87,9.87,9.87,2483
2022-03-16,9.87,9.87,9.885,9.87,1922
2022-03-17,9.87,9.87,9.87,9.87,2161
2022-03-18,9.87,9.87,9.87,9.87,5132
2022-03-21,9.87,9.9,9.9,9.87,2607
2022-03-22,9.9,9.87,9.9,9.86,2089
2022-03-23,9.9,9.87,9.9,9.87,241724
2022-03-24,9.87,9.89,9.9,9.87,18978
2022-03-31,9.9,9.89,9.9,9.89,79140
2022-04-01,9.89,9.9,9.9,9.89,60532
2022-04-04,9.9,9.92,9.92,9.9,35276
2022-04-05,9.91,9.91,9.91,9.91,5112
2022-04-06,9.91,9.91,9.91,9.91,2121
2022-04-07,9.9,9.93,9.93,9.9,7047
2022-04-08,9.91,9.91,9.91,9.91,1614
2022-04-11,9.91,9.9,9.92,9.9,139604
2022-04-12,9.9336,9.9336,9.9336,9.9336,104
2022-04-13,9.92,9.92,9.92,9.92,60001
2022-04-14,9.925,9.93,9.93,9.92,7594
2022-04-18,9.9371,9.9371,9.9371,9.9371,8331
2022-04-21,9.96,9.96,9.96,9.96,6153
2022-04-22,9.93,9.93,9.93,9.93,814
2022-04-25,9.94,9.93,9.94,9.93,14306
2022-04-26,9.93,9.9308,9.94,9.92,50953
2022-04-27,9.94,9.94,9.94,9.94,732
2022-04-28,9.94,9.93,9.94,9.93,60395
2022-04-29,9.93,9.94,9.94,9.93,648263
2022-05-04,9.94,9.93,9.94,9.93,29700
2022-05-05,9.94,9.94,9.94,9.93,431178
2022-05-06,9.93,9.93,9.94,9.925,223231
2022-05-11,9.9101,9.91,9.9101,9.91,3201
2022-05-12,9.93,9.91,9.93,9.91,742
2022-05-13,9.92,9.92,9.92,9.92,260
2022-05-23,9.9,9.9,9.9,9.9,1637
2022-05-24,9.91,9.9,9.91,9.9,1271
2022-05-26,9.9,9.906,9.906,9.9,13025
2022-05-27,9.9,9.9,9.9,9.9,522
2022-05-31,9.9,9.93,9.93,9.9,31241
2022-06-01,9.92,9.92,9.92,9.915,5314
2022-06-02,9.91,9.91,9.91,9.91,320
2022-06-03,9.93,9.93,9.93,9.93,1888
2022-06-07,9.93,9.93,9.93,9.92,8077
2022-06-08,9.925,9.925,9.925,9.925,238487
2022-06-13,9.92,9.92,9.93,9.92,514501
2022-06-15,9.93,9.93,9.93,9.93,250002
2022-06-16,9.92,9.92,9.92,9.92,423
2022-06-24,9.95,9.95,9.95,9.95,373
2022-06-27,9.93,9.91,9.95,9.91,626158
2022-06-28,9.91,9.91,9.91,9.91,389108
2022-06-29,9.92,9.94,9.94,9.92,7165
2022-06-30,9.91,9.91,9.91,9.91,2258
2022-07-01,9.92,9.92,9.92,9.92,14025
2022-07-05,9.92,9.92,9.92,9.92,105
2022-07-06,9.92,9.96,9.96,9.92,828
2022-07-07,9.9,9.92,9.92,9.9,2947
2022-07-11,9.93,9.92,9.93,9.92,22071
2022-07-12,9.94,9.935,9.94,9.935,139810
2022-07-13,9.93,9.95,9.95,9.93,7229
2022-07-14,9.93,9.94,9.94,9.93,1742
2022-07-15,9.99,9.99,9.99,9.99,123
2022-07-18,9.98,9.93,9.98,9.93,4111
2022-07-19,9.97,9.94,9.97,9.94,104008
2022-07-20,9.95,9.945,9.95,9.94,250809
2022-07-21,9.96,9.96,9.96,9.96,105050
2022-07-22,9.97,9.97,9.97,9.97,376
2022-07-25,9.98,9.97,9.98,9.965,55324
2022-07-26,9.96,9.96,9.9633,9.96,3000
2022-07-27,9.97,9.97,9.97,9.97,115
2022-07-28,9.96,9.97,9.97,9.96,514551
2022-08-01,9.96,9.96,9.96,9.96,100
2022-08-02,9.98,9.98,9.98,9.98,100
2022-08-05,9.97,9.97,9.97,9.97,2455
2022-08-08,10.0,9.97,10.0,9.97,2395
2022-08-09,9.97,9.97,9.97,9.97,57941
2022-08-10,10.0,10.0,10.0,10.0,400
2022-08-11,9.98,9.99,9.99,9.97,3416
2022-08-17,9.97,9.97,9.97,9.97,100
2022-08-18,9.98,9.98,9.98,9.98,120589
2022-08-23,9.97,10.0,10.02,9.97,4129
2022-08-25,9.98,9.975,9.99,9.975,6876
2022-08-29,9.98,9.98,9.98,9.98,308
2022-08-30,9.95,9.97,9.97,9.95,3822
2022-08-31,9.95,9.97,9.98,9.95,761
2022-09-01,9.97,9.97,9.97,9.97,254
2022-09-02,9.98,9.97,9.98,9.95,5632
2022-09-06,9.98,9.98,9.98,9.98,4311
2022-09-08,9.98,9.98,9.98,9.98,226
2022-09-09,9.95,9.95,9.965,9.95,5600
2022-09-12,9.95,9.96,9.965,9.95,4918
2022-09-13,9.955,9.955,9.955,9.955,826
2022-09-14,9.95,9.95,9.95,9.95,5025
2022-09-15,9.97,9.985,9.99,9.97,49959
2022-09-16,9.97,9.97,9.97,9.97,300
2022-09-19,9.98,9.99,9.99,9.98,1143503
2022-09-20,9.97,9.96,9.97,9.96,4002
2022-09-21,9.97,9.96,9.97,9.96,8020
2022-09-22,9.965,9.97,9.97,9.965,12675
2022-09-23,9.98,9.98,9.98,9.98,100
2022-09-26,9.96,9.98,9.98,9.96,2086
2022-09-28,9.98,10.0,10.0,9.97,23719
2022-09-29,10.01,10.01,10.01,10.01,102
2022-09-30,10.01,10.01,10.01,10.01,46400
2022-10-05,9.98,9.99,9.99,9.98,6625
2022-10-06,9.99,9.98,9.99,9.98,1510
2022-10-07,9.99,9.98,9.99,9.98,7949
2022-10-10,10.01,10.01,10.01,10.01,155656
2022-10-12,9.995,10.0,10.0,9.995,40501
2022-10-13,10.0,10.0,10.0,10.0,125
2022-10-18,10.01,10.01,10.01,10.005,41739
2022-10-19,10.0,10.0,10.0,10.0,7072
2022-10-20,10.02,10.02,10.02,10.02,12505
2022-10-21,10.0,10.0,10.0,10.0,2000
2022-10-24,10.0,10.0,10.0,10.0,2140
2022-10-26,10.03,10.03,10.03,10.025,171167
2022-10-27,10.03,10.03,10.03,10.03,246
2022-10-31,10.04,10.04,10.04,10.04,3405
2022-11-01,10.05,10.05,10.05,10.05,262
2022-11-02,10.05,10.05,10.05,10.05,178
2022-11-03,10.05,10.05,10.05,10.05,216
2022-11-04,10.06,10.05,10.06,10.05,2111
2022-11-07,10.04,10.05,10.05,10.04,90777
2022-11-09,10.05,10.04,10.05,10.04,16268
2022-11-10,10.04,10.04,10.04,10.04,13560
2022-11-11,10.045,10.0499,10.05,10.045,21246
2022-11-14,10.04,10.04,10.04,10.04,203
2022-11-15,10.05,10.05,10.05,10.05,168836
2022-11-16,10.13,10.15,10.17,10.13,3945673
2022-11-17,10.16,10.15,10.16,10.15,517246
2022-11-18,10.16,10.16,10.16,10.15,38150
2022-11-21,10.15,10.15,10.155,10.145,556780
2022-11-22,10.15,10.15,10.16,10.15,445615
2022-11-23,10.15,10.17,10.17,10.15,20359
2022-11-25,10.17,10.17,10.17,10.17,11314
2022-11-28,10.175,10.1701,10.175,10.1575,411247
2022-11-29,10.17,10.17,10.17,10.17,50054
2022-11-30,10.18,10.18,10.18,10.18,537652
2022-12-01,10.185,10.185,10.185,10.18,53671
2022-12-02,10.185,10.19,10.2,10.18,76251
2022-12-05,10.23,10.23,10.24,10.23,60863
2022-12-06,10.23,10.19,10.31,10.18,136156
2022-12-07,10.18,10.2,10.2,10.18,1468423
2022-12-08,10.19,10.19,10.19,10.19,109
2022-12-09,10.1962,10.1962,10.1962,10.1962,1001
2022-12-13,10.18,10.17,10.1836,10.17,55653
2022-12-14,10.18,10.19,10.19,10.18,237931
2022-12-15,10.18,10.18,10.18,10.18,31266
2022-12-16,10.1799,10.18,10.18,10.1799,5300
2022-12-19,10.2,10.18,10.2,10.18,2100
2022-12-23,10.19,10.19,10.19,10.19,800
2022-12-27,10.24,10.17,10.24,10.17,840
2022-12-28,10.2899,10.16,10.7,10.16,25521
2022-12-29,10.16,10.16,10.16,10.16,2238000
2022-12-30,10.16,10.16,10.16,10.16,665
2023-01-03,10.15,10.16,10.17,10.15,329321
2023-01-04,10.16,10.17,10.17,10.16,452221
2023-01-05,10.22,10.2,10.22,10.2,1206176
2023-01-09,10.16,10.2,10.2,10.16,2661
2023-01-10,10.2,10.2,10.2,10.2,3222
2023-01-11,10.21,10.22,10.23,10.2,182393
2023-01-12,10.22,10.22,10.225,10.2175,431810
2023-01-13,10.225,10.22,10.225,10.22,9765
2023-01-17,10.23,10.225,10.23,10.225,6735
2023-01-18,10.23,10.22,10.25,10.22,16587
2023-01-19,10.26,10.26,10.26,10.26,300
2023-01-20,10.26,10.25,10.26,10.23,1081
2023-01-23,10.26,10.23,10.26,10.23,1545
2023-01-24,10.24,10.26,10.26,10.24,53585
2023-01-25,10.26,10.255,10.26,10.24,10616
2023-01-26,10.28,10.25,10.28,10.25,4534
2023-01-27,10.28,10.26,10.28,10.26,508750
2023-01-30,10.28,10.26,10.28,10.26,8671
2023-01-31,10.27,10.26,10.27,10.26,3925
2023-02-01,10.28,10.27,10.28,10.26,360843
2023-02-02,10.27,10.27,10.27,10.27,14662
2023-02-03,10.275,10.275,10.275,10.275,111
2023-02-06,10.28,10.28,10.29,10.275,66845
2023-02-07,10.28,10.28,10.28,10.28,50860
2023-02-08,10.29,10.29,10.29,10.29,140
2023-02-09,10.29,10.27,10.29,10.27,103963
2023-02-10,10.27,10.27,10.28,10.26,2337433
2023-02-13,10.27,10.25,10.27,10.25,677052
2023-02-15,10.27,10.25,10.27,10.25,60213
2023-02-16,10.26,10.25,10.26,10.25,78751
2023-02-17,10.26,10.27,10.27,10.26,10172
2023-02-21,10.26,10.24,10.26,10.24,232064
2023-02-22,10.25,10.25,10.25,10.24,133013
2023-02-23,10.28,10.29,10.3,10.28,5143332
2023-02-24,10.31,10.285,11.47,10.28,741771
2023-02-27,10.34,10.29,10.35,10.28,90972
2023-02-28,10.2901,10.29,10.2901,10.29,3015
2023-03-01,10.29,10.29,10.3,10.28,46707
2023-03-02,10.28,10.315,10.315,10.26,79506
2023-03-03,10.31,10.3,10.31,10.29,80038
2023-03-06,10.3,10.3,10.31,10.3,954522
2023-03-07,10.32,10.27,10.32,10.25,688900
2023-03-08,10.25,10.28,10.28,10.25,11208
2023-03-10,10.295,10.24,10.3,10.24,180274
2023-03-13,10.19,10.18,10.21,10.18,43961
2023-03-14,10.15,10.18,10.18,10.15,30217
2023-03-16,10.27,10.15,10.32,10.1,1435127
2023-03-17,10.1485,10.16,10.17,10.145,7360
2023-03-20,10.1521,10.17,10.17,10.1486,57127
2023-03-21,10.17,10.15,10.17,10.1484,17790
2023-03-22,10.17,10.17,10.17,10.15,49627
2023-03-23,10.17,10.16,10.17,10.16,447
2023-03-24,10.17,10.2,10.21,10.145,17317
2023-03-27,10.17,10.19,10.19,10.17,783
2023-03-28,10.19,10.18,10.19,10.18,13624
2023-03-29,10.18,10.18,10.18,10.17,35406
2023-03-30,10.2,10.16,10.2,10.16,284726
2023-03-31,10.19,10.18,10.19,10.17,185003
2023-04-03,10.2,10.16,10.2,10.16,5541
2023-04-04,10.15,10.15,10.15,10.15,803
2023-04-10,10.17,10.17,10.17,10.17,305
2023-04-11,10.165,10.17,10.17,10.16,6516
2023-04-12,10.17,10.165,10.17,10.165,15814
2023-04-13,10.17,10.18,10.19,10.17,47271
2023-04-19,10.18,10.2,10.2,10.17,7210
2023-04-20,10.2,10.2,10.2,10.17,59866
2023-04-21,10.2,10.2,10.2,10.19,5380
2023-04-24,10.2,10.21,10.21,10.195,121804
2023-04-25,10.19,10.21,10.21,10.19,11927
2023-04-26,10.34,10.2,10.34,10.2,248
2023-04-27,10.2,10.2,10.2,10.2,5167
2023-04-28,10.2,10.21,10.225,10.2,44121
2023-05-01,10.21,10.21,10.21,10.21,6504
2023-05-02,10.21,10.23,10.23,10.21,5200
2023-05-05,10.21,10.21,10.21,10.21,1514
2023-05-08,10.21,10.22,10.22,10.21,5201
2023-05-09,10.215,10.225,10.23,10.215,11639
2023-05-10,10.22,10.23,10.23,10.22,24954
2023-05-11,10.22,10.22,10.22,10.22,190
2023-05-12,10.22,10.22,10.22,10.22,100
2023-05-15,10.22,10.23,10.23,10.22,5383
2023-05-18,10.21,10.24,10.24,10.2,51622
2023-05-22,10.24,10.24,10.24,10.24,5697
2023-05-23,10.24,10.24,10.24,10.24,20640
2023-05-24,10.24,10.27,10.27,10.24,5892
2023-05-25,10.26,10.25,10.3,10.25,22164
2023-06-01,10.24,10.28,10.28,10.24,2585
2023-06-02,10.29,10.29,10.29,10.25,8871
2023-06-08,10.34,10.35,10.35,10.34,3823
2023-06-12,10.35,10.35,10.35,10.35,101
2023-06-14,10.44,10.44,10.44,10.44,422
2023-06-15,10.31,10.4,10.43,10.3,23602
2023-06-20,10.43,10.43,10.43,10.43,200
2023-06-21,10.43,10.43,10.44,10.43,2812
2023-06-22,10.42,10.42,10.43,10.4,412228
2023-06-23,10.425,10.42,10.43,10.42,945694
2023-06-26,10.41,10.42,10.47,10.41,234379
2023-06-27,10.46,10.44,10.565,10.44,800
2023-06-29,10.49,10.45,10.49,10.44,9046
2023-07-03,10.47,10.45,10.47,10.45,3313
2023-07-05,10.47,10.47,10.47,10.47,600
2023-07-06,10.47,10.47,10.47,10.47,300
2023-07-07,10.48,10.51,10.57,10.48,4905
2023-07-10,10.47,10.59,10.59,10.47,1639
2023-07-11,10.53,10.5,10.53,10.5,10479
2023-07-13,10.48,10.47,10.5,10.47,1475
2023-07-21,10.52,10.52,10.52,10.52,105
2023-07-24,10.56,10.52,10.56,10.48,612
2023-07-25,10.4898,10.47,10.49,10.47,1552
2023-08-02,10.495,10.47,10.52,10.47,8615
2023-08-03,10.48,10.52,10.52,10.48,451
2023-08-15,10.48,10.48,10.48,10.48,114
2023-08-16,10.48,10.48,10.48,10.48,108
2023-08-21,10.52,10.52,10.52,10.52,8417
2023-08-24,10.52,10.485,10.52,10.485,303232
2023-08-25,10.48,10.48,10.48,10.48,6208
2023-09-05,10.48,10.48,10.4934,10.48,8112
2023-09-06,10.48,10.48,10.5,10.48,9282
2023-09-07,10.47,10.47,10.47,10.47,1343
2023-09-08,10.49,10.47,10.49,10.47,912
2023-09-12,NaN,10.47,NaN,NaN,3
2023-09-13,10.48,10.48,10.4801,10.48,6775
2023-09-22,10.51,10.52,10.52,10.51,5870
2023-09-26,10.55,10.56,10.56,10.55,1209
2023-09-27,10.57,10.57,10.57,10.57,120
2023-09-28,10.56,10.56,10.56,10.56,5181
2023-10-03,10.5301,10.53,10.548,10.53,5522
2023-10-04,10.54,10.54,10.54,10.54,299
2023-10-06,10.55,10.55,10.55,10.55,104979
2023-10-10,10.55,10.55,10.55,10.55,102030
2023-10-11,10.55,10.55,10.55,10.55,4180
2023-10-12,10.55,10.55,10.55,10.55,45066
2023-10-16,10.55,10.5501,10.5609,10.55,890
2023-10-18,10.55,10.56,10.565,10.54,104517
2023-10-23,10.57,10.57,10.57,10.57,574
2023-10-24,10.58,10.5833,10.5833,10.58,3333
2023-10-26,10.58,10.58,10.58,10.58,131025
2023-10-27,10.58,10.58,10.58,10.58,105009
2023-10-30,10.58,10.57,10.58,10.57,14307
2023-11-01,10.59,10.59,10.59,10.59,397
2023-11-02,10.6,10.6,10.6,10.6,2001
2023-11-07,10.61,10.61,10.6133,10.58,10377
2023-11-08,10.61,10.61,10.61,10.61,111
2023-11-09,10.61,10.61,10.61,10.61,3345
2023-11-13,10.615,10.6,10.62,10.595,7202
2023-11-14,10.59,10.62,10.66,10.59,6120
2023-11-15,10.62,10.62,10.62,10.62,1556
2023-11-16,10.66,10.63,10.66,10.63,10956
2023-11-21,10.62,10.63,10.65,10.62,84618
2023-11-22,10.63,10.63,10.63,10.63,142
2023-11-27,10.63,10.63,10.63,10.63,374494
2023-11-28,10.64,10.65,10.65,10.64,255942
2023-11-29,10.63,10.63,10.63,10.63,957
2023-12-01,10.67,10.65,10.79,10.65,8219
2023-12-05,10.67,10.67,10.67,10.67,738
2023-12-07,10.66,10.66,10.66,10.66,401
2023-12-11,10.66,10.79,10.79,10.65,1384
2023-12-12,10.7824,10.7824,10.7824,10.7824,506
2023-12-15,10.72,10.7201,10.7201,10.72,1320
2023-12-18,10.72,10.72,10.72,10.72,1210
2023-12-19,10.79,10.79,10.79,10.79,183
2023-12-22,10.79,10.72,10.79,10.72,2487
2023-12-26,10.8,10.7999,10.8,10.7,8559
2023-12-27,10.7839,10.79,10.79,10.7,4685
2023-12-28,10.8,10.73,10.8,10.7,3640
2024-01-02,10.77,10.77,10.77,10.77,1062
2024-01-03,10.73,10.73,10.73,10.7,102282
2024-01-09,10.73,10.725,10.73,10.71,4406
2024-01-10,10.71,10.71,10.71,10.71,863
2024-01-11,10.72,10.71,10.73,10.71,1479
2024-01-16,10.71,10.78,10.78,10.71,9790
2024-01-17,10.8,10.8,10.8067,10.8,2315
2024-01-22,10.81,10.81,10.81,10.81,4342
2024-01-25,10.78,10.78,10.7801,10.78,975
2024-01-29,10.82,10.82,10.82,10.78,1866
2024-01-30,10.82,10.825,10.825,10.8199,5764
2024-01-31,10.81,10.81,10.81,10.81,1152
2024-02-01,10.8,10.8,10.8,10.8,200
2024-02-05,10.79,10.81,10.81,10.79,3618
2024-02-07,10.78,10.828,10.828,10.78,1560
2024-02-08,10.78,10.8085,10.82,10.78,3099
2024-02-09,10.79,10.78,10.8,10.78,1422
2024-02-12,10.79,10.81,10.81,10.79,808
2024-02-13,10.78,10.78,10.79,10.78,566
2024-02-16,10.7986,10.8,10.8,10.79,1312
2024-02-20,10.79,10.79,10.9226,10.78,1649
2024-02-26,10.93,11.03,11.03,10.915,1162
2024-02-28,10.95,10.95,10.95,10.95,1080
2024-02-29,10.91,10.9,10.91,10.9,2047
2024-03-06,10.83,10.905,10.905,10.83,451
2024-03-07,10.84,10.84,10.84,10.84,255
2024-03-08,10.9,10.9,10.92,10.9,1657
2024-03-11,11.02,10.85,11.02,10.85,2073
2024-03-18,10.91,10.91,11.0,10.91,11110
2024-03-19,10.99,10.99,11.0,10.99,1194
2024-03-20,10.98,10.9967,10.9967,10.98,3881
2024-03-21,10.98,10.975,10.9999,10.975,2093
2024-03-22,10.9655,11.0,11.0,10.95,15022
2024-03-25,10.9999,11.085,11.09,10.975,17515
2024-03-26,11.0474,11.09,11.09,11.0474,2808
2024-03-27,11.01,11.0,11.045,11.0,14579
2024-03-28,11.24,11.09,11.24,10.9804,11138
2024-04-01,11.24,10.95,11.24,10.83,4555
2024-04-02,11.035,11.01,11.035,11.01,1719
2024-04-03,11.03,11.02,11.03,11.02,3530
2024-04-04,11.08,11.09,11.09,11.08,621
2024-04-05,11.03,11.03,11.03,11.03,248
2024-04-08,11.09,11.09,11.09,11.09,1170
2024-04-10,11.07,11.07,11.07,11.07,200
2024-04-11,11.01,11.01,11.01,11.01,282
2024-04-12,10.98,11.0,11.07,10.98,11876
2024-04-15,10.89,10.89,10.89,10.89,498
2024-04-16,11.0,10.97,11.05,10.97,2364
2024-04-17,10.96,10.96,10.96,10.96,990
2024-04-18,10.97,11.05,11.15,10.97,1875
2024-04-19,11.02,10.9789,11.02,10.96,11270
2024-04-24,11.05,11.05,11.05,10.98,2603
2024-04-25,11.051,11.03,11.06,11.03,1695
2024-04-26,11.05,11.01,11.05,11.0,1398
2024-04-29,10.96,11.0799,11.1,10.96,3600
2024-04-30,11.08,11.12,11.15,11.05,61814
2024-05-01,11.14,11.14,11.15,11.1397,8787
2024-05-02,11.23,11.1372,11.23,11.1372,11331
2024-05-03,11.16,11.13,11.16,11.13,5418
2024-05-06,11.16,11.16,11.16,11.16,257
2024-05-09,11.15,11.12,11.15,11.12,15788
2024-05-10,11.1,11.0793,11.1,11.0793,6693
2024-05-13,11.081,11.1,11.105,11.081,1693
2024-05-14,11.105,11.1,11.105,11.1,2080
2024-05-15,11.13,11.13,11.13,11.13,1043
2024-05-16,11.129,11.09,11.129,11.09,11465
2024-05-17,11.13,11.13,11.13,11.13,311
2024-05-21,11.2,11.0801,11.2,11.08,1293
2024-05-22,11.05,11.08,11.08,11.01,14117
2024-05-23,11.08,11.12,11.12,11.08,5051
2024-05-30,11.01,11.08,11.1,11.01,2091
2024-05-31,11.07,11.17,11.17,11.07,409
2024-06-03,11.16,11.13,11.16,11.12,1954
2024-06-04,11.02,11.13,11.15,11.01,4386
2024-06-05,11.15,11.13,11.15,11.13,441
2024-06-06,11.12,11.12,11.12,11.12,261
2024-06-07,11.02,11.145,11.15,11.02,3093
2024-06-10,11.0353,11.16,11.16,11.0353,389
2024-06-12,11.01,11.12,11.15,11.01,1928
2024-06-13,11.17,11.17,11.17,11.17,153
2024-06-14,11.17,11.15,11.17,11.15,2125
2024-06-17,11.15,11.12,11.15,11.12,2863
2024-06-18,11.0101,11.13,11.165,11.0101,6568
2024-06-20,11.15,11.15,11.15,11.12,1546
2024-06-21,11.12,11.13,11.22,11.12,1101
2024-06-24,11.13,11.13,11.13,11.13,739
2024-06-25,11.19,11.19,11.19,11.14,4342
2024-06-26,11.15,11.15,11.15,11.15,1405
2024-06-28,11.12,11.12,11.12,11.12,347
2024-07-01,11.2,11.2,11.2,11.2,137
2024-07-02,11.14,11.15,11.15,11.14,803
2024-07-05,11.2,11.19,11.2,11.19,211
2024-07-09,11.14,11.2,11.22,11.14,237689
2024-07-10,11.1798,11.2,11.2,11.1798,3101
2024-07-11,11.177,11.155,11.18,11.155,23049
2024-07-12,11.2,11.16,11.2,11.16,874
2024-07-15,11.2,11.2,11.2,11.2,887
2024-07-16,11.2,11.175,11.2,11.17,2706
2024-07-17,11.1925,11.17,11.197,11.17,3602
2024-07-18,11.18,11.16,11.18,11.16,4530
2024-07-19,11.18,11.19,11.19,11.18,76738
2024-07-22,11.2,11.19,11.2,11.19,1692
2024-07-23,11.18,11.2,11.22,11.17,9896
2024-07-25,11.2,11.2,11.2,11.2,308
2024-07-26,11.19,11.185,11.19,11.185,3084
2024-07-29,11.2,11.195,11.2,11.195,1187
2024-07-30,11.2,11.2,11.2,11.2,759
2024-08-02,11.13,11.21,11.21,11.1235,1276
2024-08-05,11.1877,11.1877,11.1877,11.1877,110
2024-08-06,11.21,11.21,11.21,11.21,1132
2024-08-07,11.19,11.19,11.1925,11.19,3398
2024-08-08,11.16,11.16,11.16,11.16,1400
2024-08-09,11.17,11.16,11.17,11.16,1073
2024-08-12,11.19,11.1901,11.1901,11.19,1207
2024-08-14,11.2,11.19,11.2,11.19,300133
2024-08-15,11.205,11.2,11.205,11.2,608
2024-08-19,11.2,11.2,11.2,11.2,722
2024-08-20,11.19,11.19,11.19,11.19,211
2024-08-21,11.19,11.19,11.19,11.19,1679
2024-08-22,11.19,11.19,11.19,11.19,123
2024-08-23,11.22,11.2,11.22,11.2,6194
2024-08-26,11.2,11.21,11.21,11.2,5899
2024-08-27,11.22,11.215,11.22,11.215,7105
2024-08-28,11.2204,11.2204,11.2204,11.2204,224
2024-08-29,11.2236,11.22,11.2236,11.22,630
2024-08-30,11.23,11.235,11.235,11.23,7322
2024-09-03,11.22,11.23,11.23,11.22,78096
2024-09-04,11.22,11.245,11.245,11.22,5566
2024-09-06,11.282,11.282,11.282,11.282,141
2024-09-11,11.26,11.25,11.26,11.25,439
2024-09-18,11.27,11.25,11.27,11.25,518666
2024-09-24,11.31,11.3,11.31,11.3,3221
2024-09-25,11.2801,11.2801,11.2801,11.2801,544
2024-09-30,11.28,11.28,11.28,11.28,782
2024-10-04,11.325,11.3101,11.325,11.28,521
2024-10-07,11.36,11.36,11.36,11.36,325
2024-10-08,11.35,11.35,11.35,11.35,122
2024-10-09,11.29,11.3329,11.359,11.28,7796
2024-10-11,11.3,11.31,11.36,11.3,16017
2024-10-14,11.36,11.37,11.37,11.36,729
2024-10-18,11.36,11.36,11.36,11.36,50089
2024-10-21,11.365,11.365,11.365,11.365,194
2024-10-23,11.38,11.38,11.38,11.38,5402
2024-10-24,11.35,11.35,11.35,11.35,1473
2024-10-25,11.37,11.37,11.37,11.37,279
2024-10-29,11.38,11.38,11.38,11.38,1164
2024-11-04,11.36,11.34,11.36,11.34,1474
2024-11-06,11.35,11.357285,11.357285,11.35,297
2024-11-07,11.3771,11.3771,11.3771,11.3771,564
2024-11-08,11.34,11.34,11.34,11.34,980
2024-11-11,11.34,11.4,11.4,11.34,5976
2024-11-12,11.4,11.41,11.41,11.4,6477
2024-11-15,11.4064,11.39,11.41,11.39,6242
2024-11-19,11.37,11.41,11.41,11.3699,28843
2024-11-20,11.4,11.4,11.4,11.4,6084
2024-11-22,11.4,11.41,11.41,11.4,2118
2024-11-25,11.42,11.44,11.44,11.41,19342
2024-11-26,11.4,11.44,11.44,11.4,16118
2024-11-27,11.4,11.47,11.54,11.4,1409784
2024-11-29,11.47,11.47,11.47,11.47,2707
2024-12-02,11.46,11.5,11.5,11.45,28917
2024-12-03,11.4996,11.546,11.64,11.47,45968
2024-12-04,11.52,11.55,11.55,11.51,810379
2024-12-05,11.49,11.57,11.62,11.49,14091
2024-12-06,11.55,11.57,11.58,11.55,22028
2024-12-09,11.54,11.57,11.57,11.54,5793
2024-12-10,11.555,11.56,11.57,11.555,6227
2024-12-11,11.5,11.57,11.57,11.5,56914
2024-12-12,11.59,11.6,11.6,11.5655,28321
2024-12-13,11.7746,11.57,11.7746,11.57,10605
2024-12-16,11.65,11.6,11.66,11.57,370305
2024-12-17,11.62,11.66,11.76,11.62,21680
2024-12-18,11.6,11.55,11.76,11.525,22300
2024-12-19,11.55,12.0,12.0,11.55,1150
2024-12-20,12.5,13.175,13.175,12.5,769
2024-12-23,15.0,15.0,29.61,15.0,2989
2024-12-24,24.0,14.49,25.0,13.0,24222
2024-12-26,14.5,13.17,14.5,13.17,7120
2024-12-27,13.17,13.9,24.0,12.5,10368
2024-12-30,20.0,13.0,20.0,12.825,13734
2024-12-31,13.0,15.0,15.0,11.57,771555
2025-01-02,17.4,15.0,17.4,14.8742,4319
2025-01-03,16.0,13.1,16.0,12.93,13451
2025-01-06,13.5,13.0,13.5,12.9,13300
2025-01-07,13.0,13.5,13.5,12.85,10866
2025-01-08,13.0,13.0,13.0,12.0,9758
2025-01-10,12.5,10.25,12.97,10.0,8954
2025-01-13,10.47,13.09,16.7,9.25,50645
2025-01-14,17.5,13.09,19.25,12.15,167293
2025-01-15,13.5,9.6,13.63,9.51,400585
2025-01-16,10.07,6.5,10.5,6.2,579505
2025-01-17,7.69,8.29,11.5,7.5,2194490
2025-01-21,8.18,7.56,8.7,7.2,392437
2025-01-22,7.85,6.32,8.1,6.26,376606
2025-01-23,7.33,6.72,7.33,6.5,236893
2025-01-24,6.99,6.53,7.49,6.4,296735
2025-01-27,6.0,5.15,6.5,5.09,358329
2025-01-28,5.65,5.61,5.9,5.1,411542
2025-01-29,5.9,5.99,6.0,5.62,233449
2025-01-30,6.25,5.72,6.4,5.6,347131
2025-01-31,5.81,6.0,6.0695,5.81,118268
2025-02-03,5.71,5.93,6.03,5.6,179251
2025-02-04,5.95,5.86,6.0494,5.7,285623
2025-02-05,5.83,5.675,6.0,5.6,252155
2025-02-06,5.6,5.3,5.855,5.09,352173
2025-02-07,5.31,4.67,5.31,4.4,588553
2025-02-10,5.0,3.44,5.25,3.25,1066821
2025-02-11,3.6,3.21,3.9,3.21,768628
2025-02-12,3.74,3.05,3.74,2.85,2090193
2025-02-13,3.2,4.0,4.54,3.14,3433796
2025-02-14,4.31,5.15,5.49,3.9,4199892
2025-02-18,5.23,4.31,5.6499,4.28,2384687
2025-02-19,4.5,4.49,4.63,4.12,930838
2025-02-20,4.5,4.21,4.51,4.02,858813
2025-02-21,4.26,4.09,4.445,4.0,818441
2025-02-24,4.05,3.71,4.19,3.6,704964
2025-02-25,3.68,3.73,3.875,3.6,448720
2025-02-26,3.83,3.63,3.875,3.57,310978
2025-02-27,3.65,3.56,3.7399,3.4501,288160
2025-02-28,3.51,3.06,3.6613,2.96,803152
2025-03-03,3.09,2.94,3.48,2.8,580076
2025-03-04,2.94,3.37,3.58,2.745,738474
2025-03-05,3.5,3.23,3.5,3.15,344221
2025-03-06,3.28,3.1,3.4,3.06,290006
2025-03-07,3.06,3.3,3.4899,3.06,425160
2025-03-10,3.4,3.16,3.5,3.01,708972
2025-03-11,3.06,3.38,3.47,3.06,719661
2025-03-12,3.46,3.31,3.7578,3.29,637615
2025-03-13,3.27,3.49,3.74,3.17,1039569
2025-03-14,3.68,3.52,4.08,3.3,1613385
2025-03-17,3.5,3.36,3.8,3.31,677971
2025-03-18,3.33,3.24,3.45,3.15,552937
2025-03-19,3.43,3.34,3.45,3.2,788612
2025-03-20,3.29,3.27,3.5196,3.205,1159905
2025-03-21,3.25,3.32,3.41,3.06,3919422
2025-03-24,3.35,3.18,3.35,3.05,707251
2025-03-25,3.23,3.12,3.4399,3.1,707031
2025-03-26,3.12,2.76,3.1706,2.7,874225
2025-03-27,2.76,2.78,2.8888,2.7,384414
2025-03-28,2.76,2.305,2.81,2.3,918853
2025-03-31,2.27,2.02,2.455,1.7,1046553
2025-04-01,2.04,2.19,2.41,2.02,724898
2025-04-02,2.12,2.2,2.28,2.06,251955
2025-04-03,2.11,2.04,2.12,1.96,250719
2025-04-04,2.05,2.23,2.29,1.95,375242
2025-04-07,2.1,2.51,2.53,2.08,495112
2025-04-08,2.74,2.35,2.74,2.33,261486
2025-04-09,2.29,2.64,2.69,2.225,377418
2025-04-10,2.58,2.48,2.61,2.39,239751
2025-04-11,2.48,2.6,2.64,2.25,436497
