2023-06-28,26.07,26.7921,26.7921,26.07,100
2023-06-29,27.6195,27.6195,27.6195,27.6195,16
2023-06-30,28.9721,28.9721,28.9721,28.9721,0
2023-07-03,31.2029,31.2029,31.2029,31.2029,0
2023-07-05,31.78,31.8343,31.8343,31.78,100
2023-07-06,31.06,31.06,31.06,31.06,124
2023-07-07,32.16,33.35,33.35,32.16,200
2023-07-10,33.91,35.56,35.56,33.14,1165
2023-07-11,35.97,36.3627,36.3627,35.97,274
2023-07-12,37.3624,37.3624,37.3624,37.3624,47
2023-07-13,36.8438,36.8438,36.8438,36.8438,10
2023-07-14,35.88,35.83,35.88,35.83,205
2023-07-17,34.97,34.87,34.97,34.87,222
2023-07-18,36.13,36.13,36.13,36.13,102
2023-07-19,38.64,39.4635,40.0,38.64,733
2023-07-20,35.32,35.17,35.32,35.17,282
2023-07-21,33.73,33.6,33.73,33.6,222
2023-07-24,33.96,35.1231,35.1231,33.96,128
2023-07-25,33.3,33.15,33.3,33.15,450
2023-07-26,34.5322,34.5322,34.5322,34.5322,230
2023-07-27,32.74,32.5007,32.9,32.5,635
2023-07-28,34.0998,34.0998,34.0998,34.0998,87
2023-07-31,34.8565,34.8565,34.8565,34.8565,3
2023-08-01,34.9088,34.9088,34.9088,34.9088,27
2023-08-02,33.06,33.06,33.06,33.06,202
2023-08-03,32.87,33.6253,33.6253,32.87,109
2023-08-04,30.961,30.961,30.961,30.961,20
2023-08-07,30.12,30.7621,30.7621,30.12,433
2023-08-08,31.0843,31.0843,31.0843,31.0843,0
2023-08-09,29.3036,29.3036,29.3036,29.3036,0
2023-08-10,27.8637,27.8637,27.8637,27.8637,14
2023-08-11,28.0903,28.0903,28.0903,28.0903,47
2023-08-14,28.163,28.163,28.163,28.163,64
2023-08-15,26.4985,26.4985,26.4985,26.4985,0
2023-08-16,25.5593,25.5593,25.5593,25.5593,2
2023-08-17,24.5956,24.5956,24.5956,24.5956,72
2023-08-18,24.848,24.848,24.848,24.848,7
2023-08-21,25.9572,25.9572,25.9572,25.9572,40
2023-08-22,24.561,24.561,24.561,24.561,1
2023-08-23,25.7377,25.7377,25.7377,25.7377,46
2023-08-24,24.74,23.8249,24.74,23.8249,149
2023-08-25,25.0168,25.0168,25.0168,25.0168,35
2023-08-28,26.42,26.3678,26.42,26.3678,700
2023-08-29,29.0961,29.0961,29.0961,29.0961,64
2023-08-30,29.96,30.0939,30.0939,29.96,436
2023-08-31,30.0396,30.0396,30.0396,30.0396,5
2023-09-01,30.0992,30.0992,30.0992,30.0992,0
2023-09-05,30.0159,30.0159,30.0159,30.0159,70
2023-09-06,29.4512,29.4512,29.4512,29.4512,13
2023-09-07,28.2766,28.2766,28.2766,28.2766,141
2023-09-08,28.1373,28.1373,28.1373,28.1373,11
2023-09-11,29.8282,29.8282,29.8282,29.8282,1
2023-09-12,29.4956,29.4956,29.4956,29.4956,26
2023-09-13,29.3573,29.3573,29.3573,29.3573,99
2023-09-14,32.32,32.3292,32.3292,32.3,2012
2023-09-15,31.0,30.9159,31.0,30.9159,122
2023-09-18,30.7129,30.7129,30.7129,30.7129,11
2023-09-19,30.6,29.51,30.6,29.51,337
2023-09-20,28.18,28.1523,28.18,28.1523,102
2023-09-21,26.6,25.7866,26.6,25.7866,104
2023-09-22,25.0,24.6139,25.0,24.6139,186
2023-09-25,24.9708,24.9708,24.9708,24.9708,34
2023-09-26,25.0367,25.0367,25.0367,25.0367,0
2023-09-27,25.71,25.9046,25.9046,25.71,100
2023-09-28,26.6904,26.6904,26.6904,26.6904,39
2023-09-29,27.0974,27.0974,27.0974,27.0974,37
2023-10-02,25.2508,25.2508,25.2508,25.2508,253
2023-10-03,23.3209,23.3209,23.3209,23.3209,2
2023-10-04,24.3843,24.3843,24.3843,24.3843,2
2023-10-05,21.0368,21.0368,21.0368,21.0368,24
2023-10-06,21.8903,21.8903,21.8903,21.8903,104
2023-10-09,21.9958,21.9958,21.9958,21.9958,18
2023-10-10,23.4983,23.4983,23.4983,23.4983,0
2023-10-11,22.4,22.8011,22.8011,22.4,303
2023-10-12,21.5,20.9663,21.5,20.9663,303
2023-10-13,20.34,20.6216,20.6216,20.34,150
2023-10-16,21.59,21.6,21.6,21.57,2910
2023-10-17,21.4553,21.4553,21.4553,21.4553,5
2023-10-18,18.82,18.82,18.82,18.82,105
2023-10-19,16.5461,16.5461,16.5461,16.5461,138
2023-10-20,15.9498,15.9498,15.9498,15.9498,167
2023-10-23,15.592,15.592,15.592,15.592,173
2023-10-24,15.7137,15.7137,15.7137,15.7137,11
2023-10-25,15.0364,15.0364,15.0364,15.0364,113
2023-10-26,14.7564,14.7564,14.7564,14.7564,162
2023-10-27,13.77,13.6769,13.78,13.6769,1513
2023-10-30,13.15,13.2452,13.2452,13.1459,1022
2023-10-31,13.8074,13.8074,13.8074,13.8074,47
2023-11-01,13.58,13.8249,13.8249,13.5401,3990
2023-11-02,15.46,16.2521,16.37,15.42,6379
2023-11-03,17.5799,17.5045,18.0,17.5003,3783
2023-11-06,17.88,16.8359,17.88,16.8,2798
2023-11-07,16.09,17.0636,17.0888,16.0899,2162
2023-11-08,15.77,16.313,16.313,15.7699,1712
2023-11-09,15.69,14.2207,15.69,14.1701,1145
2023-11-10,14.26,14.3335,14.3335,14.26,309
2023-11-13,15.02,14.9887,15.02,14.9887,406
2023-11-14,16.51,17.2843,17.2843,16.51,600
2023-11-15,17.768,17.6618,18.59,17.6618,1150
2023-11-16,16.0435,15.9183,16.0435,15.9183,649
2023-11-17,16.0386,16.0386,16.0386,16.0386,59
2023-11-20,16.25,16.5284,16.5284,16.25,706
2023-11-21,15.55,15.4684,15.55,15.4684,455
2023-11-22,15.5364,15.5364,15.5364,15.5364,25
2023-11-24,15.9725,15.9725,15.9725,15.9725,36
2023-11-27,15.6081,15.6081,15.6081,15.6081,5
2023-11-28,15.73,16.4031,16.4031,15.73,164
2023-11-29,16.8729,16.8729,16.8729,16.8729,42
2023-11-30,16.1449,16.1449,16.1449,16.1449,128
2023-12-01,17.8123,17.8123,17.8123,17.8123,130
2023-12-04,18.4061,18.4061,18.4061,18.4061,66
2023-12-05,17.5806,17.5806,17.5806,17.5806,193
2023-12-06,18.2161,18.2161,18.2161,18.2161,96
2023-12-07,18.3996,18.3996,18.3996,18.3996,90
2023-12-08,18.853,18.853,18.853,18.853,247
2023-12-11,18.53,18.6715,18.6715,18.53,375
2023-12-12,17.951,17.951,17.951,17.951,191
2023-12-13,20.2904,20.2904,20.2904,20.2904,114
2023-12-14,23.795,24.2517,24.51,23.795,869
2023-12-15,23.9,24.1271,24.1271,23.9,362
2023-12-18,24.36,24.3516,24.37,24.32,1675
2023-12-19,25.6699,25.6699,25.6699,25.6699,138
2023-12-20,23.213,23.213,23.213,23.213,220
2023-12-21,24.14,24.707,24.707,24.14,5096
2023-12-22,24.8913,24.064,24.8913,24.064,485
2023-12-26,24.2484,24.2484,24.2484,24.2484,98
2023-12-27,24.52,24.5864,24.5864,24.4951,1169
2023-12-28,24.86,24.1526,24.87,24.1526,3975
2023-12-29,23.53,23.5308,23.5308,23.53,127
2024-01-02,22.0372,22.0313,22.0372,22.0313,195
2024-01-03,20.79,19.9184,20.79,19.9184,582
2024-01-04,20.18,19.5601,20.18,19.5601,204
2024-01-05,19.5641,19.5641,19.5641,19.5641,18
2024-01-08,20.3728,20.3728,20.3728,20.3728,4
2024-01-09,19.4821,19.4821,19.4821,19.4821,10
2024-01-10,19.3497,19.3497,19.3497,19.3497,54
2024-01-11,18.7863,18.7863,18.7863,18.7863,115
2024-01-12,17.5405,17.4769,17.565,17.4769,1082
2024-01-16,17.41,17.4073,17.41,17.4073,501
2024-01-17,16.7,16.5869,16.7,16.16,2507
2024-01-18,16.69,16.3246,16.69,16.2,1509
2024-01-19,16.9113,16.9113,16.9113,16.9113,9
2024-01-22,17.5259,17.5259,17.5259,17.5259,44
2024-01-23,17.4561,17.4561,17.4561,17.4561,21
2024-01-24,16.2,16.17,16.2,16.17,278
2024-01-25,15.275,15.457,15.4704,15.265,818
2024-01-26,15.7809,15.7809,15.7809,15.7809,71
2024-01-29,17.1,17.527,17.527,17.1,270
2024-01-30,18.1,18.1105,18.4,18.1,211
2024-01-31,17.3046,17.3046,17.3046,17.3046,44
2024-02-01,18.2227,18.2227,18.2227,18.2227,17
2024-02-02,18.1762,18.1762,18.1762,18.1762,16
2024-02-05,16.8792,16.8792,16.8792,16.8792,133
2024-02-06,16.86,18.1606,18.1606,16.86,211
2024-02-07,18.6118,18.6118,18.6118,18.6118,7
2024-02-08,19.2694,19.2694,19.2694,19.2694,26
2024-02-09,19.8661,19.8661,19.8661,19.8661,257
2024-02-12,20.3322,20.3322,20.3322,20.3322,0
2024-02-13,18.4392,18.4392,18.4392,18.4392,15
2024-02-14,18.9929,18.9929,18.9929,18.9929,67
2024-02-15,20.5971,20.5971,20.5971,20.5971,1
2024-02-16,19.9102,19.9102,19.9102,19.9102,9
2024-02-20,19.0045,19.0045,19.0045,19.0045,7
2024-02-21,18.8384,18.8384,18.8384,18.8384,6
2024-02-22,17.4438,17.4438,17.4438,17.4438,510
2024-02-23,18.0978,18.0978,18.0978,18.0978,91
2024-02-26,18.6767,18.6767,18.6767,18.6767,10
2024-02-27,20.3066,20.3066,20.3066,20.3066,25
2024-02-28,20.5464,20.5464,20.5464,20.5464,136
2024-02-29,21.0477,21.0477,21.0477,21.0477,12
2024-03-01,21.8622,21.8622,21.8622,21.8622,69
2024-03-04,20.9023,20.9023,20.9023,20.9023,67
2024-03-05,20.32,20.33,20.33,20.32,390
2024-03-06,20.119,20.119,20.119,20.119,32
2024-03-07,20.9156,20.9156,20.9156,20.9156,108
2024-03-08,21.0932,21.0932,21.0932,21.0932,107
2024-03-11,20.3854,20.3854,20.3854,20.3854,89
2024-03-12,20.4102,20.4102,20.4102,20.4102,39
2024-03-13,20.3911,20.3911,20.3911,20.3911,33
2024-03-14,19.79,18.8577,19.79,18.8577,1338
2024-03-15,19.7888,19.7888,19.7888,19.7888,49
2024-03-18,20.6592,20.6592,20.6592,20.6592,53
2024-03-19,20.8186,20.8186,20.8186,20.8186,111
2024-03-20,22.4645,22.4645,22.4645,22.4645,43
2024-03-21,23.0319,23.0319,23.0319,23.0319,162
2024-03-22,22.1817,22.339,22.339,22.175,824
2024-03-25,23.5049,22.3555,23.51,22.3555,6944
2024-03-26,22.311,22.311,22.311,22.311,84
2024-03-27,23.5,23.5389,23.5389,23.455,982
2024-03-28,23.6823,23.115,23.7,23.115,2965
2024-04-01,22.8948,22.8948,22.8948,22.8948,19
2024-04-02,21.63,21.2475,21.63,21.2475,212
2024-04-03,21.4533,21.4533,21.4533,21.4533,133
2024-04-04,20.0613,20.0613,20.0613,20.0613,63
2024-04-05,20.0304,20.0304,20.0304,20.0304,148
2024-04-08,20.6686,20.6686,20.6686,20.6686,55
2024-04-09,21.1314,21.1314,21.1314,21.1314,22
2024-04-10,19.74,19.74,19.74,19.74,51
2024-04-11,18.8528,18.8528,18.8528,18.8528,36
2024-04-12,17.4128,17.4128,17.4128,17.4128,78
2024-04-15,15.9392,15.9392,15.9392,15.9392,94
2024-04-16,15.9267,15.9267,15.9267,15.9267,145
2024-04-17,15.7739,15.7739,15.7739,15.7739,39
2024-04-18,15.9888,15.9888,15.9888,15.9888,57
2024-04-19,15.72,15.872,15.872,15.72,169
2024-04-22,15.6,16.0615,16.17,15.45,487
2024-04-23,16.89,17.1547,17.24,16.89,262
2024-04-24,17.6968,17.6968,17.6968,17.6968,33
2024-04-25,16.67,17.6424,17.6424,16.67,694
2024-04-26,18.2656,18.2656,18.2656,18.2656,38
2024-04-29,19.5297,19.5297,19.5297,19.5297,78
2024-04-30,17.63,17.7097,17.75,17.63,1038
2024-05-01,17.8676,17.8676,17.8676,17.8676,63
2024-05-02,20.0388,20.0388,20.0388,20.0388,31
2024-05-03,20.716,20.716,20.716,20.716,102
2024-05-06,21.4,21.4711,21.4711,21.4,475
2024-05-07,20.1388,20.1388,20.1388,20.1388,40
2024-05-08,19.8115,19.8115,19.8115,19.8115,34
2024-05-09,20.2633,20.2633,20.2633,20.2633,18
2024-05-10,19.5319,19.5319,19.5319,19.5319,24
2024-05-13,20.7199,20.7199,20.7199,20.7199,45
2024-05-14,21.8433,21.8433,21.8433,21.8433,71
2024-05-15,20.7754,20.7754,20.7754,20.7754,69
2024-05-16,20.4152,20.4152,20.4152,20.4152,61
2024-05-17,20.6071,20.6071,20.6071,20.6071,3
2024-05-20,20.0117,20.0117,20.0117,20.0117,41
2024-05-21,19.9317,19.9317,19.9317,19.9317,56
2024-05-22,19.3934,19.3934,19.3934,19.3934,28
2024-05-23,18.1648,18.1648,18.1648,18.1648,57
2024-05-24,18.9101,18.9101,18.9101,18.9101,12
2024-05-28,18.0005,18.0005,18.0005,18.0005,27
2024-05-29,17.1187,17.1187,17.1187,17.1187,22
2024-05-30,18.1557,18.1557,18.1557,18.1557,3
2024-05-31,18.6684,18.6684,18.6684,18.6684,13
2024-06-03,18.7522,18.7522,18.7522,18.7522,45
2024-06-04,18.4759,18.4759,18.4759,18.4759,7
2024-06-05,18.8339,18.8339,18.8339,18.8339,14
2024-06-06,18.9623,18.9623,18.9623,18.9623,45
2024-06-07,19.0299,18.9141,19.0299,18.9141,181
2024-06-10,19.1211,19.1211,19.1211,19.1211,4
2024-06-11,18.59,18.8013,18.8013,18.5799,868
2024-06-12,20.03,19.7261,20.03,19.7261,147
2024-06-13,18.788,18.788,18.788,18.788,14
2024-06-14,17.8,17.8482,17.8482,17.75,1411
2024-06-17,19.14,19.2103,19.2103,19.1,1425
2024-06-18,19.1645,19.1645,19.1645,19.1645,6
2024-06-20,18.88,18.9701,18.9701,18.8626,1228
2024-06-21,19.0,18.9641,19.0,18.9641,139
2024-06-24,19.9182,19.9182,19.9182,19.9182,84
2024-06-25,20.1201,20.1201,20.1201,20.1201,39
2024-06-26,21.4738,21.4738,21.4738,21.4738,212
2024-06-27,21.5966,21.6821,21.6821,21.5,1358
2024-06-28,22.31,21.426,22.31,21.28,330
2024-07-01,21.54,21.4288,21.54,21.4288,445
2024-07-02,23.3464,23.3464,23.3464,23.3464,246
2024-07-03,23.98,23.84,23.99,23.81,2580
2024-07-05,23.55,23.8527,23.8527,23.55,643
2024-07-08,24.3413,24.3413,24.3413,24.3413,107
2024-07-09,24.37,24.4823,24.4823,24.3675,527
2024-07-10,26.012,26.012,26.012,26.012,25
2024-07-11,27.46,26.4401,27.46,26.33,5880
2024-07-12,29.9,29.2471,29.9,29.2471,4848
2024-07-15,29.9917,29.2553,29.995,29.2553,689
2024-07-16,30.8756,30.8756,30.8756,30.8756,31
2024-07-17,30.83,29.2796,30.83,29.2796,415
2024-07-18,29.57,28.0989,29.5701,27.88,817
2024-07-19,27.29,26.4989,27.341,26.4989,837
2024-07-22,27.84,27.8363,27.84,27.8363,339
2024-07-23,26.7,26.5354,26.7,26.5354,158
2024-07-24,24.31,24.1539,24.31,24.1539,184
2024-07-25,23.51,23.1884,23.55,23.1884,695
2024-07-26,24.1701,23.8544,24.1701,23.8544,323
2024-07-29,24.0563,24.0563,24.0563,24.0563,183
2024-07-30,24.0985,24.0985,24.0985,24.0985,8
2024-07-31,25.0875,25.0875,25.0875,25.0875,6
2024-08-01,23.8375,23.8375,23.8375,23.8375,7
2024-08-02,21.6083,21.6083,21.6083,21.6083,292
2024-08-05,19.7146,19.7146,19.7146,19.7146,29
2024-08-06,20.3373,20.3373,20.3373,20.3373,4
2024-08-07,18.9915,18.9915,18.9915,18.9915,16
2024-08-08,19.41,20.6983,20.6983,19.4,1697
2024-08-09,20.5766,20.5766,20.5766,20.5766,38
2024-08-12,19.5544,19.5544,19.5544,19.5544,41
2024-08-13,21.1522,21.1522,21.1522,21.1522,2
2024-08-14,21.0485,21.0485,21.0485,21.0485,40
2024-08-15,22.7389,22.7389,22.7389,22.7389,25
2024-08-16,23.0439,23.0439,23.0439,23.0439,20
2024-08-19,23.6696,23.6696,23.6696,23.6696,5
2024-08-20,23.39,23.39,23.39,23.39,180
2024-08-21,24.3963,24.3963,24.3963,24.3963,2
2024-08-22,23.0924,23.0924,23.0924,23.0924,1
2024-08-23,25.3655,25.3655,25.3655,25.3655,134
2024-08-26,25.1425,25.1425,25.1425,25.1425,7
2024-08-27,25.1305,25.1305,25.1305,25.1305,0
2024-08-28,24.3456,24.3456,24.3456,24.3456,6
2024-08-29,24.5285,24.5285,24.5285,24.5285,24
2024-08-30,24.9126,24.9126,24.9126,24.9126,10
2024-09-03,22.8365,22.8365,22.8365,22.8365,37
2024-09-04,23.0795,23.0795,23.0795,23.0795,16
2024-09-05,22.7867,22.7867,22.7867,22.7867,10
2024-09-06,20.7634,20.7634,20.7634,20.7634,0
2024-09-09,21.0369,21.0369,21.0369,21.0369,0
2024-09-10,20.3453,20.3453,20.3453,20.3453,12
2024-09-11,20.9513,20.9513,20.9513,20.9513,1
2024-09-12,21.5353,21.5353,21.5353,21.5353,0
2024-09-13,22.0219,22.0219,22.0219,22.0219,4
2024-09-16,22.2546,22.2546,22.2546,22.2546,1
2024-09-17,22.4893,22.4893,22.4893,22.4893,2
2024-09-18,22.7735,22.7735,22.7735,22.7735,46
2024-09-19,23.9973,23.9973,23.9973,23.9973,85
2024-09-20,22.7214,22.7214,22.7214,22.7214,21
2024-09-23,23.4687,23.4687,23.4687,23.4687,0
2024-09-24,23.6784,23.6784,23.6784,23.6784,5
2024-09-25,22.4333,22.4333,22.4333,22.4333,5
2024-09-26,23.3581,23.3581,23.3581,23.3581,7
2024-09-27,24.0137,24.0137,24.0137,24.0137,11
2024-09-30,22.8119,22.8119,22.8119,22.8119,2
2024-10-01,22.616,22.1387,22.616,22.1387,371
2024-10-02,21.3874,21.3874,21.3874,21.3874,42
2024-10-03,20.81,20.8562,20.8562,20.81,300
2024-10-04,21.3047,21.3047,21.3047,21.3047,35
2024-10-07,20.8933,20.8933,20.8933,20.8933,5
2024-10-08,21.4908,21.4908,21.4908,21.4908,9
2024-10-09,21.6614,21.6614,21.6614,21.6614,12
2024-10-10,21.281,21.281,21.281,21.281,6
2024-10-11,21.1971,21.1971,21.1971,21.1971,119
2024-10-14,21.6216,21.6216,21.6216,21.6216,0
2024-10-15,21.0844,21.0844,21.0844,21.0844,1
2024-10-16,21.8451,21.8451,21.8451,21.8451,1
2024-10-17,21.5548,21.5548,21.5548,21.5548,21
2024-10-18,21.5153,21.5153,21.5153,21.5153,6
2024-10-21,20.9157,20.9157,20.9157,20.9157,8
2024-10-22,21.4059,21.4059,21.4059,21.4059,1
2024-10-23,21.0245,21.0245,21.0245,21.0245,1
2024-10-24,22.63,22.9109,22.9109,22.52,1720
2024-10-25,22.9061,22.9061,22.9061,22.9061,113
2024-10-28,23.6037,23.6037,23.6037,23.6037,19
2024-10-29,22.1407,22.1407,22.1407,22.1407,36
2024-10-30,21.8415,21.8415,21.8415,21.8415,20
2024-10-31,21.8739,21.8739,21.8739,21.8739,225
2024-11-01,21.2538,21.2538,21.2538,21.2538,1
2024-11-04,21.5572,21.5572,21.5572,21.5572,3
2024-11-05,22.8387,22.8387,22.8387,22.8387,0
2024-11-06,24.71,25.4554,25.4554,24.71,1020
2024-11-07,26.0477,26.0477,26.0477,26.0477,52
2024-11-08,27.0088,27.0088,27.0088,27.0088,9
2024-11-11,28.85,29.837,29.837,28.85,211
2024-11-12,28.29,27.8195,28.29,27.8195,1083
2024-11-13,28.8082,28.8082,28.8082,28.8082,11
2024-11-14,26.6254,26.6254,26.6254,26.6254,13
2024-11-15,26.2915,26.2915,26.2915,26.2915,0
2024-11-18,27.5,27.4968,27.56,27.4968,736
2024-11-19,26.9027,26.9027,26.9027,26.9027,1
2024-11-20,25.97,25.9869,25.9869,25.97,510
2024-11-21,26.62,26.8308,26.8308,26.62,950
2024-11-22,29.1043,29.1043,29.1043,29.1043,1
2024-11-25,31.74,30.988,31.74,30.988,332
2024-11-26,29.4798,29.2445,29.4798,29.2445,473
2024-11-27,29.67,29.5384,29.67,29.5384,393
2024-11-29,30.0129,30.0129,30.0129,30.0129,53
2024-12-02,29.6978,29.6978,29.6978,29.6978,93
2024-12-03,29.3343,29.3343,29.3343,29.3343,12
2024-12-04,29.6128,29.6128,29.6128,29.6128,52
2024-12-05,29.6635,29.6635,29.6635,29.6635,34
2024-12-06,31.6698,31.6494,31.6698,31.6494,160
2024-12-09,33.43,32.9907,33.43,32.83,1290
2024-12-10,33.19,32.3567,33.19,32.3567,1224
2024-12-11,32.95,33.3124,33.3124,32.24,725
2024-12-12,33.2754,33.2754,33.2754,33.2754,92
2024-12-13,33.21,34.0352,34.0352,33.21,479
2024-12-16,33.9999,35.2479,35.2479,33.9999,244
2024-12-17,35.49,34.8761,35.49,34.8699,794
2024-12-18,29.6493,29.6493,29.6493,29.6493,192
2024-12-19,31.31,29.2498,31.31,28.74,4350
2024-12-20,30.5408,30.5408,30.5408,30.5408,404
2024-12-23,30.23,30.8521,30.8701,30.23,1213
2024-12-24,32.6834,32.6834,32.6834,32.6834,105
2024-12-26,32.4901,32.9724,32.9724,32.4901,591
2024-12-27,31.2802,31.2802,31.2802,31.2802,291
2024-12-30,30.26,30.0089,30.29,30.0089,1740
2024-12-31,29.0456,29.0456,29.0456,29.0456,1014
2025-01-02,27.4245,27.4245,27.4245,27.4245,109
2025-01-03,29.23,29.2423,29.2423,29.23,427
2025-01-06,30.0811,30.0811,30.0811,30.0811,74
2025-01-07,29.9,28.8587,29.9,28.8587,115
2025-01-08,28.2918,28.2918,28.2918,28.2918,17
2025-01-10,27.2288,27.2288,27.2288,27.2288,10
2025-01-13,26.22,27.2878,27.2878,26.22,2554
2025-01-14,27.5481,27.5481,27.5481,27.5481,103
2025-01-15,29.9355,29.9355,29.9355,29.9355,3
2025-01-16,30.6601,30.6601,30.6601,30.6601,9
2025-01-17,30.9069,30.9069,30.9069,30.9069,44
2025-01-21,31.495,31.495,31.495,31.495,7
2025-01-22,29.9249,29.9249,29.9249,29.9249,79
2025-01-23,31.0022,31.0022,31.0022,31.0022,27
2025-01-24,30.8218,30.8218,30.8218,30.8218,11
2025-01-27,31.6784,31.6784,31.6784,31.6784,4
2025-01-28,29.8306,30.4437,30.4437,29.8,1383
2025-01-29,30.0781,30.0781,30.0781,30.0781,54
2025-01-30,31.011,31.011,31.011,31.011,7
2025-01-31,30.6991,30.6991,30.6991,30.6991,9
2025-02-03,29.6895,29.6895,29.6895,29.6895,545
2025-02-04,31.673,31.673,31.673,31.673,433
2025-02-05,31.57,31.2885,31.57,31.2885,442
2025-02-06,30.48,30.6187,30.6187,30.48,346
2025-02-07,29.1905,29.1905,29.1905,29.1905,155
2025-02-10,29.1572,29.1572,29.1572,29.1572,44
2025-02-11,28.8087,28.8774,28.8774,28.8087,323
2025-02-12,28.86,29.5344,29.5344,28.86,267
2025-02-13,31.84,31.8927,31.8927,31.8377,1033
2025-02-14,33.1356,33.1356,33.1356,33.1356,64
2025-02-18,32.57,32.728,32.728,32.55,1920
2025-02-19,32.38,32.1421,32.4,32.1421,2328
2025-02-20,29.43,30.4034,30.4034,29.43,316
2025-02-21,29.86,26.988,29.86,26.988,846
2025-02-24,26.1231,25.6654,26.1231,25.6654,517
2025-02-25,25.12,25.1041,25.12,25.1041,621
2025-02-26,24.0441,24.0441,24.0441,24.0441,355
2025-02-27,23.35,23.1381,23.35,23.1381,1311
2025-02-28,23.56,24.5406,24.5406,23.56,209
2025-03-03,22.5904,22.5904,22.5904,22.5904,45
2025-03-04,21.142,21.142,21.142,21.142,47
2025-03-05,22.5472,22.5472,22.5472,22.5472,713
2025-03-06,20.96,20.4768,21.7,20.4768,428
2025-03-07,20.9416,20.9416,20.9416,20.9416,215
2025-03-10,19.58,19.2278,19.99,18.98,7942
2025-03-11,19.19,18.8855,19.5,18.72,18369
2025-03-12,19.51,19.3385,20.05,18.79,27920
2025-03-13,19.27,17.6256,19.27,17.6256,11975
2025-03-14,18.54,19.0906,19.0906,18.48,12795
2025-03-17,19.35,19.8148,20.01,19.3,6556
2025-03-18,19.37,18.9685,19.4,18.9685,1307
2025-03-19,19.91,20.1148,20.17,19.88,2982
2025-03-20,19.93,19.6261,19.93,19.59,1405
2025-03-21,20.5695,20.5476,20.5695,20.5476,402
2025-03-24,22.86,23.5141,23.53,22.86,1322
2025-03-25,23.72,24.273,24.273,23.72,664
2025-03-26,23.3,22.35,23.3001,22.13,2022
2025-03-27,22.03,22.4679,23.1409,22.03,987
2025-03-28,21.85,20.8713,21.85,20.83,955
2025-03-31,21.46,21.6394,21.6394,21.405,957
2025-04-01,21.86,22.4454,22.69,21.8454,993
2025-04-02,23.31,22.4107,23.5737,21.62,925
2025-04-03,18.9,19.009,19.009,18.9,976
2025-04-04,16.0,16.4044,16.79,16.0,2615
2025-04-07,14.01,15.5685,17.21,14.0099,2806
2025-04-08,15.0,14.4959,15.0,14.1161,1292
2025-04-09,14.97,19.7848,19.985,14.97,3415
2025-04-10,17.3,17.1939,17.32,15.3099,3249
2025-04-11,17.0,17.6188,17.6188,16.82,751
