2017-05-24,25.06,25.13,25.13,25.06,3754789
2017-05-25,25.5,25.1178,25.5,25.0277,26726
2017-05-26,25.19,25.188,25.19,25.157,12436
2017-05-30,25.59,25.07,25.59,25.07,26875
2017-05-31,25.1674,25.24,25.25,25.1626,10956
2017-06-01,25.7,25.36,25.7,25.27,19891
2017-06-02,25.3447,25.33,25.37,25.33,35526
2017-06-05,25.21,25.22,25.35,25.21,13593
2017-06-06,25.25,25.27,25.27,25.2,70644
2017-06-07,25.2522,25.25,25.2522,25.2233,1717
2017-06-08,25.21,25.1812,25.21,25.15,5906
2017-06-09,25.241,25.31,25.31,25.24,4049
2017-06-12,25.39,25.3425,25.39,25.3425,1063
2017-06-13,25.4,25.4,25.4,25.4,3346
2017-06-14,25.31,25.358,25.386,25.31,3823
2017-06-15,25.4372,25.4372,25.4372,25.4372,1329
2017-06-16,25.3739,25.44,25.44,25.3739,64703
2017-06-19,25.59,25.6185,25.63,25.59,29865
2017-06-20,25.5899,25.5299,25.5899,25.482,2412
2017-06-21,25.39,25.409,25.409,25.3535,14479
2017-06-22,25.36,25.342,25.39,25.34,103055
2017-06-23,25.349,25.31,25.349,25.31,6937
2017-06-26,25.3022,25.269087,25.3022,25.3022,191
2017-06-27,25.2034,25.17,25.2034,25.17,639
2017-06-28,25.1895,25.19,25.22,25.14,75384
2017-06-29,25.12,25.11,25.13,25.05,14028
2017-06-30,25.19,25.19,25.19,25.16,807
2017-07-03,25.19,25.2,25.21,25.19,8801
2017-07-05,25.12,25.0859,25.13,25.0859,7422
2017-07-06,25.09,25.06,25.12,25.0387,6897
2017-07-07,25.05,25.08,25.1,25.02,28635
2017-07-10,25.02,25.0179,25.04,25.0,1677
2017-07-11,25.02,24.88,25.02,24.88,55852
2017-07-12,24.9999,25.0,25.01,24.9873,13999
2017-07-13,24.95,24.91,24.96,24.91,20135
2017-07-14,24.91,24.9627,25.01,24.91,4826
2017-07-17,24.99,24.921,24.99,24.91,43237
2017-07-18,24.8978,24.8859,24.8978,24.8859,1008
2017-07-19,25.22,24.91,25.22,24.9,18753
2017-07-20,25.0,25.0034,25.0034,25.0,484
2017-07-21,24.931,24.9944,25.02,24.93,27075
2017-07-24,25.0,24.9725,25.0,24.93,5158
2017-07-25,24.9871,24.984,25.04,24.9831,4618
2017-07-26,24.99,24.901,25.0,24.901,46514
2017-07-27,24.9,24.9,24.9,24.82,20700
2017-07-28,24.849,24.81,24.849,24.81,641
2017-07-31,24.8948,24.87,24.92,24.87,6036
2017-08-01,24.91,24.9474,24.98,24.87,17673
2017-08-02,24.999,25.0,25.0,24.93,27081
2017-08-03,25.0,25.0375,25.0375,25.0,15583
2017-08-04,25.16,25.03,25.16,24.98,16595
2017-08-07,25.03,25.0289,25.033,25.02,2397
2017-08-08,25.01,25.019,25.03,24.983,11236
2017-08-09,24.947,24.92,24.95,24.92,3373
2017-08-10,24.76,24.97,24.97,24.7,26947
2017-08-11,24.9,24.91,25.0,24.82,14172
2017-08-14,25.0,24.97,25.0,24.96,3228
2017-08-15,25.0,25.04,25.04,24.991,25059
2017-08-16,25.04,25.01,25.0799,25.0,15523
2017-08-17,24.87,24.85,24.99,24.85,15129
2017-08-18,24.82,24.84,24.91,24.82,6467
2017-08-21,24.88,24.89,24.94,24.88,10999
2017-08-22,24.96,25.0099,25.01,24.96,9052
2017-08-23,24.89,24.92,24.92,24.89,2222
2017-08-24,24.89,24.95,24.95,24.89,15848
2017-08-25,24.97,24.9985,25.04,24.97,16408
2017-08-28,24.94,24.94,24.94,24.94,548
2017-08-29,24.9305,25.04,25.08,24.93,16486
2017-08-30,25.0486,25.0486,25.0486,25.0486,101
2017-08-31,25.12,25.0933,25.12,25.0933,6165
2017-09-01,25.0638,25.09,25.0951,25.0638,9248
2017-09-05,25.001,25.09,25.09,25.001,5026
2017-09-06,25.31,25.0705,25.31,25.041,7535
2017-09-07,25.1065,25.14,25.1462,25.1065,26775
2017-09-08,25.04,25.13,25.18,25.04,7169
2017-09-11,25.24,25.24,25.35,25.21,22456
2017-09-12,25.25,25.25,25.2584,25.201,4481
2017-09-13,25.48,25.15,25.48,25.15,25401
2017-09-14,25.2287,25.23,25.34,25.2,17960
2017-09-15,25.24,25.2926,25.3199,25.2101,17970
2017-09-18,25.42,25.39,25.42,25.39,5207
2017-09-19,25.39,25.419,25.419,25.39,2377
2017-09-20,25.459,25.44,25.459,25.371,4914
2017-09-21,25.48,25.42,25.48,25.4,17519
2017-09-22,25.41,25.41,25.41,25.41,653
2017-09-25,25.54,25.469371,25.599,25.5394,6793
2017-09-26,25.5199,25.43,25.5199,25.42,12519
2017-09-27,25.43,25.39,25.43,25.39,139269
2017-09-28,25.43,25.459,25.46,25.3999,11656
2017-09-29,25.37,25.34,25.37,25.34,856
2017-10-02,25.32,25.37,25.39,25.3,3774
2017-10-03,25.32,25.4551,25.46,25.32,5895
2017-10-04,25.35,25.35,25.35,25.35,363
2017-10-05,25.34,25.34,25.34,25.34,1185
2017-10-06,25.35,25.3328,25.35,25.281,6728
2017-10-09,25.3999,25.36,25.3999,25.3564,6398
2017-10-10,25.3964,25.39,25.44,25.38,7600
2017-10-11,25.4118,25.46,25.48,25.4118,126665
2017-10-12,25.4617,25.48,25.49,25.4617,19542
2017-10-13,25.445,25.4535,25.5076,25.445,1870
2017-10-16,25.4999,25.45,25.5,25.45,2265
2017-10-17,25.481,25.48,25.52,25.48,5714
2017-10-18,25.21,25.51,25.51,25.21,4051
2017-10-19,25.455,25.45,25.465,25.445,5038
2017-10-20,25.46,25.49,25.5,25.44,25001
2017-10-23,25.56,25.53,25.58,25.53,3533
2017-10-24,25.76,25.47,25.76,25.47,787
2017-10-25,25.46,25.41,25.46,25.3837,10059
2017-10-26,25.4795,25.51,25.51,25.4632,1609
2017-10-27,25.5,25.4,25.5,25.4,4282
2017-10-30,25.44,25.39,25.45,25.39,10255
2017-10-31,25.459,25.41,25.459,25.4,7096
2017-11-01,25.5,25.33,25.5,25.33,31233
2017-11-02,25.351,25.4672,25.47,25.3501,5087
2017-11-03,25.51,25.46,25.559,25.46,9450
2017-11-06,25.4468,25.41,25.46,25.41,3941
2017-11-07,25.44,25.38,25.44,25.361,5533
2017-11-08,25.46,25.45,25.51,25.42,13926
2017-11-09,25.365,25.4,25.4199,25.365,4400
2017-11-10,25.67,25.34,25.67,25.32,35967
2017-11-13,25.4647,25.44,25.4647,25.44,701
2017-11-14,25.475,25.49,25.5131,25.475,9382
2017-11-15,25.45,25.41,25.47,25.41,10346
2017-11-16,25.53,25.52,25.5311,25.52,4283
2017-11-17,25.66,25.5,25.66,25.155,17179
2017-11-20,25.52,25.5,25.56,25.5,5623
2017-11-21,25.55,25.48,25.56,25.48,16926
2017-11-22,25.52,25.49,25.53,25.49,32469
2017-11-24,25.5152,25.5152,25.5152,25.5152,301
2017-11-27,25.497,25.5374,25.5374,25.497,1071
2017-11-28,25.57,25.67,25.67,25.56,38227
2017-11-29,25.7381,25.72,25.76,25.71,23026
2017-11-30,26.0,25.79,26.0,25.7367,7654
2017-12-01,25.8,25.8,25.89,25.78,31000
2017-12-04,25.86,25.91,25.91,25.825,19232
2017-12-05,25.9,25.92,25.94,25.9,5508
2017-12-06,25.94,25.94,25.94,25.94,1896
2017-12-07,25.945,25.99,25.99,25.9401,21091
2017-12-08,25.912,25.94,25.98,25.912,8181
2017-12-11,25.9,25.92,25.92,25.9,2300
2017-12-12,25.84,25.81,25.87,25.8001,11808
2017-12-13,25.855,25.85,25.855,25.85,2246
2017-12-14,25.8497,25.88,25.9097,25.8443,19952
2017-12-15,25.85,25.9,26.1,25.82,22236
2017-12-18,25.89,25.9,25.97,25.8897,6500
2017-12-19,25.87,25.85,25.92,25.78,10698
2017-12-20,26.18,25.88,26.18,25.83,13315
2017-12-21,25.96,25.89,25.96,25.89,12027
2017-12-22,25.88,25.8958,25.8958,25.84,1033
2017-12-26,25.64,25.713071,25.929,25.64,12861
2017-12-27,25.76,25.79,25.82,25.76,2763
2017-12-28,25.8,25.86,25.86,25.79,7402
2017-12-29,25.84,25.82,25.84,25.82,2728
2018-01-02,25.77,25.735,25.8,25.73,12882
2018-01-03,25.8061,25.79,25.81,25.79,9637
2018-01-04,25.81,25.82,25.8532,25.81,2105
2018-01-05,25.81,25.75,25.82,25.72,23021
2018-01-08,25.78,25.8,25.839,25.78,12937
2018-01-09,25.77,25.72,25.77,25.711,5313
2018-01-10,25.7,25.63,25.75,25.63,30287
2018-01-11,25.68,25.66,25.72,25.65,6585
2018-01-12,25.65,25.695,25.73,25.64,9443
2018-01-16,25.72,25.61,25.72,25.61,6971
2018-01-17,25.71,25.69,25.73,25.69,5839
2018-01-18,25.75,25.7,25.75,25.68,15422
2018-01-19,25.74,25.7455,25.7455,25.74,425
2018-01-22,25.74,25.74,25.74,25.6979,112512
2018-01-23,25.42,25.63,25.66,25.42,10308
2018-01-24,25.65,25.68,25.68,25.62,22341
2018-01-25,25.729,25.73,25.79,25.698,94142
2018-01-26,25.77,25.8258,25.8258,25.76,2286
2018-01-29,25.7375,25.705,25.75,25.705,10226
2018-01-30,25.7,25.67,25.74,25.67,11377
2018-01-31,25.7,25.63,25.7,25.63,30144
2018-02-01,25.29,25.63,25.71,25.29,15186
2018-02-02,25.66,25.53,25.68,25.53,13655
2018-02-05,25.39,25.21,25.3905,25.04,2061
2018-02-06,25.18,25.13,25.23,24.97,12610
2018-02-07,25.14,25.03,25.14,25.03,19655
2018-02-08,25.05,24.62,25.05,24.62,32784
2018-02-09,24.47,24.69,24.81,24.47,7377
2018-02-12,24.69,24.95,25.09,24.69,17579
2018-02-13,25.09,25.08,25.12,25.08,16095
2018-02-14,25.1,25.17,25.18,25.092,10476
2018-02-15,25.33,25.26,25.33,25.26,5886
2018-02-16,25.21,25.32,25.38,25.21,1161
2018-02-20,25.11,25.12,25.18,25.11,32233
2018-02-21,25.22,25.15,25.28,25.15,6407
2018-02-22,25.23,25.2295,25.23,25.2,3693
2018-02-23,25.2294,25.22,25.25,25.19,12125
2018-02-26,25.3235,25.31,25.3599,25.29,23936
2018-02-27,25.22,25.24,25.3899,25.19,19718
2018-02-28,25.2048,25.18,25.2048,25.18,3575
2018-03-01,25.0072,25.01,25.01,25.0072,354
2018-03-02,24.98,24.92,25.0061,24.92,9190
2018-03-05,25.1487,25.11,25.1599,25.11,8133
2018-03-06,25.089,25.11,25.15,25.089,1025
2018-03-07,25.07,25.06,25.07,25.06,358
2018-03-08,25.1549,25.16,25.16,25.1549,8076
2018-03-09,25.2201,25.27,25.28,25.17,12816
2018-03-12,25.2,25.22,25.2312,25.14,19658
2018-03-13,25.236,25.28,25.2914,25.236,7705
2018-03-14,25.288,25.19,25.2954,25.19,2021
2018-03-15,25.26,25.26,25.27,25.22,29541
2018-03-16,25.25,25.25,25.26,25.21,61134
2018-03-19,25.03,25.11,25.2149,25.03,59959
2018-03-20,25.1,25.17,25.17,25.1,18453
2018-03-21,25.2,25.22,25.225,25.1732,101767
2018-03-22,25.1249,25.0,25.13,24.985,126108
2018-03-23,25.1,24.9909,25.11,24.95,498723
2018-03-26,25.26,25.04,25.26,25.03,265999
2018-03-27,25.05,24.991343,25.11,25.04,151015
2018-03-28,24.91,24.98,25.02,24.91,16281
2018-03-29,25.06,25.07,25.07,25.06,11218
2018-04-02,24.8,24.85,24.85,24.79,26424
2018-04-03,24.98,25.01,25.0499,24.98,12361
2018-04-04,24.97,25.04,25.08,24.93,11232
2018-04-05,25.12,25.13,25.13,25.11,16957
2018-04-06,24.88,24.87,24.88,24.87,9098
2018-04-09,24.97,25.0,25.07,24.949,57502
2018-04-10,25.06,25.028,25.06,25.01,15559
2018-04-11,25.12,24.96,25.12,24.94,33035
2018-04-12,25.07,25.05,25.09,25.0,39929
2018-04-13,24.98,24.93,24.9846,24.91,7915
2018-04-16,25.02,25.02,25.05,25.01,7436
2018-04-17,25.1322,25.16,25.21,25.12,26569
2018-04-18,25.15,25.15,25.15,25.13,40192
2018-04-19,25.04,25.06,25.06,25.01,63878
2018-04-20,24.99,24.95,25.0246,24.9,42480
2018-04-23,24.97,24.9587,24.9751,24.9587,3215
2018-04-24,24.85,24.82,24.85,24.82,40233
2018-04-25,24.74,24.82,24.86,24.7,43480
2018-04-26,24.84,24.79,24.85,24.79,15346
2018-04-27,24.76,24.76,24.81,24.74,3829
2018-04-30,24.66,24.7,24.82,24.62,51028
2018-05-01,24.57,24.58,24.58,24.57,3212
2018-05-02,24.42,24.48,24.6,24.42,54680
2018-05-03,24.57,24.58,24.58,24.57,7031
2018-05-04,24.48,24.6,24.729,24.39,36352
2018-05-07,24.72,24.6392,24.72,24.62,2636
2018-05-08,24.44,24.66,24.67,24.44,8588
2018-05-09,24.57,24.76,24.77,24.57,8600
2018-05-10,24.8,24.8347,24.8347,24.8,2176
2018-05-11,24.74,24.89,24.91,24.74,5703
2018-05-14,24.89,24.8897,24.89,24.84,8712
2018-05-15,24.78,24.85,24.85,24.74,12011
2018-05-16,24.914,24.9,24.914,24.9,1733
2018-05-17,24.88,24.88,24.88,24.84,12255
2018-05-18,24.86,24.89,24.89,24.83,29910
2018-05-21,25.0,25.02,25.02,25.0,632
2018-05-22,24.9599,24.87,24.99,24.87,19146
2018-05-23,24.9,24.89,24.92,24.89,13466
2018-05-24,24.83,24.83,24.86,24.82,20632
2018-05-25,24.7601,24.8,24.8,24.76,11566
2018-05-29,24.53,24.65,24.71,24.53,7020
2018-05-30,24.82,24.9,24.95,24.82,27176
2018-05-31,24.75,24.71,24.75,24.71,18533
2018-06-01,24.8,24.7733,24.8,24.77,5017
2018-06-04,24.88,24.85,24.88,24.85,5896
2018-06-05,24.8032,24.8,24.8032,24.76,8805
2018-06-06,24.81,24.85,24.85,24.81,10031
2018-06-07,24.87,24.85,24.8701,24.78,8902
2018-06-08,24.89,24.8701,24.89,24.8701,2528
2018-06-11,24.78,24.83,24.88,24.78,21240
2018-06-12,24.79,24.78,24.81,24.76,20233
2018-06-13,24.82,24.8089,24.8242,24.8089,13570
2018-06-14,24.81,24.77,24.8172,24.77,15571
2018-06-15,24.76,24.79,24.8,24.74,15697
2018-06-18,24.74,24.712,24.74,24.7,4393
2018-06-19,24.62,24.62,24.62,24.62,1720
2018-06-20,24.55,24.55,24.55,24.55,6952
2018-06-21,24.46,24.46,24.47,24.43,13540
2018-06-22,24.56,24.57,24.57,24.53,1527
2018-06-25,24.46,24.5,24.7465,24.38,22816
2018-06-26,24.5101,24.452331,24.5243,24.51,2485
2018-06-27,24.41,24.3901,24.41,24.3901,617
2018-06-28,24.3653,24.381,24.381,24.3501,1158
2018-06-29,24.49,24.431,24.52,24.43,4593
2018-07-02,24.12,24.37,24.41,24.12,27644
2018-07-03,24.5,24.4799,24.5,24.4201,1531
2018-07-05,24.46,24.46,24.46,24.46,542
2018-07-06,24.46,24.4401,24.46,24.4401,4848
2018-07-09,24.538,24.526,24.538,24.526,1537
2018-07-10,24.6004,24.62,24.62,24.6004,2336
2018-07-11,24.54,24.54,24.54,24.54,5670
2018-07-12,24.6,24.6,24.6294,24.52,50792
2018-07-13,24.62,24.6099,24.62,24.57,9489
2018-07-16,24.55,24.55,24.556,24.55,640
2018-07-17,24.62,24.64,24.65,24.62,3698
2018-07-18,24.63,24.67,24.69,24.59,9415
2018-07-19,24.6501,24.6501,24.6501,24.6501,204
2018-07-20,24.65,24.6504,24.6504,24.65,10469
2018-07-23,24.0,24.68,24.68,24.0,410
2018-07-24,24.74,24.74,24.74,24.74,212
2018-07-25,24.76,24.92,24.92,24.7,14235
2018-07-26,25.05,24.945,25.06,24.945,10107
2018-07-27,24.87,24.89,24.89,24.83,5742
2018-07-30,24.8632,24.82,24.8632,24.82,301
2018-07-31,24.95,24.98,24.98,24.95,2283
2018-08-01,24.87,24.84,24.87,24.835,11341
2018-08-02,24.93,24.93,24.93,24.93,2857
2018-08-03,25.01,25.05,25.05,25.01,1614
2018-08-06,24.99,24.9999,25.0,24.94,3352
2018-08-07,25.0,25.07,25.1371,24.98,6405
2018-08-08,25.1,25.05,25.1,25.03,4471
2018-08-09,25.1,24.99,25.1,24.99,9947
2018-08-10,24.98,24.975,25.03,24.975,9021
2018-08-13,25.1,25.045,25.1,25.045,1774
2018-08-14,25.1,25.1698,25.1698,25.1,1531
2018-08-15,25.15,25.2,25.2,25.145,3398
2018-08-16,25.47,25.42,25.47,25.42,12129
2018-08-17,25.5682,25.5852,25.6481,25.49,6247
2018-08-20,NaN,25.5852,NaN,NaN,41
2018-08-21,25.5001,25.41,25.5038,25.22,8111
2018-08-22,25.4701,25.46,25.4701,25.44,3525
2018-08-23,25.4,25.37,25.421,25.32,1574
2018-08-24,25.42,25.47,25.47,25.42,2827
2018-08-27,25.45,25.39,25.45,25.35,20159
2018-08-28,25.375,25.36,25.375,25.36,472
2018-08-29,25.4399,25.43,25.4399,25.43,515
2018-08-30,25.39,25.3695,25.39,25.3695,1318
2018-08-31,25.43,25.4,25.43,25.4,205
2018-09-04,25.38,25.42,25.4515,25.31,20623
2018-09-05,25.43,25.5341,25.543,25.43,8670
2018-09-06,25.61,25.6328,25.6328,25.61,653
2018-09-07,25.595,25.6,25.64,25.56,18549
2018-09-10,25.585,25.585,25.585,25.585,110
2018-09-11,25.62,25.54,25.62,25.5,3736
2018-09-12,25.5589,25.505,25.5589,25.49,14141
2018-09-13,25.58,25.5607,25.59,25.48,3575
2018-09-14,25.65,25.54,25.6589,25.54,10588
2018-09-17,25.6,25.56,25.6,25.56,8301
2018-09-18,25.6802,25.665,25.6802,25.665,2634
2018-09-19,25.66,25.66,25.66,25.66,476
2018-09-20,25.63,25.65,25.65,25.61,11968
2018-09-21,25.72,25.64,25.72,25.43,7941
2018-09-24,25.51,25.51,25.56,25.51,5850
2018-09-25,25.55,25.2629,25.55,25.47,8371
2018-09-26,25.3,25.2338,25.3,25.22,5428
2018-09-27,25.25,25.19,25.25,25.19,1925
2018-09-28,25.19,25.1901,25.23,25.19,1467
2018-10-01,25.23,25.2201,25.27,25.19,7609
2018-10-02,25.29,25.25,25.31,25.25,2374
2018-10-03,25.35,25.11,25.35,25.11,12500
2018-10-04,25.2107,25.2426,25.2426,25.2107,1390
2018-10-05,25.3696,25.29,25.3696,25.29,4731
2018-10-08,25.38,25.41,25.41,25.361,4295
2018-10-09,25.3992,25.34,25.3992,25.34,4856
2018-10-10,25.37,25.34,25.37,25.31,13452
2018-10-11,25.69,25.5097,25.74,25.5097,3271
2018-10-12,25.29,25.364,25.45,25.29,4077
2018-10-15,25.4,25.4,25.4,25.33,2948
2018-10-16,25.27,25.2,25.27,25.2,3097
2018-10-17,25.15,25.195,25.22,25.15,22277
2018-10-18,25.5,25.5106,25.54,25.5,1111
2018-10-19,25.6,25.7001,25.7001,25.47,5417
2018-10-22,25.53,25.6992,25.6992,25.52,8211
2018-10-23,25.68,25.66,25.75,25.65,4934
2018-10-24,25.73,25.85,25.91,25.6301,21605
2018-10-25,25.7853,25.6289,25.7853,25.56,868
2018-10-26,25.63,25.64,25.64,25.63,398
2018-10-29,26.29,25.3,26.29,25.3,20255
2018-10-30,25.8637,25.8425,25.8637,25.8425,1223
2018-10-31,25.9,25.71,25.92,25.71,33378
2018-11-01,25.68,25.79,25.79,25.68,5645
2018-11-02,25.83,25.7511,25.83,25.68,7693
2018-11-05,25.89,25.811,25.9,25.811,3240
2018-11-06,25.7815,25.82,25.8621,25.7815,2815
2018-11-07,25.67,25.88,25.93,25.67,2722
2018-11-08,25.76,25.7891,25.9039,25.76,3953
2018-11-09,25.8601,26.0363,26.0363,25.8601,4850
2018-11-12,26.08,26.08,26.08,26.08,707
2018-11-13,25.94,25.93,25.94,25.93,1401
2018-11-14,25.92,25.9,26.01,25.9,4900
2018-11-15,26.03,26.03,26.03,26.03,469
2018-11-16,NaN,26.03,NaN,NaN,13
2018-11-19,26.33,26.1757,26.33,26.101,14575
2018-11-20,26.17,26.61,26.61,26.17,66495
2018-11-21,26.89,26.24,26.89,26.22,6371
2018-11-23,26.3847,26.3847,26.3847,26.3847,1052
2018-11-26,26.7,26.04,27.04,26.04,8368
2018-11-27,26.19,25.94,26.21,25.94,63036
2018-11-28,25.94,25.8793,26.13,25.8671,6241
2018-11-29,26.02,25.96,26.037,25.92,3771
2018-11-30,24.9,25.8916,25.97,24.9,80966
2018-12-03,25.71,25.8386,25.8386,25.71,329
2018-12-04,25.96,25.83,26.1077,25.83,18969
2018-12-06,25.9,25.81,26.02,25.81,4546
2018-12-07,25.99,25.8801,26.045,25.84,14561
2018-12-10,26.23,25.9154,26.23,25.86,5598
2018-12-11,26.19,26.16,26.19,26.07,2673
2018-12-12,26.16,25.92,26.16,25.77,5496
2018-12-13,25.99,26.1101,26.14,25.99,5713
2018-12-14,26.0432,26.12,26.12,26.0432,1098
2018-12-17,26.205,26.19,26.205,26.0,2077
2018-12-18,26.099,25.88,26.099,25.8563,2545
2018-12-19,26.1141,26.08,26.1141,25.9601,5307
2018-12-20,25.88,26.0249,26.447,25.72,61550
2018-12-21,26.03,26.1407,26.295,25.16,7653
2018-12-24,26.2094,26.06,26.2094,26.01,1800
2018-12-26,25.99,26.308,26.33,25.99,3202
2018-12-27,26.29,26.475,26.475,25.902,12997
2018-12-28,26.6164,26.494,26.6164,26.494,1351
2018-12-31,26.58,26.5839,27.24,26.57,19324
2019-01-02,26.63,26.54,26.63,26.4346,8834
2019-01-03,26.4818,26.3889,26.4818,26.3889,1686
2019-01-04,26.74,26.345,26.74,26.32,24051
2019-01-07,26.46,26.3561,26.738,26.2816,23120
2019-01-08,26.3735,26.31,26.3735,26.28,2060
2019-01-09,26.29,26.245,26.3,26.22,18632
2019-01-10,26.02,26.23,26.39,26.02,21489
2019-01-11,26.27,26.265,26.27,26.21,1786
2019-01-14,26.57,26.2017,26.57,26.16,36376
2019-01-15,26.2481,26.215,26.25,26.1,11456
2019-01-16,26.35,26.13,26.35,26.06,3838
2019-01-17,26.1,26.105,26.12,26.0807,1579
2019-01-18,26.19,26.14,26.19,26.06,17634
2019-01-22,26.18,26.2638,26.2734,26.17,21557
2019-01-23,26.32,26.3214,26.3214,26.27,777
2019-01-24,26.05,26.2132,26.2699,26.05,3116
2019-01-25,26.21,26.3001,26.42,26.159,72650
2019-01-28,26.36,26.2,26.36,26.17,6468
2019-01-29,26.26,26.325,26.37,26.26,16712
2019-01-30,26.32,26.23,26.32,26.131,26029
2019-01-31,26.1889,26.235,26.27,26.11,28685
2019-02-01,26.23,26.33,26.38,26.23,2633
2019-02-04,26.44,26.255,26.44,26.23,3446
2019-02-05,26.17,26.17,26.24,26.1201,10019
2019-02-06,26.2031,26.2854,26.34,26.2031,8020
2019-02-07,26.2,26.345,26.352,26.2,808
2019-02-08,26.37,26.4012,26.42,26.37,1732
2019-02-11,26.62,26.3944,26.62,26.37,8527
2019-02-12,26.4434,26.525,26.5905,26.4434,10663
2019-02-13,26.52,26.475,26.58,26.4681,6695
2019-02-14,26.5,26.4903,26.57,26.42,54780
2019-02-15,26.58,26.514,26.6,26.47,3800
2019-02-19,26.51,26.55,26.5999,26.51,7307
2019-02-20,26.56,26.5621,26.5895,26.46,6810
2019-02-21,26.5473,26.575,26.6,26.5472,10949
2019-02-22,26.575,26.4959,26.575,26.481,16140
2019-02-25,26.48,26.42,26.64,26.42,11235
2019-02-26,26.5314,26.575,26.6286,26.5314,12163
2019-02-27,26.5755,26.575,26.6,26.55,2730
2019-02-28,26.33,26.6261,26.6371,26.33,4365
2019-03-01,26.69,26.4952,26.69,26.4952,6927
2019-03-04,26.53,26.555,26.6,26.5,2306
2019-03-05,26.64,26.595,26.64,26.5,9281
2019-03-06,26.64,26.62,26.6494,26.5,2882
2019-03-07,26.59,26.6495,26.75,26.59,19348
2019-03-08,26.7201,26.745,26.77,26.7201,2445
2019-03-11,26.68,26.7,26.76,26.66,19674
2019-03-12,26.66,26.7,26.75,26.532,2811
2019-03-13,26.78,26.87,26.9,26.78,12007
2019-03-14,26.7567,26.7636,26.7636,26.7269,3169
2019-03-15,26.8288,26.7911,26.8288,26.77,1361
2019-03-18,26.7761,26.93,26.93,26.7761,5926
2019-03-19,26.99,26.8868,27.05,26.8868,8257
2019-03-20,26.8506,26.7148,26.88,26.7148,2566
2019-03-21,26.815,26.815,26.815,26.7901,2043
2019-03-22,26.8316,26.79,26.8469,26.79,826
2019-03-25,26.76,26.73,26.945,26.73,30350
2019-03-26,26.89,26.86,26.89,26.83,5743
2019-03-27,26.89,26.945224,27.0119,26.85,102746
2019-03-28,27.42,27.01,27.42,26.96,59982
2019-03-29,27.2,27.0367,27.42,26.96,29201
2019-04-01,27.28,27.0365,27.28,26.95,36955
2019-04-02,27.1,26.975,27.29,26.96,61206
2019-04-03,27.08,26.93,27.08,26.9,8806
2019-04-04,27.02,26.9299,27.02,26.9,26863
2019-04-05,26.91,26.95,27.115,26.91,24690
2019-04-08,27.09,27.18,27.28,26.94,28688
2019-04-09,27.18,27.02,27.1899,26.95,44478
2019-04-10,27.04,27.0,27.14,26.98,16081
2019-04-11,26.98,27.068,27.1,26.94,5444
2019-04-12,27.01,26.85,27.0713,26.85,18916
2019-04-15,26.97,26.9551,26.9943,26.85,17689
2019-04-16,26.9299,26.905,27.0209,26.8,10653
2019-04-17,26.9,26.9104,26.934,26.8201,7341
2019-04-18,26.868,26.8137,26.8781,26.72,18936
2019-04-22,27.09,26.805,27.09,26.7136,21245
2019-04-23,26.94,26.93,26.94,26.816,9280
2019-04-24,26.84,26.79,26.9581,26.79,16073
2019-04-25,26.79,26.825,26.855,26.7257,2637
2019-04-26,26.9107,26.9294,26.971,26.768,15003
2019-04-29,26.84,26.851,26.9806,26.77,14416
2019-04-30,26.7912,26.9545,27.029,26.7912,7036
2019-05-01,26.831,26.947,26.953,26.831,4101
2019-05-02,26.85,26.9396,26.9882,26.85,5355
2019-05-03,27.1,26.9198,27.1,26.83,21063
2019-05-06,26.83,26.945,27.0,26.83,1859
2019-05-07,26.9751,27.05,27.084,26.95,13907
2019-05-08,27.13,27.13,27.1717,27.087,5188
2019-05-09,26.94,26.97,27.15,26.94,17104
2019-05-10,27.26,27.0567,27.29,26.9314,19160
2019-05-13,27.09,27.11,27.12,26.89,16126
2019-05-14,27.11,26.956,27.11,26.9076,14997
2019-05-15,27.0042,26.924,27.0119,26.83,15925
2019-05-16,26.93,26.98,27.02,26.9211,5622
2019-05-17,27.0378,26.942,27.05,26.85,23434
2019-05-20,27.0794,27.0351,27.0794,27.0351,2611
2019-05-21,26.95,27.1632,27.2399,26.95,5149
2019-05-22,27.12,27.14,27.1625,27.0303,5719
2019-05-23,27.25,27.185,27.25,27.1321,1836
2019-05-24,27.19,27.125,27.3461,27.0918,9438
2019-05-28,27.2,27.14,27.2477,27.06,55100
2019-05-29,27.01,27.04,27.2095,27.01,5382
2019-05-30,27.1851,27.2186,27.253,27.1727,3316
2019-05-31,27.3729,27.3167,27.41,27.26,18264
2019-06-03,27.33,27.4171,27.42,27.33,3499
2019-06-04,27.41,27.405,27.49,27.3414,53566
2019-06-05,27.4,27.49,27.49,27.4,2366
2019-06-06,27.3701,27.585,27.6052,27.3593,37393
2019-06-07,27.6,27.8,27.8,27.53,26215
2019-06-10,27.7,27.66,27.7299,27.54,46144
2019-06-11,27.58,27.4744,27.6279,27.451,11177
2019-06-12,27.5292,27.5872,27.5872,27.5,4311
2019-06-13,27.5,27.525,27.6006,27.4627,5345
2019-06-14,27.57,27.525,27.62,27.4501,17900
2019-06-17,27.51,27.4008,27.51,27.2901,23008
2019-06-18,27.4,27.46,27.5,27.36,7138
2019-06-19,27.43,27.46,27.5546,27.3501,74248
2019-06-20,27.7576,27.5544,27.7576,27.43,64254
2019-06-21,27.6955,27.57,27.6955,27.545,7713
2019-06-24,27.5266,27.5933,27.7891,27.4531,55203
2019-06-25,27.5585,27.48,27.5585,27.39,40325
2019-06-26,27.69,27.387594,27.69,27.0979,15579
2019-06-27,27.57,27.3512,27.57,27.23,7061
2019-06-28,27.49,27.3,27.49,27.25,10711
2019-07-01,27.24,27.2385,27.274,27.121,6604
2019-07-02,27.3,27.2527,27.3,27.14,24115
2019-07-03,27.26,27.4,27.49,27.15,35109
2019-07-05,27.46,27.395,27.46,27.32,1870
2019-07-08,27.4,27.2656,27.4,27.23,10666
2019-07-09,27.2203,27.2653,27.37,27.21,12997
2019-07-10,27.3963,27.405,27.4599,27.3092,17643
2019-07-11,27.38,27.39,27.46,27.3056,35451
2019-07-12,27.41,27.435,27.46,27.38,23204
2019-07-15,27.405,27.515,27.5599,27.405,30489
2019-07-16,27.45,27.46,27.5163,27.35,19454
2019-07-17,27.458,27.3999,27.458,27.3999,451
2019-07-18,27.35,27.405,27.41,27.35,107372
2019-07-19,27.3518,27.4294,27.54,27.3001,15450
2019-07-22,27.45,27.36,27.45,26.98,39705
2019-07-23,27.37,27.23,27.37,27.1714,66255
2019-07-24,27.11,27.1,27.2757,26.986,25198
2019-07-25,27.11,27.1,27.3212,27.09,21067
2019-07-26,27.12,27.2333,27.29,27.03,26775
2019-07-29,27.16,27.17,27.35,27.16,6915
2019-07-30,27.05,27.2,27.2552,27.05,30981
2019-07-31,27.156,27.2005,27.2799,27.11,9167
2019-08-01,27.23,27.3263,27.348,27.1463,3382
2019-08-02,27.45,27.555,27.555,27.45,6420
2019-08-05,27.61,27.899,27.9476,27.61,48531
2019-08-06,27.7126,27.755,27.9,27.686,25195
2019-08-07,27.94,27.59,27.96,27.5425,5681
2019-08-08,27.8575,27.775,27.8575,27.6124,4448
2019-08-09,27.7501,27.84,27.84,27.6737,12859
2019-08-12,27.94,27.8098,27.987,27.7,51074
2019-08-13,28.04,27.828,28.04,27.6,5094
2019-08-14,27.83,27.8147,27.8999,27.7714,18873
2019-08-15,27.9037,27.885,27.919,27.8,12227
2019-08-16,27.8164,28.02,28.02,27.8164,10875
2019-08-19,27.86,27.89,28.0776,27.7926,47686
2019-08-20,27.79,27.7106,27.87,27.6304,13788
2019-08-21,27.6217,27.5466,27.65,27.51,46522
2019-08-22,27.7,27.6261,27.7,27.5,7020
2019-08-23,27.6384,27.48,27.6919,27.48,7069
2019-08-26,27.45,27.565,27.6799,27.45,4774
2019-08-27,27.6,27.7584,27.79,27.6,24146
2019-08-28,27.79,27.745,27.997,27.6917,21480
2019-08-29,27.91,27.685,27.91,27.62,19902
2019-08-30,27.669,27.7343,27.74,27.52,16378
2019-09-03,27.69,27.8071,27.829,27.66,44175
2019-09-04,27.99,27.775,27.99,27.6556,10070
2019-09-05,28.0,27.7715,28.0,27.6508,12645
2019-09-06,27.81,27.7851,27.83,27.638,5879
2019-09-09,27.63,27.4967,27.63,27.4848,8820
2019-09-10,27.35,27.383,27.426,27.2205,3978
2019-09-11,27.25,27.2775,27.3764,27.23,43768
2019-09-12,27.3424,27.345,27.49,27.3424,4579
2019-09-13,27.23,27.35,27.48,27.23,7196
2019-09-16,27.19,27.325,27.35,27.19,8502
2019-09-17,27.15,27.425,27.47,27.15,16715
2019-09-18,27.53,27.485,27.5899,27.44,7015
2019-09-19,27.4581,27.495,27.5238,27.4581,2146
2019-09-20,27.555,27.4748,27.555,27.38,6972
2019-09-23,27.25,27.4229,27.5652,27.25,59979
2019-09-24,27.537,27.4544,27.537,27.42,3375
2019-09-25,27.4,27.29003,27.4862,27.3606,8265
2019-09-26,27.2227,27.225,27.295,27.22,2384
2019-09-27,27.47,27.27,27.47,27.16,5200
2019-09-30,27.18,27.2835,27.37,27.0228,77551
2019-10-01,27.285,27.195,27.31,27.1362,17933
2019-10-02,27.1735,27.24,27.28,27.1587,2224
2019-10-03,27.2408,27.155,27.25,27.08,10417
2019-10-04,27.2861,27.39,27.39,27.1501,7829
2019-10-07,27.12,27.2685,27.3716,27.12,4152
2019-10-08,27.0824,27.27,27.28,27.0824,14474
2019-10-09,27.2618,27.21,27.2618,27.1,18560
2019-10-10,27.11,27.2026,27.2285,27.1,11878
2019-10-11,27.3,27.29,27.4524,27.29,5554
2019-10-14,27.3,27.12,27.3,27.11,27845
2019-10-15,27.154,27.216,27.3,27.12,25837
2019-10-16,27.08,27.3,27.3,27.05,8935
2019-10-17,27.2875,27.235,27.2875,27.1333,8446
2019-10-18,27.14,27.119,27.1899,27.108,3020
2019-10-21,27.15,27.11,27.2592,27.11,14187
2019-10-22,27.131,27.279,27.35,27.131,4946
2019-10-23,27.3,27.191,27.3,27.13,8130
2019-10-24,27.1783,27.22,27.2792,27.1783,7016
2019-10-25,27.155,27.075,27.155,27.075,9560
2019-10-28,27.05,27.13,27.2984,27.05,12282
2019-10-29,27.2633,27.23,27.2887,27.2,4313
2019-10-30,27.23,27.304,27.3108,27.2238,4077
2019-10-31,27.2477,27.2257,27.3067,27.1,3296
2019-11-01,27.39,27.39,27.3983,27.334,7968
2019-11-04,27.39,27.31,27.474,27.31,6980
2019-11-05,27.265,27.31,27.31,27.25,7412
2019-11-06,27.31,27.39,27.39,27.2226,12869
2019-11-07,27.39,27.425,27.4498,27.352,5662
2019-11-08,27.41,27.35,27.4757,27.3,16038
2019-11-11,27.32,27.33,27.336,27.2016,2546
2019-11-12,27.33,27.317,27.392,27.19,2053
2019-11-13,27.19,27.49,27.51,27.19,19962
2019-11-14,27.4999,27.47,27.5,27.4,7487
2019-11-15,27.448,27.485,27.5,27.448,4167
2019-11-18,27.45,27.55,27.64,27.45,5620
2019-11-19,27.6076,27.67,27.67,27.4276,8658
2019-11-20,27.53,27.56,27.625,27.5,61073
2019-11-21,27.6577,27.57,27.6577,27.5,39201
2019-11-22,27.42,27.43,27.54,27.4,8012
2019-11-25,27.4,27.54,27.6,27.3701,39783
2019-11-26,27.46,27.548,27.621,27.4401,4715
2019-11-27,27.5208,27.615,27.7194,27.4201,6360
2019-11-29,27.47,27.51,27.67,27.47,4181
2019-12-02,27.5,27.61,27.7199,27.5,10681
2019-12-03,27.6205,27.48,27.6205,27.43,26073
2019-12-04,27.56,27.5044,27.63,27.5,10433
2019-12-05,27.6,27.55,27.6532,27.5052,6312
2019-12-06,27.47,27.6,27.74,27.47,5322
2019-12-09,27.62,27.6247,27.64,27.61,3365
2019-12-10,27.44,27.53,27.8,26.059,15296
2019-12-11,27.66,27.7,27.7185,27.561,3909
2019-12-12,27.74,27.66,27.74,27.66,3233
2019-12-13,27.8,27.65,27.84,27.65,7538
2019-12-16,27.8107,27.885,27.92,27.8107,2934
2019-12-17,27.895,27.895,27.9899,27.8,10007
2019-12-18,27.83,27.8138,27.85,27.8084,3169
2019-12-19,27.8,27.8832,27.94,27.78,24595
2019-12-20,27.91,27.9958,28.02,27.91,8697
2019-12-23,28.0029,27.879306,28.03,27.4,201139
2019-12-24,27.865,27.8113,27.865,27.8113,1001
2019-12-26,27.9425,27.9973,27.9973,27.83,28115
2019-12-27,27.979,27.993,28.0495,27.93,11212
2019-12-30,28.03,27.9273,28.03,27.8669,10893
2019-12-31,27.851,27.9775,27.9775,27.851,6650
2020-01-02,27.9213,27.98,27.9979,27.88,29993
2020-01-03,27.82,27.824,27.865,27.71,56967
2020-01-06,27.17,27.8003,27.82,25.9,52615
2020-01-07,27.6786,27.74,27.78,27.6401,16150
2020-01-08,27.77,27.8336,27.9379,27.758,1939
2020-01-09,27.9405,27.9808,27.9808,27.92,3637
2020-01-10,27.8925,27.805,27.92,27.805,52882
2020-01-13,27.79,27.8921,27.91,27.76,4164
2020-01-14,27.85,27.8234,27.87,27.8221,7409
2020-01-15,27.81,27.8945,27.94,27.81,2710
2020-01-16,28.01,28.1373,28.145,28.01,94684
2020-01-17,28.17,28.1651,28.21,28.1406,6425
2020-01-21,28.0579,28.03,28.1106,28.02,15405
2020-01-22,28.11,28.055,28.25,28.055,31655
2020-01-23,27.99,28.11,28.1107,27.95,11140
2020-01-24,28.2,28.015,28.2,28.0,15556
2020-01-27,27.9,27.92,28.02,27.8646,46440
2020-01-28,28.12,28.0233,28.3,28.01,31920
2020-01-29,27.9499,27.9713,28.02,27.9499,3487
2020-01-30,27.86,27.935,27.98,27.83,6550
2020-01-31,27.8773,27.7792,27.9175,27.72,23694
2020-02-03,27.7237,27.7038,27.7237,27.6931,3531
2020-02-04,27.62,27.76,27.97,27.62,43699
2020-02-05,27.8442,27.8588,27.87,27.8442,4648
2020-02-06,27.8116,27.815,27.83,27.8116,5333
2020-02-07,27.63,27.75,27.7747,27.63,4438
2020-02-10,27.69,27.6149,27.69,27.6,14155
2020-02-11,27.7094,27.6558,27.72,27.6424,2841
2020-02-12,27.64,27.6832,27.6832,27.64,2683
2020-02-13,27.638,27.6645,27.7,27.638,5182
2020-02-14,27.6511,27.655,27.655,27.6511,211
2020-02-18,27.61,27.6104,27.66,27.5703,4683
2020-02-19,27.62,27.56,27.66,22.8827,301458
2020-02-20,27.28,27.495,27.52,27.28,10293
2020-02-21,27.46,27.53,27.65,27.45,20294
2020-02-24,28.14,27.5027,28.14,27.5027,3918
2020-02-25,27.47,27.3825,27.63,27.324,20471
2020-02-26,27.44,27.5662,27.63,27.3914,4171
2020-02-27,27.65,27.6993,27.75,27.41,21492
2020-02-28,27.68,27.305,28.35,27.305,51734
2020-03-02,27.1,27.9132,27.9132,27.1,14585
2020-03-03,28.2997,27.7794,28.2997,27.69,6319
2020-03-04,27.65,28.2195,28.24,27.42,25813
2020-03-05,27.57,28.1417,28.17,27.57,10692
2020-03-06,28.2,28.3001,28.7,28.2,3860
2020-03-09,27.81,28.5544,28.6375,23.6701,5547
2020-03-10,28.65,28.3298,28.65,28.15,90892
2020-03-11,28.27,28.05,28.27,28.04,12923
2020-03-12,27.82,28.07,28.3699,24.7,30644
2020-03-13,27.5,28.5163,29.98,27.5,30448
2020-03-16,28.44,29.99,30.33,28.3201,58920
2020-03-17,29.4154,29.8677,30.48,29.105,45767
2020-03-18,29.9708,29.2934,30.66,28.31,29373
2020-03-19,28.96,28.0,30.381,28.0,125752
2020-03-20,27.84,26.5073,27.84,25.02,54973
2020-03-23,26.1,25.83,26.4774,25.63,26077
2020-03-24,25.9605,26.9,27.0,25.89,25636
2020-03-25,27.51,27.87,28.32,26.97,36406
2020-03-26,27.47,28.8658,28.8658,27.42,34674
2020-03-27,28.6546,28.68,28.71,28.5,10389
2020-03-30,29.24,28.685,29.24,28.6,11805
2020-03-31,28.68,28.522,28.68,28.21,12975
2020-04-01,28.48,28.47,28.81,28.0775,17218
2020-04-02,28.345,28.3784,28.51,28.2975,6106
2020-04-03,28.43,28.28,28.43,28.03,22951
2020-04-06,28.35,28.88,28.98,28.35,63908
2020-04-07,28.9848,28.8959,29.2,28.84,39448
2020-04-08,29.06,29.3,29.35,29.06,25468
2020-04-09,29.85,29.51,29.85,29.4,19870
2020-04-13,29.65,29.09,29.65,29.0002,28760
2020-04-14,29.18,29.22,29.32,28.98,191823
2020-04-15,28.66,29.06,29.15,28.66,9263
2020-04-16,29.03,29.13,29.48,29.03,41251
2020-04-17,29.11,29.56,29.56,29.11,17569
2020-04-20,29.46,29.38,29.535,29.101,22073
2020-04-21,29.24,29.21,29.416,29.0401,50182
2020-04-22,29.12,29.31,29.34,29.12,35639
2020-04-23,29.16,29.2278,29.3,29.1,32860
2020-04-24,29.0397,29.24,29.24,29.0397,16424
2020-04-27,29.48,29.42,29.48,29.1607,19795
2020-04-28,29.35,29.38,29.49,29.31,7412
2020-04-29,29.25,28.95,29.31,28.93,21737
2020-04-30,28.98,28.66,28.98,28.59,28110
2020-05-01,29.68,28.625,29.68,28.625,14209
2020-05-04,28.73,28.62,28.73,28.52,25463
2020-05-05,28.71,28.79,28.81,28.2941,35461
2020-05-06,28.61,28.2319,28.8174,28.1467,27334
2020-05-07,28.139,28.38,28.41,28.1139,27512
2020-05-08,28.2138,28.1139,28.47,28.02,62392
2020-05-11,28.062,28.2,28.25,28.05,20664
2020-05-12,28.03,28.02,28.12,28.02,14790
2020-05-13,27.87,27.89,28.0996,27.7523,12713
2020-05-14,27.92,27.8748,28.02,27.74,4680
2020-05-15,27.85,27.89,27.91,27.65,9381
2020-05-18,28.0,27.97,28.0,27.78,6665
2020-05-19,27.76,27.57,27.8,27.57,28520
2020-05-20,27.16,27.4449,27.537,26.0,37822
2020-05-21,27.39,27.65,27.65,27.38,20892
2020-05-22,27.96,27.49,27.96,27.4001,5986
2020-05-26,28.12,27.75,28.12,27.75,6164
2020-05-27,27.72,28.13,28.29,27.59,32914
2020-05-28,28.61,28.13,28.61,28.13,13422
2020-05-29,27.81,28.2502,28.28,27.81,22189
2020-06-01,28.41,28.36,28.67,28.1427,56980
2020-06-02,28.63,28.3009,28.63,28.23,10274
2020-06-03,28.1,28.06,28.61,28.06,89275
2020-06-04,28.2353,28.38,28.4,28.16,26762
2020-06-05,28.38,28.46,28.71,28.28,22500
2020-06-08,28.34,28.78,28.85,28.34,57849
2020-06-09,28.78,28.72,28.78,28.5852,13776
2020-06-10,28.4536,28.51,28.53,28.3401,20630
2020-06-11,28.14,28.28,28.43,28.04,3844
2020-06-12,27.86,28.27,28.47,27.86,24442
2020-06-15,28.11,28.2188,28.31,28.1,6862
2020-06-16,28.33,28.4,28.47,28.2899,7742
2020-06-17,28.28,28.22,28.32,28.15,30701
2020-06-18,28.01,28.14,28.17,27.68,26547
2020-06-19,28.05,28.09,28.145,28.05,10092
2020-06-22,27.92,27.72,28.005,27.86,8861
2020-06-23,27.59,27.9252,28.035,27.59,7804
2020-06-24,27.55,27.68,27.73,27.55,90970
2020-06-25,27.88,27.73,27.88,27.64,6435
2020-06-26,27.6908,27.752,27.782,27.63,4040
2020-06-29,27.53,27.71,27.7826,27.48,17844
2020-06-30,27.53,27.74,27.7698,27.51,19921
2020-07-01,27.54,27.61,27.76,27.54,81477
2020-07-02,27.3,27.52,27.74,27.3,21193
2020-07-06,27.53,27.58,27.7,27.53,44487
2020-07-07,27.31,28.05,28.08,27.31,134489
2020-07-08,28.2,27.66,28.2,27.5501,14367
2020-07-09,27.51,27.37,27.59,27.32,41296
2020-07-10,27.22,27.48,27.5,27.22,7916
2020-07-13,27.48,27.64,27.7599,27.3901,26809
2020-07-14,27.37,27.71,27.84,27.37,37760
2020-07-15,27.63,27.92,28.0,27.37,25437
2020-07-16,27.75,27.9,27.9,27.75,11692
2020-07-17,27.91,27.97,27.97,27.3245,10618
2020-07-20,27.8332,27.76,27.8349,27.63,11159
2020-07-21,27.79,27.8,27.9,27.79,37598
2020-07-22,27.8412,27.91,27.91,27.77,4698
2020-07-23,27.9365,27.95,28.02,27.8501,21508
2020-07-24,28.02,27.9556,28.02,27.8901,7050
2020-07-27,28.37,27.97,28.46,27.905,17094
2020-07-28,27.855,27.8901,27.9399,27.855,10559
2020-07-29,27.87,28.03,28.1,27.87,11708
2020-07-30,27.73,27.79,27.79,27.685,21519
2020-07-31,27.81,27.53,27.81,27.48,4708
2020-08-03,27.84,27.57,27.84,27.51,14412
2020-08-04,27.55,27.5691,27.59,27.39,18345
2020-08-05,27.53,27.61,27.61,27.52,21703
2020-08-06,27.55,27.51,27.5699,27.43,17033
2020-08-07,27.523,27.6433,27.6433,27.523,11562
2020-08-10,27.6901,27.7858,27.8785,27.68,19838
2020-08-11,27.91,27.89,28.0757,27.87,18570
2020-08-12,27.74,28.024,28.125,27.74,14003
2020-08-13,27.8521,27.8706,27.92,27.8101,4299
2020-08-14,27.66,27.87,27.95,27.66,36838
2020-08-17,27.9056,27.71,27.915,27.71,8366
2020-08-18,27.7394,27.7764,27.88,27.7394,11424
2020-08-19,27.785,27.7109,27.848,27.69,10857
2020-08-20,27.68,27.6139,27.68,27.595,2581
2020-08-21,27.6159,27.6646,27.675,27.5901,4662
2020-08-24,27.5,27.7347,27.8,27.5,16456
2020-08-25,27.7201,27.7442,27.77,27.66,30719
2020-08-26,27.655,27.723,27.7401,27.645,12974
2020-08-27,27.815,27.9226,27.99,27.815,20598
2020-08-28,27.91,27.955,27.99,27.84,6049
2020-08-31,27.8765,27.7857,27.9499,27.64,11919
2020-09-01,27.61,27.5773,27.6327,27.55,47846
2020-09-02,27.63,27.868,27.93,27.63,303855
2020-09-03,28.0,28.115,28.1798,27.94,15451
2020-09-04,28.0362,28.0342,28.2,27.91,3980
2020-09-08,27.92,27.9598,27.984,27.89,14858
2020-09-09,27.99,28.2898,28.35,27.81,10515
2020-09-10,28.0764,27.98,28.1287,27.845,17484
2020-09-11,27.95,27.9496,27.98,27.905,2893
2020-09-14,28.24,28.2903,28.4167,28.23,10824
2020-09-15,28.38,28.3,28.43,28.3,6511
2020-09-16,28.2225,28.18,28.46,28.16,19790
2020-09-17,28.47,28.3253,28.47,28.2907,7378
2020-09-18,28.24,28.221,28.42,28.1714,6403
2020-09-21,28.15,27.6183,28.15,27.6514,22068
2020-09-22,27.6,27.85,27.85,27.48,6655
2020-09-23,27.6545,27.2479,27.7,27.2479,7406
2020-09-24,27.9,27.1522,27.96,27.1522,15602
2020-09-25,27.0796,27.2378,27.28,27.04,13457
2020-09-28,27.735,27.6531,27.847,27.64,10461
2020-09-29,27.7,27.5509,27.72,27.49,18297
2020-09-30,27.6,27.7227,27.87,27.57,264424
2020-10-01,27.74,27.5647,27.77,27.54,139936
2020-10-02,27.27,27.4434,27.6212,27.27,13829
2020-10-05,27.73,27.8791,27.9,27.725,17174
2020-10-06,27.825,27.6364,28.12,27.6,44790
2020-10-07,27.64,28.0081,28.0081,27.64,2749
2020-10-08,28.267,28.2187,28.31,28.1308,273399
2020-10-09,28.2235,28.1834,28.32,28.1501,61748
2020-10-12,28.1144,28.392,28.47,28.1144,10470
2020-10-13,28.225,28.1563,28.23,28.1067,12281
2020-10-14,28.24,28.0279,28.24,28.01,14019
2020-10-15,27.98,27.9944,28.07,27.95,10059
2020-10-16,28.07,28.0987,28.25,28.06,42755
2020-10-19,28.1217,27.7502,28.155,27.71,17736
2020-10-20,27.837,27.82,27.87,27.78,15514
2020-10-21,27.6831,27.8233,28.37,27.635,45108
2020-10-22,27.8,27.7573,27.81,27.58,9651
2020-10-23,27.48,27.77,27.89,27.48,20033
2020-10-26,27.36,27.32,27.42,27.27,8195
2020-10-27,27.3,26.9151,27.3,26.91,45735
2020-10-28,27.165,27.2392,27.2392,27.16,20684
2020-10-29,26.9,27.1291,27.34,26.9,40471
2020-10-30,26.8874,26.9723,27.0166,26.8874,2935
2020-11-02,26.34,27.18,27.29,26.34,10580
2020-11-03,27.42,27.7,27.83,27.42,28013
2020-11-04,27.9347,27.95,28.47,27.9,58229
2020-11-05,28.0,27.8839,28.13,27.875,29325
2020-11-06,27.75,27.7894,28.19,27.71,407847
2020-11-09,28.75,28.39,28.75,28.39,23625
2020-11-10,28.585,28.82,29.18,28.585,25512
2020-11-11,28.65,28.6046,28.7543,28.45,12490
2020-11-12,28.395,28.319,28.44,28.24,17674
2020-11-13,28.36,28.6734,28.6734,28.36,11379
2020-11-16,28.9365,28.91,28.9365,28.83,5752
2020-11-17,28.79,28.5895,28.86,28.55,48590
2020-11-18,28.68,28.4957,28.6989,28.4701,17943
2020-11-19,28.89,28.4827,28.89,28.3448,42417
2020-11-20,29.21,28.2371,29.21,28.19,15257
2020-11-23,28.16,28.16,28.38,28.12,4906
2020-11-24,28.16,28.9,28.92,28.16,59013
2020-11-25,29.69,28.7,29.69,28.5001,42315
2020-11-27,28.7,28.5961,28.71,28.5,6234
2020-11-30,28.4218,28.236,28.432,28.1501,10686
2020-12-01,28.56,28.65,28.67,28.54,15943
2020-12-02,28.38,28.4,28.4761,28.38,3380
2020-12-03,28.44,28.42,28.56,28.41,23231
2020-12-04,28.5847,28.62,28.66,28.5201,16110
2020-12-07,28.4216,28.47,28.57,28.3,16794
2020-12-08,28.3828,28.48,28.53,28.38,15072
2020-12-09,28.47,28.65,28.65,28.46,10613
2020-12-10,28.475,28.52,28.52,28.43,4177
2020-12-11,28.3983,28.4268,28.4312,28.32,4475
2020-12-14,28.6,28.26,28.735,28.1807,16263
2020-12-15,28.5406,28.64,28.73,28.43,27283
2020-12-16,28.62,28.668,28.74,28.605,10910
2020-12-17,28.74,28.71,28.8,28.65,7790
2020-12-18,28.63,28.64,28.7653,28.575,23150
2020-12-21,28.6,28.238891,28.665,28.33,6794
2020-12-22,28.16,28.05,29.4999,28.05,26164
2020-12-23,27.9,28.4,28.53,27.9,10301
2020-12-24,28.3582,28.4,28.4,28.225,6335
2020-12-28,28.36,28.59,28.64,28.36,17531
2020-12-29,28.4,28.26,28.54,28.25,29334
2020-12-30,28.52,28.27,28.52,28.26,29357
2020-12-31,28.22,28.66,28.66,28.02,13118
2021-01-04,28.23,27.86,28.325,27.68,427669
2021-01-05,27.96,28.0,28.15,27.86,69202
2021-01-06,27.68,28.52,28.64,27.68,27134
2021-01-07,28.685,28.7266,28.74,28.5901,10686
2021-01-08,28.71,28.7607,28.7607,28.71,5700
2021-01-11,28.6,28.93,28.95,28.6,34222
2021-01-12,28.76,28.81,28.81,28.6901,18891
2021-01-13,28.67,28.74,28.75,28.67,23533
2021-01-14,28.6536,28.5608,28.7013,28.5608,5833
2021-01-15,28.61,28.68,28.7,28.5829,9504
2021-01-19,28.91,28.49,28.91,28.49,21086
2021-01-20,28.4,28.428,28.43,28.35,7891
2021-01-21,28.19,28.08,28.308,28.08,11743
2021-01-22,27.75,28.03,28.28,27.75,9554
2021-01-25,28.05,28.1798,28.21,28.05,13665
2021-01-26,28.311,28.33,28.35,28.22,18999
2021-01-27,28.26,28.47,28.5,28.26,13705
2021-01-28,28.85,28.0,28.88,27.96,30921
2021-01-29,27.67,27.83,28.29,27.67,26781
2021-02-01,27.75,27.8,27.89,27.73,16495
2021-02-02,27.98,28.09,28.1,27.9768,6076
2021-02-03,28.02,28.1156,28.125,28.02,2996
2021-02-04,28.151,28.32,28.32,28.151,43937
2021-02-05,28.28,28.3126,28.3529,28.25,43016
2021-02-08,28.3094,28.44,28.44,28.3094,11554
2021-02-09,28.19,28.32,28.44,28.19,21674
2021-02-10,28.34,28.29,28.34,28.185,6781
2021-02-11,28.25,28.1743,28.5,28.085,73235
2021-02-12,28.07,28.1007,28.11,28.0175,3189
2021-02-16,28.07,28.13,28.2,28.07,85497
2021-02-17,27.76,28.0606,28.09,27.76,18594
2021-02-18,27.97,28.209,28.28,27.95,15841
2021-02-19,28.12,28.11,28.14,28.07,8097
2021-02-22,27.88,28.0151,28.0151,27.71,50849
2021-02-23,27.95,27.92,28.01,27.86,66570
2021-02-24,28.06,28.55,28.56,27.78,25836
2021-02-25,29.49,28.5,29.49,28.42,11873
2021-02-26,28.2,28.33,28.4,28.2,5399
2021-03-01,28.24,28.53,28.6575,28.24,7444
2021-03-02,28.54,28.21,28.63,28.21,35346
2021-03-03,28.36,28.12,28.36,28.12,24687
2021-03-04,28.2,27.77,28.47,27.77,7653
2021-03-05,28.06,28.41,28.4385,28.05,4887
2021-03-08,28.2,28.5,28.785,28.2,9305
2021-03-09,28.73,28.39,28.83,28.39,3119
2021-03-10,28.58,28.64,28.81,28.58,13236
2021-03-11,29.12,28.825,29.12,28.205,40687
2021-03-12,28.8,28.83,28.96,28.8,10295
2021-03-15,29.24,28.98,29.24,28.66,70383
2021-03-16,29.34,28.77,29.34,28.77,35339
2021-03-17,29.46,28.95,29.46,28.84,31095
2021-03-18,29.16,28.75,29.16,28.7156,18483
2021-03-19,29.38,28.68,29.38,28.5127,13017
2021-03-22,28.58,28.63,28.6735,28.46,2941
2021-03-23,28.45,28.51,28.72,28.45,11764
2021-03-24,28.52,28.57,28.67,28.52,13047
2021-03-25,28.56,28.71,28.71,28.43,11003
2021-03-26,28.35,29.29,29.29,28.35,17965
2021-03-29,29.12,29.24,29.3,28.92,17202
2021-03-30,29.15,28.97,29.15,28.96,21895
2021-03-31,28.9537,28.99,29.11,28.9301,189268
2021-04-01,29.49,28.89,29.49,28.83,19237
2021-04-05,28.79,29.37,29.4787,28.79,67386
2021-04-06,29.37,29.05,29.37,29.05,15926
2021-04-07,29.07,29.0,29.17,29.0,13640
2021-04-08,29.07,29.17,29.21,29.0,17092
2021-04-09,29.35,29.4,29.57,29.13,4713
2021-04-12,29.3,29.28,29.3,29.22,19836
2021-04-13,29.51,29.25,29.51,29.0353,12565
2021-04-14,29.4,29.29,29.4,29.2,17298
2021-04-15,29.29,29.3,29.33,29.26,11972
2021-04-16,29.33,29.35,29.4,29.33,10578
2021-04-19,29.3,29.35,29.4,29.29,17401
2021-04-20,29.49,29.51,29.52,29.39,16413
2021-04-21,29.45,29.59,29.61,29.44,6841
2021-04-22,29.57,29.56,29.58,29.5,6213
2021-04-23,29.59,29.753,29.76,29.59,5308
2021-04-26,29.77,29.48,29.77,29.4652,11824
2021-04-27,29.4,29.49,29.816,29.4,20251
2021-04-28,29.5,29.53,29.5699,29.4371,22097
2021-04-29,29.69,29.7296,29.91,29.6054,16488
2021-04-30,29.66,29.55,29.66,29.55,12552
2021-05-03,29.5,29.78,29.81,29.5,16433
2021-05-04,29.68,29.92,29.96,29.68,11329
2021-05-05,29.92,29.96,30.045,29.88,16122
2021-05-06,30.02,30.1555,30.1555,29.99,19936
2021-05-07,30.2,30.24,30.2699,30.17,8812
2021-05-10,30.54,30.3907,30.54,30.3907,109372
2021-05-11,30.47,30.3798,30.51,30.34,14811
2021-05-12,30.39,30.4792,31.76,30.39,16214
2021-05-13,30.13,30.47,30.75,30.13,16803
2021-05-14,30.85,30.5544,30.85,30.51,12756
2021-05-17,30.73,30.4883,30.73,30.35,24452
2021-05-18,30.46,30.2602,30.46,30.2602,9221
2021-05-19,30.3354,30.2033,30.61,30.15,18657
2021-05-20,30.13,30.3982,30.48,30.1,11019
2021-05-21,30.5,30.365,30.58,30.33,48696
2021-05-24,30.22,30.48,30.5792,30.22,42869
2021-05-25,30.51,30.3959,30.61,30.351,58898
2021-05-26,30.56,30.27,30.56,30.26,147926
2021-05-27,30.375,30.2588,30.375,30.2,14249
2021-05-28,30.32,30.2774,30.33,30.24,11552
2021-06-01,30.41,30.18,30.41,30.16,66375
2021-06-02,30.2,30.29,30.3,30.19,13642
2021-06-03,30.12,30.29,30.3,30.06,72491
2021-06-04,30.34,30.33,30.39,30.28,10559
2021-06-07,30.25,30.27,30.34,30.21,12383
2021-06-08,30.185,30.27,30.28,30.14,22229
2021-06-09,30.2001,30.2537,30.31,30.2001,6325
2021-06-10,30.34,30.2616,30.34,30.22,9218
2021-06-11,30.21,30.232,30.232,30.21,3334
2021-06-14,30.21,30.1604,30.21,30.07,18657
2021-06-15,30.23,30.2583,30.31,30.18,11873
2021-06-16,30.34,30.05,30.34,30.05,19721
2021-06-17,29.93,29.73,30.05,29.7028,15988
2021-06-18,29.5,29.501,29.5599,29.47,4828
2021-06-21,29.71,29.9279,29.9813,29.71,9128
2021-06-22,29.76,29.79,30.38,29.7,18525
2021-06-23,29.66,29.6445,29.75,29.59,13460
2021-06-24,29.42,29.606,29.72,29.42,4716
2021-06-25,29.665,29.7094,29.74,29.63,11082
2021-06-28,29.45,29.5735,29.5789,29.45,7672
2021-06-29,29.52,29.335,29.52,29.33,28959
2021-06-30,29.355,29.3846,29.3899,29.31,10091
2021-07-01,29.4481,29.57,29.57,29.4481,49244
2021-07-02,29.6,29.7,29.7,29.48,6475
2021-07-06,29.418,29.4006,29.44,29.31,13508
2021-07-07,29.39,29.7911,29.8699,29.34,54743
2021-07-08,29.86,29.74,29.86,29.57,13075
2021-07-09,29.8899,29.87,29.94,29.86,2890
2021-07-12,30.0199,29.9423,30.0199,29.92,6230
2021-07-13,29.61,29.8,29.91,29.61,17690
2021-07-14,29.84,29.955,29.955,29.78,6354
2021-07-15,29.88,30.0832,30.0832,29.88,9736
2021-07-16,30.05,29.883,30.05,29.76,17367
2021-07-19,29.92,29.76,30.01,29.71,22278
2021-07-20,29.77,30.0,30.68,29.77,42827
2021-07-21,29.91,29.7675,30.08,29.27,193547
2021-07-22,29.9402,29.9399,29.99,29.89,19662
2021-07-23,30.21,30.32,30.3808,30.12,4245
2021-07-26,30.23,30.2268,30.39,30.09,39517
2021-07-27,30.2,30.3492,30.3699,30.1541,33406
2021-07-28,30.3,30.2,30.3,30.17,15847
2021-07-29,30.28,30.2185,30.3399,30.14,20824
2021-07-30,30.24,30.1,30.378,30.1,25300
2021-08-02,30.58,30.059,30.58,30.05,29617
2021-08-03,29.88,30.21,30.41,29.88,17124
2021-08-04,30.18,29.989,30.25,29.97,20739
2021-08-05,30.03,30.07,30.1,29.987,40240
2021-08-06,30.0,30.13,30.13,30.0,20603
2021-08-09,30.12,30.045,30.12,30.03,18810
2021-08-10,30.0511,30.287,30.33,30.0511,11824
2021-08-11,30.39,30.3369,30.3999,30.31,10570
2021-08-12,30.36,30.3701,30.39,30.33,5062
2021-08-13,30.34,30.44,30.535,30.2962,69070
2021-08-16,30.44,30.5267,30.68,30.36,43452
2021-08-17,30.5111,30.6,30.7932,30.5111,36232
2021-08-18,30.51,30.35,30.7997,30.2965,417624
2021-08-19,30.08,30.4,31.1899,30.08,243142
2021-08-20,30.21,30.48,30.89,30.21,130702
2021-08-23,30.58,30.48,30.58,30.45,49102
2021-08-24,30.38,30.3,30.43,30.3,65408
2021-08-25,30.25,30.42,30.4505,30.25,10603
2021-08-26,30.41,30.41,30.42,30.33,29643
2021-08-27,30.27,30.3,30.395,30.27,48528
2021-08-30,30.54,30.23,30.54,30.23,24242
2021-08-31,30.34,30.26,30.34,30.2,13350
2021-09-01,30.22,30.25,30.25,30.091,23566
2021-09-02,30.24,30.32,30.32,30.17,9234
2021-09-03,30.27,30.265,30.34,30.25,15432
2021-09-07,30.25,30.13,30.25,30.0758,12189
2021-09-08,30.11,30.0,30.12,29.99,25546
2021-09-09,30.32,29.8003,32.73,29.78,267756
2021-09-10,29.8,29.7708,29.94,29.67,208814
2021-09-13,29.78,29.8,29.94,29.76,7396
2021-09-14,29.92,29.68,29.92,29.68,13192
2021-09-15,29.7999,29.74,29.7999,29.7313,32990
2021-09-16,29.58,29.7,29.76,29.58,27721
2021-09-17,29.7,29.56,29.7,29.5,11758
2021-09-20,29.56,29.7,29.89,29.45,21973
2021-09-21,30.0,29.492252,30.0,29.5,12260
2021-09-22,29.55,29.59,29.7,29.51,19376
2021-09-23,29.78,29.75,29.83,29.56,35562
2021-09-24,29.59,29.68,29.74,29.59,8840
2021-09-27,29.75,29.59,29.82,29.59,30664
2021-09-28,29.56,29.95,29.97,29.56,26736
2021-09-29,29.98,29.81,29.98,29.68,18643
2021-09-30,29.7433,29.66,29.77,29.54,62975
2021-10-01,29.6,29.57,29.666,29.5,9805
2021-10-04,29.49,29.5,29.945,29.43,53435
2021-10-05,29.688,29.65,29.78,29.5801,11962
2021-10-06,29.54,29.64,29.64,29.361,7197
2021-10-07,29.78,29.85,29.98,29.78,12310
2021-10-08,29.759,29.9,29.93,29.759,11024
2021-10-11,29.99,29.7953,29.99,29.72,12838
2021-10-12,29.6899,29.73,29.77,29.6368,20205
2021-10-13,29.56,29.41,29.59,29.41,69058
2021-10-14,29.71,29.8806,29.955,29.685,37776
2021-10-15,30.01,30.02,30.075,29.98,11111
2021-10-18,29.84,29.925,29.93,29.81,94570
2021-10-19,29.86,30.0131,30.06,29.86,13111
2021-10-20,30.01,30.1586,30.16,29.95,14056
2021-10-21,30.0868,30.065,30.09,30.0,13081
2021-10-22,30.12,30.25,30.25,30.12,3366
2021-10-25,30.1699,30.1581,30.21,30.155,11164
2021-10-26,30.31,30.1885,30.31,30.1107,5030
2021-10-27,30.15,29.9545,30.16,29.83,20841
2021-10-28,29.9,29.9407,29.9407,29.87,10492
2021-10-29,29.96,29.9128,29.98,29.8785,29233
2021-11-01,29.92,29.79,29.97,29.72,9254
2021-11-02,29.81,29.765,29.91,29.745,101330
2021-11-03,29.76,29.8152,29.87,29.7,4924
2021-11-04,30.05,29.87,30.05,29.769,8242
2021-11-05,29.8,29.8099,29.82,29.7361,21584
2021-11-08,29.81,29.74,29.81,29.6135,23409
2021-11-09,29.7193,29.6641,29.78,29.59,31785
2021-11-10,29.745,29.6555,29.84,29.592,16792
2021-11-11,29.68,29.65,29.74,29.65,6184
2021-11-12,29.615,29.645,29.7,29.6,3743
2021-11-15,29.66,29.6736,29.75,29.66,7563
2021-11-16,29.6,29.6568,29.74,29.6,21484
2021-11-17,29.6,29.5571,29.6399,29.42,28167
2021-11-18,29.52,29.4453,30.11,29.34,56132
2021-11-19,29.4,29.84,29.85,29.22,33227
2021-11-22,29.77,29.35,29.77,29.31,26570
2021-11-23,29.43,29.67,29.709,29.43,10270
2021-11-24,29.5813,29.61,29.61,29.5,8419
2021-11-26,29.73,29.7093,29.76,29.34,17395
2021-11-29,29.74,29.648,30.09,29.48,99115
2021-11-30,29.58,29.3612,29.64,29.26,50963
2021-12-01,29.32,29.3244,29.63,29.29,28107
2021-12-02,29.465,29.6361,29.655,29.4386,24929
2021-12-03,29.57,29.75,31.4499,29.56,49121
2021-12-06,29.945,29.88,30.105,29.88,49968
2021-12-07,29.9,30.14,30.44,29.83,39310
2021-12-08,30.06,29.88,30.206,29.81,16834
2021-12-09,29.89,29.9658,30.229,29.85,8284
2021-12-10,29.978,30.13,30.13,29.978,10881
2021-12-13,30.02,29.755,30.17,29.755,38892
2021-12-14,29.37,29.9482,30.16,29.37,40649
2021-12-15,29.9171,29.9899,30.0847,29.91,17171
2021-12-16,30.095,30.2245,30.2985,30.08,30972
2021-12-17,30.15,30.2124,30.33,29.82,34147
2021-12-20,30.22,30.33,30.33,30.11,4965
2021-12-21,30.388,30.5765,30.58,30.28,148044
2021-12-22,30.44,30.854499,30.88,30.44,51332
2021-12-23,30.88,30.93,30.96,30.7299,50724
2021-12-27,30.96,31.08,31.1905,30.93,28752
2021-12-28,30.58,31.1445,32.696,30.58,16265
2021-12-29,31.1,31.1701,31.26,31.0875,9835
2021-12-30,31.29,31.0,31.4246,31.0,33206
2021-12-31,31.06,31.16,31.17,31.05,15985
2022-01-03,31.1,30.9187,31.52,30.77,33906
2022-01-04,31.008,31.0869,31.13,30.93,83737
2022-01-05,31.12,30.81,31.65,30.77,41908
2022-01-06,31.28,31.03,31.28,30.9,26279
2022-01-07,30.965,31.0798,31.12,30.965,139568
2022-01-10,31.34,30.9408,31.345,30.925,73054
2022-01-11,31.04,31.12,31.31,30.57,13572
2022-01-12,31.36,31.0772,31.36,31.02,46451
2022-01-13,31.11,31.2111,31.2111,30.96,13656
2022-01-14,31.2,31.013,31.26,31.01,28087
2022-01-18,30.84,31.0169,31.13,30.6,32014
2022-01-19,31.0,30.98,31.186,30.85,28961
2022-01-20,30.83,31.0245,31.0245,30.83,40769
2022-01-21,31.19,31.54,31.56,31.0401,54649
2022-01-24,31.55,30.865,33.55,30.84,208494
2022-01-25,30.9,31.05,31.2399,30.0177,149757
2022-01-26,31.31,30.36,31.31,30.2999,94719
2022-01-27,30.4,30.44,31.0,30.39,71477
2022-01-28,30.53,30.99,30.99,30.43,34581
2022-01-31,31.0,31.25,31.25,30.75,66792
2022-02-01,31.04,31.22,31.24,30.94,33750
2022-02-02,31.35,31.1,31.35,30.97,79002
2022-02-03,31.0,31.49,31.49,31.0,216502
2022-02-04,30.98,31.0,31.258,30.9,35867
2022-02-07,31.11,30.8,31.11,30.78,72229
2022-02-08,30.99,30.54,30.99,30.52,21835
2022-02-09,30.8369,31.05,31.13,30.8369,4627
2022-02-10,30.92,30.9,31.05,30.81,128445
2022-02-11,30.83,31.16,31.35,30.6428,134992
2022-02-14,30.91,30.6913,30.91,30.5407,32820
2022-02-15,30.64,30.64,30.78,30.46,70085
2022-02-16,30.65,30.52,30.65,30.42,55110
2022-02-17,30.65,30.47,30.65,30.25,74116
2022-02-18,30.45,30.44,30.84,30.22,57110
2022-02-22,30.29,30.0363,30.33,30.0,47981
2022-02-23,30.06,30.0,30.24,29.9,35585
2022-02-24,29.55,30.165,30.4799,29.55,65666
2022-02-25,30.13,31.32,31.32,30.13,21214
2022-02-28,31.28,30.98,31.7599,30.82,72250
2022-03-01,30.82,30.15,30.82,30.15,70314
2022-03-02,30.41,30.16,30.66,30.15,54618
2022-03-03,30.71,30.58,30.77,30.5,9257
2022-03-04,29.8311,30.55,30.55,29.8311,97086
2022-03-07,30.71,30.53,30.71,30.09,53867
2022-03-08,30.66,30.05,30.66,29.69,58253
2022-03-09,30.35,30.22,30.35,29.87,108432
2022-03-10,30.24,30.03,30.24,29.78,32853
2022-03-11,30.11,29.85,30.11,29.63,38901
2022-03-14,30.0,29.5,30.0,29.3614,38652
2022-03-15,29.52,29.67,29.7679,29.52,18042
2022-03-16,30.0128,29.97,30.0691,29.65,315621
2022-03-17,29.72,30.06,30.2513,29.72,73130
2022-03-18,30.02,30.4,30.47,29.97,44531
2022-03-21,30.54,30.5,30.6479,30.15,42031
2022-03-22,30.195,30.209897,30.36,30.0824,13810
2022-03-23,30.24,30.27,30.27,30.1753,25032
2022-03-24,30.18,30.17,30.24,30.16,5134
2022-03-25,30.29,30.22,30.44,30.22,61630
2022-03-28,30.215,30.2,30.33,30.17,47817
2022-03-29,30.23,30.3,30.389,30.19,61802
2022-03-30,30.2,30.36,30.3754,30.2,18411
2022-03-31,30.5,30.37,30.78,30.2995,62558
2022-04-01,31.4,30.37,31.4,30.32,47055
2022-04-04,30.35,30.38,30.68,30.1901,10275
2022-04-05,30.47,30.36,30.47,30.19,21173
2022-04-06,30.35,30.65,31.45,30.33,86216
2022-04-07,30.84,30.88,30.88,30.6,17657
2022-04-08,30.98,30.86,30.98,30.82,13672
2022-04-11,30.89,30.83,30.89,30.7101,20102
2022-04-12,30.792,30.7601,30.93,30.75,64270
2022-04-13,30.75,30.53,30.75,30.53,17318
2022-04-14,30.6647,30.6,30.77,30.6,64016
2022-04-18,30.62,30.32,30.748,30.31,97576
2022-04-19,30.44,30.45,30.71,30.44,45820
2022-04-20,30.98,30.86,30.98,30.64,101765
2022-04-21,30.75,30.515,30.76,30.515,42232
2022-04-22,30.35,31.1,31.1,30.35,39401
2022-04-25,31.21,30.54,31.23,30.54,49648
2022-04-26,30.65,31.0,31.09,30.65,34496
2022-04-27,31.08,30.61,31.3672,30.61,52873
2022-04-28,30.5659,30.8,31.07,30.5659,29626
2022-04-29,30.8,30.76,30.8,30.54,24837
2022-05-02,30.8,30.42,30.8,30.33,47512
2022-05-03,30.37,30.46,30.53,30.15,30046
2022-05-04,30.13,30.8488,30.93,29.72,16899
2022-05-05,30.72,30.62,30.872,30.6,56414
2022-05-06,30.42,30.25,30.52,30.2101,41049
2022-05-09,30.175,30.43,30.45,30.175,30429
2022-05-10,30.34,29.91,30.35,29.7501,45817
2022-05-11,29.77,29.52,30.055,29.4876,36580
2022-05-12,29.22,29.47,29.6,29.22,143457
2022-05-13,29.77,30.23,30.28,29.69,31294
2022-05-16,29.99,29.94,30.08,29.76,34051
2022-05-17,29.8999,29.8896,30.0172,29.78,12118
2022-05-18,29.87,30.09,30.09,29.6101,14591
2022-05-19,30.27,29.5,30.27,29.5,35519
2022-05-20,29.57,29.42,29.58,29.35,21135
2022-05-23,29.7558,30.11,30.12,29.64,30742
2022-05-24,29.97,30.04,30.12,29.91,29850
2022-05-25,29.89,30.12,30.19,29.89,10864
2022-05-26,30.19,30.4253,30.625,30.1119,81492
2022-05-27,30.31,30.83,30.83,30.31,31700
2022-05-31,30.8,30.41,30.8,30.38,101815
2022-06-01,30.48,30.35,30.54,30.2599,157529
2022-06-02,30.33,30.58,30.58,30.1355,173662
2022-06-03,30.38,30.43,30.46,30.38,8557
2022-06-06,30.42,30.28,30.5,30.24,30429
2022-06-07,30.3835,30.48,30.49,30.2558,17034
2022-06-08,30.33,30.11,30.33,30.095,7126
2022-06-09,30.35,30.2,30.35,29.9422,16802
2022-06-10,30.155,30.1,30.25,30.07,144405
2022-06-13,30.3,30.3923,30.46,30.16,34852
2022-06-14,30.36,30.1,30.39,29.98,67288
2022-06-15,30.15,29.9995,30.22,29.79,31676
2022-06-16,29.89,29.82,30.1,29.82,151010
2022-06-17,29.7825,29.73,29.9454,29.6,28127
2022-06-21,30.13,29.933,30.35,29.9,652490
2022-06-22,29.78,30.05,30.325,29.78,82938
2022-06-23,30.16,30.2,30.28,30.11,27723
2022-06-24,30.35,31.41,31.41,30.35,24829
2022-06-27,31.24,31.15,31.3,31.06,30497
2022-06-28,31.38,30.85,31.38,30.75,45506
2022-06-29,30.43,30.84,30.925,30.43,37084
2022-06-30,30.54,30.67,30.83,30.43,136417
2022-07-01,30.62,30.84,30.84,30.451,14424
2022-07-05,30.56,30.62,30.65,30.265,1723745
2022-07-06,30.75,30.68,30.87,30.29,33856
2022-07-07,30.82,31.025,31.0564,30.8007,16064
2022-07-08,30.94,30.8205,30.95,30.7367,10747
2022-07-11,30.88,30.55,30.88,30.4,107976
2022-07-12,30.455,30.2728,30.53,30.2,43524
2022-07-13,30.2,30.04,30.25,30.04,1037767
2022-07-14,29.94,29.91,30.0,29.79,169163
2022-07-15,29.78,30.42,30.42,29.78,31966
2022-07-18,30.4899,29.9785,30.4899,29.9,65274
2022-07-19,30.3429,30.64,30.675,30.3423,89213
2022-07-20,30.5913,30.5945,30.7392,30.45,63930
2022-07-21,30.475,30.82,30.82,30.4168,19007
2022-07-22,30.68,30.5855,30.82,30.48,24839
2022-07-25,30.74,30.76,30.79,30.675,30594
2022-07-26,30.89,30.53,30.89,30.52,75500
2022-07-27,30.6219,30.895,31.0002,30.6,46186
2022-07-28,30.93,31.29,31.2981,30.93,34386
2022-07-29,31.1,31.48,31.5121,31.1,74782
2022-08-01,31.275,31.36,31.4297,31.18,43237
2022-08-02,31.21,31.28,31.48,31.19,273840
2022-08-03,31.3,31.3519,31.3519,31.091,22208
2022-08-04,31.17,30.97,31.285,30.92,277156
2022-08-05,31.05,31.15,31.18,30.95,48635
2022-08-08,31.25,31.13,31.34,31.0201,76648
2022-08-09,31.23,31.25,31.31,31.17,136389
2022-08-10,31.05,31.35,31.43,31.05,118690
2022-08-11,31.76,31.36,31.76,31.32,146716
2022-08-12,31.55,31.72,31.72,31.36,30521
2022-08-15,31.77,31.68,31.77,31.5429,24220
2022-08-16,31.7,31.74,31.7675,31.5292,66076
2022-08-17,31.63,31.44,31.74,31.44,73014
2022-08-18,31.92,31.6556,31.92,31.5414,57877
2022-08-19,31.63,31.52,31.63,31.465,106503
2022-08-22,31.61,31.75,31.75,31.44,336119
2022-08-23,31.67,31.65,31.72,31.5378,32527
2022-08-24,31.69,31.68,31.7187,31.55,97321
2022-08-25,31.58,31.75,31.79,31.58,97133
2022-08-26,31.96,31.73,31.96,31.55,44227
2022-08-29,31.64,31.54,31.684,31.5352,148620
2022-08-30,31.51,31.5839,31.6699,31.49,39499
2022-08-31,31.72,31.27,31.72,31.27,85154
2022-09-01,31.3,31.43,31.549,31.22,56311
2022-09-02,31.67,31.29,31.67,31.18,60253
2022-09-06,31.3,31.355,31.44,31.27,46409
2022-09-07,31.4,31.5097,31.5313,31.34,96236
2022-09-08,31.47,31.46,31.5599,31.34,80153
2022-09-09,31.53,31.59,31.645,31.35,43829
2022-09-12,31.79,31.48,31.79,31.44,259146
2022-09-13,31.48,31.83,31.83,31.15,74530
2022-09-14,31.96,31.78,31.96,31.7247,36617
2022-09-15,31.65,31.72,31.7418,31.5301,26212
2022-09-16,31.76,31.8,31.93,31.58,308749
2022-09-19,31.91,31.78,31.91,31.63,212466
2022-09-20,31.99,31.487003,31.99,31.5001,73264
2022-09-21,31.66,31.24,31.745,31.24,242664
2022-09-22,31.36,31.17,31.36,31.02,274316
2022-09-23,31.08,30.965,31.28,30.89,152035
2022-09-26,31.08,30.7,31.08,30.6,129727
2022-09-27,30.7,30.35,30.74,30.18,150417
2022-09-28,30.4,30.53,30.75,30.2,661789
2022-09-29,30.53,30.03,30.53,30.01,86297
2022-09-30,30.05,29.705,30.07,29.66,894308
2022-10-03,30.04,30.33,30.43,29.7827,98672
2022-10-04,30.3,31.18,31.22,30.3,85787
2022-10-05,30.84,30.91,31.1631,30.75,167074
2022-10-06,30.97,30.6536,30.97,30.6138,47427
2022-10-07,30.69,30.72,30.74,30.4,38061
2022-10-10,30.82,30.57,30.82,30.5,119233
2022-10-11,30.57,30.66,30.6953,30.4862,34239
2022-10-12,30.75,30.57,30.96,30.35,658719
2022-10-13,30.61,30.89,31.13,30.1,89099
2022-10-14,30.89,30.39,30.89,30.39,62918
2022-10-17,30.72,30.74,30.8655,30.61,217751
2022-10-18,30.95,30.93,31.1007,30.765,69026
2022-10-19,30.68,30.51,30.98,30.51,71580
2022-10-20,30.47,30.39,30.6908,30.24,38831
2022-10-21,30.25,30.9,30.98,30.25,30960
2022-10-24,30.85,31.21,31.32,30.79,70010
2022-10-25,31.13,31.5,31.5,31.125,411108
2022-10-26,31.51,31.42,31.83,31.324,371751
2022-10-27,31.59,31.2692,31.59,31.25,113727
2022-10-28,31.365,31.94,31.95,31.32,243360
2022-10-31,31.94,31.69,31.94,31.65,202998
2022-11-01,31.61,31.5456,31.72,31.3862,93729
2022-11-02,31.4,31.14,31.7469,31.14,81559
2022-11-03,31.2,31.44,31.44,31.115,93726
2022-11-04,31.69,31.3942,31.69,31.18,75049
2022-11-07,31.46,31.69,31.7,31.2554,139745
2022-11-08,31.55,31.85,32.13,31.55,60945
2022-11-09,31.683,31.51,31.86,31.405,77420
2022-11-10,32.06,32.76,33.0199,32.06,386519
2022-11-11,32.92,32.28,32.92,31.84,369452
2022-11-14,32.34,32.0,32.388,32.0,104963
2022-11-15,32.32,32.04,32.32,31.52,228708
2022-11-16,31.84,32.14,32.23,31.727,119459
2022-11-17,31.84,31.9272,32.17,31.7774,225219
2022-11-18,32.17,32.18,32.18,31.72,187928
2022-11-21,31.99,31.96,32.15,31.95,81422
2022-11-22,32.06,32.09,32.3,31.9788,102274
2022-11-23,32.2691,32.3737,32.5099,32.2293,72373
2022-11-25,32.22,32.296,32.4913,32.22,46439
2022-11-28,32.14,32.16,32.2299,31.9,67409
2022-11-29,32.2,32.185,32.298,31.9023,55918
2022-11-30,32.0094,32.56,32.6599,32.0094,51048
2022-12-01,32.51,32.4,32.6,32.165,148259
2022-12-02,32.29,32.19,32.44,32.14,61587
2022-12-05,32.24,32.37,32.446,32.03,91926
2022-12-06,32.37,32.15,32.45,32.0697,255720
2022-12-07,32.43,32.16,32.43,32.14,73967
2022-12-08,32.195,32.13,32.4273,32.1038,153082
2022-12-09,32.26,32.12,32.27,32.0001,94427
2022-12-12,32.21,32.34,32.36,32.0512,83001
2022-12-13,32.43,32.1993,33.0,32.0,177229
2022-12-14,32.29,32.31,32.5,32.0001,67867
2022-12-15,32.06,32.0,32.26,31.92,61001
2022-12-16,32.05,31.83,32.05,31.72,157330
2022-12-19,32.12,31.7241,32.12,31.5774,140412
2022-12-20,31.58,31.553862,31.92,31.5143,295180
2022-12-21,31.56,31.75,31.96,31.56,53925
2022-12-22,31.7,31.58,31.71,31.4401,112335
2022-12-23,31.48,31.75,31.9299,31.48,240000
2022-12-27,31.94,31.77,31.94,31.6,112359
2022-12-28,31.91,31.66,31.91,31.4501,71527
2022-12-29,31.56,31.68,31.9599,31.56,208288
2022-12-30,31.71,31.58,31.7699,31.47,49493
2023-01-03,31.93,31.32,31.93,31.2,538334
2023-01-04,31.48,31.455,31.6604,31.25,65345
2023-01-05,31.175,31.13,31.3595,31.0201,112516
2023-01-06,31.14,31.62,31.6732,31.0191,311514
2023-01-09,31.71,31.455,31.82,31.4,586960
2023-01-10,31.6,31.55,31.6,31.3344,107388
2023-01-11,31.47,31.65,31.65,31.45,80214
2023-01-12,31.2912,31.31,31.6299,31.23,386473
2023-01-13,31.1,31.31,31.485,31.1,66365
2023-01-17,31.27,31.3155,31.545,31.0961,124843
2023-01-18,31.3036,31.13,31.39,31.0092,78026
2023-01-19,31.07,31.05,31.5299,30.88,265683
2023-01-20,31.17,31.01,31.35,30.94,73349
2023-01-23,30.9,30.92,31.33,30.9,149528
2023-01-24,30.8,31.04,31.29,30.7794,529216
2023-01-25,31.12,31.21,31.2399,30.7972,93233
2023-01-26,31.28,31.02,31.28,30.92,85392
2023-01-27,31.15,30.97,31.195,30.75,537027
2023-01-30,30.66,30.83,31.05,30.57,171905
2023-01-31,30.76,30.79,30.95,30.63,67035
2023-02-01,30.69,31.11,31.24,30.591,329690
2023-02-02,31.07,30.73,31.07,30.55,176899
2023-02-03,30.49,30.43,30.7489,30.36,274287
2023-02-06,30.5425,30.61,30.72,30.372,965499
2023-02-07,30.56,30.52,30.68,30.4207,89548
2023-02-08,30.46,30.53,30.6699,30.34,122343
2023-02-09,30.93,30.6,30.93,30.3001,86865
2023-02-10,30.53,30.7,30.81,30.445,72564
2023-02-13,30.9,30.61,30.9,30.57,71228
2023-02-14,30.47,30.33,30.535,30.3,37665
2023-02-15,30.35,30.33,30.35,30.13,187174
2023-02-16,30.02,30.33,30.36,30.02,123564
2023-02-17,30.09,30.09,30.45,30.09,300972
2023-02-21,29.98,30.36,30.44,29.98,260306
2023-02-22,30.43,30.39,30.44,30.14,182266
2023-02-23,30.2474,30.21,30.31,30.16,138957
2023-02-24,30.05,30.19,30.47,29.9617,95108
2023-02-27,30.19,30.16,30.42,30.1,101998
2023-02-28,30.07,30.05,30.16,29.85,77251
2023-03-01,30.04,30.07,30.0806,29.8701,170797
2023-03-02,29.9814,30.11,30.1499,29.92,83790
2023-03-03,30.05,30.12,30.12,29.89,50331
2023-03-06,30.3,29.95,30.3,29.91,147378
2023-03-07,29.95,29.98,30.04,29.84,175659
2023-03-08,29.8975,29.89,29.91,29.795,49572
2023-03-09,29.9,30.25,30.25,29.623,104271
2023-03-10,30.09,30.2,30.32,29.9223,123775
2023-03-13,29.96,30.23,30.43,29.78,488513
2023-03-14,30.4,30.17,30.4,30.08,204511
2023-03-15,30.3,30.06,30.33,30.0,70703
2023-03-16,29.87,30.16,30.33,29.87,96912
2023-03-17,29.93,29.88,30.15,29.84,57739
2023-03-20,29.79,29.95,30.06,29.79,44276
2023-03-21,30.04,29.824905,30.1398,29.86,103951
2023-03-22,29.9,29.61,29.9599,29.58,65485
2023-03-23,29.55,29.38,29.62,29.38,50524
2023-03-24,29.39,29.41,29.47,29.29,122199
2023-03-27,29.34,29.2875,29.58,29.2701,66893
2023-03-28,29.37,29.26,29.38,29.17,109107
2023-03-29,29.46,29.53,29.54,29.38,121250
2023-03-30,29.44,29.6,29.68,29.44,42351
2023-03-31,29.74,29.83,29.83,29.61,59622
2023-04-03,29.75,29.87,29.91,29.727,39549
2023-04-04,29.79,29.65,29.8999,29.65,41654
2023-04-05,29.8,29.88,29.9199,29.75,77230
2023-04-06,29.75,29.725,29.88,29.6701,37239
2023-04-10,29.4975,29.66,29.78,29.4975,108385
2023-04-11,29.5,29.79,30.735,29.5,474007
2023-04-12,29.88,29.7,29.9676,29.5096,56009
2023-04-13,29.54,29.66,29.835,29.5301,62256
2023-04-14,29.67,29.59,29.82,29.46,88738
2023-04-17,29.7,29.49,29.7,29.4,104494
2023-04-18,29.45,29.55,29.63,29.4101,111917
2023-04-19,29.37,29.46,29.655,29.37,98860
2023-04-20,29.41,29.46,29.7,29.41,80317
2023-04-21,29.79,29.4551,29.79,29.41,48438
2023-04-24,29.57,29.43,29.66,29.425,56014
2023-04-25,29.29,29.39,29.96,29.29,80554
2023-04-26,29.51,29.34,29.6699,29.15,116723
2023-04-27,29.3801,29.19,29.58,29.0301,81898
2023-04-28,29.19,29.43,29.43,29.0457,143478
2023-05-01,29.26,29.35,29.575,29.2267,76815
2023-05-02,29.15,29.11,29.34,29.0857,110657
2023-05-03,29.06,29.0631,29.35,29.03,95584
2023-05-04,29.03,29.23,29.3,29.02,77849
2023-05-05,29.43,29.17,29.54,29.1,91441
2023-05-08,29.18,28.92,29.23,28.8886,84116
2023-05-09,28.77,29.13,29.15,28.77,294678
2023-05-10,29.01,28.62,29.04,28.62,102036
2023-05-11,28.7,28.691,28.93,28.47,73885
2023-05-12,28.77,28.8,28.8786,28.47,226349
2023-05-15,28.79,28.68,28.87,28.47,81319
2023-05-16,28.74,28.62,28.74,28.54,56330
2023-05-17,28.595,28.56,28.71,28.46,144640
2023-05-18,28.51,28.69,28.69,28.4,152660
2023-05-19,28.53,28.47,28.64,28.46,157676
2023-05-22,28.48,28.33,28.64,28.3,46462
2023-05-23,28.29,28.35,28.4599,28.29,136824
2023-05-24,28.47,28.43,28.62,28.43,57231
2023-05-25,28.28,28.03,28.29,28.03,133440
2023-05-26,28.1579,28.0,28.1579,27.93,68744
2023-05-30,27.89,27.93,27.93,27.75,52088
2023-05-31,27.78,27.68,27.82,27.67,96946
2023-06-01,27.65,27.53,27.68,27.51,198873
2023-06-02,27.62,27.96,28.0299,27.62,84788
2023-06-05,27.88,27.96,28.1,27.8,118039
2023-06-06,27.8614,27.79,27.9455,27.7601,119005
2023-06-07,27.82,27.84,27.96,27.7801,182611
2023-06-08,27.83,27.88,27.99,27.83,295913
2023-06-09,27.82,27.83,27.95,27.82,46645
2023-06-12,27.83,27.9,27.9,27.79,28009
2023-06-13,27.89,27.9,28.01,27.86,124480
2023-06-14,27.97,27.88,28.0799,27.82,24845
2023-06-15,28.0,28.1,28.2999,28.0,172914
2023-06-16,28.19,28.14,28.2899,28.07,67019
2023-06-20,27.96,27.904949,28.0293,27.89,26761
2023-06-21,27.88,27.9475,28.0,27.78,33243
2023-06-22,27.81,27.87,27.89,27.76,56630
2023-06-23,27.86,27.62,27.86,27.62,25762
2023-06-26,27.63,27.71,27.7797,27.6,55963
2023-06-27,27.7001,27.7,27.76,27.65,21201
2023-06-28,27.61,27.53,27.6299,27.45,66273
2023-06-29,27.56,27.65,27.72,27.56,167835
2023-06-30,27.71,27.93,27.949,27.71,206955
2023-07-03,27.93,27.9049,27.95,27.81,10442
2023-07-05,27.78,27.84,27.85,27.7207,36848
2023-07-06,27.83,27.77,27.8988,27.7,65385
2023-07-07,27.68,27.58,27.68,27.52,17791
2023-07-10,27.58,27.57,27.68,27.56,31402
2023-07-11,27.54,27.59,27.6088,27.49,60976
2023-07-12,27.67,27.5,27.71,27.4842,38087
2023-07-13,27.55,27.6,27.6899,27.5401,40012
2023-07-14,27.62,27.55,27.6855,27.5401,31433
2023-07-17,27.56,27.54,27.6,27.53,49480
2023-07-18,27.55,27.63,27.745,27.55,126219
2023-07-19,27.68,27.71,27.79,27.665,128839
2023-07-20,27.74,27.94,27.9778,27.74,28548
2023-07-21,27.9842,28.05,28.1099,27.95,25644
2023-07-24,28.102,28.09,28.12,27.9801,44075
2023-07-25,27.9115,27.97,28.0611,27.9115,24002
2023-07-26,27.97,27.89,28.0799,27.87,48430
2023-07-27,27.89,27.99,27.99,27.8201,32918
2023-07-28,27.97,27.914,28.02,27.85,27446
2023-07-31,27.86,27.81,27.915,27.765,37062
2023-08-01,27.78,27.77,27.86,27.74,21070
2023-08-02,27.91,28.1,28.31,27.91,20460
2023-08-03,28.155,28.14,28.19,28.0,377569
2023-08-04,28.05,28.1589,28.22,27.91,55133
2023-08-07,28.21,28.16,28.2601,28.1,146562
2023-08-08,28.12,28.22,28.442,28.12,102134
2023-08-09,28.17,28.34,28.44,28.17,40234
2023-08-10,28.35,28.4,28.48,28.29,27124
2023-08-11,28.42,28.39,28.5244,28.3401,26268
2023-08-14,28.4219,28.32,28.4219,28.2051,88288
2023-08-15,28.17,28.17,28.23,28.11,13587
2023-08-16,28.14,28.28,28.35,28.12,21100
2023-08-17,28.33,28.5,28.545,28.3,29519
2023-08-18,28.64,28.52,28.71,28.42,23577
2023-08-21,28.4,28.19,28.42,28.19,198364
2023-08-22,28.1,28.04,28.22,28.04,44361
2023-08-23,28.06,28.04,28.14,27.99,43532
2023-08-24,27.98,28.1,28.1611,27.87,15513
2023-08-25,28.22,28.18,28.31,28.0801,34900
2023-08-28,28.1839,28.06,28.19,28.04,10007
2023-08-29,28.07,28.07,28.16,27.95,30009
2023-08-30,28.09,28.06,28.14,27.96,35921
2023-08-31,28.01,27.74,28.01,27.74,22966
2023-09-01,27.88,27.83,27.88,27.72,69187
2023-09-05,27.73,27.67,27.7656,27.63,32047
2023-09-06,27.67,27.63,27.79,27.63,23794
2023-09-07,27.82,27.84,27.9763,27.74,24216
2023-09-08,27.72,27.75,27.87,27.72,93104
2023-09-11,27.81,27.7,27.81,27.61,23880
2023-09-12,27.59,27.73,27.87,27.59,30503
2023-09-13,27.69,27.67,27.82,27.66,13381
2023-09-14,27.73,27.69,27.8369,27.69,39881
2023-09-15,27.65,27.73,27.85,27.65,23801
2023-09-18,27.74,27.68,27.76,27.62,410110
2023-09-19,27.65,27.648819,27.7599,27.65,18301
2023-09-20,27.66,27.83,27.83,27.625,59075
2023-09-21,27.85,27.99,28.05,27.83,110860
2023-09-22,28.02,28.05,28.09,27.9501,32475
2023-09-25,27.96,27.93,28.05,27.93,72726
2023-09-26,27.76,27.98,28.04,27.56,75807
2023-09-27,27.97,27.88,27.9981,27.84,132230
2023-09-28,27.8345,27.76,27.9599,27.75,19411
2023-09-29,27.76,27.6,27.89,27.5901,56692
2023-10-02,27.51,27.43,27.5309,27.41,54965
2023-10-03,27.48,27.67,27.7999,27.47,140755
2023-10-04,27.7,27.63,27.7335,27.63,73540
2023-10-05,27.74,27.6,27.7759,27.59,23926
2023-10-06,27.65,27.64,27.66,27.5301,11507
2023-10-09,27.5125,27.62,27.6999,27.5125,63560
2023-10-10,27.58,27.56,27.65,27.54,26460
2023-10-11,27.64,27.49,27.64,27.48,26659
2023-10-12,27.52,27.42,27.6,27.4,292128
2023-10-13,27.67,27.64,27.74,27.521,37021
2023-10-16,27.7,27.6,27.78,27.6,31282
2023-10-17,27.53,27.619,27.74,27.5101,64426
2023-10-18,27.55,27.72,27.74,27.54,79745
2023-10-19,27.66,27.83,27.83,27.59,97719
2023-10-20,27.92,28.09,28.16,27.82,241420
2023-10-23,28.11,27.865,28.2,27.6307,59106
2023-10-24,27.85,27.66,27.85,27.66,23023
2023-10-25,27.72,28.07,28.08,27.68,878921
2023-10-26,28.15,28.31,28.4627,28.05,56755
2023-10-27,28.2,28.18,28.21,27.96,21251
2023-10-30,28.0,27.79,28.05,27.7601,75174
2023-10-31,27.95,27.62,27.95,27.555,43543
2023-11-01,27.69,27.54,27.69,27.5,165047
2023-11-02,27.8,28.05,28.1,27.8,98882
2023-11-03,27.96,28.12,28.3035,27.96,121898
2023-11-06,28.06,28.06,28.12,28.05,75452
2023-11-07,27.95,27.83,27.965,27.82,210414
2023-11-08,27.84,27.78,27.94,27.77,57903
2023-11-09,27.7225,27.71,27.8579,27.68,21686
2023-11-10,27.76,27.68,27.76,27.61,41979
2023-11-13,27.62,27.63,27.7,27.54,43584
2023-11-14,27.83,27.84,27.9815,27.81,297301
2023-11-15,27.9,27.74,27.9,27.735,203705
2023-11-16,27.71,27.63,27.825,27.59,31641
2023-11-17,27.7,27.58,27.7,27.55,100748
2023-11-20,27.48,27.55,27.68,27.48,14376
2023-11-21,27.5,27.28,27.5899,27.271,35182
2023-11-22,27.53,27.54,27.61,27.46,47768
2023-11-24,27.44,27.55,27.66,27.44,7028
2023-11-27,27.58,27.42,27.58,27.41,76154
2023-11-28,27.51,27.41,27.55,27.4048,27367
2023-11-29,27.36,27.4,27.5699,27.36,39998
2023-11-30,27.54,27.54,27.61,27.47,48080
2023-12-01,27.44,27.63,27.8,27.44,54033
2023-12-04,27.702,27.63,27.75,27.6202,57806
2023-12-05,27.5565,27.44,27.65,27.44,35211
2023-12-06,27.44,27.57,27.6136,27.4307,270883
2023-12-07,27.5899,27.43,27.595,27.43,38320
2023-12-08,27.4505,27.33,27.47,27.31,34982
2023-12-11,27.27,27.39,27.5,27.27,48415
2023-12-12,27.28,27.37,27.37,27.28,24934
2023-12-13,27.35,27.61,27.73,27.35,80732
2023-12-14,27.59,27.47,27.6,27.36,250385
2023-12-15,27.39,27.43,27.43,27.28,353535
2023-12-18,27.37,27.35,27.52,27.35,56527
2023-12-19,27.4482,27.497934,27.56,27.4,58945
2023-12-20,27.3993,27.34,27.5,27.3094,82524
2023-12-21,27.4291,27.54,27.57,27.2901,76132
2023-12-22,27.56,27.46,27.62,27.451,27901
2023-12-26,27.45,27.47,27.61,27.45,34763
2023-12-27,27.4,27.46,27.5499,27.39,28578
2023-12-28,27.42,27.5,27.6,27.42,23253
2023-12-29,27.47,27.49,27.6241,27.47,39821
2024-01-02,27.47,27.63,27.78,27.47,267620
2024-01-03,27.67,27.75,27.8584,27.67,99351
2024-01-04,27.83,27.81,27.927,27.8,18321
2024-01-05,27.8,27.67,27.8,27.64,12947
2024-01-08,27.73,27.63,27.73,27.5,21279
2024-01-09,27.4503,27.48,27.48,27.39,42475
2024-01-10,27.4,27.38,27.44,27.3386,86113
2024-01-11,27.33,27.32,27.43,27.3163,43429
2024-01-12,27.415,27.4,27.4289,27.29,20610
2024-01-16,27.25,27.3,27.43,27.25,54744
2024-01-17,27.45,27.41,27.5517,27.37,35388
2024-01-18,27.35,27.38,27.38,27.2269,11461
2024-01-19,27.2989,27.38,27.38,27.21,8257
2024-01-22,27.312,27.24,27.4,27.23,49832
2024-01-23,27.24,27.25,27.4644,27.24,15701
2024-01-24,27.335,27.25,27.335,27.141,99230
2024-01-25,27.21,27.257,27.3099,27.1714,10111
2024-01-26,27.3404,27.2,27.43,27.19,22656
2024-01-29,27.17,27.1943,27.24,27.1557,15391
2024-01-30,27.24,27.294,27.3369,27.18,19103
2024-01-31,27.18,27.28,27.4099,27.18,27207
2024-02-01,27.11,27.21,27.2349,27.11,41601
2024-02-02,27.0342,27.15,27.19,26.977,53547
2024-02-05,26.875,26.75,26.92,26.75,16848
2024-02-06,26.98,26.78,26.98,26.77,18349
2024-02-07,26.91,26.83,26.9449,26.81,16107
2024-02-08,26.79,26.82,26.8799,26.77,10212
2024-02-09,26.89,26.8,26.9,26.72,8469
2024-02-12,26.8,26.87,26.87,26.8,9588
2024-02-13,27.12,27.119,27.24,27.03,355575
2024-02-14,27.03,26.84,27.03,26.8201,16009
2024-02-15,26.73,26.89,26.9794,26.73,34931
2024-02-16,27.09,27.0,27.1,26.95,45941
2024-02-20,27.16,27.14,27.36,27.14,18585
2024-02-21,27.23,27.09,27.3,27.09,14706
2024-02-22,27.18,27.02,27.18,26.89,14151
2024-02-23,26.91,27.03,27.1346,26.91,18405
2024-02-26,26.975,26.92,26.9999,26.89,8341
2024-02-27,26.88,26.9299,26.95,26.84,39162
2024-02-28,26.885,26.8399,26.9,26.7801,7224
2024-02-29,26.781,26.7632,26.8402,26.76,14599
2024-03-01,26.75,26.82,26.82,26.68,18072
2024-03-04,26.79,26.735,26.79,26.72,394949
2024-03-05,26.78,26.75,26.78,26.72,16860
2024-03-06,26.75,26.7967,26.86,26.72,35694
2024-03-07,26.805,26.74,26.84,26.67,25561
2024-03-08,26.73,26.78,26.8984,26.69,27712
2024-03-11,26.92,26.965,26.995,26.86,24644
2024-03-12,26.8,26.8324,26.835,26.75,51517
2024-03-13,26.85,26.8157,26.85,26.73,11050
2024-03-14,26.745,26.76,26.8,26.641,21925
2024-03-15,26.65,26.6544,26.77,26.65,612717
2024-03-18,26.7,26.6084,26.72,26.59,97085
2024-03-19,26.53,26.514319,26.71,26.53,25383
2024-03-20,26.5274,26.5762,26.61,26.44,28703
2024-03-21,26.5,26.4478,26.58,26.4201,24972
2024-03-22,26.445,26.2305,26.4654,26.23,29788
2024-03-25,26.18,26.1561,26.1999,26.12,6045
2024-03-26,26.12,26.19,26.19,26.1,21415
2024-03-27,26.23,26.3966,26.4189,26.23,24290
2024-03-28,26.35,26.4711,26.4899,26.35,14554
2024-04-01,26.4,26.3802,26.45,26.34,13194
2024-04-02,26.405,26.2622,26.415,26.24,25499
2024-04-03,26.33,26.1892,26.33,26.1701,41108
2024-04-04,26.36,26.32,26.36,26.1101,1086119
2024-04-05,26.24,26.1142,26.24,26.0901,325007
2024-04-08,26.0519,26.0551,26.1099,26.03,43937
2024-04-09,26.08,26.0906,26.22,26.0064,43968
2024-04-10,25.94,25.97,26.11,25.88,203760
2024-04-11,25.91,25.7,25.935,25.7,32266
2024-04-12,25.53,25.7784,25.85,25.53,88698
2024-04-15,25.706,26.0,26.09,25.67,51647
2024-04-16,25.95,26.05,26.16,25.92,62097
2024-04-17,25.975,26.05,26.19,25.975,35590
2024-04-18,26.14,26.2413,26.2413,26.11,6522
2024-04-19,26.35,26.4637,26.52,26.35,5450
2024-04-22,26.52,26.4432,26.62,26.4,26729
2024-04-23,26.54,26.3828,26.54,26.3013,25001
2024-04-24,26.16,26.33,26.33,26.14,54933
2024-04-25,26.21,26.42,26.75,26.21,8774
2024-04-26,26.28,26.14,26.42,26.07,47425
2024-04-29,26.06,26.12,26.1949,26.02,628093
2024-04-30,26.06,26.24,26.24,26.01,41485
2024-05-01,26.08,26.02,26.19,25.82,59461
2024-05-02,25.96,25.82,26.04,25.8,26916
2024-05-03,25.84,25.8162,25.86,25.68,14053
2024-05-06,25.75,25.72,25.79,25.63,35693
2024-05-07,25.73,25.84,25.94,25.73,14387
2024-05-08,25.81,25.8406,25.9,25.7611,18006
2024-05-09,25.939,25.95,26.04,25.84,13685
2024-05-10,26.11,25.98,26.11,25.96,35628
2024-05-13,26.11,25.99,26.13,25.99,190926
2024-05-14,26.08,25.98,26.08,25.95,2491
2024-05-15,26.27,26.1,26.27,26.05,29249
2024-05-16,26.19,26.19,26.3,26.19,6697
2024-05-17,26.08,26.21,26.26,26.08,13720
2024-05-20,26.43,26.0539,26.43,26.04,35170
2024-05-21,25.99,26.07,26.1344,25.99,10969
2024-05-22,26.12,26.11,26.24,26.0919,37590
2024-05-23,26.01,25.85,26.1,25.85,10659
2024-05-24,25.8,25.77,25.85,25.77,18161
2024-05-28,25.69,25.52,25.71,25.52,14271
2024-05-29,25.52,25.3257,25.52,25.29,80942
2024-05-30,25.6182,25.58,25.6182,25.47,13883
2024-05-31,25.68,25.83,26.0,25.64,6777
2024-06-03,25.9,25.82,25.9,25.59,12919
2024-06-04,25.72,25.58,25.8,25.58,13195
2024-06-05,25.78,25.5478,25.78,25.47,5616
2024-06-06,25.51,25.45,25.61,25.4,11880
2024-06-07,25.33,25.4698,25.585,25.33,2518
2024-06-10,25.29,25.37,25.42,25.23,25610
2024-06-11,25.11,25.2555,25.2692,25.09,17483
2024-06-12,25.23,25.1598,25.2478,25.11,48688
2024-06-13,24.922,25.09,25.09,24.922,350947
2024-06-14,25.1,24.95,25.1,24.87,16035
2024-06-17,24.93,25.05,25.0999,24.85,18765
2024-06-18,24.96,24.913,25.1,24.94,19819
2024-06-20,25.21,25.11,25.22,25.08,36126
2024-06-21,25.36,25.31,25.37,25.15,12620
2024-06-24,25.31,25.3754,25.45,25.3003,30590
2024-06-25,25.3,25.1847,25.37,25.18,71360
2024-06-26,25.1,25.025,25.17,24.9801,41081
2024-06-27,24.98,24.9543,25.07,24.89,9437
2024-06-28,24.93,24.9205,25.12,24.8501,7440
2024-07-01,25.17,24.7165,25.17,24.6955,32400
2024-07-02,24.8,24.85,24.87,24.712,124481
2024-07-03,24.92,24.8038,24.99,24.72,11268
2024-07-05,25.07,24.8032,25.07,24.74,21361
2024-07-08,24.81,24.7923,25.0099,24.715,44043
2024-07-09,24.84,24.7921,24.94,24.69,9732
2024-07-10,24.89,24.905,24.9499,24.76,20059
2024-07-11,25.1522,25.1067,25.18,25.05,41169
2024-07-12,25.36,25.2611,25.4099,25.2151,13162
2024-07-15,25.25,25.3201,25.4399,25.16,5768
2024-07-16,25.27,25.66,25.67,25.27,32017
2024-07-17,25.81,25.8372,25.9,25.78,14476
2024-07-18,25.97,25.77,25.97,25.77,4427
2024-07-19,25.81,25.7878,25.87,25.72,3322
2024-07-22,25.8,25.81,25.81,25.68,103089
2024-07-23,25.59,25.6028,25.69,25.53,51925
2024-07-24,25.95,26.0855,26.0855,25.95,15525
2024-07-25,26.26,26.1101,26.26,25.99,21192
2024-07-26,26.19,26.1169,26.21,26.08,6397
2024-07-29,26.16,26.1566,26.19,26.0301,122973
2024-07-30,25.92,26.3001,26.43,25.92,189046
2024-07-31,26.47,26.4358,26.58,26.4358,267123
2024-08-01,26.53,26.6601,26.79,26.33,27071
2024-08-02,26.88,27.189,27.46,26.88,42514
2024-08-05,27.0,27.18,27.419,27.0,43318
2024-08-06,27.0,27.1718,27.36,27.0,266798
2024-08-07,27.21,27.1499,27.22,27.02,102022
2024-08-08,27.34,27.1469,27.3497,27.1359,11434
2024-08-09,27.0,27.0591,27.12,26.9601,29772
2024-08-12,26.92,26.88,27.0474,26.88,56437
2024-08-13,26.99,27.11,27.11,26.9704,53934
2024-08-14,27.19,27.0035,27.19,26.95,14555
2024-08-15,27.047,27.08,27.08,27.02,5073
2024-08-16,27.0492,27.0799,27.1499,27.03,9321
2024-08-19,27.02,27.1375,27.18,27.02,54417
2024-08-20,27.1218,27.1543,27.205,27.1218,4298
2024-08-21,27.27,27.2196,27.27,27.16,56415
2024-08-22,27.18,27.28,27.28,27.18,9775
2024-08-23,27.26,27.2969,27.32,27.1511,6873
2024-08-26,27.34,27.37,27.39,27.27,6970
2024-08-27,27.4,27.3532,27.4,27.26,4178
2024-08-28,27.46,27.33,27.46,27.29,9441
2024-08-29,27.33,27.2871,27.3499,27.26,4871
2024-08-30,27.2311,27.3233,27.34,27.23,72678
2024-09-03,27.41,26.64,27.56,26.64,8030
2024-09-04,27.31,27.61,27.7295,27.31,15352
2024-09-05,27.62,27.494,27.62,27.4504,3890
2024-09-06,27.65,27.77,27.8099,27.65,5661
2024-09-09,27.63,27.8,27.87,27.63,11894
2024-09-10,27.6701,27.6456,27.6701,27.6201,7320
2024-09-11,27.73,27.43,27.73,27.43,43712
2024-09-12,27.3377,27.43,27.5287,27.3311,12432
2024-09-13,27.3,27.4984,27.547704,27.3,6885
2024-09-16,27.62,27.5628,27.62,27.53,20990
2024-09-17,27.5526,27.3932,27.5699,27.43,8661
2024-09-18,27.32,27.3201,27.46,27.3,12994
2024-09-19,27.305,27.3526,27.43,27.3,8389
2024-09-20,27.13,27.25,27.27,27.13,16126
2024-09-23,27.25,27.32,27.345,27.25,10760
2024-09-24,27.29,27.26,27.38,27.2209,5194
2024-09-25,27.17,27.1,27.2199,27.1,7041
2024-09-26,27.2,27.24,27.29,27.19,4661
2024-09-27,27.4,27.3374,27.42,27.3374,2456
2024-09-30,27.355,27.3627,27.44,27.31,6067
2024-10-01,27.56,27.66,27.66,27.54,5131
2024-10-02,27.57,27.5132,27.57,27.45,14310
2024-10-03,27.36,27.4,27.4799,27.36,5499
2024-10-04,27.39,27.3,27.39,27.28,4016
2024-10-07,27.33,27.16,27.33,27.16,9261
2024-10-08,27.07,27.06,27.15,27.0301,14401
2024-10-09,26.91,27.15,27.2,26.91,8545
2024-10-10,27.17,27.04,27.17,27.04,2893
2024-10-11,27.2,27.23,27.2619,27.2,2298
2024-10-14,27.27,27.35,27.4,27.2401,10867
2024-10-15,27.4,27.28,27.4082,27.28,56690
2024-10-16,27.44,27.48,27.48,27.3601,8355
2024-10-17,27.38,27.405,27.46,27.3455,8593
2024-10-18,27.385,27.51,27.51,27.385,2522
2024-10-21,27.16,27.24,27.35,27.16,17020
2024-10-22,27.0899,27.07,27.1399,27.07,16078
2024-10-23,26.93,27.18,27.23,26.93,4908
2024-10-24,27.035,26.93,27.07,26.93,12056
2024-10-25,26.93,26.75,26.949,26.75,4834
2024-10-28,26.78,26.81,26.8499,26.7509,6826
2024-10-29,26.68,26.7442,26.8699,26.68,11854
2024-10-30,26.7053,26.5323,26.7053,26.52,9425
2024-10-31,26.24,26.58,26.69,26.24,42888
2024-11-01,26.485,26.4306,26.5581,26.4101,206706
2024-11-04,26.27,26.4595,26.5219,26.27,56548
2024-11-05,26.3501,26.36,26.41,26.35,3925
2024-11-06,26.72,26.5,26.72,26.41,7884
2024-11-07,26.45,26.4229,26.55,26.42,12781
2024-11-08,26.46,26.5702,26.585,26.46,967
2024-11-11,26.659098,26.5809,26.6987,26.56,172483
2024-11-12,26.491,26.3536,26.5996,26.34,13325
2024-11-13,26.4526,26.4212,26.4526,26.3512,6343
2024-11-14,26.33,26.4177,26.4425,26.33,1760
2024-11-15,26.5292,26.5997,26.72,26.52,7659
2024-11-18,26.43,26.5335,26.62,26.43,26175
2024-11-19,26.41,26.3639,26.4999,26.35,2102
2024-11-20,26.49,26.4439,26.5353,26.41,4648
2024-11-21,26.36,26.4701,26.5499,26.36,9373
2024-11-22,26.66,26.647,26.67,26.62,2344
2024-11-25,26.74,26.7666,26.8,26.7013,22085
2024-11-26,26.65,26.691,26.74,26.65,9813
2024-11-27,26.7,26.8183,26.86,26.7,11809
2024-11-29,26.76,26.8494,26.8881,26.76,8009
2024-12-02,26.625,26.69,26.69,26.625,1873
2024-12-03,26.61,26.5357,26.63,26.51,8264
2024-12-04,26.43,26.3633,26.48,26.33,13641
2024-12-05,26.2013,26.2703,26.28,26.2013,4383
2024-12-06,26.26,26.0961,26.26,26.0701,6649
2024-12-09,26.115,26.0992,26.18,26.0981,2733
2024-12-10,25.9744,26.1483,26.18,25.9744,12615
2024-12-11,25.88,25.9203,26.0322,25.88,18306
2024-12-12,26.02,25.9603,26.02,25.911,12662
2024-12-13,25.95,25.8866,25.95,25.85,1827
2024-12-16,25.74,25.66,25.85,25.66,4366
2024-12-17,25.47,25.6,25.83,25.47,48938
2024-12-18,25.41,25.8197,25.97,25.41,9137
2024-12-19,25.66,25.61,25.905,25.61,26543
2024-12-20,25.59,25.595,25.62,25.53,3737
2024-12-23,25.62,25.5954,25.64,25.5101,14608
2024-12-24,25.53,25.5308,25.5667,25.48,5849
2024-12-26,25.5,25.4756,25.5348,25.4275,7281
2024-12-27,25.26,25.5581,25.6888,25.26,22179
2024-12-30,25.42,25.5168,25.6076,25.42,24098
2024-12-31,25.54,25.6252,25.6252,25.521,10645
2025-01-02,25.66,25.5367,25.66,25.52,8104
2025-01-03,25.37,25.3355,25.48,25.3301,8729
2025-01-06,25.22,25.1224,25.22,25.1,64018
2025-01-07,25.22,25.3923,25.4309,25.22,11141
2025-01-08,25.28,25.2844,25.37,25.27,763213
2025-01-10,25.14,25.33,25.35,25.0737,42906
2025-01-13,25.38,25.3336,25.53,25.31,12967
2025-01-14,25.23,25.43,25.46,25.23,5858
2025-01-15,25.63,25.59,25.63,25.33,14990
2025-01-16,25.43,25.6447,25.6779,25.43,4166
2025-01-17,25.52,25.5804,25.699,25.52,22485
2025-01-21,25.48,25.54,25.645,25.48,3664
2025-01-22,25.32,25.2878,25.3319,25.2401,1453
2025-01-23,25.24,25.2858,25.4,25.2201,11749
2025-01-24,25.29,25.3684,25.42,25.2601,293868
2025-01-27,25.82,26.1076,26.21,25.729,59825
2025-01-28,25.8952,25.75,26.01,25.63,48256
2025-01-29,25.75,25.7699,25.9999,25.75,27030
2025-01-30,25.73,25.8273,25.9687,25.73,17529
2025-01-31,25.715,25.8221,25.9699,25.59,7843
2025-02-03,25.95,26.09,26.33,25.55,30128
2025-02-04,26.15,26.0072,26.185,25.11,21338
2025-02-05,25.75,25.9352,25.96,25.75,6918
2025-02-06,25.88,25.81,25.8841,25.7711,6546
2025-02-07,25.74,25.7729,26.31,25.62,12018
2025-02-10,25.69,25.6826,25.72,25.6204,10378
2025-02-11,25.6547,25.7761,25.7761,25.6547,11165
2025-02-12,25.59,25.7046,25.805,25.59,9929
2025-02-13,25.99,25.7794,25.99,25.6411,13065
2025-02-14,25.9,25.5202,25.9,25.5202,3464
2025-02-18,25.48,25.59,25.59,25.48,18989
2025-02-19,25.6475,25.6632,25.698,25.57,1828
2025-02-20,25.6491,25.64,25.69,25.5501,4391
2025-02-21,25.495,25.7578,25.7882,25.495,7958
2025-02-24,25.82,25.8927,25.93,25.788,2150
2025-02-25,25.87,26.1196,26.23,25.87,7319
2025-02-26,25.9205,25.93,25.99,25.81,9754
2025-02-27,25.69,26.2956,26.2956,25.69,8177
2025-02-28,26.25,26.43,26.43,26.25,6636
2025-03-03,26.62,26.75,26.75,26.44,1806
2025-03-04,26.88,26.72,26.94,26.68,65812
2025-03-05,26.75,26.6484,26.81,26.6459,38426
2025-03-06,26.651,27.0442,27.136,26.651,70029
2025-03-07,27.0,27.0464,27.1395,26.975,78674
2025-03-10,27.32,27.5354,27.6944,27.32,14426
2025-03-11,27.0732,27.0081,27.1158,26.96,6665
2025-03-12,26.69,26.53,26.7,26.53,49297
2025-03-13,26.6412,26.5196,26.6412,26.39,10181
2025-03-14,26.44,26.7964,26.7964,26.39,15161
2025-03-17,26.81,26.91,26.955,26.7,4431
2025-03-18,26.9437,26.7281,26.9437,26.79,4409
2025-03-19,26.5984,26.53,26.5984,26.3056,1933
2025-03-20,26.36,26.48,26.54,26.36,8911
2025-03-21,26.379,26.26,26.379,26.24,2015
2025-03-24,26.6,26.47,26.6,26.3,3372
2025-03-25,26.3199,26.1899,26.3199,26.16,2841
2025-03-26,26.36,26.4384,26.455,26.36,1422
2025-03-27,26.39,26.37,26.45,26.3,5605
2025-03-28,26.5806,26.81,26.81,26.5806,2053
2025-03-31,26.8,26.7442,26.85,26.73,44982
2025-04-01,26.81,26.6552,26.81,26.581,6185
2025-04-02,26.61,26.713,26.713,26.61,7537
2025-04-03,26.89,27.1522,27.22,26.89,18905
2025-04-04,27.429,27.2658,27.44,27.115,23579
2025-04-07,27.03,26.4972,27.12,26.05,285097
2025-04-08,27.01,26.4178,27.22,26.25,34034
2025-04-09,26.7695,28.1304,28.1304,26.62,21043
2025-04-10,28.0145,27.48,28.0145,27.33,35925
2025-04-11,27.5,27.8409,27.86,27.5,19547
