2022-02-15,25.035,24.995,25.1,24.995,503
2022-02-16,25.19,25.1371,25.19,25.1371,144761
2022-02-17,25.27,25.0891,25.27,25.06,146776
2022-02-18,25.0801,25.1575,25.21,25.07,3122
2022-02-22,25.21,25.0896,25.21,25.04,1997
2022-02-23,25.06,25.0002,25.16,25.0002,1316
2022-02-24,25.22,25.1389,25.22,25.06,1439
2022-02-25,25.13,25.28,25.3,25.13,152001
2022-02-28,25.1877,25.2359,25.29,25.1877,150339
2022-03-01,25.34,25.2557,25.34,25.2557,172767
2022-03-02,25.33,25.285,25.33,25.285,318
2022-03-03,25.4,25.2557,25.4,25.2557,141450
2022-03-04,25.16,25.2053,25.23,25.16,1126
2022-03-07,25.08,25.0405,25.15,25.0405,12802
2022-03-08,25.01,24.788,25.01,24.73,5763
2022-03-09,24.8,24.87,24.885,24.8,595
2022-03-10,24.66,24.65,24.69,24.625,6818
2022-03-11,24.5971,24.5382,24.615,24.5382,3658
2022-03-14,24.56,24.4144,24.57,24.4144,3688
2022-03-15,24.57,24.54,24.57,24.45,5705
2022-03-16,24.71,24.6771,24.85,24.4784,44151
2022-03-17,24.68,24.7826,24.7826,24.68,2457
2022-03-18,24.73,24.8,24.86,24.73,3711
2022-03-21,24.88,24.67,24.89,24.61,1660
2022-03-22,24.6,24.65,24.67,24.57,1615
2022-03-23,24.56,24.5349,24.62,24.5349,550
2022-03-24,24.5,24.5201,24.5201,24.47,1393
2022-03-25,24.47,24.2369,24.47,24.3,7799
2022-03-28,24.32,24.39,24.39,24.32,543
2022-03-29,24.54,24.82,24.82,24.54,3718
2022-03-30,24.7,24.76,24.76,24.69,8473
2022-03-31,24.7074,24.6319,24.7074,24.6319,535
2022-04-01,24.62,24.62,24.62,24.62,287
2022-04-04,24.7,24.7486,24.77,24.6602,3970
2022-04-05,24.67,24.59,24.67,24.59,286
2022-04-06,24.54,24.52,24.54,24.52,456
2022-04-07,24.555,24.4774,24.555,24.4774,142
2022-04-08,24.3091,24.3091,24.3091,24.3091,27
2022-04-11,24.22,24.1465,24.22,24.1465,852
2022-04-12,24.2018,24.2018,24.2018,24.2018,114
2022-04-13,24.27,24.3,24.3,24.25,2204
2022-04-14,24.31,24.0677,24.31,24.0677,5000
2022-04-18,24.05,24.0255,24.05,24.02,3143
2022-04-19,24.04,24.06,24.06,24.03,4531
2022-04-20,24.1,24.1661,24.1661,24.1,183
2022-04-21,24.0241,24.0306,24.0306,24.0,1850
2022-04-22,24.0,23.8744,24.0,23.87,4252
2022-04-25,23.87,24.00118,24.1,23.81,6646
2022-04-26,23.91,23.9,23.92,23.8844,2725
2022-04-27,24.58,23.7405,24.58,23.71,27702
2022-04-28,23.93,23.96,23.96,23.93,522
2022-04-29,23.62,23.58,23.63,23.55,4653
2022-05-02,23.97,23.4102,23.97,23.4102,2632
2022-05-03,23.4416,23.4651,23.51,23.4416,13709
2022-05-04,23.52,23.7744,23.84,23.52,908
2022-05-05,23.37,23.43,23.43,23.37,2679
2022-05-06,23.26,23.33,23.33,23.225,2302
2022-05-09,23.1787,23.26,23.28,23.1787,35005
2022-05-10,23.2363,23.2363,23.2363,23.2363,66
2022-05-11,23.27,23.27,23.27,23.27,212
2022-05-12,23.17,23.0826,23.17,23.03,25547
2022-05-13,23.02,23.0804,23.13,23.02,26800
2022-05-16,23.1,23.0425,23.1,23.0425,366
2022-05-17,22.95,22.9079,22.97,22.9079,7828
2022-05-18,22.81,22.86,23.24,22.81,43918
2022-05-19,22.84,22.9248,22.93,22.7832,658
2022-05-20,22.92,22.99,22.99,22.91,80948
2022-05-23,23.05,23.06,23.06,23.03,3736
2022-05-24,23.1,23.22697,23.33,23.0857,14615
2022-05-25,23.32,23.46,23.46,23.21,39324
2022-05-26,23.59,23.6554,23.6921,23.5321,13193
2022-05-27,23.74,23.8113,23.86,23.69,5506
2022-05-31,23.64,23.69,23.7,23.5704,30348
2022-06-01,23.62,23.5094,23.63,23.5094,8383
2022-06-02,23.52,23.71,23.71,23.52,12263
2022-06-03,23.52,23.4,23.52,23.4,133441
2022-06-06,23.54,23.36,23.54,23.34,9997
2022-06-07,23.2712,23.4545,23.675,23.2712,4532
2022-06-08,23.25,23.1431,23.25,23.13,17968
2022-06-09,23.39,22.9943,23.39,22.98,6687
2022-06-10,22.78,22.55,22.78,22.55,21572
2022-06-13,22.1,22.0466,22.24,21.94,14096
2022-06-14,22.11,22.05,22.11,22.05,4113
2022-06-15,22.29,22.4555,22.515,22.29,99668
2022-06-16,22.29,22.36,22.36,22.24,18448
2022-06-17,22.35,22.32,22.35,22.23,1151
2022-06-21,22.35,22.13,22.38,22.13,41673
2022-06-22,22.19,22.3017,22.33,22.17,3515
2022-06-23,22.47,22.66,22.66,22.44,19964
2022-06-24,22.62,22.55386,22.65,22.57,8837
2022-06-27,22.46,22.41,22.46,22.39,5073
2022-06-28,22.2,22.16,22.25,22.15,4245
2022-06-29,22.16,22.22,22.22,22.1,6420
2022-06-30,22.1984,22.2534,22.31,22.1984,3573
2022-07-01,22.43,22.51,22.51,22.43,3680
2022-07-05,21.39,22.3602,22.41,21.39,3618
2022-07-06,22.46,22.45,22.46,22.31,1926
2022-07-07,22.5612,22.56,22.7,22.5275,29666
2022-07-08,22.5101,22.6762,22.7,22.51,4507
2022-07-11,22.51,22.78,22.81,22.51,2277
2022-07-12,22.68,22.71,22.71,22.645,13455
2022-07-13,22.59,22.57,22.59,22.51,1629
2022-07-14,22.3712,22.68,22.68,22.34,6176
2022-07-15,22.89,23.07,23.07,22.89,2642
2022-07-18,23.1,22.5624,23.1,22.5624,2092
2022-07-19,22.8235,22.8235,22.8235,22.8235,250
2022-07-20,22.96,22.94,22.96,22.94,1564
2022-07-21,22.96,23.1986,23.1986,22.96,2305
2022-07-22,23.37,23.16,23.38,23.16,15589
2022-07-25,23.47,23.19953,25.69,23.2199,3991
2022-07-26,23.05,23.0064,23.11,22.97,8368
2022-07-27,23.1114,23.15,23.26,23.1114,5990
2022-07-28,23.445,23.42,23.5,23.42,82847
2022-07-29,23.565,23.65,23.65,23.55,46045
2022-08-01,23.65,23.55,23.65,23.55,1135
2022-08-02,23.59,23.3773,23.59,23.3773,2308
2022-08-03,23.36,23.57,23.57,23.36,5088
2022-08-04,23.56,23.5802,23.6,23.53,3684
2022-08-05,23.38,23.47,23.47,23.29,1991
2022-08-08,23.4488,23.28,23.49,23.28,18251
2022-08-09,23.32,23.24,23.38,23.24,29635
2022-08-10,23.5,23.6,23.6,23.46,4467
2022-08-11,23.61,23.44,23.61,23.37,9724
2022-08-12,23.48,23.5752,23.63,23.48,17369
2022-08-15,23.65,23.51,23.65,23.51,6370
2022-08-16,21.92,23.4254,23.466,21.92,4441
2022-08-17,23.3053,23.3478,23.41,23.26,24349
2022-08-18,23.33,23.37,23.37,23.325,441
2022-08-19,23.1,23.04,23.16,23.04,6656
2022-08-22,22.96,22.9435,22.97,22.9435,3457
2022-08-23,22.8863,22.861,22.94,22.861,3548
2022-08-24,22.92,22.8628,22.92,22.8628,368
2022-08-25,22.94,22.83,22.96,22.93,2831
2022-08-26,22.6889,22.5,22.6889,22.5,6942
2022-08-29,22.45,22.488,22.488,22.44,1230
2022-08-30,22.4132,22.38,22.51,22.37,2511
2022-08-31,22.35,22.2792,22.45,22.23,11650
2022-09-01,22.33,22.46,22.46,22.3,32269
2022-09-02,22.63,22.3607,22.63,22.3607,6766
2022-09-06,22.37,22.3788,22.43,22.37,5096
2022-09-07,22.58,22.67,22.67,22.5596,6295
2022-09-08,22.71,22.7095,22.73,22.7095,398
2022-09-09,22.73,22.7446,22.76,22.65,1555
2022-09-12,22.97,22.6929,22.97,22.66,1333
2022-09-13,22.38,22.4263,22.4263,22.32,759
2022-09-14,22.52,22.3771,22.59,22.29,123243
2022-09-15,22.19,22.1926,22.29,22.13,2173
2022-09-16,22.305,22.23,22.38,22.23,4919
2022-09-19,22.33,22.24,22.33,22.24,5434
2022-09-20,22.215,22.07,22.215,22.07,9491
2022-09-21,22.29,22.33,22.33,22.27,1124
2022-09-22,22.06,22.1134,22.1134,22.06,228
2022-09-23,22.1569,22.0,22.2199,22.0,13217
2022-09-26,21.98,21.76,21.98,21.86,3666
2022-09-27,21.8,21.777,21.8313,21.71,7285
2022-09-28,21.85,21.9315,21.9315,21.85,858
2022-09-29,21.93,21.99,21.99,21.83,16763
2022-09-30,21.8841,21.8841,21.8841,21.8841,66
2022-10-03,22.0,21.99,22.02,21.8797,2876
2022-10-04,22.04,22.1316,22.17,22.01,6958
2022-10-05,22.0,22.13,22.14,21.92,15202
2022-10-06,22.28,21.9368,22.31,21.9368,1792
2022-10-07,21.96,21.7364,21.97,21.68,1474
2022-10-10,21.52,21.5148,21.52,21.5148,1173
2022-10-11,21.642,21.5938,21.69,21.53,2254
2022-10-12,21.65,21.5635,21.66,21.5635,466
2022-10-13,21.41,21.41,21.64,21.4,4399
2022-10-14,21.57,21.48,21.57,21.46,5368
2022-10-17,21.6551,21.655,21.73,21.6106,10585
2022-10-18,21.791,21.8452,21.86,21.791,21193
2022-10-19,21.59,21.5838,21.59,21.52,17935
2022-10-20,22.66,21.3637,22.66,21.27,4244
2022-10-21,21.48,21.5582,21.65,21.48,5655
2022-10-24,21.6666,21.6095,21.694,21.59,14738
2022-10-25,21.97,21.6966,21.97,21.7206,2339
2022-10-26,21.71,21.65,21.8,21.65,14386
2022-10-27,21.7306,21.9615,21.9615,21.65,2389
2022-10-28,22.2244,22.1977,22.2499,22.13,776
2022-10-31,21.95,21.8635,21.97,21.8635,1530
2022-11-01,21.8913,21.9098,21.98,21.82,5284
2022-11-02,21.79,21.64,21.98,21.64,39828
2022-11-03,21.545,21.5894,21.676,21.47,2571
2022-11-04,21.69,21.6986,21.75,21.54,47335
2022-11-07,21.62,21.89,21.89,21.62,44123
2022-11-08,21.83,21.74,21.83,21.61,10642
2022-11-09,21.675,21.531,21.7599,21.531,4799
2022-11-10,22.1699,22.1,22.1699,22.0301,7976
2022-11-11,22.06,22.123,22.22,22.05,672
2022-11-14,21.98,21.8948,22.05,21.88,3114
2022-11-15,22.21,22.17,22.22,22.16,19086
2022-11-16,24.37,22.2575,24.37,22.14,12562
2022-11-17,22.01,22.01,22.06,22.01,48073
2022-11-18,22.21,22.24,22.24,22.19,11983
2022-11-21,22.254,22.18,22.254,22.17,1958
2022-11-22,22.33,22.3852,22.3852,22.33,45845
2022-11-23,22.48,22.382,22.49,22.44,7516
2022-11-25,22.3221,22.3221,22.3221,22.3221,111
2022-11-28,22.196,22.07,22.196,22.07,4786
2022-11-29,22.19,22.1,22.19,22.1,1662
2022-11-30,22.15,22.5157,22.5157,22.15,3146
2022-12-01,22.62,22.64,22.66,22.56,11389
2022-12-02,22.56,22.579,22.58,22.53,6146
2022-12-05,22.5022,22.43,22.5022,22.4,10307
2022-12-06,22.35,22.31,22.36,22.31,17962
2022-12-07,22.49,22.48,22.57,22.48,5734
2022-12-08,22.56,22.6158,22.62,22.54,2812
2022-12-09,22.6101,22.6009,22.6289,22.56,1750
2022-12-12,22.61,22.61,22.61,22.61,227
2022-12-13,22.84,22.79,22.84,22.77,35414
2022-12-14,22.92,22.774,22.92,22.774,2873
2022-12-15,23.77,22.6959,23.77,22.5,3379
2022-12-16,22.57,22.47,22.57,22.47,1123
2022-12-19,22.4755,22.4534,22.4755,22.42,1548
2022-12-20,22.41,22.3669,22.42,22.36,2663
2022-12-21,22.5,22.51,22.51,22.5,7681
2022-12-22,22.47,22.3873,22.4772,22.36,4968
2022-12-23,22.44,21.68535,22.49,22.44,2365
2022-12-27,21.54,21.48,21.54,21.27,17873
2022-12-28,20.51,21.2035,21.4599,20.51,8234
2022-12-29,21.32,21.4633,21.4633,21.32,1935
2022-12-30,21.38,21.38,21.395,21.38,3461
2023-01-03,21.5,21.4717,21.5,21.425,1653
2023-01-04,21.61,21.6216,21.64,21.5,1605
2023-01-05,21.5067,21.44,21.5067,21.44,508
2023-01-06,21.7001,21.8247,21.873,21.7001,733
2023-01-09,21.83,21.78,21.89,21.78,11428
2023-01-10,20.52,21.7555,21.7555,20.52,350
2023-01-11,21.94,21.9137,21.94,21.9137,1324
2023-01-12,21.915,22.0,22.0,21.915,991
2023-01-13,21.9799,21.9,21.98,21.9,8526
2023-01-17,23.29,21.93,23.29,21.92,2071
2023-01-18,21.995,21.867,22.0399,21.867,2048
2023-01-19,21.7715,21.7472,21.7715,21.7472,302
2023-01-20,21.66,21.79,21.79,21.66,2953
2023-01-23,21.74,21.6977,21.74,21.68,393
2023-01-24,21.79,21.7622,21.79,21.7622,846
2023-01-25,21.76,21.642,21.76,21.742,1496
2023-01-26,21.6719,21.6528,21.7,21.6528,1669
2023-01-27,21.61,21.5405,21.61,21.53,1338
2023-01-30,21.49,21.4848,21.53,21.4848,6298
2023-01-31,21.4,21.61,21.61,21.4,800
2023-02-01,21.6,21.8566,21.86,21.6,9252
2023-02-02,21.952,21.9,21.96,21.89,5709
2023-02-03,21.75,21.6951,21.75,21.6951,3047
2023-02-06,21.66,21.6184,21.66,21.6184,1380
2023-02-07,21.63,21.71,21.71,21.5503,1025
2023-02-08,21.66,21.6261,21.68,21.6261,692
2023-02-09,21.5,21.48,21.56,21.48,9545
2023-02-10,21.48,21.44,21.48,21.42,4042
2023-02-13,21.455,21.52,21.52,21.43,92812
2023-02-14,21.3,21.32,21.365,21.3,7277
2023-02-15,21.27,21.24,21.33,21.24,5579
2023-02-16,21.22,21.1432,21.22,21.13,2446
2023-02-17,21.16,21.2964,21.2964,21.15,4599
2023-02-21,21.05,20.9858,21.05,20.9764,966
2023-02-22,21.0916,20.9916,21.0916,21.0916,36
2023-02-23,21.0882,21.16,21.16,21.0882,383
2023-02-24,21.29,21.0753,21.29,21.05,6694
2023-02-27,21.18,21.23,21.23,21.18,376
2023-02-28,21.1706,21.1706,21.1706,21.1706,28
2023-03-01,21.08,21.03,21.085,21.03,2198
2023-03-02,21.0899,21.1219,21.1219,21.049,1250
2023-03-03,21.1802,21.3107,21.3107,21.13,1131
2023-03-06,21.39,21.3804,21.4099,21.32,8547
2023-03-07,21.2207,21.2207,21.2207,21.2207,4
2023-03-08,21.22,21.1225,21.22,21.1225,3535
2023-03-09,21.2599,21.1019,21.26,21.1019,5101
2023-03-10,21.22,21.1453,21.22,21.1453,865
2023-03-13,21.1838,21.23,21.27,21.16,4022
2023-03-14,21.37,21.348,21.37,21.3,4757
2023-03-15,21.285,21.3,21.3,21.26,1730
2023-03-16,21.39,21.56,21.56,21.34,19295
2023-03-17,21.53,21.4079,21.53,21.39,2797
2023-03-20,21.41,21.4177,21.42,21.41,478
2023-03-21,21.46,21.6,21.74,21.44,23926
2023-03-22,21.52,21.5818,21.64,21.49,5534
2023-03-23,21.63,21.5241,21.63,21.5241,393
2023-03-24,21.61,21.4554,21.61,21.53,825
2023-03-27,21.53,21.3974,21.5308,21.3974,1446
2023-03-28,21.3344,21.3466,21.3466,21.3344,209
2023-03-29,21.59,21.5858,21.62,21.58,5487
2023-03-30,21.7106,21.7106,21.7106,21.7106,19
2023-03-31,21.875,21.9308,21.9308,21.82,2187
2023-04-03,23.82,21.9338,23.82,21.9,4487
2023-04-04,21.91,21.8,21.972,21.8,1508
2023-04-05,21.835,21.8031,21.835,21.8031,8473
2023-04-06,21.85,22.01,22.01,21.85,2192
2023-04-10,21.8499,21.8294,21.86,21.8294,2335
2023-04-11,21.7959,21.8672,21.91,21.7959,1449
2023-04-12,23.99,21.86,23.99,21.86,2630
2023-04-13,21.2,22.1068,22.15,21.2,56386
2023-04-14,22.045,22.0581,22.09,22.045,2142
2023-04-17,23.16,21.9891,23.16,21.96,2327
2023-04-18,22.0171,22.0306,22.0306,22.0171,168
2023-04-19,21.98,21.9681,21.98,21.9681,5393
2023-04-20,21.97,21.9798,21.99,21.97,14931
2023-04-21,22.02,22.0154,22.07,22.01,4077
2023-04-24,22.09,22.07,22.17,22.09,1122
2023-04-25,22.07,22.0444,22.07,22.0444,1607
2023-04-26,22.0,21.9586,22.0,21.91,98528
2023-04-27,21.89,21.9748,22.01,21.89,9045
2023-04-28,22.09,22.0473,22.1,22.04,24953
2023-05-01,22.33,21.9624,22.33,21.95,23533
2023-05-02,21.9804,22.19,22.23,21.9804,16276
2023-05-03,22.09,22.09,22.13,22.0598,10531
2023-05-04,21.84,22.1355,22.15,21.84,14549
2023-05-05,22.145,22.1825,22.2,22.145,4848
2023-05-08,24.3,22.09,24.3,22.04,16187
2023-05-09,22.08,22.0156,22.1,22.0,7881
2023-05-10,22.1,22.23,22.23,22.08,6192
2023-05-11,22.2,22.1655,22.2,22.1655,3113
2023-05-12,22.1659,22.2,22.21,22.1659,2921
2023-05-15,22.11,22.0504,22.11,22.02,21561
2023-05-16,22.02,21.963,22.02,21.95,8327
2023-05-17,21.96,21.9265,21.96,21.9265,1423
2023-05-18,21.8,21.88,21.92,21.41,4023
2023-05-19,22.1,22.011,22.1,21.998,2160
2023-05-22,22.0201,22.08,22.08,22.02,7621
2023-05-23,21.9399,21.92,21.9399,21.908,4145
2023-05-24,21.85,21.7,21.85,21.8,9422
2023-05-25,21.75,21.74,21.76,21.67,5084
2023-05-26,21.7,21.8019,21.85,21.7,2174
2023-05-30,21.8699,21.8876,21.89,21.8443,7692
2023-05-31,21.84,21.8557,21.8557,21.805,538
2023-06-01,21.92,21.9736,21.99,21.9199,49205
2023-06-02,22.0205,22.0181,22.06,22.0,9642
2023-06-05,22.01,22.0181,22.01,21.966,26039
2023-06-06,22.0,21.99,22.0,21.9724,1185
2023-06-07,21.7401,21.75,21.79,21.7401,61879
2023-06-08,22.18,21.8985,22.18,21.8401,3169
2023-06-09,21.9016,21.98,21.98,21.9016,4226
2023-06-12,22.11,21.8508,22.11,21.7928,4888
2023-06-13,21.74,21.8055,21.84,21.73,4538
2023-06-14,21.835,21.8258,21.835,21.785,69234
2023-06-15,21.9,21.8631,21.94,21.85,10951
2023-06-16,21.91,21.865,21.93,21.865,5334
2023-06-20,21.75,21.8692,21.88,21.75,11824
2023-06-21,21.8,21.8095,21.83,21.775,15052
2023-06-22,21.7899,21.76,21.7899,21.7492,1132
2023-06-23,21.71,21.7442,21.78,21.66,5645
2023-06-26,21.7135,21.69,21.81,21.7135,2169
2023-06-27,21.88,21.69,21.88,21.6609,4990
2023-06-28,21.71,21.7404,21.7404,21.71,33299
2023-06-29,21.61,21.6756,21.6756,21.61,7783
2023-06-30,21.74,21.8322,21.86,21.74,9427
2023-07-03,21.83,21.76,21.83,21.685,10924
2023-07-05,21.89,21.57,21.89,21.49,78137
2023-07-06,21.45,21.48,21.48,21.45,1476
2023-07-07,21.38,21.37,21.42,21.32,2183
2023-07-10,21.61,21.32,21.61,21.32,26093
2023-07-11,21.3501,21.4911,21.4911,21.35,1875
2023-07-12,21.63,21.71,21.71,21.63,8078
2023-07-13,21.77,21.9,21.91,21.7401,4221
2023-07-14,21.91,21.88,21.91,21.8205,3134
2023-07-17,21.88,21.9388,21.9388,21.88,5069
2023-07-18,21.97,21.9014,21.98,21.9,106939
2023-07-19,22.06,22.02,22.06,21.92,2506
2023-07-20,21.8824,21.9038,21.9038,21.88,1276
2023-07-21,22.14,21.99,22.14,21.99,10695
2023-07-24,22.0,21.94,22.03,21.94,1286
2023-07-25,21.9301,21.8355,21.94,21.93,1673
2023-07-26,21.83,21.86,21.99,21.83,11653
2023-07-27,21.81,21.78,21.83,21.67,23589
2023-07-28,21.76,21.77,21.8599,21.75,2480
2023-07-31,21.78,21.73,21.83,21.73,93593
2023-08-01,21.7,21.69,21.78,21.69,9507
2023-08-02,21.75,21.7305,21.75,21.6737,6754
2023-08-03,21.68,21.63,21.6865,21.63,913
2023-08-04,21.755,21.7558,21.77,21.755,513
2023-08-07,21.84,21.8155,21.84,21.77,1940
2023-08-08,21.8263,21.8263,21.8263,21.8263,256
2023-08-09,21.83,21.89,21.89,21.83,4274
2023-08-10,21.9,21.8,21.95,21.8,5604
2023-08-11,21.8,21.74,21.8099,21.7,9251
2023-08-14,21.77,21.74,21.84,21.73,9049
2023-08-15,21.7921,21.721,21.8199,21.721,2108
2023-08-16,21.78,21.68,21.78,21.68,736
2023-08-17,21.58,21.57,21.68,21.57,15586
2023-08-18,21.68,21.6558,21.7,21.6558,731
2023-08-21,21.5711,21.64,21.68,21.5711,1275
2023-08-22,21.72,21.65,21.72,21.65,2910
2023-08-23,21.85,21.9055,21.9297,21.85,2283
2023-08-24,21.84,21.781,21.84,21.781,1654
2023-08-25,21.9301,21.8301,21.9301,21.9301,246
2023-08-28,21.8001,21.83,21.875,21.8,2777
2023-08-29,21.85,21.94,21.95,21.85,3460
2023-08-30,21.7,21.91,22.07,21.7,14144
2023-08-31,21.93,21.85,21.93,21.85,4167
2023-09-01,21.935,21.91,21.9399,21.91,1088
2023-09-05,21.8,21.7655,21.8719,21.73,37667
2023-09-06,21.73,21.76,21.84,21.73,5061
2023-09-07,21.7,21.97,21.97,21.7,12181
2023-09-08,21.9851,21.9419,22.0,21.93,6207
2023-09-11,22.02,22.0295,22.06,21.95,6581
2023-09-12,22.03,21.93,22.04,21.93,2450
2023-09-13,22.0,22.02,22.13,22.0,1572
2023-09-14,22.03,22.0607,22.14,22.03,7000
2023-09-15,22.03,21.9626,22.03,21.93,4896
2023-09-18,21.98,22.026,22.09,21.98,3000
2023-09-19,22.0,22.0053,22.016,22.0,957
2023-09-20,22.0499,21.96,22.05,21.96,6555
2023-09-21,21.9531,21.68,21.9531,21.68,36803
2023-09-22,22.0499,21.85,22.05,21.85,2329
2023-09-25,21.95,21.85,21.95,21.85,13507
2023-09-26,21.8799,21.7191,21.88,21.7901,8133
2023-09-27,21.97,21.61,21.97,21.61,16429
2023-09-28,21.79,21.83,21.83,21.58,19928
2023-09-29,21.75,21.6,21.8,21.6,6825
2023-10-02,21.67,21.64,21.67,21.54,6974
2023-10-03,22.03,21.48,22.03,21.43,8164
2023-10-04,21.64,21.5756,21.64,21.4301,9164
2023-10-05,21.585,21.55,21.6101,21.55,39474
2023-10-06,21.4996,21.6549,21.66,21.4996,3214
2023-10-09,21.8182,21.8512,21.8512,21.8182,3849
2023-10-10,21.76,21.82,21.8499,21.76,3507
2023-10-11,21.82,21.8296,21.8296,21.81,1762
2023-10-12,21.78,21.7848,21.7848,21.78,1350
2023-10-13,21.7548,21.766,21.766,21.7548,728
2023-10-16,21.87,21.75,21.87,21.75,2928
2023-10-17,21.65,21.5889,21.6899,21.56,11408
2023-10-18,21.64,21.5184,21.64,21.49,3764
2023-10-19,21.47,21.4437,21.58,21.44,16814
2023-10-20,21.4707,21.5042,21.5299,21.4685,5484
2023-10-23,21.44,21.6003,21.61,21.4,2691
2023-10-24,21.66,21.6633,21.7,21.61,2266
2023-10-25,21.64,21.5215,21.65,21.5972,3362
2023-10-26,21.56,21.53,21.59,21.48,10613
2023-10-27,21.51,21.56,21.655,21.51,1545
2023-10-30,21.65,21.65,21.65,21.61,1245
2023-10-31,21.75,21.7489,21.75,21.7489,3612
2023-11-01,21.824,21.9333,21.97,21.824,3924
2023-11-02,21.86,22.04,22.18,21.86,13709
2023-11-03,22.18,22.3,22.3,22.18,221082
2023-11-06,22.2242,22.35,22.35,22.21,215510
2023-11-07,22.47,22.18,22.47,22.18,19852
2023-11-08,22.26,22.2932,22.33,22.2552,2340
2023-11-09,22.28,22.2404,22.28,22.23,1889
2023-11-10,22.33,22.346,22.36,22.3199,6695
2023-11-13,22.33,22.3522,22.365,22.33,4911
2023-11-14,22.56,22.52,22.58,22.49,52288
2023-11-15,22.331,22.2832,22.3599,22.26,6639
2023-11-16,22.41,22.3768,22.42,22.35,6307
2023-11-17,22.3,22.3566,22.38,22.3,1516
2023-11-20,22.35,22.3527,22.39,22.3,7748
2023-11-21,22.9399,22.4397,24.5393,22.09,7493
2023-11-22,22.425,22.5004,22.52,22.42,6298
2023-11-24,22.445,22.387,22.49,22.445,1030
2023-11-27,23.01,22.4224,23.01,22.4,2561
2023-11-28,22.264,22.4904,22.51,22.264,6130
2023-11-29,22.6,22.52,22.6,22.52,3081
2023-11-30,22.4846,22.5473,22.57,22.475,9234
2023-12-01,22.56,22.5956,22.62,22.53,5714
2023-12-04,22.2,22.56,22.56,22.2,11732
2023-12-05,22.5665,22.59,22.61,22.5665,6168
2023-12-06,22.63,22.5853,22.66,22.58,17744
2023-12-07,22.66,22.63,22.66,22.62,2455
2023-12-08,22.55,22.5155,22.55,22.47,13202
2023-12-11,22.57,22.53,22.57,22.514,1350
2023-12-12,22.58,22.72,22.72,22.5301,30817
2023-12-13,22.76,22.87,22.94,22.7499,1738
2023-12-14,22.8,22.77,22.85,22.77,19867
2023-12-15,22.88,22.85,22.88,22.7601,29246
2023-12-18,22.7939,22.835,22.86,22.77,13708
2023-12-19,22.84,22.8303,22.87,22.82,7011
2023-12-20,22.9066,22.9363,22.98,22.9066,20670
2023-12-21,22.9,22.9156,22.94,22.87,11670
2023-12-22,22.925,22.7958,22.93,22.8958,2033
2023-12-26,22.82,22.8026,22.82,22.8,7194
2023-12-27,22.65,22.92,22.94,22.65,5394
2023-12-28,22.8552,22.87,22.87,22.805,64108
2023-12-29,22.89,22.815,22.93,22.795,36382
2024-01-02,22.765,22.81,22.81,22.6739,16254
2024-01-03,22.63,22.8012,22.834,22.63,6206
2024-01-04,22.79,22.7245,22.82,22.71,8803
2024-01-05,22.61,22.6264,22.74,22.61,32830
2024-01-08,22.64,22.65,22.7499,22.64,191286
2024-01-09,22.72,22.7906,22.7906,22.72,13943
2024-01-10,22.83,22.94,22.94,22.83,189036
2024-01-11,22.8973,23.0259,23.03,22.822,17314
2024-01-12,23.03,23.1271,23.13,22.97,4079
2024-01-16,23.138,23.04,23.14,23.0,8249
2024-01-17,22.98,23.02,23.02,22.95,17253
2024-01-18,22.9563,22.9433,22.9583,22.94,2997
2024-01-19,22.9692,22.9917,23.0099,22.94,3706
2024-01-22,22.95,22.98,23.03,22.95,5623
2024-01-23,22.9363,22.9421,22.95,22.91,29800
2024-01-24,22.9887,22.9555,23.005,22.95,9532
2024-01-25,23.01,22.97,23.07,23.005,2223
2024-01-26,22.9472,22.95,22.95,22.9,8892
2024-01-29,22.9402,22.98,22.98,22.8801,36177
2024-01-30,22.9184,22.96,22.97,22.9184,5260
2024-01-31,22.99,22.9216,22.99,22.9,6290
2024-02-01,23.04,23.0713,23.09,23.01,11882
2024-02-02,22.96,23.0279,23.0399,22.96,2682
2024-02-05,22.95,22.85,22.9501,22.85,9528
2024-02-06,22.96,22.8994,22.96,22.8901,11121
2024-02-07,22.9036,23.0514,23.0514,22.9036,4117
2024-02-08,23.08,23.035,23.08,23.035,603
2024-02-09,23.0044,23.0045,23.0448,23.0,6508
2024-02-12,23.0,22.8902,23.0,22.8902,6839
2024-02-13,22.97,22.8614,22.97,22.81,27858
2024-02-14,22.822,22.925,22.95,22.822,2486
2024-02-15,23.0198,22.9641,23.0299,22.95,9130
2024-02-16,22.88,22.93,22.95,22.8301,3778
2024-02-20,23.02,23.0558,23.08,23.02,5312
2024-02-21,23.13,23.0673,23.13,23.0,12601
2024-02-22,23.15,23.175,23.21,23.1241,4399
2024-02-23,23.26,23.13,23.28,23.1,19391
2024-02-26,22.86,23.0146,23.05,22.86,31202
2024-02-27,23.01,22.9563,23.01,22.9321,15198
2024-02-28,23.16,23.04,23.16,22.935,21010
2024-02-29,23.02,23.0,23.12,23.0,17369
2024-03-01,23.05,23.04,23.12,23.035,10398
2024-03-04,23.71,23.2,23.71,23.09,14970
2024-03-05,23.18,23.1138,23.18,23.11,7708
2024-03-06,23.32,23.22,23.32,23.17,28574
2024-03-07,23.15,23.21,23.22,23.15,7818
2024-03-08,23.12,23.17,23.23,23.12,6115
2024-03-11,23.15,23.19,23.19,23.065,4523
2024-03-12,23.13,23.2335,23.2335,23.0991,54499
2024-03-13,23.11,23.15,23.22,23.11,2775
2024-03-14,23.19,23.18,23.2,23.14,10938
2024-03-15,23.1,23.1117,23.15,23.09,11645
2024-03-18,23.34,23.1508,23.34,23.1508,6828
2024-03-19,23.2341,23.34,23.34,23.23,1710
2024-03-20,23.235,23.32,23.32,23.228,82818
2024-03-21,23.3,23.21,23.3,23.2,8955
2024-03-22,23.26,23.0857,23.28,23.2001,11800
2024-03-25,23.02,23.0203,23.06,22.96,2899
2024-03-26,22.98,23.05,23.05,22.96,6742
2024-03-27,23.04,23.05,23.05,22.96,2662
2024-03-28,22.9883,22.924,23.02,22.92,2940
2024-04-01,22.89,22.72,22.91,22.72,344989
2024-04-02,22.8132,22.864,22.88,22.8,21416
2024-04-03,22.83,22.97,22.99,22.82,2232387
2024-04-04,22.9223,22.94,22.95,22.9,7407
2024-04-05,22.9001,23.01,23.01,22.9,20407
2024-04-08,22.895,23.0,23.01,22.89,72906
2024-04-09,22.93,22.8813,22.93,22.85,21550
2024-04-10,22.91,22.85,22.91,22.73,36689
2024-04-11,22.74,22.73,22.77,22.72,25339
2024-04-12,22.76,22.78,22.83,22.73,37530
2024-04-15,22.91,22.69,22.91,22.68,6929
2024-04-16,22.65,22.79,22.79,22.65,7745
2024-04-17,22.57,22.63,22.79,22.52,16476
2024-04-18,22.74,22.71,22.76,22.71,1137
2024-04-19,22.7891,22.76,22.81,22.76,18174
2024-04-22,22.7602,22.861,22.87,22.76,14543
2024-04-23,22.92,22.911,22.96,22.89,3024
2024-04-24,22.895,22.78,22.93,22.895,1508
2024-04-25,22.67,22.82,22.82,22.6,11231
2024-04-26,22.85,22.8518,22.86,22.83,3170
2024-04-29,22.84,22.73,22.84,22.73,8518
2024-04-30,22.89,22.77,22.89,22.74,8752
2024-05-01,22.66,22.86,22.88,22.66,8160
2024-05-02,22.889,22.93,22.96,22.84,11407
2024-05-03,22.93,22.98,22.98,22.91,10723
2024-05-06,22.98,22.99,22.99,22.95,14208
2024-05-07,22.98,23.0,23.0,22.96,12962
2024-05-08,22.96,23.01,23.01,22.92,24737
2024-05-09,23.01,22.92,23.01,22.9184,57267
2024-05-10,22.93,23.01,23.01,22.9,25560
2024-05-13,23.01,22.79,23.01,22.79,16300
2024-05-14,22.84,22.88,22.9165,22.79,24188
2024-05-15,22.893,23.12,23.12,22.893,2020791
2024-05-16,23.0,23.045,23.0995,23.0,44898
2024-05-17,22.92,22.98,23.05,22.9135,30209
2024-05-20,22.985,23.06,23.06,22.965,20921
2024-05-21,23.06,23.08,23.1,23.02,37952
2024-05-22,23.02,22.92,23.04,22.92,24659
2024-05-23,23.24,22.8799,23.24,22.97,11624
2024-05-24,23.03,22.8475,23.03,22.6201,5096
2024-05-28,23.04,22.66,23.04,22.66,16457
2024-05-29,22.78,22.64,22.78,22.64,33441
2024-05-30,22.74,22.71,22.75,22.68,40419
2024-05-31,22.81,22.75,22.84,22.71,11602
2024-06-03,22.81,22.7,22.81,22.7,5639
2024-06-04,22.88,22.79,22.89,22.79,9515
2024-06-05,22.8901,22.86,22.97,22.86,13181
2024-06-06,22.98,22.84,22.9899,22.84,22618
2024-06-07,22.86,22.8,22.96,22.8,9968
2024-06-10,22.89,22.99,22.99,22.84,7779
2024-06-11,22.77,22.92,23.06,22.77,15826
2024-06-12,23.05,23.06,23.08,23.02,6040
2024-06-13,23.24,23.1966,23.24,23.13,4071
2024-06-14,23.2599,23.27,23.27,23.12,19157
2024-06-17,23.15,23.29,23.29,23.15,5621
2024-06-18,23.44,23.3788,23.44,23.25,18088
2024-06-20,23.22,23.22,23.33,23.22,9511
2024-06-21,23.289,23.2592,23.32,23.22,19049
2024-06-24,25.59,23.1,25.59,23.22,6957
2024-06-25,23.02,23.0,23.13,23.0,19778
2024-06-26,23.0258,23.06,23.06,22.9801,2391
2024-06-27,23.1,23.1,23.14,22.99,8484
2024-06-28,23.11,22.9655,23.11,22.9655,60455
2024-07-01,22.99,23.04,23.04,22.96,9875
2024-07-02,22.82,23.12,23.12,22.82,29619
2024-07-03,23.06,23.105,23.14,23.04,8441
2024-07-05,23.1541,23.2247,23.27,23.1541,25831
2024-07-08,23.2,23.25,23.25,23.16,3572
2024-07-09,23.2,23.21,23.21,23.13,13995
2024-07-10,21.34,23.24,23.24,21.34,10705
2024-07-11,23.24,23.13,23.28,23.13,8494
2024-07-12,23.46,23.17,23.46,23.17,26071
2024-07-15,23.3272,23.36,23.36,23.19,5362
2024-07-16,23.32,23.22,23.32,23.22,11688
2024-07-17,23.19,23.33,23.33,23.19,33331
2024-07-18,23.2407,23.19,23.32,23.19,36321
2024-07-19,23.27,23.24,23.34,23.24,5321
2024-07-22,23.45,23.38,23.45,23.35,40458
2024-07-23,23.42,23.4,23.51,23.4,18853
2024-07-24,23.46,23.37,23.4826,23.37,6780
2024-07-25,23.5,23.24,23.51,23.42,15243
2024-07-26,23.1864,23.2091,23.27,23.18,17463
2024-07-29,23.29,23.17,23.29,23.17,760936
2024-07-30,23.35,23.3,23.35,23.18,11732
2024-07-31,23.275,23.19,23.33,23.19,14693
2024-08-01,23.32,23.41,23.41,23.31,4186
2024-08-02,23.53,23.51,23.57,23.44,87572
2024-08-05,23.3,23.7,24.05,23.3,27534
2024-08-06,23.94,23.45,23.94,23.45,25212
2024-08-07,23.55,23.53,23.55,23.38,12977
2024-08-08,23.518,23.55,23.57,23.3901,6402
2024-08-09,23.5,23.62,23.62,23.47,15153
2024-08-12,23.63,23.68,23.68,23.56,25668
2024-08-13,23.86,23.73,23.86,23.645,17375
2024-08-14,24.06,23.8075,24.06,23.71,17157
2024-08-15,23.98,23.7426,23.98,23.63,34768
2024-08-16,23.7399,23.774,23.82,23.71,393026
2024-08-19,23.97,23.83,23.97,23.74,57960
2024-08-20,23.97,23.9,23.97,23.77,51488
2024-08-21,24.08,23.8,24.08,23.8,63828
2024-08-22,23.77,23.9333,23.96,23.77,9723
2024-08-23,23.94,23.92,23.94,23.81,58713
2024-08-26,23.71,23.67,23.9632,23.71,32985
2024-08-27,23.6,23.7039,23.72,23.6,7858
2024-08-28,23.67,23.62,23.7698,23.62,41398
2024-08-29,23.7,23.75,23.815,23.65,11399
2024-08-30,23.94,23.81,23.94,23.69,22443
2024-09-03,23.74,23.78,23.79,23.63,12682
2024-09-04,23.8,23.74,23.86,23.6411,49158
2024-09-05,23.69,23.82,23.8399,23.69,10016
2024-09-06,23.95,23.77,23.95,23.77,65248
2024-09-09,23.832,23.944,23.96,23.832,10624
2024-09-10,24.0396,23.88,24.07,23.88,429963
2024-09-11,24.1,23.94,24.1,23.89,47674
2024-09-12,23.95,23.93,23.95,23.82,28178
2024-09-13,24.05,23.85,24.05,23.81,46077
2024-09-16,23.79,23.97,23.97,23.79,46461
2024-09-17,24.5,23.89,24.5,23.8563,27586
2024-09-18,23.85,23.8792,23.94,23.84,19790
2024-09-19,23.94,23.89,23.94,23.835,30342
2024-09-20,23.94,23.947,23.95,23.89,17535
2024-09-23,23.93,23.9566,24.0,23.9,465817
2024-09-24,23.91,23.77,23.97,23.89,20052
2024-09-25,23.81,23.7683,23.81,23.7075,25024
2024-09-26,23.651,23.63,23.76,23.63,21595
2024-09-27,23.685,23.7362,23.76,23.63,8490
2024-09-30,23.775,23.7368,23.8,23.7,18375
2024-10-01,23.71,23.8156,23.85,23.71,66298
2024-10-02,23.86,23.78,23.86,23.75,16662
2024-10-03,23.7644,23.88,23.88,23.74,10061
2024-10-04,23.9,23.5855,23.9,23.55,43495
2024-10-07,23.83,23.61,23.83,23.46,16168
2024-10-08,23.6,23.68,23.68,23.47,24555
2024-10-09,23.49,23.535,23.61,23.48,20853
2024-10-10,23.59,23.63,23.64,23.46,53257
2024-10-11,23.48,23.5705,23.73,23.47,36948
2024-10-14,23.73,23.714,23.73,23.6198,15434
2024-10-15,23.6337,23.35,23.89,23.35,201536
2024-10-16,23.72,23.4975,23.72,23.45,20711
2024-10-17,23.5,23.4558,23.5151,23.33,17444
2024-10-18,23.4747,23.6,23.6,23.445,26139
2024-10-21,23.49,23.56,23.58,23.39,16414
2024-10-22,23.32,23.5199,23.54,23.32,37992
2024-10-23,23.49,23.41,23.498,23.32,7347
2024-10-24,23.58,23.4666,23.58,23.35,25507
2024-10-25,23.54,23.33,23.54,23.47,9670
2024-10-28,23.28,23.2061,23.33,23.1114,44812
2024-10-29,23.19,23.2056,23.2599,23.15,10392
2024-10-30,23.27,23.2457,23.27,23.19,10939
2024-10-31,23.3,23.02,23.3,23.0,9686
2024-11-01,23.21,23.1385,23.22,23.05,14861
2024-11-04,23.175,23.0935,23.185,23.09,6610
2024-11-05,23.25,23.16,23.25,23.11,11585
2024-11-06,23.42,23.295,23.7999,23.275,38637
2024-11-07,23.325,23.5,23.5,23.2492,17973
2024-11-08,23.3927,23.5507,23.61,23.38,11764
2024-11-11,23.72,23.46,23.72,23.43,13892
2024-11-12,23.69,23.51,23.69,23.35,21417
2024-11-13,23.395,23.43,23.4592,23.32,25616
2024-11-14,23.47,23.37,23.5,23.26,17745
2024-11-15,23.44,23.38,23.44,23.28,19669
2024-11-18,23.5,23.3665,23.5,23.3069,13364
2024-11-19,23.54,23.48,23.54,23.3954,22786
2024-11-20,23.55,23.45,23.76,23.2996,15528
2024-11-21,23.45,23.3994,23.47,23.32,29252
2024-11-22,23.55,23.15,23.55,23.3054,23924
2024-11-25,23.38,23.163,23.38,23.1,14069
2024-11-26,23.17,23.1778,23.22,23.1,12305
2024-11-27,23.11,23.1613,23.21,23.11,11584
2024-11-29,23.2,23.2465,23.31,23.14,13336
2024-12-02,23.38,23.2,23.38,23.06,24599
2024-12-03,23.0789,23.2111,23.23,23.0789,13862
2024-12-04,23.41,23.2217,23.41,23.12,18080
2024-12-05,23.36,23.2106,23.36,23.11,11749
2024-12-06,23.11,23.2359,23.33,23.11,16349
2024-12-09,23.17,23.15,23.18,23.08,13174
2024-12-10,23.1396,23.0535,23.17,23.03,23326
2024-12-11,23.05,23.1537,23.27,23.05,24355
2024-12-12,23.3299,23.0943,23.3299,23.05,12069
2024-12-13,23.095,22.963,23.095,22.963,41845
2024-12-16,23.15,23.0956,23.18,22.97,23591
2024-12-17,23.0743,23.088,23.1023,23.05,21832
2024-12-18,22.92,22.81,23.0413,22.79,38974
2024-12-19,22.79,22.6868,22.8299,22.6405,23750
2024-12-20,22.64,22.00228,23.04,22.64,28726
2024-12-23,22.33,21.97,22.33,21.8498,23205
2024-12-24,22.22,21.97,22.22,21.97,24978
2024-12-26,22.66,22.0,22.66,21.9,22794
2024-12-27,22.04,21.9651,22.06,21.9651,103234
2024-12-30,21.57,22.1,22.1,21.57,53710
2024-12-31,21.75,21.81,22.0285,21.75,93407
2025-01-02,21.79,21.95,22.09,21.7083,75574
2025-01-03,22.0,22.1,22.22,22.0,21574
2025-01-06,22.27,22.12,22.27,21.95,30581
2025-01-07,22.15,22.06,22.15,21.8839,20127
2025-01-08,22.15,22.1,22.15,21.9789,20744
2025-01-10,22.15,21.95,22.15,21.76,25632
2025-01-13,21.95,21.93,21.95,21.7341,29372
2025-01-14,22.05,22.01,22.05,21.89,19935
2025-01-15,22.01,22.15,22.21,22.01,34667
2025-01-16,22.31,22.34,22.34,22.1478,28989
2025-01-17,22.3327,22.2677,22.3327,22.2,35901
2025-01-21,22.25,22.47,22.47,22.25,43737
2025-01-22,22.5,22.2851,22.5,22.25,17346
2025-01-23,22.31,22.34,22.34,22.25,453426
2025-01-24,22.34,22.3245,22.36,22.2941,21885
2025-01-27,22.36,22.26,22.4,22.3,46728
2025-01-28,22.25,22.26,22.3182,22.25,29381
2025-01-29,22.33,22.2301,22.37,22.1972,27026
2025-01-30,22.19,22.37,22.37,22.19,31237
2025-01-31,22.36,22.3,22.39,22.27,29891
2025-02-03,22.2,22.47,22.47,22.2,304407
2025-02-04,22.5,22.47,22.5,22.3105,23389
2025-02-05,22.33,22.4387,22.4699,22.33,13865
2025-02-06,22.94,22.57,22.94,22.4101,72048
2025-02-07,22.86,22.54,22.86,22.365,31655
2025-02-10,22.48,22.55,22.62,22.45,20354
2025-02-11,22.5,22.5,22.5699,22.47,18927
2025-02-12,22.4374,22.47,22.5199,22.4059,15169
2025-02-13,22.46,22.46,22.5316,22.42,10002
2025-02-14,22.64,22.57,22.64,22.53,12573
2025-02-18,22.96,22.47,22.96,22.44,24672
2025-02-19,22.45,22.54,22.545,22.45,34097
2025-02-20,22.96,22.62,22.96,22.5499,184376
2025-02-21,22.62,22.55,22.6499,22.55,35919
2025-02-24,22.58,22.65,22.7,22.58,11486
2025-02-25,22.66,22.7253,22.769,22.56,21393
2025-02-26,22.725,22.83,22.83,22.69,80301
2025-02-27,22.8,22.8292,22.85,22.7942,35698
2025-02-28,22.97,22.93,22.98,22.85,75031
2025-03-03,22.97,23.18,23.18,22.91,85542
2025-03-04,23.32,23.1,23.32,23.1,119913
2025-03-05,22.86,23.12,23.13,22.86,169030
2025-03-06,22.93,23.01,23.11,22.93,52967
2025-03-07,22.99,22.93,23.08,22.93,25952
2025-03-10,22.83,23.09,23.2,22.83,30640
2025-03-11,23.25,22.88,23.25,22.88,198400
2025-03-12,22.97,22.8,22.97,22.8,41773
2025-03-13,22.73,22.82,23.01,22.73,99514
2025-03-14,22.98,22.86,22.98,22.6832,76043
2025-03-17,22.91,22.99,23.0,22.91,25318
2025-03-18,23.08,22.905,23.09,22.88,32561
2025-03-19,23.03,23.05,23.05,22.88,46370
2025-03-20,22.86,23.2,23.2,22.86,36665
2025-03-21,23.19,23.0505,23.19,22.87,20115
2025-03-24,23.14,23.08,23.14,22.88,41876
2025-03-25,23.19,22.85,23.19,23.0,30457
2025-03-26,22.91,22.83,22.99,22.83,22599
2025-03-27,22.81,22.71,22.89,22.71,27962
2025-03-28,22.88,22.84,22.88,22.71,70144
2025-03-31,22.97,22.94,22.9882,22.7572,93502
2025-04-01,23.07,23.03,23.07,22.91,98403
2025-04-02,23.18,23.34,23.34,22.9,86022
2025-04-03,22.59,22.92,23.01,22.59,247448
2025-04-04,22.46,21.77,23.0799,21.77,469415
2025-04-07,22.5,22.37,22.695,22.09,259810
2025-04-08,22.54,22.43,22.89,22.365,188967
2025-04-09,22.52,24.89,24.89,21.8,276012
2025-04-10,22.92,22.83,23.43,22.43,94596
2025-04-11,22.83,22.68,22.9916,22.5956,63939
