2020-12-07,9.8,9.8,9.92,9.7,278797
2020-12-08,9.8,9.84,9.85,9.8,46387
2020-12-09,9.85,9.86,9.89,9.83,718834
2020-12-10,9.91,9.88,9.91,9.86,44811
2020-12-11,9.93,9.9,9.94,9.8999,28966
2020-12-14,9.94,9.89,9.9434,9.88,40379
2020-12-15,9.9189,9.89,9.92,9.89,42963
2020-12-16,9.91,9.91,9.95,9.9074,11925
2020-12-17,9.96,9.91,9.99,9.91,554064
2020-12-18,9.92,9.93,9.95,9.92,11490
2020-12-21,9.94,9.9,9.9744,9.89,17026
2020-12-22,9.91,9.93,9.95,9.91,21409
2020-12-23,9.95,9.95,9.99,9.935,36392
2020-12-24,10.0,9.95,10.0,9.925,38067
2020-12-28,10.01,10.0,10.53,9.92,90661
2020-12-29,10.0,9.99,10.05,9.8976,274192
2020-12-30,10.0,10.0,10.05,9.94,73097
2020-12-31,9.98,9.95,9.98,9.93,16520
2021-01-04,9.965,9.98,10.01,9.94,89804
2021-01-05,9.99,9.96,9.99,9.94,128036
2021-01-06,10.03,10.02,10.04,9.9776,80585
2021-01-07,10.06,10.05,10.09,10.02,274178
2021-01-08,10.1,10.06,10.15,10.06,143903
2021-01-11,10.13,10.135,10.19,10.1,111853
2021-01-12,10.16,10.2,10.2,10.1502,277947
2021-01-13,10.2,10.18,10.2,10.1799,24842
2021-01-14,10.25,10.18,10.25,10.14,72235
2021-01-15,10.19,10.15,10.21,10.14,26139
2021-01-19,10.15,10.2,10.2,10.14,52239
2021-01-20,10.2,10.24,10.25,10.13,77723
2021-01-21,10.24,10.25,10.26,10.2,272511
2021-01-22,10.22,10.365,10.45,10.22,167931
2021-01-25,10.42,10.43,10.45,10.32,129055
2021-01-26,10.4,10.37,10.45,10.37,334828
2021-01-27,10.3,10.31,10.48,10.25,199471
2021-01-28,10.31,10.34,10.38,10.25,62324
2021-01-29,10.34,10.26,10.34,10.2,32197
2021-02-01,10.3,10.3499,10.35,10.255,4724
2021-02-02,10.35,10.32,10.35,10.32,43270
2021-02-03,10.35,10.33,10.35,10.28,34230
2021-02-04,10.35,10.3,10.35,10.28,21352
2021-02-05,10.32,10.34,10.4578,10.3,8731
2021-02-08,10.39,10.36,10.4,10.34,81595
2021-02-09,10.35,10.35,10.39,10.3171,37398
2021-02-10,10.38,10.28,10.4,10.28,14930
2021-02-11,10.39,10.32,10.4,10.21,20574
2021-02-12,10.37,10.325,10.44,10.22,278331
2021-02-16,10.33,10.32,10.35,10.3,33916
2021-02-17,10.35,10.35,10.35,10.3,16329
2021-02-18,10.35,10.35,10.35,10.3,12788
2021-02-19,10.43,10.44,10.45,10.39,21392
2021-02-22,10.46,10.39,10.48,10.29,26278
2021-02-23,10.25,10.3,10.33,10.1,87040
2021-02-24,10.15,10.42,10.5,10.15,138188
2021-02-25,10.51,10.4,10.5247,10.3,140155
2021-02-26,10.3319,10.4,10.44,10.29,95889
2021-03-01,10.42,10.35,10.48,10.3,220650
2021-03-02,10.38,10.13,10.4,10.025,255809
2021-03-03,10.23,10.05,10.3,9.96,261120
2021-03-04,10.02,10.0,10.1,9.9,450128
2021-03-05,11.38,11.12,11.85,10.33,9790062
2021-03-08,11.42,11.0,11.99,10.92,2267961
2021-03-09,11.26,11.52,11.8,11.16,1838957
2021-03-10,11.96,11.39,11.9999,11.22,1673561
2021-03-11,11.4,12.35,13.23,11.31,4377646
2021-03-12,11.9597,11.93,12.13,11.61,1753405
2021-03-15,11.85,11.5,11.9,11.45,1149867
2021-03-16,11.36,10.94,11.49,10.79,1462537
2021-03-17,10.82,11.24,11.36,10.8001,977351
2021-03-18,11.01,10.9,11.25,10.88,528062
2021-03-19,10.96,11.07,11.47,10.85,695025
2021-03-22,11.05,10.88,11.225,10.8,525719
2021-03-23,10.86,10.53,10.8805,10.5,465736
2021-03-24,10.55,10.19,10.625,10.11,446460
2021-03-25,9.95,10.35,10.42,9.9,672046
2021-03-26,10.49,10.64,10.82,10.42,304709
2021-03-29,10.9,10.84,10.91,10.55,528167
2021-03-30,10.9,10.55,10.9623,10.41,369670
2021-03-31,10.55,10.83,10.83,10.55,298174
2021-04-01,10.78,10.58,10.9495,10.4866,420940
2021-04-05,10.74,10.45,10.74,10.43,381347
2021-04-06,10.45,10.41,10.52,10.36,376185
2021-04-07,10.41,10.45,10.5,10.38,222786
2021-04-08,10.4,10.4,10.55,10.4,101214
2021-04-09,10.4,10.34,10.45,10.32,177756
2021-04-12,10.62,10.83,10.905,10.47,306272
2021-04-13,10.86,10.97,10.99,10.67,388015
2021-04-14,11.05,10.4,11.05,10.31,399080
2021-04-15,10.4,10.18,10.43,10.12,232478
2021-04-16,10.21,10.12,10.27,10.04,239206
2021-04-19,10.08,10.2,10.29,10.0601,587837
2021-04-20,10.23,10.1,10.24,10.1,188739
2021-04-21,10.1,10.08,10.18,10.03,675755
2021-04-22,10.1,10.09,10.132,10.06,252137
2021-04-23,10.07,10.02,10.07,9.98,270015
2021-04-26,10.02,10.03,10.19,10.0,468915
2021-04-27,10.04,10.05,10.06,10.01,134531
2021-04-28,10.08,10.07,10.1,10.02,58891
2021-04-29,10.05,10.04,10.1,10.01,208910
2021-04-30,10.03,10.1,10.11,10.02,248627
2021-05-03,10.15,10.02,10.15,10.01,228062
2021-05-04,10.0,9.97,10.02,9.91,476437
2021-05-05,9.96,10.0,10.02,9.92,561683
2021-05-06,10.0,9.95,10.07,9.93,259387
2021-05-07,9.98,9.95,9.99,9.94,100706
2021-05-10,9.94,9.88,9.97,9.88,228161
2021-05-11,9.79,9.95,9.98,9.79,310213
2021-05-12,9.9,9.96,9.97,9.8767,123030
2021-05-13,9.9,9.9,9.93,9.86,288262
2021-05-14,9.92,9.95,9.98,9.9,135053
2021-05-17,9.91,9.92,9.96,9.9,148517
2021-05-18,9.91,9.92,9.97,9.9001,59225
2021-05-19,9.89,9.94,9.95,9.87,180398
2021-05-20,9.94,9.85,9.94,9.85,34900
2021-05-21,9.88,9.89,9.9,9.86,65734
2021-05-24,9.89,9.87,9.9,9.86,37865
2021-05-25,9.88,9.92,9.97,9.87,62099
2021-05-26,9.95,9.91,9.95,9.88,43602
2021-05-27,9.91,9.92,9.94,9.9,36315
2021-05-28,9.9,9.93,9.97,9.89,44031
2021-06-01,9.93,9.94,9.96,9.92,144946
2021-06-02,9.95,9.91,9.96,9.89,133754
2021-06-03,9.91,9.93,9.97,9.91,80957
2021-06-04,9.93,9.93,9.95,9.92,87051
2021-06-07,9.87,9.9,9.95,9.87,113854
2021-06-08,9.9,9.94,9.96,9.9,86862
2021-06-09,9.98,9.98,10.02,9.94,77092
2021-06-10,9.985,10.0,10.0,9.96,90594
2021-06-11,10.0,10.01,10.02,9.98,88638
2021-06-14,10.01,9.98,10.0703,9.92,181560
2021-06-15,9.97,9.93,9.98,9.92,768645
2021-06-16,9.92,9.95,10.0,9.92,74448
2021-06-17,9.93,9.96,9.99,9.9293,205172
2021-06-18,9.95,9.99,10.0,9.92,41885
2021-06-21,9.95,9.93,9.95,9.92,82048
2021-06-22,9.92,9.94,9.95,9.91,62889
2021-06-23,9.94,9.94,9.95,9.93,90004
2021-06-24,9.93,9.95,9.95,9.93,82819
2021-06-25,9.95,9.94,9.96,9.93,80699
2021-06-28,9.93,9.94,9.96,9.93,38309
2021-06-29,9.96,9.95,9.96,9.94,34858
2021-06-30,9.93,9.95,9.97,9.93,497050
2021-07-01,9.93,9.94,9.9593,9.93,358282
2021-07-02,9.94,9.95,9.98,9.93,103641
2021-07-06,9.93,9.93,9.96,9.93,131151
2021-07-07,9.93,9.92,9.95,9.92,46673
2021-07-08,9.92,9.92,9.94,9.92,23586
2021-07-09,9.94,9.94,9.95,9.93,11260
2021-07-12,9.95,9.95,9.9599,9.92,242192
2021-07-13,9.9488,9.94,9.95,9.93,58569
2021-07-14,9.94,9.94,9.95,9.92,62940
2021-07-15,9.921,9.93,9.94,9.92,168898
2021-07-16,9.94,9.9,9.94,9.9,253051
2021-07-19,9.9,9.92,9.92,9.9,106331
2021-07-20,9.91,9.92,9.9291,9.9,51576
2021-07-21,9.91,9.92,9.94,9.91,32569
2021-07-22,9.95,9.92,9.95,9.92,73136
2021-07-23,9.92,9.93,9.94,9.92,64035
2021-07-26,9.93,9.94,9.94,9.93,77635
2021-07-27,9.96,9.94,9.96,9.92,35180
2021-07-28,9.92,9.93,9.9449,9.92,23998
2021-07-29,9.92,9.92,9.93,9.92,27336
2021-07-30,9.91,9.92,9.95,9.91,60555
2021-08-02,9.93,9.94,9.95,9.91,25506
2021-08-03,9.96,9.95,9.9763,9.92,398466
2021-08-04,9.94,9.96,9.96,9.94,44326
2021-08-05,9.95,9.97,9.97,9.94,228966
2021-08-06,9.95,9.97,10.01,9.95,376534
2021-08-09,9.99,9.965,10.01,9.96,706435
2021-08-10,10.0,9.98,10.0,9.96,262432
2021-08-11,9.98,10.0,10.005,9.975,397363
2021-08-12,9.98,9.97,10.0,9.97,288503
2021-08-13,9.98,9.97,10.0,9.97,99336
2021-08-16,9.97,9.98,9.995,9.97,373025
2021-08-17,9.985,9.98,9.99,9.97,672980
2021-08-18,9.97,9.98,9.98,9.97,512565
2021-08-19,9.97,9.98,9.9801,9.97,423443
2021-08-20,9.73,9.69,9.98,9.65,194922
2021-08-23,9.74,9.94,10.03,9.73,211266
2021-08-24,9.87,9.76,9.88,9.75,43150
2021-08-25,9.82,10.02,11.725,9.77,1191169
2021-08-26,9.9651,11.34,12.8,9.2,5060364
2021-08-27,10.55,10.5,11.4,10.05,1013605
2021-08-30,10.21,10.39,10.6,10.0,368605
2021-08-31,10.9,10.77,11.1,10.61,359673
2021-09-01,10.84,10.4,10.95,10.22,392004
2021-09-02,10.5,11.03,11.58,10.5,511520
2021-09-03,11.14,11.49,11.56,10.95,265562
2021-09-07,11.95,11.75,12.24,11.37,330877
2021-09-08,11.6,12.17,12.24,11.33,429579
2021-09-09,12.2,13.07,13.41,12.2,459109
2021-09-10,13.1,13.2,13.33,12.5,754135
2021-09-13,13.38,13.28,13.4,13.06,163213
2021-09-14,13.49,12.55,13.5,12.54,114436
2021-09-15,12.75,12.98,13.29,12.65,213665
2021-09-16,13.04,14.52,14.99,13.04,454509
2021-09-17,15.06,13.56,15.3899,13.56,378459
2021-09-20,12.99,12.31,13.15,11.47,286025
2021-09-21,12.28,12.31,13.09,12.02,100604
2021-09-22,13.19,12.13,13.19,12.05,242965
2021-09-23,12.25,11.23,12.44,11.12,243571
2021-09-24,10.99,11.25,11.48,10.9,257084
2021-09-27,11.03,10.19,11.0977,10.15,252265
2021-09-28,10.19,10.33,10.3922,9.81,161031
2021-09-29,10.42,11.2,11.34,10.3522,170504
2021-09-30,11.31,10.34,11.83,10.1,271688
2021-10-01,10.81,9.74,10.99,9.72,318403
2021-10-04,9.86,9.67,9.86,8.66,319256
2021-10-05,9.67,10.26,10.67,9.52,209269
2021-10-06,10.47,9.86,10.9499,9.62,288585
2021-10-07,9.98,8.91,10.15,8.7801,469051
2021-10-08,9.07,7.89,9.07,7.69,917687
2021-10-11,7.19,6.14,7.19,6.12,6792016
2021-10-12,6.33,5.41,6.4429,5.32,3444720
2021-10-13,5.545,5.53,5.78,5.13,3360044
2021-10-14,5.78,6.07,6.15,5.56,3033242
2021-10-15,6.4,6.99,7.36,6.17,8891835
2021-10-18,6.78,7.9,8.1,6.5,6855930
2021-10-19,8.1097,7.45,8.49,7.121,4178917
2021-10-20,7.5,8.73,9.52,7.46,7376299
2021-10-21,8.62,8.31,8.78,8.05,1764102
2021-10-22,8.18,8.0,8.26,7.65,1503007
2021-10-25,7.97,8.92,9.0,7.95,1459430
2021-10-26,9.25,8.76,9.25,8.14,1017325
2021-10-27,8.45,7.9,8.6,7.8,1174215
2021-10-28,8.25,7.69,8.34,7.58,820706
2021-10-29,7.86,7.86,7.95,7.43,1090043
2021-11-01,7.9,9.85,9.98,7.7105,7619167
2021-11-02,8.7,8.99,9.09,8.19,2168262
2021-11-03,8.71,8.93,9.0,8.32,989508
2021-11-04,9.1,8.51,9.24,8.3906,1089604
2021-11-05,8.66,8.87,8.95,8.47,713733
2021-11-08,9.34,9.28,9.48,8.88,1392664
2021-11-09,9.49,9.31,9.69,8.91,775894
2021-11-10,9.43,8.74,9.4499,8.582,763815
2021-11-11,8.76,8.17,8.96,8.13,970099
2021-11-12,8.2,8.42,8.52,7.7,906942
2021-11-15,8.85,8.68,8.87,8.31,811342
2021-11-16,8.49,8.28,8.49,8.17,967528
2021-11-17,8.22,8.15,8.34,7.8,649100
2021-11-18,8.15,7.78,8.19,7.59,718835
2021-11-19,7.825,8.23,8.7,7.69,949165
2021-11-22,8.27,8.29,8.4839,8.0,746644
2021-11-23,8.16,8.01,8.32,7.83,574948
2021-11-24,8.05,7.8,8.05,7.585,464997
2021-11-26,7.71,7.5,7.85,7.22,534148
2021-11-29,7.89,7.6,7.9,7.52,539603
2021-11-30,7.54,7.89,7.99,7.18,1848718
2021-12-01,7.95,7.69,7.98,7.4,602290
2021-12-02,7.6,7.59,7.9,7.26,469159
2021-12-03,7.7,7.24,7.7,6.91,623712
2021-12-06,6.88,6.34,7.0,6.21,1144110
2021-12-07,6.53,6.29,6.74,6.28,692287
2021-12-08,6.32,6.52,6.63,6.13,957074
2021-12-09,6.55,5.93,6.65,5.85,589383
2021-12-10,6.02,5.49,6.05,5.43,815703
2021-12-13,5.7027,5.01,5.739,4.93,690287
2021-12-14,5.01,4.78,5.12,4.57,744470
2021-12-15,5.0115,5.16,5.2434,4.9,1153453
2021-12-16,5.23,4.97,5.62,4.97,682611
2021-12-17,5.08,4.59,5.13,4.52,3365364
2021-12-20,4.45,4.66,4.72,4.35,611029
2021-12-21,4.75,4.87,4.92,4.66,343700
2021-12-22,4.9,4.98,4.99,4.7053,322252
2021-12-23,5.0,5.21,5.23,4.8501,553822
2021-12-27,5.26,4.98,5.39,4.96,529826
2021-12-28,4.95,4.69,4.95,4.48,563571
2021-12-29,4.73,4.48,4.75,4.45,558535
2021-12-30,4.48,4.62,4.75,4.48,755506
2021-12-31,4.675,4.63,4.89,4.6,345143
2022-01-03,4.62,4.61,4.715,4.45,326328
2022-01-04,4.6,4.43,4.69,4.33,549499
2022-01-05,4.43,4.09,4.5,3.96,625944
2022-01-06,4.03,4.33,4.5388,3.9,869837
2022-01-07,4.32,3.98,4.36,3.94,569834
2022-01-10,3.91,3.79,3.9599,3.7,617556
2022-01-11,3.71,3.73,3.86,3.58,960858
2022-01-12,3.96,3.69,3.96,3.63,867994
2022-01-13,3.74,3.4,3.74,3.39,683994
2022-01-14,3.41,3.37,3.46,3.25,533056
2022-01-18,3.31,3.34,3.54,3.3,625705
2022-01-19,3.36,3.08,3.43,3.055,481434
2022-01-20,3.16,3.25,3.44,3.13,608758
2022-01-21,3.09,2.77,3.13,2.73,1146438
2022-01-24,2.63,2.8,2.91,2.54,1116066
2022-01-25,2.84,2.75,2.89,2.6116,480728
2022-01-26,2.91,3.0,3.16,2.9,757750
2022-01-27,3.13,2.75,3.2199,2.72,547084
2022-01-28,2.75,2.78,2.885,2.63,568607
2022-01-31,2.765,3.04,3.07,2.765,757307
2022-02-01,3.21,3.04,3.21,2.9,827699
2022-02-02,3.07,2.85,3.19,2.8,570303
2022-02-03,2.81,2.63,2.84,2.61,452648
2022-02-04,2.69,2.77,2.89,2.62,986642
2022-02-07,2.91,2.9,3.15,2.84,960196
2022-02-08,2.89,2.87,2.915,2.79,504992
2022-02-09,2.97,3.23,3.23,2.88,1057789
2022-02-10,3.03,3.23,3.44,3.03,1033282
2022-02-11,3.21,3.13,3.329,3.04,773172
2022-02-14,3.14,3.07,3.25,2.99,458109
2022-02-15,3.16,3.25,3.26,3.13,437375
2022-02-16,3.15,3.19,3.2301,3.0099,829779
2022-02-17,3.15,3.08,3.24,2.99,461582
2022-02-18,3.06,2.81,3.06,2.8,519393
2022-02-22,2.8,2.62,2.8,2.59,601748
2022-02-23,2.68,2.55,2.69,2.54,434820
2022-02-24,2.35,2.83,2.845,2.33,520878
2022-02-25,2.91,2.89,2.93,2.73,509701
2022-02-28,2.9,3.05,3.13,2.87,447904
2022-03-01,3.16,3.02,3.3,3.0,471024
2022-03-02,3.03,2.92,3.03,2.86,335607
2022-03-03,2.96,2.64,2.9651,2.63,554668
2022-03-04,2.73,2.66,3.1527,2.58,894014
2022-03-07,2.65,2.93,2.96,2.64,904735
2022-03-08,2.98,2.96,3.02,2.78,479137
2022-03-09,3.21,3.2,3.25,3.03,821372
2022-03-10,3.15,3.03,3.16,2.87,225074
2022-03-11,3.06,2.89,3.08,2.87,196749
2022-03-14,2.86,2.66,2.88,2.6,272577
2022-03-15,2.69,2.71,2.75,2.62,170859
2022-03-16,2.74,2.96,2.96,2.72,543296
2022-03-17,2.96,3.11,3.11,2.87,539456
2022-03-18,3.08,3.36,3.44,3.0217,937643
2022-03-21,3.37,3.5,3.53,3.29,765450
2022-03-22,3.53,3.56,3.71,3.5,768343
2022-03-23,3.56,3.66,3.81,3.5487,438147
2022-03-24,3.68,3.71,3.89,3.52,567017
2022-03-25,3.72,3.62,3.8,3.57,422084
2022-03-28,3.73,3.85,3.88,3.61,505952
2022-03-29,3.88,3.76,3.94,3.745,239230
2022-03-30,3.75,3.67,3.89,3.65,262078
2022-03-31,3.69,3.64,3.72,3.58,254222
2022-04-01,3.65,3.62,3.7,3.51,303207
2022-04-04,3.65,3.71,3.78,3.61,321428
2022-04-05,3.7,3.68,3.71,3.51,308237
2022-04-06,3.62,3.54,3.62,3.43,275280
2022-04-07,3.55,3.56,3.61,3.45,254347
2022-04-08,3.55,3.46,3.55,3.43,179230
2022-04-11,3.41,3.43,3.44,3.3,277748
2022-04-12,3.48,3.47,3.56,3.405,232762
2022-04-13,3.54,3.62,3.64,3.44,276733
2022-04-14,3.62,3.39,3.62,3.36,202390
2022-04-18,3.33,3.29,3.35,3.25,288443
2022-04-19,3.3,3.43,3.45,3.25,221089
2022-04-20,3.45,3.33,3.45,3.24,163229
2022-04-21,3.38,3.22,3.42,3.18,179127
2022-04-22,3.2,3.22,3.29,3.175,289350
2022-04-25,3.2,3.35,3.35,3.08,335985
2022-04-26,3.3,2.97,3.3,2.96,265544
2022-04-27,2.92,2.97,3.02,2.882,450072
2022-04-28,2.95,3.02,3.08,2.84,392358
2022-04-29,2.97,3.03,3.12,2.97,272462
2022-05-02,3.01,3.17,3.19,2.97,325934
2022-05-03,3.15,3.18,3.255,3.07,290962
2022-05-04,3.16,3.27,3.32,2.96,326296
2022-05-05,3.15,2.92,3.23,2.85,270104
2022-05-06,2.9,2.93,3.03,2.75,382526
2022-05-09,2.79,3.23,3.32,2.19,1331081
2022-05-10,2.48,1.72,2.7479,1.585,2002011
2022-05-11,1.59,1.63,1.78,1.55,673504
2022-05-12,1.64,1.66,1.69,1.29,968367
2022-05-13,1.71,1.94,1.99,1.71,640923
2022-05-16,1.94,1.75,1.955,1.75,374992
2022-05-17,1.86,1.89,1.93,1.75,283775
2022-05-18,1.83,1.82,2.01,1.81,266586
2022-05-19,1.81,1.97,2.02,1.81,345065
2022-05-20,1.97,1.93,2.09,1.9039,264782
2022-05-23,2.02,1.97,2.03,1.86,222832
2022-05-24,1.95,1.92,1.96,1.78,280078
2022-05-25,1.88,1.98,2.04,1.8505,235576
2022-05-26,1.99,2.14,2.16,1.92,283865
2022-05-27,2.18,2.26,2.29,2.132,254025
2022-05-31,2.45,2.43,2.47,2.205,648678
2022-06-01,2.44,2.25,2.57,2.2,398194
2022-06-02,2.23,2.515,2.55,2.2188,306883
2022-06-03,2.46,2.3,2.47,2.25,285613
2022-06-06,2.38,2.05,2.415,2.04,340414
2022-06-07,2.0,1.89,2.025,1.7,588422
2022-06-08,1.85,1.91,1.985,1.85,188762
2022-06-09,1.85,1.71,1.91,1.71,326892
2022-06-10,1.67,1.64,1.76,1.64,161793
2022-06-13,1.6,1.48,1.6,1.46,369053
2022-06-14,1.48,1.5,1.5395,1.48,243006
2022-06-15,1.52,1.61,1.66,1.47,320379
2022-06-16,1.55,1.43,1.59,1.41,261334
2022-06-17,1.45,1.82,1.82,1.38,903213
2022-06-21,1.82,1.7,1.91,1.61,844908
2022-06-22,1.69,1.55,1.73,1.52,354140
2022-06-23,1.57,1.57,1.62,1.51,375265
2022-06-24,1.59,1.57,1.69,1.48,4174661
2022-06-27,1.53,1.54,1.69,1.5,623508
2022-06-28,1.58,1.4,1.61,1.39,207985
2022-06-29,1.38,1.27,1.39,1.26,233743
2022-06-30,1.31,1.37,1.41,1.262,265729
2022-07-01,1.36,1.32,1.398,1.29,177328
2022-07-05,1.37,1.52,1.54,1.29,288841
2022-07-06,1.46,1.52,1.55,1.46,103431
2022-07-07,1.53,1.64,1.67,1.53,271220
2022-07-08,1.64,1.79,1.83,1.555,341128
2022-07-11,1.78,1.67,1.85,1.66,473943
2022-07-12,1.72,1.66,1.72,1.555,244465
2022-07-13,1.61,1.72,1.74,1.56,117646
2022-07-14,1.7,1.6,1.745,1.55,191179
2022-07-15,1.64,1.74,1.8,1.57,306653
2022-07-18,1.77,1.77,1.97,1.74,295379
2022-07-19,1.81,1.88,1.96,1.8,396589
2022-07-20,1.91,1.98,2.1,1.87,468903
2022-07-21,1.95,2.0,2.0,1.9,80389
2022-07-22,2.01,1.79,2.01,1.785,124038
2022-07-25,1.77,1.69,1.7896,1.68,87242
2022-07-26,1.67,1.53,1.67,1.51,167731
2022-07-27,1.6,1.59,1.67,1.51,239511
2022-07-28,1.62,1.67,1.77,1.55,175269
2022-07-29,1.68,1.72,1.74,1.65,156467
2022-08-01,1.71,1.63,1.71,1.59,185010
2022-08-02,1.61,1.85,1.92,1.61,226053
2022-08-03,1.89,2.01,2.04,1.89,221901
2022-08-04,2.06,2.1,2.125,1.96,199294
2022-08-05,2.05,2.19,2.25,2.0,268704
2022-08-08,2.21,2.12,2.38,2.07,275951
2022-08-09,2.06,2.17,2.25,2.0213,178504
2022-08-10,2.26,2.32,2.34,2.1461,151093
2022-08-11,2.5,2.27,2.54,2.2,244515
2022-08-12,2.32,2.34,2.38,2.2201,201492
2022-08-15,2.34,2.49,2.56,2.3,187285
2022-08-16,2.5,2.6,2.665,2.39,387718
2022-08-17,2.61,2.24,2.61,2.19,251488
2022-08-18,2.21,2.03,2.26,2.0,163435
2022-08-19,1.93,1.8,1.95,1.78,357567
2022-08-22,1.75,1.73,1.78,1.66,192087
2022-08-23,1.79,1.67,1.815,1.63,324115
2022-08-24,1.73,1.73,1.845,1.69,252015
2022-08-25,1.78,1.86,1.87,1.72,188292
2022-08-26,1.86,1.79,1.9,1.745,205340
2022-08-29,1.73,1.83,1.91,1.71,174321
2022-08-30,1.85,1.96,1.99,1.85,217586
2022-08-31,1.98,2.01,2.09,1.86,1087089
2022-09-01,1.98,1.79,1.98,1.78,132771
2022-09-02,1.79,1.73,1.79,1.71,113354
2022-09-06,1.71,1.49,1.73,1.48,337521
2022-09-07,1.49,1.4,1.5799,1.36,416282
2022-09-08,1.38,1.57,1.57,1.34,469348
2022-09-09,1.63,1.67,1.73,1.58,250263
2022-09-12,1.72,1.81,1.84,1.6718,229299
2022-09-13,1.62,1.71,1.7899,1.6,269361
2022-09-14,1.74,1.7,1.74,1.62,129421
2022-09-15,1.7,1.67,1.75,1.62,430108
2022-09-16,1.61,1.6,1.6254,1.5215,398293
2022-09-19,1.57,1.63,1.63,1.5,420397
2022-09-20,1.58,1.47,1.59,1.45,145423
2022-09-21,1.47,1.495,1.53,1.42,101040
2022-09-22,1.49,1.41,1.49,1.35,297820
2022-09-23,1.4,1.29,1.45,1.29,869087
2022-09-26,1.29,1.3,1.37,1.27,685355
2022-09-27,1.32,1.31,1.4,1.28,395873
2022-09-28,1.33,1.34,1.36,1.29,346126
2022-09-29,1.32,1.22,1.35,1.205,269201
2022-09-30,1.21,1.26,1.385,1.2,218731
2022-10-03,1.26,1.17,1.285,1.13,358723
2022-10-04,1.23,1.4,1.48,1.21,466670
2022-10-05,1.33,1.31,1.37,1.29,225218
2022-10-06,1.28,1.27,1.33,1.22,296413
2022-10-07,1.25,1.14,1.25,1.13,233000
2022-10-10,1.13,1.12,1.135,1.09,405494
2022-10-11,1.1,1.04,1.13,1.0,632739
2022-10-12,1.02,1.005,1.037,1.0,160193
2022-10-13,0.97,1.01,1.02,0.9021,243165
2022-10-14,1.01,0.9501,1.025,0.95,315375
2022-10-17,0.9559,0.966,1.05,0.93,293053
2022-10-18,0.99,0.89,0.9999,0.8601,302577
2022-10-19,0.89,0.8813,0.9488,0.8205,208733
2022-10-20,0.8813,0.8878,0.95,0.87,237226
2022-10-21,0.9149,0.8038,0.9321,0.7972,281733
2022-10-24,0.8,0.8125,0.856,0.7622,421042
2022-10-25,0.8025,0.8277,0.882799,0.8,373554
2022-10-26,0.86,1.18,1.23,0.86,2524128
2022-10-27,1.15,1.1,1.17,1.05,815980
2022-10-28,1.09,1.15,1.15,1.05,183889
2022-10-31,1.17,1.01,1.17,1.01,361061
2022-11-01,1.02,1.01,1.065,0.98,459245
2022-11-02,1.07,0.9501,1.07,0.8901,410767
2022-11-03,0.9541,0.9242,0.9775,0.9202,91586
2022-11-04,0.99,0.9154,0.99,0.85,181101
2022-11-07,0.9191,0.899,0.9529,0.88,205962
2022-11-08,0.9031,0.8668,0.99,0.8378,447163
2022-11-09,0.85,0.7661,0.8576,0.7484,1694187
2022-11-10,0.83,0.8207,0.923,0.8045,652874
2022-11-11,0.849,0.9609,0.9898,0.8048,501608
2022-11-14,0.9321,0.95,1.06,0.8501,464489
2022-11-15,0.9625,0.9938,1.09,0.9,742715
2022-11-16,0.965,0.98,1.03,0.86,359371
2022-11-17,0.9501,0.9291,1.04,0.8837,509435
2022-11-18,0.9565,0.8901,0.9799,0.8394,233955
2022-11-21,0.89,0.7852,0.9935,0.7505,472595
2022-11-22,0.7848,0.7511,0.8846,0.75,935618
2022-11-23,0.76,0.8188,0.8397,0.7507,313117
2022-11-25,0.8186,0.8578,0.9,0.81,150893
2022-11-28,0.8645,0.8797,0.8957,0.7801,362483
2022-11-29,0.8722,0.8887,0.95,0.8722,195571
2022-11-30,0.9519,0.7816,0.98,0.7816,1050372
2022-12-01,0.8226,0.8286,0.8766,0.7825,328292
2022-12-02,0.81,0.95,1.04,0.8005,374910
2022-12-05,0.9452,0.949,1.01,0.8696,467754
2022-12-06,0.93,0.89,0.9519,0.8761,563549
2022-12-07,0.89,0.7776,0.909999,0.77,324525
2022-12-08,0.77,0.81,0.89,0.77,149236
2022-12-09,0.7857,0.78,0.849,0.754,189351
2022-12-12,0.76,0.7351,0.8104,0.73,759537
2022-12-13,0.7777,0.72,0.8,0.7122,308868
2022-12-14,0.704,0.68,0.74,0.6741,157410
2022-12-15,0.68,0.6929,0.7093,0.61,995870
2022-12-16,0.6602,0.6,0.7255,0.6,1884980
2022-12-19,0.6,0.624,0.6277,0.5727,508520
2022-12-20,0.62,0.6,0.65,0.57,378545
2022-12-21,0.5985,0.5995,0.65,0.5709,208809
2022-12-22,0.5995,0.549,0.618099,0.5338,326545
2022-12-23,0.55,0.54,0.5936,0.5101,1501465
2022-12-27,0.54,0.5077,0.55,0.4911,749962
2022-12-28,0.501,0.4122,0.525,0.38855,4390279
2022-12-29,0.4112,0.4488,0.53,0.3818,5219619
2022-12-30,0.45,0.56,0.6,0.449,3956499
2023-01-03,0.5775,0.6397,0.68,0.5775,825994
2023-01-04,0.702,0.6513,0.78,0.6385,948290
2023-01-05,0.67,0.8023,0.83,0.64,610172
2023-01-06,0.8367,0.7697,0.8367,0.75,235325
2023-01-09,0.86,0.9193,0.9952,0.8415,821616
2023-01-10,0.9,0.9427,0.9788,0.8512,518202
2023-01-11,0.99,0.996,1.0772,0.95,977800
2023-01-12,1.01,1.05,1.25,1.0,1202752
2023-01-13,1.05,1.11,1.295,1.05,1165115
2023-01-17,1.24,1.12,1.37,1.04,1113121
2023-01-18,1.19,1.015,1.24,1.0,716299
2023-01-19,1.01,0.9481,1.05,0.92,563293
2023-01-20,1.0,1.1,1.15,0.97,681366
2023-01-23,1.18,1.15,1.29,1.12,917893
2023-01-24,1.11,1.08,1.19,1.03,555745
2023-01-25,1.08,1.13,1.15,1.03,552506
2023-01-26,1.18,1.26,1.2891,1.18,781185
2023-01-27,1.26,1.47,1.5999,1.2401,1298298
2023-01-30,1.48,1.22,1.52,1.21,1374630
2023-01-31,1.24,1.2,1.37,1.18,876803
2023-02-01,1.2,1.38,1.46,1.2,1291102
2023-02-02,1.5,2.0,2.9,1.47,8404089
2023-02-03,2.06,1.84,2.08,1.8,2105464
2023-02-06,1.8,1.82,2.143,1.79,1685431
2023-02-07,1.95,1.7,1.97,1.63,1892023
2023-02-08,1.71,1.675,1.9,1.63,907878
2023-02-09,1.7,1.515,1.71,1.4401,1642504
2023-02-10,1.48,1.51,1.59,1.42,833448
2023-02-13,1.48,1.39,1.48,1.355,661256
2023-02-14,1.39,1.515,1.63,1.39,1006267
2023-02-15,1.62,1.83,1.9,1.5393,1917687
2023-02-16,1.7827,1.89,2.07,1.65,3180976
2023-02-17,1.86,1.9,1.93,1.7,1143935
2023-02-21,1.9,1.74,1.95,1.65,1238486
2023-02-22,1.72,1.73,1.77,1.61,644889
2023-02-23,1.8,1.64,1.86,1.53,1012190
2023-02-24,1.6,1.51,1.63,1.5,555709
2023-02-27,1.52,1.46,1.59,1.44,699384
2023-02-28,1.48,1.52,1.5999,1.43,748881
2023-03-01,1.6,1.46,1.67,1.425,576630
2023-03-02,1.43,1.59,1.62,1.39,1207330
2023-03-03,1.55,1.61,1.645,1.52,550647
2023-03-06,1.61,1.58,1.6335,1.52,553135
2023-03-07,1.56,1.49,1.6,1.4816,709390
2023-03-08,1.49,1.5,1.54,1.41,459841
2023-03-09,1.49,1.42,1.5,1.38,850606
2023-03-10,1.41,1.32,1.415,1.26,1604596
2023-03-13,1.42,1.82,1.85,1.4,2502935
2023-03-14,2.05,1.68,2.6,1.565,8195391
2023-03-15,1.74,1.83,1.94,1.69,2191335
2023-03-16,1.8,1.96,2.06,1.76,1776313
2023-03-17,2.15,2.32,2.35,1.9,4703553
2023-03-20,2.33,2.13,2.33,2.02,2320648
2023-03-21,2.15,2.5,2.5,2.09,1905165
2023-03-22,2.4,2.05,2.46,1.96,2913895
2023-03-23,2.06,2.34,2.37,2.04,2212059
2023-03-24,2.27,2.14,2.28,2.1,774116
2023-03-27,2.11,1.89,2.1461,1.815,1325848
2023-03-28,1.83,1.9,1.91,1.76,712760
2023-03-29,1.99,2.2,2.245,1.99,1195689
2023-03-30,2.27,2.09,2.3699,2.05,1609305
2023-03-31,2.14,2.33,2.35,2.13,1603307
2023-04-03,2.33,2.4,2.47,2.2377,1253122
2023-04-04,2.4,2.32,2.44,2.17,944503
2023-04-05,2.31,2.24,2.36,2.175,488927
2023-04-06,2.19,2.33,2.3731,2.12,550107
2023-04-10,2.33,2.54,2.64,2.24,2020410
2023-04-11,2.68,2.57,2.82,2.46,2982580
2023-04-12,2.67,2.36,2.7272,2.32,2052851
2023-04-13,2.47,2.65,2.84,2.445,2560337
2023-04-14,2.827,2.91,3.32,2.73,3294198
2023-04-17,2.52,2.69,2.7666,2.43,1588308
2023-04-18,2.76,2.78,2.94,2.7,1261566
2023-04-19,2.59,2.45,2.6,2.42,1497147
2023-04-20,2.45,2.34,2.5,2.25,869982
2023-04-21,2.44,2.26,2.52,2.135,1592056
2023-04-24,2.27,2.08,2.27,2.04,987106
2023-04-25,2.07,2.2,2.2572,2.03,1450283
2023-04-26,2.47,2.29,2.55,2.26,1860128
2023-04-27,2.27,2.34,2.34,2.2,761804
2023-04-28,2.29,2.31,2.3594,2.215,658616
2023-05-01,2.25,2.1,2.28,2.075,871158
2023-05-02,2.09,2.26,2.3,2.0773,635904
2023-05-03,2.16,2.4,2.415,2.125,849980
2023-05-04,2.42,2.38,2.49,2.26,755380
2023-05-05,2.38,2.21,2.42,2.2,1030347
2023-05-08,2.16,1.95,2.21,1.9101,1250193
2023-05-09,1.98,2.0,2.1,1.76,1547420
2023-05-10,2.08,2.19,2.3,2.0,1342556
2023-05-11,2.16,2.01,2.169,1.97,789958
2023-05-12,1.98,2.1,2.12,1.87,1372600
2023-05-15,2.09,2.41,2.45,2.05,1521349
2023-05-16,2.4,2.44,2.45,2.3,865723
2023-05-17,2.4,2.47,2.55,2.39,880686
2023-05-18,2.42,2.38,2.505,2.345,549252
2023-05-19,2.44,2.53,2.55,2.335,834882
2023-05-22,2.48,2.49,2.51,2.36,511016
2023-05-23,2.48,2.45,2.62,2.38,1040476
2023-05-24,2.42,2.29,2.44,2.21,647856
2023-05-25,2.32,2.3,2.36,2.22,530074
2023-05-26,2.29,2.39,2.4,2.25,603661
2023-05-30,2.53,2.45,2.6,2.3987,1099311
2023-05-31,2.36,2.54,2.55,2.29,1062747
2023-06-01,2.55,2.52,2.57,2.46,509616
2023-06-02,2.53,2.58,2.6,2.445,985480
2023-06-05,2.52,2.35,2.55,2.3,1051393
2023-06-06,2.25,2.38,2.39,2.15,900695
2023-06-07,2.35,2.33,2.45,2.2601,712529
2023-06-08,2.32,2.29,2.35,2.23,539765
2023-06-09,2.3,2.3,2.32,2.19,551588
2023-06-12,2.27,2.42,2.54,2.27,1277434
2023-06-13,2.47,2.51,2.53,2.43,740161
2023-06-14,2.54,2.6,2.68,2.52,1130741
2023-06-15,2.45,2.49,2.65,2.32,1132754
2023-06-16,2.57,3.05,3.15,2.49,4215879
2023-06-20,3.08,2.97,3.23,2.79,2830631
2023-06-21,3.07,2.96,3.15,2.845,2471501
2023-06-22,2.95,2.82,2.9841,2.72,1488883
2023-06-23,2.83,2.9,2.92,2.712,2872429
2023-06-26,2.9,2.84,3.0,2.72,854063
2023-06-27,2.9,2.9,2.9516,2.83,1360891
2023-06-28,2.88,2.9,2.95,2.775,1007943
2023-06-29,2.89,2.9,3.0,2.77,2031053
2023-06-30,2.91,2.86,3.0,2.66,1777699
2023-07-03,2.92,3.22,3.285,2.89,1818463
2023-07-05,3.14,3.48,3.57,3.02,1954987
2023-07-06,3.59,3.37,3.59,3.13,1314352
2023-07-07,3.34,3.73,4.07,3.33,2758584
2023-07-10,3.885,4.32,4.37,3.64,2398876
2023-07-11,4.38,4.04,4.38,3.92,2769163
2023-07-12,4.14,4.24,4.4517,4.01,2243283
2023-07-13,4.35,5.21,5.295,4.265,3545184
2023-07-14,5.05,4.91,5.26,4.66,2303205
2023-07-17,4.92,4.76,5.07,4.59,1512447
2023-07-18,4.7,4.64,4.75,4.335,1600052
2023-07-19,4.67,4.72,4.91,4.53,1451246
2023-07-20,4.84,4.47,5.03,4.43,1116786
2023-07-21,4.56,4.34,4.64,4.145,1203079
2023-07-24,4.12,4.01,4.16,3.8,1581495
2023-07-25,4.03,3.88,4.1393,3.82,1666336
2023-07-26,3.8,3.78,3.9099,3.68,1570864
2023-07-27,3.92,3.52,3.9586,3.52,1801085
2023-07-28,3.58,3.5,3.66,3.43,1706654
2023-07-31,3.67,3.8,3.8976,3.63,1194187
2023-08-01,3.73,3.53,3.73,3.385,1501796
2023-08-02,3.53,3.73,3.78,3.445,1508031
2023-08-03,3.63,3.58,3.67,3.485,1246500
2023-08-04,3.57,3.47,3.71,3.44,1250841
2023-08-07,3.4,3.34,3.45,3.16,1796446
2023-08-08,3.42,3.73,3.84,3.34,1820388
2023-08-09,3.8,3.68,3.85,3.52,1436739
2023-08-10,3.71,3.57,3.7101,3.45,1803600
2023-08-11,3.5,3.67,3.89,3.48,1188716
2023-08-14,3.7,3.72,3.8376,3.49,1503893
2023-08-15,3.6,3.425,3.71,3.31,1679025
2023-08-16,3.4,3.3,3.44,3.26,1014229
2023-08-17,3.18,3.17,3.37,3.0,2340891
2023-08-18,3.0,3.135,3.16,2.625,3799394
2023-08-21,3.01,2.855,3.125,2.822,1563104
2023-08-22,2.87,2.81,2.99,2.78,1306441
2023-08-23,2.79,3.1,3.13,2.78,1304050
2023-08-24,3.18,2.94,3.19,2.92,1360596
2023-08-25,3.0,2.97,3.155,2.91,1320295
2023-08-28,3.03,2.97,3.095,2.94,816631
2023-08-29,3.0,3.45,3.57,2.98,3174048
2023-08-30,3.4,3.34,3.4712,3.24,2703962
2023-08-31,3.34,3.19,3.415,3.12,1821551
2023-09-01,3.2,3.01,3.24,2.88,2218788
2023-09-05,2.93,3.02,3.0599,2.91,1077289
2023-09-06,3.0,2.94,3.09,2.895,904714
2023-09-07,2.91,3.03,3.08,2.78,715325
2023-09-08,3.05,3.01,3.05,2.96,424034
2023-09-11,2.76,2.76,2.76,2.76,411
2023-09-12,3.04,2.8,3.13,2.74,1462301
2023-09-13,2.83,2.77,2.84,2.71,542617
2023-09-14,2.95,2.82,2.95,2.79,1060097
2023-09-15,2.85,2.87,2.9,2.76,1536055
2023-09-18,2.97,2.86,3.14,2.85,883675
2023-09-19,2.82,2.75,2.885,2.695,1569649
2023-09-20,2.75,2.68,2.8,2.68,857700
2023-09-21,2.71,2.66,2.821,2.64,1459267
2023-09-22,2.71,2.44,2.72,2.44,804363
2023-09-25,2.41,2.34,2.43,2.33,721218
2023-09-26,2.35,2.28,2.3983,2.26,548218
2023-09-27,2.45,2.31,2.48,2.28,535256
2023-09-28,2.31,2.39,2.5,2.25,1233215
2023-09-29,2.4,2.33,2.4153,2.29,702749
2023-10-02,2.59,2.54,2.75,2.45,1740489
2023-10-03,2.47,2.315,2.51,2.28,964054
2023-10-04,2.3,2.49,2.51,2.25,862162
2023-10-05,2.47,2.45,2.52,2.41,666007
2023-10-06,2.41,2.67,2.685,2.41,1103420
2023-10-09,2.55,2.55,2.6699,2.455,1345753
2023-10-10,2.55,2.59,2.66,2.5299,692430
2023-10-11,2.58,2.47,2.63,2.4,643936
2023-10-12,2.41,2.4,2.465,2.36,510630
2023-10-13,2.42,2.4,2.44,2.36,409386
2023-10-16,2.47,2.66,2.77,2.46,1824017
2023-10-17,2.57,2.79,2.83,2.57,1243518
2023-10-18,2.75,2.63,2.86,2.6,850537
2023-10-19,2.62,2.57,2.64,2.5,1270060
2023-10-20,2.73,2.6,2.77,2.53,1503372
2023-10-23,2.69,2.67,2.72,2.5601,2481708
2023-10-24,2.96,3.14,3.15,2.7,5101214
2023-10-25,3.09,3.54,3.57,3.0101,2604657
2023-10-26,3.47,3.52,3.64,3.4,1655378
2023-10-27,3.53,3.32,3.64,3.23,1819089
2023-10-30,3.43,3.49,3.749,3.32,2172834
2023-10-31,3.4,3.33,3.418,3.14,1246649
2023-11-01,3.34,3.495,3.56,3.31,1331744
2023-11-02,3.69,3.95,4.04,3.67,2566803
2023-11-03,3.86,4.1,4.2676,3.86,2011284
2023-11-06,4.23,3.88,4.23,3.785,2194897
2023-11-07,3.82,3.85,3.905,3.64,1679493
2023-11-08,4.04,3.57,4.04,3.54,2185965
2023-11-09,3.8,3.12,3.8,2.895,12288879
2023-11-10,3.01,2.98,3.1869,2.95,1702179
2023-11-13,2.99,2.88,2.99,2.74,2520213
2023-11-14,2.85,2.85,2.94,2.76,2112543
2023-11-15,2.88,2.88,3.1,2.815,4285220
2023-11-16,2.82,2.5,2.825,2.5,2677759
2023-11-17,2.61,2.475,2.61,2.46,1573147
2023-11-20,2.45,2.49,2.63,2.44,4773933
2023-11-21,2.53,2.44,2.53,2.4,1495976
2023-11-22,2.45,2.55,2.56,2.4122,1460978
2023-11-24,2.61,2.69,2.705,2.525,1279075
2023-11-27,2.6,2.62,2.71,2.58,1972665
2023-11-28,2.68,2.69,2.73,2.62,2639057
2023-11-29,2.8,2.74,2.8,2.65,2145784
2023-11-30,2.79,2.77,2.8699,2.715,2372395
2023-12-01,2.8,2.94,3.005,2.74,7398599
2023-12-04,3.2,2.99,3.23,2.98,12808716
2023-12-05,3.01,2.79,3.125,2.765,6601812
2023-12-06,2.88,2.74,2.92,2.69,3353516
2023-12-07,2.66,2.62,2.71,2.55,2872252
2023-12-08,2.61,2.91,2.93,2.61,4309386
2023-12-11,2.85,2.45,2.85,2.43,3398709
2023-12-12,2.53,2.33,2.535,2.32,3259137
2023-12-13,2.36,2.46,2.49,2.29,4898317
2023-12-14,2.57,2.58,2.66,2.52,4311031
2023-12-15,2.6,2.6,2.62,2.53,5951905
2023-12-18,2.55,3.14,3.21,2.53,15377696
2023-12-19,3.38,3.59,3.855,3.32,20154412
2023-12-20,3.845,3.83,4.2,3.66,22682742
2023-12-21,4.19,4.05,4.31,3.98,16330192
2023-12-22,4.03,4.03,4.21,3.955,21299320
2023-12-26,4.12,4.98,5.31,3.93,30471556
2023-12-27,5.6,5.27,5.6,5.06,27485539
2023-12-28,5.0,4.81,5.1575,4.67,18895716
2023-12-29,4.96,4.13,4.96,4.0,19616866
2024-01-02,4.69,4.13,4.77,4.09,10280891
2024-01-03,3.76,3.93,4.2795,3.66,11653422
2024-01-04,4.1,4.19,4.3289,3.96,8359036
2024-01-05,4.11,3.91,4.11,3.78,7679347
2024-01-08,3.995,4.04,4.065,3.52,12200261
2024-01-09,3.95,3.82,4.01,3.79,6224311
2024-01-10,3.68,3.79,3.9699,3.6,8362781
2024-01-11,4.0,3.51,4.12,3.31,9548492
2024-01-12,3.34,3.26,3.51,3.22,7413398
2024-01-16,3.11,2.9,3.11,2.84,7744697
2024-01-17,2.83,2.8,2.88,2.76,4366230
2024-01-18,2.88,2.63,2.89,2.6,6261547
2024-01-19,2.61,2.68,2.69,2.46,6364923
2024-01-22,2.63,2.82,2.8693,2.555,5112431
2024-01-23,2.82,2.74,2.85,2.7,3238172
2024-01-24,2.8,2.285,2.86,2.215,14871997
2024-01-25,2.26,2.36,2.39,2.155,6340620
2024-01-26,2.46,2.75,2.86,2.45,11368611
2024-01-29,2.84,3.11,3.21,2.71,12916577
2024-01-30,3.19,3.08,3.21,3.01,7983132
2024-01-31,2.91,3.04,3.29,2.86,15425670
2024-02-01,3.03,2.86,3.11,2.8,7357337
2024-02-02,2.87,2.68,2.87,2.625,5224173
2024-02-05,2.6,2.45,2.63,2.44,4842764
2024-02-06,2.41,2.59,2.6,2.4,3729174
2024-02-07,2.59,2.51,2.635,2.42,4441473
2024-02-08,2.62,2.9,2.91,2.6094,6626359
2024-02-09,3.3,3.35,3.44,3.0701,12150699
2024-02-12,3.4,3.9,3.96,3.36,10702971
2024-02-13,3.48,3.5,3.65,3.15,10378080
2024-02-14,3.96,4.02,4.06,3.68,11455933
2024-02-15,4.1,4.2,4.47,3.993,14958672
2024-02-16,4.2,3.78,4.25,3.76,13275147
2024-02-20,3.78,3.5,3.85,3.22,9181241
2024-02-21,3.33,3.13,3.43,3.105,4544481
2024-02-22,3.23,3.245,3.4299,3.15,3969317
2024-02-23,3.14,3.03,3.15,2.96,5082247
2024-02-26,3.02,3.4,3.465,2.97,9781749
2024-02-27,3.6,3.45,3.68,3.2401,9536722
2024-02-28,3.57,3.27,3.72,3.16,13185775
2024-02-29,3.3,2.96,3.31,2.92,8585185
2024-03-01,3.0,3.09,3.09,2.825,4687067
2024-03-04,3.09,2.87,3.195,2.85,10622532
2024-03-05,3.08,2.85,3.19,2.81,10661903
2024-03-06,2.92,3.63,3.83,2.91,19048475
2024-03-07,3.54,3.42,3.57,3.28,9012302
2024-03-08,3.55,3.51,3.8,3.28,12839267
2024-03-11,3.66,3.16,3.7,3.15,8455436
2024-03-12,3.2,3.135,3.24,3.045,4791684
2024-03-13,3.09,3.38,3.46,3.04,7441225
2024-03-14,3.33,3.17,3.38,3.0415,6672406
2024-03-15,3.09,3.53,3.54,3.09,10597831
2024-03-18,3.62,3.95,4.0699,3.4,14272032
2024-03-19,3.8,4.1,4.26,3.69,14220495
2024-03-20,4.3,4.55,4.71,4.12,15720920
2024-03-21,4.3,4.83,5.045,4.28,12449385
2024-03-22,4.69,4.62,4.81,4.51,8155801
2024-03-25,4.81,5.26,5.46,4.76,16804103
2024-03-26,5.37,5.22,5.48,5.16,12534022
2024-03-27,5.33,5.33,5.655,5.25,11048432
2024-03-28,5.35,5.15,5.75,5.03,14473601
2024-04-01,4.94,4.88,4.94,4.61,6556403
2024-04-02,4.34,4.29,4.37,4.0,10712253
2024-04-03,4.24,4.35,4.49,4.155,5025409
2024-04-04,4.44,4.16,4.59,4.15,6297805
2024-04-05,4.06,4.05,4.215,3.885,4832759
2024-04-08,4.32,4.29,4.55,3.91,8056605
2024-04-09,4.2,4.2,4.31,4.12,4105602
2024-04-10,3.97,4.21,4.42,3.94,5946077
2024-04-11,4.21,4.15,4.21,3.875,6934575
2024-04-12,4.06,3.825,4.15,3.735,5772871
2024-04-15,3.82,3.65,3.9,3.59,4059640
2024-04-16,3.542,3.36,3.57,3.3,6140253
2024-04-17,3.37,3.42,3.59,3.3,5592674
2024-04-18,3.49,3.68,3.835,3.41,5565365
2024-04-19,3.7,3.84,3.99,3.56,8233071
2024-04-22,4.03,4.56,4.565,3.86,8317455
2024-04-23,4.47,4.81,4.89,4.41,7142179
2024-04-24,4.77,4.64,5.0,4.55,4933432
2024-04-25,4.32,4.43,4.46,4.19,6526302
2024-04-26,4.48,4.5,4.62,4.3905,3506857
2024-04-29,4.25,4.04,4.3549,3.97,5486401
2024-04-30,3.95,3.72,4.05,3.68,7759414
2024-05-01,3.6,3.69,3.9,3.37,8397440
2024-05-02,3.9,3.93,3.99,3.71,4450143
2024-05-03,4.1,4.14,4.4,4.065,4614167
2024-05-06,4.3,4.47,4.515,4.27,5271131
2024-05-07,4.35,3.79,4.38,3.74,10814535
2024-05-08,3.73,3.775,3.84,3.5317,4320039
2024-05-09,3.77,3.95,4.04,3.7455,4372951
2024-05-10,4.05,3.72,4.09,3.67,5484802
2024-05-13,3.84,3.72,3.99,3.705,2900355
2024-05-14,3.7,3.71,3.94,3.65,4225912
2024-05-15,3.89,4.16,4.19,3.7,5407575
2024-05-16,4.15,4.07,4.33,4.005,4755310
2024-05-17,4.13,3.85,4.175,3.83,5680804
2024-05-20,3.79,3.99,4.07,3.73,6926955
2024-05-21,3.93,4.02,4.17,3.93,4858401
2024-05-22,4.09,4.13,4.48,4.0515,10428901
2024-05-23,4.21,3.9,4.26,3.87,4941828
2024-05-24,3.95,4.09,4.23,3.83,6700438
2024-05-28,4.06,4.0,4.14,3.91,6576314
2024-05-29,3.92,3.8,3.95,3.76,5076050
2024-05-30,3.86,3.76,3.87,3.64,8129075
2024-05-31,3.82,3.71,3.86,3.57,9145957
2024-06-03,3.78,3.64,3.88,3.63,4553965
2024-06-04,3.6,3.85,3.955,3.58,6584707
2024-06-05,3.91,4.04,4.05,3.745,6539840
2024-06-06,4.11,4.11,4.36,4.04,11937205
2024-06-07,4.11,4.03,4.57,3.98,12001108
2024-06-10,3.99,4.18,4.42,3.97,9631026
2024-06-11,3.98,4.195,4.22,3.76,9339869
2024-06-12,4.32,4.57,4.74,4.32,15644869
2024-06-13,4.63,4.99,5.115,4.63,18311094
2024-06-14,5.1,4.95,5.23,4.84,10617064
2024-06-17,4.84,5.0,5.18,4.62,11722457
2024-06-18,4.8,5.01,5.065,4.65,8984819
2024-06-20,5.338,5.24,5.8899,5.105,24276116
2024-06-21,4.982,4.56,5.0,4.37,20542417
2024-06-24,4.27,4.27,4.475,4.17,10518805
2024-06-25,4.39,4.24,4.455,4.18,13190249
2024-06-26,4.33,4.21,4.55,4.18,9914756
2024-06-27,4.25,4.19,4.39,4.045,11227019
2024-06-28,4.22,4.15,4.31,4.06,25480520
2024-07-01,4.23,4.72,4.745,4.23,14007858
2024-07-02,4.69,4.58,4.83,4.5111,8348239
2024-07-03,4.47,4.65,4.82,4.4,5828206
2024-07-05,4.2,4.7,4.715,4.17,7850854
2024-07-08,4.75,4.62,4.8648,4.585,5797489
2024-07-09,4.7,4.37,4.78,4.31,6742946
2024-07-10,4.46,4.43,4.5,4.315,5842485
2024-07-11,4.61,4.36,4.715,4.34,7866763
2024-07-12,4.4,4.68,4.71,4.32,6905944
2024-07-15,4.938,5.98,5.99,4.87,17461875
2024-07-16,6.07,6.78,6.84,5.98,19403626
2024-07-17,6.6,6.78,7.99,6.35,23266466
2024-07-18,7.075,6.0,7.1,5.89,15697267
2024-07-19,6.09,6.19,6.39,5.9012,10539383
2024-07-22,6.3,6.46,6.52,5.955,9396575
2024-07-23,6.3,6.13,6.56,6.0,7698763
2024-07-24,6.25,5.72,6.3086,5.69,7952536
2024-07-25,5.55,5.51,5.779,5.33,6563134
2024-07-26,5.88,5.82,6.01,5.61,7465808
2024-07-29,6.03,5.57,6.1796,5.46,6199628
2024-07-30,5.59,5.31,5.6691,5.225,5021367
2024-07-31,5.49,5.23,5.685,5.2,8801839
2024-08-01,5.21,4.83,5.36,4.8,7920554
2024-08-02,4.6,4.33,4.765,4.23,9355519
2024-08-05,3.59,4.05,4.1399,3.35,11452899
2024-08-06,4.21,3.97,4.23,3.905,5722545
2024-08-07,4.18,3.88,4.42,3.85,10290336
2024-08-08,4.13,4.33,4.45,4.0,8071592
2024-08-09,4.28,4.07,4.39,4.05,5244708
2024-08-12,4.07,3.93,4.08,3.85,5673801
2024-08-13,3.95,3.92,4.145,3.8599,6414849
2024-08-14,4.0,3.65,4.12,3.65,11609447
2024-08-15,3.8,3.86,4.11,3.795,13776559
2024-08-16,3.86,3.84,4.075,3.79,10748564
2024-08-19,3.9,3.99,4.05,3.88,7208822
2024-08-20,4.13,3.95,4.2087,3.87,6027293
2024-08-21,4.02,4.05,4.119,3.96,9066236
2024-08-22,4.08,3.79,4.08,3.76,7388553
2024-08-23,3.88,4.0,4.0,3.81,10858766
2024-08-26,3.96,4.01,4.055,3.82,9774399
2024-08-27,3.9,3.74,3.95,3.67,7918140
2024-08-28,3.7,3.53,3.785,3.52,7034224
2024-08-29,3.64,3.59,3.8399,3.555,7474280
2024-08-30,3.61,3.51,3.67,3.49,8093481
2024-09-03,3.4,3.2,3.46,3.15,8055863
2024-09-04,3.08,2.975,3.155,2.9212,11492778
2024-09-05,2.99,2.89,3.05,2.864,5911733
2024-09-06,2.97,2.7,2.98,2.655,8386007
2024-09-09,2.79,2.95,2.96,2.74,7772566
2024-09-10,2.98,3.11,3.12,2.83,9358836
2024-09-11,3.0,3.1,3.185,2.87,7741704
2024-09-12,3.08,3.09,3.14,3.0,5450116
2024-09-13,3.1,3.09,3.215,3.04,5362863
2024-09-16,3.0,3.01,3.04,2.86,4514916
2024-09-17,3.13,2.98,3.14,2.97,9376999
2024-09-18,3.03,2.9,3.145,2.85,11233511
2024-09-19,3.1,2.93,3.11,2.91,8638725
2024-09-20,2.93,2.9,2.99,2.86,19023460
2024-09-23,2.93,2.99,3.03,2.92,10638597
2024-09-24,3.04,3.44,3.48,3.04,22433131
2024-09-25,3.65,3.86,4.18,3.63,22690832
2024-09-26,4.01,4.14,4.23,3.81,14646895
2024-09-27,4.18,4.11,4.27,3.93,10103045
2024-09-30,3.73,3.87,4.1099,3.66,8487106
2024-10-01,3.85,3.58,3.88,3.475,11217219
2024-10-02,3.52,3.85,3.89,3.51,7840691
2024-10-03,3.72,3.82,3.86,3.66,5164904
2024-10-04,3.94,4.1,4.21,3.91,11918337
2024-10-07,4.08,4.02,4.15,3.9101,7271746
2024-10-08,3.99,3.96,4.05,3.88,5043700
2024-10-09,3.96,3.77,3.99,3.74,5983454
2024-10-10,3.72,3.67,3.75,3.5825,5473722
2024-10-11,3.71,4.19,4.2,3.705,7403755
2024-10-14,4.29,4.32,4.54,4.2,9561658
2024-10-15,4.45,4.38,4.6,4.16,11938681
2024-10-16,4.5,5.01,5.0399,4.38,15096567
2024-10-17,4.94,4.82,4.99,4.715,8599186
2024-10-18,4.91,4.97,5.03,4.8,10542842
2024-10-21,4.845,5.38,5.39,4.62,14119671
2024-10-22,5.34,5.5,5.52,5.13,9960939
2024-10-23,5.28,5.15,5.41,4.95,10674505
2024-10-24,5.27,5.585,5.59,5.25,10141456
2024-10-25,5.59,5.46,5.6,5.35,9565267
2024-10-28,5.64,5.66,5.81,5.55,10066729
2024-10-29,5.81,5.39,5.85,5.3297,11562016
2024-10-30,5.07,5.28,5.43,5.0,8203205
2024-10-31,5.01,4.93,5.07,4.77,10687741
2024-11-01,5.09,5.25,5.32,4.87,12921824
2024-11-04,5.11,5.04,5.335,4.985,11378540
2024-11-05,5.19,5.32,5.65,5.155,10630385
2024-11-06,6.1,6.97,7.0,5.9701,28357642
2024-11-07,6.67,6.95,7.095,6.42,19742870
2024-11-08,6.92,7.16,7.2,6.5,13830078
2024-11-11,7.48,7.43,7.77,7.07,22539148
2024-11-12,6.842,7.35,7.57,6.78,11107431
2024-11-13,7.4,6.62,7.7472,6.62,11548443
2024-11-14,6.73,6.42,7.025,6.33,8557492
2024-11-15,6.59,6.63,6.67,6.27,5921416
2024-11-18,6.52,6.53,7.05,6.44,5776187
2024-11-19,6.46,6.68,6.74,6.33,5139831
2024-11-20,6.86,6.51,7.0,6.3249,10560818
2024-11-21,6.88,6.19,7.051,6.03,10170492
2024-11-22,6.03,6.78,6.99,5.85,9446202
2024-11-25,6.91,6.45,6.9186,6.21,8853697
2024-11-26,6.17,5.63,6.23,5.61,9376635
2024-11-27,5.7,6.45,6.45,5.675,9453118
2024-11-29,6.555,6.7,7.29,6.555,9483482
2024-12-02,6.67,6.3,6.745,6.14,9477369
2024-12-03,6.05,6.19,6.45,5.96,7324140
2024-12-04,6.34,6.85,6.915,6.22,9351417
2024-12-05,7.223,6.89,7.535,6.8637,13270459
2024-12-06,7.0,7.11,7.4869,6.98,15272886
2024-12-09,7.05,6.38,7.1,6.35,9980527
2024-12-10,6.52,6.13,6.58,6.12,6935166
2024-12-11,6.3,6.46,6.53,6.18,8094495
2024-12-12,6.47,6.49,6.895,6.285,10926771
2024-12-13,6.41,6.13,6.5,6.055,8377487
2024-12-16,6.21,7.39,7.67,6.14,23025991
2024-12-17,7.46,7.23,7.56,7.08,12538057
2024-12-18,7.19,6.29,7.31,6.11,13264674
2024-12-19,6.535,5.74,6.63,5.7,10619932
2024-12-20,5.56,5.73,5.94,5.48,14877925
2024-12-23,5.71,5.21,5.72,5.19,10155330
2024-12-24,5.3335,5.5,5.575,5.23,5741343
2024-12-26,5.38,5.26,5.45,5.25,5921087
2024-12-27,5.23,4.86,5.41,4.83,9866204
2024-12-30,4.69,4.66,4.815,4.51,10026894
2024-12-31,4.839,4.64,4.87,4.51,9125864
2025-01-02,4.84,4.83,5.04,4.67,7396308
2025-01-03,4.9,5.57,5.58,4.855,9916002
2025-01-06,5.74,5.85,5.97,5.5,8576522
2025-01-07,5.83,5.39,5.83,5.2,6358179
2025-01-08,5.25,5.05,5.295,4.95,5836006
2025-01-10,4.96,4.98,5.04,4.75,8810459
2025-01-13,4.71,4.81,4.83,4.59,9508442
2025-01-14,5.1,4.95,5.245,4.88,6852414
2025-01-15,5.25,5.24,5.41,5.07,6319954
2025-01-16,5.21,5.2,5.455,5.1546,6461298
2025-01-17,5.5,5.43,5.71,5.35,8574208
2025-01-21,5.45,5.39,5.55,5.045,10177948
2025-01-22,5.38,5.51,5.62,5.15,9685525
2025-01-23,5.32,5.53,5.8,5.31,9499293
2025-01-24,5.68,5.9,6.41,5.6052,17478646
2025-01-27,5.43,4.51,5.4387,4.1,30563745
2025-01-28,4.7,4.49,4.75,4.26,13441725
2025-01-29,4.43,4.5,4.605,4.385,17217950
2025-01-30,4.6,4.7,4.875,4.595,12990332
2025-01-31,5.6,5.73,6.29,5.5,43243879
2025-02-03,5.23,5.82,6.0385,5.12,15682586
2025-02-04,5.77,5.81,5.9,5.6,7186451
2025-02-05,5.89,5.71,6.05,5.65,8839113
2025-02-06,5.81,5.89,6.37,5.71,18258935
2025-02-07,6.075,5.97,6.45,5.8701,10873489
2025-02-10,6.08,5.96,6.15,5.905,10952196
2025-02-11,5.9,5.7,6.175,5.67,8375094
2025-02-12,5.53,5.78,5.9251,5.53,6938209
2025-02-13,5.775,5.98,6.0,5.56,6628950
2025-02-14,5.99,6.06,6.17,5.97,6766686
2025-02-18,6.085,5.9,6.22,5.85,9133038
2025-02-19,5.92,6.02,6.33,5.92,8439181
2025-02-20,6.05,6.08,6.17,5.81,8575643
2025-02-21,6.18,5.49,6.435,5.47,16653374
2025-02-24,5.61,4.965,5.62,4.75,18956171
2025-02-25,4.64,4.1,4.75,3.845,41009463
2025-02-26,4.04,4.175,4.325,3.97,20917968
2025-02-27,4.528,3.97,4.8795,3.94,30367525
2025-02-28,3.97,4.08,4.12,3.87,39086850
2025-03-03,4.51,3.85,4.6,3.81,23737106
2025-03-04,3.65,3.75,3.96,3.3101,16561867
2025-03-05,3.835,4.16,4.16,3.78,12526221
2025-03-06,3.88,3.79,4.03,3.73,12531456
2025-03-07,3.76,3.89,3.95,3.64,10654640
2025-03-10,3.64,3.08,3.69,2.9901,15111922
2025-03-11,3.06,3.18,3.25,2.87,13499836
2025-03-12,3.33,3.2,3.43,3.07,11224891
2025-03-13,3.12,3.03,3.2,2.96,11321633
2025-03-14,3.08,3.04,3.15,2.94,15940614
2025-03-17,3.01,3.12,3.19,2.92,16305359
2025-03-18,3.02,2.87,3.065,2.86,11283888
2025-03-19,2.89,3.06,3.175,2.88,11937784
2025-03-20,2.97,3.0,3.11,2.92,13446620
2025-03-21,2.91,2.92,2.96,2.8401,13746150
2025-03-24,3.04,3.2,3.22,3.02,16218291
2025-03-25,3.19,3.04,3.19,2.96,10453751
2025-03-26,3.02,2.68,3.03,2.58,13285007
2025-03-27,2.635,2.54,2.68,2.52,8037718
2025-03-28,2.55,2.32,2.55,2.28,9909463
2025-03-31,2.27,2.3,2.31,2.18,6795433
2025-04-01,2.31,2.46,2.49,2.21,9701537
2025-04-02,2.38,2.65,2.65,2.35,13161841
2025-04-03,2.33,2.31,2.44,2.27,9602313
2025-04-04,2.25,2.1,2.3,1.86,20714830
2025-04-07,1.89,2.23,2.4,1.86,24656933
2025-04-08,2.38,2.11,2.3892,2.09,10292838
2025-04-09,2.05,2.46,2.58,2.03,16867143
2025-04-10,2.34,2.22,2.4,2.12,10114631
2025-04-11,2.21,2.42,2.46,2.2,7381235
