2018-04-05,50.28,50.27,50.28,50.26,900
2018-04-09,50.6,50.6,50.6,50.6,159
2018-04-12,NaN,50.6,NaN,NaN,10
2018-04-13,51.38,51.34,51.38,51.275,496
2018-04-16,51.36,51.3,51.36,51.3,350
2018-04-18,51.74,51.7,51.74,51.7,550
2018-04-19,51.7,51.7,51.7,51.7,310
2018-04-20,NaN,51.7,NaN,NaN,95
2018-04-23,51.085,51.085,51.085,51.085,200
2018-04-24,51.3799,51.28,51.42,51.28,1447
2018-04-25,51.16,51.34,51.34,51.15,800
2018-04-27,51.47,51.47,51.47,51.47,211
2018-04-30,51.46,51.415,51.46,51.415,1182
2018-05-01,51.3,51.32,51.32,51.3,661
2018-05-02,51.37,51.35,51.37,51.35,825
2018-05-03,51.2335,51.3276,51.3276,51.2335,284
2018-05-04,51.6315,51.6315,51.6315,51.6315,188
2018-05-07,NaN,51.6315,NaN,NaN,132
2018-05-08,51.35,51.35,51.35,51.35,420
2018-05-09,51.82,51.82,51.82,51.82,287
2018-05-10,52.07,52.07,52.07,52.07,211
2018-05-11,52.0,52.0,52.0,52.0,404
2018-05-14,51.965,51.965,51.965,51.965,137
2018-05-15,51.97,51.8599,51.97,51.8599,690
2018-05-18,NaN,51.8599,NaN,NaN,86
2018-05-21,52.2599,52.4199,52.42,52.25,1162
2018-05-24,52.62,52.859,52.86,52.62,626
2018-05-25,52.42,52.42,52.42,52.42,400
2018-05-29,NaN,52.42,NaN,NaN,10
2018-05-31,NaN,52.42,NaN,NaN,20
2018-06-01,52.2,52.2,52.2,52.2,111
2018-06-04,52.02,52.02,52.02,52.02,500
2018-06-05,NaN,52.02,NaN,NaN,0
2018-06-06,NaN,52.02,NaN,NaN,0
2018-06-07,NaN,52.02,NaN,NaN,0
2018-06-08,52.0,52.0,52.0,52.0,1150
2018-06-11,52.05,52.0599,52.0599,52.05,1000
2018-06-12,NaN,52.0599,NaN,NaN,0
2018-06-13,51.88,51.88,51.88,51.88,518
2018-06-14,NaN,51.88,NaN,NaN,0
2018-06-15,51.05,50.77,51.05,50.77,680
2018-06-18,50.48,50.585,50.585,50.4768,1100
2018-06-19,50.15,50.15,50.15,50.15,144
2018-06-20,NaN,50.15,NaN,NaN,0
2018-06-21,NaN,50.15,NaN,NaN,54
2018-06-22,50.499,50.5,50.5,50.499,825
2018-06-25,49.85,49.85,49.85,49.85,278
2018-06-26,49.53,49.6388,49.6388,49.53,400
2018-06-27,NaN,49.6388,NaN,NaN,0
2018-06-28,50.0,49.8,50.0,49.8,647
2018-06-29,NaN,49.8,NaN,NaN,0
2018-07-02,NaN,49.8,NaN,NaN,22
2018-07-03,NaN,49.8,NaN,NaN,118
2018-07-05,NaN,49.8,NaN,NaN,0
2018-07-06,NaN,49.8,NaN,NaN,0
2018-07-09,49.3547,49.3547,49.3547,49.3547,116
2018-07-10,NaN,49.3547,NaN,NaN,48
2018-07-11,NaN,49.3547,NaN,NaN,0
2018-07-12,48.3101,48.575,48.575,48.17,895
2018-07-13,NaN,48.575,NaN,NaN,0
2018-07-16,NaN,48.575,NaN,NaN,1
2018-07-17,NaN,48.575,NaN,NaN,20
2018-07-18,48.15,48.15,48.15,48.0828,466
2018-07-19,47.9736,47.9736,47.9736,47.9736,146
2018-07-20,48.19,48.4062,48.4062,48.19,395
2018-07-23,NaN,48.4062,NaN,NaN,0
2018-07-24,48.64,48.64,48.64,48.64,158
2018-07-25,49.13,49.13,49.13,49.13,146
2018-07-26,49.22,49.14,49.22,49.07,28511
2018-07-27,NaN,49.14,NaN,NaN,24
2018-07-30,NaN,49.14,NaN,NaN,23
2018-07-31,NaN,49.14,NaN,NaN,50
2018-08-01,NaN,49.14,NaN,NaN,0
2018-08-02,NaN,49.14,NaN,NaN,0
2018-08-03,NaN,49.14,NaN,NaN,12
2018-08-06,NaN,49.14,NaN,NaN,49
2018-08-07,NaN,49.14,NaN,NaN,0
2018-08-08,NaN,49.14,NaN,NaN,0
2018-08-09,NaN,49.14,NaN,NaN,0
2018-08-10,NaN,49.14,NaN,NaN,0
2018-08-13,NaN,49.14,NaN,NaN,0
2018-08-14,48.49,48.25,48.49,48.25,290
2018-08-15,NaN,48.25,NaN,NaN,0
2018-08-16,NaN,48.25,NaN,NaN,75
2018-08-17,NaN,48.25,NaN,NaN,0
2018-08-20,NaN,48.25,NaN,NaN,0
2018-08-21,NaN,48.25,NaN,NaN,0
2018-08-22,NaN,48.25,NaN,NaN,5
2018-08-23,NaN,48.25,NaN,NaN,0
2018-08-24,NaN,48.25,NaN,NaN,5
2018-08-27,NaN,48.25,NaN,NaN,0
2018-08-28,NaN,48.25,NaN,NaN,0
2018-08-29,48.26,48.26,48.26,48.26,300
2018-08-30,48.375,48.38,48.38,48.375,700
2018-08-31,48.4799,48.48,48.48,48.4799,3430
2018-09-04,48.0264,48.0264,48.0264,48.0264,217
2018-09-05,NaN,48.0264,NaN,NaN,6
2018-09-06,47.9,47.75,47.9,47.75,608
2018-09-07,NaN,47.75,NaN,NaN,0
2018-09-10,NaN,47.75,NaN,NaN,22
2018-09-11,NaN,47.75,NaN,NaN,0
2018-09-12,NaN,47.75,NaN,NaN,1
2018-09-13,NaN,47.75,NaN,NaN,0
2018-09-14,47.7699,47.7699,47.7699,47.7699,210
2018-09-17,NaN,47.7699,NaN,NaN,0
2018-09-18,NaN,47.7699,NaN,NaN,18
2018-09-19,NaN,47.7699,NaN,NaN,39
2018-09-20,48.4499,48.4499,48.4499,48.4499,213
2018-09-21,NaN,48.4499,NaN,NaN,20
2018-09-24,NaN,48.4499,NaN,NaN,3
2018-09-25,NaN,48.4499,NaN,NaN,20
2018-09-26,49.0,49.0,49.0,49.0,194
2018-09-27,48.84,48.84,48.84,48.84,154
2018-09-28,NaN,48.84,NaN,NaN,1
2018-10-01,NaN,48.84,NaN,NaN,0
2018-10-02,NaN,48.84,NaN,NaN,2
2018-10-03,50.25,50.26,50.26,50.25,290
2018-10-04,NaN,50.26,NaN,NaN,8
2018-10-05,NaN,50.26,NaN,NaN,1
2018-10-08,49.76,49.76,49.76,49.76,150
2018-10-09,NaN,49.76,NaN,NaN,20
2018-10-10,NaN,49.76,NaN,NaN,0
2018-10-11,NaN,49.76,NaN,NaN,22
2018-10-12,NaN,49.76,NaN,NaN,0
2018-10-15,NaN,49.76,NaN,NaN,0
2018-10-16,NaN,49.76,NaN,NaN,0
2018-10-17,49.91,49.8291,49.91,49.66,131364
2018-10-18,49.2609,49.8291,49.2609,49.2609,60000
2018-10-19,NaN,49.8291,NaN,NaN,0
2018-10-22,NaN,49.8291,NaN,NaN,4
2018-10-23,49.14,49.14,49.14,49.14,220
2018-10-24,NaN,49.14,NaN,NaN,0
2018-10-25,NaN,49.14,NaN,NaN,0
2018-10-26,NaN,49.14,NaN,NaN,0
2018-10-29,NaN,49.14,NaN,NaN,1
2018-10-30,NaN,49.14,NaN,NaN,1
2018-10-31,NaN,49.14,NaN,NaN,0
2018-11-01,NaN,49.14,NaN,NaN,0
2018-11-02,NaN,49.14,NaN,NaN,1
2018-11-05,48.41,48.43,48.43,48.4099,3435
2018-11-06,NaN,48.43,NaN,NaN,1
2018-11-07,NaN,48.43,NaN,NaN,27
2018-11-08,47.76,47.8416,47.8416,47.76,50887
2018-11-09,47.47,47.54,47.71,47.47,578
2018-11-12,47.5661,47.5661,47.5661,47.5661,354
2018-11-13,47.7,47.1578,47.7,47.11,962
2018-11-14,48.52,47.1578,48.52,48.52,60006
2018-11-15,47.91,47.58,47.93,47.47,4845
2018-11-16,NaN,47.58,NaN,NaN,129
2018-11-19,NaN,47.58,NaN,NaN,104
2018-11-20,47.82,47.5,47.82,47.5,4865
2018-11-21,NaN,47.5,NaN,NaN,122
2018-11-23,NaN,47.5,NaN,NaN,23
2018-11-26,NaN,47.5,NaN,NaN,74
2018-11-27,46.67,46.6199,46.67,46.6199,158281
2018-11-28,NaN,46.6199,NaN,NaN,262
2018-11-29,47.09,47.09,47.09,47.09,7942
2018-11-30,NaN,47.09,NaN,NaN,99
2018-12-03,47.56,47.2517,47.62,47.2517,851
2018-12-04,47.84,48.29,48.29,47.84,253
2018-12-06,47.088,47.48,47.48,46.8658,3772
2018-12-07,48.15,47.8513,48.15,47.8513,1536
2018-12-10,47.91,47.4435,48.155,47.3617,4135
2018-12-11,47.82,47.4903,47.82,47.4903,225
2018-12-12,47.96,47.2596,47.96,47.2596,1002
2018-12-13,47.47,47.5841,47.62,47.47,1289
2018-12-14,47.031,46.8036,47.031,46.8036,503
2018-12-17,46.649,45.447133,46.76,46.2057,20748
2018-12-18,45.82,45.1337,46.0971,45.1337,76691
2018-12-19,45.38,45.1542,45.4,45.0577,1350
2018-12-20,45.4,45.0054,45.4,44.972,46051
2018-12-21,44.81,44.7391,44.89,44.73,23226
2018-12-24,44.4519,44.3998,44.62,44.3998,6370
2018-12-26,44.27,44.6248,44.6248,44.27,2438
2018-12-27,44.53,44.5154,45.4999,44.2481,32024
2018-12-28,44.3918,44.2371,44.3918,44.1681,2186
2018-12-31,44.47,43.9493,44.47,43.7712,4944
2019-01-02,44.24,44.0093,44.29,44.0093,507
2019-01-03,44.01,44.2657,44.39,43.97,908
2019-01-04,45.08,44.7274,45.08,44.7274,7382
2019-01-07,45.0,44.8554,45.0,44.8554,1078
2019-01-08,45.0477,45.0655,45.19,45.0084,166030
2019-01-09,45.67,45.605,45.67,45.548,166515
2019-01-10,45.3135,45.3125,45.3135,45.1941,1143
2019-01-11,45.25,45.3609,45.51,45.25,1871
2019-01-14,45.3621,45.4371,45.57,45.3621,1637
2019-01-15,45.61,45.5103,45.62,45.5103,576
2019-01-16,45.6175,45.6175,45.6175,45.6175,127
2019-01-17,45.4131,45.749,45.749,45.4131,1223
2019-01-18,45.5101,46.1035,46.22,45.5101,2093
2019-01-22,45.46,45.636,45.636,45.3101,4982
2019-01-23,45.7564,45.6698,45.96,45.4836,1255
2019-01-24,45.6056,45.325,45.636,45.0938,56695
2019-01-25,45.656,45.725,45.7599,45.44,17140
2019-01-28,45.38,45.1382,45.38,45.115,956
2019-01-29,45.51,45.5241,45.5241,45.44,975
2019-01-30,45.7362,45.76,45.76,45.7362,446
2019-01-31,45.81,45.615,45.81,45.615,282
2019-02-01,45.7244,45.7606,45.7606,45.7244,197
2019-02-04,45.6035,45.8306,45.8306,45.6035,800
2019-02-05,45.7375,45.7375,45.7375,45.7375,76
2019-02-06,45.55,45.7306,45.7306,45.55,490
2019-02-07,45.4181,45.26,45.4181,45.19,982
2019-02-08,45.3784,45.27,45.3899,45.27,1728
2019-02-11,45.25,45.07,45.25,45.07,579
2019-02-12,45.345,45.345,45.345,45.345,1
2019-02-13,45.35,45.41,45.4677,45.35,758
2019-02-14,45.3208,45.3208,45.3208,45.3208,27
2019-02-15,45.64,45.9124,45.9124,45.64,2144
2019-02-19,45.937,45.99,46.07,45.937,245
2019-02-20,46.1,46.2121,46.36,46.1,10434
2019-02-21,46.42,46.3001,46.43,46.253,7069
2019-02-22,46.4959,46.5101,46.5499,46.43,6835
2019-02-25,46.5,46.1151,46.5,46.0986,1068
2019-02-26,46.11,46.3846,46.4299,46.11,40235
2019-02-27,46.39,46.4975,46.65,46.39,2927
2019-02-28,46.58,46.4,46.59,46.27,7624
2019-03-01,46.0542,46.0542,46.0542,46.0542,20021
2019-03-04,46.12,46.0749,46.37,46.0749,4793
2019-03-05,46.0201,46.2997,46.3889,46.0201,3934
2019-03-06,46.079,46.05,46.13,45.94,5729
2019-03-07,46.02,45.9239,46.02,45.8601,2309
2019-03-08,45.8087,45.9401,45.9401,45.8087,1310
2019-03-11,45.96,45.861,45.96,45.861,868
2019-03-12,46.19,46.1759,46.19,46.0101,3734
2019-03-13,46.49,46.49,46.49,46.49,0
2019-03-14,46.52,46.3043,46.52,46.3043,3644
2019-03-15,46.4074,46.4389,46.4389,46.4074,5514
2019-03-18,46.49,46.6112,46.6112,46.49,284
2019-03-19,46.6776,46.68,46.7253,46.5821,1898
2019-03-20,46.6982,46.9899,46.9899,46.6982,1348
2019-03-21,46.86,46.8777,46.8777,46.81,1554
2019-03-22,46.5356,46.5356,46.5356,46.5356,237
2019-03-25,46.77,46.6642,46.77,46.56,777
2019-03-26,46.77,46.7328,46.78,46.7328,1772
2019-03-27,46.2656,46.394,46.49,46.2656,3430
2019-03-28,46.09,46.1326,46.1326,46.09,865
2019-03-29,46.2861,46.0456,46.2861,46.04,3357
2019-04-01,46.3676,46.299,46.3676,46.2776,653
2019-04-02,46.39,46.4499,46.4499,46.39,3038
2019-04-03,46.4623,46.525,46.525,46.4623,493
2019-04-04,46.6,46.6727,46.6727,46.6,133
2019-04-05,46.6,46.625,46.6435,46.6,801
2019-04-08,46.9776,46.88,46.9776,46.7818,2722
2019-04-09,46.876,46.8101,46.92,46.7749,1442
2019-04-10,46.94,47.0269,47.155,46.94,877
2019-04-11,47.09,46.7045,47.09,46.7045,418
2019-04-12,46.7962,46.8564,47.02,46.7519,2578
2019-04-15,46.79,46.7253,46.84,46.7253,1565
2019-04-16,46.5669,46.5607,46.5669,46.4757,653
2019-04-17,46.361,46.361,46.361,46.361,121
2019-04-18,46.3946,46.3946,46.3946,46.3946,0
2019-04-22,46.5,46.5,46.5,46.5,0
2019-04-23,46.45,46.3511,46.45,46.3511,4382
2019-04-24,46.2086,46.2086,46.2086,46.2086,89
2019-04-25,46.3,46.0876,46.3,46.0876,669
2019-04-26,45.9225,45.83,45.9225,45.7359,803
2019-04-29,45.7721,45.7721,45.7721,45.7721,10013
2019-04-30,45.7518,45.7518,45.7518,45.7518,16
2019-05-01,45.5716,45.5941,45.5941,45.5716,269
2019-05-02,45.2008,45.2008,45.2008,45.2008,217
2019-05-03,45.45,45.2714,45.45,45.2714,396
2019-05-06,45.2342,45.2342,45.2342,45.2342,86
2019-05-07,45.0316,44.8547,45.0316,44.7825,1054
2019-05-08,44.8481,44.84,44.9382,44.84,335
2019-05-09,44.7859,44.642,44.7859,44.642,140
2019-05-10,44.63,44.6112,44.63,44.42,51613
2019-05-13,44.3045,44.3667,44.3667,44.3045,225
2019-05-14,45.0399,44.9383,45.0399,44.9383,531
2019-05-15,45.2541,45.1642,45.3,45.1642,761
2019-05-16,45.4678,45.4678,45.4678,45.4678,39
2019-05-17,45.0398,45.0398,45.0398,45.0398,13
2019-05-20,45.2453,45.2453,45.2453,45.2453,300
2019-05-21,45.3503,45.1766,45.3503,45.1766,351
2019-05-22,45.09,44.716,45.09,44.671,301
2019-05-23,44.4474,44.2218,44.4474,44.2218,263
2019-05-24,44.5709,44.6658,44.6658,44.5709,133
2019-05-28,44.92,44.9858,44.9858,44.92,840
2019-05-29,45.0116,45.0116,45.0116,45.0116,28
2019-05-30,45.1,44.8247,45.1,44.8247,489
2019-05-31,44.5748,44.0156,44.5748,44.0156,777
2019-06-03,43.8715,43.8715,43.8715,43.8715,197
2019-06-04,44.1317,44.1317,44.1317,44.1317,4
2019-06-05,43.77,43.4367,43.77,43.4367,401
2019-06-06,43.4,43.8489,43.8489,43.36,18063
2019-06-07,43.7523,43.6585,43.7523,43.6585,485
2019-06-10,43.7204,43.7204,43.7204,43.7204,47
2019-06-11,43.9555,43.9555,43.9555,43.9555,142
2019-06-12,43.88,43.8392,43.88,43.82,10123
2019-06-13,44.04,44.1543,44.33,44.02,964
2019-06-14,44.3818,44.2358,44.3818,44.2358,326
2019-06-17,44.36,44.1938,44.36,44.1938,232
2019-06-18,44.581,44.5286,44.581,44.5286,232
2019-06-19,44.375,44.4275,44.5017,44.2352,2738
2019-06-20,44.96,45.058,45.22,44.96,1437
2019-06-21,44.9093,44.9093,44.9093,44.9093,7
2019-06-24,45.28,45.2353,45.28,45.0993,867
2019-06-25,45.56,45.3238,45.56,45.3238,2389
2019-06-26,45.4486,45.4486,45.4486,45.4486,3
2019-06-27,45.4723,45.4723,45.4723,45.4723,10
2019-06-28,45.148,45.148,45.148,45.148,13
2019-07-01,45.02,44.9297,45.05,44.9297,27953
2019-07-02,44.6425,44.4793,44.7,44.4793,407
2019-07-03,44.708,44.9398,44.9398,44.708,1583
2019-07-05,44.84,44.9027,44.979,44.79,203460
2019-07-08,44.9223,44.7267,44.9223,44.7125,11977
2019-07-09,44.9037,44.9037,44.9037,44.9037,10
2019-07-10,45.45,45.5279,45.55,45.3401,5136
2019-07-11,45.6,45.6272,45.6272,45.6,645
2019-07-12,45.6418,45.9241,45.9241,45.6418,475
2019-07-15,45.6184,45.6184,45.6184,45.6184,48
2019-07-16,45.1756,45.1756,45.1756,45.1756,110
2019-07-17,45.14,45.14,45.14,45.14,62
2019-07-18,45.14,45.0346,45.14,44.88,425
2019-07-19,45.064,45.1665,45.1665,44.9705,2637
2019-07-22,44.9203,44.9203,44.9203,44.9203,64
2019-07-23,44.9,45.12,45.12,44.9,4802
2019-07-24,45.16,45.0022,45.16,45.0022,2811
2019-07-25,45.0,44.8572,45.03,44.8572,2505
2019-07-26,44.8191,44.8191,44.8191,44.8191,65
2019-07-29,44.99,44.9409,45.01,44.885,2767
2019-07-30,44.86,44.9069,44.9069,44.86,100
2019-07-31,44.99,44.6639,45.0,44.6639,344
2019-08-01,44.48,43.8748,44.48,43.8748,1864
2019-08-02,43.9645,43.891,43.9645,43.891,210
2019-08-05,43.65,43.7239,43.7239,43.65,983
2019-08-06,43.5476,43.5555,43.5555,43.5476,378
2019-08-07,43.44,43.5376,43.5376,43.2163,599
2019-08-08,43.8764,43.8764,43.8764,43.8764,72
2019-08-09,44.0008,44.0008,44.0008,44.0008,40
2019-08-12,43.99,43.6268,44.04,43.6268,439
2019-08-13,43.68,44.0541,44.0541,43.68,546
2019-08-14,43.79,43.676,43.8482,43.5201,2486
2019-08-15,43.5536,43.5536,43.5536,43.5536,1
2019-08-16,43.6138,43.5655,43.6138,43.5655,3052
2019-08-19,43.36,43.4648,43.4648,43.36,1046
2019-08-20,43.5273,43.5273,43.5273,43.5273,10
2019-08-21,43.82,43.5997,43.84,43.5997,611
2019-08-22,43.64,43.4095,43.65,43.4095,325
2019-08-23,43.1794,43.4095,43.1794,43.1794,0
2019-08-26,43.64,43.3708,43.65,43.3708,356
2019-08-27,43.5492,43.5492,43.5492,43.5492,0
2019-08-28,43.897,43.897,43.897,43.897,93
2019-08-29,43.9352,43.9352,43.9352,43.9352,14
2019-08-30,44.08,43.7034,44.08,43.7034,419
2019-09-03,43.6741,43.6741,43.6741,43.6741,58
2019-09-04,44.13,44.4681,44.4681,44.13,177
2019-09-05,44.5755,44.2342,44.5755,44.2098,475
2019-09-06,44.0177,44.1618,44.1618,44.0177,256
2019-09-09,44.4485,44.4485,44.4485,44.4485,3
2019-09-10,44.6085,44.6085,44.6085,44.6085,1
2019-09-11,44.3907,44.3907,44.3907,44.3907,84
2019-09-12,44.12,44.5205,44.5205,44.12,167
2019-09-13,44.6224,44.5205,44.6224,44.6224,0
2019-09-16,45.71,45.6216,45.71,45.6216,173
2019-09-17,45.52,45.0977,45.52,45.0977,819
2019-09-18,44.8367,44.8269,44.8779,44.74,1049
2019-09-19,44.9315,44.9288,44.9315,44.9288,611
2019-09-20,44.9076,44.9076,44.9076,44.9076,1
2019-09-23,45.1311,45.1311,45.1311,45.1311,89
2019-09-24,44.91,44.8343,45.0171,44.8343,3100
2019-09-25,44.64,44.635,44.64,44.635,283
2019-09-26,44.58,44.5228,44.58,44.49,585
2019-09-27,44.3456,44.3456,44.3456,44.3456,221
2019-09-30,44.34,44.1147,44.34,44.1147,227
2019-10-01,44.2202,44.2202,44.2202,44.2202,66
2019-10-02,44.0187,44.0187,44.0187,44.0187,10
2019-10-03,43.92,44.0894,44.0894,43.92,966
2019-10-04,44.2,44.2251,44.2251,44.2,288
2019-10-07,44.0985,44.0985,44.0985,44.0985,12
2019-10-08,44.1803,44.1803,44.1803,44.1803,40
2019-10-09,44.2502,44.2502,44.2502,44.2502,2
2019-10-10,44.257,44.257,44.257,44.257,129
2019-10-11,44.7503,44.257,44.7503,44.7503,0
2019-10-14,44.679,44.679,44.679,44.679,3
2019-10-15,44.7099,44.5309,44.7099,44.5309,619
2019-10-16,44.3983,44.48,44.48,44.3983,166
2019-10-17,44.55,44.6,44.7,44.55,1970
2019-10-18,44.7106,44.684,44.7106,44.684,218
2019-10-21,44.5432,44.4647,44.59,44.4647,356
2019-10-22,44.62,44.66,44.66,44.575,963
2019-10-23,44.9642,44.935,44.99,44.935,1291
2019-10-24,44.98,45.1269,45.1269,44.98,581
2019-10-25,45.1044,45.2485,45.2485,45.1044,1363
2019-10-28,45.1696,45.1696,45.1696,45.1696,0
2019-10-29,45.23,45.2137,45.23,45.2137,640
2019-10-30,45.1401,45.1401,45.1401,45.1401,72
2019-10-31,45.0363,45.0363,45.0363,45.0363,66
2019-11-01,45.375,45.6084,45.6084,45.375,134
2019-11-04,45.759,45.759,45.759,45.759,10
2019-11-05,45.8387,45.8387,45.8387,45.8387,1
2019-11-06,45.79,45.44,45.79,45.44,264
2019-11-07,45.3754,45.3418,45.5205,45.3418,439
2019-11-08,44.99,45.3203,45.3203,44.99,761
2019-11-11,45.0184,44.8988,45.0184,44.8988,226
2019-11-12,44.9772,44.995,45.99,44.89,62277
2019-11-13,44.92,44.9903,44.9903,44.92,445
2019-11-14,44.98,44.8745,44.98,44.8745,2864
2019-11-15,44.76,44.9043,44.93,44.76,620
2019-11-18,44.68,44.4995,44.68,44.4995,25879
2019-11-19,44.3,44.2953,44.36,44.29,1023
2019-11-20,44.601,44.4994,44.601,44.42,526
2019-11-21,44.6751,44.68,44.68,43.5,1730
2019-11-22,44.7,44.7005,44.7005,44.6842,984
2019-11-25,44.59,44.6854,44.6854,44.59,317
2019-11-26,44.69,44.7702,44.7702,44.69,534
2019-11-27,44.6202,44.6202,44.6202,44.6202,78
2019-11-29,44.194,44.0518,44.194,44.0518,738
2019-12-02,44.0418,44.0418,44.0418,44.0418,17
2019-12-03,44.16,44.0053,44.16,43.89,39932
2019-12-04,44.295,44.3018,44.3018,44.23,403
2019-12-05,44.39,44.4393,44.484,44.32,2814
2019-12-06,44.5,44.5484,44.552,44.44,4147
2019-12-09,44.5585,44.5406,44.5585,44.5406,220
2019-12-10,44.6,44.7667,44.7667,44.6,513
2019-12-11,44.7301,44.7301,44.7301,44.7301,175
2019-12-12,44.94,45.1606,45.1736,44.91,988
2019-12-13,46.52,45.3325,46.52,45.3325,27165
2019-12-16,44.8203,44.8203,44.8203,44.8203,24
2019-12-17,44.65,44.83,44.8941,44.65,1924
2019-12-18,44.89,44.7738,44.94,44.7738,561
2019-12-19,44.89,44.85,44.92,44.85,6690
2019-12-20,44.8049,44.8049,44.8049,44.8049,61
2019-12-23,44.65,44.769,44.769,44.58,2202
2019-12-24,45.0,44.981,45.0058,44.981,552
2019-12-26,45.3368,45.3592,45.37,45.3368,430
2019-12-27,45.44,45.32,45.4599,45.2323,3114
2019-12-30,45.34,45.4034,45.4034,45.32,849
2019-12-31,45.32,45.1119,45.32,45.1119,672
2020-01-02,45.13,45.1872,45.3,45.13,1413
2020-01-03,45.45,45.365,45.45,45.18,1144
2020-01-06,45.5577,45.5075,45.677,45.4909,3394
2020-01-07,45.5363,45.5363,45.5363,45.5363,50
2020-01-08,45.64,45.1436,45.64,45.1436,4668
2020-01-09,45.11,44.9889,45.14,44.9213,1996
2020-01-10,45.03,45.1499,45.1499,45.03,3799
2020-01-13,44.935,45.0,45.0,44.8923,2834
2020-01-14,45.0,45.055,45.055,45.0,648
2020-01-15,45.0,44.775,45.0,44.775,25317
2020-01-16,44.692,44.5246,44.692,44.5246,435
2020-01-17,44.375,44.6026,44.6026,44.375,264
2020-01-21,44.2585,44.2915,44.2915,44.2585,366
2020-01-22,44.19,44.085,44.19,44.0353,2021
2020-01-23,44.0,43.76,44.0,43.69,1819
2020-01-24,43.55,43.2776,43.55,43.2776,329
2020-01-27,43.27,42.7081,43.27,42.535,866
2020-01-28,42.68,42.7945,42.86,42.68,1444
2020-01-29,42.72,42.525,42.72,42.37,1479
2020-01-30,42.24,42.1869,42.24,42.0147,1496
2020-01-31,42.0059,42.0059,42.0059,42.0059,118
2020-02-03,41.83,41.5297,41.83,41.462,1913
2020-02-04,41.82,41.7455,41.84,41.7455,1664
2020-02-05,42.0945,42.0945,42.0945,42.0945,240
2020-02-06,42.115,42.2242,42.2242,42.115,151
2020-02-07,41.95,42.0368,42.16,41.95,1150
2020-02-10,42.0,41.7334,42.0,41.7,3190
2020-02-11,41.84,41.9236,42.065,41.84,1335
2020-02-12,42.2851,42.2851,42.2851,42.2851,260
2020-02-13,42.3156,42.3104,42.3156,42.3104,196
2020-02-14,42.45,42.3193,42.45,42.3193,1319
2020-02-18,42.55,42.6016,42.6016,42.55,584
2020-02-19,42.8337,42.8337,42.8337,42.8337,69
2020-02-20,42.898,42.6184,42.898,42.6184,150
2020-02-21,42.61,42.6164,42.82,42.61,444
2020-02-24,42.03,41.9832,42.0599,41.9832,1919
2020-02-25,41.8532,41.558,41.92,41.558,2549
2020-02-26,41.39,41.3754,41.58,41.3754,2646
2020-02-27,40.68,40.8612,40.8953,40.68,528
2020-02-28,40.208,40.08,40.28,40.08,2875
2020-03-02,40.9,40.8996,40.9,40.8996,2064
2020-03-03,41.1918,41.1918,41.1918,41.1918,17
2020-03-04,41.19,41.2447,41.2447,41.035,945
2020-03-05,41.01,40.9429,41.01,40.9429,542
2020-03-06,40.53,40.1463,40.53,40.1463,11762
2020-03-09,38.818,38.13,38.818,38.0,113614
2020-03-10,39.21,39.315,39.3519,38.1,12021
2020-03-11,38.94,38.99,38.99,38.94,880
2020-03-12,37.67,37.7198,38.2,37.475,3456
2020-03-13,37.72,37.6482,37.72,37.365,1018
2020-03-16,34.59,35.77,36.42,33.09,3075
2020-03-17,35.9888,35.8195,36.2,35.7,1585
2020-03-18,35.07,34.9846,35.07,34.5483,3058
2020-03-19,35.31,35.416,35.705,35.14,662
2020-03-20,35.14,35.3405,35.3405,35.14,214
2020-03-23,36.03,36.1642,36.208,35.97,313
2020-03-24,37.0092,37.0092,37.0092,37.0092,76
2020-03-25,37.07,37.0486,37.2736,37.0486,707
2020-03-26,37.0913,36.9155,37.0913,36.9155,551
2020-03-27,36.77,36.642,36.77,36.642,379
2020-03-30,36.5,36.6967,36.87,36.34,36930
2020-03-31,36.78,36.2841,36.87,36.2841,7798
2020-04-01,33.99,35.5699,35.5699,33.99,2593
2020-04-02,35.52,36.0745,36.0745,35.32,34865
2020-04-03,36.52,36.4838,36.52,36.325,472
2020-04-06,36.6,36.944,36.944,36.32,299
2020-04-07,37.64,37.0668,37.64,36.8177,1685
2020-04-08,37.2065,37.2065,37.2065,37.2065,82
2020-04-09,37.3044,37.5113,37.5113,37.3044,280
2020-04-13,37.87,37.7977,37.87,37.5459,2742
2020-04-14,37.8,37.505,37.85,37.505,307
2020-04-15,37.5,36.9825,37.5,36.9825,1534
2020-04-16,36.43,36.8244,36.8244,36.43,4037
2020-04-17,36.67,37.1103,37.1103,36.67,1452
2020-04-20,37.31,37.0929,37.5299,36.76,548
2020-04-21,36.24,35.67,36.24,35.67,12507
2020-04-22,36.43,36.554,36.68,36.16,4974
2020-04-23,36.27,36.5325,36.64,36.2569,3034
2020-04-24,36.113,36.113,36.113,36.113,362
2020-04-27,36.15,35.915,36.15,35.86,1443
2020-04-28,36.0,36.1877,36.1877,36.0,460
2020-04-29,36.39,36.1472,36.4,36.1472,694
2020-04-30,36.4434,36.5696,36.5696,36.4434,628
2020-05-01,36.44,36.3053,36.45,36.3053,331720
2020-05-04,36.61,36.6287,36.6287,36.355,257838
2020-05-05,37.15,36.9302,37.15,36.9302,670
2020-05-06,36.92,36.6966,36.92,36.37,4233
2020-05-07,36.8645,36.7752,36.8645,36.7752,196
2020-05-08,37.11,37.0484,37.25,37.0484,11843
2020-05-11,36.49,36.9114,37.01,36.49,1007
2020-05-12,36.605,36.4876,36.605,36.4876,301
2020-05-13,36.0695,36.1346,36.1346,36.028,11447
2020-05-14,36.0,36.3512,36.3512,36.0,147
2020-05-15,36.52,36.5264,36.58,36.475,12738
2020-05-18,37.35,37.2843,37.35,37.2843,310
2020-05-19,37.42,37.2702,37.42,37.2702,449
2020-05-20,37.4907,37.5611,37.5611,37.4907,179
2020-05-21,37.56,37.1578,37.56,37.1578,448
2020-05-22,37.02,37.06,37.06,36.98,12307
2020-05-26,37.2918,37.2918,37.2918,37.2918,191
2020-05-27,37.03,37.1461,37.1461,36.975,20870
2020-05-28,37.17,37.1076,37.37,37.1076,13295
2020-05-29,37.04,37.445,37.7,37.02,13656
2020-06-01,37.67,37.5484,37.67,37.5484,80146
2020-06-02,37.62,37.7103,37.7103,37.62,308
2020-06-03,37.79,37.6742,37.79,37.6742,128
2020-06-04,37.691,37.98,38.02,37.691,1557
2020-06-05,38.19,38.1376,38.19,38.1376,438
2020-06-08,38.0596,38.1842,38.212,38.0596,2816
2020-06-09,38.1,38.1836,38.2,38.09,1702
2020-06-10,38.389,38.5617,38.7,38.295,1668
2020-06-11,38.17,37.7859,38.33,37.7859,16604
2020-06-12,37.94,37.9055,38.02,37.7113,1338
2020-06-15,37.725,37.8767,37.8767,37.725,233
2020-06-16,38.06,38.0418,38.06,37.98,1831
2020-06-17,38.0,38.05,38.07,38.0,573
2020-06-18,38.0,38.0656,38.0656,38.0,684
2020-06-19,38.47,38.2136,38.47,38.06,3047
2020-06-22,38.3177,38.3452,38.3452,38.3177,559
2020-06-23,38.55,38.2713,38.55,38.1793,615
2020-06-24,38.0,37.8549,38.08,37.83,2588
2020-06-25,37.8,37.9623,37.97,37.72,6839
2020-06-26,37.8,37.653,37.84,37.57,7265
2020-06-29,37.91,38.0667,38.0667,37.91,441
2020-06-30,38.36,38.4836,38.4836,38.36,9102
2020-07-01,38.7142,38.7142,38.7142,38.7142,238
2020-07-02,38.69,38.74,38.8,38.69,885
2020-07-06,39.01,38.9331,39.0199,38.8946,1720
2020-07-07,39.1,39.069,39.2299,39.069,1253
2020-07-08,39.33,39.3684,39.47,39.33,2604
2020-07-09,39.4641,39.1907,39.4641,39.1907,3572
2020-07-10,39.29,39.3191,39.3191,39.25,239
2020-07-13,39.45,39.0315,39.47,39.0315,11221
2020-07-14,39.05,39.1977,39.37,39.05,1450
2020-07-15,39.47,39.3864,39.47,39.3864,225
2020-07-16,39.488,39.2602,39.49,39.2602,932
2020-07-17,39.35,39.319,39.35,39.319,156
2020-07-20,38.0,39.25,39.25,38.0,1336
2020-07-21,39.67,39.7392,39.845,39.67,687
2020-07-22,39.86,40.0454,40.08,39.86,1088
2020-07-23,40.05,40.0571,40.0571,40.05,398
2020-07-24,40.18,40.1437,40.18,39.93,2268
2020-07-27,40.43,40.5544,40.5544,40.43,3629
2020-07-28,40.49,40.4569,40.55,40.403,2227
2020-07-29,40.63,40.7176,40.8474,40.44,6092
2020-07-30,40.54,40.3958,40.54,40.2,2885
2020-07-31,40.5886,40.632,40.632,40.5886,2472
2020-08-03,40.82,40.9041,40.92,40.81,209314
2020-08-04,41.22,41.2268,41.23,41.21,2953
2020-08-05,41.93,41.6329,41.99,41.62,13621
2020-08-06,41.99,41.7692,41.99,41.7563,1905
2020-08-07,41.28,41.3274,41.41,41.26,5708
2020-08-10,41.7,41.4841,41.74,41.455,865
2020-08-11,41.3,40.6553,41.3,40.6553,2849
2020-08-12,40.845,40.8315,40.845,40.82,1724
2020-08-13,41.14,41.346,41.39,41.14,3697
2020-08-14,41.57,41.4169,41.58,41.4169,7472
2020-08-17,42.03,42.0107,42.05,42.0016,6075
2020-08-18,42.3,42.2939,42.39,42.1369,3912
2020-08-19,42.4,41.8904,42.4,41.8904,5452
2020-08-20,41.93,42.0127,42.0127,41.93,128
2020-08-21,41.53,41.7332,41.81,41.53,3114
2020-08-24,41.7546,41.7546,41.7546,41.7546,319
2020-08-25,42.0098,42.104,42.14,42.0098,766
2020-08-26,42.289,42.2299,42.289,42.2299,437
2020-08-27,42.329,42.326,42.34,42.2188,925
2020-08-28,42.58,42.7117,42.82,42.559,15124
2020-08-31,42.88,42.9071,43.005,42.8047,3858
2020-09-01,42.95,42.84,43.05,42.84,1046
2020-09-02,42.7438,42.7438,42.7438,42.7438,117
2020-09-03,42.56,42.3783,42.56,42.3,3102
2020-09-04,42.26,42.5161,42.5161,42.13,6144
2020-09-08,42.0,41.8985,42.0,41.56,8150
2020-09-09,42.1756,42.1756,42.1756,42.1756,50
2020-09-10,41.9149,41.9149,41.9149,41.9149,102
2020-09-11,42.175,42.2381,42.2586,42.08,1200
2020-09-14,42.44,42.2779,42.44,42.2779,753
2020-09-15,42.2644,42.2303,42.2644,42.2303,1917
2020-09-16,42.51,42.5139,42.69,42.42,1297
2020-09-17,42.37,42.7207,42.735,42.3402,3447
2020-09-18,42.86,42.8999,42.99,42.745,2957
2020-09-21,42.56,41.91,42.56,41.56,5943
2020-09-22,41.8911,41.8911,41.8911,41.8911,405
2020-09-23,41.77,41.3294,41.77,41.3294,3180
2020-09-24,41.19,41.5395,41.5395,41.19,1660
2020-09-25,41.5899,41.4893,41.5899,41.36,3027
2020-09-28,41.34,41.6727,41.6727,41.34,482
2020-09-29,41.48,41.3672,41.48,41.32,2533
2020-09-30,41.7644,41.7644,41.7644,41.7644,285
2020-10-01,41.55,41.3917,41.55,41.26,4090
2020-10-02,41.3124,41.2329,41.375,41.15,3493
2020-10-05,41.84,41.955,41.955,41.84,1404
2020-10-06,42.38,41.7906,42.39,41.7,1686
2020-10-07,42.1454,42.1454,42.1454,42.1454,42
2020-10-08,42.21,42.2866,42.2866,42.21,701
2020-10-09,42.6936,42.8434,42.875,42.6936,2843
2020-10-12,42.82,42.5843,42.82,42.5843,627
2020-10-13,42.5,42.4771,42.5,42.4771,940
2020-10-14,42.5,42.6941,42.6941,42.5,2237
2020-10-15,42.845,42.9046,42.9046,42.79,4125
2020-10-16,42.805,42.7313,42.805,42.63,752
2020-10-19,43.12,42.789,43.12,42.789,1841
2020-10-20,43.09,43.1136,43.32,43.09,697
2020-10-21,43.1839,43.2154,43.31,43.1833,2343
2020-10-22,43.23,43.0871,43.32,43.0871,2676
2020-10-23,43.09,42.9126,43.09,42.8721,15598
2020-10-26,42.61,42.744,42.8,42.5932,1837
2020-10-27,42.61,42.8408,42.98,42.59,4015
2020-10-28,42.25,42.0988,42.25,42.0988,532
2020-10-29,41.57,41.8708,41.96,41.42,3098
2020-10-30,42.08,41.9968,42.08,41.9968,700
2020-11-02,41.83,42.2626,42.36,41.82,3969
2020-11-03,42.28,42.28,42.28,42.28,121
2020-11-04,42.42,42.5612,42.5612,42.34,3513
2020-11-05,43.065,42.8615,43.09,42.8615,3784
2020-11-06,42.7782,42.7782,42.7782,42.7782,100
2020-11-09,43.16,42.6594,43.18,42.6594,5686
2020-11-10,43.2919,43.2919,43.2919,43.2919,69
2020-11-11,43.3475,43.3475,43.3475,43.3475,140
2020-11-12,43.47,43.075,43.4895,43.075,2077
2020-11-13,43.22,43.195,43.315,43.195,1135
2020-11-16,43.11,43.247,43.43,43.11,3927
2020-11-17,43.39,43.3278,43.4,43.181,1816
2020-11-18,43.45,43.3599,43.45,43.3599,1541
2020-11-19,43.0,43.1836,43.295,42.9802,7986
2020-11-20,43.415,43.3753,43.43,43.3753,909
2020-11-23,43.28,43.3,43.34,43.24,993
2020-11-24,43.48,43.6609,43.75,43.48,16074
2020-11-25,43.685,43.82,43.85,43.685,6556
2020-11-27,43.75,43.7402,43.8599,43.6616,809
2020-11-30,43.72,43.58,43.72,43.58,5697
2020-12-01,43.6806,43.6806,43.6806,43.6806,138
2020-12-02,43.58,43.5488,43.82,43.51,7119
2020-12-03,43.416,43.3522,43.416,43.255,1952
2020-12-04,43.52,43.5504,43.59,43.52,2091
2020-12-07,43.27,43.4997,43.7,43.27,1460
2020-12-08,43.5,43.4009,43.5,43.4,734
2020-12-09,43.59,43.03,43.59,43.03,5704
2020-12-10,43.9353,43.9163,43.9353,43.8,1016
2020-12-11,44.05,43.785327,44.05,43.8515,1908
2020-12-14,43.935,43.9782,43.9782,43.935,310
2020-12-15,44.21,44.285,44.41,44.16,3993
2020-12-16,44.31,44.4993,44.61,44.28,5852
2020-12-17,44.937,44.9733,44.9733,44.67,2694
2020-12-18,45.2099,45.1369,45.2099,45.115,6638
2020-12-21,44.9726,44.9726,44.9726,44.9726,214
2020-12-22,44.66,44.776,44.776,44.66,268
2020-12-23,44.877,44.9117,44.9117,44.877,2192
2020-12-24,44.92,45.0335,45.16,44.92,1654
2020-12-28,44.85,44.73,46.165,44.73,4522
2020-12-29,45.09,45.0306,45.25,45.0033,1852
2020-12-30,45.03,45.2552,45.41,45.03,15017
2020-12-31,45.35,45.5641,45.715,45.35,641
2021-01-04,46.35,45.9398,46.35,45.9359,11878
2021-01-05,46.4981,46.7914,46.7914,46.4981,528
2021-01-06,46.88,46.64,46.88,46.64,6949
2021-01-07,47.0,46.7331,47.0,46.455,4927
2021-01-08,46.6,46.44,46.6,46.44,2177
2021-01-11,45.71,46.2224,46.35,45.71,20577
2021-01-12,46.8,47.0,47.09,46.7,20684
2021-01-13,47.0,46.8605,47.08,46.8,5891
2021-01-14,47.35,47.2166,47.35,47.2166,2139
2021-01-15,47.18,46.7974,47.18,46.7974,2532
2021-01-19,46.83,46.5035,46.83,46.5035,3462
2021-01-20,46.55,46.615,46.77,46.5363,3987
2021-01-21,46.85,46.69,46.85,46.65,519
2021-01-22,46.05,45.9373,46.05,45.9373,1544
2021-01-25,46.16,46.555,46.58,46.16,1980
2021-01-26,46.74,46.665,46.76,46.665,3091
2021-01-27,46.79,46.465,46.79,46.465,755
2021-01-28,46.39,46.3809,46.39,46.3809,21185
2021-01-29,46.6,46.3273,46.6599,46.3273,6931
2021-02-01,47.05,47.2136,47.295,46.87,27912
2021-02-02,47.28,46.85,47.4,46.85,78970
2021-02-03,47.36,47.3,47.51,47.2,6886
2021-02-04,47.35,47.5271,47.6099,47.1827,2793
2021-02-05,47.87,47.74,48.099,47.74,5888
2021-02-08,48.41,48.315,48.41,48.315,1174
2021-02-09,48.2,48.43,48.58,48.2,3566
2021-02-10,48.66,48.3032,48.86,48.18,9402
2021-02-11,48.64,48.3129,48.64,48.31,7947
2021-02-12,48.7999,48.5887,48.7999,48.5887,1774
2021-02-16,49.0,49.115,49.22,48.718,19726
2021-02-17,50.52,49.295,50.52,48.95,21267
2021-02-18,49.0001,49.034,49.3499,49.0001,1004
2021-02-19,49.6863,49.1889,49.6863,49.1889,3403
2021-02-22,49.3,50.0758,50.15,49.3,5072
2021-02-23,50.12,50.1423,50.21,49.75,13807
2021-02-24,50.28,50.6233,50.72,50.2,6786
2021-02-25,50.52,50.15,50.52,49.9301,4857
2021-02-26,49.81,49.315,49.81,49.315,3370
2021-03-01,49.6,48.9351,49.6,48.81,30516
2021-03-02,49.32,49.41,49.59,49.0633,5156
2021-03-03,49.084,49.0606,49.2,49.0606,649
2021-03-04,49.19,49.075,49.25,49.0,2269
2021-03-05,49.45,49.92,49.92,49.3601,6043
2021-03-08,49.36,49.2,49.63,49.2,7431
2021-03-09,49.6,49.4768,49.6,49.35,3203
2021-03-10,49.57,49.5424,49.605,49.381,5887
2021-03-11,49.85,49.9775,49.9775,49.67,2066
2021-03-12,49.655,49.7789,49.968,49.655,1604
2021-03-15,50.52,49.75,50.52,49.55,21505
2021-03-16,49.43,49.6207,49.6207,49.41,1887
2021-03-17,49.55,49.6738,49.76,49.4632,1560
2021-03-18,49.57,48.44,49.57,48.24,35968
2021-03-19,49.2199,48.967,49.2199,48.967,726
2021-03-22,49.15,49.14,49.15,48.98,3860
2021-03-23,48.25,48.1224,48.675,48.1224,50374
2021-03-24,48.65,48.6513,48.9499,48.65,26042
2021-03-25,48.21,48.0719,48.21,47.86,3155
2021-03-26,48.9,48.6924,48.9,48.6924,707
2021-03-29,48.58,48.545,48.68,48.545,949
2021-03-30,48.75,47.8429,48.75,47.8429,13655
2021-03-31,48.03,48.4151,48.81,48.03,4263
2021-04-01,48.75,48.746,48.983,48.65,9276
2021-04-05,48.46,48.2685,48.61,48.25,27804
2021-04-06,48.72,48.685,48.91,48.685,2316
2021-04-07,48.87,48.63,48.88,48.41,5144
2021-04-08,49.18,49.17,49.32,49.0521,3999
2021-04-09,49.18,48.935,49.23,48.935,2716
2021-04-12,49.19,48.7233,49.19,48.69,5507
2021-04-13,49.239,49.2646,49.2646,49.2,755
2021-04-14,50.03,49.9066,50.21,49.695,3262
2021-04-15,49.95,50.375,50.49,49.95,5831
2021-04-16,50.58,50.455,50.58,50.38,4595
2021-04-19,50.69,50.5589,50.719,50.45,2969
2021-04-20,51.05,50.615,51.05,50.562,1659
2021-04-21,50.83,50.74,50.99,50.63,7375
2021-04-22,51.08,51.1301,51.3,50.9501,8899
2021-04-23,51.37,51.3858,51.55,51.3013,1194
2021-04-26,51.5036,51.9866,52.19,51.5036,6171
2021-04-27,52.2,52.325,52.4899,52.2,3807
2021-04-28,52.25,52.305,52.71,52.25,14508
2021-04-29,52.0743,52.2327,52.32,52.0743,1994
2021-04-30,52.2,52.2746,52.3836,52.05,2295
2021-05-03,52.695,52.7717,52.859,52.67,64341
2021-05-04,53.5,53.1164,53.5,52.985,7693
2021-05-05,53.52,53.5099,53.52,53.3,4227
2021-05-06,53.74,54.0087,54.1,53.634,9368
2021-05-07,54.2,54.44,55.55,53.91,10053
2021-05-10,55.0,53.9165,55.0,53.9,10217
2021-05-11,53.83,54.4565,54.64,53.83,14177
2021-05-12,54.54,54.28,54.8,54.12,25680
2021-05-13,53.78,53.19,53.85,53.02,9012
2021-05-14,53.68,53.61,53.7995,53.21,6634
2021-05-17,53.85,54.0407,54.23,53.85,28048
2021-05-18,54.1001,54.15,54.39,53.7741,13415
2021-05-19,53.37,53.165,53.69,52.7301,15228
2021-05-20,53.206,52.7159,53.206,52.55,7173
2021-05-21,53.0,52.8121,53.0,52.76,3302
2021-05-24,52.61,53.2022,53.4,52.61,7809
2021-05-25,53.33,53.09,53.33,53.045,4904
2021-05-26,53.2,53.1105,53.47,52.87,17808
2021-05-27,53.31,53.9899,54.13,53.31,13987
2021-05-28,54.35,54.12,54.37,54.0301,147453
2021-06-01,54.85,54.94,55.28,54.66,142823
2021-06-02,55.25,55.17,55.25,54.77,17542
2021-06-03,54.96,54.4614,54.96,54.1,13590
2021-06-04,54.77,55.0671,55.1,54.712,5555
2021-06-07,55.25,55.34,55.4,55.0449,15107
2021-06-08,55.41,55.595,55.68,55.41,3429
2021-06-09,55.6,55.5226,55.63,55.09,10660
2021-06-10,55.64,55.44,55.76,55.37,6802
2021-06-11,55.66,55.6102,55.67,55.2967,3232
2021-06-14,55.02,55.2382,55.4,54.95,29610
2021-06-15,54.9,54.799,54.9,54.42,55051
2021-06-16,54.8,54.2356,55.01,54.11,143312
2021-06-17,53.7,52.4312,54.48,52.39,108582
2021-06-18,52.76,53.0951,53.48,52.75,8871
2021-06-21,53.0,53.5597,53.74,53.0,13483
2021-06-22,53.69,53.84,53.9799,53.3,53756
2021-06-23,54.19,54.06,54.25,54.06,7591
2021-06-24,53.74,53.76,54.2,53.7,4677
2021-06-25,54.18,54.0951,54.249,53.76,5532
2021-06-28,54.28,54.455,54.59,54.1,6463
2021-06-29,54.33,54.1087,54.84,54.06,16540
2021-06-30,54.5,55.1534,55.465,53.95,10574
2021-07-01,55.74,54.9816,55.74,54.78,9439
2021-07-02,55.06,55.01,55.4649,54.9,5179
2021-07-06,55.47,54.25,55.47,53.5531,13915
2021-07-07,53.97,53.8422,53.97,53.5,5675
2021-07-08,53.79,53.945,54.07,53.79,4351
2021-07-09,54.54,54.35,54.569,54.35,7217
2021-07-12,54.38,54.6884,54.87,54.38,6878
2021-07-13,54.715,54.96,55.19,54.715,139066
2021-07-14,55.295,55.0308,55.479,54.92,11504
2021-07-15,55.02,54.7915,55.21,54.68,21589
2021-07-16,54.7501,55.0362,55.189,54.7501,4341
2021-07-19,54.3,53.6901,54.65,53.5801,15262
2021-07-20,53.88,54.215,54.5,53.88,10568
2021-07-21,54.29,55.22,55.24,54.29,38559
2021-07-22,55.31,55.65,55.7,54.87,13333
2021-07-23,55.6,55.605,55.77,55.44,1839
2021-07-26,55.35,56.14,56.27,55.35,10190
2021-07-27,56.24,55.7799,56.24,55.52,8216
2021-07-28,55.875,55.92,56.0802,55.8,38704
2021-07-29,56.31,56.745,56.775,56.31,4054
2021-07-30,56.44,55.63,56.44,55.63,9436
2021-08-02,55.82,55.725,56.28,55.46,61243
2021-08-03,55.605,55.41,56.76,55.41,9579
2021-08-04,55.54,55.34,55.68,55.2313,45815
2021-08-05,55.67,55.4559,55.72,55.4559,4634
2021-08-06,55.36,55.14,55.36,55.14,9399
2021-08-09,54.298,54.23,54.559,54.217,25199
2021-08-10,54.45,54.9852,55.21,54.45,15387
2021-08-11,54.6801,55.62,55.62,54.6801,32370
2021-08-12,55.52,55.41,55.78,55.25,15499
2021-08-13,55.83,55.61,55.98,55.58,9950
2021-08-16,55.5,55.53,55.65,55.35,5681
2021-08-17,55.275,54.8655,55.275,54.8655,3542
2021-08-18,54.62,54.73,54.759,54.52,35903
2021-08-19,54.18,53.81,54.18,53.58,14969
2021-08-20,53.94,53.47,53.94,53.1318,29745
2021-08-23,54.49,54.322,54.589,54.04,44659
2021-08-24,54.6,55.0711,55.3,54.6,18275
2021-08-25,55.1,55.3798,55.56,55.1,6353
2021-08-26,55.34,55.3381,55.54,55.18,3492
2021-08-27,55.47,55.9151,56.149,55.47,4273
2021-08-30,56.21,56.34,56.34,55.8301,4478
2021-08-31,56.11,56.18,56.18,55.566,9328
2021-09-01,56.79,56.02,56.79,55.7699,15146
2021-09-02,56.3244,56.2926,56.56,56.11,5323
2021-09-03,56.5,56.78,56.78,56.5,14302
2021-09-07,56.54,56.06,56.54,55.71,6274
2021-09-08,56.315,56.07,56.3405,56.07,3978
2021-09-09,56.17,56.1067,56.56,55.96,3552
2021-09-10,56.315,56.4878,56.685,56.31,1834
2021-09-13,56.82,56.8211,56.999,56.7045,6808
2021-09-14,56.9,57.12,57.149,56.9,4545
2021-09-15,58.08,58.07,58.26,57.83,24332
2021-09-16,56.81,57.3113,57.46,56.81,4025
2021-09-17,57.22,56.6506,57.22,56.65,9853
2021-09-20,56.0,55.87,56.39,55.66,27344
2021-09-21,55.87,55.8837,56.01,55.475,5408
2021-09-22,56.56,56.53,56.63,56.141,6618
2021-09-23,56.8,57.3286,57.35,56.8,6085
2021-09-24,57.29,57.5509,57.68,57.12,5325
2021-09-27,58.34,58.6766,58.73,58.265,3447
2021-09-28,58.88,58.49,58.88,58.031,9564
2021-09-29,58.0045,57.8232,58.185,57.72,7346
2021-09-30,57.9,58.4196,58.61,57.9,15939
2021-10-01,58.6,58.6974,58.84,58.415,35131
2021-10-04,59.13,59.544,59.85,59.13,38899
2021-10-05,60.01,60.3688,60.509,60.01,17884
2021-10-06,59.71,59.2611,59.71,59.01,25010
2021-10-07,59.25,59.7219,59.82,58.92,31617
2021-10-08,60.0,59.6618,60.25,59.4973,438090
2021-10-11,59.96,59.85,60.16,59.8,12354
2021-10-12,59.94,59.6278,60.06,59.53,27273
2021-10-13,59.78,60.24,60.27,59.64,10061
2021-10-14,60.85,60.81,60.89,60.6024,21226
2021-10-15,61.0,60.91,61.0871,60.71,9245
2021-10-18,60.75,60.19,60.75,60.0801,51718
2021-10-19,60.11,60.4,60.45,59.96,11188
2021-10-20,60.28,61.1093,61.129,60.14,9202
2021-10-21,60.11,59.91,60.11,59.6209,15232
2021-10-22,60.46,59.95,60.46,59.65,60584
2021-10-25,60.74,61.24,61.28,60.72,45450
2021-10-26,60.82,61.01,61.0899,60.585,10833
2021-10-27,60.795,60.4238,60.795,60.375,6957
2021-10-28,60.16,60.16,60.45,60.0,24943
2021-10-29,59.84,59.92,59.94,59.59,16099
2021-11-01,59.67,59.72,60.11,59.67,13499
2021-11-02,59.84,60.0,60.17,59.84,377721
2021-11-03,59.73,59.7235,59.73,59.4272,8220
2021-11-04,60.2406,59.39,60.67,59.2285,8714
2021-11-05,59.41,59.6,59.68,59.06,6596
2021-11-08,59.71,59.5201,59.81,59.51,8170
2021-11-09,59.0,59.4295,59.49,58.88,10542
2021-11-10,59.43,59.1684,59.5904,58.97,5061
2021-11-11,59.77,59.755,59.79,59.6201,6341
2021-11-12,59.41,59.6013,59.77,59.41,3028
2021-11-15,59.28,59.7925,59.95,59.24,13782
2021-11-16,60.01,59.7652,60.11,59.7652,3587
2021-11-17,59.8,59.3973,59.88,59.31,5622
2021-11-18,59.75,59.5,59.84,59.33,25104
2021-11-19,59.39,59.2185,59.53,59.2185,6369
2021-11-22,58.99,59.1144,59.36,58.861,12431
2021-11-23,59.54,59.975,60.05,59.43,12432
2021-11-24,59.88,59.963,60.12,59.88,13952
2021-11-26,58.99,57.8479,58.99,57.592,6399
2021-11-29,58.17,57.1984,58.17,57.0407,12811
2021-11-30,56.31,55.8418,56.36,55.49,19725
2021-12-01,56.17,55.1068,56.17,55.01,137014
2021-12-02,55.36,55.4604,55.78,55.15,14406
2021-12-03,56.16,55.5916,56.18,55.4901,20582
2021-12-06,55.29,55.94,55.96,55.25,13485
2021-12-07,56.12,56.2887,56.51,56.12,26331
2021-12-08,56.54,56.7249,56.82,56.48,9192
2021-12-09,56.24,56.2283,56.46,56.15,15294
2021-12-10,56.4099,48.625328,56.5873,56.1211,9922
2021-12-13,48.95,48.4235,48.95,48.3853,84691
2021-12-14,48.22,48.28,48.33,47.9,56140
2021-12-15,48.15,48.34,48.34,47.71,84613
2021-12-16,48.49,48.76,48.91,48.22,34260
2021-12-17,48.6,48.069,48.65,48.04,32626
2021-12-20,47.89,48.03,48.03,47.39,138482
2021-12-21,48.16,48.8,48.84,48.1033,111858
2021-12-22,49.13,49.4296,49.61,48.83,95520
2021-12-23,49.39,49.4048,49.55,49.0301,85587
2021-12-27,49.44,50.01,50.31,49.44,314807
2021-12-28,50.04,50.0111,50.329,49.87,44868
2021-12-29,49.71,50.0723,50.315,49.71,52860
2021-12-30,49.95,49.6187,50.23,49.49,96404
2021-12-31,49.83,49.48,49.84,49.48,16914
2022-01-03,49.64,49.8052,49.95,49.34,31791
2022-01-04,49.93,50.3689,50.52,49.93,7862
2022-01-05,50.63,50.2856,50.8,50.16,7673
2022-01-06,50.5,50.4697,50.629,50.21,31214
2022-01-07,50.555,50.6672,50.82,50.5001,7327
2022-01-10,50.8,50.5739,51.4039,50.35,37295
2022-01-11,50.4501,51.4085,51.56,50.4501,19127
2022-01-12,51.95,52.0574,52.2,51.8001,38440
2022-01-13,51.95,51.3212,51.95,51.2301,13251
2022-01-14,51.56,51.805,51.9,51.41,15383
2022-01-18,52.01,52.0789,52.14,51.7558,267977
2022-01-19,52.44,52.2401,52.55,52.205,95016
2022-01-20,52.49,52.2586,52.7299,52.1801,26908
2022-01-21,52.61,52.371,52.61,52.1,19308
2022-01-24,52.11,52.0689,52.19,51.5449,45514
2022-01-25,52.28,52.3971,52.6,52.03,321673
2022-01-26,52.9,52.6796,53.09,52.646,19433
2022-01-27,52.938,52.61,52.98,52.48,157726
2022-01-28,53.55,53.1927,53.55,52.97,44086
2022-01-31,53.74,53.34,53.74,53.13,96197
2022-02-01,53.66,53.9583,53.99,53.34,130417
2022-02-02,54.73,54.5556,54.73,54.18,77747
2022-02-03,53.89,54.3,54.4278,53.8693,19585
2022-02-04,54.46,54.2566,54.6768,54.2201,15451
2022-02-07,54.23,54.2071,54.39,53.95,35282
2022-02-08,54.15,54.13,54.18,53.71,106149
2022-02-09,54.11,54.16,54.4497,53.9,44872
2022-02-10,54.52,54.1445,54.91,53.89,26967
2022-02-11,54.18,54.8637,54.92,54.0141,56770
2022-02-14,54.76,55.11,55.26,54.5807,75673
2022-02-15,54.71,54.73,54.73,54.13,66240
2022-02-16,55.11,55.0403,55.4999,54.8887,55278
2022-02-17,55.06,55.302,55.52,55.06,22339
2022-02-18,55.36,55.35,55.73,55.1965,35274
2022-02-22,55.99,56.31,56.47,55.93,92393
2022-02-23,56.46,56.73,56.9,56.31,209962
2022-02-24,62.4,56.72,64.26,56.46,142658
2022-02-25,56.02,55.7131,56.1,55.3059,50937
2022-02-28,56.74,56.83,56.928,56.4315,56263
2022-03-01,58.24,59.06,59.06,58.19,50816
2022-03-02,60.16,60.45,60.65,59.37,83552
2022-03-03,60.53,60.7604,61.2599,60.2572,208168
2022-03-04,62.13,62.4734,62.63,61.49,254798
2022-03-07,63.6,64.82,65.99,63.365,85081
2022-03-08,65.3,65.25,65.8,63.77,195757
2022-03-09,62.95,61.53,62.9679,60.0,115082
2022-03-10,62.2,61.07,62.2,60.5,65058
2022-03-11,60.96,61.67,62.12,60.371,81483
2022-03-14,60.49,59.69,60.49,59.69,291082
2022-03-15,58.9,59.02,59.4466,58.04,49754
2022-03-16,59.55,58.26,59.61,58.21,201101
2022-03-17,59.95,60.56,60.74,59.95,37535
2022-03-18,60.52,60.13,60.66,59.9021,43913
2022-03-21,61.4,62.26,62.28,61.38,55151
2022-03-22,61.97,61.75,61.97,61.3464,56733
2022-03-23,63.06,63.1,63.4699,62.91,80308
2022-03-24,63.79,63.46,63.909,63.32,41721
2022-03-25,63.34,63.51,63.8477,63.1,46007
2022-03-28,62.28,61.58,62.4896,61.4001,32959
2022-03-29,60.4,61.09,61.198,59.9977,36211
2022-03-30,62.11,62.21,62.485,61.97,152637
2022-03-31,62.03,61.35,62.455,61.18,82702
2022-04-01,61.38,61.55,61.7494,61.2,47079
2022-04-04,62.18,62.25,62.44,61.94,158936
2022-04-05,62.93,62.23,63.158,62.1567,30794
2022-04-06,62.86,61.83,63.04,61.6901,19250
2022-04-07,61.94,62.33,62.36,61.53,88991
2022-04-08,62.92,62.84,62.92,62.31,25825
2022-04-11,62.78,62.89,62.89,62.4401,45811
2022-04-12,63.99,64.05,64.3182,63.58,71482
2022-04-13,64.36,65.02,65.139,64.095,84847
2022-04-14,65.45,65.56,65.64,64.6332,51698
2022-04-18,66.35,66.5262,67.19,66.25,87299
2022-04-19,65.17,64.86,65.34,64.62,70581
2022-04-20,64.87,64.73,65.4876,64.28,59090
2022-04-21,65.04,64.73,65.1,64.45,70887
2022-04-22,64.41,63.48,64.4721,63.3801,88115
2022-04-25,62.23,63.265,63.265,62.067,28629
2022-04-26,63.48,63.45,63.74,62.92,27219
2022-04-27,63.53,64.07,64.25,63.42,18955
2022-04-28,63.8,63.82,64.8,63.48,25463
2022-04-29,64.17,63.4,64.27,63.33,112998
2022-05-02,62.97,63.67,63.67,62.52,37311
2022-05-03,63.83,63.47,64.435,63.3724,46931
2022-05-04,64.54,65.3039,65.34,64.32,264848
2022-05-05,65.56,65.21,65.56,64.53,42345
2022-05-06,64.99,64.55,65.002,64.2124,36394
2022-05-09,63.11,61.54,64.09,61.41,80321
2022-05-10,61.61,61.5,62.1654,61.1338,45098
2022-05-11,62.77,63.03,63.1899,62.58,34401
2022-05-12,62.47,63.11,63.11,62.25,21806
2022-05-13,63.29,63.49,63.54,62.775,27549
2022-05-16,64.18,64.76,64.77,64.115,30896
2022-05-17,65.06,64.82,65.25,64.76,25063
2022-05-18,64.7,63.8,64.7938,62.0017,220072
2022-05-19,63.62,64.21,64.71,63.62,88236
2022-05-20,64.2,64.24,64.42,63.93,110519
2022-05-23,64.45,65.35,65.39,64.4185,70947
2022-05-24,65.22,65.16,65.2389,64.87,33817
2022-05-25,65.2,65.38,65.42,65.06,27375
2022-05-26,65.3,65.62,66.3299,65.26,197624
2022-05-27,65.28,66.09,66.09,65.2356,27677
2022-05-31,66.39,64.89,66.4299,64.64,188410
2022-06-01,65.49,65.58,65.7257,65.13,65670
2022-06-02,66.22,66.36,66.499,65.67,30412
2022-06-03,65.74,66.35,66.5,65.74,26865
2022-06-06,67.12,67.39,67.45,66.96,27732
2022-06-07,67.13,67.63,67.65,66.9799,117750
2022-06-08,67.79,67.3,68.21,67.0864,39712
2022-06-09,66.33,67.37,67.73,66.0995,36496
2022-06-10,66.76,66.91,67.03,66.42,32586
2022-06-13,66.34,65.91,66.34,65.0,37874
2022-06-14,65.34,64.24,65.34,63.8921,76893
2022-06-15,64.62,64.32,64.79,64.15,63210
2022-06-16,64.61,64.41,64.7243,64.16,64751
2022-06-17,64.18,62.9302,64.18,62.54,47858
2022-06-21,62.73,62.48,63.09,62.2704,68974
2022-06-22,61.13,61.34,61.9099,60.99,234159
2022-06-23,61.14,59.83,61.1518,59.65,64767
2022-06-24,59.79,59.8,60.385,59.31,262115
2022-06-27,59.82,60.1,60.295,59.4,69796
2022-06-28,60.56,60.6178,60.8799,60.5284,78291
2022-06-29,61.33,60.28,61.4824,60.28,64719
2022-06-30,60.57,58.24,60.57,58.0839,133591
2022-07-01,58.42,57.85,58.42,57.83,218037
2022-07-05,57.06,55.32,57.06,55.08,72533
2022-07-06,55.35,54.91,55.55,54.4,275910
2022-07-07,56.23,56.57,57.0799,56.2,29913
2022-07-08,57.11,57.35,57.58,56.885,32603
2022-07-11,57.8,57.2989,57.8,57.14,71250
2022-07-12,56.36,55.1501,56.43,55.15,48839
2022-07-13,55.38,55.64,56.225,55.38,56154
2022-07-14,55.02,55.1447,55.31,54.31,20987
2022-07-15,55.35,55.72,55.8699,55.045,161254
2022-07-18,57.21,57.0,57.5131,56.95,27848
2022-07-19,56.55,56.92,57.1142,55.41,139120
2022-07-20,57.17,57.29,57.375,56.801,53988
2022-07-21,56.45,56.71,56.84,56.4,97368
2022-07-22,56.59,56.53,57.1688,56.4375,32338
2022-07-25,56.93,57.22,57.3599,56.6992,56936
2022-07-26,58.33,57.6084,58.33,57.37,31409
2022-07-27,57.93,58.5019,58.5643,57.7,19690
2022-07-28,58.95,58.78,59.0919,58.5021,25155
2022-07-29,59.44,59.19,59.7,59.0,35642
2022-08-01,58.01,58.29,58.3457,57.598,30227
2022-08-02,57.77,57.15,57.9688,57.15,29016
2022-08-03,57.54,57.44,57.62,56.84,22027
2022-08-04,57.23,57.5031,57.645,57.19,11120
2022-08-05,56.89,57.13,57.8415,56.89,61094
2022-08-08,56.94,57.34,57.4462,56.94,32828
2022-08-09,58.02,57.73,58.07,57.6716,70765
2022-08-10,58.08,58.53,58.735,57.8909,14503
2022-08-11,59.39,59.71,59.9394,59.23,275498
2022-08-12,59.6,59.92,59.92,59.4101,31872
2022-08-15,58.41,59.0,59.2373,58.26,18936
2022-08-16,59.38,58.9,59.54,58.69,19968
2022-08-17,59.02,58.75,59.0599,58.5,27934
2022-08-18,59.01,59.03,59.1899,58.615,24240
2022-08-19,58.9,59.16,59.32,58.7083,11239
2022-08-22,59.33,59.89,59.89,58.9067,33957
2022-08-23,60.2,60.34,60.7499,60.1026,30541
2022-08-24,60.32,60.54,60.6399,60.12,13874
2022-08-25,60.74,60.29,60.82,60.29,12321
2022-08-26,60.68,60.42,60.82,60.335,13070
2022-08-29,60.2,60.66,60.8,60.2,138796
2022-08-30,59.89,59.75,59.89,59.42,28557
2022-08-31,59.28,59.16,59.5675,59.0321,28216
2022-09-01,59.0,58.2,59.14,58.09,10272
2022-09-02,58.63,58.27,58.63,58.12,15700
2022-09-06,58.0175,57.44,58.205,57.4208,34658
2022-09-07,57.03,56.64,57.28,56.64,124309
2022-09-08,57.1,57.14,57.1819,56.67,14023
2022-09-09,57.69,58.2227,58.3199,57.65,19718
2022-09-12,58.74,59.2889,59.3593,58.61,18105
2022-09-13,58.88,58.9653,59.1899,58.6755,16239
2022-09-14,59.34,59.5,59.59,59.15,211721
2022-09-15,58.38,57.74,58.38,57.7001,22173
2022-09-16,57.62,57.5587,57.78,57.3076,20505
2022-09-19,56.83,57.6992,57.6992,56.83,26965
2022-09-20,57.5,57.6502,57.76,57.331,20139
2022-09-21,58.08,57.3923,58.1163,57.26,25820
2022-09-22,57.79,57.2674,57.87,57.0389,14478
2022-09-23,55.69,55.5554,55.69,55.3085,272272
2022-09-26,55.24,54.5196,55.5799,54.44,172917
2022-09-27,55.01,54.64,55.17,54.58,309209
2022-09-28,54.73,55.7282,55.7908,54.73,81151
2022-09-29,55.62,55.6577,55.76,55.18,19848
2022-09-30,55.41,55.0155,55.8099,54.9901,59717
2022-10-03,55.67,55.9569,55.98,55.495,46956
2022-10-04,56.81,57.15,57.26,56.77,77110
2022-10-05,57.16,57.8261,57.8786,56.96,29590
2022-10-06,57.58,57.7224,57.7667,57.4653,13897
2022-10-07,57.56,57.7279,58.0985,57.5139,19830
2022-10-10,58.07,57.4874,58.625,57.4401,13055
2022-10-11,57.19,57.015,57.39,56.9244,10972
2022-10-12,57.07,56.995,57.1135,56.79,16436
2022-10-13,56.5,57.4997,57.6479,56.4,14752
2022-10-14,57.15,56.435,57.2,56.3487,17700
2022-10-17,56.48,56.095,56.59,56.095,13318
2022-10-18,56.06,55.5617,56.06,55.49,12854
2022-10-19,55.23,55.3007,55.4599,55.14,119013
2022-10-20,55.56,55.4367,55.91,55.3465,55964
2022-10-21,54.9,55.5638,55.578,54.9,18394
2022-10-24,55.46,55.65,55.8,55.46,28869
2022-10-25,55.59,56.18,56.2,55.59,27484
2022-10-26,56.35,56.7841,56.869,56.24,33015
2022-10-27,56.74,56.3894,56.76,56.2126,29814
2022-10-28,55.77,55.8398,55.92,55.4,30485
2022-10-31,56.0,56.1422,56.25,55.8491,188371
2022-11-01,56.64,56.6519,56.67,56.35,14063
2022-11-02,56.69,56.945,57.71,56.6699,45634
2022-11-03,56.4,56.4,56.799,56.25,17536
2022-11-04,57.9,58.59,58.59,57.8433,23745
2022-11-07,58.64,58.32,58.89,58.3,16822
2022-11-08,58.13,57.77,58.35,57.5258,39732
2022-11-09,57.21,56.87,57.3,56.7201,88597
2022-11-10,57.25,57.44,57.6228,57.11,98373
2022-11-11,58.47,58.3,58.6668,57.95,29627
2022-11-14,58.31,58.0,58.6529,57.92,65984
2022-11-15,57.95,58.49,58.8,57.645,113581
2022-11-16,57.68,57.93,57.9686,57.5,53569
2022-11-17,57.57,57.29,57.57,57.0175,30843
2022-11-18,56.6,57.146,57.25,56.59,37384
2022-11-21,56.72,57.34,57.44,56.32,152540
2022-11-22,57.72,57.955,58.0999,57.55,36296
2022-11-23,57.97,57.88,58.1001,57.6876,38819
2022-11-25,57.98,57.4774,58.07,57.4774,71291
2022-11-28,56.85,57.2,57.39,56.7101,30137
2022-11-29,57.69,57.77,57.9549,57.4772,102091
2022-11-30,58.39,58.38,58.485,57.939,199271
2022-12-01,58.92,58.24,58.92,58.08,73861
2022-12-02,57.67,57.45,57.985,57.3401,23933
2022-12-05,57.28,56.03,57.3997,55.8601,236253
2022-12-06,56.04,55.39,56.25,55.205,40414
2022-12-07,55.75,55.89,56.655,55.32,140908
2022-12-08,56.41,55.9952,56.41,55.718,112805
2022-12-09,56.35,56.29,56.65,55.82,75906
2022-12-12,56.66,54.598042,56.939,56.57,74641
2022-12-13,55.5,55.46,56.01,55.355,198886
2022-12-14,55.66,55.33,55.66,55.01,222081
2022-12-15,55.26,54.96,55.3003,54.54,264271
2022-12-16,54.37,54.51,54.669,54.3158,171990
2022-12-19,53.98,53.92,54.1097,53.6756,103782
2022-12-20,53.84,54.1,54.25,53.7471,108286
2022-12-21,54.53,54.68,54.69,54.4198,140068
2022-12-22,54.27,53.73,54.288,53.51,129714
2022-12-23,53.97,54.42,54.99,53.54,371795
2022-12-27,56.72,54.85,56.72,54.5731,370451
2022-12-28,54.27,54.36,54.4,53.88,131770
2022-12-29,54.02,54.18,54.31,53.8601,49534
2022-12-30,54.16,54.51,54.56,54.0897,227915
2023-01-03,54.37,53.32,54.37,53.23,122037
2023-01-04,53.14,52.6365,53.14,52.51,31767
2023-01-05,52.3,52.03,52.3,51.9071,29131
2023-01-06,52.45,52.51,52.6812,52.44,29637
2023-01-09,53.13,52.9404,53.395,52.9098,87124
2023-01-10,52.9,52.76,52.95,52.64,81015
2023-01-11,53.06,53.01,53.21,52.67,405872
2023-01-12,53.77,53.67,53.9635,53.36,165606
2023-01-13,53.71,53.96,54.09,53.7,241740
2023-01-17,54.08,54.24,54.3999,54.0,165912
2023-01-18,54.64,53.88,54.64,53.76,153055
2023-01-19,54.08,54.06,54.275,53.9251,158356
2023-01-20,54.3,54.11,54.32,54.11,33844
2023-01-23,54.2,54.48,54.48,54.004,45952
2023-01-24,54.41,54.12,54.4634,54.09,48554
2023-01-25,54.12,54.15,54.19,53.87,34470
2023-01-26,54.26,54.36,54.3871,53.975,42303
2023-01-27,54.44,53.88,54.44,53.79,54102
2023-01-30,53.62,53.54,53.8799,53.39,232918
2023-01-31,53.41,54.14,54.25,53.4,63636
2023-02-01,53.86,53.41,54.05,52.8639,125905
2023-02-02,53.56,52.91,53.67,52.65,43443
2023-02-03,52.7,51.84,52.81,51.81,98181
2023-02-06,52.0,51.99,52.0,51.33,228810
2023-02-07,51.93,52.6008,52.64,51.93,28153
2023-02-08,52.6,52.54,52.69,52.2,31761
2023-02-09,52.53,52.32,52.53,52.12,106721
2023-02-10,52.52,52.68,52.76,52.42,89586
2023-02-13,52.52,52.53,52.67,52.35,97568
2023-02-14,52.33,52.68,52.8481,52.33,34232
2023-02-15,52.3,52.09,52.3,51.92,24530
2023-02-16,52.06,52.17,52.3199,52.05,58082
2023-02-17,51.63,51.86,51.93,51.445,22925
2023-02-21,52.2,51.97,52.27,51.8972,24982
2023-02-22,52.0,51.56,52.0,51.56,28721
2023-02-23,51.78,51.7,51.82,51.45,22222
2023-02-24,51.2,51.37,51.47,51.02,61666
2023-02-27,51.64,51.57,51.64,51.4213,23164
2023-02-28,51.75,51.58,51.75,51.51,38698
2023-03-01,51.75,52.29,52.29,51.75,19340
2023-03-02,52.13,52.084,52.175,51.8901,15892
2023-03-03,52.1,52.72,52.78,52.1,92068
2023-03-06,52.17,52.3462,52.3999,52.09,41891
2023-03-07,52.02,51.555,52.0387,51.45,27282
2023-03-08,51.44,51.2292,51.52,51.1701,19746
2023-03-09,51.45,50.71,51.49,50.7,20914
2023-03-10,50.87,51.0,51.07,50.77,33217
2023-03-13,50.73,51.28,51.51,50.73,20377
2023-03-14,51.2,50.82,51.3,50.75,199661
2023-03-15,50.26,50.03,50.47,49.7209,76697
2023-03-16,49.91,50.19,50.21,49.66,46279
2023-03-17,50.1101,50.1,50.24,49.7986,22434
2023-03-20,49.97,50.15,50.1793,49.8,36168
2023-03-21,50.18,50.1577,50.2899,49.89,23811
2023-03-22,50.12,50.15,50.3484,49.89,14340
2023-03-23,50.4,50.05,50.43,49.97,32813
2023-03-24,50.16,50.39,50.429,50.08,19426
2023-03-27,50.29,50.89,50.9,50.29,28769
2023-03-28,50.75,51.14,51.18,50.75,38751
2023-03-29,51.07,50.99,51.33,50.9,42468
2023-03-30,51.12,51.17,51.18,50.8704,47996
2023-03-31,51.15,51.52,51.5989,51.15,287123
2023-04-03,52.07,51.91,52.24,51.81,143243
2023-04-04,51.96,51.92,52.0099,51.735,157597
2023-04-05,51.96,51.97,52.0,51.86,14051
2023-04-06,51.8,51.75,51.87,51.66,13370
2023-04-10,51.94,51.77,51.94,51.7262,21152
2023-04-11,51.94,52.17,52.2,51.94,16115
2023-04-12,52.22,52.32,52.3527,52.1286,54663
2023-04-13,52.63,52.42,52.645,52.36,17144
2023-04-14,52.46,52.45,52.58,52.1,217001
2023-04-17,52.65,52.49,52.65,52.321,34025
2023-04-18,52.65,52.9,52.98,52.57,19591
2023-04-19,52.38,52.3,52.53,52.16,20318
2023-04-20,51.85,51.87,52.03,51.735,18212
2023-04-21,51.9,51.61,51.9,51.43,29983
2023-04-24,51.41,51.8,51.8895,51.41,32522
2023-04-25,51.38,51.17,51.41,51.0,18144
2023-04-26,51.12,50.71,51.16,50.6,699589
2023-04-27,50.63,50.706,50.7799,50.42,20627
2023-04-28,50.61,51.09,51.09,50.53,33138
2023-05-01,51.06,50.73,51.1481,50.53,17201
2023-05-02,50.43,50.12,50.43,50.0233,26460
2023-05-03,49.73,49.7983,49.915,49.6248,18852
2023-05-04,49.75,49.95,50.1,49.67,34786
2023-05-05,50.16,50.57,50.58,50.16,22075
2023-05-08,50.89,50.81,50.94,50.73,17293
2023-05-09,50.0,50.83,50.86,49.735,18480
2023-05-10,50.57,50.41,50.57,50.3183,46885
2023-05-11,49.82,49.6,49.9099,49.53,67893
2023-05-12,49.8,49.57,49.82,49.45,9866
2023-05-15,50.0,50.035,50.21,49.97,31312
2023-05-16,49.99,49.53,50.13,49.49,20435
2023-05-17,49.78,49.71,49.85,49.4358,29496
2023-05-18,49.29,49.6,49.6,49.19,68784
2023-05-19,49.9,49.67,50.0273,49.59,18375
2023-05-22,49.41,49.38,49.54,49.29,120145
2023-05-23,49.45,49.36,49.5477,49.34,131429
2023-05-24,49.53,49.38,49.56,49.185,18156
2023-05-25,48.97,48.68,49.0137,48.0,119599
2023-05-26,49.11,49.26,49.27,49.0276,66956
2023-05-30,48.79,48.365,48.79,48.214,24202
2023-05-31,48.14,48.08,48.3927,48.08,51100
2023-06-01,48.33,48.81,48.925,48.33,33011
2023-06-02,49.18,49.15,49.26,48.93,64661
2023-06-05,49.4,49.15,49.4399,49.13,70313
2023-06-06,49.02,49.27,49.42,49.02,16323
2023-06-07,49.53,49.32,49.61,49.2101,15650
2023-06-08,49.44,49.5754,49.68,49.1456,13603
2023-06-09,49.47,49.42,49.73,49.36,38413
2023-06-12,49.03,48.97,49.15,48.92,38154
2023-06-13,49.51,49.52,49.6627,49.43,33509
2023-06-14,49.69,49.6,49.83,49.48,19932
2023-06-15,49.92,50.63,50.63,49.92,43389
2023-06-16,50.86,51.22,51.28,50.86,24753
2023-06-20,50.63,50.68,50.7599,50.4183,89204
2023-06-21,50.59,51.07,51.15,50.59,414115
2023-06-22,50.43,50.38,50.6544,50.1945,36495
2023-06-23,49.67,49.87,49.93,49.67,31256
2023-06-26,49.94,49.87,50.21,49.86,35697
2023-06-27,49.66,49.36,49.6796,49.311,18849
2023-06-28,49.0,48.94,49.1867,48.84,19710
2023-06-29,48.8,49.0,49.065,48.8,18781
2023-06-30,49.26,49.51,49.75,49.25,84469
2023-07-03,49.73,49.6607,49.8869,49.65,12446
2023-07-05,50.05,49.8543,50.0699,49.76,42618
2023-07-06,49.83,49.7417,49.92,49.47,12640
2023-07-07,49.64,49.8859,50.0466,49.64,10854
2023-07-10,49.99,50.0436,50.15,49.9606,14870
2023-07-11,50.24,50.44,50.4899,50.18,15649
2023-07-12,50.91,50.64,51.0,50.6035,24704
2023-07-13,50.81,51.27,51.33,50.81,210260
2023-07-14,51.27,51.24,51.31,51.1239,18425
2023-07-17,50.97,50.75,50.985,50.75,65554
2023-07-18,50.97,51.29,51.4388,50.97,75295
2023-07-19,51.74,51.6,51.84,51.4859,25228
2023-07-20,52.04,51.8,52.04,51.69,26479
2023-07-21,51.6,51.82,51.8919,51.6,13007
2023-07-24,52.23,52.5851,52.7317,52.22,80493
2023-07-25,52.47,52.88,52.9699,52.47,71021
2023-07-26,52.73,52.72,52.7552,52.57,31297
2023-07-27,52.51,52.2,52.51,52.1901,421714
2023-07-28,52.28,52.41,52.54,52.19,112509
2023-07-31,52.48,52.5506,52.62,52.32,28735
2023-08-01,52.21,52.24,52.3544,52.04,18095
2023-08-02,52.03,51.58,52.03,51.4469,30835
2023-08-03,51.61,51.7,51.79,51.51,16039
2023-08-04,51.81,51.8,51.99,51.69,16004
2023-08-07,51.93,51.8,51.93,51.65,18085
2023-08-08,51.19,51.7,51.7806,51.1,13325
2023-08-09,51.97,51.95,52.08,51.82,34658
2023-08-10,52.02,51.83,52.09,51.7191,13325
2023-08-11,51.6364,51.7,51.84,51.59,13376
2023-08-14,51.37,51.43,51.4998,51.2714,15424
2023-08-15,51.18,50.88,51.18,50.85,17184
2023-08-16,51.07,50.719,51.1599,50.719,19879
2023-08-17,51.145,50.85,51.1519,50.85,27253
2023-08-18,50.92,51.2,51.2691,50.92,9282
2023-08-21,51.59,51.19,51.59,51.13,50177
2023-08-22,51.36,51.14,51.36,51.076,21932
2023-08-23,51.2,51.41,51.6069,51.2,14147
2023-08-24,51.22,51.5,51.6382,51.21,8758
2023-08-25,51.73,51.92,51.98,51.5601,21081
2023-08-28,51.82,51.925,52.1099,51.814,21504
2023-08-29,51.7254,51.94,52.06,51.7254,14738
2023-08-30,52.17,52.085,52.19,51.9719,15809
2023-08-31,52.08,52.07,52.265,52.0,13394
2023-09-01,52.5,52.44,52.6394,52.395,16364
2023-09-05,52.47,52.4046,52.58,52.34,12793
2023-09-06,52.21,52.35,52.4288,52.21,13798
2023-09-07,52.18,52.25,52.45,52.13,14550
2023-09-08,52.19,52.2,52.34,52.17,7781
2023-09-11,52.45,52.59,52.65,52.45,19160
2023-09-12,52.5,52.6,52.66,52.44,15243
2023-09-13,52.54,52.63,52.64,52.48,11301
2023-09-14,52.8,52.91,52.9972,52.78,27658
2023-09-15,52.91,52.8249,52.94,52.75,14595
2023-09-18,52.91,52.78,52.91,52.7,35905
2023-09-19,52.88,52.8,52.946,52.73,11074
2023-09-20,52.57,52.51,52.86,52.51,15690
2023-09-21,52.41,52.18,52.51,52.18,13412
2023-09-22,52.51,52.3,52.51,52.16,18108
2023-09-25,52.16,52.08,52.16,51.94,16918
2023-09-26,51.9185,51.88,51.944,51.85,11465
2023-09-27,52.0,52.0,52.12,51.98,63683
2023-09-28,52.08,52.08,52.19,51.985,264866
2023-09-29,52.28,51.51,52.28,51.5,29004
2023-10-02,51.39,51.1599,51.46,51.1,35551
2023-10-03,51.0,50.98,51.05,50.865,14845
2023-10-04,50.605,50.16,50.605,50.0,12285
2023-10-05,49.78,50.095,50.115,49.78,14113
2023-10-06,50.33,50.37,50.52,50.1,9045
2023-10-09,50.9,51.0664,51.07,50.811,40124
2023-10-10,50.87,50.93,50.9588,50.69,28213
2023-10-11,50.74,50.83,50.83,50.475,13087
2023-10-12,50.93,50.94,50.94,50.74,26333
2023-10-13,51.61,51.7942,51.836,51.45,38804
2023-10-16,51.6,51.62,51.66,51.4604,15514
2023-10-17,51.44,51.6617,51.739,51.44,78041
2023-10-18,52.06,52.0526,52.175,51.9,29939
2023-10-19,51.89,52.3715,52.4091,51.841,29149
2023-10-20,52.25,52.01,52.546,52.01,31404
2023-10-23,52.0,51.69,52.0201,51.66,18596
2023-10-24,51.47,51.5628,51.6,51.3606,8377
2023-10-25,51.53,51.7522,51.8,51.3999,12053
2023-10-26,51.5,51.5696,51.67,51.4809,10413
2023-10-27,51.9,52.0481,52.14,51.725,13211
2023-10-30,51.79,51.5256,51.88,51.5256,30183
2023-10-31,51.69,51.6042,51.9204,51.505,25016
2023-11-01,51.634,51.465,51.8099,51.365,6362
2023-11-02,51.53,51.83,51.92,51.53,61556
2023-11-03,51.81,51.95,52.1,51.81,46326
2023-11-06,51.68,51.862,52.05,51.68,23044
2023-11-07,51.2,51.0294,51.245,50.944,13569
2023-11-08,50.86,50.61,51.01,50.466,26143
2023-11-09,50.55,50.41,50.77,50.41,51814
2023-11-10,50.4,50.2999,50.4,50.2728,12325
2023-11-13,50.36,51.055,51.08,50.36,11855
2023-11-14,51.14,51.114,51.35,51.081,14393
2023-11-15,51.1,51.1691,51.32,51.1,15001
2023-11-16,50.8,50.435,50.828,49.5401,13853
2023-11-17,50.35,50.5733,50.63,50.35,17105
2023-11-20,50.7901,50.94,50.9911,50.785,13323
2023-11-21,50.96,51.1115,51.19,50.96,21009
2023-11-22,50.5241,50.76,50.82,50.39,25880
2023-11-24,50.6601,50.5431,50.7107,50.5431,11263
2023-11-27,50.45,50.295,50.45,50.231,26695
2023-11-28,50.51,50.77,50.9637,50.48,28355
2023-11-29,50.9,50.97,51.02,50.7,24162
2023-11-30,50.98,50.63,51.07,50.55,58167
2023-12-01,50.47,50.5669,51.0389,50.47,46793
2023-12-04,50.02,50.0148,50.2,49.95,29202
2023-12-05,49.94,49.7132,50.04,49.674,30899
2023-12-06,49.45,48.7828,49.471,48.76,30442
2023-12-07,48.96,48.95,49.005,48.76,50692
2023-12-08,48.96,48.95,49.19,48.82,37940
2023-12-11,48.57,48.7439,48.81,48.4461,68967
2023-12-12,48.37,48.2874,48.45,48.24,130579
2023-12-13,48.31,48.7412,48.7412,48.2054,35616
2023-12-14,49.19,49.4185,49.4185,49.19,97646
2023-12-15,49.49,49.4873,49.5311,49.305,100324
2023-12-18,49.85,49.65,49.93,49.6,51992
2023-12-19,49.54,47.582167,49.98,49.54,45548
2023-12-20,49.96,47.0387,49.96,47.0387,160773
2023-12-21,47.16,47.1996,47.25,47.0419,50668
2023-12-22,47.4,47.29,47.53,47.2,34105
2023-12-26,49.89,47.6,49.89,47.41,74854
2023-12-27,47.79,47.7102,47.94,47.6426,55754
2023-12-28,47.49,47.41,47.7399,47.37,58049
2023-12-29,47.34,47.0539,47.34,47.01,43249
2024-01-02,47.22,46.82,47.22,46.7413,50609
2024-01-03,46.8,47.0096,47.0283,46.8,136158
2024-01-04,46.83,46.88,46.96,46.7098,46211
2024-01-05,46.98,46.965,47.1,46.79,63166
2024-01-08,46.24,46.5602,46.6249,46.17,66188
2024-01-09,46.79,46.8449,47.0063,46.61,55848
2024-01-10,46.84,46.49,46.84,46.47,30785
2024-01-11,46.82,46.6835,46.8932,46.6,146338
2024-01-12,47.33,46.825,47.33,46.615,45258
2024-01-16,46.8,46.3959,46.8,46.38,80635
2024-01-17,46.05,46.0831,46.16,45.952,64262
2024-01-18,46.04,46.3138,46.3326,45.93,93176
2024-01-19,46.53,46.145,46.53,46.07,26720
2024-01-22,45.85,46.1203,46.24,45.85,61743
2024-01-23,46.31,46.5656,46.5695,46.2833,34933
2024-01-24,46.81,46.8467,46.8701,46.7001,46219
2024-01-25,47.05,46.9447,47.0724,46.76,16280
2024-01-26,46.76,46.97,47.0567,46.5978,48871
2024-01-29,46.75,46.7171,46.75,46.58,29097
2024-01-30,46.8,47.0999,47.1245,46.7316,26301
2024-01-31,47.0,46.8462,47.0877,46.84,16980
2024-02-01,46.72,46.4765,46.88,46.39,22267
2024-02-02,46.22,46.1537,46.22,46.08,13842
2024-02-05,46.01,46.0974,46.1178,45.83,33468
2024-02-06,46.16,46.155,46.2664,46.125,28686
2024-02-07,46.18,46.1786,46.2554,46.098,34676
2024-02-08,46.2,46.28,46.35,46.16,19179
2024-02-09,46.25,46.19,46.35,46.11,193608
2024-02-12,46.16,46.1512,46.2821,46.124,15476
2024-02-13,45.8657,45.8549,46.0145,45.78,17888
2024-02-14,45.77,45.4776,45.86,45.4448,18960
2024-02-15,45.58,45.56,45.88,45.56,18571
2024-02-16,45.62,45.79,45.88,45.62,13434
2024-02-20,45.78,45.7224,45.84,45.57,29684
2024-02-21,46.09,46.0335,46.09,45.255,21456
2024-02-22,45.85,46.095,46.13,45.85,380544
2024-02-23,45.71,45.6622,45.74,45.62,19192
2024-02-26,45.7,45.93,45.935,45.637,16531
2024-02-27,46.15,46.25,46.3,46.15,28033
2024-02-28,46.21,46.19,46.276,46.1401,17856
2024-02-29,46.08,46.2147,46.3203,46.06,25865
2024-03-01,46.26,46.36,46.475,46.02,12997
2024-03-04,46.68,46.7,46.88,46.6588,28914
2024-03-05,46.75,46.5,46.75,46.49,13156
2024-03-06,46.77,46.72,46.9,46.705,20004
2024-03-07,47.01,47.12,47.15,47.01,14859
2024-03-08,46.94,47.02,47.08,46.86,39167
2024-03-11,47.0001,47.34,47.35,47.0,16203
2024-03-12,47.17,47.23,47.339,47.065,21252
2024-03-13,47.43,47.63,47.7,47.36,18649
2024-03-14,47.64,47.6959,47.7882,47.53,20060
2024-03-15,47.72,47.77,47.8,47.6155,15854
2024-03-18,47.99,47.9812,48.01,47.88,15729
2024-03-19,47.93,47.9,47.95,47.83,36544
2024-03-20,47.74,47.95,47.9999,47.551,11042
2024-03-21,48.08,47.8531,48.08,47.6353,33848
2024-03-22,47.64,47.5,47.721,47.49,14912
2024-03-25,47.62,47.8,47.8899,47.62,15420
2024-03-26,47.85,47.5,47.92,47.4912,33247
2024-03-27,47.29,47.44,47.495,45.67,57636
2024-03-28,47.61,47.95,48.0342,47.59,12243
2024-04-01,48.36,48.2,48.36,48.0921,80588
2024-04-02,48.54,48.6361,48.68,48.515,11720
2024-04-03,49.0,49.16,49.23,48.9196,11768
2024-04-04,49.03,49.16,49.345,49.03,11854
2024-04-05,49.26,49.51,49.6551,49.26,12417
2024-04-08,49.67,49.65,49.73,49.47,6593
2024-04-09,49.8299,49.66,49.8299,49.5198,9752
2024-04-10,49.48,49.56,49.635,49.361,24955
2024-04-11,49.56,49.52,49.56,49.26,20244
2024-04-12,50.05,49.53,50.29,49.46,25816
2024-04-15,49.65,49.8,49.8,49.43,16835
2024-04-16,49.56,49.61,49.68,49.34,14141
2024-04-17,49.65,49.4,49.769,49.27,101274
2024-04-18,49.48,49.35,49.48,49.265,11466
2024-04-19,49.51,49.68,49.86,49.51,24565
2024-04-22,49.42,49.62,49.68,49.295,14950
2024-04-23,49.29,49.74,49.74,49.18,12107
2024-04-24,49.52,49.55,49.7548,49.52,13944
2024-04-25,49.53,49.84,49.9107,49.51,14309
2024-04-26,49.99,49.8,50.08,49.79,31260
2024-04-29,50.01,50.04,50.17,49.945,10554
2024-04-30,49.54,49.14,49.6081,49.14,14775
2024-05-01,48.93,48.8347,49.22,48.75,24458
2024-05-02,48.76,48.95,49.0592,48.74,13801
2024-05-03,49.1,49.15,49.1936,49.02,10293
2024-05-06,49.57,49.7423,49.885,49.57,19557
2024-05-07,49.644,49.7221,49.79,49.644,12565
2024-05-08,49.44,49.53,49.63,49.365,12048
2024-05-09,49.56,49.844,49.844,46.0,77597
2024-05-10,49.92,49.86,49.97,49.8201,9700
2024-05-13,49.97,50.17,50.17,49.97,19196
2024-05-14,49.99,50.17,50.21,49.99,34805
2024-05-15,50.31,50.4701,50.5,50.04,14756
2024-05-16,50.5,50.55,50.55,50.421,7936
2024-05-17,51.06,51.3064,51.3249,51.01,13582
2024-05-20,51.39,51.8847,51.99,51.39,24719
2024-05-21,51.89,51.91,52.091,51.774,23592
2024-05-22,51.61,51.3843,51.61,51.3336,9607
2024-05-23,51.62,50.975,51.745,50.91,19277
2024-05-24,51.03,50.98,51.0984,50.95,37261
2024-05-28,51.62,51.89,51.89,51.525,12841
2024-05-29,51.55,51.25,51.55,51.2211,13825
2024-05-30,50.8,50.6245,50.959,50.5901,30310
2024-05-31,50.78,50.2137,50.85,50.1566,7412
2024-06-03,50.4,50.0665,50.46,49.91,8705
2024-06-04,49.81,49.4705,49.81,49.391,256255
2024-06-05,49.57,49.755,49.79,49.47,16510
2024-06-06,50.1,50.35,50.41,50.1,11269
2024-06-07,49.58,49.575,49.78,49.52,9699
2024-06-10,49.97,49.99,50.04,49.845,74161
2024-06-11,49.97,50.08,50.08,49.83,19205
2024-06-12,50.24,50.0722,50.26,50.04,8489
2024-06-13,50.13,49.9897,50.16,49.91,81087
2024-06-14,49.98,49.9262,50.05,49.9102,12589
2024-06-17,49.62,49.765,49.765,49.54,12675
2024-06-18,49.75,50.0375,50.05,49.75,13929
2024-06-20,50.16,50.1443,50.35,50.12,9351
2024-06-21,50.0,49.6274,50.0,49.4183,9493
2024-06-24,49.77,50.0151,50.02,49.72,26450
2024-06-25,49.67,49.47,49.6894,49.43,23210
2024-06-26,49.34,49.3633,49.55,49.22,24777
2024-06-27,49.72,49.5551,49.72,49.52,6494
2024-06-28,49.53,49.3853,49.59,49.3609,10906
2024-07-01,49.42,49.6914,49.6914,49.31,6732
2024-07-02,49.81,49.715,49.88,49.655,8524
2024-07-03,49.88,50.055,50.119,49.88,5396
2024-07-05,50.23,50.375,50.47,50.23,6295
2024-07-08,50.09,49.7982,50.09,49.72,23579
2024-07-09,49.8299,49.4944,49.84,49.4892,5332
2024-07-10,49.47,49.397,49.558,49.34,15236
2024-07-11,49.56,49.605,49.7241,49.5299,5629
2024-07-12,49.48,49.5311,49.63,49.419,4582
2024-07-15,49.27,49.1193,49.32,49.1193,81910
2024-07-16,48.97,49.2299,49.2587,48.97,7364
2024-07-17,49.31,49.11,49.31,49.01,8395
2024-07-18,49.02,48.71,49.04,48.71,6613
2024-07-19,48.48,48.26,48.64,48.26,5456
2024-07-22,48.2,48.48,48.52,48.18,84170
2024-07-23,48.4087,48.3,48.42,48.224,91949
2024-07-24,48.2001,47.98,48.32,47.98,14857
2024-07-25,47.65,47.87,47.9503,47.65,26051
2024-07-26,47.79,47.5271,47.81,47.4974,15235
2024-07-29,47.51,47.4398,47.5857,47.18,409880
2024-07-30,47.15,47.31,47.38,47.07,33376
2024-07-31,47.76,48.1,48.1,47.65,29224
2024-08-01,48.04,47.5681,48.12,47.43,8765
2024-08-02,47.54,47.2697,47.54,47.041,20924
2024-08-05,46.34,46.8687,46.8687,46.28,10230
2024-08-06,46.83,46.676,46.88,46.635,25195
2024-08-07,46.96,46.9256,47.13,46.91,23516
2024-08-08,47.08,47.2704,47.39,47.08,26605
2024-08-09,47.51,47.4032,47.51,47.37,6180
2024-08-12,47.75,47.9654,48.009,47.7,20211
2024-08-13,47.67,47.4899,47.67,47.445,38703
2024-08-14,47.5629,47.425,47.73,47.379,63417
2024-08-15,47.65,47.6817,47.9299,47.65,5563
2024-08-16,47.49,47.6643,47.68,47.485,17598
2024-08-19,47.71,47.8796,48.03,47.71,17278
2024-08-20,47.99,47.8286,48.078,47.76,23142
2024-08-21,47.91,47.7813,47.98,47.6525,30216
2024-08-22,47.5,47.405,47.5501,47.33,7176
2024-08-23,47.71,48.06,48.09,47.71,7725
2024-08-26,48.4,48.4199,48.47,48.32,18899
2024-08-27,48.28,48.43,48.55,48.28,15648
2024-08-28,47.99,48.0,48.19,47.96,15508
2024-08-29,48.05,48.31,48.35,48.05,14201
2024-08-30,48.2,47.99,48.2,47.871,8402
2024-09-03,47.43,47.52,47.54,47.2236,22324
2024-09-04,47.35,47.34,47.5015,47.27,458033
2024-09-05,47.57,47.48,47.64,47.43,27650
2024-09-06,47.5,46.85,47.6,46.67,67623
2024-09-09,46.83,47.11,47.13,46.79,17839
2024-09-10,47.12,46.74,47.12,46.55,12832
2024-09-11,46.87,47.1,47.1099,46.6297,43810
2024-09-12,47.43,47.76,47.76,47.42,65944
2024-09-13,47.93,47.89,48.12,47.84,9265
2024-09-16,48.28,48.2083,48.28,48.075,9708
2024-09-17,48.19,48.365,48.4399,48.19,16595
2024-09-18,48.46,48.13,48.55,48.1017,9264
2024-09-19,48.55,48.7128,48.82,48.5131,9557
2024-09-20,48.65,48.9299,48.9717,48.59,11526
2024-09-23,49.08,49.2,49.42,49.0647,13709
2024-09-24,49.825,49.9258,49.9599,49.68,67341
2024-09-25,49.82,49.81,49.92,49.7,11283
2024-09-26,49.87,49.67,49.9399,49.65,14894
2024-09-27,49.71,49.8977,49.8977,49.675,9400
2024-09-30,49.7,49.8577,49.93,49.65,88542
2024-10-01,49.77,50.3009,50.64,49.77,15891
2024-10-02,50.73,50.7,50.84,50.5,11186
2024-10-03,50.58,50.8989,50.93,50.51,45126
2024-10-04,50.92,50.8705,51.03,50.79,20630
2024-10-07,50.77,51.0168,51.05,50.77,15366
2024-10-08,50.3,50.08,50.36,49.83,17027
2024-10-09,49.61,49.69,49.731,49.45,16955
2024-10-10,49.8905,50.28,50.28,49.85,11235
2024-10-11,50.44,50.3151,50.53,50.302143,7792
2024-10-14,49.94,49.69,49.99,49.69,10540
2024-10-15,49.13,49.2,49.3,49.0699,15874
2024-10-16,49.33,49.1449,49.355,49.0701,15186
2024-10-17,49.06,49.1603,49.19,49.0,8654
2024-10-18,49.18,49.17,49.23,49.055,39911
2024-10-21,49.639,49.3551,49.639,49.34,12728
2024-10-22,49.62,50.0,50.04,49.62,8035
2024-10-23,49.7,49.796,49.84,49.65,10571
2024-10-24,50.11,49.94,50.135,49.5797,8209
2024-10-25,49.88,50.02,50.05,49.79,18738
2024-10-28,49.207825,49.1852,49.25,49.1025,9061
2024-10-29,49.33,49.27,49.37,49.2,14174
2024-10-30,49.33,49.553,49.56,49.26,11608
2024-10-31,49.409,49.4265,49.46,49.1,14945
2024-11-01,49.56,49.095,49.63,49.095,8023
2024-11-04,49.41,49.5677,49.5677,49.41,10934
2024-11-05,49.83,49.7,49.8855,49.5942,8502
2024-11-06,48.65,49.14,49.22,48.65,15451
2024-11-07,49.47,49.8016,49.87,49.39,13505
2024-11-08,49.47,49.215,49.47,49.1621,10654
2024-11-11,48.93,48.8068,48.97,48.6591,13804
2024-11-12,48.81,48.543,48.81,48.44,15053
2024-11-13,48.35,48.3382,48.52,48.1833,14227
2024-11-14,48.48,48.0764,48.48,48.0259,38875
2024-11-15,48.29,48.12,48.4225,48.085,99146
2024-11-18,48.41,48.895,48.96,48.41,34418
2024-11-19,48.97,49.09,49.139,48.9454,17293
2024-11-20,49.27,49.3201,49.34,49.18,32415
2024-11-21,49.61,49.51,49.61,49.32,13021
2024-11-22,49.38,49.575,49.6049,49.272,10477
2024-11-25,49.409,49.1849,49.45,49.05,8431
2024-11-26,49.37,49.2556,49.41,49.1,10908
2024-11-27,49.1,49.0097,49.245,48.96,13007
2024-11-29,49.22,49.2339,49.3562,49.21,6527
2024-12-02,48.84,48.7092,48.87,48.62,16031
2024-12-03,49.1,48.93,49.1,48.8784,40344
2024-12-04,49.04,48.94,49.06,48.8037,17087
2024-12-05,48.96,48.94,49.085,48.85,22686
2024-12-06,48.84,48.852,48.97,48.75,28183
2024-12-09,49.52,49.26,49.53,49.26,16772
2024-12-10,49.43,49.5058,49.6099,49.43,69650
2024-12-11,49.57,49.7949,49.92,49.57,89498
2024-12-12,49.55,49.56,49.6223,49.33,52091
2024-12-13,49.37,49.2879,49.3937,49.2701,81400
2024-12-16,49.3,47.091654,49.3,49.095,431727
2024-12-17,47.2,46.9,47.2,46.52,72343
2024-12-18,46.89,46.31,46.96,46.29,194481
2024-12-19,46.54,46.42,46.57,46.21,96633
2024-12-20,46.48,46.81,46.87,46.48,247098
2024-12-23,46.74,46.8658,46.888,46.65,51800
2024-12-24,47.03,47.1325,47.18,47.01,26285
2024-12-26,47.05,47.11,47.18,47.05,22621
2024-12-27,47.11,47.185,47.2774,47.05,40259
2024-12-30,47.76,47.5481,47.93,47.41,88603
2024-12-31,47.41,47.5761,47.6097,47.41,61634
2025-01-02,47.895,47.9484,48.1803,47.87,27203
2025-01-03,47.74,47.448,47.74,47.3981,31864
2025-01-06,47.86,47.77,47.99,47.77,20642
2025-01-07,48.03,48.0,48.0896,47.93,127888
2025-01-08,48.11,48.08,48.17,47.92,96663
2025-01-10,49.35,49.3405,49.4,49.0,99662
2025-01-13,49.38,49.59,49.6051,49.38,115356
2025-01-14,49.37,49.55,49.58,49.37,41140
2025-01-15,49.89,50.27,50.3,49.7901,128539
2025-01-16,50.05,50.15,50.215,49.87,62365
2025-01-17,49.83,49.82,50.07,49.69,382976
2025-01-21,49.82,49.88,49.905,49.67,191403
2025-01-22,49.96,50.0099,50.04,49.85,19995
2025-01-23,49.92,49.89,50.060156,49.8201,30560
2025-01-24,49.91,49.86,49.97,49.74,121460
2025-01-27,49.4,49.16,49.44,48.95,44057
2025-01-28,49.37,49.2,49.37,49.12,62573
2025-01-29,49.44,49.53,49.6172,49.4221,21268
2025-01-30,49.69,49.5921,49.81,49.57,25653
2025-01-31,49.29,49.49,49.5699,49.29,27121
2025-02-03,49.85,50.04,50.1107,49.84,32804
2025-02-04,49.63,50.24,50.358,49.63,18209
2025-02-05,50.15,50.3,50.3,50.1,30213
2025-02-06,50.35,50.3546,50.38,49.98,23981
2025-02-07,50.53,50.32,50.618,50.2764,17642
2025-02-10,50.67,50.97,51.026,50.67,15573
2025-02-11,50.97,50.98,51.19,50.97,34025
2025-02-12,50.85,50.9,50.99,50.85,19387
2025-02-13,50.93,51.1398,51.16,50.91,45451
2025-02-14,51.45,51.06,51.45,51.0125,19575
2025-02-18,51.8,51.7,51.8,51.12,32623
2025-02-19,51.99,51.93,52.041,51.7198,17130
2025-02-20,51.97,51.96,51.97,51.869,26722
2025-02-21,51.9,51.6,51.9,51.5308,28711
2025-02-24,51.46,51.3102,51.46,51.15,15821
2025-02-25,51.19,51.03,51.19,50.7296,14586
2025-02-26,50.84,50.76,50.84,50.6827,12530
2025-02-27,50.84,50.47,50.84,50.46,24324
2025-02-28,50.26,49.972,50.26,49.87,12837
2025-03-03,50.06,50.16,50.37,49.9872,18349
2025-03-04,50.28,50.37,50.3999,50.08,11638
2025-03-05,50.29,50.74,50.74,50.29,27775
2025-03-06,50.61,50.62,50.695,50.53,16526
2025-03-07,50.64,50.85,50.92,50.5529,13315
2025-03-10,51.02,50.7,51.02,50.625,16750
2025-03-11,51.03,50.94,51.14,50.9055,43374
2025-03-12,50.83,50.8,50.8768,50.6816,11473
2025-03-13,50.72,51.0,51.22,50.72,20467
2025-03-14,51.02,51.06,51.129,50.8695,18265
2025-03-17,51.17,51.38,51.43,51.17,24426
2025-03-18,51.78,51.43,51.78,51.3902,23351
2025-03-19,51.59,51.715,51.77,51.5,14091
2025-03-20,52.32,51.62,52.32,51.395,15208
2025-03-21,51.44,51.36,51.44,51.305,18808
2025-03-24,51.45,51.26,51.45,51.24,15630
2025-03-25,51.46,51.4446,51.63,51.34,37533
2025-03-26,51.58,51.35,51.59,51.3034,352244
2025-03-27,51.25,51.53,51.575,51.208,14262
2025-03-28,51.51,51.54,51.549,51.2924,9830
2025-03-31,51.8,51.89,51.915,51.64,147206
2025-04-01,51.87,51.9104,52.035,51.842,107953
2025-04-02,51.92,52.12,52.1718,51.42,116311
2025-04-03,50.6,50.7345,50.9391,50.6,77558
2025-04-04,49.33,48.73,49.33,48.5,165808
2025-04-07,48.29,47.8893,48.81,47.7502,94664
2025-04-08,48.38,47.13,48.458274,46.96,60445
2025-04-09,47.42,48.95,48.9981,46.92,249894
2025-04-10,48.52,48.57,48.7399,48.22,58357
2025-04-11,49.0,49.42,49.42,48.94,121915
