2020-01-28,24.93,24.95,24.97,24.9,534100
2020-01-29,24.95,24.92,25.0,24.55,12636322
2020-01-30,24.96,24.84,25.88,24.83,2788142
2020-01-31,24.88,24.789,24.88,24.72,967859
2020-02-03,24.84,24.83,24.85,24.8,534502
2020-02-04,24.86,24.85,24.86,24.8,1164340
2020-02-05,24.9,24.82,24.9,24.74,1494354
2020-02-06,24.83,24.86,24.861,24.77,810484
2020-02-07,24.87,24.92,24.9606,24.84,1143645
2020-02-10,24.94,24.94,24.97,24.75,937957
2020-02-11,24.96,25.0,25.05,24.94,1998290
2020-02-12,25.03,24.95,25.03,24.95,874124
2020-02-13,24.97,24.96,24.98,24.92,525269
2020-02-14,25.0,24.98,25.0,24.96,638328
2020-02-18,25.0,25.0,25.01,24.97,528606
2020-02-19,25.0,24.94,25.04,24.94,811030
2020-02-20,24.98,25.01,25.03,24.9514,1049623
2020-02-21,25.01,25.02,25.05,24.99,962534
2020-02-24,24.8,24.82,24.85,24.64,1248465
2020-02-25,24.87,24.7,24.87,24.6,721874
2020-02-26,24.71,24.69,24.79,24.66,713436
2020-02-27,24.6,24.565,24.63,24.4,939656
2020-02-28,24.41,24.29,24.44,24.04,6550955
2020-03-02,24.2,24.59,24.62,24.1,513585
2020-03-03,24.64,24.85,25.01,24.64,862799
2020-03-04,24.89,24.99,25.0,24.89,500967
2020-03-05,24.88,24.89,24.98,24.8,463409
2020-03-06,24.79,24.76,24.82,24.68,379522
2020-03-09,23.77,23.85,24.3113,22.0001,290578
2020-03-10,24.4,24.27,24.4,23.46,696870
2020-03-11,24.18,23.9,24.2,23.8,337790
2020-03-12,22.08,21.53,22.87,21.0,781194
2020-03-13,22.0,21.85,22.1626,21.41,278963
2020-03-16,20.48,16.86,20.58,16.31,739093
2020-03-17,18.0,17.92,18.545,17.65,477310
2020-03-18,17.61,13.05,17.61,10.76,637768
2020-03-19,13.55,14.9,15.83,12.97,682169
2020-03-20,16.0,14.79,17.48,14.61,376942
2020-03-23,14.89,14.0,15.0,13.31,653277
2020-03-24,15.4,15.9,16.45,15.21,394354
2020-03-25,16.26,17.35,19.34,16.26,881805
2020-03-26,18.5,20.18,20.44,18.46,561733
2020-03-27,19.11,19.25,19.8,19.11,493241
2020-03-30,19.37,18.94,19.67,18.8039,418533
2020-03-31,19.1,18.8,19.16,18.77,801968
2020-04-01,18.26,17.8,18.5,17.66,421073
2020-04-02,17.9,17.54,18.12,17.0006,271088
2020-04-03,17.88,17.14,17.91,17.01,193199
2020-04-06,17.51,18.07,18.25,17.47,652719
2020-04-07,18.94,19.0,19.125,18.52,405876
2020-04-08,19.39,20.05,20.5,19.22,276889
2020-04-09,20.7,21.78,21.835,20.7,499188
2020-04-13,21.95,20.49,21.95,20.23,541915
2020-04-14,21.05,21.27,21.29,20.8,443106
2020-04-15,20.95,20.94,21.14,20.69,203379
2020-04-16,21.1,21.03,21.1,20.53,143779
2020-04-17,21.21,21.14,21.26,20.85,238867
2020-04-20,20.99,21.0,21.04,20.7895,133891
2020-04-21,20.8,20.37,20.84,20.17,126638
2020-04-22,20.92,20.5,20.95,20.448,137995
2020-04-23,20.43,20.85,20.9,20.43,84092
2020-04-24,20.92,20.97,21.08,20.6,172222
2020-04-27,20.98,21.19,21.27,20.98,102696
2020-04-28,21.23,21.2,21.44,21.15,123329
2020-04-29,21.33,21.63,21.65,21.27,279267
2020-04-30,21.5,22.11,22.14,21.47,386633
2020-05-01,21.68,22.08,22.1,21.68,175427
2020-05-04,22.11,22.13,22.23,22.0,110519
2020-05-05,22.15,22.03,22.22,22.02,165209
2020-05-06,22.14,21.77,22.14,21.76,88117
2020-05-07,21.92,21.63,21.92,21.63,232882
2020-05-08,21.67,21.76,21.93,21.645,119977
2020-05-11,21.84,21.33,21.84,21.25,335002
2020-05-12,21.45,21.08,21.45,21.0,248378
2020-05-13,20.95,20.2767,21.08,20.53,186498
2020-05-14,20.14,20.07,20.155,19.59,272676
2020-05-15,19.99,19.79,20.19,19.75,133073
2020-05-18,20.37,20.08,20.37,19.95,155812
2020-05-19,20.06,20.06,20.23,19.8916,193429
2020-05-20,20.12,20.25,20.38,20.1,120056
2020-05-21,20.29,20.71,20.71,20.25,120483
2020-05-22,20.86,21.1,21.17,20.68,113391
2020-05-26,21.43,21.47,21.6196,21.3,198332
2020-05-27,21.6,21.85,21.85,21.3502,625591
2020-05-28,21.89,21.79,22.1,21.76,173488
2020-05-29,21.8,21.85,21.95,21.72,241447
2020-06-01,21.78,22.0,22.22,21.78,183121
2020-06-02,22.08,22.15,22.19,22.0,183268
2020-06-03,22.21,22.33,22.39,22.165,186565
2020-06-04,22.29,22.2,22.3,22.02,202009
2020-06-05,22.36,22.32,22.43,22.24,209587
2020-06-08,22.33,22.42,22.43,22.24,217637
2020-06-09,22.35,22.23,22.35,22.15,118102
2020-06-10,22.23,22.17,22.2999,22.03,159704
2020-06-11,21.84,21.46,21.99,21.23,228221
2020-06-12,21.66,20.88,21.77,20.84,217701
2020-06-15,20.64,21.04,21.12,20.61,115497
2020-06-16,21.33,21.3,21.42,21.06,156651
2020-06-17,21.38,21.4,21.4,21.17,158799
2020-06-18,21.29,21.43,21.52,21.29,126359
2020-06-19,21.5,21.42,21.66,21.3,163361
2020-06-22,21.52,21.59,21.677,21.35,477226
2020-06-23,21.68,21.72,21.72,21.5,173042
2020-06-24,21.72,21.66,21.74,21.42,172402
2020-06-25,21.64,21.76,21.76,21.5,139879
2020-06-26,21.7,21.45,21.74,21.35,263394
2020-06-29,21.45,21.37,21.45,21.2,168525
2020-06-30,21.33,20.96,21.33,20.93,431399
2020-07-01,21.01,20.97,21.09,20.82,249847
2020-07-02,21.17,20.9,21.17,20.88,141336
2020-07-06,21.07,21.05,21.17,21.0,86088
2020-07-07,21.02,20.98,21.09,20.94,120453
2020-07-08,20.98,21.1,21.12,20.91,139641
2020-07-09,21.11,21.34,21.35,20.94,169145
2020-07-10,21.35,21.63,21.7,21.25,131978
2020-07-13,21.71,21.48,21.81,21.3501,132946
2020-07-14,21.48,21.3,21.51,21.24,140057
2020-07-15,21.5,21.59,21.59,21.4,124150
2020-07-16,21.64,21.76,22.04,21.5,259745
2020-07-17,21.82,21.63,21.86,21.55,223328
2020-07-20,21.73,21.76,21.8,21.58,202199
2020-07-21,21.92,21.92,22.05,21.807,187398
2020-07-22,21.94,22.05,22.1121,21.898,211589
2020-07-23,22.11,22.44,22.45,22.08,700240
2020-07-24,22.45,22.66,22.68,22.3977,262289
2020-07-27,22.74,22.87,22.9221,22.7,154974
2020-07-28,22.87,22.98,23.01,22.82,199193
2020-07-29,23.1,23.18,23.51,23.04,318007
2020-07-30,23.2,23.15,23.25,23.0993,213859
2020-07-31,23.2,23.55,23.55,23.1615,140145
2020-08-03,23.52,23.39,23.63,23.37,234699
2020-08-04,23.39,23.25,23.48,23.17,189512
2020-08-05,23.3,23.2,23.4,23.17,189889
2020-08-06,23.26,23.24,23.38,23.22,163030
2020-08-07,23.25,23.33,23.34,23.135,156950
2020-08-10,23.27,23.63,23.63,23.27,129526
2020-08-11,23.7,23.5,23.7,23.44,193628
2020-08-12,23.58,23.7,23.73,23.53,214558
2020-08-13,23.73,23.39,23.78,23.65,218005
2020-08-14,23.46,23.6,23.66,23.27,233267
2020-08-17,23.68,23.66,23.74,23.6,189072
2020-08-18,23.64,23.94,23.94,23.64,272909
2020-08-19,23.91,23.89,24.07,23.85,298283
2020-08-20,23.87,24.03,24.07,23.83,199059
2020-08-21,24.03,23.89,24.05,23.85,137900
2020-08-24,23.97,24.02,24.04,23.9,257839
2020-08-25,23.95,23.98,24.07,23.93,293710
2020-08-26,24.05,24.05,24.19,23.99,187808
2020-08-27,24.16,24.15,24.25,24.14,224165
2020-08-28,24.18,24.21,24.32,24.15,154466
2020-08-31,24.32,24.27,24.47,24.16,323687
2020-09-01,24.41,24.41,24.5,24.3814,318982
2020-09-02,24.42,24.38,24.47,24.31,204202
2020-09-03,24.38,24.33,24.43,24.228,188673
2020-09-04,24.33,24.13,24.35,24.105,146949
2020-09-08,24.07,23.81,24.14,23.81,111346
2020-09-09,23.97,24.1,24.28,23.9,95867
2020-09-10,24.3,24.53,24.68,24.255,479331
2020-09-11,24.67,24.61,24.84,24.56,213414
2020-09-14,24.73,24.59,24.7399,24.56,328539
2020-09-15,24.62,24.51,24.65,24.48,317361
2020-09-16,24.58,24.43,24.615,24.43,244025
2020-09-17,24.38,24.4,24.54,24.35,204806
2020-09-18,24.46,24.31,24.53,24.31,195694
2020-09-21,24.19,24.05,24.19,23.95,203091
2020-09-22,24.18,24.42,24.43,24.0994,201253
2020-09-23,24.4,24.1,24.49,24.06,208562
2020-09-24,24.14,24.17,24.3,23.88,175237
2020-09-25,24.22,24.44,24.6,24.22,254110
2020-09-28,24.54,24.63,24.7107,24.52,223919
2020-09-29,24.69,24.7,24.85,24.59,211139
2020-09-30,24.76,24.42,24.82,24.37,398427
2020-10-01,24.58,24.77,24.79,24.4845,156721
2020-10-02,24.66,24.84,24.89,24.65,149935
2020-10-05,24.86,24.9,24.94,24.75,165027
2020-10-06,24.92,24.86,24.98,24.8306,278004
2020-10-07,24.88,24.88,24.94,24.85,158744
2020-10-08,24.93,24.9,24.93,24.78,223194
2020-10-09,24.88,24.89,24.96,24.83,171039
2020-10-12,24.93,24.84,24.93,24.84,194886
2020-10-13,24.85,24.98,25.0,24.84,220327
2020-10-14,24.95,24.93,24.98,24.88,234421
2020-10-15,24.88,24.96,24.97,24.85,141015
2020-10-16,24.96,24.84,24.97,24.84,223037
2020-10-19,24.9,24.81,24.9,24.77,202557
2020-10-20,24.85,24.88,24.96,24.81,184624
2020-10-21,24.93,24.75,24.94,24.7,255508
2020-10-22,24.82,24.86,24.9,24.69,193976
2020-10-23,24.92,24.9,24.94,24.8499,301659
2020-10-26,24.87,24.86,24.9,24.81,365629
2020-10-27,24.85,24.86,24.91,24.83,329476
2020-10-28,24.76,24.54,24.83,24.54,289100
2020-10-29,24.65,24.75,24.79,24.46,225301
2020-10-30,24.74,24.77,24.8,24.63,216631
2020-11-02,24.78,24.8,24.9,24.78,150034
2020-11-03,24.85,24.84,24.93,24.78,246094
2020-11-04,24.91,24.94,24.98,24.83,557701
2020-11-05,24.97,24.97,25.0,24.96,236821
2020-11-06,24.97,24.95,24.98,24.93,187478
2020-11-09,25.01,25.03,25.13,24.96,559726
2020-11-10,25.05,24.99,25.06,24.97,231594
2020-11-11,25.02,25.01,25.0207,24.97,276080
2020-11-12,25.01,24.75,25.09,24.96,307348
2020-11-13,24.82,24.82,24.85,24.75,234157
2020-11-16,24.87,25.04,25.07,24.85,312548
2020-11-17,25.0,24.99,25.09,24.94,295470
2020-11-18,25.04,25.02,25.08,24.98,186447
2020-11-19,25.05,25.07,25.1236,25.0,177673
2020-11-20,25.1,25.04,25.1,25.01,209094
2020-11-23,25.07,25.15,25.18,25.01,180710
2020-11-24,25.2,25.2,25.25,25.12,159634
2020-11-25,25.19,25.16,25.29,25.13,103729
2020-11-27,25.2,25.19,25.21,25.1171,63857
2020-11-30,25.18,25.19,25.42,25.16,472584
2020-12-01,25.28,25.29,25.349,25.225,401391
2020-12-02,25.36,25.38,25.41,25.3,454532
2020-12-03,25.38,25.35,25.42,25.31,214669
2020-12-04,25.38,25.38,25.44,25.32,182848
2020-12-07,25.41,25.39,25.5,25.36,137876
2020-12-08,25.42,25.41,25.47,25.33,240746
2020-12-09,25.44,25.38,25.47,25.3781,126740
2020-12-10,25.41,25.39,25.45,25.34,148287
2020-12-11,25.41,25.39,25.49,25.37,221170
2020-12-14,25.4,25.4,25.49,25.39,144747
2020-12-15,25.45,25.45,25.465,25.38,140361
2020-12-16,25.43,25.47,25.5,25.41,221981
2020-12-17,25.48,25.63,25.63,25.43,630877
2020-12-18,25.66,25.75,25.75,25.5106,519467
2020-12-21,25.68,25.8,25.88,25.6482,143800
2020-12-22,25.86,25.89,25.98,25.78,157248
2020-12-23,25.82,25.92,25.97,25.77,130154
2020-12-24,25.95,25.86,25.98,25.85,105048
2020-12-28,25.89,25.74,25.94,25.68,115614
2020-12-29,25.74,25.75,25.78,25.65,146065
2020-12-30,25.8,25.92,25.93,25.75,164918
2020-12-31,25.93,26.0,26.23,25.8801,170421
2021-01-04,26.1,25.69,26.12,25.55,184543
2021-01-05,25.75,25.81,25.81,25.61,160106
2021-01-06,25.76,25.32,25.78,25.02,256922
2021-01-07,25.15,25.32,25.36,24.91,495223
2021-01-08,25.2,25.29,25.4999,25.15,338699
2021-01-11,25.25,25.02,25.25,25.0,264500
2021-01-12,25.05,24.97,25.13,24.8,303819
2021-01-13,25.03,25.26,25.32,24.95,292058
2021-01-14,25.31,25.26,25.43,25.166,155051
2021-01-15,25.32,25.44,25.53,25.2,89282
2021-01-19,25.52,25.57,25.62,25.4,135769
2021-01-20,25.64,25.84,25.92,25.58,176302
2021-01-21,25.68,25.78,25.91,25.66,138000
2021-01-22,25.74,25.84,25.9168,25.726,88389
2021-01-25,25.76,25.62,25.81,25.55,202913
2021-01-26,25.62,25.58,25.7,25.53,182900
2021-01-27,25.58,25.24,25.605,25.24,125312
2021-01-28,25.39,25.46,25.57,25.31,194280
2021-01-29,25.46,25.35,25.5,25.29,434999
2021-02-01,25.4,25.5,25.5542,25.36,151247
2021-02-02,25.54,25.43,25.64,25.41,732553
2021-02-03,25.39,25.35,25.4835,25.3,151429
2021-02-04,25.38,25.44,25.49,25.15,172619
2021-02-05,25.4,25.46,25.58,25.4,163466
2021-02-08,25.47,25.45,25.59,25.4,111217
2021-02-09,25.5,25.56,25.63,25.5,112754
2021-02-10,25.6,25.64,25.65,25.48,102130
2021-02-11,25.65,25.25,25.67,25.51,536389
2021-02-12,25.2,25.28,25.33,25.06,219940
2021-02-16,25.2,25.09,25.27,25.04,206304
2021-02-17,25.14,25.07,25.19,25.04,173047
2021-02-18,25.04,24.99,25.04,24.91,324539
2021-02-19,24.99,25.0,25.03,24.95,184308
2021-02-22,25.03,24.84,25.03,24.84,232793
2021-02-23,24.9,24.85,24.91,24.82,150364
2021-02-24,24.77,24.54,24.8,24.5303,378839
2021-02-25,24.57,24.05,24.64,24.01,364609
2021-02-26,24.32,24.21,24.32,24.0111,480964
2021-03-01,24.4,24.56,24.64,24.385,333041
2021-03-02,24.62,24.81,24.9,24.58,228981
2021-03-03,24.75,24.78,24.88,24.6491,179522
2021-03-04,24.78,24.75,24.95,24.64,215052
2021-03-05,24.79,24.82,24.86,24.63,146875
2021-03-08,24.87,24.8,24.91,24.76,142681
2021-03-09,24.91,24.94,24.99,24.8,190405
2021-03-10,24.97,24.96,25.0,24.92,127363
2021-03-11,25.0,25.14,25.14,24.96,207900
2021-03-12,25.01,25.09,25.09,24.91,141773
2021-03-15,25.09,25.12,25.19,25.0434,155406
2021-03-16,25.22,25.3,25.3,25.11,95727
2021-03-17,25.22,25.17,25.25,25.07,330062
2021-03-18,25.0,24.94,25.068,24.87,223759
2021-03-19,24.99,24.98,25.06,24.85,217651
2021-03-22,25.04,25.12,25.15,25.04,96881
2021-03-23,25.08,25.21,25.271,25.08,83013
2021-03-24,25.25,25.22,25.35,25.17,159960
2021-03-25,25.23,25.32,25.32,25.185,85765
2021-03-26,25.3,25.35,25.35,25.21,112382
2021-03-29,25.37,25.1,25.37,25.05,164383
2021-03-30,25.05,25.07,25.18,25.01,122075
2021-03-31,25.16,25.14,25.26,25.12,160170
2021-04-01,25.16,25.49,25.49,25.16,129350
2021-04-05,25.49,25.5,25.55,25.35,180196
2021-04-06,25.5,25.7,25.7,25.49,121829
2021-04-07,25.7,25.64,25.73,25.61,74495
2021-04-08,25.71,25.78,25.78,25.61,60465
2021-04-09,25.74,25.8,25.84,25.6901,77584
2021-04-12,25.72,25.57,25.78,25.55,252384
2021-04-13,25.62,25.53,25.62,25.51,205686
2021-04-14,25.57,25.61,25.6134,25.53,86199
2021-04-15,25.68,25.65,25.77,25.5933,114944
2021-04-16,25.68,25.65,25.702,25.52,118142
2021-04-19,25.64,25.56,25.6518,25.53,54507
2021-04-20,25.55,25.4802,25.5698,25.4,68156
2021-04-21,25.49,25.56,25.59,25.46,153414
2021-04-22,25.6,25.57,25.68,25.51,93330
2021-04-23,25.61,25.61,25.705,25.56,75419
2021-04-26,25.67,25.665,25.7122,25.57,103308
2021-04-27,25.68,25.6,25.7096,25.56,90422
2021-04-28,25.65,25.65,25.65,25.5,88096
2021-04-29,25.6,25.51,25.64,25.5,156994
2021-04-30,25.53,25.45,25.54,25.43,244926
2021-05-03,25.52,25.68,25.69,25.4856,72339
2021-05-04,25.62,25.81,25.83,25.59,75174
2021-05-05,25.83,25.75,25.83,25.71,39327
2021-05-06,25.8,25.8,25.805,25.65,47256
2021-05-07,25.81,25.8001,25.94,25.75,66073
2021-05-10,25.83,25.73,25.9,25.71,60697
2021-05-11,25.63,25.5,25.7,25.44,82715
2021-05-12,25.35,25.23,25.43,25.2,192426
2021-05-13,25.32,25.06,25.44,25.22,212737
2021-05-14,25.24,25.26,25.29,25.08,98142
2021-05-17,25.25,25.21,25.301,25.1101,91471
2021-05-18,25.23,25.23,25.2604,25.18,131121
2021-05-19,25.14,25.22,25.33,25.14,84963
2021-05-20,25.32,25.38,25.39,25.25,94660
2021-05-21,25.42,25.395,25.44,25.35,68374
2021-05-24,25.44,25.47,25.49,25.34,108278
2021-05-25,25.52,25.55,25.6,25.44,84987
2021-05-26,25.55,25.56,25.61,25.43,137017
2021-05-27,25.6,25.5,25.63,25.48,236030
2021-05-28,25.55,25.59,25.62,25.45,225097
2021-06-01,25.67,25.71,25.75,25.63,77037
2021-06-02,25.7,25.73,25.75,25.62,136130
2021-06-03,25.71,25.75,25.78,25.62,137384
2021-06-04,25.78,25.75,25.78,25.66,86603
2021-06-07,25.74,25.76,25.8,25.68,122531
2021-06-08,25.72,25.77,25.8,25.7,135156
2021-06-09,25.82,25.91,25.93,25.765,110567
2021-06-10,25.9,25.87,25.93,25.83,81587
2021-06-11,25.82,25.9142,25.92,25.8,66608
2021-06-14,25.95,25.98,26.0,25.901,78980
2021-06-15,25.99,25.98,25.99,25.93,65972
2021-06-16,25.98,25.92,26.0,25.91,78062
2021-06-17,25.96,26.15,26.18,25.96,91138
2021-06-18,26.15,26.09,26.19,26.075,47960
2021-06-21,26.11,26.115,26.19,26.0813,53170
2021-06-22,26.14,26.21,26.27,26.1,93190
2021-06-23,26.17,26.2,26.28,26.17,78260
2021-06-24,26.26,26.2,26.29,26.19,51944
2021-06-25,26.25,26.1,26.26,26.02,87526
2021-06-28,26.1,26.1,26.1,26.0,69513
2021-06-29,26.13,26.1,26.14,26.03,139445
2021-06-30,26.1,26.39,26.39,26.09,237158
2021-07-01,26.36,26.41,26.48,26.36,111831
2021-07-02,26.41,26.4028,26.44,26.3,46330
2021-07-06,26.38,26.45,26.45,26.32,55007
2021-07-07,26.46,26.47,26.48,26.36,105970
2021-07-08,26.39,26.3219,26.44,26.29,61686
2021-07-09,26.4,26.46,26.49,26.2911,281826
2021-07-12,26.45,26.44,26.49,26.39,92952
2021-07-13,26.44,26.17,26.47,26.16,526253
2021-07-14,26.2,26.14,26.2295,26.06,114167
2021-07-15,26.15,26.18,26.2496,26.13,82599
2021-07-16,26.2,26.08,26.2,26.06,42395
2021-07-19,26.01,26.02,26.035,25.9,70056
2021-07-20,26.03,26.06,26.1,25.94,49694
2021-07-21,26.1,26.19,26.2,26.04,122938
2021-07-22,26.19,26.05,26.19,26.04,84318
2021-07-23,26.12,26.18,26.19,26.0514,64523
2021-07-26,26.14,26.09,26.18,26.05,174309
2021-07-27,26.05,26.07,26.13,25.94,176182
2021-07-28,26.05,26.08,26.11,25.96,110844
2021-07-29,26.09,26.18,26.22,26.05,64699
2021-07-30,26.18,26.31,26.4,26.17,111131
2021-08-02,26.36,26.44,26.44,26.31,38693
2021-08-03,26.44,26.48,26.5,26.3801,33397
2021-08-04,26.43,26.52,26.52,26.38,58475
2021-08-05,26.48,26.6487,26.74,26.48,91799
2021-08-06,26.63,26.69,26.69,26.58,43782
2021-08-09,26.69,26.53,26.69,26.51,51421
2021-08-10,26.49,26.48,26.51,26.25,53449
2021-08-11,26.48,26.22,26.48,26.16,92329
2021-08-12,26.21,25.99,26.38,26.21,59650
2021-08-13,26.06,26.14,26.2,26.06,40073
2021-08-16,26.15,25.95,26.1699,25.9,118625
2021-08-17,25.93,25.92,25.955,25.83,67039
2021-08-18,25.92,25.8,25.92,25.76,155366
2021-08-19,25.73,25.94,25.94,25.73,238271
2021-08-20,25.96,26.03,26.04,25.9302,43920
2021-08-23,26.04,26.05,26.11,26.0,274010
2021-08-24,26.08,26.06,26.12,26.05,88882
2021-08-25,26.11,26.05,26.11,26.0,114366
2021-08-26,26.04,25.91,26.04,25.88,46931
2021-08-27,25.97,26.07,26.07,25.885,49241
2021-08-30,26.09,25.89,26.19,25.89,102328
2021-08-31,25.85,25.89,25.99,25.85,304399
2021-09-01,26.03,26.02,26.09,25.95,86182
2021-09-02,26.06,26.01,26.1299,26.01,143973
2021-09-03,25.99,26.0,26.06,25.96,24980
2021-09-07,25.99,25.95,26.013,25.9101,45497
2021-09-08,26.02,25.9802,26.02,25.89,43821
2021-09-09,26.0,26.11,26.11,25.9426,56420
2021-09-10,26.14,26.14,26.15,26.06,73188
2021-09-13,26.15,26.13,26.15,26.02,56277
2021-09-14,26.13,26.08,26.15,26.03,65062
2021-09-15,26.09,26.1,26.15,26.02,89628
2021-09-16,26.13,26.49,26.52,26.09,217377
2021-09-17,26.49,26.3657,26.53,26.34,298881
2021-09-20,26.19,26.3,26.34,26.15,169859
2021-09-21,26.32,26.34,26.35,26.25,64210
2021-09-22,26.4,26.48,26.48,26.3,86641
2021-09-23,26.48,26.34,26.531,26.3,111508
2021-09-24,26.29,26.23,26.31,26.21,49925
2021-09-27,26.16,26.15,26.22,26.09,106088
2021-09-28,26.04,25.93,26.12,25.8801,164589
2021-09-29,26.0,26.22,26.22,26.0,61579
2021-09-30,26.23,26.23,26.321,26.11,143801
2021-10-01,26.25,26.2,26.2655,26.13,21835
2021-10-04,26.27,25.94,26.27,25.9235,53299
2021-10-05,26.03,25.85,26.1,25.81,82871
2021-10-06,25.89,25.99,25.99,25.75,75320
2021-10-07,25.94,25.92,25.99,25.89,67161
2021-10-08,25.96,25.9,25.96,25.78,23255
2021-10-11,25.9,25.9,25.96,25.86,73152
2021-10-12,25.94,26.05,26.058,25.9017,55000
2021-10-13,26.08,26.28,26.33,26.035,102547
2021-10-14,26.36,26.43,26.49,26.3209,41956
2021-10-15,26.42,26.32,26.45,26.24,46923
2021-10-18,26.28,26.25,26.29,26.1,52742
2021-10-19,26.24,26.17,26.29,26.11,72484
2021-10-20,26.19,26.43,26.44,26.11,120178
2021-10-21,26.41,26.35,26.48,26.33,58410
2021-10-22,26.42,26.25,26.42,26.23,91643
2021-10-25,26.31,26.3,26.33,26.22,45369
2021-10-26,26.35,26.29,26.35,26.25,25144
2021-10-27,26.33,26.24,26.34,26.23,79197
2021-10-28,26.3,26.26,26.34,26.21,64856
2021-10-29,26.12,26.19,26.34,26.12,91285
2021-11-01,26.26,26.36,26.36,26.1753,77267
2021-11-02,26.37,26.2763,26.37,26.2613,62626
2021-11-03,26.34,26.3,26.35,26.27,51732
2021-11-04,26.32,26.39,26.39,26.27,44941
2021-11-05,26.39,26.44,26.44,26.32,50458
2021-11-08,26.44,26.25,26.44,26.23,184091
2021-11-09,26.3,26.195,26.3191,26.17,34472
2021-11-10,26.17,25.91,26.19,25.8152,103038
2021-11-11,25.95,25.6,25.99,25.78,68727
2021-11-12,25.7,25.62,25.7184,25.4705,63122
2021-11-15,25.64,25.61,25.64,25.5126,51607
2021-11-16,25.63,25.65,25.77,25.5699,66659
2021-11-17,25.61,25.65,25.65,25.52,50743
2021-11-18,25.69,25.6,25.69,25.56,52382
2021-11-19,25.68,25.62,25.7299,25.51,46094
2021-11-22,25.62,25.41,25.67,25.41,58206
2021-11-23,25.35,25.26,25.4382,25.18,64157
2021-11-24,25.27,25.29,25.33,25.15,45513
2021-11-26,25.21,25.15,25.21,25.01,50875
2021-11-29,25.21,25.57,25.634,25.2,256891
2021-11-30,25.58,25.61,25.69,25.42,334641
2021-12-01,25.77,25.71,25.91,25.68,78365
2021-12-02,25.73,25.77,25.98,25.73,74264
2021-12-03,25.76,25.75,25.8689,25.67,70381
2021-12-06,25.75,25.81,25.92,25.69,40439
2021-12-07,25.92,25.91,26.07,25.85,56622
2021-12-08,25.92,25.9,25.96,25.85,73019
2021-12-09,25.91,25.95,25.99,25.8813,35771
2021-12-10,25.99,25.91,26.0,25.85,38486
2021-12-13,25.88,25.93,25.94,25.8407,64920
2021-12-14,25.88,25.87,25.9,25.78,95800
2021-12-15,25.86,25.82,25.89,25.77,155871
2021-12-16,25.84,25.9,26.05,25.8,117844
2021-12-17,25.88,25.83,26.02,25.8201,223110
2021-12-20,25.82,25.8,25.89,25.78,183595
2021-12-21,25.8,25.8,25.9202,25.76,298281
2021-12-22,25.86,26.09,26.1,25.845,32524
2021-12-23,26.14,26.0401,26.18,25.96,41635
2021-12-27,26.12,26.04,26.13,26.02,66987
2021-12-28,26.0,26.08,26.13,26.0,25022
2021-12-29,26.05,26.02,26.1,26.02,54528
2021-12-30,26.09,26.05,26.11,26.02,33225
2021-12-31,26.05,26.02,26.13,25.93,282160
2022-01-03,26.02,25.89,26.02,25.84,79924
2022-01-04,25.89,25.79,25.939,25.65,100540
2022-01-05,25.86,25.68,25.91,25.52,93252
2022-01-06,25.66,25.7279,25.73,25.46,81805
2022-01-07,25.64,25.69,25.7,25.57,186169
2022-01-10,25.55,25.56,25.6024,25.41,85647
2022-01-11,25.57,25.65,25.74,25.53,47007
2022-01-12,25.65,25.58,25.66,25.55,74317
2022-01-13,25.58,25.6299,25.69,25.58,47002
2022-01-14,25.57,25.48,25.581,25.46,75151
2022-01-18,25.41,25.36,25.4486,25.21,121281
2022-01-19,25.37,25.39,25.505,25.27,93032
2022-01-20,25.45,25.34,25.48,25.28,80979
2022-01-21,25.32,25.1,25.34,25.05,435422
2022-01-24,25.06,24.99,25.09,24.81,156608
2022-01-25,24.99,24.98,25.06,24.9,169209
2022-01-26,24.98,24.76,25.11,24.64,191256
2022-01-27,24.81,24.21,24.88,24.1549,257807
2022-01-28,24.25,24.3,24.55,23.66,289277
2022-01-31,24.32,24.51,24.59,24.3,180900
2022-02-01,24.6,24.57,24.66,24.5,227773
2022-02-02,24.68,24.37,24.7344,24.37,161746
2022-02-03,24.2,24.14,24.3,24.01,280536
2022-02-04,24.01,23.72,24.07,23.66,417006
2022-02-07,23.84,23.72,23.84,23.59,229114
2022-02-08,23.63,23.61,23.69,23.44,213224
2022-02-09,23.67,23.67,23.75,23.52,158675
2022-02-10,23.52,22.88,23.52,23.02,443601
2022-02-11,23.0,22.49,23.0894,22.28,195309
2022-02-14,22.31,22.14,22.3833,21.91,238125
2022-02-15,22.13,22.27,22.39,22.1251,995630
2022-02-16,22.27,22.67,22.71,22.2,266710
2022-02-17,22.63,22.65,22.87,22.46,404710
2022-02-18,22.74,22.75,22.85,22.53,214335
2022-02-22,22.75,22.66,22.75,22.4,136103
2022-02-23,22.66,22.51,22.66,22.45,165377
2022-02-24,22.3,22.49,22.51,22.02,305320
2022-02-25,22.55,22.79,22.92,22.42,221998
2022-02-28,22.78,22.85,23.04,22.7,199833
2022-03-01,23.0,23.1,23.23,22.91,287473
2022-03-02,23.1,23.08,23.2,23.02,114113
2022-03-03,23.15,23.08,23.2,23.0,77112
2022-03-04,23.04,22.79,23.0422,22.74,74736
2022-03-07,22.84,22.47,22.86,22.41,120984
2022-03-08,22.45,22.31,22.45,22.2,97095
2022-03-09,22.42,22.45,22.54,22.3486,95891
2022-03-10,22.33,22.28,22.37,22.12,119691
2022-03-11,22.36,22.09,22.36,22.01,79873
2022-03-14,22.0,21.44,22.0,21.25,161371
2022-03-15,21.54,21.47,21.64,21.371,100614
2022-03-16,21.52,21.5,21.729,21.24,272736
2022-03-17,21.64,21.84,21.95,21.64,98885
2022-03-18,21.8,22.24,22.24,21.8,104655
2022-03-21,22.17,21.7,22.25,21.31,285340
2022-03-22,21.64,21.5,21.6843,21.4,112321
2022-03-23,21.51,21.55,21.65,21.32,138324
2022-03-24,21.55,21.58,21.67,21.4101,91050
2022-03-25,21.46,21.24,21.52,21.13,140546
2022-03-28,21.23,21.35,21.41,21.22,98171
2022-03-29,21.47,21.69,21.73,21.41,117187
2022-03-30,21.68,21.98,22.02,21.5502,84992
2022-03-31,22.05,22.06,22.14,21.89,131995
2022-04-01,22.13,21.95,22.13,21.8386,136366
2022-04-04,21.95,21.93,22.12,21.83,194263
2022-04-05,21.87,21.49,21.945,21.4,120492
2022-04-06,21.22,21.2,21.26,21.03,117538
2022-04-07,21.1,21.26,21.31,21.0606,143121
2022-04-08,21.18,21.1,21.22,21.03,121910
2022-04-11,21.0,20.66,21.0,20.55,138000
2022-04-12,20.81,20.65,20.94,20.54,105347
2022-04-13,20.65,20.6,20.7,20.35,307892
2022-04-14,20.57,20.63,20.63,20.3,149250
2022-04-18,20.55,20.5,20.6398,20.255,254386
2022-04-19,20.41,20.42,20.42,20.26,145284
2022-04-20,20.46,20.5,20.59,20.39,137333
2022-04-21,20.53,20.14,20.64,20.07,170892
2022-04-22,20.03,19.8,20.052,19.63,280506
2022-04-25,19.72,20.02,20.05,19.72,142044
2022-04-26,20.05,19.88,20.11,19.8605,114963
2022-04-27,19.85,19.6995,19.94,19.44,122620
2022-04-28,19.62,19.96,20.01,19.32,244841
2022-04-29,19.8,19.83,19.92,19.56,301320
2022-05-02,19.7,19.03,19.7,18.82,428884
2022-05-03,19.16,19.08,19.3728,18.895,269696
2022-05-04,19.1,19.92,19.92,19.039,288755
2022-05-05,19.7,19.3,19.7,19.21,251714
2022-05-06,19.19,18.91,19.33,18.75,159392
2022-05-09,18.83,18.633,18.8599,18.53,234833
2022-05-10,18.92,18.81,18.96,18.67,226503
2022-05-11,18.68,18.85,19.14,18.66,151625
2022-05-12,18.99,19.31,19.31,18.8301,231612
2022-05-13,19.36,19.17,19.59,19.3,203282
2022-05-16,19.27,19.54,19.71,19.15,366059
2022-05-17,19.66,19.1,19.73,19.07,235559
2022-05-18,18.99,18.66,19.1,18.4,266075
2022-05-19,18.61,18.4318,18.82,18.32,262966
2022-05-20,18.52,18.13,18.576,17.9,255981
2022-05-23,18.01,17.92,18.2099,17.77,402156
2022-05-24,17.88,18.69,18.69,17.8,207220
2022-05-25,18.77,19.7,19.7,18.69,169845
2022-05-26,19.84,19.96,20.29,19.72,253458
2022-05-27,20.07,20.3808,20.55,20.07,270410
2022-05-31,20.29,20.44,20.51,19.88,218218
2022-06-01,20.68,20.36,20.77,20.29,140431
2022-06-02,20.3,20.41,20.4918,20.15,138016
2022-06-03,20.33,20.33,20.33,19.99,123103
2022-06-06,20.42,20.17,20.42,20.06,89547
2022-06-07,20.13,20.47,20.605,20.05,110819
2022-06-08,20.45,20.34,20.56,20.23,96936
2022-06-09,20.26,20.04,20.34,20.04,109996
2022-06-10,19.7,19.25,19.77,19.25,181361
2022-06-13,18.8,18.46,18.8,18.091,235048
2022-06-14,18.51,18.54,18.7,18.15,186005
2022-06-15,18.79,19.27,19.47,18.644,324406
2022-06-16,18.91,18.66,19.19,18.53,328907
2022-06-17,18.78,18.7,18.87,18.5101,131886
2022-06-21,18.86,18.79,18.9631,18.7101,89157
2022-06-22,18.67,18.9,18.95,18.67,159236
2022-06-23,18.93,19.14,19.22,18.8155,335835
2022-06-24,19.28,19.33,19.41,19.1088,114802
2022-06-27,19.33,19.34,19.41,19.19,65571
2022-06-28,19.44,19.2532,19.49,19.1609,63448
2022-06-29,19.37,19.27,19.37,19.06,55799
2022-06-30,19.21,19.37,19.5273,19.1777,60289
2022-07-01,19.5,19.66,19.689,19.27,76340
2022-07-05,19.65,19.59,19.68,19.35,126505
2022-07-06,19.67,19.5,19.6893,19.45,92291
2022-07-07,19.63,19.52,19.7,19.16,76791
2022-07-08,19.52,19.74,19.74,19.4285,79050
2022-07-11,19.77,19.805,19.8348,19.65,82203
2022-07-12,19.94,19.77,20.0132,19.735,83915
2022-07-13,19.57,19.9,19.92,19.455,71195
2022-07-14,19.79,19.9,19.93,19.73,58926
2022-07-15,19.98,20.2,20.25,19.965,61510
2022-07-18,20.34,20.2,20.3745,20.1,65630
2022-07-19,20.33,20.33,20.39,20.1501,108131
2022-07-20,20.38,20.45,20.5,20.2601,47403
2022-07-21,20.49,20.48,20.53,20.3,141960
2022-07-22,20.6,20.61,20.7,20.49,85131
2022-07-25,20.57,20.58,20.6651,20.48,74984
2022-07-26,20.59,20.61,20.68,20.51,58516
2022-07-27,20.62,20.695,20.7629,20.6,117452
2022-07-28,20.78,20.64,20.83,20.55,341722
2022-07-29,20.68,20.82,20.8836,20.64,349882
2022-08-01,20.82,21.21,21.21,20.82,124966
2022-08-02,21.2,21.59,21.87,21.13,293717
2022-08-03,21.68,21.88,21.95,21.537,148824
2022-08-04,21.89,21.9,21.98,21.6664,118231
2022-08-05,21.74,21.72,21.8,21.51,102357
2022-08-08,21.8,21.74,21.81,21.6,98857
2022-08-09,21.65,21.67,21.67,21.4459,78969
2022-08-10,21.8,21.87,21.97,21.79,106644
2022-08-11,21.99,21.8,21.9981,21.7,75119
2022-08-12,21.83,21.88,21.88,21.7,68147
2022-08-15,21.85,21.54,21.99,21.75,129723
2022-08-16,21.52,21.47,21.71,21.3276,116978
2022-08-17,21.3,20.93,21.39,20.77,209945
2022-08-18,20.88,20.8,20.932,20.61,77235
2022-08-19,20.5,20.47,20.5,20.15,104252
2022-08-22,20.24,20.1,20.285,20.05,72823
2022-08-23,20.06,19.65,20.4,19.1,210132
2022-08-24,19.75,19.85,20.17,19.36,107649
2022-08-25,19.99,20.13,20.1955,19.82,67085
2022-08-26,20.19,19.96,20.25,19.8609,79090
2022-08-29,19.81,19.7,19.9,19.64,85068
2022-08-30,19.81,19.51,20.05,19.4,92999
2022-08-31,19.54,19.23,19.6181,19.1,166940
2022-09-01,19.16,19.0,19.16,18.82,155277
2022-09-02,19.1,19.07,19.18,18.96,242928
2022-09-06,19.1,18.7,19.15,18.58,105492
2022-09-07,18.71,18.96,19.06,18.71,144017
2022-09-08,18.8,18.94,19.23,18.8,205344
2022-09-09,19.02,19.14,19.23,18.99,57721
2022-09-12,19.17,19.29,19.31,19.17,161072
2022-09-13,18.95,18.97,19.07,18.88,158643
2022-09-14,19.01,19.01,19.09,18.93,117589
2022-09-15,18.91,18.9,19.0,18.8,94088
2022-09-16,18.7,18.91,18.92,18.684,108489
2022-09-19,18.83,18.69,18.9,18.65,215055
2022-09-20,18.56,18.46,18.56,18.36,298823
2022-09-21,18.55,18.53,18.63,18.38,190930
2022-09-22,18.42,18.31,18.42,18.02,210320
2022-09-23,18.19,18.2,18.23,18.08,123222
2022-09-26,18.1,18.07,18.23,18.0,141050
2022-09-27,18.16,18.06,18.19,17.96,155472
2022-09-28,18.16,18.43,18.49,18.06,126499
2022-09-29,18.22,18.33,18.4,18.01,127832
2022-09-30,18.44,18.39,18.54,18.24,349991
2022-10-03,18.54,18.61,18.75,18.4817,97275
2022-10-04,18.79,18.87,19.08,18.76,227228
2022-10-05,18.67,18.7,18.81,18.6,88096
2022-10-06,18.74,18.54,18.74,18.41,186654
2022-10-07,18.3,18.36,18.36,18.23,88474
2022-10-10,18.24,18.12,18.3011,18.06,114789
2022-10-11,18.13,17.99,18.13,17.85,106927
2022-10-12,17.89,17.87,18.005,17.82,100995
2022-10-13,17.61,17.79,17.98,17.5,149926
2022-10-14,17.85,17.7,17.9697,17.67,118550
2022-10-17,17.86,17.74,18.01,17.6,117796
2022-10-18,17.79,17.69,17.87,17.57,103206
2022-10-19,17.6,17.58,17.6,17.3772,145389
2022-10-20,17.43,17.27,17.5,17.15,128176
2022-10-21,17.15,17.3,17.38,17.07,308098
2022-10-24,17.24,17.25,17.4,17.17,100345
2022-10-25,17.39,17.52,17.57,17.34,233646
2022-10-26,17.44,17.66,17.8686,17.44,123512
2022-10-27,17.73,17.65,17.81,17.62,80594
2022-10-28,17.62,17.7,17.77,17.58,68320
2022-10-31,17.67,17.4,17.77,17.36,240858
2022-11-01,17.58,17.31,17.7025,17.28,236825
2022-11-02,17.26,17.4,17.56,17.15,158602
2022-11-03,17.25,17.11,17.3565,17.1,291484
2022-11-04,17.24,17.07,17.24,17.01,210856
2022-11-07,17.11,17.03,17.12,17.01,262222
2022-11-08,17.09,17.25,17.32,17.04,209994
2022-11-09,17.3,17.21,17.4,17.06,265580
2022-11-10,17.54,18.25,18.36,17.54,431179
2022-11-11,18.35,18.57,18.671,18.2387,107788
2022-11-14,18.5,17.93,18.52,18.19,184870
2022-11-15,18.14,18.23,18.4401,18.09,282451
2022-11-16,18.27,18.19,18.3446,18.16,170149
2022-11-17,18.0,18.09,18.145,18.0,155100
2022-11-18,18.16,18.03,18.1899,17.92,77478
2022-11-21,18.09,18.03,18.1599,17.96,147681
2022-11-22,18.11,18.24,18.29,17.98,250376
2022-11-23,18.26,18.49,18.49,18.2507,91404
2022-11-25,18.39,18.6,18.63,18.321,69908
2022-11-28,18.58,18.53,18.6199,18.41,112186
2022-11-29,18.49,18.07,18.49,18.05,116403
2022-11-30,17.98,18.32,18.42,17.87,248821
2022-12-01,18.69,18.69,18.79,18.42,265424
2022-12-02,18.58,19.0,19.03,18.4217,126559
2022-12-05,18.97,18.7,18.97,18.59,149899
2022-12-06,18.66,18.43,18.8,18.33,160475
2022-12-07,18.45,18.43,18.5639,18.25,194065
2022-12-08,18.45,18.18,18.55,18.18,123151
2022-12-09,18.17,18.0,18.2128,18.0,148260
2022-12-12,17.99,18.16,18.19,17.95,214095
2022-12-13,18.48,18.52,18.6299,18.375,445704
2022-12-14,18.5,18.39,18.5699,18.37,175215
2022-12-15,18.33,18.19,18.44,18.19,188604
2022-12-16,18.12,18.59,18.61,18.11,244057
2022-12-19,18.46,18.46,18.535,18.36,186229
2022-12-20,18.36,18.35,18.4607,18.31,301123
2022-12-21,18.45,18.37,18.5499,18.35,295977
2022-12-22,18.38,18.115,18.4,18.07,478097
2022-12-23,18.15,18.15,18.33,18.09,193442
2022-12-27,18.05,17.83,18.1399,17.75,250080
2022-12-28,17.84,17.5,17.9356,17.5,386139
2022-12-29,17.53,17.43,17.69,17.4222,422529
2022-12-30,17.43,17.4,17.66,17.36,421965
2023-01-03,17.62,17.81,17.87,17.62,112082
2023-01-04,18.0,18.31,18.32,17.935,126716
2023-01-05,18.22,18.62,18.67,18.14,97710
2023-01-06,18.75,19.13,19.21,18.632,170183
2023-01-09,19.14,19.09,19.46,19.01,279511
2023-01-10,19.09,19.2,19.22,18.86,97499
2023-01-11,19.25,19.18,19.2709,19.09,117694
2023-01-12,19.23,19.36,19.5499,19.1486,151048
2023-01-13,19.3,19.49,19.64,19.3,113224
2023-01-17,19.54,19.92,19.98,19.54,121556
2023-01-18,20.11,19.88,20.44,19.86,117653
2023-01-19,19.88,20.09,20.18,19.76,109942
2023-01-20,20.1,20.26,20.26,19.93,108595
2023-01-23,20.29,20.22,20.5,20.0686,150846
2023-01-24,20.25,20.14,20.325,20.1092,153454
2023-01-25,20.0,20.14,20.22,19.99,136096
2023-01-26,20.22,20.47,20.5,20.16,127800
2023-01-27,20.35,20.38,20.63,20.35,102306
2023-01-30,20.32,20.6,20.72,20.32,134117
2023-01-31,20.75,20.8,20.85,20.62,202356
2023-02-01,20.76,20.67,20.76,20.53,153123
2023-02-02,20.76,20.9,20.92,20.66,139859
2023-02-03,20.7,20.53,20.8,20.53,90833
2023-02-06,20.42,20.43,20.5499,20.21,106304
2023-02-07,20.39,20.53,20.605,20.28,138234
2023-02-08,20.54,20.72,20.73,20.46,121305
2023-02-09,20.86,20.63,20.86,20.6,73183
2023-02-10,20.62,20.22,20.63,20.45,84307
2023-02-13,20.33,20.34,20.36,20.2,70348
2023-02-14,20.25,20.45,20.47,20.15,125467
2023-02-15,20.41,20.36,20.46,20.251,103562
2023-02-16,20.23,20.01,20.23,20.0,39453
2023-02-17,19.95,19.85,19.95,19.81,120129
2023-02-21,19.71,19.2,19.745,19.15,140401
2023-02-22,19.24,19.6,19.8,19.21,183375
2023-02-23,19.72,19.92,19.99,19.58,119972
2023-02-24,19.77,19.56,19.7899,19.5,138467
2023-02-27,19.69,19.81,19.83,19.56,72017
2023-02-28,19.79,19.71,19.87,19.63,188365
2023-03-01,19.83,19.57,19.86,19.56,159833
2023-03-02,19.42,19.37,19.4788,19.1,205586
2023-03-03,19.5,19.49,19.57,19.41,120189
2023-03-06,19.58,19.55,19.66,19.5369,65045
2023-03-07,19.53,19.4,19.55,19.34,109206
2023-03-08,19.4,19.49,19.5399,19.38,59963
2023-03-09,19.51,18.95,19.51,18.85,91051
2023-03-10,18.87,18.79,19.249,18.5,145296
2023-03-13,17.96,17.64,18.51,17.32,307111
2023-03-14,18.18,18.5,19.0004,18.0899,158087
2023-03-15,18.13,17.89,18.31,17.55,182001
2023-03-16,17.7,18.21,18.6999,17.6,170682
2023-03-17,18.16,18.1,18.41,17.71,145367
2023-03-20,18.1,17.81,18.3299,17.75,104951
2023-03-21,18.03,18.07,18.18,17.94,63501
2023-03-22,18.07,18.32,18.71,18.0,79551
2023-03-23,18.49,17.95,18.52,17.95,61052
2023-03-24,17.98,17.75,17.98,17.6,84681
2023-03-27,18.03,18.11,18.32,18.01,111939
2023-03-28,18.2,18.25,18.2685,18.02,69739
2023-03-29,18.37,18.67,18.75,18.34,84514
2023-03-30,18.85,18.8,18.91,18.56,71017
2023-03-31,18.8,19.14,19.18,18.7,336691
2023-04-03,19.23,19.27,19.27,18.8778,80142
2023-04-04,19.37,19.31,19.37,18.96,76930
2023-04-05,19.19,19.09,19.24,19.0,76938
2023-04-06,19.17,19.12,19.2398,19.05,51653
2023-04-10,19.0,18.88,19.02,18.68,80315
2023-04-11,18.83,19.1,19.1,18.74,65819
2023-04-12,19.25,18.9,19.2514,18.9,73511
2023-04-13,18.99,19.02,19.02,18.87,56549
2023-04-14,19.02,19.0,19.13,18.9201,51308
2023-04-17,19.06,19.0,19.28,18.97,104762
2023-04-18,19.12,19.0,19.206,18.96,70315
2023-04-19,19.04,19.21,19.22,18.89,70392
2023-04-20,19.2,19.26,19.39,19.06,166517
2023-04-21,19.37,19.49,19.61,19.2189,44695
2023-04-24,19.61,19.59,19.72,19.5042,72380
2023-04-25,19.52,19.34,19.57,19.34,60162
2023-04-26,19.35,19.03,19.47,19.01,143253
2023-04-27,19.1,19.44,19.6,19.1,156731
2023-04-28,19.48,19.46,19.62,19.39,246707
2023-05-01,19.54,19.15,19.6376,18.92,138502
2023-05-02,19.02,18.59,19.02,18.22,120222
2023-05-03,18.5,18.06,18.792,18.06,144744
2023-05-04,17.8,16.78,17.86,16.02,365072
2023-05-05,17.09,17.17,17.78,17.09,111847
2023-05-08,17.34,17.12,17.5,17.08,62334
2023-05-09,17.11,16.99,17.2,16.65,129372
2023-05-10,17.26,17.21,17.41,17.06,82788
2023-05-11,17.07,17.14,17.41,17.05,93702
2023-05-12,17.14,17.29,17.32,17.07,62934
2023-05-15,17.32,16.83,17.32,16.97,77351
2023-05-16,17.18,16.89,17.38,16.73,116881
2023-05-17,16.98,17.54,17.66,16.98,111047
2023-05-18,17.54,17.62,17.91,17.47,201502
2023-05-19,17.72,17.665,17.77,17.46,63413
2023-05-22,17.67,18.13,18.15,17.6,121869
2023-05-23,17.98,18.27,18.4,17.98,108747
2023-05-24,18.18,18.24,18.49,18.13,68979
2023-05-25,18.27,18.24,18.3,17.79,211689
2023-05-26,18.15,18.53,18.53,18.11,85165
2023-05-30,18.75,18.63,18.8792,18.55,81000
2023-05-31,18.63,18.73,18.9907,18.63,211421
2023-06-01,18.97,19.22,19.24,18.71,132520
2023-06-02,19.29,19.42,19.755,19.2301,97418
2023-06-05,19.42,19.42,19.4099,19.19,88933
2023-06-06,19.21,19.29,19.45,19.11,68223
2023-06-07,19.4,19.09,19.4855,19.08,60961
2023-06-08,19.19,18.74,19.2602,18.64,122990
2023-06-09,18.78,18.5,18.78,18.49,100137
2023-06-12,18.63,18.59,18.67,18.21,91747
2023-06-13,18.68,18.69,18.7388,18.4563,79019
2023-06-14,18.63,18.41,18.68,18.2462,55875
2023-06-15,18.34,18.62,18.64,18.34,46478
2023-06-16,18.67,18.37,18.72,18.31,68838
2023-06-20,18.48,18.36,18.49,18.34,106891
2023-06-21,18.34,18.41,18.5,18.31,60559
2023-06-22,18.36,18.13,18.4624,18.0,59782
2023-06-23,18.1,18.19,18.27,18.05,48260
2023-06-26,18.15,18.19,18.446,18.13,42549
2023-06-27,18.3,18.03,18.44,18.0101,119947
2023-06-28,18.1,18.28,18.28,18.0,96862
2023-06-29,18.27,18.04,18.27,18.0,58351
2023-06-30,18.08,18.34,18.365,18.08,200388
2023-07-03,18.28,18.67,18.67,18.28,33578
2023-07-05,18.52,18.39,18.8342,18.39,60260
2023-07-06,18.1,17.79,18.22,17.6,180496
2023-07-07,17.75,17.91,17.92,17.7,61953
2023-07-10,17.91,17.99,18.08,17.875,53460
2023-07-11,18.06,18.1699,18.18,17.96,90789
2023-07-12,18.36,18.39,18.44,18.12,79794
2023-07-13,18.45,18.53,18.5814,18.37,191159
2023-07-14,18.59,18.27,18.62,18.09,61958
2023-07-17,18.3,17.9,18.3,17.82,75109
2023-07-18,18.05,18.12,18.1293,17.96,46769
2023-07-19,18.2,18.34,18.3501,18.16,46309
2023-07-20,18.28,18.23,18.29,18.1049,78804
2023-07-21,18.32,18.21,18.36,18.08,33084
2023-07-24,18.29,18.42,18.5,18.13,63377
2023-07-25,18.35,18.39,18.42,18.23,80959
2023-07-26,18.44,18.66,18.87,18.37,58888
2023-07-27,18.75,18.52,18.905,18.35,62829
2023-07-28,18.61,18.39,18.61,18.39,74448
2023-07-31,18.49,18.67,18.74,18.41,68111
2023-08-01,18.61,18.67,18.68,18.5,41404
2023-08-02,18.38,18.64,18.64,18.3679,67488
2023-08-03,18.5,18.42,18.58,18.37,49046
2023-08-04,18.43,18.58,18.685,18.43,49852
2023-08-07,18.56,18.68,18.71,18.53,52232
2023-08-08,18.46,18.56,18.5693,18.33,76838
2023-08-09,18.58,18.57,18.68,18.47,58164
2023-08-10,18.58,18.58,18.71,18.479,65075
2023-08-11,18.42,18.57,18.59,18.42,39174
2023-08-14,18.59,18.55,18.59,18.42,43740
2023-08-15,18.5,18.0,18.51,18.28,77916
2023-08-16,17.99,17.78,18.08,17.71,85391
2023-08-17,17.88,17.65,17.88,17.4641,97191
2023-08-18,17.45,17.59,17.59,17.39,85465
2023-08-21,17.56,17.54,17.56,17.25,80091
2023-08-22,17.45,17.63,17.7,17.4,51304
2023-08-23,17.75,17.97,17.975,17.7201,45431
2023-08-24,18.01,17.78,18.01,17.6701,38386
2023-08-25,17.88,17.83,17.88,17.62,34997
2023-08-28,17.92,17.81,18.01,17.7573,35780
2023-08-29,17.81,17.92,18.02,17.71,58088
2023-08-30,17.99,17.99,18.0796,17.93,45625
2023-08-31,18.09,17.98,18.25,17.98,112725
2023-09-01,18.27,18.17,18.3,18.06,61542
2023-09-05,18.19,18.14,18.235,18.06,59623
2023-09-06,18.16,18.14,18.29,18.0501,57655
2023-09-07,18.09,17.95,18.17,17.94,34784
2023-09-08,18.02,18.09,18.13,17.9044,38987
2023-09-11,18.09,18.06,18.16,17.99,59850
2023-09-12,18.03,17.95,18.07,17.9252,39895
2023-09-13,17.95,18.05,18.11,17.95,40528
2023-09-14,18.14,18.2,18.24,18.07,75889
2023-09-15,18.2,18.13,18.2,18.04,58532
2023-09-18,18.15,18.2,18.31,18.02,46993
2023-09-19,18.12,18.17,18.3,18.12,67438
2023-09-20,18.21,18.305,18.35,18.15,56537
2023-09-21,18.08,17.95,18.095,17.86,70593
2023-09-22,17.96,17.94,18.1,17.77,45619
2023-09-25,17.73,17.75,17.94,17.7101,49375
2023-09-26,17.72,17.54,17.8424,17.5001,103926
2023-09-27,17.6,17.47,17.6,17.36,109692
2023-09-28,17.41,17.68,17.81,17.32,86737
2023-09-29,17.63,17.69,18.02,17.6,317404
2023-10-02,17.7,17.29,17.8,17.26,75126
2023-10-03,17.27,17.04,17.27,16.8501,157440
2023-10-04,17.15,17.09,17.27,16.95,79787
2023-10-05,17.09,16.98,17.15,16.9109,83089
2023-10-06,16.77,16.92,17.11,16.75,103726
2023-10-09,16.89,17.06,17.06,16.83,66135
2023-10-10,16.98,17.17,17.2997,16.93,85990
2023-10-11,17.26,16.91,17.34,16.875,130619
2023-10-12,16.92,16.51,16.9747,16.42,138262
2023-10-13,16.62,16.27,16.708,16.27,141275
2023-10-16,16.33,16.37,16.468,16.18,114927
2023-10-17,16.21,16.14,16.35,16.08,112619
2023-10-18,16.08,15.81,16.15,15.7403,138762
2023-10-19,15.8,15.54,15.9405,15.35,160764
2023-10-20,15.61,15.38,15.61,15.05,171516
2023-10-23,15.23,15.52,15.62,15.21,115970
2023-10-24,15.61,16.22,16.2201,15.61,169413
2023-10-25,16.13,15.86,16.13,15.86,85280
2023-10-26,15.97,15.69,16.0522,15.63,92225
2023-10-27,15.85,15.67,16.05,15.67,106441
2023-10-30,15.75,15.7,15.8845,15.63,127288
2023-10-31,15.77,15.73,15.7873,15.6,107244
2023-11-01,15.76,16.22,16.22,15.74,106368
2023-11-02,16.38,17.07,17.07,16.38,131884
2023-11-03,17.19,17.27,17.48,17.04,121990
2023-11-06,17.27,17.28,17.39,17.16,55645
2023-11-07,17.28,17.18,17.2915,17.09,63554
2023-11-08,17.28,17.09,17.2999,17.08,56252
2023-11-09,17.06,16.72,17.2199,16.72,90217
2023-11-10,16.88,17.05,17.08,16.8,70434
2023-11-13,16.96,17.29,17.33,16.82,48010
2023-11-14,17.69,17.34,17.88,17.542,62716
2023-11-15,17.45,17.4,17.47,17.2601,104522
2023-11-16,17.37,17.5,17.55,17.37,80359
2023-11-17,17.6,17.59,17.69,17.5,104607
2023-11-20,17.53,17.525,17.65,17.4235,64930
2023-11-21,17.45,17.47,17.58,17.31,90400
2023-11-22,17.46,17.26,17.46,17.06,92351
2023-11-24,17.26,17.3,17.32,17.14,27006
2023-11-27,17.2,17.47,17.52,17.1713,57209
2023-11-28,17.45,17.36,17.6,17.3,82450
2023-11-29,17.44,17.42,17.68,17.36,92005
2023-11-30,17.36,17.65,17.95,17.36,279237
2023-12-01,17.8,17.99,18.07,17.69,127283
2023-12-04,17.92,17.77,18.07,17.68,101811
2023-12-05,17.83,17.78,18.01,17.73,100759
2023-12-06,17.9,17.71,17.94,17.71,75102
2023-12-07,17.83,17.95,18.03,17.805,109493
2023-12-08,17.88,17.86,17.9399,17.62,94313
2023-12-11,17.83,17.65,17.83,17.54,89186
2023-12-12,17.64,17.6,17.78,17.54,79234
2023-12-13,17.72,17.9,17.9799,17.5601,125223
2023-12-14,18.06,18.55,18.7146,18.06,211344
2023-12-15,18.52,18.18,18.65,18.09,162676
2023-12-18,18.14,17.86,18.2893,17.85,117395
2023-12-19,17.95,17.94,18.15,17.92,188221
2023-12-20,18.03,17.84,18.1767,17.8,183935
2023-12-21,17.99,17.85,18.12,17.745,160013
2023-12-22,17.94,17.84,17.94,17.75,126420
2023-12-26,17.82,17.89,18.0,17.7801,133813
2023-12-27,17.9,17.85,17.95,17.81,164130
2023-12-28,17.85,17.82,17.96,17.8,178033
2023-12-29,17.78,17.64,17.8799,17.59,213325
2024-01-02,17.64,17.76,17.82,17.54,83606
2024-01-03,17.65,17.7,17.81,17.34,190041
2024-01-04,17.63,17.75,17.83,17.6,69283
2024-01-05,17.75,17.66,17.8985,17.52,162103
2024-01-08,17.69,17.8,17.84,17.62,132490
2024-01-09,17.73,18.13,18.14,17.6801,102712
2024-01-10,18.2,18.42,18.45,18.15,93260
2024-01-11,18.37,18.54,18.61,18.24,168766
2024-01-12,18.61,18.7,18.7262,18.54,68928
2024-01-16,18.65,18.57,18.7399,18.52,95148
2024-01-17,18.52,18.52,18.62,18.42,97005
2024-01-18,18.52,18.35,18.56,18.22,120090
2024-01-19,18.39,18.59,18.59,18.18,131312
2024-01-22,18.62,18.9,18.9,18.62,68221
2024-01-23,18.84,18.8101,18.93,18.7701,52468
2024-01-24,18.88,18.92,18.93,18.82,49061
2024-01-25,18.96,19.37,19.39,18.92,94046
2024-01-26,19.34,19.4,19.44,19.28,119438
2024-01-29,19.42,19.55,19.6,19.41,77215
2024-01-30,19.57,19.75,19.77,19.47,105480
2024-01-31,19.52,19.39,19.7499,19.28,135629
2024-02-01,19.51,19.77,19.79,19.15,73408
2024-02-02,19.51,19.7,19.74,19.51,96988
2024-02-05,19.6,19.46,19.6,19.41,173472
2024-02-06,19.43,19.4,19.52,19.11,89248
2024-02-07,19.46,19.47,19.5655,19.24,68986
2024-02-08,19.41,19.5,19.5,19.31,47180
2024-02-09,19.5,19.66,19.7427,19.44,67980
2024-02-12,19.71,19.79,19.8,19.635,56513
2024-02-13,19.46,19.15,19.66,19.35,56398
2024-02-14,19.23,19.03,19.32,18.96,181213
2024-02-15,19.05,19.06,19.22,18.95,99116
2024-02-16,18.97,19.09,19.09,18.83,63674
2024-02-20,19.08,19.38,19.5391,19.08,111516
2024-02-21,19.47,19.15,19.48,19.095,128074
2024-02-22,19.25,19.25,19.36,19.17,66405
2024-02-23,19.33,19.47,19.47,19.23,99872
2024-02-26,19.48,19.54,19.54,19.33,68528
2024-02-27,19.44,19.35,19.55,19.25,53461
2024-02-28,19.28,19.23,19.4199,19.05,83396
2024-02-29,19.33,19.84,19.88,19.17,292365
2024-03-01,19.83,19.71,20.07,19.5812,137634
2024-03-04,19.63,19.69,19.78,19.63,56464
2024-03-05,19.73,19.63,19.73,19.54,134851
2024-03-06,19.65,19.67,19.7699,19.56,134980
2024-03-07,19.72,19.72,19.77,19.56,124175
2024-03-08,19.72,19.7,19.75,19.61,68892
2024-03-11,19.7,19.71,19.75,19.61,81782
2024-03-12,19.71,19.8,19.8,19.58,90520
2024-03-13,19.78,19.72,19.9299,19.71,113256
2024-03-14,19.71,19.58,19.7401,19.45,92119
2024-03-15,19.51,19.44,19.695,19.3,58705
2024-03-18,19.43,19.52,19.56,19.35,60801
2024-03-19,19.51,19.72,19.74,19.47,73147
2024-03-20,19.8,19.69,19.8345,19.59,135443
2024-03-21,19.82,19.83,19.95,19.78,168006
2024-03-22,19.92,19.85,19.96,19.7601,56223
2024-03-25,19.76,19.78,19.88,19.69,37758
2024-03-26,19.83,19.78,19.9,19.63,109325
2024-03-27,19.77,19.92,19.97,19.63,167861
2024-03-28,19.97,19.46,19.97,19.41,309227
2024-04-01,19.48,19.46,19.63,19.33,140205
2024-04-02,19.28,19.22,19.35,19.13,80477
2024-04-03,19.13,19.24,19.26,19.085,98176
2024-04-04,19.31,19.32,19.4899,19.285,72658
2024-04-05,19.28,19.36,19.4,19.16,64552
2024-04-08,19.37,19.4,19.44,19.2694,84010
2024-04-09,19.39,19.4,19.52,19.29,41393
2024-04-10,19.2,18.8,19.2,18.6,98382
2024-04-11,18.8,18.72,18.8,18.37,96646
2024-04-12,18.8,18.52,18.8,18.49,58046
2024-04-15,18.53,18.21,18.5399,18.14,192798
2024-04-16,18.15,18.29,18.3992,18.07,87346
2024-04-17,18.4,18.45,18.56,18.33,51345
2024-04-18,18.41,18.36,18.49,18.3069,58044
2024-04-19,18.35,18.37,18.45,18.28,77122
2024-04-22,18.35,18.5,18.5211,18.35,56086
2024-04-23,18.6,18.9,18.9,18.52,55358
2024-04-24,18.85,18.89,18.9182,18.66,46040
2024-04-25,18.75,18.65,18.75,18.3,44591
2024-04-26,18.65,18.68,18.815,18.59,50758
2024-04-29,18.8,18.79,18.86,18.6,47285
2024-04-30,18.71,18.36,18.8597,18.2915,132056
2024-05-01,18.45,18.68,18.69,18.36,150724
2024-05-02,18.69,18.75,18.76,18.53,112758
2024-05-03,18.99,18.94,19.07,18.78,107637
2024-05-06,18.92,19.06,19.12,18.9,66716
2024-05-07,19.1,19.06,19.19,18.9697,77093
2024-05-08,18.92,18.76,19.0692,18.71,94808
2024-05-09,18.78,18.85,18.89,18.7,89450
2024-05-10,18.85,18.88,18.92,18.68,52815
2024-05-13,18.97,19.0,19.03,18.91,56054
2024-05-14,19.0,18.93,19.09,18.91,53698
2024-05-15,19.09,18.98,19.28,19.07,68824
2024-05-16,18.93,18.8,18.9993,18.72,89024
2024-05-17,18.68,18.68,18.75,18.575,84128
2024-05-20,18.59,18.73,18.75,18.5,118703
2024-05-21,18.8,18.63,18.8,18.56,78558
2024-05-22,18.55,18.55,18.68,18.46,69559
2024-05-23,18.55,18.39,18.5639,18.16,160206
2024-05-24,18.38,18.48,18.58,18.32,112001
2024-05-28,18.58,18.36,18.64,18.26,41169
2024-05-29,18.22,18.11,18.22,18.0,113726
2024-05-30,18.13,18.37,18.44,18.1,54393
2024-05-31,18.44,18.93,18.93,18.44,259817
2024-06-03,19.1,19.01,19.1899,18.88,125166
2024-06-04,19.02,19.07,19.14,19.0162,106311
2024-06-05,19.14,18.82,19.14,18.82,52639
2024-06-06,18.82,19.01,19.01,18.81,52022
2024-06-07,18.88,18.92,18.9599,18.82,38623
2024-06-10,18.93,18.9,18.98,18.77,43058
2024-06-11,18.8,18.69,18.95,18.61,60515
2024-06-12,18.92,18.78,19.12,18.7501,72954
2024-06-13,18.87,18.84,18.89,18.63,65561
2024-06-14,18.75,18.85,18.88,18.75,35937
2024-06-17,18.73,18.84,18.87,18.69,60766
2024-06-18,18.86,19.18,19.18,18.835,64256
2024-06-20,19.13,19.1,19.15,19.0,58668
2024-06-21,19.02,19.16,19.23,18.99,72382
2024-06-24,19.11,19.15,19.23,19.06,84312
2024-06-25,19.18,19.2,19.2,19.06,50706
2024-06-26,19.08,19.19,19.23,19.0459,87623
2024-06-27,19.13,19.16,19.19,19.1,72965
2024-06-28,19.15,18.81,19.21,18.81,106945
2024-07-01,18.75,18.66,18.9,18.6,89915
2024-07-02,18.67,18.82,18.82,18.62,54754
2024-07-03,18.88,19.12,19.15,18.7726,29188
2024-07-05,19.19,19.14,19.19,19.06,45885
2024-07-08,19.18,19.01,19.2,18.96,50279
2024-07-09,19.04,18.85,19.04,18.83,58479
2024-07-10,18.94,19.06,19.06,18.851,57277
2024-07-11,19.14,19.39,19.39,19.1101,65898
2024-07-12,19.39,19.52,19.56,19.315,60950
2024-07-15,19.49,19.46,19.4999,19.39,70687
2024-07-16,19.45,19.41,19.55,19.31,97826
2024-07-17,19.37,19.34,19.42,19.28,54490
2024-07-18,19.32,19.42,19.49,19.2388,72316
2024-07-19,19.35,19.45,19.45,19.2648,48583
2024-07-22,19.5,19.39,19.535,19.26,80567
2024-07-23,19.37,19.18,19.455,19.12,69782
2024-07-24,19.07,18.91,19.15,18.865,69443
2024-07-25,19.0,18.97,19.1199,18.94,61702
2024-07-26,19.05,19.04,19.13,18.93,78621
2024-07-29,19.14,19.05,19.2,18.9292,51375
2024-07-30,19.08,19.09,19.11,19.0,81745
2024-07-31,19.11,18.73,19.11,18.66,278156
2024-08-01,18.81,19.12,19.12,18.81,116204
2024-08-02,19.08,19.29,19.29,18.93,74546
2024-08-05,18.94,18.96,19.06,18.87,144236
2024-08-06,19.1,19.31,19.4314,18.955,88698
2024-08-07,19.31,19.49,19.5,19.3,49751
2024-08-08,19.44,19.55,19.58,19.29,56290
2024-08-09,19.46,19.42,19.61,19.35,60363
2024-08-12,19.38,19.3242,19.4422,19.26,44172
2024-08-13,19.39,19.65,19.67,19.36,49975
2024-08-14,19.57,19.85,19.915,19.57,67522
2024-08-15,19.8,19.8833,20.0,19.67,60515
2024-08-16,19.88,19.82,20.12,19.8594,46322
2024-08-19,19.84,19.8,19.8891,19.75,66493
2024-08-20,19.88,19.79,19.88,19.64,106124
2024-08-21,19.82,19.88,19.96,19.79,111697
2024-08-22,19.91,19.8,19.91,19.7187,86700
2024-08-23,19.86,20.0,20.0,19.7299,62571
2024-08-26,20.05,20.01,20.12,19.9,104365
2024-08-27,19.96,19.96,20.01,19.87,83622
2024-08-28,20.01,20.01,20.11,20.01,48085
2024-08-29,20.09,20.16,20.3079,20.08,73020
2024-08-30,20.15,20.04,20.1899,19.87,147249
2024-09-03,20.18,20.21,20.29,20.04,98021
2024-09-04,20.17,20.43,20.49,20.1407,118032
2024-09-05,20.49,20.49,20.49,20.28,172653
2024-09-06,20.46,20.23,20.5,20.02,96876
2024-09-09,20.31,20.33,20.43,20.2866,123496
2024-09-10,20.44,20.16,20.44,19.99,103535
2024-09-11,20.14,20.13,20.1599,19.9,84528
2024-09-12,20.18,20.2,20.2661,20.0101,74788
2024-09-13,20.27,20.29,20.33,20.2,94519
2024-09-16,20.35,20.38,20.4,20.31,147371
2024-09-17,20.49,20.45,20.5,20.25,125571
2024-09-18,20.45,20.36,20.51,20.3319,100638
2024-09-19,20.49,20.6,20.64,20.36,121863
2024-09-20,20.57,20.65,20.72,20.54,114225
2024-09-23,20.64,20.69,20.7399,20.6,65740
2024-09-24,20.61,20.72,20.75,20.55,91225
2024-09-25,20.79,20.78,20.84,20.7,118047
2024-09-26,20.85,20.78,20.85,20.65,109285
2024-09-27,20.85,20.71,20.85,20.71,78604
2024-09-30,20.75,20.23,20.7699,20.02,778477
2024-10-01,20.34,20.39,20.4263,20.19,320530
2024-10-02,20.33,20.53,20.53,20.23,89274
2024-10-03,20.53,20.58,20.6896,20.53,89651
2024-10-04,20.49,20.34,20.5,20.2703,103436
2024-10-07,20.27,20.07,20.2919,20.0,98248
2024-10-08,20.05,20.28,20.35,20.049,82410
2024-10-09,20.35,20.18,20.35,20.1714,62337
2024-10-10,20.12,20.12,20.2485,20.03,55394
2024-10-11,20.07,20.35,20.35,20.07,89026
2024-10-14,20.25,20.47,20.5,20.1901,61903
2024-10-15,20.5,20.61,20.7199,20.43,97891
2024-10-16,20.65,20.61,20.66,20.53,180245
2024-10-17,20.57,20.56,20.65,20.375,105381
2024-10-18,20.56,20.51,20.61,20.41,49585
2024-10-21,20.42,20.19,20.42,20.06,63345
2024-10-22,20.22,20.23,20.31,20.0,89749
2024-10-23,20.12,19.97,20.2,19.86,153445
2024-10-24,20.04,19.97,20.05,19.84,88123
2024-10-25,20.05,19.89,20.135,19.835,109043
2024-10-28,19.99,19.89,19.99,19.8432,63312
2024-10-29,19.79,19.78,19.85,19.54,100805
2024-10-30,19.85,19.82,19.99,19.78,67404
2024-10-31,19.8,19.62,19.825,19.6,176897
2024-11-01,19.72,19.58,19.8,19.51,87936
2024-11-04,19.65,19.99,20.0417,19.6001,72910
2024-11-05,19.95,20.29,20.36,19.95,116042
2024-11-06,19.98,19.87,20.0999,19.7988,121602
2024-11-07,19.91,19.95,20.04,19.8,107187
2024-11-08,20.02,20.2,20.2999,20.02,99283
2024-11-11,20.25,20.05,20.25,19.88,78668
2024-11-12,19.94,19.76,19.9764,19.71,111839
2024-11-13,19.9,19.49,19.9,19.7,105926
2024-11-14,19.57,19.45,19.6,19.3,274102
2024-11-15,19.41,19.37,19.55,19.31,75124
2024-11-18,19.36,19.38,19.51,19.31,116925
2024-11-19,19.39,19.19,19.44,19.05,108645
2024-11-20,19.07,19.16,19.1922,19.0,89970
2024-11-21,19.21,19.3,19.4086,19.0701,97111
2024-11-22,19.36,19.41,19.45,19.33,93451
2024-11-25,19.58,19.525,19.73,19.45,83309
2024-11-26,19.46,19.38,19.5,19.25,78634
2024-11-27,19.36,19.45,19.63,19.36,93604
2024-11-29,19.51,19.96,19.98,19.44,177450
2024-12-02,19.92,19.58,19.92,19.57,138450
2024-12-03,19.54,19.31,19.6095,19.3,109188
2024-12-04,19.31,19.22,19.3899,19.22,141450
2024-12-05,19.27,19.31,19.43,19.2442,130332
2024-12-06,19.37,19.2,19.4299,19.2,80580
2024-12-09,19.2,19.25,19.3299,19.11,104080
2024-12-10,19.22,19.26,19.33,19.1,77825
2024-12-11,19.31,19.17,19.48,19.17,84156
2024-12-12,19.14,18.93,19.15,18.9,142764
2024-12-13,18.9,18.77,19.02,18.66,134356
2024-12-16,18.73,18.63,18.8,18.56,139217
2024-12-17,18.58,18.62,18.69,18.52,183008
2024-12-18,18.6,18.35,18.7,18.2901,180558
2024-12-19,18.3,18.31,18.37,18.01,346798
2024-12-20,18.3,18.35,18.475,18.2,219392
2024-12-23,18.33,18.12,18.45,18.06,164190
2024-12-24,18.12,18.06,18.21,18.0,163788
2024-12-26,17.98,17.9201,18.1286,17.9,207527
2024-12-27,17.85,17.95,18.0,17.85,175456
2024-12-30,17.85,18.18,18.18,17.85,251697
2024-12-31,18.07,18.31,18.37,18.0,1043630
2025-01-02,18.4,18.7,18.8,18.35,210044
2025-01-03,18.8,19.015,19.0835,18.78,274922
2025-01-06,19.05,18.76,19.05,18.75,236600
2025-01-07,18.76,18.52,18.89,18.45,136125
2025-01-08,18.41,18.47,18.54,18.3,150399
2025-01-10,18.28,17.88,18.4,17.83,202288
2025-01-13,17.81,17.66,17.85,17.62,148859
2025-01-14,17.75,17.77,17.869,17.65,78555
2025-01-15,18.08,18.4,18.54,17.9801,112110
2025-01-16,18.35,18.38,18.715,18.35,130963
2025-01-17,18.51,18.5,18.68,18.26,104127
2025-01-21,18.6,18.82,18.84,18.5408,107972
2025-01-22,18.87,18.88,18.9695,18.61,159151
2025-01-23,18.76,18.9,18.97,18.7,263688
2025-01-24,19.0,19.08,19.1,18.85,145858
2025-01-27,19.01,19.47,19.48,19.01,141908
2025-01-28,19.48,19.35,19.48,19.1701,75601
2025-01-29,19.37,19.15,19.3885,19.07,70645
2025-01-30,19.23,19.27,19.37,19.19,70636
2025-01-31,19.3,19.1,19.34,18.9201,86133
2025-02-03,19.02,18.9,19.0983,18.88,85025
2025-02-04,18.89,18.93,19.0,18.86,67843
2025-02-05,19.03,19.2,19.25,19.03,47521
2025-02-06,19.24,19.12,19.24,19.0966,55611
2025-02-07,19.04,19.01,19.125,19.01,49122
2025-02-10,19.15,19.14,19.2296,19.0825,44734
2025-02-11,19.14,19.1,19.17,19.04,121793
2025-02-12,18.87,18.94,18.959,18.7,73082
2025-02-13,19.14,19.2,19.2449,19.05,71940
2025-02-14,19.35,19.06,19.41,19.26,42420
2025-02-18,18.99,18.9,19.11,18.8673,71605
2025-02-19,18.84,18.82,18.9425,18.77,116922
2025-02-20,18.88,18.79,18.92,18.7606,66131
2025-02-21,18.82,18.85,18.9267,18.8,53564
2025-02-24,18.91,18.9,18.99,18.8033,61026
2025-02-25,19.02,19.25,19.33,18.9773,561655
2025-02-26,19.3,19.32,19.36,19.14,202280
2025-02-27,19.31,19.33,19.46,19.2207,220234
2025-02-28,19.38,19.43,19.45,19.21,148848
2025-03-03,19.48,19.55,19.72,19.315,230265
2025-03-04,19.59,19.35,19.59,19.23,58761
2025-03-05,19.39,19.32,19.43,19.23,56075
2025-03-06,19.22,19.21,19.35,19.2,48330
2025-03-07,19.28,19.1,19.31,19.08,91068
2025-03-10,19.03,18.9,19.18,18.85,79664
2025-03-11,18.89,18.84,18.97,18.71,90061
2025-03-12,18.92,18.96,18.96,18.695,58641
2025-03-13,18.92,18.89,18.96,18.8,145600
2025-03-14,18.89,19.01,19.07,18.8001,54978
2025-03-17,19.1,19.09,19.18,18.9401,58264
2025-03-18,19.01,19.0,19.0415,18.9,39102
2025-03-19,18.97,19.03,19.07,18.97,48491
2025-03-20,19.05,19.09,19.09,18.93,66816
2025-03-21,19.02,19.14,19.185,19.01,66906
2025-03-24,19.18,19.11,19.2,19.05,45529
2025-03-25,19.15,19.17,19.17,19.05,51351
2025-03-26,19.11,18.87,19.15,18.86,57071
2025-03-27,18.85,18.72,18.8873,18.67,80040
2025-03-28,18.73,18.37,18.78,18.36,198143
2025-03-31,18.27,18.14,18.3892,18.12,405963
2025-04-01,18.21,18.15,18.28,18.11,97187
2025-04-02,18.05,18.23,18.29,18.05,65157
2025-04-03,17.97,17.98,18.09,17.8,54598
2025-04-04,17.9,18.04,18.1004,17.57,156976
2025-04-07,17.58,17.76,18.23,17.5145,151685
2025-04-08,17.93,17.6,17.95,17.5911,70423
2025-04-09,17.4,17.66,17.82,17.25,504183
2025-04-10,17.58,17.2,17.6499,17.14,232209
2025-04-11,17.08,17.0,17.14,16.97,620458
