2021-03-31,39.0,45.0,45.98,37.8,10361287
2021-04-01,45.5,45.78,56.48,43.2701,5906318
2021-04-05,49.06,49.61,52.6994,46.31,1989296
2021-04-06,51.51,56.23,57.65,51.01,1603658
2021-04-07,57.3,58.0,62.5334,54.71,3251164
2021-04-08,58.0,56.0,58.85,54.3,1136386
2021-04-09,54.01,53.65,56.45,51.17,1379950
2021-04-12,52.97,51.38,55.22,49.4,770919
2021-04-13,50.28,51.35,52.5,49.25,734040
2021-04-14,50.28,48.58,53.28,48.1739,520275
2021-04-15,50.0,47.45,50.29,47.41,507092
2021-04-16,48.22,45.98,48.5,44.95,580796
2021-04-19,47.02,42.08,47.08,40.51,1299266
2021-04-20,42.51,41.0,42.88,40.21,890590
2021-04-21,40.62,41.86,43.26,40.5,682466
2021-04-22,41.39,44.16,45.5,41.39,936671
2021-04-23,44.99,46.37,46.92,44.5,694920
2021-04-26,48.3,47.75,49.35,46.95,733514
2021-04-27,48.0,46.64,49.02,46.37,576348
2021-04-28,46.64,45.4,46.82,44.51,632867
2021-04-29,45.59,45.15,46.49,44.5,489829
2021-04-30,44.75,44.7,45.49,44.5,206437
2021-05-03,45.73,46.11,46.23,44.39,636044
2021-05-04,45.34,45.65,46.44,44.35,1206820
2021-05-05,44.0,42.01,42.9851,40.75,1228477
2021-05-06,42.11,38.98,42.4479,37.56,1661056
2021-05-07,39.29,36.14,39.36,35.41,1934037
2021-05-10,36.14,34.8,37.81,33.67,1705529
2021-05-11,34.0,40.46,40.79,33.7,2480478
2021-05-12,38.19,35.22,38.6118,34.739,1863503
2021-05-13,36.01,34.3,36.47,32.59,1567776
2021-05-14,34.59,38.12,39.2799,34.52,1922731
2021-05-17,37.53,37.91,38.55,36.76,980467
2021-05-18,38.81,38.5,39.49,38.2,832857
2021-05-19,37.18,38.37,38.989,36.13,862127
2021-05-20,36.74,37.02,37.48,35.54,2220354
2021-05-21,37.01,37.53,38.07,36.53,1075642
2021-05-24,37.52,37.5,37.74,36.71,1154278
2021-05-25,37.48,37.08,37.7,36.88,1020933
2021-05-26,37.36,37.98,38.89,37.1,1431835
2021-05-27,37.77,38.0,38.43,37.11,989287
2021-05-28,37.79,38.0,38.09,36.22,1486578
2021-06-01,38.17,38.53,38.53,37.92,1070048
2021-06-02,38.37,39.96,40.16,38.13,1470652
2021-06-03,39.0,39.6,40.05,38.03,748009
2021-06-04,39.51,39.65,40.6,39.1,1757475
2021-06-07,39.6,41.67,42.42,39.6,1701686
2021-06-08,41.5,43.36,43.8,41.08,1029868
2021-06-09,43.81,43.41,44.38,43.03,790342
2021-06-10,43.0,44.15,44.32,42.6,813538
2021-06-11,44.6,46.95,46.99,43.64,1169193
2021-06-14,46.63,42.98,46.8,41.89,1234053
2021-06-15,43.27,42.92,44.22,42.35,693951
2021-06-16,42.84,43.41,43.77,42.44,1697630
2021-06-17,43.5,43.15,44.78,42.88,1682829
2021-06-18,43.02,44.14,44.59,42.89,3049298
2021-06-21,44.0,42.87,44.195,42.545,1636887
2021-06-22,42.83,42.43,43.34,42.05,1257339
2021-06-23,42.57,43.08,43.81,42.57,510344
2021-06-24,43.53,43.96,44.86,43.3101,431404
2021-06-25,44.04,42.56,44.39,42.56,2990306
2021-06-28,42.68,41.97,43.53,41.41,597773
2021-06-29,41.6,40.74,42.38,40.6,841744
2021-06-30,40.94,39.56,41.265,39.39,848571
2021-07-01,39.6,39.05,40.17,38.52,930747
2021-07-02,39.29,40.07,40.23,38.54,699027
2021-07-06,40.25,40.63,41.17,39.5221,1526076
2021-07-07,40.27,39.25,40.52,39.13,837012
2021-07-08,38.49,39.3,39.3,36.6,662536
2021-07-09,39.5,40.03,40.17,39.4,383844
2021-07-12,40.0,39.54,40.0199,38.53,703457
2021-07-13,39.63,38.88,40.1,38.3235,377006
2021-07-14,38.91,37.84,39.04,37.12,681076
2021-07-15,38.05,38.81,38.94,37.44,416712
2021-07-16,39.0,38.14,39.31,38.01,360159
2021-07-19,37.47,38.14,38.61,37.04,438314
2021-07-20,38.65,39.41,39.88,38.29,617463
2021-07-21,39.46,39.22,40.145,38.925,457160
2021-07-22,39.35,40.26,40.68,39.01,289632
2021-07-23,40.12,39.09,40.25,38.38,396375
2021-07-26,39.43,39.08,39.85,38.1,441879
2021-07-27,39.4,38.01,39.45,36.8,759403
2021-07-28,38.63,37.79,38.66,37.52,326622
2021-07-29,37.62,36.22,38.1,35.61,673492
2021-07-30,36.0,35.59,36.35,35.36,564646
2021-08-02,35.99,36.12,36.91,34.71,549432
2021-08-03,36.15,35.68,36.89,35.571,1014942
2021-08-04,39.7,43.31,43.78,38.65,4517682
2021-08-05,43.25,40.86,43.61,40.6375,1622594
2021-08-06,40.265,40.05,41.0,39.36,3648654
2021-08-09,39.38,39.9,40.32,38.15,1857035
2021-08-10,39.48,37.28,40.0,36.69,2088205
2021-08-11,37.41,37.71,39.29,36.71,1228167
2021-08-12,37.6,38.8,39.29,36.49,2847469
2021-08-13,38.52,38.49,38.8,36.78,1182391
2021-08-16,38.0,37.89,39.07,37.2605,1141073
2021-08-17,37.47,37.01,37.74,35.79,1365108
2021-08-18,36.45,36.42,37.5,36.0801,927929
2021-08-19,36.39,35.45,36.58,34.72,1560008
2021-08-20,35.78,36.53,37.13,35.7069,1118694
2021-08-23,36.75,36.14,37.11,35.45,1011279
2021-08-24,36.02,37.65,38.15,35.66,1421346
2021-08-25,37.58,37.79,39.05,36.21,2050797
2021-08-26,37.52,37.38,38.06,36.82,1036705
2021-08-27,37.25,37.68,38.14,37.14,1399553
2021-08-30,37.69,38.21,38.54,37.68,1829755
2021-08-31,38.04,38.47,38.655,37.8325,1779538
2021-09-01,38.5,39.04,39.37,38.1,1736840
2021-09-02,39.0,39.3,39.75,38.865,2237664
2021-09-03,39.295,39.73,40.0,39.01,1928406
2021-09-07,39.8,35.86,39.83,35.84,2010999
2021-09-08,35.86,35.89,36.33,34.82,1282715
2021-09-09,35.6,37.47,37.67,35.55,1402173
2021-09-10,37.83,37.59,38.0,37.25,1396271
2021-09-13,37.67,37.44,37.79,36.03,1313363
2021-09-14,37.43,37.7,38.1,37.19,1594830
2021-09-15,37.98,38.01,38.15,37.65,2116332
2021-09-16,38.05,37.89,38.26,37.45,2921337
2021-09-17,38.07,37.34,38.2,37.25,12195691
2021-09-20,36.82,37.11,37.2,36.26,2573399
2021-09-21,36.74,37.43,38.01,36.52,2371196
2021-09-22,36.3,35.21,36.69,34.99,9227674
2021-09-23,35.35,35.28,35.62,34.04,2644240
2021-09-24,35.01,34.4,35.5,34.24,1960733
2021-09-27,34.8,33.57,34.93,33.55,2373049
2021-09-28,33.16,31.37,33.16,30.89,3392850
2021-09-29,31.87,30.92,31.91,30.61,1701485
2021-09-30,30.94,31.65,31.85,30.36,1526678
2021-10-01,32.25,31.95,32.92,30.68,1397613
2021-10-04,31.57,30.81,31.66,29.9,1645274
2021-10-05,30.56,31.2,31.37,30.5,839877
2021-10-06,30.6,31.03,31.35,30.5,737373
2021-10-07,31.47,31.99,32.15,31.04,1042576
2021-10-08,32.27,31.56,32.285,31.43,531836
2021-10-11,31.36,30.49,31.3623,30.47,988599
2021-10-12,30.68,31.09,31.39,30.49,524720
2021-10-13,31.18,31.77,32.07,31.1,1648176
2021-10-14,32.0,32.56,33.05,31.8,1024341
2021-10-15,32.76,33.03,33.36,32.61,964342
2021-10-18,32.78,32.97,33.3,32.42,795670
2021-10-19,33.02,33.15,33.31,32.68,836034
2021-10-20,33.56,33.15,33.59,32.7,560879
2021-10-21,33.0,33.36,33.8,33.0,824688
2021-10-22,33.0,33.63,33.8183,32.73,1151278
2021-10-25,33.76,33.9,34.05,33.16,1097303
2021-10-26,34.5,33.55,34.52,33.32,757686
2021-10-27,33.62,33.9,34.195,33.4,1022815
2021-10-28,34.0,35.19,35.42,33.84,1555026
2021-10-29,35.23,34.91,35.46,34.71,1010280
2021-11-01,34.91,37.0,37.75,34.7,3311568
2021-11-02,35.35,36.03,37.19,33.62,4573732
2021-11-03,34.51,32.19,35.03,31.965,2757889
2021-11-04,32.41,32.14,32.83,31.14,1699834
2021-11-05,32.62,33.42,33.5792,32.33,1491465
2021-11-08,33.77,33.67,34.355,33.04,1114260
2021-11-09,33.65,34.8,34.85,33.16,1255984
2021-11-10,34.38,34.41,34.77,33.77,1025553
2021-11-11,34.32,34.85,35.04,34.32,821156
2021-11-12,34.97,35.23,35.41,34.74,1443506
2021-11-15,35.3,35.74,35.93,34.26,1076668
2021-11-16,35.62,36.54,37.03,35.56,1947351
2021-11-17,36.36,35.54,36.36,35.1,1204684
2021-11-18,35.4,32.94,35.4,32.75,1135264
2021-11-19,32.9,32.53,33.9,32.43,977526
2021-11-22,32.89,30.83,33.01,30.53,1198655
2021-11-23,30.85,29.74,31.29,29.03,1793198
2021-11-24,29.67,29.82,30.21,28.805,1192880
2021-11-26,29.5,28.96,29.77,28.65,925579
2021-11-29,29.0,30.26,30.85,29.0,1318305
2021-11-30,30.2,29.99,30.9367,28.84,1846051
2021-12-01,30.25,28.59,30.99,28.388,1405953
2021-12-02,28.59,28.72,29.47,28.11,1276643
2021-12-03,28.51,26.36,28.7,25.76,1596995
2021-12-06,26.54,27.35,27.88,25.67,1613541
2021-12-07,28.0,28.13,29.06,27.95,1114378
2021-12-08,28.05,28.55,29.15,27.71,1061348
2021-12-09,28.05,26.4,28.54,26.14,1524571
2021-12-10,26.52,25.81,27.1,25.53,1774709
2021-12-13,25.74,25.71,26.425,24.91,1174566
2021-12-14,25.27,25.41,26.1,25.05,1522286
2021-12-15,25.42,25.45,25.75,24.35,1706130
2021-12-16,25.71,24.05,26.23,23.87,1562660
2021-12-17,23.76,24.21,24.7,23.06,4137888
2021-12-20,23.44,23.19,23.95,22.8048,1644582
2021-12-21,23.49,24.21,24.46,23.49,1395361
2021-12-22,24.25,24.14,24.71,23.91,1438778
2021-12-23,24.28,25.09,25.23,23.78,1346332
2021-12-27,24.97,25.14,25.18,24.75,634284
2021-12-28,25.09,24.85,25.21,24.61,769475
2021-12-29,24.46,24.17,24.71,23.96,812626
2021-12-30,23.94,24.5,25.07,23.84,712961
2021-12-31,24.32,24.44,24.93,24.18,742680
2022-01-03,24.6,25.54,25.62,24.535,1215781
2022-01-04,25.58,25.0,25.91,24.54,1277644
2022-01-05,25.08,24.01,25.39,23.85,1679065
2022-01-06,23.86,23.41,24.33,23.23,617814
2022-01-07,23.78,23.22,24.29,23.091,647949
2022-01-10,23.38,23.21,23.4,22.19,788240
2022-01-11,23.4,24.17,24.665,23.25,933190
2022-01-12,24.4,23.34,24.55,23.25,802878
2022-01-13,23.51,22.57,23.79,22.5,598774
2022-01-14,22.31,22.11,22.61,21.6884,2018999
2022-01-18,21.94,20.71,22.0,20.69,949745
2022-01-19,20.93,20.49,21.45,20.45,854718
2022-01-20,20.34,20.0,21.3,19.93,764728
2022-01-21,19.8,19.35,20.23,19.14,1315275
2022-01-24,18.55,19.85,19.89,17.83,1236033
2022-01-25,19.31,18.58,19.79,18.3,1059754
2022-01-26,19.12,18.42,19.785,18.25,826235
2022-01-27,18.5,17.95,18.82,17.88,623982
2022-01-28,17.81,18.8,18.81,17.32,1013824
2022-01-31,18.87,20.31,20.37,18.83,1355005
2022-02-01,20.61,20.82,20.98,20.09,1436210
2022-02-02,21.06,20.38,21.12,20.2,1480454
2022-02-03,19.81,19.97,20.58,19.65,955968
2022-02-04,19.6,20.53,20.72,19.51,758760
2022-02-07,20.43,20.63,21.14,20.17,673447
2022-02-08,20.47,21.34,21.47,20.34,918247
2022-02-09,21.78,22.21,22.315,21.42,696752
2022-02-10,21.2,21.03,22.23,20.83,2248906
2022-02-11,19.62,19.7,20.51,19.08,2809591
2022-02-14,19.67,20.49,21.32,19.67,1488698
2022-02-15,20.81,20.85,21.19,20.4,1136516
2022-02-16,20.74,21.16,21.24,20.12,1027994
2022-02-17,20.84,20.13,21.07,19.985,639451
2022-02-18,20.0,19.9,20.45,19.385,881991
2022-02-22,19.51,19.47,20.36,19.275,752737
2022-02-23,19.7,18.6,19.86,18.52,821096
2022-02-24,17.68,19.95,20.0,17.4,968047
2022-02-25,20.03,19.99,20.0648,19.32,726287
2022-02-28,19.81,20.33,20.5,19.54,1402451
2022-03-01,20.36,20.94,21.2325,20.18,1163323
2022-03-02,20.9,20.82,21.09,20.32,597967
2022-03-03,20.43,19.85,20.865,19.48,702554
2022-03-04,19.72,17.58,19.865,17.33,1910682
2022-03-07,17.76,16.75,17.865,16.32,1477751
2022-03-08,16.83,17.28,18.0349,16.48,1004183
2022-03-09,17.57,18.23,18.44,17.32,850532
2022-03-10,17.85,17.83,18.21,17.48,524784
2022-03-11,18.07,17.59,18.21,17.57,701786
2022-03-14,17.46,16.72,17.75,16.62,820828
2022-03-15,16.68,17.03,17.07,16.375,959098
2022-03-16,17.41,18.81,18.93,17.3635,1415896
2022-03-17,18.67,19.81,20.0,18.44,1215401
2022-03-18,20.0,20.06,20.32,19.5,995314
2022-03-21,19.84,19.5,20.04,18.91,866485
2022-03-22,19.55,20.52,20.68,19.55,693431
2022-03-23,20.17,20.57,20.94,19.961,680256
2022-03-24,20.75,21.27,21.34,20.685,623518
2022-03-25,21.18,21.12,21.26,20.6,988341
2022-03-28,20.99,21.73,21.75,20.99,999919
2022-03-29,21.89,22.17,22.49,21.29,1209647
2022-03-30,22.2,22.71,23.45,22.2,1143211
2022-03-31,22.65,23.04,23.23,22.55,876280
2022-04-01,23.1,23.26,23.47,22.81,723798
2022-04-04,23.48,23.62,24.01,23.26,873703
2022-04-05,23.64,22.92,23.74,22.82,928338
2022-04-06,22.42,22.18,22.77,21.31,855329
2022-04-07,22.13,21.84,22.72,21.35,642233
2022-04-08,21.49,21.2,21.9,20.95,897405
2022-04-11,20.9,21.17,21.33,20.49,835265
2022-04-12,21.68,22.06,22.65,21.58,904753
2022-04-13,22.03,22.92,23.03,21.74,688908
2022-04-14,22.91,22.3,23.17,22.1601,541485
2022-04-18,22.14,21.84,22.14,21.27,733334
2022-04-19,21.71,22.36,22.8,21.52,697633
2022-04-20,22.6,22.01,22.75,21.8,763502
2022-04-21,22.37,22.0,23.06,21.72,1335067
2022-04-22,21.86,21.05,22.26,20.82,1570925
2022-04-25,20.98,21.95,22.13,20.98,954920
2022-04-26,21.62,20.17,21.685,20.17,1937191
2022-04-27,20.0,20.34,20.78,19.85,1403920
2022-04-28,18.99,19.67,21.3766,18.81,1612063
2022-04-29,19.7,18.81,20.24,18.7,1208768
2022-05-02,18.72,19.16,19.2,18.475,1229869
2022-05-03,18.84,18.55,19.24,18.135,1200591
2022-05-04,18.65,18.67,18.79,17.51,980524
2022-05-05,18.24,17.82,18.49,17.36,893430
2022-05-06,17.72,17.0,17.72,16.49,963272
2022-05-09,16.33,15.27,16.33,15.22,1614033
2022-05-10,15.62,15.28,16.02,14.23,1920031
2022-05-11,15.06,14.12,15.54,14.07,1125552
2022-05-12,13.72,14.07,14.78,13.36,1544442
2022-05-13,14.49,15.39,15.63,14.49,1983509
2022-05-16,15.59,15.17,15.6923,14.9188,1206554
2022-05-17,15.47,15.45,16.0,14.84,802606
2022-05-18,15.02,14.79,15.33,14.5,772903
2022-05-19,14.78,15.51,15.795,14.73,900151
2022-05-20,15.83,15.57,15.9,14.96,722037
2022-05-23,15.66,15.73,15.88,15.25,982513
2022-05-24,15.49,15.23,15.49,14.55,897159
2022-05-25,15.13,15.82,15.98,15.11,920828
2022-05-26,15.82,16.44,16.72,15.8,816360
2022-05-27,16.7,16.88,17.01,16.64,956900
2022-05-31,16.91,16.91,17.19,16.56,1080276
2022-06-01,16.91,16.23,17.21,16.21,623401
2022-06-02,16.17,17.38,17.43,16.13,600217
2022-06-03,17.0,16.93,17.35,16.65,596457
2022-06-06,17.15,16.8,17.48,16.62,627055
2022-06-07,16.49,17.07,17.09,16.38,642433
2022-06-08,16.97,17.63,17.66,16.7,1094547
2022-06-09,17.34,16.56,17.45,16.44,754210
2022-06-10,16.06,15.66,16.68,15.43,2091539
2022-06-13,14.97,14.67,15.1,14.335,1273635
2022-06-14,14.9,14.75,14.9,14.29,832843
2022-06-15,15.09,15.66,15.96,15.09,759138
2022-06-16,15.16,15.1,15.3,14.66,1007258
2022-06-17,15.17,16.34,16.48,15.16,1296774
2022-06-21,16.5,15.93,17.06,15.91,1539810
2022-06-22,15.59,15.58,15.98,15.41,1751956
2022-06-23,15.72,16.04,16.475,15.62,1411486
2022-06-24,16.16,15.72,16.425,15.69,6955861
2022-06-27,15.59,15.24,15.94,15.19,1521712
2022-06-28,15.29,14.8,15.74,14.75,1053019
2022-06-29,14.82,14.79,14.89,14.32,879298
2022-06-30,14.62,14.18,14.62,13.83,664529
2022-07-01,14.21,14.58,14.66,14.03,617372
2022-07-05,14.3,15.25,15.25,14.07,628998
2022-07-06,15.25,15.61,15.76,15.25,749102
2022-07-07,15.79,15.89,15.9,15.52,998672
2022-07-08,15.62,15.98,16.13,15.31,711952
2022-07-11,15.73,15.44,15.92,15.25,482516
2022-07-12,15.52,15.46,15.65,14.99,538051
2022-07-13,15.16,15.2,15.555,14.77,387936
2022-07-14,15.05,15.26,15.42,14.53,654396
2022-07-15,15.64,15.73,15.775,15.32,1022244
2022-07-18,15.83,16.03,16.48,15.79,621567
2022-07-19,16.33,16.59,16.69,16.13,575710
2022-07-20,16.71,17.27,17.36,16.71,861458
2022-07-21,17.27,17.46,17.49,17.15,387687
2022-07-22,17.36,16.78,17.59,16.64,541393
2022-07-25,16.74,16.6,16.75,16.17,568300
2022-07-26,16.44,15.43,16.5704,15.415,612047
2022-07-27,15.68,16.26,16.53,15.67,775584
2022-07-28,10.71,13.55,13.82,10.71,7715668
2022-07-29,13.11,13.89,14.19,13.02,1622144
2022-08-01,13.68,14.07,14.93,13.52,1066969
2022-08-02,13.82,13.63,14.15,13.58,1161215
2022-08-03,13.71,13.65,13.96,13.47,1383465
2022-08-04,13.72,13.85,14.1,13.54,1077934
2022-08-05,13.44,13.37,13.54,13.01,975748
2022-08-08,13.56,13.5,13.83,13.25,997484
2022-08-09,13.23,13.0,13.36,12.809,1022552
2022-08-10,13.42,13.74,13.74,13.11,1319703
2022-08-11,13.99,13.65,14.3,13.5,683800
2022-08-12,13.82,13.99,14.11,13.65,968399
2022-08-15,13.94,13.95,14.1,13.665,964056
2022-08-16,13.86,13.43,13.88,13.17,943689
2022-08-17,13.16,12.88,13.25,12.64,836260
2022-08-18,12.75,12.82,13.02,12.485,1007515
2022-08-19,12.7,12.19,12.77,12.19,543015
2022-08-22,11.99,11.92,12.08,11.785,540460
2022-08-23,11.98,11.81,12.21,11.76,516565
2022-08-24,11.92,12.17,12.28,11.795,558924
2022-08-25,12.34,12.29,12.45,11.975,749636
2022-08-26,12.31,11.87,12.44,11.79,565517
2022-08-29,11.66,11.63,11.99,11.57,873534
2022-08-30,11.84,11.61,11.98,11.48,649685
2022-08-31,11.83,11.5,11.84,11.33,732088
2022-09-01,11.44,11.58,11.59,11.23,617861
2022-09-02,11.63,11.27,11.64,11.15,527636
2022-09-06,11.32,11.28,11.415,10.96,757599
2022-09-07,11.25,11.62,11.66,11.175,607750
2022-09-08,11.5,12.21,12.22,11.33,754990
2022-09-09,12.29,12.5,12.69,12.29,710335
2022-09-12,12.63,12.77,12.805,12.515,486614
2022-09-13,12.16,12.01,12.4,11.92,795522
2022-09-14,11.95,11.99,12.04,11.62,482088
2022-09-15,11.88,11.89,12.25,11.825,467009
2022-09-16,11.67,11.56,11.72,11.32,1524501
2022-09-19,11.32,11.06,11.45,10.925,699620
2022-09-20,10.94,10.77,11.02,10.71,491936
2022-09-21,10.84,10.57,11.02,10.53,539936
2022-09-22,10.46,10.1,10.54,10.05,492334
2022-09-23,10.01,10.25,10.32,9.81,679055
2022-09-26,10.26,10.33,10.7,10.24,478019
2022-09-27,10.54,10.61,10.75,10.31,706435
2022-09-28,10.65,11.25,11.28,10.62,721216
2022-09-29,11.0,10.97,11.1299,10.79,634277
2022-09-30,10.87,10.78,11.35,10.74,731370
2022-10-03,10.85,11.3,11.48,10.8,1036357
2022-10-04,11.58,11.9,11.9,11.47,1085472
2022-10-05,11.7,11.79,11.87,11.39,752690
2022-10-06,11.69,12.02,12.058,11.64,425739
2022-10-07,11.77,11.33,11.79,11.08,933546
2022-10-10,11.4,11.36,11.5,10.96,510332
2022-10-11,11.3,11.51,11.6,10.91,709257
2022-10-12,11.43,11.73,12.09,11.17,1391039
2022-10-13,11.25,11.73,12.05,11.08,738631
2022-10-14,11.9,11.5,12.0,11.49,894071
2022-10-17,11.92,12.48,12.62,11.92,658200
2022-10-18,12.8,11.96,12.9,11.9,1094223
2022-10-19,11.86,11.64,12.03,11.52,673619
2022-10-20,11.66,11.71,12.13,11.58,789934
2022-10-21,11.71,11.57,11.72,11.075,692684
2022-10-24,11.44,11.63,11.77,11.27,586161
2022-10-25,11.74,12.35,12.5,11.74,733013
2022-10-26,12.25,12.33,12.75,12.01,773106
2022-10-27,13.43,12.9,13.51,12.52,1723560
2022-10-28,12.84,13.23,13.28,12.84,1216937
2022-10-31,13.14,12.89,13.46,12.88,608293
2022-11-01,13.05,12.73,13.16,12.69,1704638
2022-11-02,12.81,12.53,13.08,12.42,830922
2022-11-03,12.37,12.63,12.96,12.27,661395
2022-11-04,12.89,12.7,12.9481,12.39,691393
2022-11-07,12.71,12.82,12.88,12.31,459596
2022-11-08,12.91,12.93,13.2,12.63,657136
2022-11-09,12.83,12.65,12.835,12.48,469239
2022-11-10,13.25,13.58,13.8599,13.11,1077665
2022-11-11,13.64,13.85,14.04,13.42,935850
2022-11-14,13.57,13.23,13.87,13.19,1009767
2022-11-15,13.55,14.01,14.14,13.55,908007
2022-11-16,13.82,14.16,14.19,13.64,779123
2022-11-17,13.88,13.88,14.27,13.53,745701
2022-11-18,14.24,14.04,14.3,13.9,580586
2022-11-21,13.93,13.79,14.069,13.65,568880
2022-11-22,13.57,13.24,13.66,13.065,654041
2022-11-23,13.3,13.57,13.64,13.12,445248
2022-11-25,13.55,13.76,13.82,13.49,284187
2022-11-28,13.75,13.43,13.87,13.41,427361
2022-11-29,13.45,13.25,13.63,13.23,374317
2022-11-30,13.37,13.94,13.95,13.22,494140
2022-12-01,13.92,13.77,14.29,13.72,504108
2022-12-02,13.43,13.9,13.965,13.34,358961
2022-12-05,13.76,13.23,13.89,13.05,519502
2022-12-06,13.17,12.49,13.3151,12.42,551914
2022-12-07,12.36,12.55,12.71,12.23,321781
2022-12-08,12.68,12.73,13.01,12.57,333483
2022-12-09,12.6,12.49,12.74,12.34,458716
2022-12-12,12.41,12.81,12.9,12.35,379655
2022-12-13,13.44,13.05,13.68,12.93,661730
2022-12-14,13.01,13.24,13.48,12.9,499577
2022-12-15,13.01,12.33,13.13,12.2124,848634
2022-12-16,12.2,12.7,12.77,12.18,794120
2022-12-19,12.61,12.13,12.69,12.04,443287
2022-12-20,12.06,12.44,12.54,12.03,498247
2022-12-21,12.5,12.48,12.76,12.415,403839
2022-12-22,12.36,12.23,12.41,11.895,314642
2022-12-23,12.14,12.05,12.32,12.01,314072
2022-12-27,11.96,11.39,12.03,11.25,466514
2022-12-28,11.34,11.22,11.53,11.15,387361
2022-12-29,11.38,11.76,11.8,11.29,526677
2022-12-30,11.52,11.83,11.87,11.51,678944
2023-01-03,12.09,12.35,12.5,12.04,677445
2023-01-04,12.6,12.6,12.89,12.51,512344
2023-01-05,12.49,12.59,12.685,12.16,467592
2023-01-06,12.74,12.58,12.82,12.49,407593
2023-01-09,12.67,13.04,13.16,12.635,561010
2023-01-10,12.84,12.96,13.06,12.7,840766
2023-01-11,13.02,13.1,13.16,12.89,595626
2023-01-12,13.18,13.07,13.2499,12.845,429231
2023-01-13,12.96,13.3,13.32,12.96,804568
2023-01-17,13.37,13.37,13.61,13.16,342948
2023-01-18,13.55,13.23,13.84,13.155,564575
2023-01-19,13.18,13.27,13.405,13.18,315199
2023-01-20,13.41,13.51,13.64,13.17,370363
2023-01-23,13.51,13.81,13.85,13.44,360655
2023-01-24,13.66,14.14,14.33,13.51,444620
2023-01-25,13.92,14.28,14.38,13.78,472778
2023-01-26,14.48,14.67,14.82,14.245,582191
2023-01-27,14.63,15.59,15.82,14.54,798419
2023-01-30,15.31,15.47,15.89,15.31,983125
2023-01-31,15.42,15.95,16.0,15.2663,781221
2023-02-01,15.99,16.24,16.455,15.79,888447
2023-02-02,16.54,16.28,16.73,15.9,1149105
2023-02-03,15.93,16.17,16.525,15.66,800323
2023-02-06,15.92,15.93,16.14,15.8001,510976
2023-02-07,15.77,15.85,15.885,15.42,762697
2023-02-08,15.75,15.73,16.0,15.675,649509
2023-02-09,15.98,14.75,16.015,14.65,1063339
2023-02-10,14.0,13.41,14.47,12.18,2039387
2023-02-13,13.44,14.82,14.83,13.28,1352727
2023-02-14,14.51,14.98,15.54,14.12,1458220
2023-02-15,14.9,15.65,15.87,14.64,997527
2023-02-16,14.805,13.2,14.9,12.96,2506857
2023-02-17,13.21,13.11,13.21,12.54,1372636
2023-02-21,12.84,12.97,13.13,12.7,817576
2023-02-22,12.96,12.7,13.17,12.57,894875
2023-02-23,12.87,12.72,12.87,12.37,876819
2023-02-24,12.5,12.14,12.55,11.96,733006
2023-02-27,11.11,11.31,11.61,10.89,1411597
2023-02-28,11.37,11.27,11.55,11.26,1210241
2023-03-01,11.26,11.03,11.33,10.875,1170056
2023-03-02,10.88,11.05,11.26,10.75,1006943
2023-03-03,11.2,11.61,11.69,11.045,953868
2023-03-06,11.75,11.89,11.97,11.63,1162864
2023-03-07,11.88,12.32,12.445,11.87,1504485
2023-03-08,12.21,11.97,12.21,11.675,1268731
2023-03-09,11.93,11.73,11.945,11.37,1652464
2023-03-10,11.69,11.33,11.8,11.17,1469455
2023-03-13,11.18,11.52,11.69,11.0,1311802
2023-03-14,11.84,11.87,12.11,11.64,1111409
2023-03-15,11.59,11.88,11.93,11.47,1071591
2023-03-16,11.77,11.82,11.9,11.335,1244883
2023-03-17,11.58,11.2,11.665,10.97,1576948
2023-03-20,11.21,10.93,11.21,10.83,1019185
2023-03-21,11.07,11.13,11.19,10.785,975378
2023-03-22,11.12,10.7,11.175,10.69,603169
2023-03-23,10.78,10.6,11.01,10.485,817751
2023-03-24,10.51,10.87,10.935,10.46,693102
2023-03-27,11.01,10.86,11.0818,10.72,463966
2023-03-28,10.75,10.83,11.04,10.7,657710
2023-03-29,11.0,10.91,11.05,10.85,647462
2023-03-30,11.0,10.78,11.07,10.69,543020
2023-03-31,10.98,11.52,11.58,10.94,1238029
2023-04-03,11.4,11.72,11.78,11.38,779837
2023-04-04,11.77,11.62,11.77,11.37,793869
2023-04-05,11.48,11.26,11.49,11.13,491073
2023-04-06,11.24,11.15,11.34,11.065,455246
2023-04-10,11.06,11.11,11.22,10.87,828931
2023-04-11,11.22,11.42,11.505,11.185,712937
2023-04-12,11.51,11.03,11.65,10.98,587756
2023-04-13,11.15,11.25,11.375,11.05,477508
2023-04-14,11.29,11.17,11.4,10.985,470445
2023-04-17,11.18,10.87,11.19,10.79,926985
2023-04-18,10.85,10.51,10.85,10.4,845872
2023-04-19,10.4,10.35,10.48,10.305,642619
2023-04-20,10.21,10.39,10.59,10.1,570209
2023-04-21,10.38,10.49,10.67,10.38,829599
2023-04-24,10.45,10.41,10.605,10.34,676472
2023-04-25,10.29,9.94,10.29,9.91,854726
2023-04-26,10.02,10.21,10.23,10.02,922944
2023-04-27,10.35,10.48,10.63,10.275,910328
2023-04-28,11.42,12.44,12.53,11.39,3148386
2023-05-01,12.19,11.82,12.38,11.51,1766069
2023-05-02,11.44,11.29,11.58,10.92,2436148
2023-05-03,11.31,11.15,11.69,11.06,1781045
2023-05-04,11.06,11.1,11.28,10.88,1220734
2023-05-05,11.21,10.96,11.215,10.93,1365707
2023-05-08,11.03,11.31,11.465,11.02,1478938
2023-05-09,11.2,11.42,11.72,11.13,1669789
2023-05-10,11.57,11.8,11.9,11.57,1328601
2023-05-11,11.35,11.18,11.41,10.96,1539054
2023-05-12,11.13,11.59,11.61,11.13,1728114
2023-05-15,11.6,12.07,12.14,11.54,1473626
2023-05-16,11.94,11.53,11.975,11.46,1884116
2023-05-17,11.52,11.61,11.73,11.2,1930580
2023-05-18,11.66,12.25,12.28,11.625,1555805
2023-05-19,12.38,12.0,12.53,11.95,1215335
2023-05-22,12.03,12.36,12.515,11.89,1182463
2023-05-23,12.28,12.5,12.7,12.19,1593038
2023-05-24,12.32,12.54,12.59,12.32,976237
2023-05-25,12.67,12.43,12.88,12.415,1148971
2023-05-26,12.52,12.44,12.68,12.395,926459
2023-05-30,12.58,12.5,12.84,12.35,1163554
2023-05-31,12.36,12.66,12.675,12.36,2184329
2023-06-01,12.63,12.85,12.96,12.5,917947
2023-06-02,12.9,13.18,13.19,12.895,1030444
2023-06-05,13.09,13.18,13.42,13.05,766787
2023-06-06,13.33,13.48,13.64,13.2,835280
2023-06-07,13.6,12.9,13.76,12.875,1262003
2023-06-08,12.81,12.94,13.01,12.535,1035288
2023-06-09,12.97,12.97,13.18,12.94,663612
2023-06-12,13.03,13.05,13.19,12.94,682626
2023-06-13,13.22,13.2,13.45,13.1025,946540
2023-06-14,13.21,13.12,13.41,12.89,840631
2023-06-15,13.0,13.33,13.36,12.88,729617
2023-06-16,13.57,13.06,13.57,13.04,1211673
2023-06-20,12.88,13.17,13.19,12.73,1155659
2023-06-21,13.01,13.1,13.275,12.8,800352
2023-06-22,12.98,12.96,13.07,12.81,929348
2023-06-23,12.79,12.66,12.94,12.58,3423043
2023-06-26,12.56,12.83,12.89,12.5308,1135542
2023-06-27,12.94,12.65,12.97,12.65,674857
2023-06-28,12.57,13.06,13.115,12.52,911239
2023-06-29,13.06,12.89,13.27,12.85,682283
2023-06-30,12.99,13.02,13.11,12.905,707678
2023-07-03,13.02,13.03,13.11,12.97,274862
2023-07-05,12.95,12.87,13.085,12.725,738815
2023-07-06,12.65,12.22,12.6907,12.145,1043554
2023-07-07,12.24,12.91,13.02,12.23,825800
2023-07-10,12.84,13.1,13.25,12.835,1107123
2023-07-11,13.16,13.23,13.41,13.08,668266
2023-07-12,13.49,13.67,13.73,13.175,736491
2023-07-13,13.76,13.59,13.805,13.53,823965
2023-07-14,13.58,13.33,13.61,13.21,612201
2023-07-17,13.42,13.93,14.03,13.24,833990
2023-07-18,13.9,13.93,14.03,13.78,609825
2023-07-19,14.01,13.75,14.11,13.49,740894
2023-07-20,13.69,13.39,13.79,13.34,587780
2023-07-21,13.58,13.27,13.6648,13.23,581913
2023-07-24,13.23,13.15,13.37,13.03,863658
2023-07-25,13.135,13.05,13.18,12.96,668596
2023-07-26,13.0,13.31,13.355,12.95,843464
2023-07-27,13.43,13.01,13.47,12.93,878243
2023-07-28,15.135,15.31,15.31,13.82,4101972
2023-07-31,15.45,15.69,16.33,15.45,2355966
2023-08-01,14.8,15.76,15.78,14.66,2002145
2023-08-02,15.66,15.88,15.91,15.19,1771915
2023-08-03,15.8,15.96,16.09,15.71,3811634
2023-08-04,16.01,15.87,16.41,15.855,1053479
2023-08-07,15.9,15.87,16.035,15.69,963872
2023-08-08,15.68,15.8,15.875,15.62,917942
2023-08-09,15.3,15.13,15.49,14.76,1865416
2023-08-10,15.27,15.44,15.5,15.15,1301744
2023-08-11,15.21,15.73,15.755,15.21,1004209
2023-08-14,15.57,15.81,15.82,15.43,862120
2023-08-15,15.74,15.61,15.74,15.425,1269841
2023-08-16,15.33,15.53,15.5496,15.01,1699654
2023-08-17,15.52,15.53,15.675,15.33,1333933
2023-08-18,15.35,15.81,15.85,15.304,1203346
2023-08-21,15.85,16.2,16.38,15.81,1039349
2023-08-22,16.27,16.4,16.44,16.11,1247864
2023-08-23,16.4,16.75,16.8,16.25,1343079
2023-08-24,16.86,16.48,16.93,16.36,1479120
2023-08-25,16.48,16.89,17.005,16.455,1399500
2023-08-28,17.0,16.61,17.07,16.485,1485191
2023-08-29,16.65,17.0,17.01,16.54,1408205
2023-08-30,16.9,17.17,17.28,16.83,1445851
2023-08-31,17.28,17.39,17.55,17.265,1342945
2023-09-01,17.58,17.42,17.77,17.36,1051579
2023-09-05,17.4,17.91,17.91,17.32,1452184
2023-09-06,17.88,18.23,18.27,17.7,1813365
2023-09-07,18.01,18.39,18.53,17.88,1359727
2023-09-08,18.42,18.11,18.655,18.05,920739
2023-09-11,18.33,18.23,18.36,17.96,915468
2023-09-12,18.17,18.39,18.54,18.12,1283966
2023-09-13,18.26,18.24,18.37,18.0,945727
2023-09-14,18.3,18.16,18.43,18.045,1039749
2023-09-15,18.24,18.22,18.24,17.85,4054597
2023-09-18,18.17,18.71,19.0,18.06,1834198
2023-09-19,18.59,18.15,18.67,18.1,1208583
2023-09-20,18.25,18.24,18.54,18.16,801740
2023-09-21,18.0,17.57,18.0,17.57,923044
2023-09-22,17.83,18.11,18.185,17.7,843062
2023-09-25,17.92,18.4,18.435,17.9,1015056
2023-09-26,18.35,18.06,18.58,18.01,942052
2023-09-27,18.18,18.33,18.4223,18.09,753233
2023-09-28,18.25,18.47,18.58,18.1,933479
2023-09-29,18.69,18.69,19.05,18.52,1146012
2023-10-02,18.61,18.39,18.84,18.26,884086
2023-10-03,18.26,18.12,18.49,17.965,1297195
2023-10-04,18.12,18.16,18.28,17.91,1164767
2023-10-05,18.04,18.03,18.19,17.5214,1923270
2023-10-06,17.87,18.21,18.26,17.66,1417096
2023-10-09,17.92,18.77,18.86,17.82,1223240
2023-10-10,18.82,18.77,18.985,18.67,1022237
2023-10-11,18.92,19.0,19.3558,18.82,988685
2023-10-12,19.36,18.81,19.555,18.53,1289340
2023-10-13,18.81,18.19,18.8817,18.16,958059
2023-10-16,18.15,18.3,18.61,17.9,1173982
2023-10-17,18.29,18.62,19.0,18.1,1377912
2023-10-18,18.43,18.25,18.63,18.085,1177040
2023-10-19,18.17,18.02,18.44,17.94,1318934
2023-10-20,18.05,17.84,18.1,17.67,1091637
2023-10-23,17.55,17.89,18.24,17.28,1173866
2023-10-24,17.63,17.87,18.36,17.49,1013238
2023-10-25,17.71,17.3,17.745,17.185,1342948
2023-10-26,17.28,17.18,17.405,16.76,2330100
2023-10-27,19.15,17.2,19.15,16.58,3411765
2023-10-30,17.39,17.71,18.01,17.225,2043977
2023-10-31,17.71,17.34,17.92,17.32,1464008
2023-11-01,17.38,17.83,17.973,17.33,1813606
2023-11-02,18.09,18.01,18.55,17.79,1262417
2023-11-03,18.4,18.05,18.78,17.98,3390230
2023-11-06,18.17,17.69,18.2589,17.48,1628889
2023-11-07,17.85,18.76,18.8,17.85,2289150
2023-11-08,18.59,18.69,18.875,18.245,1945544
2023-11-09,18.92,18.46,19.06,18.405,1014220
2023-11-10,18.45,18.66,18.68,18.14,906763
2023-11-13,18.54,18.85,18.86,18.34,1067587
2023-11-14,19.25,19.86,19.86,19.22,1777051
2023-11-15,19.62,19.61,20.05,19.47,2005560
2023-11-16,19.45,19.5,19.655,19.02,1708738
2023-11-17,19.54,19.18,19.56,19.075,2237179
2023-11-20,19.09,19.38,19.55,19.0533,968317
2023-11-21,19.23,19.14,19.48,18.96,895067
2023-11-22,19.34,19.7,19.87,19.34,1095481
2023-11-24,19.63,19.61,19.75,19.479,402054
2023-11-27,19.67,19.8,19.978,19.5401,1184896
2023-11-28,19.81,19.85,20.025,19.59,1174421
2023-11-29,20.0,19.93,20.25,19.84,1441697
2023-11-30,19.96,19.75,20.1,19.59,1488555
2023-12-01,19.81,20.21,20.27,19.68,1292272
2023-12-04,20.2,20.46,20.5,20.01,1222289
2023-12-05,20.5,20.93,20.95,20.37,1052838
2023-12-06,21.0,20.77,21.22,20.665,951861
2023-12-07,20.79,20.73,20.79,20.34,1250444
2023-12-08,20.55,20.72,20.91,20.55,1091516
2023-12-11,20.68,21.04,21.1,20.58,1277205
2023-12-12,21.05,20.65,21.06,20.64,1082512
2023-12-13,20.73,20.95,20.98,20.3912,1350330
2023-12-14,21.18,20.76,21.26,20.21,1528892
2023-12-15,20.77,19.76,20.77,19.725,2476968
2023-12-18,19.67,20.14,20.345,19.38,1418545
2023-12-19,20.2,20.22,20.31,19.99,1394767
2023-12-20,20.09,19.7,20.285,19.68,1285509
2023-12-21,19.97,19.97,19.98,19.485,1052869
2023-12-22,20.11,19.87,20.2,19.78,884349
2023-12-26,19.87,20.0,20.09,19.76,1071090
2023-12-27,20.07,19.76,20.18,19.72,892183
2023-12-28,19.72,19.58,19.78,19.27,1175032
2023-12-29,19.59,19.37,19.7,19.365,1080505
2024-01-02,19.22,19.29,19.32,18.93,1199924
2024-01-03,19.14,19.2,19.5,19.0,1216495
2024-01-04,19.34,18.91,19.34,18.88,1004660
2024-01-05,18.82,18.8,19.115,18.7,861452
2024-01-08,18.87,19.25,19.3,18.87,935299
2024-01-09,19.07,19.1,19.39,19.0,1265018
2024-01-10,19.2,19.37,19.39,18.79,1283339
2024-01-11,19.44,19.38,19.5642,19.03,1105526
2024-01-12,19.51,19.6,19.67,19.34,917800
2024-01-16,19.4,19.61,19.895,19.35,1005428
2024-01-17,19.495,19.45,19.51,18.98,1088421
2024-01-18,19.55,19.58,19.74,19.06,1230511
2024-01-19,18.12,17.56,18.135,16.948,3759261
2024-01-22,17.39,17.95,18.4,17.39,1812538
2024-01-23,17.79,18.49,18.56,17.79,1393531
2024-01-24,18.84,18.41,18.88,18.36,1502831
2024-01-25,18.65,18.96,19.09,18.575,1554616
2024-01-26,19.11,19.86,19.91,19.08,1727903
2024-01-29,19.96,20.66,20.73,19.87,2387635
2024-01-30,20.54,19.87,20.72,19.85,1347807
2024-01-31,19.77,19.14,19.92,19.13,1540613
2024-02-01,19.18,19.14,19.62,18.94,3953502
2024-02-02,20.5,18.21,20.5604,17.96,6545086
2024-02-05,18.14,17.62,18.16,17.24,2886807
2024-02-06,17.64,17.75,18.25,17.5,1970155
2024-02-07,17.66,17.48,17.73,17.28,1165280
2024-02-08,17.58,17.62,18.05,17.5,1963671
2024-02-09,17.66,17.87,18.215,17.54,1799225
2024-02-12,17.98,17.6,17.98,17.53,1732921
2024-02-13,17.0,17.02,17.4,16.865,1740390
2024-02-14,17.29,17.03,17.315,16.825,1470902
2024-02-15,17.1,17.04,17.135,16.545,1998345
2024-02-16,16.95,16.86,17.17,16.79,1893164
2024-02-20,16.72,16.52,16.84,16.36,1538828
2024-02-21,16.32,16.22,16.51,16.03,1540623
2024-02-22,16.39,16.39,16.44,16.23,1478874
2024-02-23,16.42,16.48,16.74,16.4,1042995
2024-02-26,16.44,16.19,16.445,16.14,1218462
2024-02-27,16.25,16.36,16.42,16.14,1309735
2024-02-28,16.2,15.77,16.2,15.695,1386985
2024-02-29,15.935,16.07,16.12,15.81,1727497
2024-03-01,16.12,15.93,16.1811,15.74,918396
2024-03-04,15.97,15.39,15.97,15.27,1191879
2024-03-05,15.25,15.0,15.27,14.92,1773490
2024-03-06,15.19,15.0,15.19,14.83,1434259
2024-03-07,15.09,15.04,15.28,14.95,1317601
2024-03-08,15.12,15.17,15.4,15.04,1216908
2024-03-11,15.17,14.93,15.335,14.89,896990
2024-03-12,14.89,14.62,14.92,14.61,809425
2024-03-13,14.63,14.74,14.98,14.61,1180294
2024-03-14,14.77,14.46,14.85,14.3,1344060
2024-03-15,14.44,14.18,14.58,13.985,2027023
2024-03-18,14.41,14.36,14.53,14.15,1701236
2024-03-19,14.29,14.22,14.41,14.065,1417774
2024-03-20,14.25,14.53,14.64,14.1717,898374
2024-03-21,14.59,14.4,14.629,14.37,1234558
2024-03-22,14.39,13.95,14.42,13.93,949690
2024-03-25,13.97,13.93,14.09,13.89,1254873
2024-03-26,14.01,13.9,14.04,13.81,1758251
2024-03-27,13.99,14.07,14.315,13.915,1431311
2024-03-28,14.08,14.02,14.29,13.98,1524465
2024-04-01,14.04,13.9,14.14,13.89,1338315
2024-04-02,13.71,13.74,13.96,13.5603,1607350
2024-04-03,13.62,13.55,13.86,13.51,2064055
2024-04-04,13.72,13.65,14.04,13.64,1774406
2024-04-05,13.58,13.84,14.01,13.55,1805777
2024-04-08,13.86,13.56,13.895,13.555,1161356
2024-04-09,13.61,13.55,13.735,13.475,871227
2024-04-10,13.23,13.2,13.39,13.12,1900769
2024-04-11,13.26,13.11,13.29,13.0,2042472
2024-04-12,13.0,13.1,13.245,12.91,2672486
2024-04-15,13.03,12.4,13.11,12.33,2241938
2024-04-16,12.3,11.98,12.4,11.96,2537844
2024-04-17,12.1,11.83,12.21,11.82,2097705
2024-04-18,11.87,11.9,12.15,11.76,2257413
2024-04-19,11.8,11.95,12.33,11.75,2525240
2024-04-22,12.02,12.23,12.36,11.97,2065843
2024-04-23,12.22,12.12,12.37,12.08,1548327
2024-04-24,12.13,11.92,12.22,11.8709,2040739
2024-04-25,11.78,11.75,11.885,11.63,1681754
2024-04-26,11.81,11.97,12.04,11.71,2101988
2024-04-29,12.16,11.89,12.2,11.65,4395717
2024-04-30,9.98,10.22,10.81,9.85,8186413
2024-05-01,10.29,9.77,10.32,9.68,4697402
2024-05-02,9.82,9.53,9.82,9.46,3484737
2024-05-03,9.74,9.61,10.02,9.6,2764774
2024-05-06,9.68,9.58,9.82,9.56,2437327
2024-05-07,9.56,9.68,9.825,9.52,2191944
2024-05-08,9.58,9.3,9.665,9.225,2107916
2024-05-09,9.32,9.14,9.35,9.05,2134015
2024-05-10,9.14,8.83,9.15,8.8,1586087
2024-05-13,8.87,8.69,8.91,8.65,1800735
2024-05-14,8.8,8.83,8.905,8.75,2379597
2024-05-15,8.92,8.96,8.99,8.8,1895081
2024-05-16,8.97,8.71,9.05,8.67,2609445
2024-05-17,8.74,8.49,8.745,8.45,2115926
2024-05-20,8.51,8.62,8.66,8.35,2924221
2024-05-21,8.56,8.24,8.6,8.2,2006880
2024-05-22,8.25,7.99,8.26,7.97,1922540
2024-05-23,8.05,7.85,8.055,7.79,2064656
2024-05-24,7.85,7.69,7.92,7.66,1963455
2024-05-28,7.71,7.85,7.915,7.63,3594130
2024-05-29,7.73,7.68,7.784,7.61,2164966
2024-05-30,7.66,7.61,7.81,7.55,2907190
2024-05-31,7.67,7.6,7.68,7.49,2530910
2024-06-03,7.58,7.4,7.73,7.32,2555304
2024-06-04,7.36,7.25,7.36,7.17,2417960
2024-06-05,7.32,7.2,7.36,7.175,5990214
2024-06-06,7.19,7.55,7.69,7.15,5639661
2024-06-07,7.45,7.14,7.5099,7.11,4104240
2024-06-10,7.12,7.21,7.26,7.07,2328914
2024-06-11,7.15,7.13,7.305,7.07,2673614
2024-06-12,7.29,6.96,7.37,6.95,2515024
2024-06-13,6.93,6.7,6.96,6.665,2999484
2024-06-14,6.68,6.65,6.735,6.57,3289707
2024-06-17,6.65,6.61,6.735,6.52,2229332
2024-06-18,6.6,6.44,6.62,6.36,2944844
2024-06-20,6.38,6.74,6.79,6.35,3396042
2024-06-21,6.73,6.6,6.85,6.485,3355099
2024-06-24,6.65,6.65,6.825,6.6,1975872
2024-06-25,6.61,6.48,6.61,6.46,2806000
2024-06-26,6.44,6.5,6.55,6.42,1759187
2024-06-27,6.5,6.88,6.92,6.465,2469805
2024-06-28,7.09,7.16,7.28,7.0,4763221
2024-07-01,7.12,7.07,7.21,6.9505,1891647
2024-07-02,7.1,7.15,7.245,7.065,1955309
2024-07-03,7.15,7.05,7.22,6.99,1053974
2024-07-05,7.05,7.19,7.269,7.0225,1848936
2024-07-08,7.16,7.2,7.25,7.03,1486558
2024-07-09,7.14,7.11,7.1753,6.99,2222362
2024-07-10,7.16,7.01,7.16,6.915,1696725
2024-07-11,7.18,7.28,7.46,7.18,2992075
2024-07-12,7.35,7.11,7.42,7.05,2870887
2024-07-15,7.17,7.24,7.26,7.04,2169736
2024-07-16,7.31,7.54,7.585,7.31,2236717
2024-07-17,7.49,7.6,7.665,7.46,2201488
2024-07-18,7.53,7.12,7.61,7.07,2190855
2024-07-19,7.08,7.18,7.2,6.99,2632244
2024-07-22,7.24,7.27,7.32,7.16,2215964
2024-07-23,7.24,7.5,7.57,7.24,3219024
2024-07-24,7.42,7.22,7.5,7.16,3018689
2024-07-25,7.26,7.41,7.61,7.18,4163463
2024-07-26,10.33,10.72,11.74,9.995,24935554
2024-07-29,10.61,9.34,10.61,9.145,8876429
2024-07-30,9.26,9.54,9.83,9.26,4717707
2024-07-31,9.4,9.3,9.73,9.13,3485510
2024-08-01,9.3,8.76,9.31,8.585,3060651
2024-08-02,8.41,8.69,8.87,8.36,2205249
2024-08-05,8.16,8.15,8.47,8.07,2962710
2024-08-06,8.23,7.91,8.28,7.83,2234373
2024-08-07,8.06,7.95,8.525,7.95,2267603
2024-08-08,7.98,7.9,8.09,7.81,1489158
2024-08-09,7.93,7.91,7.995,7.765,1834613
2024-08-12,7.94,7.96,8.04,7.81,1806181
2024-08-13,8.05,8.03,8.18,7.97,1748231
2024-08-14,8.04,7.77,8.17,7.76,1584229
2024-08-15,8.05,8.38,8.44,7.98,2500518
2024-08-16,8.31,8.25,8.5,8.22,1718805
2024-08-19,8.31,8.3,8.43,8.17,1830019
2024-08-20,8.3,8.15,8.38,8.015,1151368
2024-08-21,8.25,8.37,8.51,8.21,1279199
2024-08-22,8.36,8.01,8.3988,8.01,1094105
2024-08-23,8.11,8.36,8.36,8.08,1234132
2024-08-26,8.43,8.35,8.47,8.29,1343766
2024-08-27,8.36,8.15,8.55,8.14,1143539
2024-08-28,8.05,8.01,8.13,7.84,1163629
2024-08-29,8.15,8.08,8.18,7.98,1234720
2024-08-30,8.11,8.1,8.14,7.955,1439525
2024-09-03,8.02,7.87,8.09,7.86,1261093
2024-09-04,7.83,7.86,8.06,7.775,1252519
2024-09-05,7.89,7.73,7.96,7.53,1562794
2024-09-06,7.77,7.3,7.83,7.27,1522895
2024-09-09,7.35,7.56,7.8,7.31,1961409
2024-09-10,7.56,7.53,7.625,7.465,1215897
2024-09-11,7.47,7.71,7.74,7.42,1749709
2024-09-12,7.8,7.77,7.9,7.64,938168
2024-09-13,7.85,7.91,8.1598,7.8128,1333567
2024-09-16,7.94,7.81,8.02,7.76,1038910
2024-09-17,7.9,7.98,8.135,7.89,1068244
2024-09-18,8.01,7.65,8.115,7.63,1505412
2024-09-19,8.3,8.4,8.51,8.14,2241109
2024-09-20,8.45,8.12,8.5295,8.09,2620098
2024-09-23,8.13,7.84,8.13,7.74,1770371
2024-09-24,7.97,7.88,8.03,7.86,1117721
2024-09-25,7.87,7.8,7.995,7.79,1331796
2024-09-26,7.94,7.97,8.03,7.87,1050991
2024-09-27,8.08,8.22,8.32,8.03,1468833
2024-09-30,8.2,7.94,8.53,7.85,1704361
2024-10-01,7.93,7.6,8.06,7.6,1331178
2024-10-02,7.6,7.66,7.7,7.44,1832344
2024-10-03,7.55,7.62,7.7,7.48,1058245
2024-10-04,7.8,7.72,7.8,7.59,1138665
2024-10-07,7.76,7.47,7.765,7.365,1558185
2024-10-08,7.47,7.57,7.6,7.325,1354836
2024-10-09,7.51,7.4,7.585,7.365,1066718
2024-10-10,7.34,7.45,7.46,7.1797,1417342
2024-10-11,7.38,7.56,7.74,7.38,1465291
2024-10-14,7.55,7.57,7.6325,7.39,1219219
2024-10-15,7.51,7.6,7.705,7.5,2605693
2024-10-16,7.67,7.44,7.67,7.375,1284344
2024-10-17,7.45,7.64,7.65,7.42,1492533
2024-10-18,7.8,7.67,7.8,7.43,2950230
2024-10-21,7.69,7.61,7.91,7.55,2690370
2024-10-22,7.61,7.62,7.7,7.41,2193743
2024-10-23,7.59,7.49,7.6,7.37,2706669
2024-10-24,7.66,7.62,7.8,7.37,6353563
2024-10-25,6.44,6.88,7.19,6.29,9195282
2024-10-28,6.97,7.24,7.26,6.825,2792513
2024-10-29,7.25,7.1,7.33,7.03,2878263
2024-10-30,7.09,7.05,7.14,6.955,1816731
2024-10-31,7.05,6.95,7.23,6.93,2208098
2024-11-01,7.07,6.95,7.105,6.81,3415908
2024-11-04,6.88,6.98,7.215,6.84,2088480
2024-11-05,6.93,7.19,7.21,6.75,2104019
2024-11-06,7.35,7.31,7.55,7.24,2189356
2024-11-07,7.31,7.36,7.41,7.16,2663739
2024-11-08,7.26,7.44,7.55,7.24,2326898
2024-11-11,7.53,7.46,7.64,7.44,3941332
2024-11-12,7.37,7.33,7.55,7.245,2503714
2024-11-13,7.36,7.33,7.5,7.27,3165918
2024-11-14,7.38,7.08,7.39,7.08,1823098
2024-11-15,7.16,6.93,7.18,6.895,1823477
2024-11-18,6.97,6.87,7.0153,6.77,1689525
2024-11-19,6.8,6.84,6.95,6.77,1462178
2024-11-20,6.76,6.96,6.98,6.755,961870
2024-11-21,7.0,6.98,7.03,6.87,2314652
2024-11-22,7.03,7.11,7.375,7.03,6789720
2024-11-25,7.24,7.9,7.92,7.17,12947811
2024-11-26,7.88,7.77,7.99,7.5,3442599
2024-11-27,7.86,8.2,8.4,7.805,2645049
2024-11-29,8.23,7.95,8.2903,7.8796,1542119
2024-12-02,7.95,8.28,8.375,7.9,2939179
2024-12-03,8.25,8.3,8.325,8.11,1844644
2024-12-04,8.34,8.38,8.717,8.33,2278143
2024-12-05,8.32,8.37,8.44,8.0,1384339
2024-12-06,8.46,8.25,8.55,8.165,1400734
2024-12-09,8.33,8.56,8.72,8.17,4305016
2024-12-10,8.5,8.5,8.74,8.27,3983542
2024-12-11,8.59,8.45,8.645,8.22,1900872
2024-12-12,8.46,8.26,8.51,8.16,1723473
2024-12-13,8.22,8.26,8.28,7.795,3169085
2024-12-16,8.2,8.72,8.72,8.13,2362007
2024-12-17,8.69,8.85,8.915,8.58,2659202
2024-12-18,8.94,8.49,9.035,8.455,4291468
2024-12-19,8.61,8.4,8.65,8.3008,1255702
2024-12-20,8.27,8.31,8.495,8.17,2095929
2024-12-23,8.26,8.41,8.51,8.07,2121109
2024-12-24,8.42,8.38,8.42,8.26,757961
2024-12-26,8.31,8.49,8.52,8.22,1158397
2024-12-27,8.5,8.39,8.6499,8.25,1767412
2024-12-30,8.2,8.32,8.39,8.08,2347686
2024-12-31,8.42,8.5,8.66,8.2801,1299817
2025-01-02,8.63,8.48,8.725,8.42,1081032
2025-01-03,8.5,8.53,8.56,8.27,794506
2025-01-06,8.65,8.71,8.88,8.54,1633958
2025-01-07,8.81,8.59,8.83,8.44,1216938
2025-01-08,8.47,8.56,8.61,8.37,801140
2025-01-10,8.34,8.32,8.3794,8.08,1010196
2025-01-13,8.22,8.31,8.315,8.09,979846
2025-01-14,8.4,8.47,8.5,8.245,916722
2025-01-15,8.65,8.7,8.74,8.55,965666
2025-01-16,8.67,8.63,8.78,8.505,1115462
2025-01-17,8.76,8.51,8.78,8.49,985016
2025-01-21,8.51,8.45,8.545,8.169,1480705
2025-01-22,8.44,8.28,8.48,8.18,2086831
2025-01-23,8.18,8.56,8.57,8.11,1585911
2025-01-24,8.56,8.65,8.76,8.47,1401816
2025-01-27,8.7,9.69,9.7,8.625,3724408
2025-01-28,9.72,9.56,9.735,9.38,2431941
2025-01-29,9.57,9.58,9.77,9.43,2084401
2025-01-30,9.03,8.46,9.3,8.3,4492446
2025-01-31,8.43,7.71,8.455,7.69,3461324
2025-02-03,7.48,7.81,7.97,7.3439,4885147
2025-02-04,7.76,7.94,7.94,7.605,2897791
2025-02-05,7.91,7.68,7.94,7.62,1690881
2025-02-06,7.73,7.7,7.85,7.625,1812058
2025-02-07,7.73,8.04,8.0799,7.64,2749536
2025-02-10,8.14,8.04,8.37,7.98,2406741
2025-02-11,7.94,7.95,8.06,7.865,1061446
2025-02-12,7.85,7.99,8.02,7.78,1015154
2025-02-13,8.05,8.01,8.115,7.96,984770
2025-02-14,8.18,8.85,9.02,8.18,2406872
2025-02-18,8.81,8.43,8.82,8.265,1969412
2025-02-19,8.35,8.25,8.4,8.21,1223979
2025-02-20,8.24,8.23,8.32,8.1,1071711
2025-02-21,8.34,8.03,8.43,8.03,1020103
2025-02-24,8.04,8.08,8.17,7.36,1900181
2025-02-25,8.07,8.12,8.17,7.87,1792223
2025-02-26,8.18,8.1,8.33,8.07,1386622
2025-02-27,8.09,7.98,8.11,7.895,2099082
2025-02-28,7.92,7.92,7.97,7.665,1740107
2025-03-03,7.94,7.67,8.015,7.63,1437733
2025-03-04,7.55,7.73,7.775,7.435,1335863
2025-03-05,7.71,7.7,7.78,7.64,1283085
2025-03-06,7.75,7.43,7.82,7.425,1119022
2025-03-07,7.43,7.14,7.49,7.09,3061870
2025-03-10,7.11,7.0,7.12,6.86,2152716
2025-03-11,6.98,7.03,7.15,6.89,2843980
2025-03-12,7.07,7.0,7.145,6.89,1588901
2025-03-13,6.96,6.78,6.98,6.65,1627717
2025-03-14,6.9,6.97,7.0,6.73,1201099
2025-03-17,6.95,7.02,7.17,6.95,1823085
2025-03-18,7.05,7.12,7.21,6.95,1540371
2025-03-19,7.15,7.21,7.31,7.1,1430419
2025-03-20,7.14,7.12,7.285,7.11,854872
2025-03-21,7.04,7.13,7.16,7.02,2306277
2025-03-24,7.22,7.41,7.46,7.17,1494655
2025-03-25,7.4,7.29,7.43,7.25,1695965
2025-03-26,7.32,7.27,7.36,7.21,919256
2025-03-27,6.96,6.93,7.04,6.83,1131342
2025-03-28,6.95,6.8,6.99,6.72,1371795
2025-03-31,6.69,6.66,6.75,6.6101,1312421
2025-04-01,6.68,6.76,6.785,6.62,1286436
2025-04-02,6.66,6.75,6.82,6.63,1702467
2025-04-03,6.59,6.34,6.615,6.3,2765570
2025-04-04,6.15,6.26,6.265,5.97,2326892
2025-04-07,6.02,6.2,6.42,5.76,2517205
2025-04-08,6.32,6.17,6.535,6.01,2616280
2025-04-09,6.12,6.97,7.03,6.12,3271734
2025-04-10,6.74,6.61,6.86,6.41,2030937
2025-04-11,6.62,6.79,6.81,6.525,1305817
