2019-10-01,17.35,17.75,20.0,17.3,673970
2019-10-02,17.19,15.35,18.5,13.56,2336221
2019-10-03,15.5,15.7,16.6,15.01,951852
2019-10-04,15.9,13.85,15.94,13.39,2023036
2019-10-07,14.25,13.95,14.4,12.89,1977464
2019-10-08,13.93,14.03,14.8198,13.36,1642161
2019-10-09,14.05,15.31,15.33,13.81,1021898
2019-10-10,15.51,16.02,16.2,15.51,716281
2019-10-11,16.07,16.26,16.73,15.73,433532
2019-10-14,16.19,16.78,16.87,16.01,787576
2019-10-15,16.71,15.95,16.84,15.7715,405711
2019-10-16,15.99,15.74,16.205,15.065,258902
2019-10-17,15.88,15.11,16.34,14.84,524764
2019-10-18,15.05,15.05,15.72,15.0,355917
2019-10-21,15.49,15.78,16.48,15.23,977407
2019-10-22,15.84,15.98,16.7,15.75,570672
2019-10-23,16.05,15.72,16.135,15.55,570778
2019-10-24,15.97,15.39,15.97,14.99,452110
2019-10-25,15.38,15.54,15.81,15.32,439230
2019-10-28,15.6,15.45,15.75,15.27,303101
2019-10-29,15.31,15.58,15.6673,15.12,470945
2019-10-30,15.46,15.77,16.0483,15.31,340829
2019-10-31,15.63,15.5,15.8816,15.45,342918
2019-11-01,15.64,15.8,16.01,15.5,467177
2019-11-04,15.99,15.94,16.035,15.7376,323317
2019-11-05,15.95,15.9,16.005,15.75,357171
2019-11-06,15.89,15.83,15.99,15.75,282737
2019-11-07,15.85,16.2,16.58,15.85,923710
2019-11-08,16.33,16.1,16.4043,15.975,434408
2019-11-11,16.01,15.91,16.2,15.76,321296
2019-11-12,15.92,15.55,16.1,15.5,373125
2019-11-13,15.54,15.16,15.6301,15.11,491602
2019-11-14,15.11,15.27,15.44,14.41,472868
2019-11-15,15.25,15.52,15.56,14.85,231913
2019-11-18,15.54,14.9,15.69,14.65,426347
2019-11-19,14.89,14.86,15.165,14.7,437636
2019-11-20,14.74,14.88,15.22,14.69,365727
2019-11-21,14.88,14.8,15.14,14.72,376798
2019-11-22,14.81,15.04,15.28,14.7,350173
2019-11-25,15.05,15.19,15.45,14.85,205810
2019-11-26,15.15,14.59,15.2572,14.53,416128
2019-11-27,14.64,15.03,15.225,14.56,287984
2019-11-29,14.97,15.56,15.69,14.97,178014
2019-12-02,15.69,15.58,15.84,15.39,299076
2019-12-03,15.36,15.74,15.92,15.28,321881
2019-12-04,16.03,15.09,16.03,15.05,198790
2019-12-05,15.24,15.23,15.77,14.93,202246
2019-12-06,15.43,15.21,15.43,15.01,281294
2019-12-09,15.15,15.4,15.5,14.92,243749
2019-12-10,15.49,15.68,16.27,15.27,589391
2019-12-11,15.65,15.6,15.765,15.21,387416
2019-12-12,15.6,15.98,16.2099,15.43,616253
2019-12-13,16.0,16.52,16.64,15.7,767107
2019-12-16,16.5,17.86,18.0,16.4977,1688696
2019-12-17,18.07,18.91,18.95,17.2664,1275799
2019-12-18,19.49,20.63,20.66,19.02,1078348
2019-12-19,21.0,20.73,21.37,19.55,787804
2019-12-20,20.83,21.63,22.19,20.83,974427
2019-12-23,21.78,21.58,22.21,21.28,568774
2019-12-24,21.56,21.44,21.78,21.16,143242
2019-12-26,21.75,21.26,21.95,20.96,314869
2019-12-27,21.69,20.965,22.0,20.85,462443
2019-12-30,21.0,21.93,22.14,21.0,819345
2019-12-31,21.99,22.63,23.0099,21.92,581815
2020-01-02,22.47,22.7,23.0,22.35,860178
2020-01-03,22.56,22.9,23.42,22.4625,754164
2020-01-06,23.25,21.98,23.46,21.9,987558
2020-01-07,20.81,20.63,21.15,19.3,1338733
2020-01-08,20.6,20.32,21.8698,20.03,629074
2020-01-09,20.49,20.56,21.16,20.09,465347
2020-01-10,20.63,19.99,20.8653,19.81,451229
2020-01-13,20.01,20.37,20.92,19.9223,337460
2020-01-14,20.33,21.7,21.89,20.33,662140
2020-01-15,21.7,21.52,22.04,21.3128,371352
2020-01-16,21.68,21.61,22.0,21.31,414092
2020-01-17,21.92,21.57,21.92,21.36,431375
2020-01-21,21.57,21.7,21.89,21.43,316079
2020-01-22,21.71,22.84,23.04,21.71,472944
2020-01-23,22.59,22.75,22.84,22.39,394540
2020-01-24,22.75,22.58,23.0,22.42,381587
2020-01-27,22.19,22.05,22.32,21.56,289002
2020-01-28,22.19,23.44,23.6,22.005,932688
2020-01-29,23.6,23.72,24.18,23.29,802059
2020-01-30,23.6,22.08,24.08,21.85,796068
2020-01-31,22.15,21.35,22.41,21.2001,445547
2020-02-03,21.53,21.09,22.18,20.9305,535707
2020-02-04,21.44,20.88,21.52,20.62,629801
2020-02-05,20.82,20.58,21.09,20.24,682307
2020-02-06,20.6,21.66,21.75,20.375,410765
2020-02-07,21.55,22.34,22.79,21.345,545076
2020-02-10,22.34,23.13,23.13,21.71,659514
2020-02-11,23.8,22.16,23.85,21.81,938020
2020-02-12,22.49,23.7,23.73,22.05,640214
2020-02-13,23.6,24.44,25.24,23.47,827634
2020-02-14,24.45,24.49,24.74,24.18,418916
2020-02-18,24.33,24.3,24.87,22.96,715620
2020-02-19,24.45,24.35,24.5,23.6493,637741
2020-02-20,24.36,25.51,25.52,24.18,641813
2020-02-21,25.5,26.53,26.81,24.42,670608
2020-02-24,25.39,26.65,26.74,24.645,769442
2020-02-25,26.76,26.46,27.28,26.07,623633
2020-02-26,26.32,23.995,26.77,23.94,1066030
2020-02-27,23.26,23.18,24.3463,21.6,812054
2020-02-28,22.48,21.71,22.915,21.49,593731
2020-03-02,21.91,22.86,22.87,20.9,428278
2020-03-03,22.86,23.26,24.1483,22.59,306069
2020-03-04,23.82,24.89,25.01,23.7,461559
2020-03-05,24.51,22.14,24.965,21.97,617385
2020-03-06,21.68,20.51,22.03,20.5,628393
2020-03-09,18.98,18.22,19.74,17.5,794341
2020-03-10,18.96,19.16,19.84,18.61,699974
2020-03-11,19.17,18.61,19.255,17.84,597650
2020-03-12,17.5,16.51,17.5413,15.78,959449
2020-03-13,17.58,17.62,18.0287,15.2001,617458
2020-03-16,15.52,17.01,17.61,15.0,518109
2020-03-17,17.05,15.77,17.39,15.44,582131
2020-03-18,15.07,13.45,16.24,11.39,725663
2020-03-19,13.42,14.54,15.19,12.51,555108
2020-03-20,14.69,15.6,16.0,14.05,605896
2020-03-23,15.36,14.21,15.6,13.87,474321
2020-03-24,15.5,17.12,17.29,14.76,314033
2020-03-25,17.05,16.38,18.28,15.38,448120
2020-03-26,16.68,18.53,18.54,16.035,357704
2020-03-27,17.92,17.51,18.2,16.88,345136
2020-03-30,17.51,18.27,18.66,16.82,559486
2020-03-31,18.31,15.4,19.1,15.4,1645664
2020-04-01,14.49,18.58,19.2145,14.31,2106548
2020-04-02,18.71,18.05,19.73,16.91,1312057
2020-04-03,18.0,15.99,18.19,15.395,3172953
2020-04-06,16.55,18.33,18.79,16.3201,677399
2020-04-07,18.52,18.04,19.41,17.36,623156
2020-04-08,18.17,18.78,19.07,17.59,671423
2020-04-09,19.37,18.99,19.84,18.53,971369
2020-04-13,19.0,19.63,19.91,18.46,664500
2020-04-14,19.92,21.11,22.08,19.6635,977359
2020-04-15,20.08,20.32,20.6999,19.54,642147
2020-04-16,20.21,19.24,20.4,19.03,850055
2020-04-17,19.68,20.38,20.6,19.39,813881
2020-04-20,19.75,20.3,21.3,19.74,413782
2020-04-21,19.78,19.05,20.1398,18.23,375522
2020-04-22,19.46,18.3,19.53,17.93,262976
2020-04-23,18.39,18.1,19.31,18.03,343916
2020-04-24,18.2,19.29,19.41,17.81,223684
2020-04-27,19.62,21.11,21.24,19.11,226322
2020-04-28,21.45,20.48,21.46,19.76,312545
2020-04-29,20.93,22.7,23.16,20.76,539215
2020-04-30,21.75,21.16,22.13,20.57,385461
2020-05-01,20.58,20.67,20.77,19.765,631708
2020-05-04,20.49,20.88,21.08,20.01,305953
2020-05-05,21.31,20.06,21.64,19.81,333098
2020-05-06,20.78,19.47,20.92,19.47,364395
2020-05-07,21.4,21.83,22.72,20.51,744114
2020-05-08,21.8,22.15,22.37,21.1,761512
2020-05-11,22.29,23.85,24.3255,21.78,790202
2020-05-12,24.49,24.74,25.86,23.6,594223
2020-05-13,24.56,23.58,24.63,22.29,423770
2020-05-14,23.13,24.76,25.36,22.78,485601
2020-05-15,24.44,25.7,26.5,24.44,640350
2020-05-18,26.6,26.62,27.75,25.76,640138
2020-05-19,26.8,26.79,28.58,26.75,1178476
2020-05-20,27.51,30.28,31.74,26.89,1293611
2020-05-21,30.55,32.06,33.08,30.36,828970
2020-05-22,32.33,33.2,34.48,32.06,990196
2020-05-26,33.54,32.5,33.99,31.07,1009060
2020-05-27,32.71,33.06,33.19,32.0077,911316
2020-05-28,31.0,27.715,31.35,27.64,2912157
2020-05-29,27.31,29.91,30.56,27.15,3050525
2020-06-01,30.41,35.01,35.46,30.35,1514109
2020-06-02,34.74,36.02,36.65,34.52,1532645
2020-06-03,37.49,38.01,39.0,37.11,1646145
2020-06-04,39.29,39.25,40.08,37.91,2057009
2020-06-05,40.0,35.69,40.06,34.64,1484958
2020-06-08,38.94,41.42,41.69,38.0,1863427
2020-06-09,40.99,42.46,43.95,39.25,1450443
2020-06-10,43.77,41.05,44.07,39.28,1219207
2020-06-11,39.09,38.73,39.84,36.83,1147509
2020-06-12,40.32,36.86,40.97,36.15,1067587
2020-06-15,36.06,40.775,42.27,35.3,1256590
2020-06-16,42.82,40.57,42.9,38.5801,950502
2020-06-17,41.01,41.58,42.19,40.1556,679561
2020-06-18,41.56,43.33,44.1089,41.2,1483696
2020-06-19,44.31,44.4,44.98,42.63,1551243
2020-06-22,44.36,42.16,45.35,41.9501,1359406
2020-06-23,43.36,41.84,43.68,41.64,1683981
2020-06-24,42.53,42.59,43.33,40.34,1001356
2020-06-25,42.58,42.19,43.34,41.83,1264201
2020-06-26,41.75,38.59,42.03,38.16,4878634
2020-06-29,38.61,38.67,40.25,37.69,1355109
2020-06-30,38.64,40.84,41.61,38.47,1430125
2020-07-01,41.78,41.76,42.91,41.07,999483
2020-07-02,41.68,41.68,42.79,41.11,1020155
2020-07-06,42.63,42.56,43.87,41.38,4083269
2020-07-07,42.39,41.03,42.39,39.43,1088322
2020-07-08,41.1,40.66,42.0792,40.27,926483
2020-07-09,40.69,40.46,41.75,39.91,918658
2020-07-10,39.89,38.82,40.135,37.7,934095
2020-07-13,39.48,34.73,39.9,34.68,1385218
2020-07-14,34.73,36.21,36.4699,34.232,726234
2020-07-15,36.6,37.38,37.67,35.9,692148
2020-07-16,37.1,36.27,37.2795,35.42,421501
2020-07-17,36.31,37.63,38.33,36.3,597382
2020-07-20,38.07,39.96,40.12,38.0,702301
2020-07-21,40.37,40.34,41.3,39.92,743577
2020-07-22,39.89,40.24,40.685,39.35,368389
2020-07-23,39.84,39.7,42.77,39.2,782564
2020-07-24,39.08,37.84,39.2177,36.33,686876
2020-07-27,38.04,39.62,39.85,37.89,489057
2020-07-28,39.6,39.62,40.56,39.0,399389
2020-07-29,40.13,39.82,40.485,38.46,469861
2020-07-30,39.02,40.18,40.45,37.93,557427
2020-07-31,40.62,39.66,41.5,38.06,960777
2020-08-03,40.0,41.48,41.79,39.88,977433
2020-08-04,45.07,50.52,52.585,44.51,3257359
2020-08-05,54.0,54.42,55.69,52.71,1924113
2020-08-06,54.72,52.7,54.72,50.21,977941
2020-08-07,52.39,50.33,53.68,49.3,712998
2020-08-10,50.67,49.87,51.5613,48.75,472151
2020-08-11,49.15,48.69,50.645,47.31,824161
2020-08-12,49.22,53.17,54.04,49.22,693831
2020-08-13,53.31,52.8,55.19,52.5,807784
2020-08-14,52.55,52.96,53.7174,51.78,256743
2020-08-17,52.91,56.7,57.3,52.481,869488
2020-08-18,57.32,56.06,58.475,55.17,916558
2020-08-19,56.0,54.19,57.4,53.64,507009
2020-08-20,56.79,55.33,56.8,54.19,488329
2020-08-21,55.34,55.39,55.7436,54.08,499311
2020-08-24,56.13,53.5,56.13,52.3048,490762
2020-08-25,53.18,53.68,53.9773,52.02,392745
2020-08-26,53.5,52.21,53.99,51.4101,332214
2020-08-27,52.0,51.57,52.47,50.315,420320
2020-08-28,52.246,54.07,54.08,52.246,454527
2020-08-31,54.44,53.2,54.46,51.97,394973
2020-09-01,52.88,55.7,56.68,52.87,1062812
2020-09-02,56.21,53.65,57.0,52.6,651787
2020-09-03,52.5,51.61,52.83,48.6227,1101430
2020-09-04,50.87,49.83,52.4,45.86,734020
2020-09-08,47.99,50.25,51.75,47.08,546642
2020-09-09,51.44,52.12,52.44,50.1,1025923
2020-09-10,52.63,53.17,54.69,52.32,380639
2020-09-11,53.91,51.52,54.0,50.7,413688
2020-09-14,52.43,54.05,54.39,51.8,371759
2020-09-15,54.25,57.91,58.9959,54.25,683451
2020-09-16,58.24,61.6,62.44,56.81,1383984
2020-09-17,59.5,56.99,59.8,53.52,1409372
2020-09-18,58.1,54.68,58.18,53.81,1058456
2020-09-21,53.31,54.38,54.8,51.72,650683
2020-09-22,54.66,50.95,54.66,50.54,1075024
2020-09-23,51.14,48.82,52.4299,48.71,775965
2020-09-24,48.11,47.05,49.44,46.26,856478
2020-09-25,47.38,48.05,49.29,47.1687,760823
2020-09-28,49.39,51.6,52.8,49.35,687142
2020-09-29,51.35,51.52,52.18,50.09,534614
2020-09-30,51.31,48.87,51.91,48.845,670654
2020-10-01,49.5,49.74,50.45,49.2,613561
2020-10-02,48.0,48.45,50.48,47.71,533656
2020-10-05,49.25,50.0,51.23,49.07,561668
2020-10-06,50.25,49.31,50.84,48.5101,511621
2020-10-07,50.0,52.84,53.7,50.0,722476
2020-10-08,53.2,52.1,54.0,51.0101,536395
2020-10-09,52.85,53.76,54.47,52.45,383028
2020-10-12,54.45,56.27,56.51,54.44,542894
2020-10-13,56.18,55.69,56.71,54.61,495592
2020-10-14,56.32,55.35,57.42,54.83,403416
2020-10-15,52.33,53.28,53.9,51.2226,534007
2020-10-16,54.7,56.75,57.95,54.7,657698
2020-10-19,57.23,57.57,58.9699,57.11,481748
2020-10-20,57.72,57.82,58.7637,57.46,369388
2020-10-21,58.25,58.91,60.2,57.9175,455321
2020-10-22,59.28,62.1,62.78,58.85,649283
2020-10-23,63.9,65.2,66.39,63.16,1219306
2020-10-26,64.99,65.16,66.6357,63.42,566791
2020-10-27,65.96,63.35,66.3899,62.68,368350
2020-10-28,60.34,57.94,61.3584,57.0,738080
2020-10-29,58.91,59.49,62.58,57.6861,612601
2020-10-30,59.04,54.58,59.93,54.01,644338
2020-11-02,55.7,55.99,57.7,54.54,409895
2020-11-03,57.08,59.0,59.4532,55.5699,364682
2020-11-04,60.33,61.32,62.19,58.17,380180
2020-11-05,62.47,62.8,64.03,62.47,285827
2020-11-06,62.02,63.82,64.48,60.8297,335511
2020-11-09,66.29,62.96,67.735,62.92,349968
2020-11-10,62.67,63.09,64.2282,59.36,886760
2020-11-11,63.99,64.82,64.96,61.675,363900
2020-11-12,65.08,64.0,65.77,63.47,323721
2020-11-13,64.67,65.97,65.97,63.21,482174
2020-11-16,74.79,72.53,79.84,70.8,1397756
2020-11-17,72.07,69.91,72.5,67.5,1110864
2020-11-18,71.8,70.65,75.62,70.06,1259276
2020-11-19,71.35,77.52,77.96,71.0,1330862
2020-11-20,78.69,84.07,84.4,78.0,1664806
2020-11-23,85.9281,83.07,86.08,80.21,764979
2020-11-24,84.0,86.72,88.2765,82.95,632719
2020-11-25,86.28,86.61,87.39,82.76,461181
2020-11-27,85.88,90.6,92.27,85.51,430828
2020-11-30,94.61,90.75,94.61,87.285,800401
2020-12-01,94.106,91.74,94.92,88.0,1208288
2020-12-02,89.35,82.5,90.0,81.73,1002035
2020-12-03,83.75,86.05,87.084,83.3,613590
2020-12-04,86.17,90.53,91.13,85.43,789164
2020-12-07,92.0317,85.23,93.49,85.0,963529
2020-12-08,86.57,87.81,90.0,85.485,472084
2020-12-09,88.1,87.78,89.68,85.4901,405783
2020-12-10,84.9,89.5,90.25,83.2,398807
2020-12-11,88.86,90.22,90.64,87.05,399817
2020-12-14,92.37,88.46,93.75,87.77,603659
2020-12-15,89.5,91.02,92.13,88.81,531210
2020-12-16,91.2,93.97,95.695,91.2,927068
2020-12-17,95.75,102.5,103.08,94.58,1122514
2020-12-18,101.2769,101.02,102.5,99.1027,946553
2020-12-21,102.3341,102.23,102.39,95.0,874356
2020-12-22,105.4579,109.08,109.11,103.41,734252
2020-12-23,113.1,108.15,113.495,107.75,799380
2020-12-24,109.6,105.06,110.1615,104.85,298752
2020-12-28,108.03,103.66,108.03,101.11,435505
2020-12-29,103.8,100.53,104.98,96.64,500161
2020-12-30,100.85,102.39,105.1104,100.19,347167
2020-12-31,102.11,100.48,104.07,100.19,413466
2021-01-04,101.46,101.78,102.6,96.7826,686095
2021-01-05,100.8,104.91,106.51,100.4,405190
2021-01-06,104.01,104.09,105.1398,101.0501,586623
2021-01-07,107.19,112.48,113.89,105.91,575180
2021-01-08,111.0,102.74,114.23,101.3901,1016689
2021-01-11,99.02,98.64,101.2715,95.23,1065309
2021-01-12,101.52,104.8,106.75,100.28,692506
2021-01-13,107.4705,101.53,107.4705,101.12,590748
2021-01-14,104.32,113.98,115.14,104.23,1135607
2021-01-15,114.46,120.25,120.8604,113.81,1056375
2021-01-19,124.4043,119.05,126.1199,114.47,782811
2021-01-20,121.23,118.73,124.7039,117.06,506768
2021-01-21,120.0,121.35,121.53,115.76,576904
2021-01-22,118.23,124.71,125.14,118.0,416570
2021-01-25,126.36,119.17,129.09,116.2201,677267
2021-01-26,119.4,119.0,120.72,116.52,661108
2021-01-27,114.72,113.98,120.0,111.5,832494
2021-01-28,114.86,117.79,121.12,114.0,730537
2021-01-29,117.09,111.91,120.45,111.63,709858
2021-02-01,114.36,115.85,117.71,113.38,368773
2021-02-02,118.23,117.94,118.73,113.0,459021
2021-02-03,118.18,116.16,120.0,115.14,748666
2021-02-04,117.27,118.69,119.23,114.88,713173
2021-02-05,118.91,125.67,125.72,118.23,791123
2021-02-08,126.44,120.76,131.8,111.65,1904701
2021-02-09,120.0,120.88,125.31,119.59,782074
2021-02-10,122.49,127.12,130.97,121.21,924267
2021-02-11,129.47,129.16,130.4,123.4501,633428
2021-02-12,129.16,133.43,133.92,124.87,632542
2021-02-16,136.27,124.95,139.0,121.52,1113434
2021-02-17,122.35,124.76,127.27,120.58,547067
2021-02-18,120.5,122.97,124.75,118.8,437545
2021-02-19,129.4213,127.82,130.15,124.5,449232
2021-02-22,125.69,117.86,126.78,117.1,776205
2021-02-23,109.63,114.35,115.53,99.01,1130253
2021-02-24,115.53,111.12,115.53,107.64,578235
2021-02-25,110.48,105.44,111.725,103.51,628988
2021-02-26,106.05,111.22,113.98,104.46,602029
2021-03-01,115.42,117.72,120.95,114.725,623314
2021-03-02,118.17,112.26,119.21,111.11,550713
2021-03-03,112.2,103.06,112.4685,102.08,555388
2021-03-04,101.48,93.55,104.98,90.23,1340326
2021-03-05,95.24,90.74,95.44,83.03,1308179
2021-03-08,90.09,85.29,92.83,84.4701,625309
2021-03-09,89.6178,95.33,98.05,89.05,844001
2021-03-10,100.0,101.67,104.645,98.02,687925
2021-03-11,109.15,112.61,113.66,104.5,856471
2021-03-12,107.06,112.34,112.8,106.92,447051
2021-03-15,111.23,112.245,115.01,110.81,495987
2021-03-16,113.0,109.35,113.81,106.0001,414297
2021-03-17,105.15,109.32,110.89,102.86,378790
2021-03-18,106.29,101.09,107.24,100.37,359994
2021-03-19,99.92,102.59,105.58,98.73,730191
2021-03-22,103.25,105.43,106.8,100.355,321942
2021-03-23,104.4,99.8,106.26,98.79,322470
2021-03-24,100.55,91.24,101.6,90.83,492710
2021-03-25,87.75,92.58,93.03,85.61,478303
2021-03-26,93.13,89.025,94.99,83.76,749271
2021-03-29,87.615,84.14,88.0,81.33,770721
2021-03-30,83.6,85.45,86.46,80.8,540033
2021-03-31,87.03,89.58,91.07,86.28,659607
2021-04-01,92.46,93.34,96.8884,91.415,449542
2021-04-05,97.55,94.66,97.55,91.86,549101
2021-04-06,93.75,96.94,99.71,93.71,368473
2021-04-07,99.29,94.33,99.29,93.55,367237
2021-04-08,94.59,94.17,95.2,92.24,335773
2021-04-09,93.0,92.7,93.44,90.8001,382554
2021-04-12,95.06,96.51,99.14,92.12,752587
2021-04-13,95.91,94.26,98.19,92.73,277530
2021-04-14,94.87,95.93,98.6171,93.91,265281
2021-04-15,97.16,98.36,98.5,94.3801,257047
2021-04-16,98.96,99.49,101.875,97.64,503376
2021-04-19,97.51,91.17,100.22,89.15,461342
2021-04-20,90.3396,89.8,91.9592,88.255,378997
2021-04-21,89.06,91.24,91.86,86.2,433794
2021-04-22,91.77,93.06,97.305,89.05,461231
2021-04-23,93.06,90.98,93.32,89.77,504523
2021-04-26,92.14,99.1,99.76,92.14,538309
2021-04-27,99.25,98.64,99.97,96.8198,323830
2021-04-28,97.46,98.04,98.75,95.36,273570
2021-04-29,98.25,97.01,98.5,94.505,329574
2021-04-30,96.0,96.41,97.74,94.65,389494
2021-05-03,96.71,96.12,97.07,94.125,365144
2021-05-04,94.46,92.68,96.49,89.2,513669
2021-05-05,93.53,93.25,95.12,92.12,391093
2021-05-06,92.27,88.77,93.84,87.03,488943
2021-05-07,89.22,89.42,92.91,89.03,355500
2021-05-10,88.878,88.72,90.73,84.26,567897
2021-05-11,81.22,85.58,87.0,80.75,452443
2021-05-12,83.68,81.63,85.2,81.26,553362
2021-05-13,82.15,82.26,85.0,79.53,392815
2021-05-14,82.97,84.7,86.13,81.84,305117
2021-05-17,83.14,83.33,84.77,80.91,249868
2021-05-18,86.19,84.62,86.6,84.19,426280
2021-05-19,81.6,82.88,84.67,79.7,405098
2021-05-20,83.68,85.1,85.98,83.0,285206
2021-05-21,86.56,85.23,87.17,83.73,218061
2021-05-24,85.73,89.41,89.82,85.23,429021
2021-05-25,90.0,90.11,92.53,88.85,424462
2021-05-26,90.57,91.89,92.08,89.9006,325204
2021-05-27,91.85,95.29,96.735,91.4,545154
2021-05-28,95.65,95.13,96.07,93.2,252155
2021-06-01,96.12,96.25,98.32,95.0,265564
2021-06-02,96.66,100.34,100.86,95.25,554557
2021-06-03,98.87,101.58,102.44,96.0,444154
2021-06-04,103.45,108.36,109.49,102.2,871807
2021-06-07,108.07,113.46,115.21,108.0,707943
2021-06-08,114.7,119.79,120.0,114.65,686924
2021-06-09,119.79,115.34,120.0,115.04,434069
2021-06-10,114.56,116.13,117.02,114.0,264752
2021-06-11,116.5,116.88,117.02,115.3501,270063
2021-06-14,118.0,115.19,118.5,114.65,261844
2021-06-15,114.7,113.84,114.86,111.51,402474
2021-06-16,113.44,114.07,115.0,111.687,363777
2021-06-17,113.42,112.92,115.37,112.44,300530
2021-06-18,111.61,109.14,113.25,108.35,484544
2021-06-21,108.88,111.12,111.67,107.06,292854
2021-06-22,110.42,110.28,112.31,109.4,464520
2021-06-23,111.21,109.48,111.51,108.91,434308
2021-06-24,111.38,114.01,117.54,110.01,506844
2021-06-25,114.72,111.94,114.72,110.99,1950708
2021-06-28,113.42,111.88,114.83,110.64,242574
2021-06-29,111.69,109.09,111.69,106.72,348934
2021-06-30,108.49,106.71,108.83,105.61,896965
2021-07-01,105.9,108.57,110.14,104.71,387959
2021-07-02,122.06,123.74,127.8,119.16,3623354
2021-07-06,124.5,124.32,126.4,122.06,6789340
2021-07-07,122.5,116.72,123.43,116.13,1198666
2021-07-08,112.48,114.41,116.49,111.47,507022
2021-07-09,116.55,114.41,116.55,112.59,431144
2021-07-12,114.41,114.67,114.82,112.64,354976
2021-07-13,114.85,113.07,115.9799,112.99,279545
2021-07-14,114.07,109.83,114.07,109.24,351006
2021-07-15,109.08,108.33,110.6399,106.765,288873
2021-07-16,109.28,108.22,109.82,107.0,393047
2021-07-19,105.34,108.22,110.6,104.01,289021
2021-07-20,109.28,107.59,109.9899,106.91,381408
2021-07-21,107.79,109.0,109.62,107.145,327118
2021-07-22,109.67,106.87,110.0,106.01,233177
2021-07-23,107.23,107.61,108.38,105.06,221489
2021-07-26,107.99,107.96,109.5,106.54,218509
2021-07-27,107.48,105.44,107.48,101.5002,371376
2021-07-28,105.84,107.14,108.76,105.43,270930
2021-07-29,107.73,107.77,109.4214,106.93,187146
2021-07-30,105.93,107.51,108.83,105.83,206132
2021-08-02,108.68,106.75,108.7,106.46,243339
2021-08-03,106.75,106.72,106.76,102.61,268188
2021-08-04,105.78,106.21,107.5,104.8,185916
2021-08-05,106.34,112.58,113.92,105.7,451960
2021-08-06,112.58,105.46,112.9924,103.0,820766
2021-08-09,107.98,114.55,119.01,107.58,781824
2021-08-10,115.93,119.09,125.73,115.93,890743
2021-08-11,118.88,119.94,120.8324,116.59,387059
2021-08-12,120.0,119.36,121.8,117.88,292273
2021-08-13,118.88,116.0,118.88,115.4,167829
2021-08-16,115.0,113.46,116.38,112.5517,195582
2021-08-17,111.83,112.03,113.6,109.22,280489
2021-08-18,111.64,111.56,114.71,111.08,918508
2021-08-19,109.71,108.72,111.13,106.74,473804
2021-08-20,108.26,108.81,110.0,105.97,386743
2021-08-23,109.53,112.85,113.38,109.196,221004
2021-08-24,113.65,115.26,115.505,112.76,193251
2021-08-25,115.16,109.73,115.81,109.72,313936
2021-08-26,109.45,105.56,110.6099,105.25,431173
2021-08-27,106.5,113.05,113.87,105.57,356394
2021-08-30,112.88,112.01,113.525,111.54,222347
2021-08-31,111.6,108.44,111.94,107.71,547206
2021-09-01,109.585,113.0,113.0,108.14,393063
2021-09-02,113.61,112.71,114.44,111.66,234236
2021-09-03,112.36,111.53,113.88,110.85,160933
2021-09-07,111.53,108.94,112.51,108.295,257317
2021-09-08,108.0,103.98,108.44,103.82,328806
2021-09-09,106.4943,105.43,106.5824,103.275,210163
2021-09-10,105.2,100.08,106.56,99.8,312290
2021-09-13,100.6,105.37,105.43,97.6594,528971
2021-09-14,105.94,103.28,105.965,101.43,336392
2021-09-15,103.97,108.64,109.835,102.91,408040
2021-09-16,108.2,105.145,108.2,103.94,196773
2021-09-17,105.76,105.73,106.94,103.54,633332
2021-09-20,102.17,100.9,103.15,99.09,235785
2021-09-21,102.35,101.27,102.64,99.63,131801
2021-09-22,101.95,102.07,103.51,101.285,138950
2021-09-23,103.24,103.91,104.6,102.3533,131306
2021-09-24,103.33,103.4,104.63,101.5801,201183
2021-09-27,102.51,103.42,103.71,99.36,227484
2021-09-28,102.0,101.51,103.26,99.38,348067
2021-09-29,102.02,100.83,103.69,100.32,247304
2021-09-30,100.46,96.11,101.68,95.43,616837
2021-10-01,97.42,91.28,97.42,91.02,480824
2021-10-04,90.9,86.92,92.5523,86.27,541419
2021-10-05,87.11,85.78,88.435,84.12,1000634
2021-10-06,86.38,85.19,86.53,82.29,508995
2021-10-07,86.1,85.18,88.27,85.0,645185
2021-10-08,85.86,86.01,86.915,84.0719,527643
2021-10-11,85.0,85.57,87.61,84.99,222030
2021-10-12,86.56,87.59,88.12,85.325,538090
2021-10-13,88.09,91.49,92.74,88.09,404608
2021-10-14,91.65,92.57,94.81,91.0101,249176
2021-10-15,93.58,91.68,93.86,91.65,461264
2021-10-18,90.79,92.28,92.782,90.31,256511
2021-10-19,92.9,93.59,93.83,91.72,207968
2021-10-20,93.93,93.92,95.5,92.39,193115
2021-10-21,93.34,94.69,94.8879,93.21,140458
2021-10-22,94.45,94.55,96.02,93.71,194700
2021-10-25,94.93,96.79,96.95,94.815,370195
2021-10-26,97.86,98.08,99.9,96.555,565886
2021-10-27,98.01,98.16,99.89,96.675,366176
2021-10-28,99.28,101.84,104.61,99.28,320744
2021-10-29,100.71,105.13,105.32,100.61,277792
2021-11-01,106.01,106.42,108.38,103.43,417978
2021-11-02,106.52,108.14,108.775,104.67,231042
2021-11-03,108.04,112.96,113.545,107.2,494717
2021-11-04,112.55,109.86,114.85,109.635,310525
2021-11-05,111.33,107.12,112.19,106.005,452779
2021-11-08,106.94,105.18,108.635,105.06,310983
2021-11-09,104.31,104.99,106.97,104.03,224088
2021-11-10,103.64,101.76,105.11,101.34,352143
2021-11-11,102.45,101.96,104.085,99.31,281587
2021-11-12,100.48,105.02,105.55,100.3,566227
2021-11-15,105.82,105.66,106.54,103.03,279422
2021-11-16,105.08,108.77,108.97,104.03,304743
2021-11-17,107.55,106.0,109.05,104.095,377706
2021-11-18,106.09,103.07,106.135,101.01,355051
2021-11-19,102.8557,104.06,105.56,102.51,342756
2021-11-22,92.0,82.59,93.8,82.0101,3240787
2021-11-23,82.64,78.27,85.09,76.52,1622230
2021-11-24,76.12,79.58,81.13,74.1,764372
2021-11-26,78.1,77.07,80.4999,75.82,324174
2021-11-29,78.19,77.66,79.3247,75.93,388966
2021-11-30,77.3,75.18,77.98,73.17,821389
2021-12-01,77.47,71.82,77.47,71.73,895347
2021-12-02,71.5,70.63,73.47,69.36,802610
2021-12-03,70.63,72.52,72.75,66.56,773112
2021-12-06,71.84,71.97,73.21,68.8,457785
2021-12-07,76.26,76.91,79.5,75.74,528398
2021-12-08,76.01,76.08,77.0899,73.37,420405
2021-12-09,76.23,74.01,78.4899,73.18,729921
2021-12-10,75.0,76.82,77.35,75.0,467580
2021-12-13,76.82,79.36,79.67,75.3117,820668
2021-12-14,77.86,78.08,79.26,76.87,779505
2021-12-15,71.1,69.2,71.85,63.0,3081723
2021-12-16,73.11,72.85,75.5,70.785,1112039
2021-12-17,72.33,72.5,72.72,69.28,1282621
2021-12-20,70.0,70.59,72.33,69.5,530856
2021-12-21,71.33,71.71,72.745,70.09,677597
2021-12-22,72.04,72.24,73.385,70.86,539775
2021-12-23,72.72,78.92,79.045,71.98,718824
2021-12-27,78.8,79.7,80.135,76.46,371524
2021-12-28,79.67,77.21,79.67,76.42,331031
2021-12-29,77.65,76.59,78.05,75.22,294120
2021-12-30,76.37,77.59,79.29,76.0,276737
2021-12-31,77.39,76.64,78.36,76.21,348370
2022-01-03,77.15,80.21,80.9081,77.15,412448
2022-01-04,80.76,82.92,83.95,80.51,566165
2022-01-05,81.95,78.83,83.8,78.66,529269
2022-01-06,78.0,78.25,80.8,75.865,295497
2022-01-07,77.74,79.01,81.75,76.93,368413
2022-01-10,76.15,78.52,78.86,74.07,562691
2022-01-11,78.54,82.92,83.64,77.2,446909
2022-01-12,83.73,78.48,84.9,78.32,597022
2022-01-13,78.82,75.45,79.18,75.03,699596
2022-01-14,70.97,69.49,73.76,68.03,783748
2022-01-18,68.0,70.43,72.085,67.5,708121
2022-01-19,71.15,63.51,71.93,63.42,1080916
2022-01-20,65.0,62.87,68.13,62.42,808985
2022-01-21,61.54,60.05,64.08,59.83,771452
2022-01-24,57.93,62.02,62.14,57.01,891153
2022-01-25,61.4,61.25,63.175,59.96,510319
2022-01-26,64.15,59.24,64.15,58.76,480394
2022-01-27,60.71,58.95,62.66,58.39,637281
2022-01-28,59.03,59.73,59.84,56.32,407962
2022-01-31,60.2,63.49,63.805,60.16,526599
2022-02-01,64.0,64.87,65.14,62.4,444810
2022-02-02,65.01,64.34,66.61,63.5,386203
2022-02-03,62.54,61.18,65.62,60.88,428152
2022-02-04,61.7,63.58,64.45,60.81,646384
2022-02-07,41.9,43.61,45.86,40.11,6229763
2022-02-08,41.1,45.79,47.4,41.045,2266378
2022-02-09,46.12,46.0,46.7,45.1,1290976
2022-02-10,45.25,44.47,47.8,44.22,1131538
2022-02-11,44.91,43.34,45.83,43.08,766905
2022-02-14,41.99,42.92,44.24,41.88,606700
2022-02-15,43.51,43.23,44.48,42.74,1409833
2022-02-16,42.44,41.7,42.53,41.15,964862
2022-02-17,41.14,40.48,41.6,39.86,917177
2022-02-18,40.12,38.4,40.84,38.34,552150
2022-02-22,36.52,36.84,37.735,36.42,816399
2022-02-23,37.57,35.64,38.0,35.48,745601
2022-02-24,34.07,35.88,36.0,33.5547,1859000
2022-02-25,36.06,35.8,36.5,34.875,1433165
2022-02-28,35.63,36.11,36.59,34.8,1133700
2022-03-01,35.97,33.25,36.08,32.84,985931
2022-03-02,33.46,33.59,34.33,32.595,1619454
2022-03-03,33.6,32.37,33.6,32.1,647225
2022-03-04,31.77,30.8,32.3,30.33,1201237
2022-03-07,34.22,29.9,34.37,29.83,3477921
2022-03-08,29.84,30.67,32.32,28.72,1507672
2022-03-09,31.33,32.74,33.61,31.33,1717835
2022-03-10,31.97,32.04,33.06,31.44,1286528
2022-03-11,32.23,31.55,32.23,30.925,8745661
2022-03-14,31.17,30.29,32.66,29.92,1179002
2022-03-15,30.65,32.31,32.46,30.65,1075417
2022-03-16,32.71,33.92,33.99,32.66,896347
2022-03-17,33.44,37.0,37.0,33.31,1042301
2022-03-18,36.11,36.28,37.42,35.955,1655694
2022-03-21,35.81,35.25,35.81,34.49,534670
2022-03-22,35.25,36.04,36.3,35.0,686086
2022-03-23,35.74,35.09,36.62,35.01,773248
2022-03-24,35.5,36.54,36.74,34.8148,490216
2022-03-25,36.41,35.79,36.73,35.03,391981
2022-03-28,35.93,35.7,36.5,34.61,397233
2022-03-29,36.41,38.33,39.12,36.05,894466
2022-03-30,37.64,37.21,38.33,37.0801,429653
2022-03-31,37.19,36.1,37.75,35.93,547285
2022-04-01,36.28,37.34,38.09,36.1,796760
2022-04-04,37.24,37.75,38.04,36.6,451798
2022-04-05,37.44,35.45,37.5,35.2,532191
2022-04-06,34.72,34.18,34.97,33.67,617438
2022-04-07,34.6,34.05,35.0,33.29,662443
2022-04-08,33.77,33.0,34.175,32.965,350277
2022-04-11,32.43,33.49,33.94,32.06,646550
2022-04-12,34.22,33.76,34.74,33.32,620687
2022-04-13,33.69,33.32,33.82,32.92,335962
2022-04-14,33.25,32.4,33.37,31.94,405684
2022-04-18,32.36,32.04,32.78,31.9,409098
2022-04-19,32.1,33.01,33.58,31.88,734459
2022-04-20,33.04,32.83,33.685,32.73,336458
2022-04-21,33.11,31.53,33.83,31.31,397164
2022-04-22,31.64,30.46,32.26,30.41,497195
2022-04-25,30.1,30.37,30.905,29.5953,525212
2022-04-26,29.7,28.07,30.02,27.7,887395
2022-04-27,28.13,28.45,28.98,27.9,606406
2022-04-28,29.08,30.08,30.63,28.0,466959
2022-04-29,29.81,29.5,30.71,29.39,350657
2022-05-02,29.29,30.46,30.495,29.23,488127
2022-05-03,30.31,30.59,31.12,30.1,312770
2022-05-04,30.59,31.81,32.0,29.845,481651
2022-05-05,31.03,29.54,31.26,28.61,449744
2022-05-06,29.55,28.72,30.4,27.79,1044985
2022-05-09,27.8,26.47,28.28,25.8855,662756
2022-05-10,27.85,28.3,29.09,26.52,833719
2022-05-11,27.8,26.05,28.49,25.8701,706818
2022-05-12,25.32,26.97,27.42,24.66,817659
2022-05-13,27.79,29.18,29.8,27.745,563511
2022-05-16,28.63,28.44,29.43,28.05,653750
2022-05-17,29.62,30.68,30.89,29.23,424833
2022-05-18,29.65,29.8,30.745,28.97,902995
2022-05-19,29.67,30.95,31.34,29.29,590636
2022-05-20,31.26,30.7,31.99,29.29,451905
2022-05-23,31.09,30.58,31.5,30.15,385208
2022-05-24,29.91,28.76,29.91,28.32,229757
2022-05-25,28.45,29.04,29.57,28.15,436297
2022-05-26,29.12,30.02,30.43,28.99,501864
2022-05-27,30.58,32.06,32.25,30.54,638820
2022-05-31,31.97,31.76,32.04,31.1512,605635
2022-06-01,32.14,31.28,32.86,31.09,431990
2022-06-02,30.87,31.08,31.63,30.7,386895
2022-06-03,30.36,28.77,30.43,28.69,443825
2022-06-06,29.42,29.82,30.05,29.25,351629
2022-06-07,29.42,29.63,29.98,28.855,405515
2022-06-08,29.34,30.1,30.53,29.34,327914
2022-06-09,30.18,29.47,30.86,29.36,371545
2022-06-10,28.46,28.0,29.14,27.57,326934
2022-06-13,26.53,25.97,27.48,25.665,422286
2022-06-14,26.2,25.86,26.4299,25.5,357027
2022-06-15,26.08,26.58,27.155,25.73,361881
2022-06-16,25.48,25.27,25.52,24.59,482258
2022-06-17,25.5,25.89,26.28,25.495,598811
2022-06-21,26.49,26.11,26.93,26.07,366680
2022-06-22,25.59,26.59,26.98,25.59,388549
2022-06-23,26.94,27.0,27.16,26.56,530203
2022-06-24,27.4,28.41,28.78,27.29,1571092
2022-06-27,28.6,28.09,29.0416,27.2,595690
2022-06-28,28.1,27.2,28.42,27.19,379869
2022-06-29,26.99,26.22,26.99,25.78,320557
2022-06-30,25.5,25.23,25.78,24.63,675437
2022-07-01,25.37,25.82,25.9,24.98,298082
2022-07-05,25.06,26.2,26.3,24.35,338461
2022-07-06,26.32,25.74,27.01,25.68,350037
2022-07-07,26.79,27.6,27.88,26.2801,393870
2022-07-08,27.1,26.31,27.5,26.14,211469
2022-07-11,25.73,24.45,26.28,24.32,359574
2022-07-12,24.35,25.31,25.38,24.35,312402
2022-07-13,24.55,24.88,25.32,24.38,209694
2022-07-14,24.39,23.99,24.67,23.67,273788
2022-07-15,24.82,24.43,24.9,24.0,466011
2022-07-18,24.54,25.0,25.63,24.54,279115
2022-07-19,25.81,26.33,26.86,25.81,314002
2022-07-20,26.37,27.74,27.89,26.37,353613
2022-07-21,27.54,27.81,28.015,27.07,180525
2022-07-22,27.73,27.06,27.8091,26.54,276764
2022-07-25,26.85,26.59,27.12,26.39,213378
2022-07-26,26.15,25.71,26.18,25.58,178480
2022-07-27,26.23,26.79,26.92,26.02,235667
2022-07-28,26.7,27.42,27.47,26.69,217947
2022-07-29,27.47,28.17,28.26,27.04,270995
2022-08-01,27.63,28.2,28.45,27.235,236035
2022-08-02,27.78,28.72,29.15,27.78,175563
2022-08-03,28.68,30.5,30.59,28.68,433221
2022-08-04,30.88,29.69,30.89,29.355,265520
2022-08-05,28.81,29.4,30.0865,28.8,224737
2022-08-08,29.53,29.75,30.38,29.44,322768
2022-08-09,24.25,23.34,25.88,22.68,2308627
2022-08-10,23.4,23.68,24.12,22.61,1235667
2022-08-11,24.3,23.32,25.21,23.1,962630
2022-08-12,23.63,23.59,24.07,22.96,794593
2022-08-15,23.18,23.06,23.663,22.53,945247
2022-08-16,22.67,22.15,22.74,21.34,1372616
2022-08-17,21.55,21.8,22.08,20.94,799040
2022-08-18,21.8,21.41,21.93,21.09,471560
2022-08-19,20.69,20.5,20.96,20.23,479609
2022-08-22,20.02,20.0,20.35,19.78,544503
2022-08-23,19.96,20.0,20.19,19.92,439733
2022-08-24,19.97,20.05,20.55,19.885,292280
2022-08-25,20.27,20.44,20.7741,20.17,268264
2022-08-26,20.51,20.17,20.58,19.93,328330
2022-08-29,19.92,19.99,20.43,19.87,361686
2022-08-30,20.28,19.99,20.43,19.615,662087
2022-08-31,20.13,20.01,20.25,19.67,656164
2022-09-01,19.68,20.01,20.0699,19.18,647479
2022-09-02,20.51,19.52,20.62,19.48,461779
2022-09-06,19.5,18.25,19.5,18.15,618353
2022-09-07,18.11,18.72,18.87,18.04,389344
2022-09-08,18.42,18.65,18.81,18.1,336132
2022-09-09,19.05,19.33,19.47,19.01,352377
2022-09-12,19.57,19.97,20.22,19.44,419097
2022-09-13,19.09,18.96,19.43,18.76,353143
2022-09-14,18.88,18.25,18.91,18.16,359829
2022-09-15,18.0,18.56,18.615,17.8,767064
2022-09-16,18.1,17.93,18.18,17.79,700732
2022-09-19,17.66,17.21,17.89,17.0,440617
2022-09-20,16.93,17.09,17.735,16.65,970291
2022-09-21,17.34,16.69,17.42,16.68,449609
2022-09-22,16.54,16.55,16.7,16.23,348185
2022-09-23,16.18,16.35,16.47,15.92,494699
2022-09-26,16.24,16.52,17.0,16.24,391473
2022-09-27,16.71,16.6,16.83,16.345,412694
2022-09-28,16.75,16.91,17.15,16.57,457155
2022-09-29,16.47,16.34,16.55,16.21,351690
2022-09-30,16.3,15.75,16.62,15.73,477332
2022-10-03,15.99,15.93,16.25,15.78,691580
2022-10-04,16.06,16.12,16.86,15.96,1379451
2022-10-05,15.83,16.22,16.27,15.28,725359
2022-10-06,16.06,16.15,16.51,15.94,511708
2022-10-07,15.65,15.22,15.9,15.2,434553
2022-10-10,15.05,15.07,15.18,14.76,417639
2022-10-11,15.08,15.1,15.48,14.64,380302
2022-10-12,15.01,14.84,15.36,14.81,267602
2022-10-13,14.33,14.69,15.1248,14.11,468307
2022-10-14,14.95,14.1,15.03,14.09,286996
2022-10-17,14.68,15.24,15.28,14.65,455978
2022-10-18,15.74,15.86,16.06,15.36,499478
2022-10-19,15.83,16.07,16.08,15.4,964843
2022-10-20,16.03,16.07,16.97,15.93,600801
2022-10-21,16.07,15.92,16.07,15.66,278021
2022-10-24,15.87,15.88,16.12,15.42,331158
2022-10-25,16.0,17.46,17.49,15.96,530389
2022-10-26,17.27,16.88,17.64,16.86,265442
2022-10-27,16.95,16.53,17.3,16.465,268979
2022-10-28,16.49,16.94,17.0,16.48,216211
2022-10-31,16.67,17.2,17.28,16.66,317906
2022-11-01,17.62,16.76,17.7,16.64,225063
2022-11-02,16.78,16.5,17.28,16.49,345117
2022-11-03,16.25,16.04,16.69,16.01,278433
2022-11-04,16.41,16.3,16.75,16.0,309348
2022-11-07,16.47,17.08,17.23,16.26,337832
2022-11-08,17.36,16.74,17.51,16.37,375230
2022-11-09,16.5,15.55,16.58,15.5,478607
2022-11-10,16.49,17.79,17.8,16.49,473203
2022-11-11,17.73,18.15,18.39,17.71,277093
2022-11-14,17.99,17.77,18.18,17.6,349294
2022-11-15,18.35,18.03,18.74,17.96,271249
2022-11-16,17.76,17.38,17.77,17.3173,216538
2022-11-17,17.01,17.34,17.55,16.69,364995
2022-11-18,17.86,16.89,17.86,16.76,257163
2022-11-21,16.74,16.4,16.74,15.9,711306
2022-11-22,16.54,16.19,16.54,15.96,463718
2022-11-23,16.19,16.59,16.59,15.96,271636
2022-11-25,16.59,16.26,16.6,16.12,147763
2022-11-28,16.0,15.36,16.16,15.28,494841
2022-11-29,14.0,17.78,18.3,12.82,2294927
2022-11-30,17.98,20.51,20.52,17.84,1295207
2022-12-01,20.32,20.46,21.1,19.59,679412
2022-12-02,20.02,19.2,20.35,19.07,624558
2022-12-05,19.08,18.59,19.1,18.38,498145
2022-12-06,18.59,17.58,18.59,17.38,551360
2022-12-07,17.51,17.67,17.89,17.46,604694
2022-12-08,17.8,18.52,18.68,17.6,821226
2022-12-09,18.44,18.14,19.24,18.11,376396
2022-12-12,18.05,18.16,18.5,17.84,235824
2022-12-13,19.01,18.45,19.6819,18.22,417418
2022-12-14,18.39,18.41,18.76,18.03,357356
2022-12-15,17.93,18.14,18.285,17.595,308533
2022-12-16,17.89,18.35,18.45,17.715,1495775
2022-12-19,18.21,18.26,18.32,17.9201,491890
2022-12-20,18.11,18.48,18.69,17.76,404545
2022-12-21,18.54,19.01,19.1,18.4597,330473
2022-12-22,18.72,18.38,18.82,18.07,594216
2022-12-23,18.3,18.56,18.81,18.3,382636
2022-12-27,18.42,18.36,18.71,18.09,387002
2022-12-28,18.2,18.26,18.63,18.11,468489
2022-12-29,18.42,18.76,19.11,18.42,354984
2022-12-30,18.36,18.53,18.66,18.275,345404
2023-01-03,18.95,19.14,19.51,18.35,386381
2023-01-04,19.56,20.86,20.945,19.27,788586
2023-01-05,20.58,21.48,21.81,20.14,380819
2023-01-06,21.62,21.59,21.94,20.77,361240
2023-01-09,21.88,21.2,22.05,21.18,209152
2023-01-10,21.05,21.57,21.81,20.63,286718
2023-01-11,21.65,21.69,21.85,21.17,284797
2023-01-12,21.86,21.63,22.57,21.41,274629
2023-01-13,21.31,21.59,21.85,21.18,219335
2023-01-17,21.66,21.79,21.855,21.28,397450
2023-01-18,22.12,21.57,22.72,21.5,452671
2023-01-19,21.07,21.42,21.63,20.92,202704
2023-01-20,21.64,22.44,22.57,21.42,493271
2023-01-23,22.61,23.56,23.61,22.2966,448958
2023-01-24,23.37,23.3,23.49,22.845,502797
2023-01-25,22.9,23.47,23.6,22.705,325182
2023-01-26,23.83,24.56,24.63,23.58,432876
2023-01-27,24.28,24.96,24.97,23.82,383166
2023-01-30,24.32,24.4,24.74,24.05,275845
2023-01-31,24.58,24.52,24.98,24.45,452475
2023-02-01,24.59,26.4,26.54,24.48,421339
2023-02-02,27.01,29.41,29.48,26.97,1436039
2023-02-03,28.33,28.43,29.73,28.15,483126
2023-02-06,28.15,28.19,28.5464,27.665,299705
2023-02-07,28.03,28.33,28.6899,27.7,422341
2023-02-08,30.19,28.92,32.42,27.79,1309170
2023-02-09,31.81,29.37,31.81,29.35,1256634
2023-02-10,29.0,29.4,29.76,28.79,460263
2023-02-13,29.47,28.86,29.63,28.69,334767
2023-02-14,28.7,29.06,29.4,28.27,622465
2023-02-15,29.0,29.08,29.62,28.855,377617
2023-02-16,28.32,28.71,29.68,28.1,458595
2023-02-17,28.58,28.31,28.69,27.5,304057
2023-02-21,27.66,27.59,28.2,27.1985,312748
2023-02-22,27.81,27.68,28.36,27.43,353710
2023-02-23,27.98,27.58,28.135,27.16,199498
2023-02-24,27.1,27.08,27.22,26.4563,258540
2023-02-27,27.52,27.48,27.87,27.05,369017
2023-02-28,27.4,27.38,27.77,27.21,350803
2023-03-01,27.27,26.81,27.53,26.75,305898
2023-03-02,26.53,26.93,27.5,26.49,504324
2023-03-03,27.19,27.91,28.04,27.16,463323
2023-03-06,27.96,27.56,28.24,27.34,350005
2023-03-07,27.53,27.54,27.89,27.3378,512827
2023-03-08,27.45,27.51,27.601,26.93,359317
2023-03-09,27.51,26.75,27.86,26.6,349329
2023-03-10,26.58,25.63,26.58,25.095,564513
2023-03-13,25.07,25.49,25.97,24.71,339438
2023-03-14,26.19,25.74,26.43,25.53,362696
2023-03-15,25.12,25.16,25.4495,24.6,357065
2023-03-16,24.89,26.21,26.5,24.66,253689
2023-03-17,26.11,25.6,26.24,25.5,758062
2023-03-20,25.67,25.59,25.93,25.31,295690
2023-03-21,25.97,26.3,26.35,25.755,391901
2023-03-22,26.31,25.47,26.355,25.47,339031
2023-03-23,25.55,25.79,26.41,25.395,209463
2023-03-24,25.55,26.2,26.26,25.5,179034
2023-03-27,26.24,25.92,26.35,25.65,260859
2023-03-28,25.82,26.19,26.21,25.82,210046
2023-03-29,26.46,26.56,26.96,26.04,294232
2023-03-30,26.82,26.83,26.98,26.6,266065
2023-03-31,26.96,28.09,28.24,26.75,674203
2023-04-03,27.91,28.0,28.14,27.42,221250
2023-04-04,28.04,27.57,28.11,27.19,205508
2023-04-05,27.4,26.53,27.4,26.09,267794
2023-04-06,26.5,26.79,26.95,26.25,207504
2023-04-10,26.49,26.71,26.74,25.0153,187866
2023-04-11,26.68,26.53,27.1741,26.5,156929
2023-04-12,26.84,26.48,26.84,26.38,181757
2023-04-13,26.6,27.14,27.26,26.6,133114
2023-04-14,26.91,26.96,27.18,26.45,158217
2023-04-17,26.96,27.03,27.05,26.66,143597
2023-04-18,27.21,26.81,27.44,26.67,175343
2023-04-19,26.3489,26.52,26.74,26.1,256125
2023-04-20,26.35,26.09,26.41,25.84,286198
2023-04-21,26.04,25.97,26.13,25.815,304963
2023-04-24,25.93,26.0,26.2,25.8,183628
2023-04-25,25.67,25.26,25.8,25.16,202725
2023-04-26,25.41,25.27,25.51,25.14,182144
2023-04-27,25.49,25.55,25.57,25.18,236868
2023-04-28,25.55,25.55,25.86,25.25,301863
2023-05-01,25.43,25.8,25.87,25.38,251967
2023-05-02,25.63,25.44,25.64,25.01,190515
2023-05-03,25.47,25.45,25.865,25.4,210565
2023-05-04,25.26,25.71,25.82,25.02,274346
2023-05-05,25.97,26.59,26.72,25.7234,401576
2023-05-08,26.6,26.63,27.05,26.21,339575
2023-05-09,25.6,23.27,26.0,22.94,1030427
2023-05-10,23.56,23.0,23.74,22.7,443273
2023-05-11,23.05,23.46,23.495,22.84,396161
2023-05-12,23.45,23.77,24.06,23.0377,334405
2023-05-15,23.81,24.16,24.25,23.56,230268
2023-05-16,23.95,24.22,24.31,23.94,281154
2023-05-17,24.29,24.99,25.02,24.14,319706
2023-05-18,25.06,25.39,25.43,24.83,319357
2023-05-19,25.59,24.36,25.665,24.24,255808
2023-05-22,24.42,25.32,25.44,24.245,231599
2023-05-23,25.26,26.07,26.38,25.03,355061
2023-05-24,25.77,25.42,25.77,24.91,182211
2023-05-25,25.73,25.27,25.98,24.93,257546
2023-05-26,25.44,27.3,27.32,25.3,258809
2023-05-30,27.76,28.93,29.215,27.75,500970
2023-05-31,28.71,28.52,29.29,27.78,1211355
2023-06-01,28.38,28.53,28.7999,27.65,360524
2023-06-02,28.94,29.0,29.38,28.56,355805
2023-06-05,28.54,28.4,28.77,27.77,326592
2023-06-06,28.31,29.07,29.3,27.93,300180
2023-06-07,29.25,30.36,31.015,29.15,708773
2023-06-08,30.3,30.48,30.948,30.0167,337121
2023-06-09,30.6,29.85,30.61,29.62,192820
2023-06-12,30.0,32.295,32.37,29.63,533083
2023-06-13,32.62,32.58,32.87,31.7301,419907
2023-06-14,32.62,32.16,32.9312,31.67,397204
2023-06-15,31.69,32.28,32.63,31.33,328166
2023-06-16,32.88,35.09,35.2,32.16,1473163
2023-06-20,35.15,34.56,36.79,34.56,790169
2023-06-21,34.45,33.24,34.58,32.015,532563
2023-06-22,31.09,28.725,31.1,28.46,1977033
2023-06-23,28.24,28.245,28.99,27.81,1393051
2023-06-26,28.31,28.3,29.23,27.7,810840
2023-06-27,28.36,28.26,28.76,27.71,587682
2023-06-28,28.08,28.42,28.675,27.95,399824
2023-06-29,28.7,28.94,29.04,28.43,405835
2023-06-30,29.38,29.23,29.44,28.83,393718
2023-07-03,29.37,29.06,29.55,28.73,210283
2023-07-05,28.79,29.29,29.63,28.74,386153
2023-07-06,28.77,28.73,28.91,28.0035,457951
2023-07-07,28.77,29.48,29.75,28.77,409407
2023-07-10,29.37,28.82,29.55,28.712,346340
2023-07-11,29.04,28.48,29.05,28.365,309118
2023-07-12,29.0,28.81,29.135,28.62,362632
2023-07-13,28.97,28.47,29.1372,28.36,294576
2023-07-14,28.35,27.12,28.57,26.7,529662
2023-07-17,27.03,27.46,27.7775,27.03,398189
2023-07-18,27.55,26.74,27.62,26.435,484434
2023-07-19,26.89,26.55,27.31,26.525,359642
2023-07-20,26.6,25.77,26.69,25.69,481762
2023-07-21,26.0,25.0,26.12,24.94,444483
2023-07-24,25.15,24.82,25.26,24.67,649483
2023-07-25,24.82,24.87,25.18,24.555,289172
2023-07-26,24.84,25.4,25.7,24.82,305529
2023-07-27,25.67,26.25,27.225,25.67,754710
2023-07-28,26.54,27.5,27.53,26.54,520707
2023-07-31,27.79,27.81,28.1,27.22,385297
2023-08-01,27.82,27.8,27.9999,27.29,422678
2023-08-02,27.35,26.33,27.4,26.28,218384
2023-08-03,26.24,26.46,26.78,26.235,211860
2023-08-04,26.46,26.13,26.72,26.07,207251
2023-08-07,26.13,25.75,26.25,25.55,365252
2023-08-08,25.3,26.79,27.23,23.71,597034
2023-08-09,26.79,26.29,26.82,25.8,707886
2023-08-10,26.61,25.75,27.275,25.305,480760
2023-08-11,25.45,26.12,26.4,25.39,321637
2023-08-14,26.12,26.69,26.94,25.6,452157
2023-08-15,26.32,26.26,26.81,25.81,361732
2023-08-16,25.96,24.87,26.135,24.825,814446
2023-08-17,24.7,24.3,25.32,24.13,579401
2023-08-18,23.86,25.02,25.165,23.85,571553
2023-08-21,24.91,25.31,25.5,24.81,211732
2023-08-22,25.39,25.05,25.985,24.85,272946
2023-08-23,25.18,25.48,25.89,24.92,489677
2023-08-24,25.59,25.3,25.67,25.12,388086
2023-08-25,25.21,25.73,25.92,25.09,226395
2023-08-28,25.82,25.57,26.1,25.33,358118
2023-08-29,25.46,25.86,26.28,25.19,504123
2023-08-30,25.61,25.87,26.04,25.57,261085
2023-08-31,25.83,26.1,26.33,25.83,350174
2023-09-01,26.34,25.77,26.545,25.54,166638
2023-09-05,25.43,25.72,25.8,25.0,202446
2023-09-06,25.72,25.09,25.85,24.92,255477
2023-09-07,24.75,23.95,24.75,23.8914,404214
2023-09-08,23.93,23.35,23.93,23.15,257261
2023-09-11,23.07,23.05,23.07,23.05,39717
2023-09-12,22.94,22.55,23.11,22.515,422853
2023-09-13,22.51,22.25,22.62,22.03,267277
2023-09-14,22.39,21.75,22.635,21.68,325399
2023-09-15,21.7,21.27,21.73,21.01,1494511
2023-09-18,21.31,20.96,21.44,20.65,519472
2023-09-19,20.91,21.46,21.77,20.62,442877
2023-09-20,21.67,21.5,22.05,21.48,354944
2023-09-21,21.19,21.04,21.59,21.03,428079
2023-09-22,21.11,20.83,21.437,20.7442,230352
2023-09-25,20.61,20.66,20.89,20.46,208340
2023-09-26,20.48,20.09,20.76,19.88,292821
2023-09-27,20.19,20.58,20.78,20.13,413567
2023-09-28,20.5,20.38,20.72,20.28,455092
2023-09-29,20.48,20.37,20.665,20.2147,279135
2023-10-02,20.32,19.98,20.45,19.7318,291635
2023-10-03,19.68,18.84,19.69,18.77,296152
2023-10-04,18.8,19.16,19.23,18.55,593152
2023-10-05,18.99,18.25,19.01,18.162,450844
2023-10-06,18.09,18.49,18.66,18.09,328746
2023-10-09,18.16,17.91,18.2454,17.3905,379951
2023-10-10,17.8,18.065,18.315,17.77,380236
2023-10-11,18.12,17.93,18.17,17.67,555671
2023-10-12,17.84,18.06,18.11,17.65,678341
2023-10-13,18.06,17.47,18.1,17.46,392191
2023-10-16,17.48,17.56,17.78,17.18,505465
2023-10-17,17.42,17.52,17.64,17.27,345149
2023-10-18,17.35,17.01,17.46,16.95,448408
2023-10-19,17.02,16.42,17.175,16.42,355078
2023-10-20,16.44,16.79,16.88,16.25,501331
2023-10-23,16.65,16.49,16.87,16.42,246804
2023-10-24,16.6,16.66,16.87,16.53,211850
2023-10-25,16.37,15.57,16.62,15.49,887680
2023-10-26,15.6,15.34,15.9813,15.08,292794
2023-10-27,15.46,15.14,15.46,14.96,296581
2023-10-30,15.26,15.13,15.38,14.82,274512
2023-10-31,15.16,15.31,15.53,14.99,282819
2023-11-01,15.27,14.84,15.2721,14.47,302887
2023-11-02,15.38,15.65,15.81,15.09,324939
2023-11-03,15.91,16.59,16.65,15.91,811041
2023-11-06,16.66,16.61,16.774,16.34,398834
2023-11-07,16.61,16.51,16.76,16.41,295909
2023-11-08,16.61,16.53,16.85,16.39,400184
2023-11-09,16.56,16.2,16.65,16.15,523108
2023-11-10,16.17,16.56,16.59,15.72,400368
2023-11-13,16.41,16.44,16.63,16.24,334159
2023-11-14,16.92,18.56,18.6,16.91,478364
2023-11-15,18.8,18.34,18.8,18.2138,1086979
2023-11-16,18.16,17.74,18.22,17.6001,719206
2023-11-17,17.92,17.34,17.92,17.24,436737
2023-11-20,17.29,18.2,18.35,17.2,717099
2023-11-21,18.08,16.84,18.1983,16.66,409548
2023-11-22,16.93,16.94,17.04,16.69,314446
2023-11-24,16.88,17.29,17.34,16.85,243269
2023-11-27,17.44,16.93,17.7999,15.51,1706504
2023-11-28,16.96,17.67,17.78,16.51,892230
2023-11-29,17.91,17.93,19.06,17.741,738387
2023-11-30,17.97,17.29,18.34,17.23,543289
2023-12-01,17.28,17.58,17.66,17.03,448166
2023-12-04,17.52,17.88,18.145,17.485,512052
2023-12-05,17.66,16.46,17.66,15.895,836201
2023-12-06,16.65,16.955,17.35,16.58,564006
2023-12-07,16.9,16.96,16.99,16.51,331647
2023-12-08,16.9,17.15,17.28,16.82,271450
2023-12-11,17.07,16.43,17.2,16.33,388562
2023-12-12,16.43,16.04,16.49,15.9,410880
2023-12-13,16.07,16.69,16.8,15.76,439130
2023-12-14,17.15,17.59,17.87,17.15,567659
2023-12-15,17.83,17.52,17.86,17.33,1529560
2023-12-18,17.56,17.37,17.8,17.26,746644
2023-12-19,17.82,18.15,18.38,17.58,499232
2023-12-20,18.1,17.67,18.46,17.53,357627
2023-12-21,17.99,18.53,18.55,17.72,334696
2023-12-22,18.63,19.48,19.63,18.56,697195
2023-12-26,19.54,20.01,20.07,19.45,339693
2023-12-27,20.1,19.95,20.28,19.64,307806
2023-12-28,19.79,20.19,20.32,19.79,211577
2023-12-29,20.19,19.66,20.315,19.61,298877
2024-01-02,19.41,19.09,19.48,19.01,339752
2024-01-03,19.12,18.43,19.12,18.03,456980
2024-01-04,18.34,18.7,18.91,18.16,327246
2024-01-05,18.5,19.11,19.325,18.38,544162
2024-01-08,18.98,19.91,20.41,18.85,502207
2024-01-09,19.63,19.62,19.81,19.195,296731
2024-01-10,19.49,19.42,19.51,18.94,369274
2024-01-11,19.41,19.28,19.41,18.84,281805
2024-01-12,19.48,18.99,19.6694,18.98,198732
2024-01-16,18.73,18.71,18.815,18.32,249479
2024-01-17,18.3,18.67,18.7,18.1,307592
2024-01-18,18.92,19.11,19.18,18.77,329817
2024-01-19,19.16,19.46,19.47,18.67,292949
2024-01-22,19.67,20.26,20.71,19.58,628485
2024-01-23,20.54,20.66,20.85,20.31,349512
2024-01-24,20.94,20.63,21.0,20.58,225243
2024-01-25,20.85,20.91,21.11,20.71,281587
2024-01-26,20.95,20.59,21.22,20.58,398872
2024-01-29,20.49,21.07,21.1,20.29,225913
2024-01-30,20.92,20.53,21.0376,20.49,232419
2024-01-31,20.37,20.02,20.765,19.99,400784
2024-02-01,20.18,20.19,20.64,19.68,542413
2024-02-02,19.94,20.39,20.49,19.73,346994
2024-02-05,20.05,20.0,20.35,19.68,397076
2024-02-06,20.71,18.58,21.665,18.55,754298
2024-02-07,18.18,15.96,18.3,15.765,1939696
2024-02-08,16.05,15.8,16.05,15.52,897737
2024-02-09,15.94,16.67,17.02,15.7975,974261
2024-02-12,16.74,16.53,16.8319,16.22,571572
2024-02-13,15.88,15.42,16.04,15.2,815646
2024-02-14,15.67,15.58,15.93,15.42,504490
2024-02-15,15.86,15.98,16.07,15.37,532765
2024-02-16,15.91,15.57,16.0,15.55,438896
2024-02-20,15.33,15.43,15.6,14.9555,962625
2024-02-21,15.18,14.72,15.3063,14.49,597171
2024-02-22,15.0,14.53,15.035,14.412,469927
2024-02-23,14.43,14.15,14.64,14.11,405245
2024-02-26,14.1,14.57,14.74,14.03,466215
2024-02-27,14.76,14.86,15.1,14.6,440162
2024-02-28,14.69,14.63,14.81,14.5,328665
2024-02-29,14.92,14.9,15.27,14.83,593940
2024-03-01,14.9,14.82,15.14,14.67,514587
2024-03-04,14.83,14.64,15.01,14.41,536988
2024-03-05,14.61,14.0,14.65,13.93,588520
2024-03-06,14.12,14.01,14.2,13.83,497539
2024-03-07,14.14,14.09,14.28,14.0,394955
2024-03-08,14.29,14.06,14.55,13.92,592917
2024-03-11,14.09,14.81,14.83,14.0,373749
2024-03-12,14.86,15.25,15.31,14.79,472801
2024-03-13,15.18,15.15,15.525,15.13,403024
2024-03-14,15.15,14.62,15.15,14.354,428609
2024-03-15,14.55,14.8,14.88,14.5,1515752
2024-03-18,14.71,14.41,14.995,14.27,429757
2024-03-19,14.26,14.45,14.83,14.165,355599
2024-03-20,14.41,14.9,15.02,14.14,252456
2024-03-21,15.12,15.04,15.34,14.79,353308
2024-03-22,14.95,14.66,15.065,14.63,368058
2024-03-25,14.66,14.4,14.73,14.38,235205
2024-03-26,14.59,14.43,14.59,14.27,341304
2024-03-27,14.53,15.5,15.5,14.5,314720
2024-03-28,15.5,15.75,15.87,15.48,403157
2024-04-01,15.8,15.36,15.8,15.045,398832
2024-04-02,15.02,14.91,15.12,14.81,296121
2024-04-03,14.81,14.71,14.825,14.4,270016
2024-04-04,14.97,14.41,15.1,14.4,220928
2024-04-05,14.41,14.25,14.4148,14.09,303044
2024-04-08,14.34,14.07,14.46,13.95,324967
2024-04-09,14.05,14.4,14.46,14.05,219104
2024-04-10,13.95,13.14,13.95,12.99,491659
2024-04-11,13.19,13.68,14.025,13.19,357785
2024-04-12,13.52,13.36,13.585,13.14,315791
2024-04-15,13.31,12.11,13.31,11.95,560078
2024-04-16,11.96,11.255,11.96,11.25,514233
2024-04-17,11.28,10.74,11.37,10.715,711872
2024-04-18,10.77,10.35,10.77,10.16,546150
2024-04-19,10.2,10.35,10.59,9.98,544520
2024-04-22,10.36,9.62,10.42,9.55,713510
2024-04-23,9.6,9.76,10.09,9.5,981215
2024-04-24,9.76,10.05,10.06,9.68,620687
2024-04-25,9.79,9.39,9.9699,9.35,519348
2024-04-26,9.5,9.71,9.71,9.405,454292
2024-04-29,9.8,9.65,10.12,9.63,558549
2024-04-30,9.5,9.11,9.55,9.1,558912
2024-05-01,9.1,9.29,9.59,8.91,917141
2024-05-02,9.53,9.74,9.75,9.33,471421
2024-05-03,10.05,10.15,10.21,9.8,629755
2024-05-06,10.18,10.11,10.36,9.99,427554
2024-05-07,9.73,9.42,10.14,9.41,568737
2024-05-08,9.25,9.56,9.659,9.03,685702
2024-05-09,7.9,6.28,8.2,6.24,3916228
2024-05-10,6.27,5.35,6.27,5.28,3728166
2024-05-13,5.38,5.1,5.4,5.01,2928199
2024-05-14,5.09,4.99,5.84,4.84,5374140
2024-05-15,5.05,4.85,5.16,4.75,1730776
2024-05-16,4.87,4.89,5.01,4.59,4063894
2024-05-17,4.74,3.99,4.77,3.94,5622436
2024-05-20,4.04,3.95,4.07,3.86,2873764
2024-05-21,3.93,3.875,3.98,3.56,2507361
2024-05-22,3.87,4.13,4.29,3.77,2780025
2024-05-23,4.13,3.51,4.16,3.425,2541849
2024-05-24,3.52,3.21,3.535,3.16,2386813
2024-05-28,3.25,3.81,3.89,3.23,4163558
2024-05-29,3.72,3.9,4.13,3.35,2606586
2024-05-30,3.9,3.58,4.03,3.575,1209631
2024-05-31,3.6,3.44,3.6,3.43,2324906
2024-06-03,3.47,3.39,3.73,3.36,1557958
2024-06-04,3.34,3.16,3.36,3.105,1504712
2024-06-05,3.17,3.1,3.33,3.08,1363104
2024-06-06,3.1,3.01,3.185,2.99,1362433
2024-06-07,2.98,3.04,3.4,2.92,3186534
2024-06-10,2.92,3.3,3.38,2.74,4276072
2024-06-11,3.25,3.21,3.2791,2.985,2243925
2024-06-12,3.3,3.16,3.39,3.13,1361689
2024-06-13,3.2,3.0,3.24,2.97,1473757
2024-06-14,2.96,2.98,3.08,2.9,1174269
2024-06-17,2.93,2.97,2.99,2.82,1019443
2024-06-18,2.96,2.91,3.0,2.87,1194094
2024-06-20,2.98,3.02,3.13,2.87,1497626
2024-06-21,3.02,3.17,3.24,2.954,12538675
2024-06-24,3.2,3.06,3.42,3.045,1897322
2024-06-25,3.05,2.62,3.05,2.62,2393972
2024-06-26,2.63,2.84,3.02,2.625,2339382
2024-06-27,2.83,2.75,2.8532,2.55,2018618
2024-06-28,2.73,2.83,2.91,2.6901,2072537
2024-07-01,2.81,2.84,2.91,2.74,1325482
2024-07-02,2.83,3.11,3.14,2.83,1580074
2024-07-03,3.01,2.99,3.28,2.92,1655625
2024-07-05,3.05,3.09,3.14,2.99,1117776
2024-07-08,3.09,3.03,3.1,2.955,690061
2024-07-09,3.01,2.93,3.019,2.905,635660
2024-07-10,2.88,2.94,3.01,2.88,621703
2024-07-11,3.01,3.19,3.2,2.989,999673
2024-07-12,3.19,3.08,3.34,3.06,1001631
2024-07-15,3.08,3.11,3.2166,3.02,1492708
2024-07-16,3.16,3.21,3.23,3.08,974423
2024-07-17,3.15,3.16,3.2469,3.07,726997
2024-07-18,3.09,3.02,3.275,3.01,699010
2024-07-19,3.01,3.0,3.025,2.91,707872
2024-07-22,3.01,3.16,3.2,2.99,826531
2024-07-23,3.15,3.22,3.26,3.085,618176
2024-07-24,3.2,3.03,3.27,3.015,575761
2024-07-25,3.07,3.18,3.28,3.0,784434
2024-07-26,3.27,3.27,3.315,3.175,602883
2024-07-29,3.29,3.25,3.365,3.18,619547
2024-07-30,3.25,3.16,3.31,3.12,498629
2024-07-31,3.18,3.18,3.36,3.15,752620
2024-08-01,3.15,2.88,3.19,2.83,800377
2024-08-02,2.81,2.69,2.8118,2.69,440976
2024-08-05,2.46,2.44,2.52,2.395,749436
2024-08-06,2.49,2.37,2.53,2.36,697610
2024-08-07,2.46,2.37,2.575,2.34,876541
2024-08-08,2.68,2.77,3.35,2.67,3481898
2024-08-09,2.79,2.52,2.8395,2.445,1047847
2024-08-12,2.51,2.385,2.53,2.38,679771
2024-08-13,2.38,2.515,2.605,2.355,942024
2024-08-14,2.56,2.425,2.57,2.4,833477
2024-08-15,2.53,2.68,2.77,2.52,868759
2024-08-16,2.72,2.79,2.9,2.72,933139
2024-08-19,2.83,3.16,3.185,2.77,1491177
2024-08-20,3.15,3.47,3.585,3.09,1362128
2024-08-21,3.5,3.56,3.6,3.365,922413
2024-08-22,3.605,3.41,3.605,3.27,808019
2024-08-23,3.46,3.61,3.635,3.35,1364798
2024-08-26,3.63,3.41,3.68,3.31,1475161
2024-08-27,3.38,3.23,3.465,3.165,1052163
2024-08-28,3.23,3.28,3.45,3.18,1365551
2024-08-29,3.31,3.46,3.53,3.3,1180935
2024-08-30,3.52,3.3,3.52,3.155,2205300
2024-09-03,3.34,3.17,3.4,3.13,852292
2024-09-04,3.14,3.04,3.185,3.01,614494
2024-09-05,3.02,2.98,3.095,2.87,843708
2024-09-06,2.99,2.92,3.05,2.88,686147
2024-09-09,2.98,2.94,3.05,2.91,587142
2024-09-10,2.93,2.75,2.95,2.65,1096317
2024-09-11,2.73,2.87,2.905,2.68,779125
2024-09-12,2.88,2.81,2.92,2.764,439029
2024-09-13,2.84,2.9,2.965,2.84,831779
2024-09-16,2.87,2.54,2.91,2.49,1976204
2024-09-17,2.6,2.44,2.74,2.4,1991271
2024-09-18,2.42,2.51,2.655,2.365,1928333
2024-09-19,2.63,2.68,2.75,2.5411,2834940
2024-09-20,2.68,2.44,2.76,2.41,6219454
2024-09-23,2.5,2.51,2.565,2.43,1235004
2024-09-24,2.57,2.62,2.74,2.526,2076208
2024-09-25,2.6,2.44,2.61,2.43,1299726
2024-09-26,2.48,2.68,2.72,2.48,1684584
2024-09-27,2.75,2.95,3.08,2.7002,1537696
2024-09-30,2.96,3.15,3.195,2.96,2098502
2024-10-01,3.13,2.97,3.15,2.91,1375307
2024-10-02,2.93,2.77,3.02,2.77,816073
2024-10-03,2.75,2.64,2.79,2.56,1171493
2024-10-04,2.67,2.68,2.75,2.58,868245
2024-10-07,2.9,3.8,3.9,2.87,12337476
2024-10-08,3.8,3.75,4.09,3.56,5011895
2024-10-09,3.72,3.67,3.92,3.48,1804947
2024-10-10,3.59,3.26,3.65,3.18,1887806
2024-10-11,3.26,3.37,3.45,3.2309,1083882
2024-10-14,3.36,3.27,3.388,3.19,1268543
2024-10-15,3.25,3.08,3.3,3.07,1115077
2024-10-16,3.07,3.28,3.3288,3.03,1163514
2024-10-17,3.28,3.13,3.3,3.09,864976
2024-10-18,3.13,2.96,3.19,2.94,1044646
2024-10-21,2.95,2.99,3.045,2.9,703167
2024-10-22,2.98,3.0,3.04,2.93,575858
2024-10-23,2.98,2.85,3.0,2.76,1094963
2024-10-24,2.85,2.77,3.0,2.755,979681
2024-10-25,2.8,2.92,2.95,2.79,754901
2024-10-28,2.97,3.24,3.305,2.97,1278251
2024-10-29,3.2,3.31,3.53,3.11,1391252
2024-10-30,3.3,3.12,3.31,3.07,749250
2024-10-31,3.11,3.045,3.14,2.97,962105
2024-11-01,3.11,3.06,3.14,3.0,575467
2024-11-04,3.01,3.06,3.19,3.002,702292
2024-11-05,3.06,3.12,3.1457,3.04,617361
2024-11-06,3.22,3.18,3.39,3.08,1105284
2024-11-07,3.18,3.2,3.2999,3.13,785026
2024-11-08,3.21,3.12,3.24,3.04,599478
2024-11-11,3.15,3.44,3.444668,3.15,1128800
2024-11-12,3.41,3.37,3.545,3.24,1014319
2024-11-13,3.42,3.18,3.42,3.175,748761
2024-11-14,3.15,3.14,3.28,3.085,615607
2024-11-15,3.13,3.05,3.15,2.96,689607
2024-11-18,3.05,2.93,3.19,2.915,1124440
2024-11-19,2.91,2.97,3.01,2.8301,918346
2024-11-20,3.02,2.82,3.1196,2.8,943150
2024-11-21,3.4,5.83,6.41,3.3914,77555939
2024-11-22,5.87,7.2,7.6,5.71,17428489
2024-11-25,7.57,7.06,7.73,6.7,5958913
2024-11-26,6.95,6.47,7.0,6.1806,3239145
2024-11-27,6.58,6.69,7.06,6.41,2088662
2024-11-29,6.79,7.365,7.55,6.75,2001856
2024-12-02,7.36,7.67,8.74,7.2,5409685
2024-12-03,7.53,7.18,7.97,7.16,2670847
2024-12-04,7.32,7.2,7.495,7.065,1749216
2024-12-05,7.33,7.42,7.786,7.0,2581788
2024-12-06,7.58,8.31,8.42,7.565,2904456
2024-12-09,8.79,8.95,9.33,8.42,3280180
2024-12-10,9.0,8.17,9.0,8.01,2868219
2024-12-11,8.23,7.56,8.34,7.5,1628642
2024-12-12,7.5,6.84,7.52,6.73,2033817
2024-12-13,6.89,7.36,7.52,6.71,1504289
2024-12-16,7.38,8.16,8.18,7.11,1736676
2024-12-17,8.3,8.17,8.78,7.945,1650407
2024-12-18,8.29,7.7,8.67,7.5501,2301263
2024-12-19,7.72,7.58,8.16,7.5642,1390236
2024-12-20,7.41,7.67,7.81,7.25,2012243
2024-12-23,7.7,7.815,8.8525,7.505,2519756
2024-12-24,8.0,8.15,8.28,7.43,1018449
2024-12-26,8.39,8.72,8.99,8.249,3475944
2024-12-27,8.86,8.49,8.86,7.78,2434081
2024-12-30,8.36,8.105,8.44,7.96,1351496
2024-12-31,8.2,7.85,8.43,7.815,1226338
2025-01-02,7.98,7.93,8.43,7.58,1647915
2025-01-03,10.79,19.33,19.89,10.3901,161799590
2025-01-06,23.632,20.18,27.5,19.07,67484643
2025-01-07,18.96,18.97,21.79,18.65,22651900
2025-01-08,17.275,15.65,17.41,14.85,9697746
2025-01-10,15.22,15.15,16.25,13.71,6019356
2025-01-13,14.59,13.76,14.9,13.612,3907966
2025-01-14,14.25,13.12,15.3799,13.0,5121374
2025-01-15,13.38,13.395,14.515,12.66,5900210
2025-01-16,13.625,12.87,14.9,12.84,6772859
2025-01-17,13.135,12.58,13.135,12.2822,3641634
2025-01-21,12.66,13.66,13.74,12.12,5622713
2025-01-22,14.52,14.61,16.63,13.95,14222654
2025-01-23,14.2,14.02,15.4,13.6,4467826
2025-01-24,14.07,14.04,14.97,13.81,4315375
2025-01-27,13.1,13.1,13.29,12.28,4043088
2025-01-28,13.18,13.43,13.49,12.3,2087126
2025-01-29,13.2,13.22,13.84,12.81,2155641
2025-01-30,13.41,13.54,13.82,12.93,2846169
2025-01-31,13.79,12.46,14.8,12.42,5509770
2025-02-03,11.68,11.37,12.25,11.27,3765350
2025-02-04,11.45,12.07,12.301,11.225,2641180
2025-02-05,12.48,13.1,13.14,11.9,3306983
2025-02-06,13.38,12.74,13.425,12.5113,4547919
2025-02-07,12.25,14.48,14.8298,12.24,7978218
2025-02-10,14.75,16.5,16.74,14.54,5910294
2025-02-11,16.01,14.65,16.579,14.59,3613635
2025-02-12,14.34,14.28,14.95,13.82,2871757
2025-02-13,14.35,14.52,15.27,13.92,2617624
2025-02-14,14.44,13.74,14.65,13.47,2147155
2025-02-18,13.82,13.92,14.19,13.41,1540967
2025-02-19,13.9,13.85,15.13,13.7,2438833
2025-02-20,13.65,13.46,13.705,12.83,1578429
2025-02-21,13.49,12.55,13.7,12.53,2041296
2025-02-24,12.46,12.4,12.58,11.75,1521920
2025-02-25,12.45,11.78,12.54,11.35,1924620
2025-02-26,12.215,11.98,12.49,11.9,1141570
2025-02-27,12.16,11.61,12.49,11.575,1145206
2025-02-28,11.2,11.41,11.79,11.01,1539275
2025-03-03,11.6,10.33,11.71,10.18,1923839
2025-03-04,9.8,10.34,10.66,9.65,1839803
2025-03-05,10.4,10.75,10.94,10.14,1196981
2025-03-06,10.32,10.51,10.88,10.01,1148123
2025-03-07,10.02,10.31,10.36,9.585,1743628
2025-03-10,9.96,9.32,10.17,8.995,1951802
2025-03-11,9.25,9.54,9.84,9.1774,1716702
2025-03-12,9.98,10.12,10.5,9.67,1239829
2025-03-13,10.08,9.35,10.15,9.26,876501
2025-03-14,9.73,9.74,9.88,9.48,1084553
2025-03-17,9.74,10.32,10.53,9.6667,1140860
2025-03-18,10.11,9.84,10.14,9.76,988829
2025-03-19,9.83,9.77,10.015,9.54,876359
2025-03-20,9.7,9.57,9.97,9.49,715757
2025-03-21,9.27,9.57,9.77,9.2,1380315
2025-03-24,10.0,9.88,10.33,9.71,895384
2025-03-25,9.82,9.86,9.905,9.53,863788
2025-03-26,9.75,9.48,9.835,9.2313,966984
2025-03-27,9.26,8.51,9.31,8.485,1394210
2025-03-28,8.31,7.895,8.42,7.6701,1835341
2025-03-31,7.542,7.9,7.96,7.465,1266504
2025-04-01,7.83,7.89,7.9,7.5504,1098368
2025-04-02,7.59,8.42,8.505,7.58,1207255
2025-04-03,7.85,7.63,7.9498,7.57,1116987
2025-04-04,7.17,6.88,7.29,6.3,1667016
2025-04-07,6.285,6.95,7.375,5.94,1254072
2025-04-08,7.49,6.9,7.65,6.655,1356282
2025-04-09,6.79,8.18,8.195,6.52,1632636
2025-04-10,7.715,7.2,7.82,6.9701,1251327
2025-04-11,7.18,7.4,7.49,7.02,781152
