2012-12-17,1.01,1.01,1.01,1.01,100
2014-03-27,1.01,1.01,1.01,1.01,320
2014-03-28,0.25,0.25,0.25,0.25,320
2019-06-12,63.5,58.0,67.0,56.0,19449162
2019-06-13,63.86,67.56,69.67,61.6,10923944
2019-06-14,69.78,64.16,70.79,63.0201,6264212
2019-06-17,64.75,70.01,70.01,62.0,3247471
2019-06-18,73.0,76.5,78.7,71.5,6612626
2019-06-19,78.75,77.22,79.79,73.555,3319070
2019-06-20,78.0,74.85,78.22,70.69,3429610
2019-06-21,72.46,72.23,73.9278,68.3,2657468
2019-06-24,71.05,67.97,72.39,65.08,2448037
2019-06-25,67.1,61.52,68.99,61.17,2482213
2019-06-26,63.3,62.65,64.92,62.005,1625502
2019-06-27,63.39,63.28,64.995,62.571,914612
2019-06-28,64.36,68.29,68.38,63.3,1474303
2019-07-01,69.1,63.2,69.729,61.81,2675367
2019-07-02,63.3,64.52,65.03,61.7211,1738845
2019-07-03,64.68,67.24,67.48,64.52,1564108
2019-07-05,67.15,67.21,67.25,64.84,805222
2019-07-08,68.26,66.91,71.7146,66.9,4567154
2019-07-09,67.42,68.45,69.2,66.88,1782694
2019-07-10,70.0,74.34,74.5,69.5,2719347
2019-07-11,74.5,70.88,74.98,70.5,2351834
2019-07-12,71.6,73.5,75.2,70.5,1838306
2019-07-15,74.0,71.6,74.295,71.4,1325082
2019-07-16,71.93,69.54,73.0873,69.0,1582319
2019-07-17,70.0,71.0,71.56,69.59,1037007
2019-07-18,71.0,72.75,74.19,70.15,3389964
2019-07-19,85.16,83.52,85.85,80.75,13669036
2019-07-22,82.27,87.68,88.5,82.08,5357744
2019-07-23,88.32,86.74,89.44,84.49,2529779
2019-07-24,86.79,87.46,87.85,85.5,1250712
2019-07-25,87.5,92.28,93.339,87.0,3270376
2019-07-26,93.04,92.88,95.5,91.91,2053022
2019-07-29,93.69,87.23,93.9,82.65,3317799
2019-07-30,86.0,94.0,96.19,84.0,3127169
2019-07-31,94.0,89.07,94.8011,86.8167,2475977
2019-08-01,90.07,91.53,94.32,89.4389,2238247
2019-08-02,91.54,88.01,92.78,86.91,1801007
2019-08-05,83.34,85.48,86.92,82.25,2196373
2019-08-06,87.2,85.24,89.76,82.71,1357428
2019-08-07,83.69,84.22,86.45,82.8,990406
2019-08-08,85.49,91.65,91.86,85.49,1692269
2019-08-09,90.25,94.9,98.0,90.0,3063879
2019-08-12,94.25,93.01,98.2,91.53,1895649
2019-08-13,92.84,99.65,100.5,92.84,3034908
2019-08-14,96.52,94.02,97.73,91.6,2822881
2019-08-15,95.99,93.66,97.14,91.3701,1520342
2019-08-16,95.0,96.05,98.1,93.4,1530550
2019-08-19,98.8,99.39,101.4799,95.6,2801463
2019-08-20,99.23,99.16,101.88,97.26,1439345
2019-08-21,100.59,96.58,100.96,96.2701,1805604
2019-08-22,96.29,92.97,96.58,92.8,1767533
2019-08-23,91.37,88.43,91.56,86.0,3050846
2019-08-26,90.24,88.88,90.84,86.13,1463680
2019-08-27,89.28,84.08,89.95,83.2337,1828841
2019-08-28,84.0,86.99,87.5244,82.6141,1921251
2019-08-29,88.3,83.82,89.3463,83.29,1789971
2019-08-30,84.02,81.28,84.94,78.89,1910152
2019-09-03,80.85,83.76,83.8,80.2517,1832813
2019-09-04,85.0,85.31,87.77,82.89,2412963
2019-09-05,86.25,86.85,87.19,82.5,3971133
2019-09-06,79.7,75.98,81.5,75.305,8672342
2019-09-09,76.105,67.1,76.1184,64.34,8598237
2019-09-10,65.7,71.65,71.8,65.7,4672469
2019-09-11,69.21,69.11,70.93,67.2,3113980
2019-09-12,69.68,69.66,72.4,69.06,2923450
2019-09-13,69.86,64.86,70.31,64.71,4166281
2019-09-16,63.71,67.86,68.86,63.5,2804534
2019-09-17,68.64,71.04,71.3342,68.1301,2820589
2019-09-18,70.12,70.85,71.8789,68.8,2003010
2019-09-19,71.5,68.93,71.87,67.64,1690628
2019-09-20,68.95,66.97,69.458,66.19,3374383
2019-09-23,67.12,66.91,68.57,66.54,826629
2019-09-24,67.02,62.52,67.37,62.0,2615966
2019-09-25,62.0,62.02,63.39,60.11,2466798
2019-09-26,62.05,58.3,62.36,57.66,2892188
2019-09-27,58.27,53.46,58.33,52.84,4516813
2019-09-30,53.5,58.31,58.65,51.61,4104029
2019-10-01,58.3,57.89,59.51,55.65,2841737
2019-10-02,56.805,56.63,57.66,54.07,1589815
2019-10-03,59.48,62.14,62.4,56.754,5076359
2019-10-04,62.0,63.84,64.46,61.55,2157446
2019-10-07,63.36,68.78,69.7,62.72,3621793
2019-10-08,67.4,65.3,68.43,64.48,2766793
2019-10-09,66.35,63.08,66.43,62.5,2207773
2019-10-10,62.6,61.41,63.61,60.4,2306927
2019-10-11,58.77,60.27,61.48,57.27,3335811
2019-10-14,55.8,54.52,57.85,53.2,4458071
2019-10-15,55.01,55.21,56.41,54.0301,1982381
2019-10-16,53.57,52.03,55.77,51.8,2597819
2019-10-17,51.76,50.44,53.15,50.33,2785744
2019-10-18,50.0,47.04,50.32,46.46,3675231
2019-10-21,46.93,47.4,48.97,46.2203,2411137
2019-10-22,47.25,46.2,48.48,44.581,2707238
2019-10-23,47.0,47.87,50.43,46.03,3707978
2019-10-24,48.6,51.84,52.18,48.11,2050992
2019-10-25,50.88,50.11,52.07,49.41,1532804
2019-10-28,50.26,47.95,51.3115,47.71,2761081
2019-10-29,47.43,47.8,48.37,46.21,1740730
2019-10-30,47.72,51.445,52.48,46.78,2224354
2019-10-31,51.2,49.91,51.64,48.1,1052905
2019-11-01,49.94,48.5,50.8473,47.75,1441265
2019-11-04,49.15,49.65,50.4832,48.01,1311746
2019-11-05,50.18,48.7,50.6,47.77,1468191
2019-11-06,48.56,47.83,48.71,46.9,1028805
2019-11-07,48.26,45.5,48.5,45.38,1669002
2019-11-08,45.02,47.21,47.21,44.8,1980150
2019-11-11,46.5,46.2,47.0,45.46,1287808
2019-11-12,47.5,47.05,47.85,46.11,1740792
2019-11-13,46.83,52.0,52.44,46.65,2868214
2019-11-14,51.31,52.73,54.92,50.6428,2834077
2019-11-15,53.0,59.75,59.99,53.0,4025799
2019-11-18,60.0,57.07,60.0,55.52,2243460
2019-11-19,57.45,56.0,57.556,53.76,1598494
2019-11-20,55.24,54.88,58.3099,53.39,2260907
2019-11-21,55.46,53.77,55.46,52.8515,963275
2019-11-22,54.19,54.2,55.3,53.75,1029525
2019-11-25,55.32,55.84,56.17,54.855,1849286
2019-11-26,56.5,55.58,58.02,54.26,1998927
2019-11-27,56.37,56.29,56.67,55.23,986792
2019-11-29,56.96,58.0,59.5,56.32,1244410
2019-12-02,58.5,55.01,58.6,52.5407,2931538
2019-12-03,53.29,57.37,57.59,53.01,1402740
2019-12-04,56.61,54.98,57.0,54.3,1607973
2019-12-05,55.0,52.95,55.21,51.61,3557577
2019-12-06,54.0,50.89,55.1,50.5,8033750
2019-12-09,49.14,49.0,50.96,48.41,13807012
2019-12-10,49.92,47.55,50.02,47.22,5760528
2019-12-11,47.01,47.73,48.8,46.33,9367919
2019-12-12,47.95,47.3,48.5,46.32,5712136
2019-12-13,47.5,49.41,49.86,46.7,6366544
2019-12-16,50.0,49.45,50.11,48.15,5035127
2019-12-17,49.34,48.39,49.44,47.52,4745321
2019-12-18,48.96,50.14,50.3,48.6,5660591
2019-12-19,50.45,49.47,50.45,49.2,3047153
2019-12-20,49.91,49.49,50.0,48.58,3120594
2019-12-23,49.25,47.85,49.3,47.61,4589110
2019-12-24,48.0,47.75,48.72,47.15,1508382
2019-12-26,48.41,50.03,50.06,48.09,4779941
2019-12-27,50.3,48.92,50.38,48.2,3510623
2019-12-30,50.0,50.03,50.56,48.3912,5709659
2019-12-31,49.34,49.87,50.34,48.9,3290695
2020-01-02,50.03,49.44,50.75,49.25,4427985
2020-01-03,48.92,50.75,51.99,48.7901,11256554
2020-01-06,51.85,55.11,56.17,51.03,21771072
2020-01-07,54.55,54.75,56.5,54.5,12638949
2020-01-08,54.2,55.66,55.86,53.3,7526569
2020-01-09,56.95,55.94,57.25,55.1,6521874
2020-01-10,56.49,57.2,58.3,56.0,8155289
2020-01-13,57.36,58.97,59.74,57.0,7045548
2020-01-14,59.23,59.24,60.66,57.5,7789240
2020-01-15,59.23,60.25,61.97,59.23,7973345
2020-01-16,61.5,62.24,62.75,61.0,6164623
2020-01-17,63.05,63.45,63.7,62.06,6255850
2020-01-21,63.02,62.24,63.39,61.26,6086676
2020-01-22,63.0,62.57,64.04,62.3,4257778
2020-01-23,62.57,61.55,62.66,60.71,4071701
2020-01-24,62.0,59.25,63.05,57.84,6580248
2020-01-27,56.58,58.06,58.16,55.3103,4425855
2020-01-28,58.66,59.07,59.64,58.13,3073983
2020-01-29,60.0,60.26,61.78,59.74,3483081
2020-01-30,60.0,62.45,62.56,58.94,4162821
2020-01-31,62.5,61.09,63.0,60.25,4062159
2020-02-03,61.13,61.08,61.46,59.65,3706758
2020-02-04,61.92,63.555,64.33,61.15,4618990
2020-02-05,64.21,61.815,64.8,60.06,3998594
2020-02-06,61.6,62.19,62.98,60.18,2259841
2020-02-07,62.0,62.09,63.72,61.82,3055678
2020-02-10,62.33,63.3,63.86,61.45,3877454
2020-02-11,66.0,65.19,66.84,63.6552,7978151
2020-02-12,65.19,65.08,65.5,62.72,5448316
2020-02-13,64.25,65.31,66.2,64.13,4124467
2020-02-14,65.81,64.85,65.83,63.87,4202496
2020-02-18,65.0,66.04,66.28,64.55,4326970
2020-02-19,66.63,66.03,67.56,65.61,5306912
2020-02-20,65.7,63.38,65.98,60.03,6179145
2020-02-21,62.58,60.93,62.64,59.26,4629137
2020-02-24,56.4,58.08,59.25,56.02,4638814
2020-02-25,59.5,57.74,59.79,56.06,5337941
2020-02-26,58.39,58.46,60.26,57.51,4429001
2020-02-27,56.15,57.5,59.45,54.345,4874094
2020-02-28,55.6,59.64,60.02,55.5,4450477
2020-03-02,60.2,59.13,60.97,58.0,4013660
2020-03-03,59.61,56.48,60.7325,55.01,4071468
2020-03-04,57.18,57.2,58.08,56.06,2320969
2020-03-05,56.08,55.92,57.44,54.55,3212544
2020-03-06,54.24,51.96,54.87,50.36,5119948
2020-03-09,46.81,45.74,48.89,45.65,5816707
2020-03-10,48.47,46.91,48.47,45.0,4569922
2020-03-11,45.96,42.85,46.3,42.23,5395728
2020-03-12,38.6,37.82,40.2,35.98,6636462
2020-03-13,39.9,39.55,40.08,36.59,5015228
2020-03-16,36.0,33.01,36.0,32.12,6816301
2020-03-17,33.93,38.01,38.3,31.95,5664702
2020-03-18,35.76,38.63,41.47,35.5,6358453
2020-03-19,40.43,41.74,44.49,38.2,7442733
2020-03-20,49.955,49.01,51.97,46.81,14253612
2020-03-23,46.24,51.45,53.0,46.01,11127193
2020-03-24,54.92,57.33,58.65,54.28,8087964
2020-03-25,56.0,55.78,59.5,55.6,5517240
2020-03-26,55.84,58.64,59.1,55.04,5840860
2020-03-27,57.02,58.79,59.87,56.02,3826133
2020-03-30,58.81,57.72,59.83,56.27,4449457
2020-03-31,57.03,55.68,60.03,55.26,4925797
2020-04-01,54.0,54.58,56.55,53.53,3113910
2020-04-02,54.51,56.69,56.92,54.11,3058704
2020-04-03,55.85,57.82,59.25,55.85,4555900
2020-04-06,59.08,59.07,60.53,58.66,5008134
2020-04-07,59.45,59.6,61.3,57.75,7472839
2020-04-08,59.65,60.32,60.88,59.05,4337540
2020-04-09,60.48,58.15,60.79,57.5,3752874
2020-04-13,58.0,58.77,59.37,57.36,2867117
2020-04-14,59.99,60.89,62.0,58.5,6485718
2020-04-15,59.34,61.82,62.64,58.73,4196854
2020-04-16,62.0,63.45,64.45,61.54,5002061
2020-04-17,64.46,64.74,65.62,63.25,4139739
2020-04-20,64.87,68.43,70.2,64.39,6529901
2020-04-21,68.66,66.07,70.5,62.77,6950252
2020-04-22,67.67,68.07,69.31,67.23,3734368
2020-04-23,68.06,68.91,69.96,68.0,3064956
2020-04-24,69.0,72.0,74.65,68.895,9725058
2020-04-27,73.0,73.6,75.0,72.02,4360219
2020-04-28,74.0,70.13,74.71,68.39,4634072
2020-04-29,71.0,69.28,71.6,68.19,6111394
2020-04-30,69.28,67.66,69.28,67.12,2216753
2020-05-01,66.28,69.21,70.19,65.8,2997771
2020-05-04,68.35,73.43,73.67,67.81,3899618
2020-05-05,74.27,71.59,75.0,70.88,3743180
2020-05-06,71.94,72.44,73.62,69.32,4492886
2020-05-07,74.0,75.49,76.75,73.66,5661630
2020-05-08,76.55,76.7,77.96,75.0,3464212
2020-05-11,77.05,76.23,78.35,76.15,2418245
2020-05-12,77.0,76.15,80.63,75.31,4514351
2020-05-13,77.86,76.57,79.3,73.12,4333098
2020-05-14,76.0,77.14,77.4,74.53,3322230
2020-05-15,77.5,77.14,80.29,76.33,3292902
2020-05-18,78.11,76.1,78.99,75.78,2869357
2020-05-19,76.53,78.55,79.58,76.5,2675401
2020-05-20,80.72,80.97,81.74,79.1503,3564140
2020-05-21,81.62,80.6,81.87,78.8148,2072322
2020-05-22,81.0,82.22,82.7,80.0,2823015
2020-05-26,83.39,79.35,83.4,77.95,4122386
2020-05-27,79.0,77.99,79.0,71.5101,7021299
2020-05-28,78.2,79.5,82.28,78.0,3816778
2020-05-29,83.19,87.81,88.0,81.2,13487761
2020-06-01,90.56,94.84,95.8,90.21,12028839
2020-06-02,96.59,92.25,96.8,90.03,12883326
2020-06-03,99.98,98.1,103.8,95.6,21051536
2020-06-04,94.23,95.98,98.49,91.83,16371219
2020-06-05,92.73,93.93,95.98,88.87,9600631
2020-06-08,93.87,95.43,97.5,93.62,7482362
2020-06-09,96.0,93.9,96.88,93.62,4351106
2020-06-10,95.0,97.22,97.74,94.33,5816775
2020-06-11,94.85,95.04,100.12,94.22,8323151
2020-06-12,97.9865,93.12,97.9865,91.05,6452416
2020-06-15,92.65,99.02,100.0,91.5,9025336
2020-06-16,100.0,101.04,101.68,94.69,9814259
2020-06-17,101.64,98.69,101.7427,97.77,7637680
2020-06-18,98.18,101.61,101.87,97.86,9565135
2020-06-19,103.0,101.08,104.89,100.64,10744141
2020-06-22,101.34,105.02,105.56,100.26,8418191
2020-06-23,105.8,104.27,107.3,103.15,8600862
2020-06-24,103.83,103.7,106.095,100.5,4958050
2020-06-25,103.8,105.71,108.3357,103.64,6112378
2020-06-26,104.0,98.79,104.0,97.52,17438536
2020-06-29,99.77,98.1,99.77,94.18,6304608
2020-06-30,98.44,100.29,101.38,97.33,5056172
2020-07-01,100.0,102.95,103.645,99.25,5355583
2020-07-02,103.65,107.27,107.7,102.3,9060979
2020-07-06,109.339,106.39,109.68,104.715,7913074
2020-07-07,107.0,106.42,108.67,105.21,4591507
2020-07-08,107.37,114.55,114.69,107.1,6953530
2020-07-09,115.51,117.46,118.38,113.11,7064519
2020-07-10,117.57,116.65,118.25,115.41,3437219
2020-07-13,118.02,106.21,118.5799,105.72,7228984
2020-07-14,107.14,105.61,109.35,99.12,9077257
2020-07-15,105.58,103.15,106.0226,100.59,4948475
2020-07-16,102.1,101.06,102.815,98.61,5095948
2020-07-17,101.4047,101.43,102.8699,99.0,5725541
2020-07-20,101.89,106.72,106.9466,101.66,5959176
2020-07-21,108.44,106.6,108.47,104.44,3628874
2020-07-22,106.6,103.71,107.176,102.6,3863734
2020-07-23,104.56,101.46,105.6599,99.6,3726716
2020-07-24,99.1,100.03,101.67,97.06,4076704
2020-07-27,101.32,103.6,104.35,100.17,4537546
2020-07-28,104.4,105.73,109.28,103.8214,4704482
2020-07-29,107.61,112.92,113.83,107.4014,5178785
2020-07-30,111.0,111.91,112.8,108.91,2895945
2020-07-31,112.91,113.2,113.84,109.41,2813279
2020-08-03,114.48,115.48,116.18,112.25,4292455
2020-08-04,115.56,114.96,116.0,112.78,2667534
2020-08-05,114.97,114.75,116.18,113.98,4431975
2020-08-06,114.56,110.3,115.41,109.03,3871844
2020-08-07,107.2,101.75,107.39,100.28,6637368
2020-08-10,102.81,97.0,102.81,96.7,7267486
2020-08-11,97.1,98.16,100.5,93.37,8324166
2020-08-12,98.61,98.45,100.41,97.23,3193307
2020-08-13,99.44,100.89,102.12,98.31,3254917
2020-08-14,103.21,101.25,104.36,100.9107,3416024
2020-08-17,102.01,105.34,105.5,101.75,2817431
2020-08-18,106.52,107.1,107.65,105.6233,2551599
2020-08-19,107.65,108.15,109.69,105.7,2234737
2020-08-20,107.55,112.49,112.65,106.82,2803516
2020-08-21,112.0,112.02,113.53,110.87,2348640
2020-08-24,113.4,111.245,113.6561,108.26,2810981
2020-08-25,110.3,113.57,114.45,109.35,2817384
2020-08-26,115.01,117.11,119.9429,114.26,4861880
2020-08-27,117.4,117.13,118.27,113.78,3181375
2020-08-28,118.2598,118.64,121.0,117.42,3602817
2020-08-31,120.0,125.73,126.5499,120.0,8674423
2020-09-01,134.44,143.69,144.68,130.0,16047964
2020-09-02,152.04,142.07,153.1,130.98,32009783
2020-09-03,131.0,129.25,138.79,127.0,21225913
2020-09-04,125.28,125.19,129.95,115.25,10846622
2020-09-08,118.86,125.63,128.93,118.0,6962851
2020-09-09,129.611,128.18,129.6959,124.0,5758320
2020-09-10,130.28,129.35,134.05,128.4,6511669
2020-09-11,131.12,126.28,131.6642,122.85,4284125
2020-09-14,127.78,128.5,129.9,127.15,4223127
2020-09-15,130.6514,131.45,132.19,127.35,5177527
2020-09-16,132.0,131.15,133.84,129.52,3653595
2020-09-17,127.48,128.58,129.23,124.8,4945102
2020-09-18,130.22,131.43,132.1,126.72,11713148
2020-09-21,127.25,138.13,138.55,125.45,7614075
2020-09-22,138.52,142.68,142.68,134.2,5846754
2020-09-23,141.0,138.6,143.7,136.91,3947458
2020-09-24,137.12,133.9,137.9,132.4,4402909
2020-09-25,135.8,136.39,138.6,134.6501,3437433
2020-09-28,137.82,137.43,141.67,136.3,4233555
2020-09-29,137.7,136.35,138.3546,135.365,2122870
2020-09-30,135.31,137.32,139.02,133.655,3669578
2020-10-01,139.5,142.87,145.7599,138.0,7842336
2020-10-02,139.73,139.87,145.5,138.6,3449488
2020-10-05,143.81,144.88,148.28,142.81,5863248
2020-10-06,146.0,145.13,148.67,143.5,5596359
2020-10-07,146.0,144.57,148.84,144.28,4620652
2020-10-08,146.45,142.97,146.46,141.53,3440686
2020-10-09,144.1,143.57,145.63,142.6101,2364073
2020-10-12,146.5,145.96,149.75,144.82,4188117
2020-10-13,147.08,152.8,153.6299,147.0079,6103281
2020-10-14,153.6,147.79,153.9,145.325,4943980
2020-10-15,143.39,145.36,145.75,141.13,4383123
2020-10-16,148.0,145.34,148.88,144.91,2960228
2020-10-19,146.72,144.66,149.59,143.67,3149154
2020-10-20,145.285,142.64,146.49,142.1501,2572474
2020-10-21,143.07,135.14,143.6699,132.55,6095209
2020-10-22,136.83,134.54,138.68,131.64,5158901
2020-10-23,134.91,135.42,135.54,132.8,1955021
2020-10-26,134.01,133.08,138.45,129.52,3623763
2020-10-27,134.078,133.48,136.1287,131.63,2263148
2020-10-28,132.05,131.57,132.82,129.11,2599204
2020-10-29,132.36,127.36,132.7,126.34,3186766
2020-10-30,125.4,123.84,126.32,120.45,4176654
2020-11-02,124.55,124.47,126.76,121.77,2503008
2020-11-03,125.71,126.86,127.47,123.83,2021397
2020-11-04,133.98,136.32,137.13,132.0,3461903
2020-11-05,140.485,138.92,141.6,137.71,2949925
2020-11-06,138.58,141.79,144.29,138.11,2614845
2020-11-09,136.25,126.55,137.36,126.02,6457915
2020-11-10,127.08,123.5,128.0,118.1,4935818
2020-11-11,128.1327,130.96,132.1764,127.5,3677317
2020-11-12,132.92,137.3,137.5,132.1,3837735
2020-11-13,137.75,132.18,138.0,131.19,3033270
2020-11-16,129.39,131.58,132.89,128.215,3050205
2020-11-17,132.74,137.78,139.8,130.5,4891515
2020-11-18,137.73,137.68,139.47,135.0,2221095
2020-11-19,138.39,143.76,147.09,138.015,4802504
2020-11-20,145.19,145.72,146.95,143.26,2982769
2020-11-23,146.5,147.54,149.13,142.45,3273091
2020-11-24,145.7,149.45,149.5,143.7735,3597051
2020-11-25,150.0,149.96,151.7,147.193,3144430
2020-11-27,150.38,150.83,152.19,148.53,1773456
2020-11-30,154.55,153.28,155.0,146.3075,4840263
2020-12-01,153.5,147.5,153.9999,145.67,4190708
2020-12-02,144.36,141.84,144.69,138.24,6531335
2020-12-03,159.52,161.19,165.75,155.54,14267475
2020-12-04,160.36,167.26,168.97,157.59,7645949
2020-12-07,168.0,170.72,172.69,166.1001,5153392
2020-12-08,171.29,177.48,178.88,170.8,4596063
2020-12-09,175.44,166.17,177.7,162.89,6358401
2020-12-10,165.35,179.99,181.8,164.15,9464406
2020-12-11,177.17,175.92,178.88,171.38,5328746
2020-12-14,176.8115,173.8,179.5131,172.88,3276771
2020-12-15,175.4034,174.93,176.5,172.4,2753722
2020-12-16,177.05,179.79,182.21,176.55,4415568
2020-12-17,182.14,185.25,186.9,180.79,3899642
2020-12-18,193.7,203.75,205.91,193.7,15264153
2020-12-21,202.24,210.65,211.6094,201.8,8917236
2020-12-22,213.015,224.9,225.75,211.55,8308401
2020-12-23,225.63,223.5,227.2624,216.21,5039762
2020-12-24,223.5,221.12,227.3599,219.2822,2407244
2020-12-28,225.0886,212.55,227.0934,212.0159,4614644
2020-12-29,210.6,205.93,213.5,202.78,8153413
2020-12-30,207.77,210.29,210.9893,205.24,2550811
2020-12-31,211.47,211.82,214.25,208.1,2597782
2021-01-04,209.96,200.49,211.44,195.985,6281340
2021-01-05,200.245,211.24,211.97,197.75,5072240
2021-01-06,204.0,208.85,214.695,203.0,4703889
2021-01-07,213.025,221.47,222.1,213.025,4194579
2021-01-08,225.83,223.73,228.82,220.11,3537355
2021-01-11,223.65,232.24,234.63,218.0,5128680
2021-01-12,233.405,233.59,238.54,233.0,3384442
2021-01-13,236.5,226.42,236.55,225.6,3553954
2021-01-14,228.65,225.62,231.9,222.76,3101836
2021-01-15,228.08,219.51,230.05,218.75,3654913
2021-01-19,224.0,221.92,224.66,217.51,3662919
2021-01-20,227.0,226.33,228.57,222.2,2128758
2021-01-21,228.0,221.0,228.5,219.81,3175741
2021-01-22,220.97,223.52,226.15,220.31,2042153
2021-01-25,227.72,217.49,230.63,208.69,5213234
2021-01-26,217.13,206.8,217.6312,206.01,5463870
2021-01-27,200.0,200.93,207.76,193.86,6109072
2021-01-28,202.0,212.49,216.8,201.72,3416345
2021-01-29,211.33,215.8,217.55,205.3601,4000451
2021-02-01,216.56,215.01,218.49,210.45,2932115
2021-02-02,218.53,219.64,221.47,212.53,3584306
2021-02-03,223.0,218.12,223.49,216.27,2903829
2021-02-04,219.74,224.01,224.29,216.81,3212615
2021-02-05,226.0,223.53,227.95,222.4,2134164
2021-02-08,225.5045,222.36,228.65,219.15,2210580
2021-02-09,221.2,223.72,225.39,220.4,1869484
2021-02-10,225.0,231.35,233.55,220.4,3381544
2021-02-11,233.49,234.8,239.89,229.13,3980911
2021-02-12,236.55,242.1,245.42,233.5,3891194
2021-02-16,248.54,242.42,251.28,237.61,3296598
2021-02-17,238.9,238.56,242.6,229.15,2983495
2021-02-18,236.7827,239.25,241.32,231.6,2640404
2021-02-19,241.83,239.2,246.21,236.61,2333434
2021-02-22,235.6517,225.83,237.8,222.42,3268466
2021-02-23,211.2,218.39,219.21,198.162,5899516
2021-02-24,219.78,216.6,219.88,207.5,3944337
2021-02-25,216.43,208.66,221.8063,204.9,3604361
2021-02-26,209.3,216.0,217.19,204.52,4903513
2021-03-01,220.8192,223.4,223.84,215.86,2355748
2021-03-02,226.5,222.1,231.16,221.52,2538463
2021-03-03,220.8571,210.62,223.47,206.61,4155221
2021-03-04,204.79,192.99,208.3773,187.1901,6635090
2021-03-05,194.64,183.12,195.41,168.67,9437981
2021-03-08,184.29,179.75,192.44,178.9,5302577
2021-03-09,192.65,199.1,201.14,189.5,3865483
2021-03-10,204.0,194.86,208.22,192.5,3506867
2021-03-11,203.99,205.8,206.67,198.42,3597827
2021-03-12,200.9,199.0,200.98,195.31,3033946
2021-03-15,199.5,200.55,201.47,195.0211,2528903
2021-03-16,203.81,196.31,209.1,193.5,6766359
2021-03-17,199.0,208.03,210.88,191.28,11955136
2021-03-18,203.59,190.21,203.75,189.61,8827098
2021-03-19,192.88,194.63,197.79,190.02,7375768
2021-03-22,191.91,195.73,198.0,190.23,5560978
2021-03-23,195.74,190.6,197.85,189.69,4210512
2021-03-24,191.0,181.6,193.5,180.11,3994319
2021-03-25,175.67,179.16,181.88,174.58,3755740
2021-03-26,179.03,177.685,181.5,170.1,3732751
2021-03-29,177.6898,173.85,182.73,171.2,3050521
2021-03-30,171.08,175.28,176.2399,168.76,4277951
2021-03-31,179.24,182.51,184.99,178.71,4268053
2021-04-01,188.7665,187.03,194.5,185.43,3344385
2021-04-05,191.43,186.62,191.67,184.72,3767691
2021-04-06,186.62,194.38,198.2711,185.86,3672348
2021-04-07,195.07,193.93,196.8899,190.64,2332473
2021-04-08,197.545,203.45,204.31,195.6735,4613302
2021-04-09,201.44,202.68,204.24,194.31,4503978
2021-04-12,201.53,203.99,206.15,197.51,3306838
2021-04-13,206.52,216.35,219.0,206.14,5361839
2021-04-14,216.39,208.2,217.4,207.5,3263769
2021-04-15,215.5,213.1,215.5,207.81,4337515
2021-04-16,213.5065,215.2,216.54,208.49,3579673
2021-04-19,211.05,213.37,223.23,210.29,3872852
2021-04-20,216.09,206.6,217.74,205.58,2743349
2021-04-21,205.48,210.37,212.2189,201.5308,1975392
2021-04-22,212.0,216.73,223.93,212.0,5216851
2021-04-23,219.51,219.3,224.99,217.73,2500362
2021-04-26,220.05,224.47,225.1,215.93,3614626
2021-04-27,225.48,221.25,227.2,219.8907,2326723
2021-04-28,217.87,220.24,223.26,215.0229,2486635
2021-04-29,221.0,211.53,221.0,208.42,3322318
2021-04-30,207.3335,208.51,214.35,207.0,2028927
2021-05-03,209.0,205.12,209.59,204.0204,2304113
2021-05-04,201.95,197.79,202.99,191.36,4274710
2021-05-05,202.26,193.24,202.74,192.0,2307485
2021-05-06,191.52,187.07,191.52,180.67,4903490
2021-05-07,194.28,189.18,197.79,187.9101,3182322
2021-05-10,189.18,187.58,190.7,183.8,4166120
2021-05-11,178.92,195.1,195.35,177.2874,4910455
2021-05-12,192.0,189.27,195.5,185.66,3769386
2021-05-13,190.965,183.76,192.85,179.41,3301530
2021-05-14,187.5124,190.64,191.35,183.76,2377390
2021-05-17,189.76,188.53,192.514,185.0,2023550
2021-05-18,191.33,196.78,199.31,187.51,4125258
2021-05-19,189.63,198.71,199.75,189.27,4273495
2021-05-20,201.55,204.03,205.38,199.01,2564334
2021-05-21,207.84,210.6,210.99,205.62,3554421
2021-05-24,212.44,214.35,215.32,209.36,2877928
2021-05-25,214.58,212.86,216.59,211.84,1827870
2021-05-26,217.96,219.96,225.3799,216.38,3702203
2021-05-27,218.0,222.81,222.98,211.345,4073508
2021-05-28,222.85,222.15,225.925,221.0,2580320
2021-06-01,223.23,222.07,226.95,218.85,2882966
2021-06-02,221.35,220.58,223.25,218.5723,2193340
2021-06-03,220.05,216.0,220.54,213.93,4565772
2021-06-04,216.99,206.94,217.41,205.33,7318288
2021-06-07,206.44,215.41,217.81,204.5301,5854901
2021-06-08,217.735,215.14,221.6,212.63,2891916
2021-06-09,215.69,213.95,216.69,211.225,3353014
2021-06-10,214.89,228.6,229.41,214.76,7787236
2021-06-11,226.61,231.27,232.0,224.61,4010214
2021-06-14,231.5,233.53,234.7382,228.6,2725469
2021-06-15,233.75,228.34,234.0,227.29,2319285
2021-06-16,229.0,234.17,235.8,227.65,5452575
2021-06-17,233.0,241.31,241.4492,232.0,4985713
2021-06-18,241.2,244.91,247.94,239.66,5987322
2021-06-21,238.04,237.68,238.84,231.0,5998217
2021-06-22,243.83,256.61,257.545,242.8,9390447
2021-06-23,255.31,252.9,257.1639,249.35,3504853
2021-06-24,255.7715,253.7,258.39,251.08,3231137
2021-06-25,255.0,253.24,256.79,249.55,3799215
2021-06-28,255.0,255.09,260.82,253.8,3167904
2021-06-29,255.09,257.12,259.75,251.31,2298550
2021-06-30,257.1383,251.31,260.02,251.3,2820584
2021-07-01,251.0,251.16,254.0,245.54,2511532
2021-07-02,254.2693,252.59,256.35,250.72,1916376
2021-07-06,257.84,264.98,267.17,257.7002,5669463
2021-07-07,268.73,267.52,269.68,260.63,3485368
2021-07-08,259.65,263.39,265.165,254.28,3414235
2021-07-09,262.955,264.44,265.0,259.6,2587009
2021-07-12,267.6965,261.79,269.89,260.3,2146209
2021-07-13,261.14,261.16,267.49,259.11,2246313
2021-07-14,263.16,254.23,264.06,252.65,2705171
2021-07-15,255.74,249.3,255.85,247.05,2532927
2021-07-16,252.01,249.96,253.63,248.4188,2113810
2021-07-19,245.05,250.4,252.15,239.71,3196104
2021-07-20,254.895,252.24,255.0,245.87,2417450
2021-07-21,252.45,253.55,254.84,249.51,1841526
2021-07-22,254.72,263.04,265.0,254.6416,3284275
2021-07-23,261.32,268.96,272.63,260.518,3749114
2021-07-26,267.56,264.83,268.31,261.43,1718234
2021-07-27,266.0,257.84,266.9613,254.03,2357737
2021-07-28,260.18,263.58,264.8799,258.0,1863104
2021-07-29,263.51,260.03,266.7602,259.56,2142739
2021-07-30,256.07,253.61,259.5699,252.5714,2265878
2021-08-02,254.26,253.91,257.17,246.2001,2286464
2021-08-03,255.31,254.34,262.5824,250.58,2570702
2021-08-04,255.38,264.21,265.19,254.13,2079838
2021-08-05,265.31,265.62,268.33,261.435,1871988
2021-08-06,264.3,260.74,267.74,256.13,1839962
2021-08-09,258.95,263.56,265.5,258.1964,1614178
2021-08-10,266.25,252.67,266.685,252.1,3214411
2021-08-11,254.2046,239.88,254.98,233.86,5487831
2021-08-12,240.0,245.82,247.46,239.88,2480860
2021-08-13,245.82,243.82,248.9639,242.28,1767371
2021-08-16,243.33,234.71,243.459,229.07,3758519
2021-08-17,234.0,232.8,234.27,227.25,3091366
2021-08-18,233.475,233.78,237.5,230.23,2028006
2021-08-19,231.9753,234.96,237.2,231.02,2077134
2021-08-20,236.54,237.88,238.64,233.322,1740925
2021-08-23,242.1,245.8,246.81,239.3111,2670947
2021-08-24,260.57,265.63,269.68,258.42,11061200
2021-08-25,267.03,270.0,275.75,265.19,14749051
2021-08-26,269.58,278.77,281.81,268.39,6780124
2021-08-27,279.545,282.31,285.76,277.75,4041365
2021-08-30,285.31,286.37,289.24,280.5,4772935
2021-08-31,281.99,281.0,286.4,278.375,8621669
2021-09-01,273.22,269.97,285.45,269.2842,11742306
2021-09-02,272.25,272.67,275.18,269.38,4187975
2021-09-03,272.59,278.23,278.84,271.2001,3472820
2021-09-07,279.37,269.68,279.7999,268.3091,4476131
2021-09-08,270.23,265.23,270.58,263.66,3044745
2021-09-09,265.01,265.16,269.85,264.53,2972181
2021-09-10,268.07,262.0,269.7,260.57,3040704
2021-09-13,258.72,254.03,259.69,248.38,4953411
2021-09-14,256.04,257.3,259.0528,253.83,2462289
2021-09-15,257.89,259.57,259.98,254.36,2339487
2021-09-16,260.23,264.74,265.06,257.05,2282767
2021-09-17,266.33,263.09,266.72,259.57,4606585
2021-09-20,254.35,257.56,261.62,253.13,2866953
2021-09-21,254.65,254.11,259.59,252.51,4293096
2021-09-22,252.89,259.86,261.07,250.55,2386306
2021-09-23,262.49,262.29,264.29,259.93,1910648
2021-09-24,262.05,261.75,262.05,254.17,2039405
2021-09-27,259.3,253.34,260.89,250.3,3583377
2021-09-28,249.05,241.86,249.83,240.31,3817716
2021-09-29,243.7,239.57,248.32,238.57,2836472
2021-09-30,240.88,245.78,247.71,240.27,2514867
2021-10-01,246.6502,249.27,252.62,243.23,2576131
2021-10-04,245.57,238.88,247.26,235.63,3179799
2021-10-05,240.09,244.92,246.1,239.277,2174878
2021-10-06,243.34,248.2,251.61,242.77,2139167
2021-10-07,251.3275,249.88,253.7799,249.67,1781983
2021-10-08,250.1519,245.0,250.97,243.5,1760653
2021-10-11,243.21,244.36,248.71,241.65,1113236
2021-10-12,246.19,252.74,254.3,243.27,2314980
2021-10-13,253.81,270.44,271.8,253.81,5486999
2021-10-14,270.06,276.01,276.89,268.2795,4921023
2021-10-15,276.0,273.11,276.0,270.29,2552725
2021-10-18,273.0,285.35,285.71,270.1,3289997
2021-10-19,283.23,282.35,285.3,278.89,2298499
2021-10-20,282.7093,283.33,288.405,279.57,1775382
2021-10-21,283.0,284.1,287.5,282.01,1951103
2021-10-22,284.23,283.39,290.73,280.32,2545994
2021-10-25,284.0,280.1,285.324,278.06,2084477
2021-10-26,284.0,287.08,297.4,283.02,4393258
2021-10-27,287.859,279.0,291.5,278.22,2319209
2021-10-28,278.0,281.17,283.73,273.04,1538608
2021-10-29,281.0,281.8,284.5,279.54,1238991
2021-11-01,275.5413,269.17,275.5413,263.23,4901956
2021-11-02,266.58,268.12,270.87,264.31,2488581
2021-11-03,269.9,270.65,271.4999,265.81,2022125
2021-11-04,272.71,279.62,280.18,270.92,2197438
2021-11-05,281.0,273.43,283.69,270.2401,2282490
2021-11-08,274.29,282.93,284.415,272.17,2254886
2021-11-09,285.6756,293.18,295.77,281.63,3175528
2021-11-10,290.99,281.56,298.48,278.785,4038950
2021-11-11,285.44,280.92,288.6,280.72,1254802
2021-11-12,283.96,284.3,289.53,281.51,1733343
2021-11-15,270.86,254.15,272.37,247.75,12636895
2021-11-16,255.31,262.51,262.88,253.99,4216675
2021-11-17,265.39,269.78,270.58,262.3912,3368795
2021-11-18,270.42,264.72,274.98,264.56,2552500
2021-11-19,269.4,257.63,269.66,256.91,2587219
2021-11-22,252.7554,239.64,253.33,235.1,6079761
2021-11-23,231.0,230.58,236.77,224.05,7277746
2021-11-24,229.64,230.77,232.06,222.62,3130329
2021-11-26,235.72,232.64,236.3,227.86,2154810
2021-11-29,235.0,224.57,235.685,221.03,6396549
2021-11-30,226.825,217.14,229.04,216.49,5052869
2021-12-01,220.6877,201.5,225.6,199.1826,8103894
2021-12-02,207.975,209.35,212.6,201.19,9341174
2021-12-03,212.84,197.05,213.26,188.43,7840127
2021-12-06,190.05,194.71,196.0,185.71,5275367
2021-12-07,200.62,204.32,208.11,200.62,4432396
2021-12-08,205.605,209.18,211.0,200.05,3981053
2021-12-09,209.96,201.27,213.4,199.4,3387837
2021-12-10,201.7475,198.6,205.5,196.5,3326734
2021-12-13,198.59,198.68,204.17,194.32,4050630
2021-12-14,197.008,198.71,200.62,192.0,3841725
2021-12-15,198.55,210.71,212.2,194.75,4494215
2021-12-16,211.695,200.28,212.29,196.92,4081652
2021-12-17,196.2124,205.1,206.85,193.2,5463149
2021-12-20,200.2373,206.29,209.79,200.0,3489048
2021-12-21,207.33,210.31,210.81,200.03,2874418
2021-12-22,205.48,207.6,210.5,204.31,2864414
2021-12-23,207.6,211.52,213.0,204.6501,2668181
2021-12-27,211.48,209.64,217.1099,209.15,2747101
2021-12-28,210.0,207.23,210.87,206.28,1520261
2021-12-29,206.69,206.87,207.43,201.35,1925654
2021-12-30,207.0,208.95,213.59,206.0,1975285
2021-12-31,208.95,204.75,208.98,204.57,1718128
2022-01-03,205.0,198.33,205.575,193.51,5319663
2022-01-04,195.89,189.19,197.445,183.32,6503366
2022-01-05,185.0,179.29,191.36,178.99,5003434
2022-01-06,180.25,187.49,192.17,176.25,6368561
2022-01-07,185.0,188.99,193.27,184.81,3531874
2022-01-10,182.61,192.5,193.18,174.87,7052045
2022-01-11,189.61,196.11,198.5,188.74,3663060
2022-01-12,196.61,187.97,200.68,185.7,6002800
2022-01-13,188.15,174.9,188.49,173.53,7565371
2022-01-14,173.87,176.7,181.4999,172.17,4674749
2022-01-18,172.73,172.85,183.88,170.05,4736298
2022-01-19,171.71,175.71,181.8872,171.52,4438483
2022-01-20,177.33,173.89,182.5,173.335,3172273
2022-01-21,171.88,164.73,173.25,163.11,6318057
2022-01-24,157.175,167.27,168.22,150.02,8767713
2022-01-25,167.0,158.59,168.95,157.5,5277952
2022-01-26,162.26,160.94,171.24,159.27,5048969
2022-01-27,164.16,159.81,167.77,158.36,3893462
2022-01-28,160.6,168.9,169.17,156.12,4517639
2022-01-31,170.7,180.64,180.88,170.24,4939763
2022-02-01,182.01,182.15,182.9137,176.24,3006965
2022-02-02,183.0,177.04,185.0,174.08,3525373
2022-02-03,171.9733,170.63,175.8,169.52,3217871
2022-02-04,170.89,177.21,178.64,169.0,2080619
2022-02-07,176.8,178.84,183.19,176.36,1988636
2022-02-08,175.98,178.9,184.12,175.83,3821585
2022-02-09,182.1,186.9,187.0,181.01,2571474
2022-02-10,182.23,187.88,193.48,182.22,3465316
2022-02-11,188.49,181.86,191.25,178.61,3268739
2022-02-14,180.0633,180.6,186.62,179.91,2648850
2022-02-15,185.103,189.3,189.5,182.41,2471040
2022-02-16,186.2361,183.28,186.6123,180.34,2754877
2022-02-17,181.86,169.85,181.88,168.96,3644440
2022-02-18,169.06,164.93,170.98,164.12,3345149
2022-02-22,161.5,166.71,170.88,161.4774,3281174
2022-02-23,170.615,161.83,171.6,161.636,3659350
2022-02-24,153.5,182.88,184.33,153.5,9574749
2022-02-25,182.51,181.75,183.7,174.26,5477691
2022-02-28,187.35,195.21,197.25,186.73,8335714
2022-03-01,201.33,197.64,205.68,195.8535,6864839
2022-03-02,198.6,201.75,203.37,190.27,4295650
2022-03-03,200.0,191.02,204.8,189.08,5157848
2022-03-04,193.76,179.03,193.86,177.28,4726027
2022-03-07,180.99,167.4,182.46,165.59,5122388
2022-03-08,165.0,156.77,165.01,155.36,6671756
2022-03-09,161.31,169.79,171.08,157.6701,9287180
2022-03-10,187.9,191.02,198.67,182.55,24135352
2022-03-11,191.12,190.54,197.0,189.5,7983054
2022-03-14,188.01,183.12,191.92,178.0,5855474
2022-03-15,183.5,188.64,189.04,178.16,5086041
2022-03-16,191.59,189.66,197.82,181.28,7738948
2022-03-17,189.28,204.13,205.11,186.52,6523539
2022-03-18,201.6,208.06,209.6746,200.75,6604140
2022-03-21,203.0,204.13,205.49,195.5,6307070
2022-03-22,204.2,217.06,219.75,204.01,6391909
2022-03-23,213.245,219.48,223.98,210.565,4624850
2022-03-24,220.0,223.4,223.49,215.2,3055263
2022-03-25,225.0,221.95,225.75,216.7,2813760
2022-03-28,220.15,222.12,225.75,216.91,2691183
2022-03-29,224.45,223.01,225.44,213.55,4299902
2022-03-30,220.74,224.96,231.5,218.38,4551594
2022-03-31,225.05,227.08,232.35,223.03,4145215
2022-04-01,225.3,227.85,232.86,224.53,3909203
2022-04-04,228.0,229.03,230.07,225.6,3009267
2022-04-05,229.99,219.96,230.37,217.885,3565323
2022-04-06,212.535,211.22,215.59,207.2001,4390460
2022-04-07,210.78,217.03,221.5,210.28,3544107
2022-04-08,221.5,218.21,227.7,215.2,6730437
2022-04-11,213.77,216.6,219.99,208.44,3158924
2022-04-12,227.35,223.51,236.1794,222.33,8701412
2022-04-13,224.11,239.86,242.0,223.75,8119749
2022-04-14,238.02,235.22,239.55,235.06,4356424
2022-04-18,234.0,224.99,234.5,222.16,3601286
2022-04-19,224.99,228.66,230.76,222.3,2710350
2022-04-20,229.32,222.49,232.0,217.5,3422397
2022-04-21,223.81,209.85,227.2,207.82,3180681
2022-04-22,209.0,205.62,214.165,203.68,2816824
2022-04-25,202.84,214.58,216.5,202.0201,3017784
2022-04-26,211.74,201.4,212.85,201.07,3336967
2022-04-27,200.09,201.06,206.96,198.14,2605941
2022-04-28,202.81,207.06,209.97,198.57,2601197
2022-04-29,206.61,198.76,212.19,197.8,2938698
2022-05-02,198.5,203.65,204.5,196.57,2278606
2022-05-03,203.65,199.4,207.83,195.11,3338605
2022-05-04,200.36,200.39,200.7,181.39,6187314
2022-05-05,199.02,180.98,199.04,177.1726,4986886
2022-05-06,178.665,164.81,178.89,160.74,8285622
2022-05-09,159.01,143.69,160.6,142.06,9275447
2022-05-10,150.67,151.88,154.27,139.71,7393111
2022-05-11,148.324,137.4,152.745,136.82,6478306
2022-05-12,134.2,139.81,145.0,130.0,5989014
2022-05-13,143.06,156.29,157.7579,143.06,6244140
2022-05-16,154.0,146.39,157.68,144.82,4115787
2022-05-17,151.33,147.27,154.87,140.8,5316042
2022-05-18,144.18,138.5,148.42,136.36,5895101
2022-05-19,138.6,142.64,148.79,136.68,4582168
2022-05-20,151.78,148.74,156.7052,142.05,8197524
2022-05-23,147.76,149.27,153.97,144.87,4388801
2022-05-24,146.69,139.87,148.3799,137.05,4244430
2022-05-25,138.825,146.64,148.82,137.7,4515817
2022-05-26,145.7,155.84,160.25,145.26,5502230
2022-05-27,158.89,166.82,167.36,158.67,4522054
2022-05-31,167.57,159.99,170.56,158.05,5849626
2022-06-01,163.01,161.45,168.0,158.35,4977077
2022-06-02,161.0,174.02,176.56,160.99,8498735
2022-06-03,165.864,162.1,170.8199,160.69,9303161
2022-06-06,167.48,168.97,171.35,162.71,6826036
2022-06-07,166.1,176.68,181.89,165.8419,5790887
2022-06-08,176.0,178.84,180.47,175.05,2892975
2022-06-09,176.5,173.55,179.58,173.41,2914520
2022-06-10,168.125,169.32,170.5,165.08,4204282
2022-06-13,158.71,154.52,160.88,150.63,5620312
2022-06-14,156.0,159.26,162.25,153.54,3283011
2022-06-15,161.33,164.35,167.5,159.27,3634976
2022-06-16,157.04,157.21,161.45,153.76,3776832
2022-06-17,158.5,163.9,165.51,157.93,4364806
2022-06-21,165.0,164.64,170.85,163.08,4520282
2022-06-22,162.61,165.71,171.67,161.8968,2986531
2022-06-23,168.59,174.9,176.5999,166.65,4344314
2022-06-24,177.99,184.99,188.68,177.29,6131930
2022-06-27,185.02,181.93,185.64,177.33,2862997
2022-06-28,181.44,174.19,183.93,171.71,3114642
2022-06-29,174.375,175.94,177.86,171.72,2238135
2022-06-30,173.62,168.56,174.8,163.55,4214631
2022-07-01,168.24,179.25,179.63,167.47,3710357
2022-07-05,179.2,187.02,188.97,175.72,6392256
2022-07-06,188.29,185.92,190.7,183.0699,3207243
2022-07-07,185.32,190.2,192.82,185.32,3485305
2022-07-08,185.0,190.38,194.85,184.1,3143184
2022-07-11,188.0,185.37,188.3759,181.0501,2422288
2022-07-12,186.9,174.39,190.21,172.9,4124465
2022-07-13,169.98,174.97,178.74,168.338,2949191
2022-07-14,172.34,172.75,174.67,167.65,2970522
2022-07-15,174.07,177.9,179.22,171.13,2928316
2022-07-18,183.52,177.25,183.52,176.71,2690451
2022-07-19,180.35,180.55,180.71,174.5,2560022
2022-07-20,182.98,184.3,187.54,181.03,3081697
2022-07-21,183.55,189.0,189.24,181.61,2506924
2022-07-22,190.0,183.53,193.92,181.0,2801625
2022-07-25,182.8,182.62,184.075,178.43,1698834
2022-07-26,182.17,169.17,182.61,168.1,3533736
2022-07-27,175.3,176.96,178.705,171.5,2794428
2022-07-28,176.78,182.09,182.55,174.75,2748074
2022-07-29,182.91,183.6,184.0,178.06,2635130
2022-08-01,180.78,183.3,187.65,178.99,2422433
2022-08-02,180.52,188.14,189.64,179.52,2771333
2022-08-03,191.07,195.32,197.14,190.8,3123904
2022-08-04,191.31,189.24,192.0,182.45,5036334
2022-08-05,186.0,191.17,192.61,184.82,2750975
2022-08-08,193.69,189.52,197.48,188.91,3188842
2022-08-09,188.16,186.78,190.0,184.82,1821496
2022-08-10,193.34,200.8,201.74,193.33,3901272
2022-08-11,204.0,198.06,205.73,196.0733,2913326
2022-08-12,203.0,200.87,203.0,199.03,1767231
2022-08-15,199.26,201.82,202.9,196.21,2438022
2022-08-16,200.0,200.41,201.07,195.78,2926175
2022-08-17,196.4,196.89,198.51,194.27,2237630
2022-08-18,195.33,195.76,197.25,193.81,1642559
2022-08-19,192.74,190.52,193.5,188.55,2235601
2022-08-22,186.36,185.88,188.65,184.0001,2470509
2022-08-23,191.46,192.36,193.8886,190.09,3410158
2022-08-24,196.2,194.62,199.4099,194.59,3223078
2022-08-25,199.295,202.94,203.67,197.54,3042317
2022-08-26,202.64,194.56,202.7,194.52,3583644
2022-08-29,191.005,192.05,197.1896,190.69,2707018
2022-08-30,196.32,193.295,198.14,189.12,7286682
2022-08-31,197.21,182.61,197.94,178.385,15736322
2022-09-01,178.45,172.97,180.0,169.08,6886347
2022-09-02,174.28,172.45,177.13,170.91,4350031
2022-09-06,172.45,171.15,172.69,168.62,2964771
2022-09-07,170.69,171.96,173.09,166.8,3204737
2022-09-08,170.17,179.875,179.88,169.16,3184275
2022-09-09,183.74,190.86,191.52,183.71,4179072
2022-09-12,191.28,195.1,195.29,191.25,3042912
2022-09-13,186.63,184.7,189.8,183.0,3903454
2022-09-14,184.7,184.11,185.49,181.5,2701683
2022-09-15,181.82,178.86,185.14,177.88,2760101
2022-09-16,174.15,171.01,175.2,169.385,4952115
2022-09-19,170.22,175.39,175.85,170.0,2240489
2022-09-20,173.8,173.87,175.951,172.62,2156635
2022-09-21,173.67,169.25,176.85,169.24,3380116
2022-09-22,167.04,161.28,169.125,159.67,3575818
2022-09-23,159.08,160.39,161.65,157.06,2980498
2022-09-26,159.99,159.35,165.8,159.135,2749921
2022-09-27,163.95,162.58,165.12,160.16,2162944
2022-09-28,164.11,167.25,167.9,162.57,2458513
2022-09-29,163.48,165.7,166.24,160.89,2097621
2022-09-30,166.15,164.81,171.605,164.6,2598015
2022-10-03,166.63,169.31,170.69,163.89,2562171
2022-10-04,174.58,175.07,178.6897,173.0,2806293
2022-10-05,171.01,176.7,178.34,170.35,2126114
2022-10-06,178.42,178.39,181.84,176.63,2656911
2022-10-07,174.44,171.88,175.22,170.33,2591845
2022-10-10,171.74,161.08,172.46,160.29,3502746
2022-10-11,158.72,155.79,160.5,151.75,3426211
2022-10-12,154.32,152.99,155.78,149.5,3070549
2022-10-13,145.452,152.6,155.4255,142.36,3578316
2022-10-14,155.75,145.98,156.54,145.825,4006590
2022-10-17,149.35,151.61,154.04,148.0,3247838
2022-10-18,157.26,156.88,161.5,154.7965,3710752
2022-10-19,155.41,152.54,157.01,151.41,2032815
2022-10-20,152.1,153.88,158.449,152.1,2092842
2022-10-21,152.49,156.32,157.05,148.5887,2693576
2022-10-24,158.11,157.97,158.7,154.22,2054947
2022-10-25,159.22,162.11,164.67,159.21,2125106
2022-10-26,158.05,161.77,167.3589,156.79,2362715
2022-10-27,164.75,164.73,168.13,162.05,2285783
2022-10-28,162.55,163.65,164.98,158.86,1872721
2022-10-31,161.62,161.2,164.81,159.6,2190245
2022-11-01,165.0,160.53,168.48,159.54,2580991
2022-11-02,161.0,147.99,161.17,147.94,4432832
2022-11-03,146.14,141.53,146.14,139.67,4000289
2022-11-04,140.96,127.56,141.17,126.42,8248491
2022-11-07,129.83,124.68,129.9,122.9,5413935
2022-11-08,126.0,127.0,129.8299,120.5,4574814
2022-11-09,124.55,122.36,124.62,120.5,3718435
2022-11-10,132.49,135.76,136.095,130.68,5229483
2022-11-11,136.75,143.12,144.8269,135.34,4620244
2022-11-14,141.55,142.01,144.13,138.29,3043740
2022-11-15,148.99,148.3,151.425,146.03,3967064
2022-11-16,146.705,143.65,147.63,142.0925,2539460
2022-11-17,139.62,139.23,141.37,137.87,3927440
2022-11-18,146.505,138.99,146.72,137.2,5404889
2022-11-21,137.11,135.56,137.51,134.38,2887237
2022-11-22,135.82,135.8,136.31,132.48,3851240
2022-11-23,135.58,140.89,141.62,133.84,2578140
2022-11-25,139.85,140.05,141.37,138.52,1022545
2022-11-28,139.68,139.45,141.0,136.6606,3387430
2022-11-29,140.0,138.0,140.32,136.25,10554596
2022-11-30,112.29,117.65,117.81,108.89,38647959
2022-12-01,118.64,124.07,124.919,118.57,14442813
2022-12-02,121.75,124.0,125.55,120.73,8850999
2022-12-05,122.46,118.33,124.41,116.692,5780718
2022-12-06,118.34,113.83,118.8,112.99,4740900
2022-12-07,114.33,113.2,114.9899,110.3318,4655205
2022-12-08,113.53,114.24,116.3699,111.75,4292646
2022-12-09,113.76,115.08,116.9999,112.95,3014617
2022-12-12,114.76,118.54,118.58,114.4,3034616
2022-12-13,124.23,120.99,125.52,118.43,4455119
2022-12-14,121.0,120.57,123.8,118.8,3936009
2022-12-15,118.9,114.99,121.09,114.67,3244304
2022-12-16,114.002,111.5,114.915,110.76,5041863
2022-12-19,110.82,108.09,111.285,107.58,4213994
2022-12-20,107.0505,109.83,110.4815,106.027,3453829
2022-12-21,108.84,107.35,109.12,104.35,6792674
2022-12-22,104.75,103.97,105.67,101.8713,4380729
2022-12-23,103.0,101.99,103.28,100.95,3325218
2022-12-27,101.07,100.66,102.32,99.31,3101923
2022-12-28,99.6,99.96,101.68,98.7,3532035
2022-12-29,101.43,104.57,105.51,100.47,3142797
2022-12-30,103.5,105.29,106.187,102.99,3148924
2023-01-03,107.5,103.28,108.46,101.717,3447539
2023-01-04,104.77,104.365,106.89,102.54,3038204
2023-01-05,98.0,94.89,98.01,94.515,10001697
2023-01-06,94.385,94.72,95.96,92.26,6772282
2023-01-09,97.04,96.57,99.8,95.8001,6431684
2023-01-10,94.72,95.67,96.03,92.25,7705015
2023-01-11,96.92,97.0,98.5,94.88,5250130
2023-01-12,97.06,97.98,98.05,92.71,4804784
2023-01-13,96.43,99.53,99.93,96.13,4210330
2023-01-17,100.4,104.43,105.7593,98.13,6653512
2023-01-18,106.665,101.0,107.3999,100.9,5224142
2023-01-19,99.31,99.85,101.7899,98.2,4737507
2023-01-20,100.32,103.41,103.76,99.57,4134712
2023-01-23,102.07,106.3,106.35,102.0001,3653794
2023-01-24,107.155,104.6,109.0099,104.135,5082244
2023-01-25,101.72,100.82,101.94,97.26,7646209
2023-01-26,102.63,104.47,104.55,100.88,6069525
2023-01-27,103.61,104.35,105.8411,102.52,6095694
2023-01-30,102.98,101.37,103.58,100.875,5268055
2023-01-31,101.0,105.9,105.92,100.74,4648306
2023-02-01,105.9,110.5,111.64,105.1,5393738
2023-02-02,117.59,115.93,117.59,113.91,7125794
2023-02-03,112.462,113.56,117.4118,112.22,4019142
2023-02-06,111.39,109.42,115.12,108.825,3864683
2023-02-07,109.735,114.59,115.08,107.76,4115321
2023-02-08,118.33,114.48,119.1899,114.39,5212138
2023-02-09,117.04,113.42,117.79,113.12,3640862
2023-02-10,111.9,108.96,112.62,107.6,3461473
2023-02-13,110.23,112.17,113.2899,108.645,2670699
2023-02-14,111.94,116.31,116.6599,110.41,3931013
2023-02-15,116.71,120.52,120.56,115.2501,4204239
2023-02-16,117.86,115.12,118.73,115.06,4219132
2023-02-17,113.93,114.25,114.29,110.46,3713336
2023-02-21,112.02,112.43,114.7493,111.51,3620780
2023-02-22,114.42,117.63,118.31,113.12,5260071
2023-02-23,119.69,117.44,120.55,114.839,5061098
2023-02-24,115.78,117.28,118.8,115.3,4800550
2023-02-27,118.635,120.65,123.2403,118.3,5501851
2023-02-28,120.2,120.69,122.68,120.09,3503758
2023-03-01,120.23,120.21,121.05,118.6096,2768325
2023-03-02,119.0,123.64,123.93,118.71,3856317
2023-03-03,123.3,126.04,127.12,121.7,4878274
2023-03-06,130.0,127.59,130.19,127.315,7582899
2023-03-07,127.0,124.93,128.6,124.51,9777387
2023-03-08,132.88,128.92,134.96,125.0,24696867
2023-03-09,128.11,121.68,130.09,121.52,8030639
2023-03-10,119.88,119.72,124.51,118.1502,8049462
2023-03-13,119.11,121.41,123.6,118.23,6261745
2023-03-14,124.88,128.01,128.16,122.87,6557273
2023-03-15,126.56,129.32,130.19,126.53,6123670
2023-03-16,130.3,133.52,134.0889,129.55,6949971
2023-03-17,133.75,133.12,136.47,131.86,5728869
2023-03-20,132.31,132.74,133.285,130.22,4245748
2023-03-21,131.75,136.02,136.9,131.27,4738048
2023-03-22,135.7,133.26,137.88,133.25,3739131
2023-03-23,135.96,134.54,138.33,133.13,3210798
2023-03-24,134.4,131.54,135.0,130.79,2702211
2023-03-27,131.92,131.39,133.2441,130.29,2562912
2023-03-28,131.0,128.64,131.6399,127.56,2694513
2023-03-29,131.08,129.6,131.4,128.681,2695834
2023-03-30,131.13,131.72,133.5,129.95,3425837
2023-03-31,132.52,137.26,138.24,132.11,4528396
2023-04-03,135.5,136.55,137.59,134.17,2787999
2023-04-04,137.5,136.86,138.67,135.73,3045815
2023-04-05,135.37,127.8,135.61,125.7,7795773
2023-04-06,126.0,127.82,128.1399,123.7006,3989171
2023-04-10,126.72,128.1,128.18,124.55,2673562
2023-04-11,127.54,129.86,131.72,127.27,4014664
2023-04-12,132.5,135.0,137.16,131.1567,5517812
2023-04-13,136.6051,136.1,140.21,135.72,4748385
2023-04-14,134.45,135.77,136.7,133.86,2912461
2023-04-17,136.66,137.37,137.9473,134.644,2346490
2023-04-18,139.05,136.38,139.89,136.1247,1926935
2023-04-19,135.0,132.83,135.6864,132.01,2859164
2023-04-20,131.03,129.89,131.92,129.07,2445795
2023-04-21,130.58,132.25,132.74,130.1501,1937571
2023-04-24,132.495,130.4,133.73,129.02,2056521
2023-04-25,128.19,122.15,128.47,121.81,6106610
2023-04-26,123.82,124.12,125.9184,122.8723,2706698
2023-04-27,125.19,126.05,127.5,123.56,3097343
2023-04-28,123.2,120.05,123.97,119.42,5187403
2023-05-01,118.56,118.79,119.9376,116.89,3724399
2023-05-02,118.9,116.74,119.15,116.04,3077364
2023-05-03,116.46,117.67,119.0275,115.67,1908617
2023-05-04,118.39,117.88,120.16,117.45,2130162
2023-05-05,119.23,122.45,123.23,119.02,2997657
2023-05-08,126.0,132.41,132.88,125.4,6057706
2023-05-09,132.41,129.94,134.1699,129.1604,3390239
2023-05-10,132.35,133.8,135.9551,131.03,3995550
2023-05-11,134.395,132.15,134.81,131.27,2557825
2023-05-12,132.76,130.23,132.9399,129.25,2026403
2023-05-15,130.89,135.55,135.92,130.41,3140564
2023-05-16,134.0,134.01,135.61,133.3,1964607
2023-05-17,134.84,137.23,139.09,133.61,3147565
2023-05-18,137.44,141.85,141.96,137.23,3952057
2023-05-19,142.74,144.72,148.34,142.39,6041022
2023-05-22,144.26,147.41,148.56,143.82,3433385
2023-05-23,146.11,143.9,148.63,143.79,3223133
2023-05-24,144.05,149.2,149.48,143.15,4865750
2023-05-25,150.65,149.61,151.13,147.19,3556411
2023-05-26,150.29,154.12,158.18,150.0,5657651
2023-05-30,159.54,158.59,160.78,154.91,6715672
2023-05-31,158.83,160.13,161.795,157.01,10277616
2023-06-01,146.72,157.55,159.79,142.495,15842126
2023-06-02,158.66,151.32,159.4,150.53,7988758
2023-06-05,151.05,154.08,154.76,148.24,4680735
2023-06-06,153.78,153.04,155.77,152.4,2894412
2023-06-07,154.75,149.23,155.9,148.4,3492053
2023-06-08,149.12,151.3,151.69,148.51,2277444
2023-06-09,153.53,149.53,153.83,146.84,3550834
2023-06-12,150.235,151.11,151.86,148.91,2448284
2023-06-13,153.06,153.11,154.27,150.57,3145762
2023-06-14,153.15,153.96,154.0,150.68,2673665
2023-06-15,153.23,159.81,161.1898,152.2214,7568016
2023-06-16,162.1,155.14,162.25,154.81,6351885
2023-06-20,152.6,152.08,155.7199,150.26,3596370
2023-06-21,150.58,143.85,151.38,143.27,6245191
2023-06-22,142.56,145.8,146.9399,141.5,3309409
2023-06-23,143.43,143.65,144.95,142.21,2920373
2023-06-26,143.04,141.81,145.1799,141.35,2186097
2023-06-27,142.49,144.28,145.07,142.0701,2563136
2023-06-28,143.89,145.09,146.02,142.4377,2374791
2023-06-29,145.77,143.99,146.49,143.17,2450137
2023-06-30,145.09,146.87,149.32,144.87,3092674
2023-07-03,147.18,145.96,147.55,145.01,1386363
2023-07-05,145.56,145.08,147.27,144.88,3179087
2023-07-06,142.75,143.61,143.715,139.37,3792197
2023-07-07,143.51,144.05,146.7999,143.48,2285033
2023-07-10,143.8,149.95,149.98,143.5,3451914
2023-07-11,150.75,150.79,152.74,149.27,3520695
2023-07-12,153.19,146.13,153.93,144.34,4597254
2023-07-13,147.98,150.75,153.54,147.53,4044674
2023-07-14,150.45,149.4,152.24,148.9301,2659854
2023-07-17,149.07,152.73,155.56,148.43,3687602
2023-07-18,153.0,152.95,154.225,150.74,2411880
2023-07-19,155.0,157.61,161.5,154.895,4787512
2023-07-20,154.93,148.07,156.14,147.5,4791865
2023-07-21,149.93,150.9,152.375,148.88,5951270
2023-07-24,150.97,149.74,151.785,147.15,2748113
2023-07-25,150.62,150.94,153.41,150.54,2246209
2023-07-26,150.28,154.63,154.95,148.45,2798647
2023-07-27,156.95,152.85,158.08,152.195,2671013
2023-07-28,155.5,155.6,157.04,153.5,2004120
2023-07-31,157.89,161.66,163.41,157.66,3918481
2023-08-01,161.0,165.96,166.99,159.02,4028081
2023-08-02,161.513,154.73,161.6,152.56,4611939
2023-08-03,154.0,157.55,158.4999,153.23,2468049
2023-08-04,155.23,150.49,155.99,148.625,4469069
2023-08-07,151.26,150.97,152.05,147.8,2329844
2023-08-08,147.17,145.88,147.71,142.89,4283560
2023-08-09,145.11,145.46,147.11,144.2458,2495232
2023-08-10,147.35,147.86,150.99,146.6301,2349775
2023-08-11,147.22,148.22,150.078,146.86,2046137
2023-08-14,147.35,152.37,152.55,146.58,2230204
2023-08-15,150.52,149.63,151.68,149.06,1964771
2023-08-16,149.0,149.0,151.34,147.76,1876190
2023-08-17,149.0,144.38,149.0,143.91,3359037
2023-08-18,141.66,146.8,147.3041,140.52,3196665
2023-08-21,150.76,153.9,155.12,150.51,4245795
2023-08-22,154.34,152.33,155.0,151.61,1708017
2023-08-23,153.48,153.81,155.4399,151.57,1918461
2023-08-24,155.55,145.45,155.55,145.29,3354335
2023-08-25,146.0,149.58,150.44,144.7,2839146
2023-08-28,146.02,144.03,147.99,142.36,5794021
2023-08-29,142.93,146.7,148.41,141.971,3620242
2023-08-30,147.0,149.18,150.17,145.38,6193878
2023-08-31,154.11,163.03,164.41,153.58,13727057
2023-09-01,163.12,161.23,166.25,160.31,4232540
2023-09-05,161.03,165.43,165.59,160.1,3288211
2023-09-06,164.99,166.23,168.23,164.0484,4268642
2023-09-07,164.4,166.64,167.95,163.2,3000899
2023-09-08,166.475,168.09,169.23,166.0,2692752
2023-09-11,172.2,172.2,172.2,172.2,121
2023-09-12,170.44,169.68,172.35,168.275,2110036
2023-09-13,169.52,168.47,170.78,168.33,1705476
2023-09-14,169.35,170.73,171.8,168.57,2083417
2023-09-15,166.12,165.45,168.2107,163.44,4727597
2023-09-18,164.98,166.97,168.6,164.0,2445347
2023-09-19,166.95,165.5,167.62,162.89,2350385
2023-09-20,165.5,163.89,168.565,163.88,2780058
2023-09-21,168.19,162.53,171.0,159.36,6792058
2023-09-22,162.64,162.57,166.59,162.0101,3134734
2023-09-25,161.9,159.92,162.0,159.2501,2176714
2023-09-26,158.11,160.48,161.0,157.59,2414117
2023-09-27,161.03,163.04,164.69,160.67,2631115
2023-09-28,162.29,165.25,166.14,161.43,1815873
2023-09-29,167.53,167.38,169.515,166.97,2599706
2023-10-02,168.0,169.54,172.01,167.07,2763023
2023-10-03,167.31,162.03,169.0,160.86,3254068
2023-10-04,163.62,164.05,165.045,162.19,1985702
2023-10-05,164.07,165.29,166.11,160.92,2409827
2023-10-06,163.51,176.69,176.9448,163.0,6897002
2023-10-09,176.5,181.82,185.25,176.1,6683515
2023-10-10,181.52,183.85,185.2,180.76,3556163
2023-10-11,183.85,188.22,188.66,183.3001,3552598
2023-10-12,188.22,187.56,190.36,184.88,3084521
2023-10-13,187.56,185.72,189.325,185.39,2691530
2023-10-16,185.53,187.67,189.58,183.35,2540369
2023-10-17,185.99,187.14,190.28,185.2,3176246
2023-10-18,186.22,187.79,189.38,185.97,2173355
2023-10-19,191.75,184.52,191.99,183.96,3518067
2023-10-20,183.0,178.76,183.6,176.3,3839752
2023-10-23,176.0,179.08,181.17,173.29,2534185
2023-10-24,181.0,182.82,184.1599,179.0532,1825915
2023-10-25,181.19,175.38,181.98,175.12,2050171
2023-10-26,176.12,171.64,178.45,170.17,2515041
2023-10-27,174.22,172.82,175.7,171.2216,1795144
2023-10-30,174.6,174.61,175.73,171.6826,1669434
2023-10-31,175.165,176.77,177.59,172.58,1650975
2023-11-01,178.12,178.35,179.63,174.81,2074748
2023-11-02,180.89,182.8,184.67,179.714,3352155
2023-11-03,182.67,188.24,188.74,178.35,3262990
2023-11-06,188.98,186.78,189.5,183.6,1936626
2023-11-07,191.15,192.36,194.83,189.45,3065838
2023-11-08,192.52,193.83,194.78,191.21,1717626
2023-11-09,193.44,190.76,194.18,189.12,2459143
2023-11-10,192.37,196.31,196.95,190.2,2043173
2023-11-13,198.0,200.96,201.55,197.17,3085865
2023-11-14,205.0,207.97,209.0671,203.5,3736547
2023-11-15,208.71,204.29,210.09,202.67,3693483
2023-11-16,200.33,204.27,207.11,198.86,3013460
2023-11-17,204.27,207.09,207.9099,203.04,1858885
2023-11-20,208.0,207.73,209.0269,206.065,2231145
2023-11-21,207.74,208.98,209.32,205.85,2277088
2023-11-22,209.9,209.61,210.65,206.55,2200687
2023-11-24,208.86,210.66,212.8599,207.675,1657994
2023-11-27,209.62,210.07,213.14,207.57,4012493
2023-11-28,208.9301,212.35,214.705,207.2201,7147641
2023-11-29,220.0,234.44,235.6299,218.83,12996503
2023-11-30,231.19,236.99,238.48,229.19,7425790
2023-12-01,235.72,235.03,236.65,229.8,3868949
2023-12-04,234.08,237.39,237.85,230.91,3448465
2023-12-05,233.96,238.97,239.07,233.3275,2576448
2023-12-06,240.0,239.42,244.64,237.7887,3759732
2023-12-07,239.63,240.17,240.71,234.24,2477477
2023-12-08,238.34,242.55,243.49,237.63,1886724
2023-12-11,242.63,246.97,249.28,241.39,2774097
2023-12-12,244.64,248.55,250.29,243.27,2977207
2023-12-13,249.75,252.04,253.3,247.18,2648336
2023-12-14,253.825,252.68,257.37,247.87,3820103
2023-12-15,256.6,260.08,260.7687,254.02,6019699
2023-12-18,260.17,259.8,261.81,257.34,2846824
2023-12-19,260.12,258.33,260.77,256.24,2783007
2023-12-20,255.9,253.95,259.57,253.63,2247840
2023-12-21,254.25,257.32,257.71,250.61,3178049
2023-12-22,256.97,255.63,256.97,253.76,1801749
2023-12-26,254.83,257.87,258.24,253.5829,1814413
2023-12-27,258.265,257.32,259.54,255.73,1553039
2023-12-28,257.41,256.13,257.42,255.11,1025554
2023-12-29,255.83,255.32,257.18,251.88,1858884
2024-01-02,251.47,246.89,252.29,243.03,3756799
2024-01-03,240.32,244.36,248.831,238.6102,3157582
2024-01-04,246.0,245.65,247.61,243.64,2102955
2024-01-05,245.0,247.46,249.48,244.65,2407480
2024-01-08,251.9,261.28,261.6388,251.56,4009166
2024-01-09,265.695,273.77,276.56,264.99,6066917
2024-01-10,274.87,282.04,282.315,274.87,4673987
2024-01-11,284.0,284.52,287.76,280.3501,3460716
2024-01-12,287.0,283.35,290.33,282.51,2534430
2024-01-16,279.39,286.29,287.2,279.06,2690815
2024-01-17,279.54,276.27,283.23,272.7986,4419699
2024-01-18,281.67,283.11,284.4602,279.1698,2705868
2024-01-19,285.0,290.54,290.85,283.8,3011195
2024-01-22,300.48,298.66,302.0,295.37,4229365
2024-01-23,298.17,297.27,299.7,291.705,2989274
2024-01-24,300.58,300.28,307.55,298.54,4454182
2024-01-25,305.61,293.46,306.3,290.79,4332878
2024-01-26,290.49,290.31,293.7499,286.75,2811484
2024-01-29,294.0,300.67,300.7,293.75,3131456
2024-01-30,301.0,301.35,302.615,298.4,2147356
2024-01-31,298.0,292.5,300.115,290.89,2494130
2024-02-01,296.14,299.37,299.9,294.17,1853575
2024-02-02,299.75,303.57,305.21,296.71,2374546
2024-02-05,305.0,302.49,307.7659,295.57,2481279
2024-02-06,305.37,302.11,307.77,295.31,2087639
2024-02-07,307.73,317.78,321.07,306.71,4017353
2024-02-08,316.71,323.04,323.929,314.0296,2531147
2024-02-09,330.0,329.34,336.99,326.43,3870002
2024-02-12,329.7,321.29,330.6675,320.63,3414141
2024-02-13,307.54,322.44,326.3399,302.0,4531372
2024-02-14,327.76,334.55,334.9,326.56,2394933
2024-02-15,337.5,331.38,338.4531,327.1127,2919881
2024-02-16,331.79,329.24,332.37,325.1301,2123905
2024-02-20,327.0,323.71,327.0,315.07,4136727
2024-02-21,283.03,292.36,294.599,273.16,9067401
2024-02-22,304.93,310.91,313.6599,297.0,4797892
2024-02-23,313.78,311.49,317.0,308.58,2965240
2024-02-26,313.16,321.03,323.3138,309.49,3884946
2024-02-27,323.4,321.21,329.09,320.71,2790368
2024-02-28,318.86,320.94,321.69,314.55,2072571
2024-02-29,324.91,324.15,328.98,321.07,3812125
2024-03-01,319.25,314.6,319.72,309.1201,5837437
2024-03-04,317.33,313.81,317.99,311.29,4796556
2024-03-05,307.53,297.56,308.5,289.8,13249337
2024-03-06,360.05,329.57,365.0,324.01,23050855
2024-03-07,329.75,329.68,331.85,315.21,9729496
2024-03-08,331.0,322.85,341.74,322.41,6021347
2024-03-11,319.15,317.37,323.5,316.0,3292004
2024-03-12,318.61,329.27,333.81,317.37,4156542
2024-03-13,329.73,332.17,334.825,325.5,2730946
2024-03-14,333.0,328.59,337.78,325.475,2776837
2024-03-15,325.58,315.65,327.39,315.6,4483098
2024-03-18,319.03,321.06,322.37,315.9,2736585
2024-03-19,318.15,320.86,321.48,310.22,2933639
2024-03-20,321.0,326.87,328.47,318.0625,2528767
2024-03-21,325.89,329.46,333.23,322.05,3253370
2024-03-22,327.73,327.58,328.39,319.55,2601709
2024-03-25,326.0,324.76,329.25,321.0,1695203
2024-03-26,326.0,330.01,332.5,323.86,2417720
2024-03-27,333.34,322.25,333.84,317.56,3175619
2024-03-28,322.42,320.59,327.65,319.94,2253051
2024-04-01,321.0,319.59,321.99,313.72,1830941
2024-04-02,312.92,319.55,319.71,310.96,2125298
2024-04-03,316.57,320.04,323.55,314.48,2013428
2024-04-04,324.3,309.19,325.99,308.88,2667043
2024-04-05,309.72,315.5,317.5,309.33,1769268
2024-04-08,316.18,313.73,316.64,309.5,1457306
2024-04-09,314.99,310.77,316.0,308.63,1864730
2024-04-10,305.99,312.53,315.081,305.34,1938959
2024-04-11,313.54,317.8,317.905,310.135,1868982
2024-04-12,313.89,309.05,314.8699,307.0,2176260
2024-04-15,310.03,299.5,312.0,298.39,2571642
2024-04-16,297.55,299.15,301.65,296.8,1828324
2024-04-17,304.0,293.69,304.8,291.71,2290287
2024-04-18,293.0,294.1,297.5,290.18,2099979
2024-04-19,291.95,282.64,292.73,280.88,3116556
2024-04-22,285.74,289.15,291.29,281.4,2483448
2024-04-23,292.21,299.65,302.81,292.17,2593003
2024-04-24,303.6,297.62,304.82,294.74,1656152
2024-04-25,289.56,298.02,299.85,287.91,2022144
2024-04-26,300.34,304.07,305.78,298.2701,2007839
2024-04-29,312.57,304.04,313.8625,302.05,1899630
2024-04-30,302.0,292.54,303.065,292.33,1930198
2024-05-01,290.44,295.44,302.5,288.55,2090781
2024-05-02,303.755,303.54,307.94,298.043,3920475
2024-05-03,304.76,310.21,311.55,300.0,4080846
2024-05-06,307.38,317.81,317.9,304.3,2903513
2024-05-07,315.71,312.55,321.515,311.65,3199029
2024-05-08,311.88,313.76,319.23,308.57,2073120
2024-05-09,313.03,317.94,318.25,309.38,2158362
2024-05-10,320.0,320.76,327.5,318.39,2657401
2024-05-13,325.0,319.18,325.0,316.63,1894395
2024-05-14,319.19,329.55,330.79,319.18,2948664
2024-05-15,333.21,343.12,344.37,330.93,3143212
2024-05-16,343.0,339.06,344.08,338.83,2074703
2024-05-17,340.0,345.93,346.2799,338.71,2044947
2024-05-20,346.0,348.75,349.59,344.65,2174968
2024-05-21,343.055,349.32,351.65,340.52,2099274
2024-05-22,350.0,345.42,352.94,342.8601,1907478
2024-05-23,350.0,342.35,350.41,341.275,1835951
2024-05-24,342.67,351.47,355.75,340.81,2669970
2024-05-28,358.64,346.82,358.84,343.11,3235348
2024-05-29,342.01,349.52,353.54,341.96,2638946
2024-05-30,346.15,315.92,346.63,314.1301,6159415
2024-05-31,329.76,313.67,329.77,306.5,5401839
2024-06-03,319.37,308.69,319.48,305.11,4364745
2024-06-04,310.0,305.58,312.3799,303.505,8475423
2024-06-05,334.61,342.18,342.59,316.39,16035592
2024-06-06,342.93,340.49,349.34,336.19,4683531
2024-06-07,343.0,349.12,349.92,337.13,5096773
2024-06-10,367.1,374.57,384.98,367.1,15610506
2024-06-11,372.86,384.63,385.0,370.14,7011687
2024-06-12,390.25,387.37,390.7051,378.87,5827847
2024-06-13,387.85,382.81,389.89,380.94,3969535
2024-06-14,382.0,385.435,388.3454,381.15,3415030
2024-06-17,382.75,390.43,394.64,376.55,4853082
2024-06-18,390.0,389.51,393.29,386.66,4092806
2024-06-20,390.26,382.14,393.25,379.2,5848018
2024-06-21,380.63,380.63,381.0,370.7001,54077448
2024-06-24,375.1,377.93,381.76,374.0,5400883
2024-06-25,379.75,386.76,387.81,379.545,3203103
2024-06-26,385.59,380.37,387.51,379.75,2952106
2024-06-27,381.0,387.29,391.54,379.94,3666301
2024-06-28,389.33,383.19,393.29,381.7818,8480459
2024-07-01,385.28,392.15,392.74,377.9201,2880233
2024-07-02,382.27,385.05,387.165,381.4696,3242721
2024-07-03,384.25,387.18,390.08,382.3833,1456774
2024-07-05,387.87,389.68,391.465,385.31,1908993
2024-07-08,390.368,390.71,397.12,379.79,2976524
2024-07-09,392.51,385.88,398.3271,383.2,2973776
2024-07-10,385.0,374.45,385.02,365.59,5826675
2024-07-11,375.69,370.43,379.78,367.5,3125545
2024-07-12,368.2,371.32,374.49,367.755,2609680
2024-07-15,371.67,377.37,383.57,364.21,3522353
2024-07-16,378.24,369.05,379.335,368.5,2606326
2024-07-17,360.0,354.94,363.5968,350.72,3498744
2024-07-18,351.74,343.05,352.2,336.34,4552844
2024-07-19,294.51,304.96,316.75,290.1001,42145705
2024-07-22,285.01,263.91,285.01,261.59,49567460
2024-07-23,269.02,268.88,277.0,258.77,33583140
2024-07-24,270.0,258.14,275.44,257.36,14736257
2024-07-25,258.39,254.15,262.79,250.22,10511407
2024-07-26,259.95,256.16,260.54,251.26,9584374
2024-07-29,259.51,258.81,265.5,257.45,11792161
2024-07-30,247.55,233.65,248.3299,226.22,25824890
2024-07-31,234.67,231.96,236.91,228.21,11980416
2024-08-01,232.0,224.22,232.2,221.66,9914249
2024-08-02,217.15,217.89,221.475,211.14,8978108
2024-08-05,201.535,222.05,224.1199,200.81,10942170
2024-08-06,230.19,231.69,235.24,221.56,10613352
2024-08-07,238.37,230.67,243.5,230.1,9349020
2024-08-08,233.88,240.52,242.04,229.72,6675030
2024-08-09,242.18,240.9,246.01,238.8,5938890
2024-08-12,242.0,239.34,242.87,235.6,3729356
2024-08-13,242.0,248.11,248.9699,240.005,5126822
2024-08-14,250.0,256.22,258.96,249.2561,5713851
2024-08-15,260.25,260.49,263.65,257.52,5898052
2024-08-16,260.44,262.54,262.64,257.85,3495619
2024-08-19,264.0,266.78,270.98,262.6,5466582
2024-08-20,269.36,266.53,270.12,264.395,3876506
2024-08-21,267.01,273.21,274.42,265.6433,5258378
2024-08-22,275.24,267.64,278.5,267.2301,4420682
2024-08-23,270.1,271.54,273.6,266.81,3248578
2024-08-26,271.06,265.87,271.74,265.27,3558430
2024-08-27,261.81,269.83,270.43,260.75,3686884
2024-08-28,269.8,264.2,270.7204,261.48,7072615
2024-08-29,262.01,271.67,285.73,261.33,13100246
2024-08-30,277.78,277.28,284.11,273.3501,6616984
2024-09-03,275.78,266.6,277.51,265.29,5503169
2024-09-04,260.44,259.32,267.1978,258.41,4372151
2024-09-05,255.4,256.43,259.0,252.6701,3928010
2024-09-06,255.8,246.39,257.4,244.49,4320084
2024-09-09,249.115,246.58,249.5,244.17,3198183
2024-09-10,248.75,247.74,250.33,243.55,2199249
2024-09-11,247.73,253.53,254.58,242.25,2666064
2024-09-12,255.68,257.1,258.3805,252.48,2650377
2024-09-13,257.0,259.13,261.58,256.0,2133928
2024-09-16,260.77,267.81,270.05,259.35,3698598
2024-09-17,270.2,268.72,272.3999,267.32,2775360
2024-09-18,269.49,267.12,272.02,263.4501,3178616
2024-09-19,276.0,277.38,283.9899,273.75,6219013
2024-09-20,284.13,299.85,300.45,283.88,17875087
2024-09-23,297.78,293.14,302.1579,292.5701,5519314
2024-09-24,294.89,288.54,295.4,285.28,4110711
2024-09-25,290.0,286.47,291.7299,285.54,2953459
2024-09-26,291.25,281.48,292.375,277.88,4532124
2024-09-27,283.8,285.86,286.45,281.15,2896384
2024-09-30,284.0,280.47,285.41,278.2,2857467
2024-10-01,282.26,275.15,282.9738,272.6701,3122617
2024-10-02,274.885,280.24,282.1499,274.862,2592597
2024-10-03,279.0,283.75,286.9,278.5595,3336433
2024-10-04,288.16,292.24,292.56,283.8,3121193
2024-10-07,291.0,286.97,293.0,285.79,2314277
2024-10-08,287.88,293.01,295.25,286.78,2886340
2024-10-09,293.74,298.34,298.77,292.5,2534356
2024-10-10,297.72,314.92,315.53,297.0,7859939
2024-10-11,314.92,320.21,322.59,313.0,4606840
2024-10-14,321.57,310.52,323.94,309.6,4474222
2024-10-15,309.55,302.31,310.5199,300.69,3765376
2024-10-16,303.85,306.24,307.205,299.27,2889214
2024-10-17,310.0,310.34,313.74,306.24,3078372
2024-10-18,310.34,310.15,313.88,306.81,2897118
2024-10-21,309.66,309.55,316.998,308.11,3293498
2024-10-22,309.0,308.51,311.56,304.26,2259224
2024-10-23,307.14,299.3,308.0661,298.32,3102929
2024-10-24,302.11,304.47,305.907,301.0,1980863
2024-10-25,305.22,300.62,311.3499,295.13,6045774
2024-10-28,301.145,301.32,305.0,295.31,3464812
2024-10-29,303.24,310.94,313.15,300.4,3454798
2024-10-30,311.5,307.45,315.476,307.135,2083756
2024-10-31,306.12,296.87,307.405,294.68,3475702
2024-11-01,296.79,303.13,304.3802,295.71,2975940
2024-11-04,300.52,298.88,302.93,295.08,2321877
2024-11-05,300.0,307.58,308.89,298.617,2259972
2024-11-06,317.17,320.0,324.664,316.7501,4227701
2024-11-07,322.5,330.78,333.2199,320.4512,3575191
2024-11-08,330.55,330.03,333.15,323.24,2845710
2024-11-11,334.0,342.42,342.79,331.88,3345408
2024-11-12,339.81,343.5,343.89,336.5254,3183733
2024-11-13,345.6,347.88,359.45,344.09,4745735
2024-11-14,347.89,344.36,351.09,343.53,2582053
2024-11-15,340.4,336.75,343.01,332.75,3460547
2024-11-18,339.97,342.97,347.3,336.7501,2386916
2024-11-19,341.54,353.29,354.34,338.5294,3169518
2024-11-20,357.31,350.15,357.31,344.4664,2499882
2024-11-21,354.5,357.55,362.3999,351.5,4553885
2024-11-22,359.68,372.26,372.56,357.95,3442549
2024-11-25,375.0,363.68,377.42,360.78,5022833
2024-11-26,363.0,364.3,367.35,359.25,6951313
2024-11-27,359.22,347.59,359.22,340.52,10807689
2024-11-29,349.5,345.97,350.16,344.72,2425516
2024-12-02,344.9,346.8,354.34,336.56,5465262
2024-12-03,345.0,349.95,351.95,343.4,3581893
2024-12-04,353.1,364.16,366.44,348.5,5063900
2024-12-05,361.2,364.84,366.25,358.6,3191231
2024-12-06,364.0,365.65,371.27,360.99,3238116
2024-12-09,365.65,353.6,366.59,351.77,2852556
2024-12-10,353.6,346.775,357.26,344.6,2419344
2024-12-11,348.19,362.97,364.9,348.19,3528865
2024-12-12,360.47,365.5,365.84,357.55,2189780
2024-12-13,366.0,368.02,370.29,361.52,3119049
2024-12-16,368.76,388.2,389.0,364.89,5181794
2024-12-17,386.75,376.42,388.0,373.24,3889972
2024-12-18,376.42,349.18,379.1816,345.466,4824419
2024-12-19,364.93,351.03,365.0,349.75,4375857
2024-12-20,347.0,362.29,365.44,345.05,5221067
2024-12-23,358.49,361.5,365.73,354.23,2752298
2024-12-24,361.07,365.79,366.0,359.26,1289659
2024-12-26,365.75,365.08,366.64,361.9401,1232424
2024-12-27,361.15,354.99,361.9199,349.85,3345360
2024-12-30,347.61,349.31,352.875,344.34,2465392
2024-12-31,351.86,342.16,351.86,339.72,2237245
2025-01-02,346.52,347.34,350.5,341.0366,2716738
2025-01-03,349.23,359.02,359.6899,348.0,2663914
2025-01-06,362.5,366.36,368.39,356.03,2899168
2025-01-07,366.06,359.93,370.37,354.125,2646820
2025-01-08,356.1938,358.72,365.065,351.31,2549795
2025-01-10,354.91,348.84,354.91,343.99,2831718
2025-01-13,342.865,341.46,345.17,335.55,3337895
2025-01-14,344.995,348.04,351.972,343.25,2535250
2025-01-15,355.0,362.02,365.2705,352.96,2882115
2025-01-16,366.26,363.38,369.0182,360.66,2444894
2025-01-17,370.14,357.0,370.95,349.55,4869940
2025-01-21,360.87,366.41,370.0,358.3,2686011
2025-01-22,368.76,377.98,381.4895,363.0,3608945
2025-01-23,376.81,377.7,377.95,371.84,2378997
2025-01-24,378.3,374.92,384.2999,373.67,2281670
2025-01-27,366.5,373.75,382.45,359.66,3783451
2025-01-28,372.67,408.68,411.2999,372.57,8247214
2025-01-29,404.35,397.07,404.35,390.2201,4279542
2025-01-30,399.73,396.87,403.0802,390.85,2785193
2025-01-31,398.4,398.07,408.1,397.35,3126181
2025-02-03,386.945,397.57,399.94,384.24,3555177
2025-02-04,396.52,407.52,408.4399,396.0,2865656
2025-02-05,408.0,417.22,419.39,405.02,3111415
2025-02-06,415.5,420.51,421.625,413.7243,2413319
2025-02-07,424.0,421.59,431.3252,419.32,3501532
2025-02-10,424.775,428.92,431.9041,424.485,2258831
2025-02-11,426.65,431.64,434.7839,424.08,2323787
2025-02-12,425.2,434.63,437.5964,424.21,2010961
2025-02-13,435.0,453.77,454.13,432.19673,3681273
2025-02-14,449.47,451.74,453.4599,442.87,2845458
2025-02-18,451.67,455.36,455.44,445.27,2753358
2025-02-19,455.36,450.14,455.59,444.58,2415246
2025-02-20,441.92,436.14,442.73,418.31,4768919
2025-02-21,428.86,406.68,433.23,404.54,5598247
2025-02-24,405.49,391.72,405.9,382.34,5384438
2025-02-25,387.27,379.75,389.0,369.31,4503796
2025-02-26,384.69,394.56,401.7,381.7467,3431516
2025-02-27,401.64,380.24,406.53,380.0,3223079
2025-02-28,379.0,389.66,390.52,377.38,3773054
2025-03-03,399.0,382.73,404.6,378.34,5065041
2025-03-04,376.975,390.16,396.16,370.58,8045095
2025-03-05,361.68,365.44,367.32,343.0,15958069
2025-03-06,356.58,347.73,371.7197,345.82,5613653
2025-03-07,344.56,333.5,347.73,318.04,6869351
2025-03-10,322.65,308.86,323.945,303.79,6996968
2025-03-11,310.41,329.75,339.0,308.0,8352494
2025-03-12,343.59,346.76,347.7299,336.76,5123896
2025-03-13,346.57,332.53,347.8351,330.6247,4349585
2025-03-14,338.51,353.735,354.5,337.14,4365504
2025-03-17,353.0,364.83,370.86,352.5659,4255117
2025-03-18,362.1,363.15,368.4672,356.71,3185578
2025-03-19,366.22,375.05,381.26,362.2555,4056608
2025-03-20,371.28,369.03,377.49,364.46,2883038
2025-03-21,358.91,362.24,372.19,353.03,8119531
2025-03-24,370.0,372.64,373.63,361.66,4146929
2025-03-25,378.08,384.95,392.6936,377.0001,4258391
2025-03-26,383.895,371.41,384.7733,370.36,3289508
2025-03-27,368.72,366.56,371.46,360.28,2666122
2025-03-28,365.82,357.11,367.64,353.4801,3457456
2025-03-31,345.785,352.58,353.64,337.89,3296995
2025-04-01,358.94,362.38,363.17,351.25,2682055
2025-04-02,353.16,371.49,376.27,353.0287,2472030
2025-04-03,350.942,347.39,360.9104,341.81,4304369
2025-04-04,328.02,321.63,334.045,310.3101,7032804
2025-04-07,300.06,324.36,341.77,298.0,6299607
2025-04-08,342.71,325.04,351.06,318.38,5300631
2025-04-09,324.6,378.01,382.65,324.49,7656977
2025-04-10,369.0,368.61,375.9865,354.2044,4552610
2025-04-11,366.98,377.9,378.79,360.6537,3383304
