2023-08-22,20.12,20.0413,20.12,20.0413,376127
2023-08-23,20.19,20.197,20.27,20.19,500601
2023-08-24,20.09,19.9873,20.09,19.9873,502004
2023-08-25,20.03,20.1008,20.1008,20.02,775513
2023-08-28,20.2136,20.2136,20.2136,20.2136,61
2023-08-29,20.2752,20.3951,20.4,20.2752,1352
2023-08-30,20.44,20.4224,20.44,20.41,951397
2023-08-31,20.5156,20.5156,20.5156,20.5156,3
2023-09-01,20.5467,20.5467,20.5467,20.5467,60
2023-09-05,20.4,20.29,20.4,20.29,217
2023-09-06,20.25,20.25,20.25,20.25,101
2023-09-07,20.2572,20.2572,20.2572,20.2572,7
2023-09-08,20.34,20.2603,20.36,20.2603,560
2023-09-11,20.31,20.31,20.31,20.31,100
2023-09-12,20.32,20.35,20.38,20.29,876657
2023-09-13,20.33,20.31,20.33,20.31,216
2023-09-14,20.4005,20.43,20.43,20.4005,358
2023-09-15,20.39,20.32,20.39,20.32,802
2023-09-18,20.35,20.35,20.35,20.35,101
2023-09-19,20.3,20.3,20.3,20.3,521
2023-09-20,20.23,20.23,20.23,20.23,185
2023-09-21,20.0205,20.0205,20.0205,20.0205,8
2023-09-22,20.02,19.92,20.02,19.92,550
2023-09-25,19.9824,19.9753,19.9824,19.9824,76
2023-09-26,19.75,19.75,19.75,19.75,200
2023-09-27,19.74,19.74,19.74,19.74,404
2023-09-28,19.83,19.78,19.83,19.78,502
2023-09-29,19.74,19.74,19.74,19.74,251
2023-10-02,19.61,19.61,19.61,19.61,220
2023-10-03,19.43,19.43,19.43,19.43,300
2023-10-04,19.41,19.41,19.41,19.41,0
2023-10-05,19.3546,19.3546,19.3546,19.3546,3
2023-10-06,19.5478,19.5478,19.5478,19.5478,0
2023-10-09,19.6209,19.6209,19.6209,19.6209,0
2023-10-10,19.72,19.7066,19.72,19.7066,266
2023-10-11,19.7339,19.7339,19.7339,19.7339,2
2023-10-12,19.59,19.59,19.59,19.59,156
2023-10-13,19.59,19.63,19.63,19.59,608
2023-10-16,19.8131,19.8131,19.8131,19.8131,53
2023-10-17,19.8554,19.8554,19.8554,19.8554,0
2023-10-18,19.6999,19.6999,19.6999,19.6999,0
2023-10-19,19.6356,19.6356,19.6356,19.6356,20
2023-10-20,19.52,19.5046,19.52,19.5046,500
2023-10-23,19.3672,19.3672,19.3672,19.3672,5
2023-10-24,19.5014,19.5014,19.5014,19.5014,0
2023-10-25,19.3636,19.3636,19.3636,19.3636,2
2023-10-26,19.3609,19.3609,19.3609,19.3609,0
2023-10-27,19.2114,19.2114,19.2114,19.2114,10
2023-10-30,19.3628,19.3628,19.3628,19.3628,2
2023-10-31,19.5114,19.5114,19.5114,19.5114,37
2023-11-01,19.5613,19.5613,19.5613,19.5613,25
2023-11-02,19.8266,19.8784,19.8784,19.8266,356
2023-11-03,20.0777,20.0777,20.0777,20.0777,57
2023-11-06,20.0248,20.0248,20.0248,20.0248,2
2023-11-07,19.9455,19.9455,19.9455,19.9455,31
2023-11-08,19.8657,19.8657,19.8657,19.8657,162
2023-11-09,19.7333,19.7333,19.7333,19.7333,2
2023-11-10,19.9127,19.9127,19.9127,19.9127,11
2023-11-13,19.9484,19.895,19.95,19.895,564
2023-11-14,20.2078,20.2078,20.2078,20.2078,13
2023-11-15,20.2896,20.2896,20.2896,20.2896,50
2023-11-16,20.2,20.2173,20.2173,20.1998,263
2023-11-17,20.2751,20.2751,20.2751,20.2751,44
2023-11-20,20.42,20.3608,20.42,20.3608,102
2023-11-21,20.3016,20.3016,20.3016,20.3016,0
2023-11-22,20.43,20.44,20.44,20.43,308
2023-11-24,20.46,20.46,20.46,20.46,202
2023-11-27,20.41,20.41,20.41,20.41,205
2023-11-28,20.52,20.43,20.52,20.43,377
2023-11-29,20.41,20.41,20.41,20.41,204
2023-11-30,20.48,20.48,20.48,20.48,204
2023-12-01,20.62,20.62,20.62,20.62,204
2023-12-04,20.6,20.6,20.6,20.6,202
2023-12-05,20.5255,20.5255,20.5255,20.5255,74
2023-12-06,20.6,20.5271,20.6,20.5271,102
2023-12-07,20.5755,20.5755,20.5755,20.5755,12
2023-12-08,20.57,20.57,20.57,20.57,202
2023-12-11,20.69,20.7152,20.73,20.69,1047
2023-12-12,20.67,20.67,20.67,20.67,328
2023-12-13,20.76,20.85,20.85,20.76,1132
2023-12-14,20.9303,20.9303,20.9303,20.9303,3
2023-12-15,20.84,20.8159,20.84,20.8159,140
2023-12-18,20.89,20.89,20.89,20.89,204
2023-12-19,20.95,20.95,20.95,20.95,227
2023-12-20,20.7667,20.7667,20.7667,20.7667,34
2023-12-21,20.88,20.9,20.9,20.88,7134
2023-12-22,20.94,20.607797,20.94,20.912,197
2023-12-26,20.72,20.68,20.72,20.68,218
2023-12-27,20.71,20.683,20.71,20.683,143
2023-12-28,20.7051,20.7051,20.7051,20.7051,14
2023-12-29,20.72,20.76,20.79,20.72,1221
2024-01-02,20.778,20.778,20.778,20.778,35
2024-01-03,20.65,20.65,20.65,20.65,214
2024-01-04,20.68,20.6646,20.72,20.6646,5626
2024-01-05,20.6785,20.6785,20.6785,20.6785,42
2024-01-08,20.77,20.77,20.77,20.77,281
2024-01-09,20.71,20.71,20.71,20.71,224
2024-01-10,20.75,20.75,20.75,20.75,305
2024-01-11,20.69,20.69,20.69,20.69,200
2024-01-12,20.7315,20.7315,20.7315,20.7315,69
2024-01-16,20.66,20.66,20.66,20.66,207
2024-01-17,20.59,20.59,20.59,20.59,215
2024-01-18,20.7,20.7,20.7,20.7,201
2024-01-19,20.72,20.72,20.72,20.72,203
2024-01-22,20.5721,20.5721,20.5721,20.5721,2
2024-01-23,20.595,20.595,20.595,20.595,1
2024-01-24,20.59,20.5616,20.5901,20.5616,1004
2024-01-25,20.6446,20.6446,20.6446,20.6446,1
2024-01-26,20.6579,20.6579,20.6579,20.6579,2
2024-01-29,20.7237,20.7237,20.7237,20.7237,10
2024-01-30,20.7263,20.7263,20.7263,20.7263,9
2024-01-31,20.614,20.614,20.614,20.614,11
2024-02-01,20.7546,20.7546,20.7546,20.7546,0
2024-02-02,20.6863,20.6863,20.6863,20.6863,5
2024-02-05,20.5643,20.5643,20.5643,20.5643,40
2024-02-06,20.6359,20.6359,20.6359,20.6359,0
2024-02-07,20.6541,20.6541,20.6541,20.6541,6
2024-02-08,20.6304,20.6304,20.6304,20.6304,0
2024-02-09,20.6745,20.6745,20.6745,20.6745,4
2024-02-12,20.7786,20.7786,20.7786,20.7786,8
2024-02-13,20.631,20.631,20.631,20.631,10
2024-02-14,20.7218,20.7218,20.7218,20.7218,5
2024-02-15,20.7966,20.7966,20.7966,20.7966,0
2024-02-16,20.7473,20.7473,20.7473,20.7473,8
2024-02-20,20.7052,20.7052,20.7052,20.7052,18
2024-02-21,20.7457,20.7486,20.7486,20.74,1914
2024-02-22,20.7873,20.7873,20.7873,20.7873,6
2024-02-23,20.8349,20.8349,20.8349,20.8349,3
2024-02-26,20.76,20.7756,20.7756,20.76,226
2024-02-27,20.7811,20.7811,20.7811,20.7811,0
2024-02-28,20.805,20.805,20.805,20.805,10
2024-02-29,20.8848,20.8848,20.8848,20.8848,4
2024-03-01,20.8974,20.8974,20.8974,20.8974,14
2024-03-04,20.82,20.8758,20.8758,20.81,2006
2024-03-05,20.8,20.8514,20.8514,20.8,50004
2024-03-06,20.8989,20.8989,20.8989,20.8989,5
2024-03-07,20.9354,20.9354,20.9354,20.9354,2
2024-03-08,20.96,20.9756,20.9756,20.96,50002
2024-03-11,21.072,21.072,21.072,21.072,0
2024-03-12,21.1086,21.1086,21.1086,21.1086,7
2024-03-13,21.1549,21.1549,21.1549,21.1549,59
2024-03-14,21.0827,21.0827,21.0827,21.0827,1
2024-03-15,20.9894,20.9894,20.9894,20.9894,101
2024-03-18,21.0365,21.0365,21.0365,21.0365,11
2024-03-19,21.06,21.06,21.06,21.06,200
2024-03-20,21.1369,21.1369,21.1369,21.1369,2
2024-03-21,21.22,21.1957,21.22,21.1957,190
2024-03-22,21.1636,21.1636,21.1636,21.1636,7
2024-03-25,21.175,19.8215,21.175,21.175,1
2024-03-26,19.83,19.7493,19.83,19.7493,8142
2024-03-27,19.7845,19.8771,19.8771,19.7845,651
2024-03-28,19.9405,19.9405,19.9405,19.9405,46
2024-04-01,19.94,19.9367,19.94,19.88,2439
2024-04-02,19.8501,19.8501,19.8501,19.8501,32
2024-04-03,19.84,19.8411,19.8411,19.84,923
2024-04-04,19.72,19.7025,19.72,19.7025,3629
2024-04-05,19.7822,19.7822,19.7822,19.7822,77
2024-04-08,19.765,19.765,19.765,19.765,11
2024-04-09,19.8379,19.8379,19.8379,19.8379,13
2024-04-10,19.6504,19.6504,19.6504,19.6504,3
2024-04-11,19.655,19.655,19.655,19.655,4
2024-04-12,19.3904,19.3904,19.3904,19.3904,2
2024-04-15,19.3039,19.3039,19.3039,19.3039,31
2024-04-16,19.2,19.2766,19.34,19.2,103522
2024-04-17,19.2351,19.2351,19.2351,19.2351,7
2024-04-18,19.169,19.169,19.169,19.169,4
2024-04-19,19.21,19.1863,19.21,19.1863,645
2024-04-22,19.31,19.2938,19.39,19.2938,381
2024-04-23,19.4676,19.4676,19.4676,19.4676,6
2024-04-24,19.4983,19.4983,19.4983,19.4983,13
2024-04-25,19.3759,19.3759,19.3759,19.3759,3
2024-04-26,19.4712,19.4712,19.4712,19.4712,3
2024-04-29,19.5202,19.5202,19.5202,19.5202,4
2024-04-30,19.327,19.327,19.327,19.327,1
2024-05-01,19.3712,19.3712,19.3712,19.3712,4
2024-05-02,19.3557,19.3557,19.3557,19.3557,38
2024-05-03,19.4806,19.4806,19.4806,19.4806,77
2024-05-06,19.5686,19.5686,19.5686,19.5686,13
2024-05-07,19.6371,19.6371,19.6371,19.6371,146
2024-05-08,19.6756,19.6756,19.6756,19.6756,19
2024-05-09,19.7749,19.7749,19.7749,19.7749,0
2024-05-10,19.91,19.87,19.91,19.83,6174
2024-05-13,19.83,19.8628,19.8628,19.81,50193
2024-05-14,19.88,19.88,19.88,19.88,254
2024-05-15,19.9775,19.9775,19.9775,19.9775,17
2024-05-16,20.0222,20.0222,20.0222,20.0222,1
2024-05-17,20.0256,20.0256,20.0256,20.0256,101
2024-05-20,20.06,20.0004,20.06,20.0004,244
2024-05-21,19.9794,19.9794,19.9794,19.9794,133
2024-05-22,19.9721,19.9721,19.9721,19.9721,3
2024-05-23,19.7449,19.7449,19.7449,19.7449,35
2024-05-24,19.77,19.73,19.7701,19.73,705
2024-05-28,19.6878,19.6878,19.6878,19.6878,49
2024-05-29,19.4906,19.4906,19.4906,19.4906,54
2024-05-30,19.4938,19.4938,19.4938,19.4938,0
2024-05-31,19.67,19.67,19.67,19.67,245
2024-06-03,19.37,19.5909,19.5909,19.37,107
2024-06-04,19.6005,19.6005,19.6005,19.6005,8
2024-06-05,19.6242,19.6242,19.6242,19.6242,3
2024-06-06,19.6717,19.6717,19.6717,19.6717,182
2024-06-07,19.6776,19.6776,19.6776,19.6776,112
2024-06-10,19.7082,19.7082,19.7082,19.7082,35
2024-06-11,19.6309,19.6309,19.6309,19.6309,2
2024-06-12,19.6513,19.6513,19.6513,19.6513,15
2024-06-13,19.5208,19.5208,19.5208,19.5208,57
2024-06-14,19.5037,19.5037,19.5037,19.5037,12
2024-06-17,19.5862,19.5862,19.5862,19.5862,12
2024-06-18,19.6091,19.6091,19.6091,19.6091,6
2024-06-20,19.7329,19.7329,19.7329,19.7329,26
2024-06-21,19.843,19.843,19.843,19.843,127
2024-06-24,19.8756,19.8756,19.8756,19.8756,9
2024-06-25,19.7595,18.93722,19.7595,19.7595,1
2024-06-26,18.95,18.9073,18.95,18.9073,257
2024-06-27,18.8898,18.8898,18.8898,18.8898,97
2024-06-28,18.8768,18.8768,18.8768,18.8768,88
2024-07-01,18.8011,18.8011,18.8011,18.8011,31
2024-07-02,18.87,18.8204,18.87,18.8204,857
2024-07-03,18.845,18.845,18.845,18.845,83
2024-07-05,18.86,18.8202,18.86,18.8202,626
2024-07-08,18.8144,18.8144,18.8144,18.8144,17
2024-07-09,18.7767,18.7767,18.7767,18.7767,47
2024-07-10,18.9,18.8897,18.9,18.8897,208
2024-07-11,18.945,19.0232,19.0232,18.945,105
2024-07-12,19.1267,19.1267,19.1267,19.1267,15
2024-07-15,19.1196,19.1196,19.1196,19.1196,32
2024-07-16,19.3006,19.3006,19.3006,19.3006,12
2024-07-17,19.247,19.247,19.247,19.247,81
2024-07-18,19.157,19.157,19.157,19.157,22
2024-07-19,19.0338,19.0338,19.0338,19.0338,4
2024-07-22,19.1679,19.1679,19.1679,19.1679,8
2024-07-23,19.0774,19.0774,19.0774,19.0774,127
2024-07-24,18.983,18.983,18.983,18.983,151
2024-07-25,19.0165,19.0165,19.0165,19.0165,4
2024-07-26,19.21,19.126,19.21,19.126,347
2024-07-29,19.1302,19.1302,19.1302,19.1302,12
2024-07-30,19.2035,19.2035,19.2035,19.2035,4
2024-07-31,19.2966,19.2966,19.2966,19.2966,4
2024-08-01,19.19,19.19,19.19,19.19,614
2024-08-02,18.88,18.866,18.88,18.866,108
2024-08-05,18.6,18.4928,18.6,18.4928,179
2024-08-06,18.79,18.6802,18.79,18.6802,246
2024-08-07,18.81,18.6056,18.81,18.6056,165
2024-08-08,18.9321,18.9321,18.9321,18.9321,89
2024-08-09,18.9446,18.9446,18.9446,18.9446,27
2024-08-12,18.9078,18.9078,18.9078,18.9078,32
2024-08-13,19.0751,19.0751,19.0751,19.0751,11
2024-08-14,19.1361,19.1361,19.1361,19.1361,22
2024-08-15,19.3381,19.3381,19.3381,19.3381,15
2024-08-16,19.3705,19.3705,19.3705,19.3705,194
2024-08-19,19.4265,19.4265,19.4265,19.4265,19
2024-08-20,19.4074,19.4074,19.4074,19.4074,9
2024-08-21,19.48,19.4847,19.4847,19.48,416
2024-08-22,19.3997,19.3997,19.3997,19.3997,105
2024-08-23,19.4957,19.4957,19.4957,19.4957,1
2024-08-26,19.5308,19.5308,19.5308,19.5308,14
2024-08-27,19.4899,19.4899,19.4899,19.4899,44
2024-08-28,19.4429,19.4429,19.4429,19.4429,2
2024-08-29,19.5124,19.5124,19.5124,19.5124,6
2024-08-30,19.5393,19.5393,19.5393,19.5393,0
2024-09-04,19.345,19.345,19.345,19.345,19
2024-09-05,19.3097,19.3097,19.3097,19.3097,14
2024-09-06,19.24,19.1536,19.24,19.1536,102
2024-09-09,19.2366,19.2366,19.2366,19.2366,26
2024-09-10,19.2004,19.2004,19.2004,19.2004,16
2024-09-11,19.2989,19.2989,19.2989,19.2989,82
2024-09-12,19.3502,19.3502,19.3502,19.3502,150
2024-09-13,19.4279,19.4374,19.4374,19.4279,257
2024-09-16,19.4903,19.4903,19.4903,19.4903,57
2024-09-17,19.5403,19.5403,19.5403,19.5403,192
2024-09-18,19.5325,19.5325,19.5325,19.5325,5
2024-09-19,19.83,19.7038,19.84,19.6872,6374
2024-09-20,19.65,19.6311,19.65,19.6025,283
2024-09-23,19.7199,19.72,19.72,19.6697,880
2024-09-24,19.7349,19.7349,19.7349,19.7349,5
2024-09-25,19.72,19.3551,19.72,19.6551,4667
2024-09-26,19.3761,19.4056,19.47,19.3761,1589
2024-09-27,19.4566,19.4566,19.4566,19.4566,25
2024-09-30,19.4988,19.4988,19.4988,19.4988,102
2024-10-01,19.48,19.4778,19.48,19.4778,209
2024-10-02,19.47,19.4677,19.51,19.4677,1161
2024-10-03,19.45,19.42,19.45,19.42,251
2024-10-04,19.5119,19.5119,19.5119,19.5119,248
2024-10-07,19.4189,19.4189,19.4189,19.4189,78
2024-10-08,19.423,19.423,19.423,19.423,150
2024-10-09,19.53,19.4901,19.53,19.4901,108
2024-10-10,19.42,19.4739,19.4739,19.42,60058
2024-10-11,19.5531,19.5531,19.5531,19.5531,0
2024-10-14,19.6185,19.6185,19.6185,19.6185,18
2024-10-15,19.5758,19.5758,19.5758,19.5758,17
2024-10-16,19.6155,19.6155,19.6155,19.6155,123
2024-10-17,19.57,19.5699,19.57,19.56,200112
2024-10-18,19.6036,19.6036,19.6036,19.6036,45
2024-10-21,19.57,19.5169,19.58,19.4601,1468
2024-10-22,19.4781,19.5284,19.5284,19.4781,50103
2024-10-23,19.5049,19.5049,19.5049,19.5049,118
2024-10-24,19.5392,19.5392,19.5392,19.5392,171
2024-10-25,19.4969,19.4969,19.4969,19.4969,89
2024-10-28,19.57,19.5084,19.57,19.5084,512
2024-10-29,19.53,19.4804,19.55,19.4804,501
2024-10-30,19.51,19.4976,19.51,19.4976,158
2024-10-31,19.49,19.3713,19.49,19.3713,111
2024-11-01,19.3945,19.3945,19.3945,19.3945,133
2024-11-04,19.4329,19.4329,19.4329,19.4329,191
2024-11-05,19.4937,19.4937,19.4937,19.4937,15
2024-11-06,19.6221,19.6221,19.6221,19.6221,10
2024-11-07,19.6486,19.6486,19.6486,19.6486,70
2024-11-08,19.7,19.6547,19.7,19.6547,1039
2024-11-11,19.6278,19.6278,19.6278,19.6278,12
2024-11-12,19.5687,19.5687,19.5687,19.5687,63
2024-11-13,19.6097,19.6097,19.6097,19.6097,15
2024-11-14,19.5401,19.5758,19.5758,19.5401,144
2024-11-15,19.4757,19.4757,19.4757,19.4757,6
2024-11-18,19.5518,19.5518,19.5518,19.5518,34
2024-11-19,19.5081,19.5081,19.5081,19.5081,14
2024-11-20,19.5097,19.5097,19.5097,19.5097,108
2024-11-21,19.5437,19.5786,19.5786,19.5437,266
2024-11-22,19.6407,19.6407,19.6407,19.6407,3
2024-11-25,19.7363,19.7531,19.7531,19.7201,761
2024-11-26,19.72,19.6956,19.72,19.6943,233
2024-11-27,19.7331,19.7331,19.7331,19.7331,45
2024-11-29,19.79,19.79,19.79,19.79,137
2024-12-02,19.81,19.8229,19.8229,19.81,140020
2024-12-03,19.7321,19.7321,19.7321,19.7321,21
2024-12-04,19.79,19.7395,19.79,19.7395,621
2024-12-05,19.7496,19.7176,19.75,19.7,100577
2024-12-06,19.67,19.7021,19.7021,19.67,173
2024-12-09,19.7772,19.7131,19.7772,19.7131,1627
2024-12-10,19.6672,19.6902,19.6902,19.6672,60203
2024-12-11,19.7115,19.7115,19.7115,19.7115,62
2024-12-12,19.64,19.6714,19.6714,19.64,30057
2024-12-13,19.67,19.5914,19.67,19.5914,2575
2024-12-16,19.64,19.54,19.64,19.54,593
2024-12-17,19.5,19.446,19.5,19.446,641
2024-12-18,19.4704,19.119,19.4704,19.119,946
2024-12-19,19.11,19.1188,19.1188,19.11,101030
2024-12-20,19.17,19.2794,19.2794,19.17,289
2024-12-23,19.23,19.33,19.33,19.23,1310
2024-12-24,19.33,18.9205,19.4,19.33,1506
2024-12-26,18.72,18.9477,18.9477,18.72,509
2024-12-27,18.8664,18.8664,18.8664,18.8664,246
2024-12-30,18.8,18.7722,18.8,18.7722,204
2024-12-31,18.78,18.7712,18.78,18.7712,439
2025-01-02,18.84,18.7547,18.84,18.7547,201
2025-01-03,18.9194,18.875,18.9296,18.875,588
2025-01-06,19.0473,18.9419,19.0519,18.9419,1383
2025-01-07,18.97,18.8692,18.97,18.8692,310
2025-01-08,18.8361,18.8361,18.8361,18.8361,5
2025-01-10,18.5191,18.5191,18.5191,18.5191,59
2025-01-13,18.29,18.589,18.589,18.29,2789
2025-01-14,18.6436,18.6436,18.6436,18.6436,174
2025-01-15,18.8999,18.8023,18.8999,18.79,61038
2025-01-16,18.85,18.86,18.91,18.84,2051
2025-01-17,18.9618,18.9618,18.9618,18.9618,16
2025-01-21,19.0852,19.0852,19.0852,19.0852,87
2025-01-22,19.0801,19.0801,19.0801,19.0801,42
2025-01-23,19.1009,19.1009,19.1009,19.1009,16
2025-01-24,19.09,19.0539,19.09,19.03,80468
2025-01-27,19.026,19.026,19.026,19.026,100
2025-01-28,18.9224,18.9224,18.9224,18.9224,9
2025-01-29,18.9435,18.9435,18.9435,18.9435,54
2025-01-30,19.05,18.9601,19.05,18.9601,120
2025-01-31,19.0,18.8499,19.0,18.8499,598
2025-02-03,18.81,18.76,18.81,18.76,464
2025-02-04,18.6896,18.6896,18.6896,18.6896,155
2025-02-05,18.61,18.66,18.68,18.6,104845
2025-02-06,18.5901,18.6473,18.67,18.5901,566
2025-02-07,18.55,18.5241,18.55,18.5241,7314
2025-02-10,18.64,18.6256,18.68,18.6256,1511
2025-02-11,18.6263,18.6263,18.6263,18.6263,96
2025-02-12,18.5395,18.5395,18.5395,18.5395,79
2025-02-13,18.6006,18.6006,18.6006,18.6006,22
2025-02-14,18.6077,18.6077,18.6077,18.6077,60
2025-02-18,18.6,18.7261,18.7261,18.6,81174
2025-02-19,18.8458,18.8458,18.8458,18.8458,50
2025-02-20,18.9118,18.9118,18.9118,18.9118,11
2025-02-21,18.75,18.6978,18.75,18.6978,167
2025-02-24,18.8,18.6891,18.8,18.6891,524
2025-02-25,18.6138,18.6138,18.6138,18.6138,5
2025-02-26,18.61,18.5536,18.61,18.5536,104
2025-02-27,18.5,18.3284,18.51,18.3284,1797
2025-02-28,18.4878,18.4878,18.4878,18.4878,27
2025-03-03,18.2594,18.2594,18.2594,18.2594,106
2025-03-04,18.1863,18.1522,18.33,18.1522,1743
2025-03-05,18.1799,18.3471,18.3471,18.1403,1410
2025-03-06,18.28,18.2218,18.28,18.22,516
2025-03-07,18.26,18.3277,18.3277,18.26,891
2025-03-10,18.01,18.0758,18.0758,18.01,475
2025-03-11,18.0,17.971,18.0,17.971,176
2025-03-12,17.98,17.9568,17.98,17.9568,133
2025-03-13,17.88,17.7171,17.88,17.7171,215
2025-03-14,18.05,18.0329,18.05,18.0329,228
2025-03-17,18.189,18.2312,18.32,18.189,1196
2025-03-18,18.1414,18.1414,18.1414,18.1414,104
2025-03-19,18.26,18.2757,18.2757,18.26,111
2025-03-20,18.26,18.1629,18.26,18.1629,990
2025-03-21,18.03,18.1273,18.13,18.03,384
2025-03-24,18.3273,18.3273,18.3273,18.3273,110
2025-03-25,18.27,18.2443,18.27,18.2443,114
2025-03-26,18.2662,17.904,18.2662,18.204,339
2025-03-27,17.9,17.8896,17.9,17.8896,148
2025-03-28,17.5608,17.5573,17.5608,17.5573,180
2025-03-31,17.6123,17.6123,17.6123,17.6123,127
2025-04-01,17.6191,17.6191,17.6191,17.6191,32
2025-04-02,17.7381,17.7381,17.7381,17.7381,56
2025-04-03,16.8808,16.8808,16.8808,16.8808,77
2025-04-04,16.19,15.9856,16.19,15.9856,628
2025-04-07,16.29,15.9765,16.88,15.9765,250
2025-04-08,15.8077,15.6076,15.8077,15.6076,206
2025-04-09,15.66,16.8908,16.8908,15.66,522
2025-04-10,16.27,16.257,16.27,16.257,266
2025-04-11,16.523,16.523,16.523,16.523,34
