2022-06-07,9.95,9.96,9.96,9.95,11541
2022-06-08,9.96,9.94,9.96,9.94,3816
2022-06-09,9.9468,9.9468,9.9468,9.9468,216
2022-06-10,9.96,9.96,9.96,9.96,111
2022-06-13,9.94,9.97,9.97,9.94,87862
2022-06-14,9.96,9.96,9.96,9.96,420
2022-06-16,9.94,9.96,9.965,9.94,16307
2022-06-17,9.96,9.96,9.96,9.96,280
2022-06-21,9.92,9.92,9.92,9.92,311
2022-06-22,9.92,9.92,9.92,9.92,20001
2022-06-23,9.95,9.97,9.97,9.95,12052
2022-06-24,9.96,9.96,9.96,9.96,5030
2022-06-27,9.96,9.96,9.96,9.94,1530
2022-06-28,9.94,9.97,9.97,9.94,10709
2022-06-29,9.97,9.97,9.97,9.95,1835
2022-06-30,9.97,9.92,9.97,9.92,28025
2022-07-07,9.96,9.96,9.97,9.96,25369
2022-07-08,9.97,9.97,9.97,9.97,19809
2022-07-11,9.96,9.97,9.97,9.96,10001
2022-07-12,9.97,9.97,9.97,9.97,900
2022-07-13,9.95,9.95,9.95,9.95,1253
2022-07-18,9.96,9.95,9.96,9.95,72567
2022-07-21,9.97,9.97,9.97,9.9697,11511
2022-07-22,9.97,9.97,9.99,9.97,31371
2022-07-25,9.98,9.9865,9.9865,9.98,5200
2022-07-26,9.98,9.99,9.99,9.9799,10007
2022-07-27,9.99,9.99,9.99,9.97,201662
2022-07-29,10.0,10.0,10.0,10.0,13375
2022-08-02,10.0,10.0,10.0,10.0,501
2022-08-03,9.99,9.99,9.99,9.99,327
2022-08-04,10.0,10.0,10.0,10.0,853
2022-08-05,10.0,10.0,10.01,10.0,17298
2022-08-16,10.01,10.01,10.01,10.01,30045
2022-08-19,10.0,10.0,10.0,10.0,7200
2022-08-23,10.12,10.12,10.12,10.12,1411
2022-08-29,10.11,10.06,10.11,10.06,1224
2022-08-30,10.115,10.03,10.115,10.03,150600
2022-09-01,10.11,10.11,10.11,10.11,599
2022-09-06,10.11,10.11,10.11,10.11,181
2022-09-12,10.05,10.05,10.05,10.05,2001
2022-09-13,10.04,10.04,10.04,10.04,2000
2022-09-14,10.05,10.05,10.05,10.05,550
2022-09-15,10.05,10.04,10.05,10.04,192573
2022-09-19,10.125,10.07,10.125,10.07,913
2022-09-21,10.09,10.09,10.09,10.09,840
2022-09-28,10.07,10.07,10.07,10.07,2575
2022-09-29,10.07,10.07,10.07,10.07,201
2022-09-30,10.07,10.07,10.07,10.07,525
2022-10-04,10.08,10.08,10.08,10.075,59802
2022-10-05,10.09,10.08,10.09,10.08,500
2022-10-06,10.08,10.09,10.09,10.08,2670
2022-10-07,10.09,10.08,10.09,10.08,7730
2022-10-10,10.09,10.11,10.55,10.09,1330
2022-10-11,10.1,10.1,10.1,10.1,11620
2022-10-13,10.105,10.105,10.105,10.105,2400
2022-10-17,10.11,10.1,10.11,10.1,32055
2022-10-19,10.1,10.1,10.1,10.1,3400
2022-10-20,10.49,10.13,10.6,10.12,2083
2022-10-21,10.1,10.1,10.1054,10.1,18425
2022-10-26,10.13,10.13,10.13,10.13,300
2022-10-28,10.14,10.15,10.15,10.14,2800
2022-10-31,10.15,10.15,10.15,10.15,609
2022-11-01,10.15,10.15,10.15,10.15,2066
2022-11-09,10.16,10.16,10.16,10.16,321
2022-11-11,10.3182,10.1838,10.3182,10.16,920
2022-11-14,10.175,10.175,10.175,10.175,200
2022-11-15,10.19,10.19,10.19,10.19,400
2022-11-18,10.18,10.18,10.18,10.18,100
2022-11-21,10.185,10.19,10.19,10.185,4424
2022-11-23,10.215,10.19,10.215,10.19,1899
2022-12-01,10.2199,10.22,10.22,10.2199,7100
2022-12-07,10.23,10.23,10.23,10.23,22453
2022-12-08,10.22,10.23,10.23,10.22,346
2022-12-09,10.24,10.24,10.24,10.24,200
2022-12-12,10.25,10.25,10.25,10.25,11311
2022-12-13,10.27,10.25,10.27,10.25,6204
2022-12-14,10.24,10.26,10.26,10.24,1064
2022-12-16,10.24,10.24,10.24,10.24,3877
2022-12-19,9.82,10.27,10.27,9.82,629
2022-12-20,10.25,10.25,10.26,10.24,159929
2022-12-21,10.27,10.23,10.27,10.23,600
2022-12-23,10.24,10.255,10.255,10.24,12600
2022-12-27,10.27,10.27,10.29,10.24,30472
2022-12-28,10.24,10.24,10.27,10.24,1956
2022-12-29,10.28,10.28,10.28,10.28,200
2022-12-30,10.29,10.29,10.29,10.29,310
2023-01-03,10.25,10.2502,10.27,10.25,1216
2023-01-04,10.27,10.27,10.27,10.2501,52251
2023-01-05,10.3,10.28,10.35,10.28,16441
2023-01-06,10.275,10.28,10.28,10.275,800
2023-01-09,10.27,10.27,10.27,10.27,102
2023-01-11,10.32,10.32,10.32,10.32,1958
2023-01-23,10.33,10.35,10.35,10.33,60494
2023-01-24,10.35,10.35,10.35,10.35,950
2023-01-26,10.35,10.39,10.59,10.35,103318
2023-01-27,10.33,10.35,10.36,10.33,22416
2023-01-30,10.35,10.35,10.35,10.35,261444
2023-01-31,10.36,10.3599,10.36,10.35,104149
2023-02-01,10.35,10.3501,10.3501,10.35,91047
2023-02-02,10.36,10.36,10.36,10.36,3162
2023-02-03,10.35,10.35,10.36,10.345,62240
2023-02-06,10.35,10.35,10.35,10.35,3191
2023-02-07,10.35,10.36,10.36,10.35,184963
2023-02-08,10.365,10.365,10.365,10.365,200
2023-02-10,10.36,10.36,10.36,10.36,100
2023-02-13,10.37,10.37,10.37,10.37,66700
2023-02-17,10.38,10.38,10.39,10.37,16915
2023-02-21,10.38,10.38,10.38,10.38,3902
2023-02-22,10.39,10.39,10.39,10.39,5605
2023-02-23,10.39,10.4,10.4,10.3899,18104
2023-02-24,10.4,10.4,10.4,10.4,1053
2023-02-27,10.4,10.42,10.42,10.4,5400
2023-03-02,10.48,10.43,10.48,10.43,16113
2023-03-03,10.9,10.4,10.9,10.4,1866
2023-03-08,10.4,10.4,10.4,10.4,8003
2023-03-13,10.5064,10.41,10.705,10.41,1284
2023-03-14,10.46,10.41,10.46,10.41,31301
2023-03-16,10.415,10.42,10.42,10.415,131152
2023-03-17,10.415,10.415,10.42,10.415,2944
2023-03-20,10.45,10.44,10.46,10.43,2811
2023-03-22,10.47,10.44,10.51,10.43,44936
2023-03-23,10.42,10.455,10.46,10.42,291567
2023-03-24,10.45,10.45,11.014,10.45,18252
2023-03-27,10.45,10.4899,10.69,10.45,11282
2023-03-28,10.47,10.47,10.47,10.47,658
2023-03-29,10.658,10.49,10.7153,10.45,45829
2023-03-30,10.5,10.52,10.75,10.5,20572
2023-03-31,10.7304,10.47,11.42,10.4601,7132
2023-04-04,10.5,10.48,10.5,10.48,1005
2023-04-05,10.52,10.52,10.52,10.47,16628
2023-04-06,10.54,10.54,10.54,10.54,588
2023-04-10,10.535,10.53,10.535,10.52,225880
2023-04-11,10.54,10.53,10.54,10.53,120274
2023-04-13,10.53,10.53,10.53,10.53,17616
2023-04-14,10.54,10.54,10.75,10.54,15847
2023-04-18,10.54,10.56,10.56,10.54,54128
2023-04-20,10.629,10.58,11.075,10.53,14718
2023-04-21,10.59,10.53,10.59,10.53,11800
2023-04-24,10.867,10.57,10.95,10.56,20840
2023-04-25,10.56,10.56,10.56,10.56,7382
2023-04-26,10.59,10.58,10.59,10.56,260943
2023-04-27,10.56,10.56,10.56,10.56,42795
2023-04-28,10.56,10.56,10.56,10.56,18798
2023-05-01,10.54,10.53,10.54,10.53,11708
2023-05-02,10.53,10.56,10.56,10.53,10976
2023-05-03,10.5401,10.54,10.5401,10.54,11100
2023-05-04,10.54,10.54,10.54,10.54,9269
2023-05-05,10.54,10.54,10.54,10.54,8566
2023-05-08,10.56,10.56,10.56,10.56,9017
2023-05-09,10.56,10.56,10.56,10.56,7536
2023-05-10,10.56,10.56,10.563,10.56,12200
2023-05-11,10.57,10.57,10.57,10.57,6495
2023-05-12,10.58,10.59,10.59,10.575,21488
2023-05-15,10.59,10.59,10.59,10.58,40291
2023-05-16,10.59,10.59,10.59,10.59,7531
2023-05-17,10.59,10.6,10.6,10.59,9984
2023-05-18,10.6,10.6,10.6,10.6,7011
2023-05-19,10.6,10.61,10.61,10.6,11382
2023-05-22,10.61,10.62,10.62,10.61,7288
2023-05-23,10.6,10.6,10.6,10.6,4588
2023-05-24,10.6,10.61,10.8,10.6,13841
2023-05-25,10.61,10.62,10.62,10.61,11761
2023-05-26,10.61,10.61,10.615,10.6,6916
2023-05-30,10.61,10.61,10.61,10.61,3924
2023-05-31,10.61,11.345,11.345,10.61,110977
2023-06-01,10.8,10.64,10.8,10.63,19014
2023-06-02,10.63,10.66,10.66,10.63,6147
2023-06-05,10.63,10.66,10.66,10.62,6423
2023-06-06,10.62,10.62,10.62,10.62,5527
2023-06-07,10.62,10.62,10.62,10.62,4817
2023-06-08,10.65,10.63,10.65,10.62,13022
2023-06-09,10.63,10.63,10.6301,10.63,7347
2023-06-12,10.635,10.6301,10.645,10.63,6617
2023-06-13,10.64,10.74,10.74,10.63,4741
2023-06-14,10.63,10.72,10.72,10.63,5471
2023-06-15,10.66,10.66,10.66,10.65,6895
2023-06-16,10.66,10.66,10.66,10.66,15529
2023-06-20,10.73,10.69,10.73,10.69,1307
2023-06-21,10.7148,10.6901,10.7148,10.69,5512
2023-06-22,10.69,10.69,10.69,10.69,5337
2023-06-23,10.69,10.69,10.69,10.69,5889
2023-06-26,10.69,10.71,10.78,10.69,47393
2023-06-28,10.7,10.7,10.9,10.7,154531
2023-06-29,10.7199,10.7102,10.7199,10.71,5491
2023-07-06,10.7,10.7,10.7,10.7,2356
2023-07-10,10.75,10.75,10.77,10.75,319460
2023-07-11,10.75,10.76,10.76,10.75,2498
2023-07-12,10.76,10.77,10.77,10.76,20533
2023-07-13,10.79,10.76,10.79,10.76,1382
2023-07-18,11.0,10.775,11.091,10.76,36119
2023-07-19,10.8,10.76,10.8,10.76,1507
2023-07-20,10.76,10.8,11.84,10.76,12917
2023-07-21,10.8,10.8,10.95,10.79,229507
2023-07-24,10.8,10.8,10.81,10.8,2145
2023-07-25,10.81,10.8,10.81,10.8,100602
2023-07-27,10.78,10.79,11.4138,10.78,9103
2023-07-28,10.8,10.81,10.81,10.8,602
2023-07-31,10.8,10.82,10.82,10.8,1014
2023-08-01,10.82,10.81,10.82,10.81,310127
2023-08-02,11.69,10.81,11.78,10.81,16379
2023-08-03,11.35,10.8,11.77,10.8,27320
2023-08-04,10.8,10.8,10.8,10.8,1148
2023-08-07,10.81,10.8,10.81,10.8,549
2023-08-08,10.8,10.8,10.805,10.8,2188
2023-08-09,10.8,10.8,10.8,10.8,5708
2023-08-11,10.81,10.81,10.81,10.81,1504
2023-08-14,10.81,10.81,10.815,10.81,4699
2023-08-15,10.81,10.81,10.82,10.81,30422
2023-08-16,10.83,10.83,10.83,10.83,10685
2023-08-17,10.82,10.85,10.85,10.82,221386
2023-08-18,10.82,10.82,10.82,10.82,606
2023-08-21,10.84,10.84,10.84,10.84,300
2023-08-23,10.84,10.84,10.8436,10.84,3801
2023-08-24,10.85,10.86,10.86,10.84,6429
2023-08-29,10.87,10.87,10.87,10.87,5000
2023-08-30,10.87,10.87,10.88,10.86,274897
2023-08-31,10.87,10.87,10.87,10.87,100100
2023-09-01,10.87,10.87,10.87,10.86,294840
2023-09-05,10.8702,10.87,10.8702,10.87,116780
2023-09-06,10.88,10.87,10.88,10.87,2461
2023-09-07,10.875,10.89,10.89,10.87,213766
2023-09-08,10.88,10.87,10.88,10.87,10217
2023-09-11,10.89,10.89,10.89,10.89,1352
2023-09-12,10.89,10.88,10.89,10.88,5972
2023-09-14,10.89,10.89,10.89,10.89,8926
2023-09-15,10.92,10.92,10.92,10.92,950
2023-09-18,11.35,10.98,11.35,10.89,33387
2023-09-19,10.97,10.97,10.97,10.97,302
2023-09-21,10.91,10.91,10.91,10.91,234
2023-09-26,10.93,10.9,10.93,10.9,152114
2023-09-27,10.92,10.92,10.92,10.92,49067
2023-09-28,10.94,10.94,10.94,10.94,315
2023-09-29,10.94,10.95,10.95,10.9398,3143
2023-10-02,10.94,10.92,10.96,10.92,8442
2023-10-04,10.9285,10.91,10.93,10.9,1154257
2023-10-05,10.91,10.9,10.92,10.9,210720
2023-10-06,10.9,10.9,10.9,10.9,314
2023-10-10,10.91,10.91,10.92,10.91,67729
2023-10-12,10.92,10.92,10.93,10.92,268778
2023-10-13,10.92,10.94,10.94,10.92,7124
2023-10-16,10.93,10.93,10.93,10.93,25002
2023-10-23,10.95,10.95,10.97,10.9498,23330
2023-10-24,10.95,10.95,10.95,10.95,102
2023-11-01,10.9598,10.96,10.96,10.9598,48232
2023-11-06,10.97,10.97,10.97,10.97,30316
2023-11-07,10.9695,10.96,10.9695,10.96,102102
2023-11-10,10.96,10.97,10.97,10.96,599
2023-11-13,10.98,10.98,10.98,10.98,3238
2023-11-14,10.97,10.97,10.97,10.97,37795
2023-11-15,10.98,10.98,10.98,10.98,125
2023-11-21,10.98,10.98,10.98,10.98,50002
2023-11-22,10.97,10.97,10.97,10.97,104
2023-11-24,10.98,10.97,10.98,10.97,202
2023-11-27,10.98,10.98,10.98,10.98,110
2023-11-29,10.99,10.99,10.99,10.99,25103
2023-11-30,11.01,11.01,11.01,11.01,2101
2023-12-01,11.01,11.0,11.01,11.0,11003
2023-12-04,11.0,11.0,11.0,11.0,50000
2023-12-05,11.0,11.01,11.01,11.0,15201
2023-12-13,11.01,11.01,11.01,11.01,100
2023-12-14,11.01,11.01,11.01,11.01,731
2023-12-15,11.02,11.02,11.06,11.02,19512
2023-12-18,11.03,11.03,11.14,11.03,5338
2023-12-19,11.1223,11.06,11.1223,11.03,214459
2023-12-20,11.05,11.05,11.05,11.05,134312
2023-12-22,11.04,11.05,11.05,11.04,26800
2023-12-26,11.09,11.0429,11.09,11.0429,2131
2023-12-27,11.03,11.03,11.03,11.03,1888
2023-12-28,11.03,11.05,11.05,11.03,200861
2023-12-29,10.94,10.17,11.15,10.0,51185
2024-01-02,11.78,11.03,11.78,11.0,14522
2024-01-03,11.14,11.1,11.14,11.06,2404
2024-01-04,11.0,10.37,11.19,10.37,97697
2024-01-05,10.0,12.01,14.1,10.0,17765
2024-01-08,11.82,10.86,11.99,10.48,8730
2024-01-09,10.62,7.03,10.62,6.85,98383
2024-01-10,6.75,6.16,6.98,5.91,107477
2024-01-11,6.4,5.76,6.4,5.43,18859
2024-01-12,5.85,5.92,6.3,5.56,11011
2024-01-16,5.92,5.9899,6.49,5.5,13227
2024-01-17,6.0,5.88,6.3,5.69,30353
2024-01-18,6.0,5.6501,6.18,5.5,28942
2024-01-19,5.586,5.72,5.9,5.5,3652
2024-01-22,5.93,5.28,5.95,5.0,7440
2024-01-23,5.34,5.48,5.6,5.07,14221
2024-01-24,5.13,4.9687,5.49,4.65,11024
2024-01-25,5.3,4.97,5.3,4.97,1299
2024-01-26,4.97,5.3,5.5,4.32,13853
2024-01-29,4.93,4.84,5.4,4.84,11608
2024-01-30,4.71,4.65,5.15,4.55,5481
2024-01-31,4.35,4.5,4.6932,4.23,2711
2024-02-01,4.53,4.64,4.64,4.5,4110
2024-02-02,4.69,4.69,4.69,4.69,228
2024-02-05,4.68,4.68,4.7,4.68,434
2024-02-06,4.63,4.47,4.68,4.465,3397
2024-02-07,4.97,4.75,5.0,4.5,3282
2024-02-08,5.08,5.01,5.08,4.7558,1422
2024-02-09,4.9044,4.5,4.9044,4.48,5867
2024-02-12,4.7,4.765,4.85,4.52,5112
2024-02-13,4.5,4.78,4.825,4.5,647
2024-02-14,4.7445,4.5,4.7569,4.05,4007
2024-02-15,4.16,4.48,5.0099,4.16,3572
2024-02-16,4.5501,4.33,4.57,4.33,2122
2024-02-20,4.54,4.8256,4.89,4.5,3242
2024-02-21,4.55,4.69,4.6901,4.51,4407
2024-02-22,4.7,4.96,5.01,4.7,5998
2024-02-23,4.78,4.87,5.95,4.78,24770
2024-02-26,5.39,5.0,5.89,5.0,7445
2024-02-27,5.25,5.3,6.0,5.1,21714
2024-02-28,5.31,5.15,5.4826,5.15,3899
2024-02-29,5.38,5.6499,6.13,5.38,31744
2024-03-01,5.92,5.72,5.95,5.59,30289
2024-03-04,5.7,5.75,5.9,5.5,30499
2024-03-05,5.6,6.1,6.51,5.6,30895
2024-03-06,6.18,6.51,6.9,6.18,37287
2024-03-07,6.26,5.42,6.45,4.7,51620
2024-03-08,5.2799,5.38,5.54,4.88,52598
2024-03-11,5.3201,5.7,5.8,5.05,50423
2024-03-12,5.49,5.99,6.31,5.41,56892
2024-03-13,5.69,6.02,6.45,5.55,50198
2024-03-14,5.9199,6.05,6.15,5.7,54714
2024-03-15,5.97,6.6,6.7,5.675,60743
2024-03-18,6.49,6.7415,6.89,6.16,67963
2024-03-19,6.69,8.06,8.7502,6.5,110292
2024-03-20,7.61,8.985,9.05,7.244,100535
2024-03-21,8.74,8.4,9.47,8.02,102277
2024-03-22,8.12,8.49,8.77,7.505,100360
2024-03-25,8.44,8.52,8.915,8.05,102005
2024-03-26,8.9292,8.06,8.96,7.8,102017
2024-03-27,7.86,7.8,8.282,7.52,80248
2024-03-28,7.72,8.748,9.3,7.72,91893
2024-04-01,8.43,8.05,9.47,7.98,71078
2024-04-02,8.42,8.53,8.96,7.94,68777
2024-04-03,8.49,7.72,9.025,7.705,61567
2024-04-04,7.82,8.65,8.8,7.82,62130
2024-04-05,8.76,8.18,8.97,7.89,60976
2024-04-08,8.88,8.4,9.4999,8.0001,60638
2024-04-09,8.11,8.2,8.625,7.68,60733
2024-04-10,8.588,7.91,8.92,7.91,64715
2024-04-11,8.39,7.82,8.8,7.79,63511
2024-04-12,8.03,8.4,8.45,7.87,62412
2024-04-15,8.6,8.05,9.43,8.04,64858
2024-04-16,8.1005,7.79,8.4,7.71,60656
2024-04-17,7.91,8.36,8.36,7.77,60610
2024-04-18,8.41,8.93,9.28,8.17,44027
2024-04-19,8.86,8.69,9.18,8.3,44093
2024-04-22,8.39,8.04,8.49,8.005,31763
2024-04-23,8.24,8.29,8.415,7.925,30388
2024-04-24,8.1442,8.36,8.36,7.88,30198
2024-04-25,8.3301,8.51,8.515,8.26,30550
2024-04-26,8.68,9.2,9.44,8.64,45755
2024-04-29,8.98,8.6,9.47,8.6,36090
2024-04-30,8.25,8.54,8.77,8.25,30517
2024-05-01,8.79,8.44,9.0898,8.34,33658
2024-05-02,8.69,8.28,8.69,8.06,30652
2024-05-03,8.18,7.93,8.78,7.83,32733
2024-05-06,8.13,7.85,8.13,7.79,7629
2024-05-07,7.92,8.19,8.19,7.86,31486
2024-05-08,8.06,8.3,8.3,7.95,30328
2024-05-09,8.2093,7.85,8.2093,7.5,30719
2024-05-10,7.8339,7.97,8.04,7.68,30816
2024-05-13,7.97,7.75,7.97,7.66,6312
2024-05-14,7.625,7.71,7.73,7.58,7336
2024-05-15,7.51,7.19,7.51,7.15,4702
2024-05-16,7.1767,7.21,7.25,6.98,7157
2024-05-17,7.2,7.32,7.49,7.2,2529
2024-05-20,7.32,7.4999,7.9,7.2,6098
2024-05-21,7.16,7.45,7.48,7.08,6732
2024-05-22,6.94,7.04,7.6,6.94,7733
2024-05-23,7.0,7.06,7.1,6.89,4343
2024-05-24,6.85,6.46,7.01,5.95,4508
2024-05-28,6.26,5.76,6.68,5.61,1847
2024-05-29,5.76,5.5,6.0,5.5,3062
2024-05-30,5.4,5.96,5.96,5.32,12552
2024-05-31,6.02,6.06,7.8999,5.96,45484
2024-06-03,6.42,5.95,6.89,5.54,23147
2024-06-04,6.19,6.3,6.3,6.19,1219
2024-06-05,6.5,6.7,7.62,5.99,24945
2024-06-06,7.36,6.46,7.36,6.46,2010
2024-06-07,7.42,7.0,7.99,6.4,11831
2024-06-11,6.88,7.38,7.98,6.57,125808
2024-06-12,7.02,7.0001,7.25,6.41,29428
2024-06-13,6.6987,6.13,6.8343,6.13,5353
2024-06-14,6.5,5.91,6.9,5.09,17929
2024-06-17,6.03,6.14,6.69,6.03,4086
2024-06-18,6.22,6.21,6.22,6.21,45060
2024-06-20,7.1,8.0,8.61,7.0944,91178
2024-06-21,7.52,8.16,8.9,7.52,18345
2024-06-24,9.2,7.99,9.2,7.82,10449
2024-06-25,8.3114,8.7,8.92,8.0883,6241
2024-06-26,8.73,7.75,8.8398,7.75,3781
2024-06-27,8.29,11.39,11.7199,7.5551,210635
2024-06-28,11.22,11.19,11.4,11.11,30444
2024-07-01,11.2584,11.37,11.41,11.2584,18956
2024-07-02,11.3,11.3502,11.37,11.05,15751
2024-07-03,11.33,11.36,11.43,11.33,103817
2024-07-05,11.12,11.45,11.45,11.12,5291
2024-07-08,11.35,11.45,11.45,11.35,1104
2024-07-09,11.45,11.42,11.45,11.3,1553
2024-07-10,11.37,11.45,11.45,11.3,8770
2024-07-11,11.43,11.5,11.5,11.34,18157
2024-07-12,11.45,11.5,11.5,11.34,32721
2024-07-15,11.5,11.48,11.655,11.48,14748
2024-07-16,11.48,11.47,11.48,11.46,14941
2024-07-19,11.35,11.35,11.35,11.35,272
2024-07-29,11.51,11.51,11.51,11.51,127
2024-07-30,11.36,11.37,11.37,11.36,289
2024-08-05,11.45,11.45,11.45,11.45,209
2024-08-06,11.43,11.45,11.45,11.43,1077
2024-08-07,11.45,11.45,11.45,11.45,25026
2024-08-09,11.45,11.45,11.45,11.45,35273
2024-08-14,11.37,11.509,11.51,11.37,13917
2024-08-19,11.4133,11.48,11.48,11.4133,729
2024-08-23,11.48,11.48,11.48,11.48,5002
2024-09-04,11.51,11.53,11.53,11.47,9162
2024-09-05,11.51,11.53,11.53,11.49,3001
2024-09-10,11.51,11.51,11.51,11.51,794
2024-09-18,11.43,11.44,11.885,11.42,4901
2024-09-26,11.43,11.53,11.59,11.43,2617
2024-09-30,11.48,11.59,11.59,11.48,400
2024-10-01,11.5628,11.4415,11.59,11.43,1600
2024-10-02,11.49,11.57,11.57,11.49,2324
2024-10-04,11.51,11.51,11.51,11.51,1047
2024-10-25,11.6,11.88,11.9501,11.42,8135
2024-10-28,11.78,11.51,11.78,11.51,4951
2024-10-30,11.6,11.6,11.62,11.6,8043
2024-11-04,11.5899,11.7,11.73,11.51,5492
2024-11-05,11.53,11.58,11.8141,11.41,8001
2024-11-06,11.55,11.55,11.55,11.55,109
2024-11-07,11.4159,11.4159,11.4159,11.4159,106
2024-11-11,11.34,12.0,12.0,11.34,1056
2024-11-12,11.65,11.64,11.65,11.5,10600
2024-11-13,11.59,11.65,11.7002,11.55,3304
2024-11-19,11.41,11.69,11.69,11.41,4663
2024-11-25,11.68,11.71,11.71,11.65,14004
2024-11-29,11.87,11.95,11.97,11.87,1338
2024-12-02,11.98,11.98,11.98,11.98,128
2024-12-03,11.85,11.93,11.93,11.85,606
2024-12-04,11.95,11.8,11.95,11.8,558
2024-12-11,11.95,11.95,11.95,11.95,354
2024-12-16,11.85,11.9,11.9,11.85,57110
2024-12-17,11.94,11.85,11.94,11.85,15631
2024-12-18,11.88,11.88,11.88,11.88,10400
2024-12-19,11.88,11.88,11.88,11.88,465
2024-12-27,11.88,11.88,11.88,11.86,1176
2024-12-30,11.88,11.88,11.88,11.88,2712
2025-01-03,11.88,11.89,11.96,11.88,3356
2025-01-06,11.88,11.91,11.98,11.88,3094
2025-01-07,11.99,11.9,11.99,11.9,2761
2025-01-10,12.0,11.97,12.0,11.97,446
2025-01-14,12.15,12.15,12.15,12.15,117
2025-01-24,11.9,11.965,13.2,11.9,20546
2025-01-27,11.99,11.93,11.99,11.93,3199
2025-01-28,11.98,11.98,11.98,11.98,100
2025-01-29,12.0,12.0,12.0,12.0,193
2025-01-30,11.96,12.0,12.0,11.96,751
2025-02-27,12.0,12.0,12.0,12.0,304
2025-03-03,12.06,12.06,12.06,12.06,101
2025-03-07,12.02,12.02,12.02,12.02,594
2025-03-17,12.02,12.05,12.05,12.02,7232
2025-03-21,12.02,12.02,12.02,11.9,2401
2025-03-24,12.06,12.06,12.06,12.06,104
2025-03-25,12.0,12.09,12.09,12.0,800
2025-03-26,12.09,12.0899,12.09,12.0899,602
2025-03-27,12.09,12.09,12.09,12.09,123
2025-03-28,12.09,12.13,12.13,12.09,509
2025-03-31,12.24,12.18,12.24,12.18,354
2025-04-01,12.24,12.24,12.24,12.24,195
2025-04-03,12.24,12.24,12.24,12.24,389
2025-04-04,12.08,12.15,12.15,12.08,809
