2022-12-01,25.05,25.1053,26.45,25.0269,595489
2022-12-02,25.02,25.05,25.11,24.9,253429
2022-12-05,25.0,24.8119,25.0,24.77,1168284
2022-12-06,24.84,24.662,24.84,24.5401,172241
2022-12-07,24.67,24.6362,24.69,24.555,399255
2022-12-08,24.68,24.73,24.7738,24.6661,85655
2022-12-09,24.72,24.6322,24.76,24.61,55252
2022-12-12,24.65,24.8087,24.82,24.65,302535
2022-12-13,25.0912,24.92,25.2,24.85,214427
2022-12-14,24.885,24.8692,25.01,24.78,179653
2022-12-15,24.74,24.57,24.74,24.48,85153
2022-12-16,24.51,24.3705,24.51,24.3051,43566
2022-12-19,24.57,24.34,24.57,24.2697,35010
2022-12-20,24.32,24.3322,24.38,24.26,45209
2022-12-21,24.45,24.54,24.57,24.3964,142911
2022-12-22,24.4,24.3763,24.4,24.17,122323
2022-12-23,24.38,24.458,24.46,24.31,10908
2022-12-27,24.45,24.41,24.46,24.34,17155
2022-12-28,24.41,24.261,24.42,24.25,37587
2022-12-29,24.45,24.488,24.51,24.425,11095
2022-12-30,24.369,24.4108,24.4108,24.3315,9956
2023-01-03,24.446,24.38,24.446,24.2897,23697
2023-01-04,24.42,24.4655,24.56,24.3701,22501
2023-01-05,24.46,24.3442,24.46,24.3001,13504
2023-01-06,24.5,24.6461,24.69,24.39,15551
2023-01-09,24.76,24.62,24.83,24.62,64365
2023-01-10,24.6273,24.7243,24.73,24.6001,36802
2023-01-11,24.765,24.8804,24.89,24.765,14668
2023-01-12,24.83,24.9341,24.98,24.83,10242
2023-01-13,24.9,25.01,25.02,24.87,59509
2023-01-17,25.06,24.9948,25.06,24.9501,36582
2023-01-18,25.0161,24.81,25.07,24.8001,24864
2023-01-19,24.72,24.718,24.78,24.6361,60271
2023-01-20,24.83,24.915,24.96,24.7179,35587
2023-01-23,24.93,25.13,25.1999,24.93,46177
2023-01-24,25.0439,25.089,25.13,25.02,171210
2023-01-25,24.979,25.0869,25.11,24.8501,88194
2023-01-26,25.14,25.23,25.26,25.0951,64485
2023-01-27,25.269,25.2716,25.36,25.21,27228
2023-01-30,25.1801,25.0998,25.25,25.0998,26096
2023-01-31,25.16,25.2915,25.34,25.16,86546
2023-02-01,25.3299,25.4346,25.52,25.2003,44611
2023-02-02,25.559,25.5879,25.65,25.52,16842
2023-02-03,25.5,25.52,25.61,25.4,59306
2023-02-06,25.429,25.415,25.46,25.3501,64204
2023-02-07,25.41,25.59,25.6,25.3501,18849
2023-02-08,25.488,25.4355,25.51,25.4101,9893
2023-02-09,25.53,25.34,25.5599,25.2601,32093
2023-02-10,25.2611,25.39,25.39,25.2611,14165
2023-02-13,25.37,25.4962,25.53,25.37,48595
2023-02-14,25.469,25.5163,25.5899,25.3601,83829
2023-02-15,25.4674,25.5258,25.56,25.42,10399
2023-02-16,25.39,25.3705,25.52,25.3501,19688
2023-02-17,25.32,25.33,25.36,25.23,16939
2023-02-21,25.1601,25.0891,25.21,25.055,14065
2023-02-22,25.14,25.055,25.16,24.9801,25393
2023-02-23,25.1101,25.1336,25.17,24.9813,13318
2023-02-24,24.8801,24.9713,25.01,24.8801,14357
2023-02-27,25.16,25.0191,25.16,24.99,20729
2023-02-28,24.9876,25.0,25.0994,24.9876,21631
2023-03-01,25.0,24.9462,25.0,24.8801,18877
2023-03-02,24.89,25.0496,25.07,24.8596,16058
2023-03-03,25.09,25.2651,25.27,25.09,7611
2023-03-06,25.2501,25.27,25.3899,25.2501,8834
2023-03-07,25.2301,25.04,25.26,25.0211,16622
2023-03-08,24.97,25.0825,25.09,24.97,26029
2023-03-09,25.05,24.8401,25.16,24.7901,33117
2023-03-10,24.72,24.6219,24.82,24.59,22520
2023-03-13,24.5,24.6897,24.785,24.5,22040
2023-03-14,24.87,24.89,24.9399,24.72,14880
2023-03-15,24.76,24.8,24.8,24.6735,17747
2023-03-16,24.7201,25.0103,25.04,24.72,29738
2023-03-17,24.9801,24.8729,24.9801,24.79,8309
2023-03-20,24.92,24.9898,25.02,24.9,10125
2023-03-21,25.14,25.1601,25.2,25.04,25766
2023-03-22,25.14,24.9962,25.24,24.96,34356
2023-03-23,25.07,24.99,25.2,24.88,36428
2023-03-24,24.88,25.11,25.11,24.851,29385
2023-03-27,25.12,25.09,25.17,25.05,11712
2023-03-28,25.0623,25.06,25.09,25.01,17929
2023-03-29,25.226,25.29,25.3,25.17,22669
2023-03-30,25.39,25.33,25.39,25.2602,16117
2023-03-31,25.43,25.5319,25.5319,25.37,571258
2023-04-03,25.59,25.5943,25.62,25.4961,6439
2023-04-04,25.58,25.5152,25.61,25.4801,8299
2023-04-05,25.485,25.518,25.52,25.4211,17541
2023-04-06,25.509,25.5578,25.57,25.45,18771
2023-04-10,25.5,25.5457,25.57,25.3998,15257
2023-04-11,25.5635,25.5583,25.62,25.52,8750
2023-04-12,25.669,25.5175,25.67,25.4608,19541
2023-04-13,25.545,25.71,25.72,25.545,30549
2023-04-14,25.73,25.6579,25.73,25.57,61732
2023-04-17,25.6482,25.63,25.6999,25.57,33931
2023-04-18,25.7095,25.69,25.739,25.64,28683
2023-04-19,25.645,25.6998,25.7499,25.6201,28490
2023-04-20,25.5901,25.6295,25.73,25.5901,13275
2023-04-21,25.635,25.6555,25.7,25.5701,20739
2023-04-24,25.7,25.6722,25.7,25.6,52267
2023-04-25,25.58,25.4477,25.58,25.44,57930
2023-04-26,25.4799,25.3996,25.499,25.351,23693
2023-04-27,25.44,25.62,25.68,25.43,108137
2023-04-28,25.6,25.7839,25.79,25.6,14897
2023-05-01,25.7701,25.7791,25.85,25.75,32055
2023-05-02,25.725,25.625,25.725,25.5,22062
2023-05-03,25.634,25.55,25.7,25.5,30921
2023-05-04,25.45,25.45,25.5,25.3582,16220
2023-05-05,25.66,25.6808,25.7101,25.6,15781
2023-05-08,25.7,25.6853,25.7,25.6375,4165
2023-05-09,25.6017,25.6334,25.66,25.6017,4147
2023-05-10,25.78,25.6761,25.78,25.52,117053
2023-05-11,25.59,25.6477,25.67,25.575,19566
2023-05-12,25.68,25.62,25.73,25.539,313894
2023-05-15,25.68,25.66,25.68,25.6241,5866
2023-05-16,25.64,25.56,25.66,25.56,10564
2023-05-17,25.71,25.73,25.78,25.6,18041
2023-05-18,25.776,25.87,25.89,25.745,25777
2023-05-19,25.965,25.86,25.99,25.82,8558
2023-05-22,25.91,25.85,25.94,25.84,65554
2023-05-23,25.855,25.68,25.8899,25.68,43522
2023-05-24,25.6899,25.56,25.6899,25.51,43673
2023-05-25,25.66,25.69,25.76,25.65,11787
2023-05-26,25.87,25.91,25.965,25.8368,3512
2023-05-30,25.99,25.9,26.0185,25.8686,26424
2023-05-31,25.91,25.85,25.92,25.74,113696
2023-06-01,25.86,25.98,26.0399,25.86,17418
2023-06-02,26.15,26.2392,26.27,26.1225,10803
2023-06-05,26.2001,26.2392,26.28,26.13,28092
2023-06-06,26.14,26.2,26.23,26.14,22112
2023-06-07,26.3199,26.13,26.3199,26.12,44888
2023-06-08,26.24,26.23,26.26,26.11,55414
2023-06-09,26.395,26.26,26.395,26.25,23191
2023-06-12,26.3201,26.43,26.43,26.3201,8841
2023-06-13,26.5,26.54,26.6,26.4726,28716
2023-06-14,26.585,26.52,26.64,26.4,19116
2023-06-15,26.58,26.71,26.75,26.58,27671
2023-06-16,26.88,26.68,26.88,26.68,10167
2023-06-20,26.55,26.63,26.6999,26.55,6423
2023-06-21,26.59,26.53,26.6086,26.51,13877
2023-06-22,26.51,26.62,26.65,26.51,20846
2023-06-23,26.545,26.5,26.59,26.5,6752
2023-06-26,26.6021,26.41,26.6299,26.41,20527
2023-06-27,26.52,26.62,26.68,26.5018,146385
2023-06-28,26.5881,26.63,26.64,26.57,18737
2023-06-29,26.635,26.66,26.67,26.604,41089
2023-06-30,26.82,26.87,26.93,26.82,76297
2023-07-03,26.88,26.8919,26.925,26.86,27549
2023-07-05,26.863,26.899,26.9,26.863,53941
2023-07-06,26.73,26.76,26.8,26.6801,6811
2023-07-07,26.73,26.71,26.885,26.71,19588
2023-07-10,26.8,26.77,26.8,26.74,14719
2023-07-11,26.8,26.86,26.87,26.79,279597
2023-07-12,27.06,26.99,27.06,26.975,30303
2023-07-13,27.07,27.11,27.1399,27.05,31349
2023-07-14,27.2041,27.13,27.2041,27.13,6931
2023-07-17,27.11,27.15,27.205,27.11,24394
2023-07-18,27.2599,27.25,27.271,27.19,10915
2023-07-19,27.31,27.25,27.3339,27.24,29374
2023-07-20,27.3199,27.2,27.3199,27.18,4135
2023-07-21,27.2201,27.26,27.2701,27.19,22803
2023-07-24,27.25,27.26,27.33,27.25,56745
2023-07-25,27.24,27.29,27.3399,27.24,6536
2023-07-26,27.28,27.3,27.355,27.26,11459
2023-07-27,27.386,27.21,27.42,27.18,20327
2023-07-28,27.3988,27.34,27.3988,27.3301,11153
2023-07-31,27.4499,27.36,27.4499,27.35,5215
2023-08-01,27.419,27.32,27.42,27.2902,1485925
2023-08-02,27.19,27.13,27.21,27.1177,27703
2023-08-03,27.06,27.09,27.165,27.051,28062
2023-08-04,27.185,27.03,27.3,27.03,2421
2023-08-07,27.141,27.15,27.19,27.13,39001
2023-08-08,27.07,27.11,27.12,26.99,37062
2023-08-09,27.13,27.0,27.1385,27.0,65010
2023-08-10,27.09,27.01,27.239,26.9988,5307
2023-08-11,27.01,27.01,27.03,27.0,13020
2023-08-14,27.05,27.1,27.1,27.05,13180
2023-08-15,26.98,26.9,26.995,26.88,31790
2023-08-16,26.86,26.78,26.91,26.78,14328
2023-08-17,26.82,26.64,26.82,26.64,15475
2023-08-18,26.6,26.64,26.69,26.6,3358
2023-08-21,26.64,26.76,26.78,26.64,4437
2023-08-22,26.72,26.7454,26.75,26.72,2583
2023-08-23,26.87,26.91,26.94,26.87,4262
2023-08-24,26.81,26.7109,26.81,26.7109,752
2023-08-25,26.78,26.8307,26.8307,26.701,1320
2023-08-28,26.9241,26.92,26.9487,26.87,9713
2023-08-29,27.08,27.18,27.18,27.08,3232
2023-08-30,27.2504,27.24,27.26,27.22,5557
2023-08-31,27.2601,27.2634,27.29,27.2508,32446
2023-09-01,27.32,27.265,27.33,27.225,9326
2023-09-05,27.2071,27.2,27.2559,27.2,3022
2023-09-06,27.07,27.0701,27.0701,27.0,3610
2023-09-07,26.9401,27.02,27.0346,26.94,9682
2023-09-08,27.118,27.035,27.118,27.02,2859
2023-09-11,27.13,27.18,27.18,27.11,2327
2023-09-12,27.1301,27.06,27.145,27.06,19666
2023-09-13,27.13,27.09,27.15,27.07,3855
2023-09-14,27.21,27.27,27.31,27.19,6723
2023-09-15,27.21,27.02,27.21,27.02,4881
2023-09-18,27.01,27.05,27.09,27.01,1579
2023-09-19,26.91,27.0498,27.05,26.91,88164
2023-09-20,27.1,26.79,27.1,26.79,5748
2023-09-21,26.64,26.44,26.66,26.44,318188
2023-09-22,26.565,26.41,26.602,26.41,2930
2023-09-25,26.42,26.48,26.48,26.41,2712
2023-09-26,26.27,26.25,26.3299,26.22,74627
2023-09-27,26.29,26.18,26.29,26.0501,10505
2023-09-28,26.2416,26.3093,26.4,26.2416,3319
2023-09-29,26.3947,26.2599,26.395,26.2,6388
2023-10-02,26.1801,26.2425,26.2425,26.13,13047
2023-10-03,26.2,25.985,26.2,25.97,8161
2023-10-04,26.05,26.1584,26.1584,26.0,2682
2023-10-05,26.06,26.13,26.13,25.9958,16939
2023-10-06,25.98,26.3673,26.415,25.98,3325
2023-10-09,26.26,26.4835,26.4912,26.2496,2423
2023-10-10,26.67,26.5916,26.7428,26.57,1670
2023-10-11,26.55,26.6802,26.7,26.5102,6229
2023-10-12,26.65,26.5188,26.67,26.47,4911
2023-10-13,26.63,26.4328,26.635,26.4328,43987
2023-10-16,26.7199,26.6764,26.7199,26.63,19218
2023-10-17,26.4701,26.6512,26.7599,26.47,20193
2023-10-18,26.4606,26.34,26.52,26.34,25935
2023-10-19,26.27,26.2041,26.42,26.2,12410
2023-10-20,25.9877,25.9336,26.045,25.9336,22107
2023-10-23,25.82,25.9,25.99,25.82,20437
2023-10-24,25.99,26.01,26.0379,25.8937,3299
2023-10-25,25.81,25.723,25.86,25.68,400295
2023-10-26,25.635,25.45,25.635,25.45,5042
2023-10-27,25.505,25.4024,25.53,25.34,4879
2023-10-30,25.492,25.5949,25.63,25.45,8477
2023-10-31,25.56,25.7,25.72,25.56,30959
2023-11-01,25.69,25.8596,25.91,25.68,17225
2023-11-02,26.01,26.2781,26.31,26.01,436680
2023-11-03,26.46,26.5154,26.61,26.42,5339
2023-11-06,26.525,26.5277,26.55,26.44,11850
2023-11-07,26.53,26.6026,26.66,26.53,17504
2023-11-08,26.58,26.6509,26.71,26.5564,29326
2023-11-09,26.61,26.4304,26.61,26.4,8902
2023-11-10,26.53,26.8501,26.8501,26.48,2534
2023-11-13,26.8057,26.8101,26.86,26.77,15118
2023-11-14,27.15,27.3178,27.4,27.15,7897
2023-11-15,27.37,27.34,27.4799,27.33,73943
2023-11-16,27.32,27.3955,27.415,27.26,19754
2023-11-17,27.41,27.4245,27.49,27.35,36421
2023-11-20,27.5457,27.641,27.6977,27.5101,29288
2023-11-21,27.566,27.5552,27.61,27.55,6776
2023-11-22,27.71,27.7164,27.74,27.7079,34339
2023-11-24,27.72,27.7058,27.72,27.7058,5414
2023-11-27,27.66,27.6685,27.72,27.63,13409
2023-11-28,27.61,27.73,27.79,27.61,27677
2023-11-29,27.89,27.67,27.89,27.646,39075
2023-11-30,27.76,27.82,27.83,27.59,227631
2023-12-01,27.78,27.93,27.93,27.71,418925
2023-12-04,27.84,27.83,27.84,27.7201,232021
2023-12-05,27.8,27.86,27.86,27.785,173460
2023-12-06,27.91,27.78,27.91,27.7396,154916
2023-12-07,27.82,27.86,27.88,27.76,78973
2023-12-08,27.83,27.91,27.94,27.8112,92679
2023-12-11,27.88,27.98,27.98,27.8782,95027
2023-12-12,27.98,28.02,28.0399,27.89,87691
2023-12-13,27.99,28.21,28.22,27.99,67293
2023-12-14,28.25,28.1918,28.26,28.17,73050
2023-12-15,28.22,28.25,28.25,28.19,35190
2023-12-18,28.28,28.3,28.3018,28.2,27877
2023-12-19,28.32,28.34,28.34,28.25,52439
2023-12-20,28.33,28.16,28.35,28.1504,66831
2023-12-21,28.24,28.255,28.29,28.18,64796
2023-12-22,28.34,28.3199,28.34,28.22,40277
2023-12-26,28.26,28.35,28.36,28.26,31133
2023-12-27,28.33,28.3457,28.38,28.29,11284
2023-12-28,28.34,28.39,28.4,28.31,24169
2023-12-29,28.34,28.355,28.41,28.32,9532
2024-01-02,28.27,28.2688,28.31,28.22,15449
2024-01-03,28.26,28.23,28.26,28.17,14617
2024-01-04,28.22,28.1773,28.26,28.1773,1582
2024-01-05,28.21,28.19,28.29,28.17,11636
2024-01-08,28.27,28.3616,28.3616,28.265,5719
2024-01-09,28.33,28.3671,28.37,28.2601,11366
2024-01-10,28.37,28.407,28.42,28.35,5742
2024-01-11,28.41,28.47,28.47,28.344,12980
2024-01-12,28.52,28.103335,28.52,28.4101,3696
2024-01-16,28.0536,28.045,28.0941,28.0,11185
2024-01-17,27.941,28.0167,28.02,27.91,5541
2024-01-18,28.07,28.0891,28.11,28.01,13760
2024-01-19,28.16,28.2201,28.26,28.1,5089
2024-01-22,28.272,28.2919,28.31,28.22,14623
2024-01-23,28.2999,28.29,28.33,28.27,7833
2024-01-24,28.3799,28.2961,28.3799,28.29,21248
2024-01-25,28.31,28.3304,28.36,28.28,4265
2024-01-26,28.35,28.3395,28.39,28.31,13448
2024-01-29,28.33,28.4288,28.44,28.32,9927
2024-01-30,28.37,28.4161,28.43,28.36,7607
2024-01-31,28.3432,28.2859,28.3432,28.2859,4489
2024-02-01,28.33,28.398,28.41,28.2806,3067
2024-02-02,28.38,28.464,28.49,28.38,1819
2024-02-05,28.41,28.4425,28.47,28.41,1782
2024-02-06,28.42,28.4758,28.4872,28.401,3960
2024-02-07,28.55,28.5254,28.55,28.5,1642
2024-02-08,28.5,28.5027,28.52,28.4803,34608
2024-02-09,28.59,28.5798,28.61,28.53,7037
2024-02-12,28.54,28.57,28.619,28.531,64918
2024-02-13,28.425,28.4018,28.46,28.33,49540
2024-02-14,28.47,28.5284,28.5284,28.45,6247
2024-02-15,28.5373,28.5719,28.6,28.51,9924
2024-02-16,28.54,28.5159,28.575,28.51,17254
2024-02-20,28.49,28.475,28.5039,28.465,7089
2024-02-21,28.495,28.507,28.51,28.43,18512
2024-02-22,28.66,28.6601,28.6601,28.61,1799
2024-02-23,28.6901,28.695,28.73,28.6901,1729
2024-02-26,28.69,28.6547,28.7,28.65,3929
2024-02-27,28.6837,28.6805,28.7099,28.645,3359
2024-02-28,28.6896,28.6539,28.7,28.65,2213
2024-02-29,28.68,28.7437,28.7437,28.65,555353
2024-03-01,28.7309,28.76,28.775,28.7309,14168
2024-03-04,28.76,28.75,28.78,28.75,6874
2024-03-05,28.69,28.671,28.69,28.65,35493
2024-03-06,28.72,28.7312,28.79,28.72,1587
2024-03-07,28.79,28.7928,28.8,28.79,4405
2024-03-08,28.85,28.7799,28.86,28.75,2427
2024-03-11,28.72,28.7626,28.7626,28.72,397
2024-03-12,28.81,28.8643,28.8643,28.81,330
2024-03-13,28.855,28.85,28.855,28.82,585
2024-03-14,28.82,28.8202,28.825,28.75,10193
2024-03-15,28.74,28.7799,28.7799,28.7305,5966
2024-03-18,28.82,28.8322,28.8322,28.81,32515
2024-03-19,28.8,28.8798,28.8798,28.8,11800
2024-03-20,28.89,28.95,28.95,28.85,1903
2024-03-21,28.96,28.9811,28.9811,28.95,641
2024-03-22,28.9508,28.9957,28.9957,28.9508,1652
2024-03-25,28.9485,28.9618,28.9618,28.9485,8106
2024-03-26,28.99,28.9615,28.99,28.9615,311
2024-03-27,28.99,29.0201,29.0201,28.99,389
2024-03-28,29.01,29.02,29.03,29.0,3980
2024-04-01,29.0013,29.02,29.02,28.99,2359
2024-04-02,28.9646,28.9646,28.9646,28.9646,373
2024-04-03,28.93,28.9834,28.995,28.93,6370
2024-04-04,28.87,28.8838,28.8919,28.87,1628
2024-04-05,28.92,28.9631,28.9631,28.92,1629
2024-04-08,28.9457,28.9754,28.9754,28.9457,4838
2024-04-09,29.01,28.9921,29.01,28.937,1961
2024-04-10,28.8877,28.9135,28.9137,28.86,2427
2024-04-11,28.92,28.9846,28.9846,28.92,506
2024-04-12,28.851,28.8445,28.885,28.8445,803
2024-04-15,28.89,28.7551,28.89,28.73,2136
2024-04-16,28.73,28.7455,28.75,28.71,4469
2024-04-17,28.74,28.68,28.755,28.67,4497
2024-04-18,28.66,28.6888,28.6888,28.651,5784
2024-04-19,28.67,28.6142,28.6701,28.609,1985
2024-04-22,28.64,28.7328,28.75,28.62,1784
2024-04-23,28.86,28.8568,28.86,28.82,1190
2024-04-24,28.81,28.8732,28.8732,28.81,203
2024-04-25,28.79,28.8232,28.8232,28.79,110
2024-04-26,28.94,28.9305,28.94,28.91,1781
2024-04-29,28.965,28.9588,28.965,28.92,810
2024-04-30,28.89,28.8439,28.89,28.8439,369
2024-05-01,28.89,28.8093,28.89,28.8093,6362
2024-05-02,28.8699,28.8788,28.8788,28.841,907
2024-05-03,28.98,29.02,29.02,28.98,9099
2024-05-06,29.04,29.1092,29.1092,29.04,11826
2024-05-07,29.12,29.1198,29.12,29.1198,182
2024-05-08,29.1134,29.12,29.13,29.1,6044
2024-05-09,29.135,29.17,29.17,29.135,7422
2024-05-10,29.2,29.215,29.23,29.18,37798
2024-05-13,29.21,29.2114,29.2114,29.19,3799
2024-05-14,29.21,29.23,29.2456,29.21,2260
2024-05-15,29.27,29.3533,29.3533,29.27,2832
2024-05-16,29.33,29.3428,29.3428,29.33,566
2024-05-17,29.3612,29.3552,29.3612,29.3552,151
2024-05-20,29.395,29.3714,29.395,29.3519,3274
2024-05-21,29.38,29.4001,29.4001,29.38,454
2024-05-22,29.3876,29.3785,29.43,29.37,3704
2024-05-23,29.42,29.3351,29.43,29.31,3435
2024-05-24,29.3908,29.4051,29.4051,29.3908,1232
2024-05-28,29.39,29.3921,29.42,29.38,2293
2024-05-29,29.35,29.36,29.3712,29.34,3622
2024-05-30,29.32,29.3026,29.34,29.3,3281
2024-05-31,29.309,29.4038,29.4038,29.25,6888
2024-06-03,29.4132,29.4096,29.4181,29.35,29976
2024-06-04,29.36,29.4151,29.42,29.36,793
2024-06-05,29.465,29.4951,29.4951,29.446,1257
2024-06-06,29.51,29.5047,29.5214,29.4601,11621
2024-06-07,29.515,29.5043,29.515,29.5043,788
2024-06-10,29.5167,29.5281,29.5281,29.5108,729
2024-06-11,29.49,29.5456,29.5456,29.47,5297
2024-06-12,29.59,29.6103,29.615,29.55,10901
2024-06-13,29.58,29.62,29.62,29.58,1312
2024-06-14,29.5793,29.6101,29.6101,29.5793,399
2024-06-17,29.61,29.6499,29.6499,29.6,3078
2024-06-18,29.66,29.6602,29.6602,29.66,572
2024-06-20,29.66,29.6499,29.66,29.6294,893
2024-06-21,29.6201,29.6551,29.6575,29.62,854
2024-06-24,29.64,29.6546,29.6546,29.64,320
2024-06-25,29.62,29.6758,29.6758,29.62,7216
2024-06-26,29.62,29.6927,29.6927,29.62,3756
2024-06-27,29.667,29.73,29.73,29.66,8721
2024-06-28,29.71,29.695,29.7399,29.67,4879
2024-07-01,29.6919,29.7311,29.7311,29.68,14489
2024-07-02,29.74,29.755,29.79,29.7001,6642
2024-07-03,29.75,29.775,29.775,29.7304,2891
2024-07-05,29.78,29.78,29.83,29.7601,1834
2024-07-08,29.79,29.8147,29.8147,29.7701,3264
2024-07-09,29.77,29.8001,29.825,29.77,2882
2024-07-10,29.81,29.8491,29.8491,29.8,3859
2024-07-11,29.86,29.8251,29.86,29.797,2608
2024-07-12,29.86,29.8682,29.8682,29.84,11253
2024-07-15,29.89,29.87,29.8927,29.8401,10342
2024-07-16,29.87,29.89,29.89,29.8401,2311
2024-07-17,29.86,29.8447,29.88,29.83,11441
2024-07-18,29.81,29.7923,29.818,29.7601,15651
2024-07-19,29.75,29.7876,29.8,29.75,5611
2024-07-22,29.82,29.8565,29.8565,29.81,3289
2024-07-23,29.8306,29.855,29.855,29.82,2320
2024-07-24,29.75,29.7195,29.775,29.7195,9595
2024-07-25,29.73,29.6912,29.79,29.68,1928
2024-07-26,29.741,29.7804,29.8,29.741,5159
2024-07-29,29.79,29.8021,29.81,29.78,3074
2024-07-30,29.75,29.7878,29.8,29.72,7170
2024-07-31,29.87,29.8678,29.88,29.855,846
2024-08-01,29.82,29.75,29.82,29.74,3085
2024-08-02,29.58,29.6044,29.6044,29.49,17925
2024-08-05,29.06,29.2149,29.44,29.06,17335
2024-08-06,29.33,29.465,29.52,29.33,2779
2024-08-07,29.4,29.3882,29.615,29.3882,4751
2024-08-08,29.5,29.593,29.6,29.4905,10461
2024-08-09,29.57,29.6983,29.6983,29.57,618
2024-08-12,29.73,29.7052,29.73,29.7052,2744
2024-08-13,29.76,29.8316,29.8316,29.7409,7058
2024-08-14,29.86,29.8971,29.9,29.8301,2348
2024-08-15,29.966,29.9512,29.966,29.94,3320
2024-08-16,29.9809,29.9752,29.9907,29.9752,529
2024-08-19,29.97,30.002,30.005,29.97,1396
2024-08-20,29.99,30.015,30.0499,29.99,4755
2024-08-21,29.99,30.0151,30.05,29.99,2576
2024-08-22,30.0,29.9852,30.016,29.97,401
2024-08-23,30.02,30.0549,30.08,30.015,4794
2024-08-26,30.05,30.0526,30.08,30.04,4126
2024-08-27,30.03,30.075,30.102,30.03,1436
2024-08-28,30.075,30.0649,30.11,30.04,7756
2024-08-29,30.0501,30.0899,30.0985,30.0501,1591
2024-08-30,30.1205,30.13,30.136,30.1,3182
2024-09-03,30.055,29.9896,30.055,29.9401,1472
2024-09-04,30.018,30.0047,30.0599,29.95,15243
2024-09-05,29.99,30.005,30.005,29.956,859
2024-09-06,29.925,29.9052,29.925,29.8619,3640
2024-09-09,29.99,30.0018,30.0018,29.97,685
2024-09-10,30.02,30.0407,30.0407,29.99,1556
2024-09-11,30.04,30.1026,30.1026,30.04,1009
2024-09-12,30.08,30.1372,30.1372,30.08,5070
2024-09-13,30.1751,30.1751,30.1751,30.1751,31
2024-09-16,30.14,30.1848,30.1848,30.14,104
2024-09-17,30.18,30.1837,30.2,30.164,2657
2024-09-18,30.16,30.1851,30.1851,30.16,204
2024-09-19,30.21,30.2131,30.235,30.21,6714
2024-09-20,30.23,30.25,30.25,30.22,2793
2024-09-23,30.24,30.2692,30.27,30.2301,36558
2024-09-24,30.25,30.254,30.2634,30.23,21111
2024-09-25,30.26,30.2845,30.2845,30.24,1503
2024-09-26,30.2501,30.2653,30.295,30.2501,132201
2024-09-27,30.295,30.295,30.295,30.295,67
2024-09-30,30.27,30.3017,30.3017,30.2401,10803
2024-10-01,30.25,30.2599,30.2599,30.24,1226
2024-10-02,30.24,30.2701,30.2711,30.24,854
2024-10-03,30.23,30.2617,30.275,30.22,23256
2024-10-04,30.28,30.3077,30.3077,30.27,1582
2024-10-07,30.26,30.285,30.31,30.26,632
2024-10-08,30.26,30.3,30.34,30.26,9593
2024-10-09,30.325,30.3303,30.3303,30.3001,2905
2024-10-10,30.32,30.321,30.325,30.3001,6000
2024-10-11,30.34,30.365,30.365,30.3301,396
2024-10-14,30.3951,30.395,30.3951,30.36,1320
2024-10-15,30.413,30.3801,30.4299,30.3501,18260
2024-10-16,30.4072,30.3952,30.41,30.37,685
2024-10-17,30.34,30.4102,30.42,30.34,5110
2024-10-18,30.41,30.4351,30.4351,30.3908,512
2024-10-21,30.45,30.4402,30.45,30.41,1815
2024-10-22,30.42,30.4452,30.461,30.42,2271
2024-10-23,30.22,30.4352,30.48,30.22,2211
2024-10-24,30.43,30.4403,30.4403,30.42,999
2024-10-25,30.24,30.4452,30.48,30.24,3959
2024-10-28,30.45,30.4665,30.4665,30.45,7643
2024-10-29,30.4721,30.4652,30.508,30.43,7231
2024-10-30,30.45,30.4308,30.46,30.4308,821
2024-10-31,30.44,30.42,30.44,30.42,1181
2024-11-01,30.49,30.476,30.49,30.44,12694
2024-11-04,30.48,30.4752,30.48,30.45,4785
2024-11-05,30.48,30.4942,30.495,30.47,3919
2024-11-06,30.5,30.4913,30.5396,30.49,8133
2024-11-07,30.52,30.5253,30.5799,30.49,7085
2024-11-08,30.53,30.55,30.5999,30.52,6931
2024-11-11,30.53,30.55,30.555,30.53,2350
2024-11-12,30.56,30.5653,30.5999,30.53,3151
2024-11-13,30.52,30.5658,30.59,30.52,13885
2024-11-14,30.5409,30.5849,30.585,30.5409,1257
2024-11-15,30.6,30.585,30.62,30.54,3357
2024-11-18,30.56,30.59,30.59,30.56,2396
2024-11-19,30.56,30.599,30.599,30.56,7169
2024-11-20,30.66,30.6149,30.66,30.59,8832
2024-11-21,30.59,30.59,30.63,30.59,5834
2024-11-22,30.6599,30.58,30.6599,30.5601,12326
2024-11-25,30.78,30.6139,30.78,30.57,32163
2024-11-26,30.6258,30.6409,30.6599,30.58,40096
2024-11-27,30.7,30.65,30.7,30.625,58857
2024-11-29,30.4,30.6,30.6899,30.4,473739
2024-12-02,30.72,30.7014,30.73,30.61,7820795
2024-12-03,30.89,30.7449,30.89,30.625,477685
2024-12-04,30.75,30.814,30.85,30.6808,314267
2024-12-05,31.49,30.77,31.49,30.7,119152
2024-12-06,30.87,30.81,30.87,30.71,138439
2024-12-09,30.92,30.74,30.92,30.7,125979
2024-12-10,30.72,30.71,30.75,30.68,104256
2024-12-11,30.8,30.7862,30.81,30.7,71381
2024-12-12,30.75,30.7142,30.77,30.68,43026
2024-12-13,30.84,30.72,30.84,30.64,56496
2024-12-16,30.72,30.7666,30.8,30.66,48335
2024-12-17,30.76,30.68,30.76,30.6405,116518
2024-12-18,30.69,30.34,30.77,30.3,88908
2024-12-19,30.48,30.31,30.48,30.3,57025
2024-12-20,30.29,30.4612,30.56,30.2599,72218
2024-12-23,30.56,30.6,30.61,30.3708,77985
2024-12-24,30.72,30.76,30.76,30.61,36644
2024-12-26,30.78,30.7479,30.78,30.65,52542
2024-12-27,30.55,30.62,30.62,30.46,37607
2024-12-30,30.53,30.47,30.54,30.2904,19992
2024-12-31,30.46,30.42,30.51,30.3201,48611
2025-01-02,30.46,30.3416,30.51,30.252,429372
2025-01-03,30.47,30.59,30.59,30.4204,93532
2025-01-06,30.64,30.608,30.75,30.5596,49522
2025-01-07,30.74,30.49,30.74,30.405,54405
2025-01-08,30.41,30.44,30.51,30.35,25712
2025-01-10,30.42,30.28,30.42,30.1701,89717
2025-01-13,30.1429,30.32,30.32,30.1429,67477
2025-01-14,30.38,30.2899,30.38,30.2001,85675
2025-01-15,30.6,30.5856,30.64,30.51,41984
2025-01-16,30.76,30.6,30.76,30.54,88910
2025-01-17,30.63,30.7133,30.76,30.63,23771
2025-01-21,30.75,30.85,30.85,30.7344,40111
2025-01-22,30.85,30.9244,30.9491,30.85,29748
2025-01-23,30.88,30.9832,30.9832,30.87,29734
2025-01-24,31.03,30.9751,31.03,30.9129,41178
2025-01-27,30.7,30.79,30.79,30.69,37744
2025-01-28,30.74,30.8691,30.92,30.74,25432
2025-01-29,30.8734,30.86,30.88,30.7217,29338
2025-01-30,30.88,30.93,30.97,30.81,56480
2025-01-31,30.91,30.87,31.0222,30.7801,43759
2025-02-03,30.64,30.76,30.7942,30.5401,63443
2025-02-04,30.78,30.87,30.87,30.78,41752
2025-02-05,30.78,30.8806,30.8999,30.78,25251
2025-02-06,30.9575,30.96,30.96,30.855,49273
2025-02-07,30.94,30.87,30.94,30.83,50146
2025-02-10,30.9,30.95,30.95,30.8868,42579
2025-02-11,30.86,30.95,30.95,30.86,40963
2025-02-12,30.82,30.91,30.92,30.82,64334
2025-02-13,30.86,31.06,31.06,30.86,28961
2025-02-14,31.0201,31.07,31.09,31.0103,52812
2025-02-18,31.06,31.08,31.08,31.02,40338
2025-02-19,31.0335,31.13,31.14,31.0335,51208
2025-02-20,31.0436,31.06,31.06,30.9605,52601
2025-02-21,31.01,30.86,31.031,30.82,157638
2025-02-24,30.7479,30.79,30.879,30.7479,62925
2025-02-25,30.7991,30.73,30.7991,30.6163,66095
2025-02-26,30.7821,30.72,30.8486,30.65,89662
2025-02-27,30.74,30.48,30.74,30.47,30632
2025-02-28,30.49,30.73,30.73,30.43,30413
2025-03-03,30.67,30.49,30.7244,30.4,40412
2025-03-04,30.35,30.32,30.5,30.1733,143109
2025-03-05,30.31,30.43,30.49,30.2,45541
2025-03-06,30.08,30.21,30.3699,30.08,48023
2025-03-07,30.19,30.31,30.32,30.085,52258
2025-03-10,30.09,29.94,30.09,29.767,32304
2025-03-11,29.87,29.8188,29.93,29.7037,79304
2025-03-12,30.04,29.8914,30.04,29.75,43566
2025-03-13,29.8499,29.74,29.855,29.69,36408
2025-03-14,29.86,29.9939,29.9939,29.81,43746
2025-03-17,30.05,30.11,30.1464,29.98,37712
2025-03-18,29.9702,29.96,29.9702,29.9077,35474
2025-03-19,29.94,30.1,30.14,29.94,39960
2025-03-20,29.96,30.07,30.1605,29.96,30507
2025-03-21,29.95,30.0573,30.0626,29.89,38526
2025-03-24,30.2783,30.3108,30.3326,30.2501,41550
2025-03-25,30.3,30.35,30.35,30.28,62543
2025-03-26,30.2778,30.19,30.3,30.15,42695
2025-03-27,30.1044,30.15,30.2045,30.1044,27468
2025-03-28,30.1,29.89,30.101,29.85,19854
2025-03-31,29.67,29.95,29.965,29.67,57800
2025-04-01,29.73,30.02,30.02,29.73,90794
2025-04-02,29.9366,30.11,30.12,29.9366,38931
2025-04-03,29.46,29.49,29.67,29.4391,74236
2025-04-04,29.15,28.64,29.15,28.64,714332
2025-04-07,28.39,28.56,28.96,28.07,98551
2025-04-08,29.1027,28.4027,29.16,28.2001,43585
2025-04-09,28.3015,29.63,29.66,28.3015,54833
2025-04-10,28.95,29.1,29.245,28.67,50407
2025-04-11,29.0,29.23,29.3799,28.8901,30088
