2021-12-23,9.75,9.9,9.95,9.75,12686
2021-12-27,10.42,9.7432,10.42,9.68,5368
2021-12-28,10.215,9.82,10.215,9.82,250303
2021-12-29,9.73,9.73,9.73,9.73,145
2021-12-30,9.85,9.87,9.87,9.85,713
2021-12-31,9.94,9.87,9.94,9.94,391
2022-01-03,9.83,9.835,9.85,9.83,5257
2022-01-04,9.83,9.87,9.87,9.83,51277
2022-01-05,9.87,9.87,9.87,9.87,2104
2022-01-06,NaN,9.87,NaN,NaN,1
2022-01-07,9.9,9.9,9.9,9.89,1669
2022-01-10,9.89,9.89,9.89,9.87,35243
2022-01-11,9.89,9.9,9.9,9.89,20909
2022-01-12,NaN,9.9,NaN,NaN,49
2022-01-13,9.9,9.87,9.9,9.87,72417
2022-01-14,9.87,9.87,9.87,9.87,12000
2022-01-18,9.87,9.87,9.87,9.87,9902
2022-01-19,9.87,9.87,9.8741,9.87,702
2022-01-20,9.87,9.87,9.885,9.87,94057
2022-01-21,9.85,9.85,9.88,9.83,132503
2022-01-24,9.85,9.83,9.85,9.83,1402
2022-01-25,9.84,9.84,9.84,9.84,75100
2022-01-26,9.85,9.84,9.85,9.84,77343
2022-01-27,9.86,9.835,9.865,9.83,108857
2022-01-28,9.83,9.83,9.845,9.83,53289
2022-02-01,9.88,9.85,9.88,9.83,12478
2022-02-02,9.91,9.9,9.91,9.88,7323
2022-02-03,9.86,9.86,9.86,9.84,1575
2022-02-04,9.855,9.86,9.88,9.855,114451
2022-02-07,9.86,9.86,9.86,9.86,364
2022-02-09,9.86,9.86,9.86,9.86,28770
2022-02-10,9.9,9.88,9.9,9.88,2900
2022-02-18,9.86,9.86,9.86,9.86,1506
2022-02-24,9.86,9.86,9.86,9.86,97255
2022-02-25,9.85,9.85,9.85,9.85,10005
2022-03-01,9.89,9.91,9.91,9.89,291814
2022-03-02,9.91,9.9,9.92,9.9,6582
2022-03-03,9.9,9.9,9.9,9.9,17670
2022-03-07,9.87,9.91,9.91,9.85,449616
2022-03-08,9.89,9.91,9.91,9.865,49660
2022-03-09,9.91,9.91,9.91,9.91,21979
2022-03-11,9.92,9.92,9.92,9.91,44599
2022-03-16,9.92,9.91,9.92,9.91,2029
2022-03-17,9.91,9.91,9.91,9.91,2600
2022-03-21,9.9,9.91,9.92,9.8798,117896
2022-03-22,9.93,9.93,9.94,9.92,11219
2022-03-23,9.93,9.94,9.94,9.93,85685
2022-03-24,9.93,9.93,9.93,9.93,16970
2022-04-04,9.97,9.97,9.97,9.97,155
2022-04-05,9.9304,9.92,9.9314,9.92,7227
2022-04-06,9.92,9.93,9.93,9.92,5800
2022-04-07,9.94,9.95,9.95,9.94,1860
2022-04-12,9.95,9.95,9.95,9.95,300
2022-04-14,9.93,9.95,9.95,9.93,5602
2022-04-21,9.94,9.96,9.96,9.94,4424
2022-04-25,9.97,9.97,9.97,9.97,494
2022-04-27,9.94,9.94,9.94,9.94,10000
2022-04-28,9.94,9.94,9.94,9.94,200
2022-04-29,9.94,9.94,9.9401,9.94,4860
2022-05-02,9.94,9.94,9.94,9.94,7700
2022-05-03,9.95,9.95,9.95,9.95,869110
2022-05-04,9.96,9.96,9.96,9.96,1820
2022-05-09,9.95,9.96,9.96,9.9486,2991
2022-05-10,9.91,9.9,9.91,9.8921,601
2022-05-11,9.91,9.96,9.96,9.9,56900
2022-05-12,9.91,9.91,9.91,9.91,150
2022-05-18,9.91,9.91,9.91,9.91,1659
2022-05-23,9.91,9.9,9.91,9.9,10013
2022-05-24,9.92,9.92,9.94,9.92,2030
2022-05-25,9.93,9.92,9.93,9.92,2683
2022-05-26,9.93,9.93,9.93,9.93,15617
2022-05-27,9.93,9.94,9.94,9.91,38105
2022-05-31,9.94,9.94,9.94,9.94,6872
2022-06-01,9.91,9.91,9.91,9.91,100000
2022-06-21,10.4,9.98,10.44,9.97,3215
2022-06-22,9.95,9.95,9.95,9.95,1007
2022-06-23,9.94,9.93,9.94,9.93,1000002
2022-07-01,9.98,9.97,9.98,9.97,200
2022-07-05,9.945,9.945,9.945,9.945,236064
2022-07-07,9.95,9.95,9.95,9.95,217
2022-07-08,9.95,9.95,9.95,9.95,5411
2022-07-11,9.95,9.95,9.95,9.95,225
2022-07-15,9.95,9.98,9.98,9.94,55672
2022-07-18,9.965,9.96,9.965,9.95,51172
2022-07-19,9.96,9.96,9.99,9.96,7166
2022-07-20,9.96,9.96,9.9601,9.96,726
2022-07-21,9.96,9.96,9.97,9.96,6011
2022-07-22,9.97,9.97,9.97,9.97,300
2022-07-25,9.98,9.98,9.98,9.97,90673
2022-07-28,9.98,9.98,9.98,9.98,70538
2022-07-29,9.98,9.98,9.98,9.98,38600
2022-08-01,9.985,9.99,10.0,9.98,54800
2022-08-03,9.98,9.98,9.98,9.97,54400
2022-08-04,9.98,9.98,9.98,9.98,100
2022-08-05,9.99,9.99,9.99,9.99,100
2022-08-08,9.99,9.99,9.99,9.99,1698
2022-08-09,9.99,9.99,9.99,9.99,38322
2022-08-10,9.99,9.99,9.99,9.99,4109
2022-08-12,10.01,10.01,10.01,10.01,100
2022-08-17,9.99,9.98,9.99,9.98,350109
2022-08-18,9.99,9.99,10.0,9.97,357400
2022-08-23,10.0,10.0,10.0,10.0,4800
2022-08-24,9.985,9.98,9.99,9.98,39901
2022-08-29,9.96,9.95,9.96,9.95,208354
2022-09-12,9.97,9.97,9.97,9.97,400
2022-09-13,9.97,9.99,10.01,9.97,89193
2022-09-15,9.97,9.97,9.99,9.97,8108
2022-09-16,9.985,9.98,9.985,9.98,302
2022-09-20,10.0,10.0,10.0,9.98,553
2022-09-21,9.96,9.96,9.96,9.96,5398
2022-09-22,9.98,10.01,10.01,9.96,678036
2022-09-23,10.0,9.995,10.0,9.99,26279
2022-09-26,9.99,10.0,10.0,9.99,105593
2022-09-27,9.985,10.0,10.0,9.985,1870
2022-09-28,10.01,10.02,10.02,10.01,19056
2022-09-29,10.02,10.02,10.02,10.02,3741
2022-09-30,10.02,10.02,10.02,10.02,73125
2022-10-03,9.99,9.99,9.99,9.99,988
2022-10-04,9.98,9.98,9.98,9.98,100
2022-10-05,10.02,9.98,10.02,9.98,4120
2022-10-06,10.0,9.99,10.0,9.99,5094
2022-10-10,9.99,9.99,9.99,9.99,119
2022-10-13,9.99,9.99,9.99,9.99,4781
2022-10-14,9.99,9.99,9.99,9.99,116
2022-10-17,10.01,9.99,10.01,9.99,2880
2022-10-19,10.0,9.99,10.0,9.99,184853
2022-10-20,10.02,10.02,10.02,10.02,62302
2022-10-21,10.02,10.02,10.02,10.02,61085
2022-10-24,10.02,10.02,10.02,10.02,2041
2022-10-25,10.0102,10.03,10.03,10.0102,183046
2022-10-26,10.03,10.03,10.03,10.03,10114
2022-10-27,10.04,10.02,10.04,10.02,4300
2022-10-28,10.04,10.04,10.04,10.04,5102
2022-10-31,10.04,10.04,10.04,10.04,234907
2022-11-01,10.05,10.055,10.07,10.05,72966
2022-11-02,10.06,10.08,10.08,10.06,10222
2022-11-03,10.05,10.05,10.05,10.05,100
2022-11-04,10.06,10.07,10.07,10.05,1432
2022-11-07,10.055,10.055,10.055,10.055,300
2022-11-08,10.05,10.05,10.05,10.05,12350
2022-11-09,10.05,10.05,10.05,10.05,190
2022-11-10,10.05,10.055,10.055,10.05,93960
2022-11-11,10.05,10.04,10.05,10.04,651
2022-11-14,10.07,10.07,10.075,10.055,47906
2022-11-15,10.07,10.07,10.075,10.07,4185
2022-11-16,10.07,10.07,10.07,10.07,450
2022-11-17,10.075,10.08,10.09,10.075,17585
2022-11-21,10.14,10.1,10.14,10.1,41602
2022-11-22,10.1,10.1,10.1,10.1,41901
2022-11-23,10.08,10.09,10.105,10.08,8705
2022-11-28,10.08,10.08,10.08,10.08,12000
2022-11-30,10.105,10.105,10.105,10.105,500
2022-12-01,10.1,10.1,10.1,10.1,6254
2022-12-02,10.13,10.13,10.13,10.13,86940
2022-12-05,10.13,10.15,10.15,10.13,972756
2022-12-06,10.15,10.15,10.16,10.14,52753
2022-12-07,10.16,10.1601,10.1601,10.16,3033
2022-12-09,10.1672,10.16,10.1672,10.16,2109
2022-12-12,10.15,10.15,10.16,10.14,24897
2022-12-13,10.16,10.14,10.17,10.14,718094
2022-12-14,10.17,10.145,10.17,10.13,50196
2022-12-15,10.145,10.145,10.15,10.14,894428
2022-12-16,10.14,10.14,10.14,10.14,991
2022-12-19,10.13,10.13,10.13,10.13,595
2022-12-21,10.15,10.14,10.15,10.14,22579
2022-12-22,10.15,10.16,10.16,10.145,110329
2022-12-23,10.1514,10.15,10.2,10.15,146320
2022-12-27,10.16,10.16,10.16,10.16,50117
2022-12-30,10.17,10.18,10.18,10.17,1706
2023-01-03,10.19,10.19,10.19,10.19,1030808
2023-01-04,10.19,10.2,10.2,10.19,36359
2023-01-05,10.21,10.2,10.21,10.2,40710
2023-01-06,10.2,10.2,10.2,10.2,201
2023-01-09,10.22,10.22,10.22,10.22,221
2023-01-10,10.22,10.22,10.22,10.22,45000
2023-01-11,10.22,10.23,10.23,10.22,10300
2023-01-12,10.24,10.25,10.49,10.23,23055
2023-01-13,10.25,10.24,10.26,10.24,689298
2023-01-18,10.25,10.24,10.25,10.24,51754
2023-01-23,10.265,10.25,10.27,10.25,42449
2023-01-24,10.26,10.26,10.26,10.26,2820
2023-01-25,10.25,10.25,10.27,10.25,4309
2023-01-26,10.26,10.27,10.28,10.26,40942
2023-01-27,10.27,10.29,10.29,10.27,2301
2023-01-30,10.29,10.29,10.33,10.27,1817669
2023-01-31,10.285,10.28,10.285,10.28,15216
2023-02-01,10.29,10.28,10.29,10.27,60172
2023-02-02,10.29,10.29,10.29,10.29,200
2023-02-03,10.2854,10.29,10.29,10.285,1667
2023-02-06,10.29,10.29,10.29,10.29,161
2023-02-07,10.2999,10.3,10.3,10.28,765890
2023-02-08,10.29,10.29,10.3,10.29,263200
2023-02-09,10.29,10.29,10.29,10.29,200
2023-02-13,10.3,10.3,10.3,10.3,145970
2023-02-14,10.3,10.3,10.3036,10.3,150502
2023-02-15,10.305,10.31,10.31,10.3,10509
2023-02-16,10.3,10.3,10.3,10.3,1000
2023-02-17,10.31,10.31,10.31,10.31,529378
2023-02-21,10.32,10.32,10.32,10.315,26830
2023-02-22,10.32,10.32,10.32,10.32,6200
2023-02-23,10.315,10.32,10.32,10.31,70105
2023-02-24,10.32,10.31,10.32,10.31,419561
2023-02-28,10.32,10.32,10.32,10.32,122
2023-03-01,10.32,10.32,10.32,10.32,275402
2023-03-02,10.33,10.335,10.34,10.325,676211
2023-03-03,10.33,10.33,10.335,10.33,4364
2023-03-06,10.33,10.34,10.35,10.33,538212
2023-03-07,10.34,10.35,10.355,10.34,883147
2023-03-08,10.35,10.35,10.36,10.35,53156
2023-03-09,10.35,10.35,10.355,10.35,296233
2023-03-10,10.35,10.35,10.35,10.34,760495
2023-03-13,10.34,10.3582,10.3582,10.34,77553
2023-03-14,10.35,10.35,10.35,10.35,82545
2023-03-15,10.34,10.34,10.34,10.34,177204
2023-03-16,10.34,10.34,10.34,10.34,1865
2023-03-17,10.34,10.34,10.34,10.34,400
2023-03-20,10.35,10.35,10.35,10.35,398
2023-03-21,10.35,10.37,10.37,10.35,34938
2023-03-22,10.35,10.37,10.37,10.35,29586
2023-03-27,10.37,10.38,10.38,10.37,550
2023-03-28,10.38,10.38,10.38,10.38,414281
2023-03-29,10.37,10.37,10.39,10.37,38534
2023-03-30,10.39,10.39,10.39,10.39,100
2023-03-31,10.4,10.4,10.4,10.4,100
2023-04-03,10.37,10.4,10.4,10.37,1039
2023-04-04,10.39,10.37,10.4,10.37,7058
2023-04-05,10.38,10.39,10.4,10.38,51003
2023-04-06,10.395,10.39,10.4,10.39,571584
2023-04-10,10.39,10.39,10.39,10.39,20095
2023-04-11,10.39,10.39,10.4,10.39,11445
2023-04-12,10.39,10.39,10.4,10.39,76159
2023-04-13,10.38,10.39,10.39,10.38,43700
2023-04-14,10.39,10.38,10.39,10.38,88428
2023-04-17,10.39,10.39,10.395,10.39,51340
2023-04-18,10.4,10.3899,10.4,10.3899,15942
2023-04-19,10.4,10.3937,10.4,10.365,2486
2023-04-21,10.3901,10.4,10.4,10.39,33484
2023-04-24,10.4,10.5145,10.56,10.4,6158
2023-04-25,10.5,10.45,10.5,10.43,162534
2023-04-26,10.58,10.5,10.58,10.47,9951
2023-04-27,10.4401,10.45,10.49,10.4401,904
2023-05-01,10.43,10.41,10.43,10.41,8551
2023-05-03,10.44,10.45,10.45,10.44,3013
2023-05-04,10.47,10.47,10.47,10.47,423
2023-05-08,10.48,10.47,10.48,10.47,1242
2023-05-18,10.465,10.465,10.465,10.465,2250
2023-05-19,10.465,10.4554,10.465,10.45,1600
2023-05-22,10.45,10.465,10.465,10.45,9804
2023-05-23,10.47,10.47,10.47,10.47,50204
2023-05-24,10.48,10.48,10.48,10.48,25939
2023-05-30,10.5,10.51,10.51,10.5,71088
2023-05-31,10.51,10.4984,10.52,10.4984,29415
2023-06-01,10.51,10.51,10.51,10.51,5042
2023-06-02,10.51,10.51,10.514,10.505,12777
2023-06-05,10.51,10.51,10.51,10.51,5106
2023-06-06,10.51,10.51,10.52,10.51,10604
2023-06-07,10.5,10.5,10.5,10.5,327
2023-06-12,10.52,10.5201,10.5201,10.52,6732
2023-06-13,10.52,10.52,10.52,10.52,557
2023-06-22,10.595,10.52,10.595,10.52,3304
2023-06-26,10.52,10.52,10.52,10.52,2000
2023-06-27,10.52,10.52,10.52,10.52,3031
2023-06-28,10.58,10.58,10.58,10.58,24700
2023-07-06,10.562,10.562,10.562,10.562,644
2023-07-11,10.58,10.5796,10.58,10.56,3263
2023-07-12,10.6889,10.54,10.6889,10.54,3200
2023-07-18,11.55,10.6,11.55,10.57,3375
2023-07-19,10.54,10.54,10.54,10.54,1200
2023-07-20,10.555,10.56,10.77,10.54,1209
2023-07-21,10.56,10.56,10.58,10.56,1393
2023-07-28,10.614,10.614,10.614,10.614,1004
2023-07-31,10.7473,10.9,10.97,10.74,1776
2023-08-02,10.5996,10.58,10.5996,10.58,1529
2023-08-08,10.59,10.59,10.59,10.59,1406
2023-08-15,10.58,10.59,10.59,10.58,5194
2023-08-23,10.63,10.61,10.63,10.61,5504
2023-08-31,10.68,10.68,10.68,10.68,104
2023-09-01,10.68,10.68,10.68,10.68,7200
2023-09-11,10.73,10.73,10.73,10.73,16938
2023-09-12,NaN,10.73,NaN,NaN,1
2023-09-13,10.75,10.75,10.75,10.75,100039
2023-09-19,10.77,10.77,10.77,10.77,6308
2023-09-27,10.79,10.79,10.79,10.79,1477
2023-10-02,10.801,10.8,10.801,10.8,2006
2023-10-03,10.81,10.811,10.811,10.81,1432
2023-10-04,10.81,10.81,10.83,10.81,102548
2023-10-10,10.82,10.82,10.82,10.82,200
2023-10-11,10.82,10.82,10.82,10.82,25363
2023-10-17,10.82,10.82,10.82,10.82,225
2023-10-19,10.82,10.82,10.82,10.82,100
2023-10-20,10.82,10.82,10.82,10.82,104
2023-10-23,10.82,10.82,10.82,10.82,104
2023-10-24,10.82,10.82,10.82,10.82,101
2023-10-25,10.85,10.85,10.8501,10.85,26001
2023-10-26,10.85,10.85,10.85,10.85,21615
2023-10-30,11.0,11.02,11.12,10.86,4498
2023-10-31,11.0016,10.92,11.0016,10.83,745
2023-11-01,11.2,10.92,11.2,10.88,8329
2023-11-02,10.86,10.85,10.86,10.85,400
2023-11-03,10.82,10.88,11.85,10.82,12135
2023-11-07,10.83,10.83,10.83,10.83,741
2023-11-08,11.355,10.92,11.355,10.79,4809
2023-11-10,10.84,10.84,10.84,10.84,3276
2023-11-13,10.94,10.84,10.94,10.84,378
2023-11-14,10.8231,10.8231,10.8231,10.8231,300
2023-11-15,10.87,10.87,10.87,10.87,5584
2023-11-21,10.77,10.86,11.07,10.77,117806
2023-11-24,11.365,10.88,11.91,10.77,12634
2023-11-27,11.01,10.87,11.45,10.77,23118
2023-11-28,10.92,10.92,10.92,10.92,447
2023-11-29,10.77,10.77,10.77,10.77,1248
2023-12-04,10.86,10.86,10.88,10.86,958
2023-12-05,10.84,10.851,10.851,10.8302,2032
2023-12-07,10.87,10.87,10.87,10.87,146142
2023-12-08,10.9001,10.8701,10.9001,10.87,4553
2023-12-11,10.88,10.88,10.88,10.88,8397
2023-12-12,10.91,10.91,10.91,10.91,274829
2023-12-13,10.91,10.88,10.91,10.88,51039
2023-12-14,10.88,10.88,10.88,10.88,237
2023-12-15,10.88,10.905,10.905,10.88,29031
2023-12-18,10.88,10.8899,10.89,10.88,18056
2023-12-20,10.92,10.93,11.35,10.92,11348
2023-12-26,10.92,10.91,10.92,10.91,2774
2023-12-27,10.9,10.89,10.9,10.89,3016
2024-01-08,10.92,10.9199,10.92,10.9186,102618
2024-01-09,10.92,10.92,10.93,10.9156,137985
2024-01-10,10.93,10.93,10.93,10.93,1105
2024-01-11,10.92,10.92,10.92,10.92,558
2024-01-12,10.95,10.95,10.95,10.95,625
2024-01-16,10.982,11.05,11.05,10.982,5658
2024-01-24,11.05,11.05,11.05,11.05,100
2024-01-25,11.05,11.05,11.05,11.05,191
2024-01-26,11.05,11.05,11.05,11.05,100
2024-02-14,10.98,11.05,11.05,10.98,760
2024-02-22,11.0,11.0,11.0,11.0,1058
2024-03-01,11.05,11.04,11.05,11.04,290
2024-03-11,11.05,11.05,11.05,11.05,106
2024-03-12,10.98,10.98,10.98,10.98,4245
2024-03-13,11.0,11.0,11.0,10.9986,2245
2024-03-20,11.0172,11.02,11.02,11.01,1547
2024-03-21,11.01,11.03,11.03,11.01,2501
2024-04-05,11.02,11.0414,11.05,11.02,13283
2024-04-09,11.04,11.04,11.04,11.04,750
2024-04-10,11.04,11.04,11.04,11.02,8599
2024-04-18,11.05,11.05,11.05,11.05,150
2024-04-22,11.05,11.06,11.06,11.04,56414
2024-04-23,11.06,11.06,11.06,11.06,618
2024-04-24,11.06,11.07,11.07,11.0553,20401
2024-04-30,11.06,11.06,11.06,11.06,300
2024-05-22,11.09,11.09,11.09,11.09,1854
2024-05-29,11.1,11.1,11.1,11.1,981
2024-06-06,11.11,11.1,11.11,11.1,200000
2024-06-14,11.14,11.14,11.14,11.14,505
2024-06-18,11.14,11.14,11.14,11.14,1006
2024-06-20,11.1,11.1,11.1,11.1,195
2024-06-25,11.15,11.145,11.15,11.14,2536
2024-07-02,11.18,11.19,11.19,11.18,1200
2024-07-03,11.18,11.18,11.18,11.18,1001
2024-07-09,11.19,11.19,11.19,11.19,5873
2024-07-11,11.2,11.23,11.23,11.19,52955
2024-07-12,11.23,11.26,11.26,11.23,2435
2024-07-24,11.26,11.26,11.26,11.26,346
2024-07-31,11.26,11.28,11.28,11.23,7949
2024-08-05,11.25,11.25,11.25,11.25,60177
2024-08-09,11.28,11.25,11.28,11.2386,61327
2024-08-13,11.25,11.27,11.28,11.25,6800
2024-08-19,11.2,11.21,11.2199,11.19,1894
2024-08-20,11.22,11.2632,11.2632,11.22,300
2024-08-21,11.2399,11.22,11.24,11.2,28491
2024-08-22,11.22,11.21,11.23,11.21,57859
2024-08-26,11.22,11.2201,11.221,11.22,15022
2024-08-27,11.22,11.22,11.22,11.22,648
2024-08-30,11.21,11.1999,11.215,11.1999,9560
2024-09-03,11.18,11.19,11.19,11.17,5940
2024-09-04,11.175,11.18,11.18,11.17,6540
2024-09-05,11.2,11.17,11.2,11.16,17561
2024-09-06,11.15,11.24,11.28,10.1,3692
2024-09-09,10.6,11.066,11.25,10.3,2586
2024-09-10,11.12,11.12,11.13,11.12,2860
2024-09-11,10.89,10.89,10.89,10.89,150
2024-09-12,11.0,11.0,11.0,11.0,1207
2024-09-13,11.76,11.76,11.76,11.76,467
2024-09-17,11.7498,11.75,11.75,11.7498,2107
2024-09-18,11.71,11.0,14.08,11.0,14682
2024-09-19,10.96,11.2,12.06,10.96,2353
2024-09-20,11.16,10.0375,11.33,10.0375,5242
2024-09-23,9.85,9.8784,10.66,9.645,6254
2024-09-24,10.06,10.1,10.1,10.06,350
2024-09-25,10.11,10.11,10.11,10.11,381
2024-09-26,10.42,11.41,13.42,10.42,7915
2024-09-27,12.01,11.99,12.8,11.51,7217
2024-09-30,12.5,11.89,13.3,11.89,8226
2024-10-01,11.29,11.53,12.8,11.29,6008
2024-10-02,10.77,10.97,12.4,10.26,5061
2024-10-03,10.87,10.87,10.87,10.87,1754
2024-10-04,10.76,10.76,10.76,10.76,435
2024-10-07,10.5,10.04,10.69,10.04,2422
2024-10-09,10.01,9.2,10.01,9.2,2156
2024-10-14,9.51,9.51,9.51,9.51,213
2024-10-16,11.14,10.38,11.18,9.835,2069
2024-10-17,11.1,9.3,15.0,8.55,59291
2024-10-18,9.99,9.094,10.0,7.99,14510
2024-10-21,8.3501,9.7757,9.98,8.3501,6215
2024-10-22,10.0,9.9,10.92,9.6,7858
2024-10-23,9.9,10.0001,10.0001,9.73,1427
2024-10-24,9.76,9.3001,10.1555,9.3001,6833
2024-10-25,10.28,10.1198,10.41,8.66,24185
2024-10-28,9.99,9.91,9.99,9.48,2419
2024-10-30,9.2,9.01,9.49,8.64,6444
2024-10-31,10.3,9.95,10.3,9.2,6342
2024-11-01,8.97,8.88,9.105,8.88,1413
2024-11-04,1.0,1.0,7.99,1.0,432
2024-11-05,1.5,2.01,7.99,1.5,5897
2024-11-07,2.47,1.06,3.0,0.9501,1433002
2024-11-08,1.75,1.35,1.91,1.11,41113478
2024-11-11,1.18,1.19,1.29,1.06,2983740
2024-11-12,1.18,1.22,1.24,1.1,1247203
2024-11-13,1.15,1.05,1.15,0.99,1444049
2024-11-14,1.01,0.89,1.0441,0.8,1576793
2024-11-15,0.91,0.8789,0.94255,0.8251,480480
2024-11-18,0.84,0.724,0.8523,0.712,513259
2024-11-19,0.7074,0.71,0.7666,0.69,1031035
2024-11-20,0.7,0.608,0.734,0.56,441474
2024-11-21,0.59,0.502,0.59,0.4803,1269472
2024-11-22,0.534,0.5485,0.99,0.5135,68119965
2024-11-25,0.5335,0.517649,0.54,0.4921,1306814
2024-11-26,0.6101,0.725,0.78,0.5501,26881144
2024-11-27,0.7,0.766,0.85,0.64197,3435312
2024-11-29,1.14,0.96,1.23,0.9244,45980771
2024-12-02,0.9189,0.8149,0.9189,0.764,2042303
2024-12-03,0.7475,0.7716,0.7777,0.65,972980
2024-12-04,0.75,0.75,0.8551,0.699,506858
2024-12-05,0.74,0.7833,0.84,0.74,680705
2024-12-06,0.774,0.7122,0.781999,0.7,455039
2024-12-09,0.71,0.5701,0.7122,0.511,1652598
2024-12-10,0.5889,0.5706,0.6,0.52,385959
2024-12-11,0.5535,0.652,0.7003,0.5507,729385
2024-12-12,0.669,0.651,0.7,0.63,611075
2024-12-13,0.6671,0.601,0.6671,0.6,217117
2024-12-16,0.62,0.619,0.65,0.58,595992
2024-12-17,0.646,0.671,0.696999,0.603,563938
2024-12-18,0.71,0.709,0.72,0.65,753990
2024-12-19,1.12,0.8829,1.29,0.61,33102323
2024-12-20,0.8295,0.78,0.85,0.6707,3118361
2024-12-23,0.78,1.03,1.05,0.76,3568058
2024-12-24,0.9633,0.8788,0.9949,0.845,998972
2024-12-26,0.85,0.8101,0.8856,0.7,1217137
2024-12-27,0.82,0.77,0.84,0.73,764580
2024-12-30,0.797,0.7736,0.814,0.72,774596
2024-12-31,0.77,0.752,0.82,0.7351,445279
2025-01-02,0.768,0.7352,0.7899,0.7029,453520
2025-01-03,0.736,0.7786,0.7786,0.7207,339902
2025-01-06,0.769,0.75,0.79,0.73,347424
2025-01-07,0.756,0.71,0.7642,0.6376,707497
2025-01-08,0.698,0.6512,0.7095,0.64,370129
2025-01-10,0.6477,0.6369,0.64999,0.6042,244436
2025-01-13,0.65,0.579,0.65,0.53,574939
2025-01-14,0.58,0.586,0.61,0.58,328847
2025-01-15,0.5925,0.6206,0.6299,0.5921,379842
2025-01-16,0.62,0.6308,0.648,0.61,172441
2025-01-17,0.631,0.6607,0.668,0.631,420162
2025-01-21,0.63,0.623,0.65,0.61,269900
2025-01-22,0.624,0.5831,0.6418,0.582,185806
2025-01-23,0.58,0.6,0.6319,0.58,206601
2025-01-24,0.592,0.5731,0.639,0.5679,458552
2025-01-27,0.561,0.569,0.611896,0.5601,220834
2025-01-28,0.5705,0.596,0.609,0.5601,105194
2025-01-29,0.5745,0.577,0.605,0.5608,121971
2025-01-30,0.577,0.5858,0.59,0.5671,215897
2025-01-31,0.5964,0.5679,0.5992,0.5518,220442
2025-02-03,0.5922,0.579,0.65,0.5681,938420
2025-02-04,0.5724,0.5525,0.59,0.5503,118494
2025-02-05,0.557,0.5479,0.56,0.5233,230478
2025-02-06,0.56,0.55,0.56,0.5386,99465
2025-02-07,0.55,0.533,0.5554,0.52,122837
2025-02-10,0.5378,0.472,0.5459,0.4151,460603
2025-02-11,0.48,0.449,0.4899,0.4337,195389
2025-02-12,0.4451,0.442,0.4599,0.431,87227
2025-02-13,0.457,0.449,0.457,0.413,188332
2025-02-14,0.4522,0.4723,0.476,0.4391,216376
2025-02-18,0.48,0.4778,0.48,0.45,90854
2025-02-19,0.4769,0.4599,0.48,0.4359,184420
2025-02-20,0.4561,0.4316,0.4749,0.4245,124560
2025-02-21,0.4428,0.43,0.47,0.4174,93812
2025-02-24,0.4203,0.4111,0.4203,0.3711,245750
2025-02-25,0.3988,0.3901,0.4085,0.39,216356
2025-02-26,0.385,0.39,0.463,0.3805,108787
2025-02-27,0.4,0.4025,0.4191,0.3845,250545
2025-02-28,0.402,0.3899,0.41,0.3715,203136
2025-03-03,0.38,0.34,0.395001,0.3352,167303
2025-03-04,0.342,0.3779,0.378,0.303802,217384
2025-03-05,0.397,0.389,0.42,0.3415,1113269
2025-03-06,0.37,0.3719,0.389,0.3608,151317
2025-03-07,0.3749,0.38,0.38,0.3512,41952
2025-03-10,0.34,0.3883,0.3901,0.33,204563
2025-03-11,0.3767,0.3526,0.3767,0.35,58705
2025-03-12,0.351,0.3645,0.3655,0.35,30590
2025-03-13,0.3463,0.3617,0.39,0.344,106805
2025-03-14,0.362,0.3759,0.3779,0.3569,74486
2025-03-17,0.3852,0.35,0.3852,0.35,66714
2025-03-18,0.38,0.342,0.41,0.3,2454374
2025-03-19,0.366,0.37,0.43,0.3448,2172360
2025-03-20,0.3938,0.375,0.4607,0.3212,10045658
2025-03-21,0.35,0.3408,0.35,0.3311,659523
2025-03-24,0.328,0.3001,0.3398,0.291,855087
2025-03-25,0.291,0.26,0.2959,0.25,1085762
2025-03-26,0.26,0.2323,0.26,0.23,544374
2025-03-27,0.2325,0.243,0.2499,0.2325,240272
2025-03-28,0.242,0.234,0.2428,0.2255,309081
2025-03-31,0.23,0.2114,0.23,0.187,324544
2025-04-01,0.206,0.2099,0.2199,0.1961,276070
2025-04-02,0.2126,0.22415,0.238,0.2126,160570
2025-04-03,0.2163,0.2,0.2275,0.2,174750
2025-04-04,0.2,0.2023,0.21,0.1806,216416
2025-04-07,0.184,0.1905,0.21,0.182,328379
2025-04-08,0.209,0.1965,0.21,0.1875,121759
2025-04-09,0.19,0.1938,0.197,0.1755,204537
2025-04-10,0.1938,0.2035,0.2035,0.1901,40292
2025-04-11,0.2,0.2036,0.2036,0.19,127899
