2017-05-03,24.62,24.62,24.62,24.62,242
2017-05-04,24.9458,24.5275,24.9458,24.5275,1119
2017-05-05,25.0,25.346,25.346,24.96,9758
2017-05-08,25.75,25.26,25.75,25.15,4712
2017-05-09,25.74,25.345,25.74,25.34,3583
2017-05-10,25.67,24.9399,25.67,24.63,4025
2017-05-11,24.28,24.99,25.07,24.28,2311
2017-05-12,25.09,24.69,25.09,24.65,5222
2017-05-15,25.0,25.0,25.0,25.0,949
2017-05-16,25.35,25.13,25.35,25.13,1244
2017-05-17,24.48,23.79,24.48,23.79,5098
2017-05-18,23.0289,23.66,23.93,23.0289,2400
2017-05-19,24.0,24.7056,24.95,24.0,13405
2017-05-22,26.65,25.3752,26.7236,25.268,54077
2017-05-23,25.55,25.7,25.85,25.16,101195
2017-05-24,26.32,26.27,26.54,25.991,30523
2017-05-25,26.8,27.01,27.01,26.49,36377
2017-05-26,27.0,26.97,27.107,26.8,29567
2017-05-30,26.81,26.518,26.97,26.37,17226
2017-05-31,26.84,27.1,27.1,26.15,27919
2017-06-01,27.47,27.39,27.48,26.8101,14941
2017-06-02,28.01,28.0,28.4075,27.5588,20361
2017-06-05,28.13,27.13,28.22,27.07,25072
2017-06-06,26.65,26.45,26.83,26.195,13876
2017-06-07,26.3595,26.36,26.47,26.13,13957
2017-06-08,26.01,26.97,27.1499,26.01,15463
2017-06-09,27.28,27.02,28.23,26.76,10913
2017-06-12,27.85,26.55,27.85,26.2,14815
2017-06-13,26.26,27.09,27.219,26.26,5436
2017-06-14,27.46,27.16,27.5,27.02,8074
2017-06-15,27.1104,27.2691,27.31,26.8233,4007
2017-06-16,27.36,27.31,27.59,27.31,2644
2017-06-19,27.75,27.86,27.9639,27.546,22255
2017-06-20,28.18,27.19,28.18,27.19,25047
2017-06-21,27.0,26.81,27.52,26.7033,14197
2017-06-22,26.76,26.55,26.8067,26.55,12037
2017-06-23,26.21,26.46,27.0,26.0491,38714
2017-06-26,26.83,26.3101,27.1139,26.3,20858
2017-06-27,26.26,25.76,26.37,25.75,15237
2017-06-28,25.76,26.9793,27.0,25.76,6695
2017-06-29,26.997,26.2733,26.997,25.75,11343
2017-06-30,26.51,26.82,27.0113,26.46,6850
2017-07-03,27.25,27.412,27.54,27.2348,10187
2017-07-05,27.57,28.1702,28.2,27.42,32838
2017-07-06,27.83,27.4,28.14,27.39,19950
2017-07-07,27.86,28.345,28.56,27.6633,14122
2017-07-10,28.62,28.57,28.9717,28.2332,10611
2017-07-11,28.62,29.0181,29.03,28.25,17741
2017-07-12,29.35,29.35,29.88,29.31,25984
2017-07-13,29.295,29.1,29.5,28.84,12534
2017-07-14,29.58,29.82,29.88,29.4961,20734
2017-07-17,30.0,29.85,30.11,29.5,22283
2017-07-18,30.07,29.45,30.07,29.4295,9336
2017-07-19,29.7205,30.04,30.15,29.7205,19459
2017-07-20,30.65,30.0195,30.65,30.0195,34901
2017-07-21,30.0,30.28,30.28,29.7418,15271
2017-07-24,30.2699,30.47,30.495,30.17,15203
2017-07-25,31.0,30.46,31.3699,30.2589,19234
2017-07-26,30.85,30.51,31.5,30.31,12846
2017-07-27,30.8259,30.1648,30.8259,29.801,15286
2017-07-28,30.231,31.2,31.2,30.231,16416
2017-07-31,31.44,30.75,31.449,30.551,15956
2017-08-01,31.5,30.8591,31.5,30.6511,19642
2017-08-02,30.78,31.525,31.5794,30.78,18875
2017-08-03,31.75,32.31,32.31,31.28,28560
2017-08-04,33.87,32.33,33.87,31.94,37549
2017-08-07,32.5,32.72,32.9,32.44,34645
2017-08-08,32.93,32.64,33.6851,32.5889,59689
2017-08-09,33.45,32.69,33.45,32.4857,73928
2017-08-10,32.92,31.64,32.92,31.64,76964
2017-08-11,31.83,32.09,32.5,31.7,43322
2017-08-14,32.61,32.96,33.02,32.33,64646
2017-08-15,33.5,32.48,33.5,32.3876,51000
2017-08-16,32.6122,32.4,32.85,32.368,30554
2017-08-17,32.31,31.07,32.31,31.07,46404
2017-08-18,31.0,30.92,31.274,30.504,41631
2017-08-21,30.92,31.0407,31.2425,30.557,20127
2017-08-22,31.45,32.18,32.23,31.45,64319
2017-08-23,31.88,31.6332,32.14,31.6332,13847
2017-08-24,31.74,31.85,32.21,31.61,13998
2017-08-25,32.28,31.7699,32.28,31.7196,9913
2017-08-28,31.9,31.55,31.91,31.55,8907
2017-08-29,32.21,32.875,32.89,31.8,44813
2017-08-30,33.18,33.2601,33.4369,33.0366,49136
2017-08-31,33.3,33.9134,34.0,33.3,32377
2017-09-01,34.64,33.84,34.88,33.8284,36719
2017-09-05,34.45,32.7667,34.45,32.6282,81929
2017-09-06,32.96,32.0101,32.96,32.0,34943
2017-09-07,32.0,32.206,32.249,31.56,66020
2017-09-08,32.29,32.25,32.49,31.816,17735
2017-09-11,32.43,32.93,33.1016,32.43,29948
2017-09-12,33.09,33.03,33.19,32.86,39029
2017-09-13,33.0,32.84,33.12,32.52,11775
2017-09-14,32.68,33.2422,33.3,32.59,22914
2017-09-15,33.34,33.87,33.9,33.2476,26062
2017-09-18,34.24,35.77,35.7999,34.1983,59538
2017-09-19,35.84,36.65,36.66,35.57,87974
2017-09-20,36.75,37.3,37.432,36.55,95176
2017-09-21,37.3,37.79,37.87,37.24,99787
2017-09-22,38.19,38.16,38.6548,38.0,115066
2017-09-25,38.39,37.56,39.75,36.97,101102
2017-09-26,37.87,38.47,38.74,37.6175,64269
2017-09-27,38.47,39.13,39.2499,38.2738,59368
2017-09-28,39.35,38.3,39.35,38.27,66954
2017-09-29,38.3,38.65,38.65,38.02,46583
2017-10-02,38.98,40.11,40.11,38.98,65703
2017-10-03,40.37,40.27,40.525,39.86,79591
2017-10-04,40.41,40.53,40.548,40.26,46860
2017-10-05,40.66,41.3291,41.61,40.5808,73241
2017-10-06,41.35,41.23,41.35,40.8472,46810
2017-10-09,41.54,41.49,41.67,41.3,1050623
2017-10-10,41.86,41.36,41.86,41.1401,68647
2017-10-11,41.45,41.07,41.5,40.9011,45957
2017-10-12,40.9,41.75,41.89,40.9,47833
2017-10-13,42.12,41.3028,42.24,41.28,52892
2017-10-16,41.33,41.3,41.66,41.0,50800
2017-10-17,41.09,40.77,41.1674,40.58,59375
2017-10-18,40.59,40.9301,41.1,40.38,50369
2017-10-19,40.75,40.92,40.989,39.6301,42377
2017-10-20,41.2,42.5,42.5,41.2,78869
2017-10-23,42.87,41.68,42.87,41.6373,60049
2017-10-24,41.57,41.86,42.15,41.16,43036
2017-10-25,41.82,41.42,42.011,40.55,70935
2017-10-26,41.45,40.43,41.759,39.76,87602
2017-10-27,40.53,40.11,40.53,39.911,66008
2017-10-30,40.0,39.93,40.579,39.86,39551
2017-10-31,40.53,40.0,40.7,40.0,33255
2017-11-01,40.24,40.0,40.5,39.8,31376
2017-11-02,40.25,42.09,42.2411,40.22,65763
2017-11-03,42.59,41.05,42.59,40.7219,56365
2017-11-06,41.12,41.33,41.66,41.12,54344
2017-11-07,41.75,41.3,41.99,40.98,63196
2017-11-08,41.79,41.66,41.799,41.1606,32673
2017-11-09,41.35,39.81,41.35,39.33,100014
2017-11-10,39.75,39.1,39.75,38.88,42377
2017-11-13,39.1,38.52,39.1,38.01,74361
2017-11-14,38.33,38.64,38.7837,37.96,49422
2017-11-15,38.25,37.96,38.57,37.76,48827
2017-11-16,38.3284,38.91,39.1106,38.3284,36611
2017-11-17,38.79,38.21,39.54,38.21,28474
2017-11-20,38.05,39.27,39.29,38.0,29006
2017-11-21,39.7,40.51,40.52,39.7,59273
2017-11-22,40.99,40.02,40.99,39.93,24163
2017-11-24,40.15,40.25,40.36,40.0201,16528
2017-11-27,40.2,40.4,40.48,39.97,37714
2017-11-28,40.5,41.94,41.99,40.38,49419
2017-11-29,42.19,41.9,42.349,41.66,60629
2017-11-30,42.0,43.53,43.649,41.9319,77791
2017-12-01,42.78,41.5,43.6,39.7,100976
2017-12-04,43.37,41.5599,43.37,41.51,72010
2017-12-05,41.5,40.58,41.7897,40.46,50599
2017-12-06,40.58,41.48,42.0,40.0,49740
2017-12-07,41.94,42.51,42.7582,41.794,40199
2017-12-08,43.0,42.62,43.1,42.23,37973
2017-12-11,42.78,41.7192,43.03,41.7192,30525
2017-12-12,41.8,41.63081,42.72,41.8,22474
2017-12-13,41.24,42.3,43.0,41.14,40061
2017-12-14,42.99,42.01,43.1183,42.0,42220
2017-12-15,42.56,44.0094,44.4505,41.81,101847
2017-12-18,44.99,44.44124,45.0,44.05,78700
2017-12-19,45.03,44.02,45.03,43.98,40953
2017-12-20,45.0,44.38,45.02,44.2831,36635
2017-12-21,45.02,44.47,45.02,44.17,47801
2017-12-22,44.67,44.23,44.67,43.831,24743
2017-12-26,44.7,44.4,44.9989,44.246,32824
2017-12-27,44.78,44.6,44.78,44.2233,31746
2017-12-28,44.75,45.17,45.285,44.62,31610
2017-12-29,45.57,44.5,45.83,44.5,65336
2018-01-02,45.28,44.5,45.28,44.05,57925
2018-01-03,44.55,44.75,44.9,44.28,36705
2018-01-04,45.28,45.81,45.8215,45.01,57742
2018-01-05,46.2,47.04,47.04,45.9798,65719
2018-01-08,47.34,47.86,48.15,46.91,119431
2018-01-09,48.21,48.69,49.04,48.1,91304
2018-01-10,48.6,48.53,48.69,47.61,66467
2018-01-11,49.57,49.97,49.98,48.86,142569
2018-01-12,50.76,52.39,52.48,50.575,182288
2018-01-16,53.91,50.44,54.8602,50.205,285862
2018-01-17,50.75,52.37,52.3999,50.75,163490
2018-01-18,52.45,51.08,52.45,50.77,150289
2018-01-19,51.66,52.1,52.199,51.2839,91473
2018-01-22,52.0,51.55,52.0,50.55,130404
2018-01-23,51.56,51.04,51.675,50.5,94462
2018-01-24,50.6,51.8,52.3192,50.6,116904
2018-01-25,52.42,54.06,54.0899,52.15,183351
2018-01-26,54.78,56.19,56.2,53.701,170281
2018-01-29,56.25,56.47,57.589,55.88,231621
2018-01-30,55.1,55.16,55.66,53.81,265169
2018-01-31,58.0,55.56,58.0,55.1891,214294
2018-02-01,55.41,56.47,57.9,55.01,196411
2018-02-02,55.54,52.91,55.569,52.85,209770
2018-02-05,51.33,45.12,52.6174,42.62,449572
2018-02-06,41.9,46.17,46.5921,40.83,268147
2018-02-07,46.48,48.24,49.73,46.3565,334629
2018-02-08,49.64,43.27,49.71,43.27,221926
2018-02-09,45.6,45.36,46.43,41.93,236535
2018-02-12,47.43,47.45,48.39,45.135,201711
2018-02-13,47.05,47.99,48.44,46.45,154507
2018-02-14,47.31,50.37,50.48,47.01,209435
2018-02-15,51.6,53.84,53.84,51.2912,278109
2018-02-16,54.0,54.15,55.1775,53.3475,259596
2018-02-20,53.0,52.74,54.59,52.2,166025
2018-02-21,52.85,52.87,55.3799,52.74,202872
2018-02-22,54.56,53.21,54.56,53.0,102986
2018-02-23,54.4,54.3,54.4,52.65,119882
2018-02-26,55.09,55.8527,56.1891,54.5894,221308
2018-02-27,56.16,54.21,57.0,54.21,161400
2018-02-28,55.49,53.97,56.819,53.928,173401
2018-03-01,53.97,50.53,54.1655,49.61,380384
2018-03-02,49.0,51.24,51.5652,48.101,201232
2018-03-05,50.32,52.44,52.86,49.3195,143440
2018-03-06,54.06,52.08,54.06,51.1333,144656
2018-03-07,49.71,52.72,52.9499,49.71,102276
2018-03-08,53.09,53.17,53.35,51.87,106820
2018-03-09,54.5,55.51,55.51,53.14,159551
2018-03-12,55.99,52.71,55.99,52.3984,190808
2018-03-13,53.05,52.24,53.9884,51.77,125890
2018-03-14,52.73,50.51,52.93,49.1622,196407
2018-03-15,51.61,50.42,51.61,49.25,75386
2018-03-16,50.63,50.01,50.7,49.68,57920
2018-03-19,49.22,50.29,50.5227,48.76,102784
2018-03-20,50.89,51.48,52.266,50.5458,99090
2018-03-21,51.6,51.8,53.0698,50.78,73795
2018-03-22,51.1,47.29,51.1,47.06,141238
2018-03-23,47.21,47.63,50.729,47.01,264316
2018-03-26,50.86,51.27,51.38,49.018,185091
2018-03-27,52.18,48.96,52.49,48.0,172718
2018-03-28,48.8,47.63,49.4441,46.78,124756
2018-03-29,47.66,49.76,50.644,47.66,99980
2018-04-02,49.5,47.37,49.67,45.6339,151417
2018-04-03,47.84,49.26,49.28,47.41,88657
2018-04-04,45.25,50.0,50.17,45.1,103286
2018-04-05,50.5,52.34,52.5,50.49,143625
2018-04-06,51.16,48.54,51.55,47.4143,175604
2018-04-09,49.3,48.11,50.08,47.86,122604
2018-04-10,50.13,49.4711,50.443,48.74,64666
2018-04-11,48.85,49.59,50.94,48.85,78066
2018-04-12,50.29,51.38,51.879,50.29,110665
2018-04-13,52.0,50.59,52.0,49.96,83404
2018-04-16,51.38,52.22,52.43,51.3126,82357
2018-04-17,52.98,53.78,54.38,52.855,146878
2018-04-18,54.7,55.14,55.56,54.33,117149
2018-04-19,54.52,55.48,56.05,54.5,96324
2018-04-20,55.46,54.57,55.534,53.99,74570
2018-04-23,54.71,54.6856,55.2,53.99,55900
2018-04-24,55.65,50.92,56.6,48.4302,223132
2018-04-25,50.69,49.47,51.1407,46.85,172404
2018-04-26,49.72,49.3,50.61,47.98,86701
2018-04-27,49.0,47.25,49.0,46.8,140370
2018-04-30,47.24,45.15,47.4599,45.15,105908
2018-05-01,45.0,42.64,45.0,40.82,220476
2018-05-02,42.25,41.94,43.67,41.84,123159
2018-05-03,41.02,42.03,42.6902,39.88,145552
2018-05-04,41.14,43.45,43.8,41.14,124804
2018-05-07,43.51,45.27,45.35,43.51,93486
2018-05-08,45.5,47.3,47.315,45.49,184443
2018-05-09,48.0,48.74,49.17,47.75,144492
2018-05-10,49.0,48.9,49.538,48.491,123859
2018-05-11,49.49,49.2,49.64,48.7944,87373
2018-05-14,49.34,48.34,49.6662,48.04,110270
2018-05-15,47.76,47.58,48.07,47.15,76447
2018-05-16,47.19,47.6,48.3081,47.19,42973
2018-05-17,47.65,48.59,48.9,47.3264,77602
2018-05-18,48.09,49.64,49.9,48.09,53403
2018-05-21,50.76,51.89,52.115,50.76,149348
2018-05-22,51.99,49.7,51.99,49.63,90498
2018-05-23,49.25,50.91,50.91,48.35,56585
2018-05-24,50.22,51.88,51.92,49.8,67342
2018-05-25,51.99,51.16,51.99,50.63,58762
2018-05-29,50.0,49.25,50.66,48.6015,81448
2018-05-30,49.71,51.27,51.38,49.364,52713
2018-05-31,50.52,49.4,51.129,49.3,41686
2018-06-01,50.42,50.74,51.136,50.265,50712
2018-06-04,51.37,51.33,51.98,50.94,57352
2018-06-05,51.8,51.3611,51.8,50.65,45334
2018-06-06,51.04,52.75,52.7863,51.04,61756
2018-06-07,52.85,52.72,53.1889,51.92,59529
2018-06-08,51.69,53.85,53.85,51.69,41064
2018-06-11,53.99,53.25,54.25,52.84,41485
2018-06-12,53.02,51.69,53.25,51.2301,88087
2018-06-13,51.27,50.86,51.9495,50.64,58981
2018-06-14,50.88,49.68,51.77,49.27,76618
2018-06-15,48.57,49.04,49.2199,47.7901,65724
2018-06-18,48.04,49.0981,49.3056,48.04,40367
2018-06-19,47.59,45.67,47.6952,45.4,135219
2018-06-20,46.09,46.26,46.69,45.37,69329
2018-06-21,45.9,44.79,45.9,44.1399,78625
2018-06-22,45.39,45.25,45.61,44.77,59779
2018-06-25,44.57,43.94,44.93,43.25,75619
2018-06-26,43.88,44.46,44.838,43.6263,37823
2018-06-27,45.22,43.56,46.401,43.56,84379
2018-06-28,43.17,44.1964,44.7,42.341,81012
2018-06-29,44.26,44.5,46.0,44.26,63534
2018-07-02,43.29,44.77,44.79,42.72,41854
2018-07-03,45.23,44.85,46.2802,44.71,29855
2018-07-05,44.95,45.0346,45.71,44.06,44573
2018-07-06,44.33,45.28,45.8,44.1534,37910
2018-07-09,45.73,47.58,47.67,45.73,104482
2018-07-10,47.7,48.1076,48.52,47.4,60253
2018-07-11,47.0,46.0,47.03,45.75,107288
2018-07-12,46.87,48.4,48.43,46.55,84015
2018-07-13,48.4,49.67,49.75,48.4,87442
2018-07-16,50.0,50.13,50.9499,49.83,73587
2018-07-17,49.64,50.99,51.17,49.64,41003
2018-07-18,51.0,52.02,52.1552,50.97,53628
2018-07-19,51.63,51.58,51.758,51.14,64898
2018-07-20,50.93,51.75,52.38,50.45,72692
2018-07-23,51.95,50.08,51.95,50.08,72304
2018-07-24,50.99,51.14,52.5,49.9,81366
2018-07-25,50.32,51.24,51.3402,48.5502,76987
2018-07-26,51.7,52.83,53.39,51.24,106272
2018-07-27,52.83,52.19,53.64,51.5573,40657
2018-07-30,52.08,49.97,52.62,49.8638,49211
2018-07-31,50.65,53.77,54.02,50.65,112337
2018-08-01,53.45,52.92,54.3,52.59,41245
2018-08-02,51.75,52.69,52.9,51.711,27748
2018-08-03,52.9297,52.03,52.9297,51.335,18350
2018-08-06,51.9,51.96,51.96,50.99,22911
2018-08-07,51.99,52.5,52.7662,51.4,17032
2018-08-08,51.83,52.23,52.54,51.745,15380
2018-08-09,52.0,52.06,52.95,51.83,17868
2018-08-10,50.78,51.38,51.896,50.77,22226
2018-08-13,51.29,51.22,52.21,50.48,16859
2018-08-14,51.37,52.43,52.8,51.37,33187
2018-08-15,51.32,50.48,51.6021,49.49,50893
2018-08-16,51.96,52.52,52.68,51.6068,43928
2018-08-17,52.1,53.38,53.6,52.1,57937
2018-08-20,53.5,54.26,54.77,53.5,64940
2018-08-21,54.7,55.58,55.58,54.41,48642
2018-08-22,55.25,54.16,55.34,54.16,35735
2018-08-23,53.82,53.13,53.95,52.951,40924
2018-08-24,53.1,54.17,54.19,53.1,15637
2018-08-27,55.0,55.4964,55.81,54.71,43729
2018-08-28,56.0,55.75,56.4,55.19,45056
2018-08-29,55.82,55.6411,56.05,55.395,20871
2018-08-30,54.74,54.249,55.74,53.9273,29149
2018-08-31,54.23,54.75,54.79,53.1835,44079
2018-09-04,54.62,54.69,54.894,53.6075,37982
2018-09-05,54.02,55.19,55.2,53.98,15533
2018-09-06,55.37,56.97,57.3,55.37,75490
2018-09-07,56.85,56.29,56.85,55.26,39022
2018-09-10,57.13,56.3,57.13,56.3,27917
2018-09-11,55.82,56.3524,56.9309,55.29,25577
2018-09-12,55.9852,57.05,57.28,55.89,21455
2018-09-13,57.25,58.2,59.1,57.25,74996
2018-09-14,58.82,60.71,60.86,58.802,107901
2018-09-17,60.6,60.7163,61.1241,60.2009,40425
2018-09-18,61.32,63.01,63.44,60.931,65824
2018-09-19,63.18,61.45,64.12,61.1201,101087
2018-09-20,62.19,59.97,62.72,58.9422,93951
2018-09-21,61.45,61.5,61.89,60.6427,49708
2018-09-24,61.09,59.37313,61.09,59.1801,49775
2018-09-25,59.99,61.25,61.57,59.4,34574
2018-09-26,61.25,60.44,61.65,60.3217,36537
2018-09-27,60.76,61.45,61.9724,60.35,45432
2018-09-28,61.5,62.52,62.73,61.24,24090
2018-10-01,63.56,63.03,64.5,62.2501,54771
2018-10-02,63.12,62.85,63.2205,62.29,19910
2018-10-03,63.75,63.35,64.38,62.8657,48564
2018-10-04,63.08,62.59,63.15,61.43,58715
2018-10-05,62.91,61.13,63.34,60.2304,79901
2018-10-08,60.7,61.4,61.51,59.62,63684
2018-10-09,60.95,58.8348,61.4,58.5,95903
2018-10-10,58.98,53.1001,58.98,53.1001,162813
2018-10-11,52.5,48.93,53.3899,48.68,120490
2018-10-12,51.0,49.58,51.575,47.7201,113382
2018-10-15,50.26,51.67,52.59,50.15,101726
2018-10-16,52.27,55.11,55.11,51.26,147185
2018-10-17,54.83,53.46,54.83,52.7,71886
2018-10-18,52.48,50.86,52.9586,49.8595,73513
2018-10-19,50.86,50.0,51.2,49.74,51602
2018-10-22,49.87,49.75,50.43,48.6264,45954
2018-10-23,47.85,48.73,49.67,47.2601,92963
2018-10-24,49.79,43.69,49.79,43.63,138834
2018-10-25,44.42,43.52,44.87,43.1,77068
2018-10-26,43.0,42.95,44.02,40.8103,79799
2018-10-29,44.27,37.96,44.52,36.365,135014
2018-10-30,37.79,40.59,40.698,37.32,82647
2018-10-31,42.16,42.19,43.8,42.16,114954
2018-11-01,43.57,45.18,45.5,42.58,87754
2018-11-02,45.74,45.0691,47.0,44.59,96971
2018-11-05,45.44,45.8359,46.13,44.5932,69395
2018-11-06,46.0,47.37,47.65,45.9,66052
2018-11-07,48.05,48.78,48.81,46.12,80297
2018-11-08,48.71,48.31,48.95,47.6039,33638
2018-11-09,47.5,48.43,48.74,47.4,42094
2018-11-12,48.49,44.28,48.49,44.23,77972
2018-11-13,44.38,43.89,45.45,43.21,38190
2018-11-14,43.88,42.86,45.3,42.77,38911
2018-11-15,42.0,44.19,44.95,41.4488,39808
2018-11-16,44.19,43.66,44.19,42.45,21108
2018-11-19,43.19,40.17,43.19,39.91,60652
2018-11-20,38.3,38.26,38.69,36.6,124519
2018-11-21,39.48,38.8049,39.619,38.68,30493
2018-11-23,38.8,39.48,40.1571,38.8,16244
2018-11-26,40.4,40.1499,41.05,39.42,34741
2018-11-27,38.92,38.29,39.25,37.45,78867
2018-11-28,39.5,41.06,41.09,38.4771,85730
2018-11-29,40.66,41.21,41.8329,40.18,36931
2018-11-30,40.9347,41.65,41.845,40.4,32946
2018-12-03,44.0,42.66,44.54,42.0174,98063
2018-12-04,42.01,37.56,42.73,37.5561,131772
2018-12-06,36.44,36.8596,36.94,33.34,136403
2018-12-07,36.6,35.33,38.4256,34.94,84826
2018-12-10,35.86,36.9,37.5,34.79,119130
2018-12-11,38.21,36.3,38.9,35.537,78177
2018-12-12,37.7,37.52,39.0711,37.52,65865
2018-12-13,38.23,36.8,38.23,36.58,46161
2018-12-14,35.55,35.73,36.5141,35.405,50690
2018-12-17,35.22,33.69,36.47,33.19,58343
2018-12-18,34.53,34.43,35.9,33.87,59386
2018-12-19,34.43,31.9699,35.35,31.26,85037
2018-12-20,31.58,29.21,32.02,28.1432,116088
2018-12-21,29.0,27.02,29.453,27.0,69110
2018-12-24,25.83,24.66,26.2305,24.66,76502
2018-12-26,25.39,27.29185,27.37,23.89,105402
2018-12-27,25.83,28.54,28.54,25.5,102137
2018-12-28,29.44,28.65,29.72,28.2,104108
2018-12-31,29.25,29.66,29.76,28.83,61410
2019-01-02,27.84,30.08,30.08,27.84,42155
2019-01-03,29.96,27.17,29.96,27.17,72268
2019-01-04,28.04,29.99,30.1799,28.04,62317
2019-01-07,30.09,30.64,30.9,29.42,53459
2019-01-08,31.95,32.15,32.182,31.2012,59999
2019-01-09,32.63,32.72,33.0,32.3,91267
2019-01-10,32.43,33.89,33.96,32.18,43019
2019-01-11,34.0,34.16,34.1799,32.737,48001
2019-01-14,33.7,34.08,34.7641,33.0936,31103
2019-01-15,34.0723,34.29,34.4315,33.2801,31293
2019-01-16,34.87,34.03,34.87,33.7,50735
2019-01-17,33.29,35.63,36.32,33.28,68375
2019-01-18,36.54,37.35,37.82,36.359,129970
2019-01-22,36.6,34.59,36.6,33.91,102137
2019-01-23,35.51,35.92,36.72,34.555,74688
2019-01-24,36.56,36.99,37.629,36.3157,64665
2019-01-25,37.78,37.91,38.47,37.59,79465
2019-01-28,37.0,37.771,37.771,36.2,70285
2019-01-29,37.83,39.87,40.42,37.83,159363
2019-01-30,41.84,41.6,42.18,39.4432,232748
2019-01-31,41.01,41.54,42.1375,40.4,121112
2019-02-01,41.62,41.53,42.5425,41.25,62517
2019-02-04,41.9,44.215,44.24,41.7477,64500
2019-02-05,44.82,45.73,45.73,44.28,157633
2019-02-06,46.13,45.86,46.3,45.2,70268
2019-02-07,45.41,45.05,45.41,43.48,147907
2019-02-08,44.14,45.5,45.5,43.71,49814
2019-02-11,46.03,46.02,46.6278,45.6101,67081
2019-02-12,47.0,47.7,47.829,46.8266,63713
2019-02-13,48.73,47.81,48.73,47.4089,69948
2019-02-14,47.25,47.66,48.2,46.76,39668
2019-02-15,47.52,50.49,50.5462,47.52,134960
2019-02-19,50.25,50.5,50.88,49.8001,98104
2019-02-20,50.5,51.19,51.3391,50.2022,57218
2019-02-21,51.2,50.12,51.2,49.5934,72913
2019-02-22,50.63,51.46,51.5009,50.43,46552
2019-02-25,52.26,51.5209,52.65,51.33,70181
2019-02-26,51.34,50.35,51.5,50.35,52260
2019-02-27,49.76,50.76,50.89,49.2317,48253
2019-02-28,51.02,51.35,52.23,51.02,43903
2019-03-01,51.54,51.19,52.0,50.44,64843
2019-03-04,51.83,48.85,52.23,48.0833,111949
2019-03-05,48.8,48.18,49.11,48.1301,32249
2019-03-06,47.98,46.68,49.1499,46.67,98309
2019-03-07,46.25,45.64,46.4,44.3275,106495
2019-03-08,44.02,45.2,45.29,44.0,61377
2019-03-11,42.51,44.91,44.91,41.55,94090
2019-03-12,44.07,43.36,44.4273,42.93,70957
2019-03-13,44.04,44.43,45.02,43.4,109969
2019-03-14,44.62,43.38,44.91,43.37,53238
2019-03-15,43.58,43.09,43.94,42.288,103617
2019-03-18,42.86,44.00415,44.13,42.5,37652
2019-03-19,44.55,43.74,45.3499,43.29,94495
2019-03-20,43.3,43.2,44.3374,42.68,57263
2019-03-21,42.8,44.16,44.4,42.8,44145
2019-03-22,43.19,41.015,43.485,40.77,95612
2019-03-25,40.98,41.88,42.07,40.97,42681
2019-03-26,43.0,42.03,43.0,41.2748,39455
2019-03-27,42.21,42.11,42.93,40.94,69140
2019-03-28,42.53,42.98,43.079,42.0106,30155
2019-03-29,43.61,44.37,44.44,43.61,45329
2019-04-01,45.16,47.4552,47.53,45.16,86817
2019-04-02,47.34,46.45,47.5965,46.27,49478
2019-04-03,46.83,44.83,46.9614,44.4056,106696
2019-04-04,44.97,46.57,47.2763,44.97,86902
2019-04-05,47.29,47.48,47.5,46.81,52454
2019-04-08,45.6,46.07,46.12,44.71,80857
2019-04-09,45.23,44.18,45.23,44.01,63658
2019-04-10,44.5,43.85,44.5,43.25,44345
2019-04-11,44.19,45.61,45.73,44.19,48489
2019-04-12,46.82,47.79,47.81,46.5426,82881
2019-04-15,47.9,46.63,47.9,46.5,42504
2019-04-16,47.3,47.67,48.0,46.94,57718
2019-04-17,48.21,46.9401,48.56,46.73,64333
2019-04-18,47.2,48.06,48.29,47.2,58561
2019-04-22,47.41,47.61,48.15,46.94,28700
2019-04-23,49.25,50.43,51.0,49.1,108608
2019-04-24,51.25,49.85,51.25,49.72,51115
2019-04-25,49.15,49.73,50.11,47.7301,61489
2019-04-26,50.09,50.27,50.3534,49.53,22858
2019-04-29,50.09,50.5,51.4699,50.0,43779
2019-04-30,50.48,50.96,51.1258,49.8824,35270
2019-05-01,51.54,51.16,53.2753,51.09,87652
2019-05-02,50.77,50.3,50.8699,49.25,76977
2019-05-03,50.98,51.94,51.9968,50.867,46129
2019-05-06,48.74,51.35,51.57,48.49,63207
2019-05-07,49.57,47.78,49.86,46.957,71182
2019-05-08,47.45,48.89,49.5799,47.35,68565
2019-05-09,47.5,48.83,49.1,46.45,64216
2019-05-10,47.7,49.42,49.56,46.54,50224
2019-05-13,46.19,45.12,46.5699,44.1678,87428
2019-05-14,45.96,46.4101,47.29,45.33,54003
2019-05-15,45.34,46.656,47.21,44.41,43742
2019-05-16,47.48,48.74,48.93,47.1346,88702
2019-05-17,48.01,47.58,49.1075,47.33,62843
2019-05-20,47.13,47.67,48.075,46.7454,38633
2019-05-21,48.55,49.86,49.93,48.3119,57167
2019-05-22,49.59,49.01,49.59,48.91,29318
2019-05-23,47.14,46.66,47.71,45.58,86205
2019-05-24,47.29,47.28,48.1183,46.8352,34520
2019-05-28,47.61,46.86,48.2543,46.75,25094
2019-05-29,45.94,46.43,46.71,45.5,67122
2019-05-30,46.75,46.47,47.3276,45.98,23712
2019-05-31,45.0,44.78,45.5831,44.72,40604
2019-06-03,44.58,45.47,45.91,44.11,42208
2019-06-04,46.93,48.3,48.4099,46.81,45457
2019-06-05,48.84,50.43,50.43,48.825,68395
2019-06-06,50.73,50.75,51.11,49.322,28580
2019-06-07,51.35,51.71,52.14,51.27,35242
2019-06-10,53.07,50.79,53.5279,50.6,75149
2019-06-11,51.47,47.26,51.47,46.35,146899
2019-06-12,47.0,47.59,47.76,46.5239,37310
2019-06-13,48.37,48.8892,48.8892,47.0,37700
2019-06-14,48.36,48.14,48.8161,48.0,38593
2019-06-17,48.53,48.25,48.7532,47.8254,19442
2019-06-18,49.19,51.67,51.7199,49.19,129941
2019-06-19,52.05,51.94,52.25,51.26,52560
2019-06-20,53.27,54.79,54.9,52.9301,113696
2019-06-21,54.7,53.6,55.1499,53.41,66012
2019-06-24,53.9,54.00259,55.05,53.9,30435
2019-06-25,54.05,52.78,54.1896,52.6901,65712
2019-06-26,53.06,52.7,53.6501,52.68,29158
2019-06-27,51.88,52.01,52.5699,51.3383,48349
2019-06-28,52.5,53.19,53.51,51.6739,33295
2019-07-01,54.85,51.91,55.54,51.7301,71717
2019-07-02,51.81,52.74,52.89,51.712,25881
2019-07-03,53.4,53.41,53.41,52.5267,25353
2019-07-05,52.88,53.4,53.4,51.6701,23491
2019-07-08,52.48,51.76,52.48,51.17,31550
2019-07-09,51.13,52.62,52.7427,50.76,35351
2019-07-10,53.49,52.475,53.93,52.39,41469
2019-07-11,52.237,53.69,53.9299,51.9815,48208
2019-07-12,54.12,55.74,55.78,54.0,68152
2019-07-15,55.61,54.55,55.61,54.2331,51939
2019-07-16,54.68,54.98,55.42,54.68,28361
2019-07-17,55.03,53.67,55.24,53.66,82524
2019-07-18,53.45,52.7501,53.63,51.86,61036
2019-07-19,53.79,54.92,55.7,53.79,77392
2019-07-22,55.0,55.02,55.8,54.4327,53637
2019-07-23,55.99,56.0,56.63,54.62,69331
2019-07-24,55.4,56.6,57.6123,54.47,55114
2019-07-25,56.34,56.13,57.14,55.3543,23966
2019-07-26,56.06,55.28,56.06,54.9079,38606
2019-07-29,55.13,54.48,55.27,54.22,24938
2019-07-30,53.8,54.74,54.74,53.05,43920
2019-07-31,55.03,53.66,56.37,53.0,64942
2019-08-01,53.37,51.19,54.63,51.06,101487
2019-08-02,50.97,50.64,51.38,49.16,51279
2019-08-05,48.32,47.17,48.5,45.5301,79567
2019-08-06,49.0,50.82,50.94,48.93,60194
2019-08-07,48.9,51.68,52.25,48.47,52689
2019-08-08,52.66,54.93,55.1859,52.335,70971
2019-08-09,54.23,54.05,54.9101,53.0523,48301
2019-08-12,53.06,51.78,53.52,51.2756,45310
2019-08-13,51.19,52.4,53.71,51.19,63331
2019-08-14,50.2,48.26,50.7627,47.96,92168
2019-08-15,49.09,49.68,50.0,47.87,96009
2019-08-16,50.97,51.35,51.62,50.0,93446
2019-08-19,53.13,52.93,53.31,52.4,44137
2019-08-20,52.83,52.92,53.3,52.15,36488
2019-08-21,53.85,54.25,54.9683,53.6485,57163
2019-08-22,54.47,56.11,56.68,54.29,68623
2019-08-23,55.34,52.94,58.0,52.19,122199
2019-08-26,54.45,54.31,55.2454,52.8033,40634
2019-08-27,55.28,53.28,55.28,52.6,30852
2019-08-28,53.18,54.968,55.1374,51.77,49963
2019-08-29,56.61,57.18,57.54,55.93,57768
2019-08-30,58.26,57.74,58.41,57.2401,31486
2019-09-03,56.36,55.76,56.36,54.2533,43600
2019-09-04,57.22,57.36,57.6,56.8002,26864
2019-09-05,59.01,58.61,60.1526,58.31,51980
2019-09-06,58.97,59.422,60.2299,58.9,46539
2019-09-09,59.33,57.15,59.33,56.9982,32356
2019-09-10,56.66,58.13,58.13,54.99,50997
2019-09-11,58.31,60.56,60.56,58.31,37803
2019-09-12,61.09,61.18,61.6672,60.11,46846
2019-09-13,62.04,61.95,62.7,61.79,50335
2019-09-16,62.88,63.87,64.45,62.21,86390
2019-09-17,63.96,64.41,64.7165,62.5,71596
2019-09-18,64.24,64.85,64.87,62.8218,89490
2019-09-19,64.97,63.88,65.3429,63.8752,53335
2019-09-20,63.95,61.47,64.0189,61.25,53074
2019-09-23,61.2,60.90652,61.84,60.25,27545
2019-09-24,61.44,60.81,61.9678,59.53,70385
2019-09-25,60.72,62.4299,62.7,60.72,59977
2019-09-26,62.47,62.29,63.04,61.5412,23175
2019-09-27,62.75,59.99,62.8469,59.58,42581
2019-09-30,60.14,59.81,60.644,59.76,24214
2019-10-01,60.19,55.85,60.75,55.6198,81452
2019-10-02,54.87,53.17,54.88,52.04,58648
2019-10-03,53.2,54.2872,54.32,51.4704,66424
2019-10-04,54.32,56.08,56.2299,54.32,41483
2019-10-07,55.89,55.83,56.9489,55.3,17007
2019-10-08,54.34,54.5,55.96,53.37,45604
2019-10-09,55.75,55.61,56.3425,55.0469,26811
2019-10-10,55.45,56.41,57.2228,55.45,44489
2019-10-11,58.03,57.79,58.7573,57.11,43340
2019-10-14,57.59,57.52,58.36,57.2101,17587
2019-10-15,57.93,57.77,58.62,57.7,26151
2019-10-16,57.11,57.92,58.8605,57.11,14776
2019-10-17,58.36,56.89,58.77,56.87,49456
2019-10-18,56.35,52.52,56.7865,52.48,83241
2019-10-21,52.47,51.77,52.47,51.0,60954
2019-10-22,52.06,52.96,53.84,52.06,50839
2019-10-23,53.99,53.21,54.39,52.6494,38749
2019-10-24,53.69,55.7,55.91,53.1,37269
2019-10-25,55.6,54.19,55.6,54.19,34723
2019-10-28,54.43,54.85,55.86,54.43,36676
2019-10-29,54.43,55.43,56.0,54.43,25317
2019-10-30,55.33,56.55,56.6218,54.91,41131
2019-10-31,56.22,55.47,56.5,55.1682,18293
2019-11-01,56.75,58.09,58.2001,56.581,28824
2019-11-04,59.02,57.8,59.0778,57.2,53304
2019-11-05,58.35,58.9,59.4,58.33,42478
2019-11-06,58.9,59.37,59.47,58.6185,27501
2019-11-07,60.0,60.53,61.3599,60.0,77129
2019-11-08,60.605,60.83,61.515,60.17,39908
2019-11-11,59.99,62.59,63.0,59.451,74247
2019-11-12,62.63,62.77,63.35,61.9404,41888
2019-11-13,62.1,63.11,63.58,62.1,37828
2019-11-14,63.14,64.52,64.745,63.11,43379
2019-11-15,65.03,66.28,66.76,65.0,69194
2019-11-18,66.28,65.94,66.76,65.611,49320
2019-11-19,66.11,65.244,66.6684,65.13,55131
2019-11-20,64.88,65.35,66.09,64.52,64450
2019-11-21,65.23,63.75,65.23,63.5915,27989
2019-11-22,64.06,64.08,64.16,62.981,43190
2019-11-25,64.59,64.4984,65.0168,64.1512,31279
2019-11-26,64.49,65.43,65.81,64.49,40480
2019-11-27,65.74,65.0,65.74,64.1976,59675
2019-11-29,64.95,64.19,64.95,64.14,16391
2019-12-02,64.52,60.13,64.52,60.08,73962
2019-12-03,58.15,59.44,59.74,58.0,35610
2019-12-04,60.38,59.69,61.6262,59.69,28744
2019-12-05,60.37,59.7761,60.37,59.49,12552
2019-12-06,61.84,61.81,62.0852,61.0,27430
2019-12-09,61.63,60.38,61.63,60.3245,23537
2019-12-10,60.35,60.05,60.89,59.9355,17655
2019-12-11,59.77,61.12,61.19,58.95,63312
2019-12-12,61.21,61.3622,62.11,60.68,42407
2019-12-13,60.83,60.78,62.239,60.4001,22211
2019-12-16,59.35,59.4,60.59,59.09,58447
2019-12-17,59.04,58.23,59.07,57.251,76871
2019-12-18,58.63,57.1069,58.63,56.99,39615
2019-12-19,57.25,58.03,58.17,57.0,54271
2019-12-20,58.81,58.7,59.0,58.17,27535
2019-12-23,60.13,60.58,61.11,60.13,67084
2019-12-24,60.86,59.5,60.86,59.5,34299
2019-12-26,59.57,59.21,59.69,58.75,36238
2019-12-27,59.66,58.83,59.66,58.75,46116
2019-12-30,58.89,58.18,58.89,57.73,38611
2019-12-31,58.0,57.56,58.35,57.055,55727
2020-01-02,58.61,61.67,61.67,58.5423,77057
2020-01-03,64.08,63.71,64.08,61.4166,164116
2020-01-06,65.18,63.97,65.18,62.76,119831
2020-01-07,64.0,64.74,65.46,62.5701,100488
2020-01-08,65.46,63.5,65.46,63.401,117857
2020-01-09,64.01,64.89,65.67,63.7783,60010
2020-01-10,65.08,62.32,65.08,62.1301,103192
2020-01-13,63.07,63.9425,64.35,62.95,45446
2020-01-14,63.9,63.85,64.7482,62.75,56634
2020-01-15,63.63,64.3,65.3,63.63,38901
2020-01-16,64.97,66.42,66.5,64.97,58103
2020-01-17,66.8,65.4082,66.8,65.21,47984
2020-01-21,64.54,63.92,65.68,61.75,93259
2020-01-22,63.79,62.6,64.1393,61.99,53508
2020-01-23,62.08,64.58,64.8222,62.08,34262
2020-01-24,65.2,64.94,65.86,62.85,63848
2020-01-27,61.88,63.42,64.474,61.47,45800
2020-01-28,63.61,64.98,65.8,62.861,25677
2020-01-29,66.0,65.25,66.91,64.5641,35520
2020-01-30,64.04,65.31,65.31,62.8,36507
2020-01-31,64.59,61.41,64.59,60.7,57720
2020-02-03,61.66,61.03,63.1934,61.0,22221
2020-02-04,62.64,64.16,64.3248,62.64,29178
2020-02-05,65.84,67.3,67.3,64.52,81163
2020-02-06,67.59,69.67,70.0961,66.85,105850
2020-02-07,69.04,69.3,70.074,68.4743,55233
2020-02-10,69.0,70.65,70.9862,68.84,56299
2020-02-11,72.08,70.5061,72.28,70.1907,40023
2020-02-12,71.54,71.4326,71.66,70.1433,42404
2020-02-13,70.54,70.36,71.72,70.36,19824
2020-02-14,70.86,69.9228,70.86,69.2504,31311
2020-02-18,69.36,68.29,69.44,67.83,31243
2020-02-19,68.85,67.98,69.3552,67.83,57140
2020-02-20,67.51,66.77,68.5,64.81,46496
2020-02-21,66.19,66.09,66.19,64.38,19355
2020-02-24,61.1,60.16,61.71,59.4231,84872
2020-02-25,60.58,51.15,60.58,50.7,158665
2020-02-26,51.2,50.26,54.81,50.0,151148
2020-02-27,48.05,44.37,49.16,43.45,129629
2020-02-28,40.1,41.12,41.545,37.5966,288823
2020-03-02,42.32,45.05,45.05,39.4707,167347
2020-03-03,45.79,42.76,48.5,42.2753,140109
2020-03-04,44.99,47.56,47.71,43.09,103458
2020-03-05,44.07,38.3,44.1932,37.5001,374156
2020-03-06,34.84,36.6901,37.1,33.51,180783
2020-03-09,29.5,26.5146,30.1864,25.1,196870
2020-03-10,30.0,29.1975,30.0,25.1738,166929
2020-03-11,26.81,21.4109,27.49,20.6318,321939
2020-03-12,15.98,14.3015,18.685,14.28,469175
2020-03-13,18.5,16.89,18.5,14.08,398636
2020-03-16,11.7,9.56,12.5915,9.5,526864
2020-03-17,10.19,10.0939,10.79,7.6356,568888
2020-03-18,7.98,7.03,8.04,5.071,1112923
2020-03-19,6.55,7.33,7.54,5.75,650796
2020-03-20,7.61,6.99,8.24,6.45,590277
2020-03-23,6.99,6.0902,7.14,5.2,947345
2020-03-24,7.62,8.09,8.5,7.25,1334717
2020-03-25,11.5,10.57,11.6,8.6501,2716509
2020-03-26,11.31,13.83,13.9498,11.23,2764630
2020-03-27,12.5,11.12,12.62,11.0,2001459
2020-03-30,10.78,10.76,11.0,9.81,1121018
2020-03-31,10.5,9.97,11.03,9.85,691411
2020-04-01,8.56,8.36,8.98,8.06,866080
2020-04-02,8.37,8.33,9.095,8.0,653609
2020-04-03,8.39,8.32,8.745,8.14,364392
2020-04-06,9.54,10.36,10.55,9.5111,1332572
2020-04-07,12.09,9.92,12.22,9.8201,1528636
2020-04-08,10.45,11.09,11.46,10.2501,1095900
2020-04-09,12.05,12.13,12.78,11.8,1347370
2020-04-13,12.13,11.05,12.13,10.63,1068337
2020-04-14,11.92,11.59,12.1699,11.14,905304
2020-04-15,11.13,10.84,11.13,9.95,1176485
2020-04-16,10.76,10.32,10.8159,10.01,833717
2020-04-17,11.9,12.35,12.465,11.5,1491087
2020-04-20,11.63,11.27,12.11,11.25,908441
2020-04-21,10.64,10.15,10.9699,9.985,1165238
2020-04-22,10.86,10.41,10.8692,10.35,532664
2020-04-23,10.68,10.51,11.16,10.45,921559
2020-04-24,10.65,10.35,10.67,9.9089,1064906
2020-04-27,10.63,10.81,10.9755,10.26,1105791
2020-04-28,11.45,11.45,11.88,10.95,1142626
2020-04-29,12.3,12.67,13.1373,11.91,2018478
2020-04-30,12.55,11.83,12.67,11.35,1366362
2020-05-01,11.25,10.6,11.4,10.28,1186023
2020-05-04,10.02,9.98,10.06,9.4,1794268
2020-05-05,10.5,9.9501,10.5833,9.9,1012410
2020-05-06,10.05,9.33,10.15,9.28,1055608
2020-05-07,9.64,9.64,10.035,9.46,1245004
2020-05-08,10.0,10.76,10.82,10.0,1391761
2020-05-11,10.48,10.29,10.52,10.06,992146
2020-05-12,10.43,9.57,10.55,9.565,1178442
2020-05-13,9.5,8.72,9.54,8.45,1706802
2020-05-14,8.28,8.63,8.63,7.65,1745759
2020-05-15,8.27,8.5001,8.69,8.18,979742
2020-05-18,9.5,10.46,10.62,9.5,2108036
2020-05-19,10.4,9.98,10.7699,9.95,1609129
2020-05-20,10.53,10.16,10.63,10.1423,1396530
2020-05-21,10.43,10.81,11.06,10.28,1705367
2020-05-22,11.0,10.76,11.13,10.4328,965808
2020-05-26,12.03,12.05,12.41,11.85,2088120
2020-05-27,13.09,13.88,13.91,12.54,3527973
2020-05-28,15.01,13.73,15.02,13.65,4439889
2020-05-29,13.22,13.21,13.53,12.63,2514355
2020-06-01,13.42,13.65,14.07,13.35,2555596
2020-06-02,13.93,13.67,13.97,13.4301,1715477
2020-06-03,14.15,15.94,16.02,14.14,3260866
2020-06-04,16.33,16.7,17.08,15.93,3969196
2020-06-05,19.4,19.09,20.44,18.65,4358191
2020-06-08,21.29,21.21,21.48,20.51,4363649
2020-06-09,20.0,19.06,20.13,18.77,3291072
2020-06-10,18.67,17.21,18.67,16.72,3965623
2020-06-11,13.94,12.89,15.25,12.69,4718725
2020-06-12,15.0,14.07,15.03,13.0,4324561
2020-06-15,12.8,14.44,14.74,12.28,3071662
2020-06-16,16.39,15.13,16.48,14.5,3754439
2020-06-17,15.14,14.6,15.41,14.44,1683252
2020-06-18,14.2,14.37,14.87,13.9501,1955136
2020-06-19,14.92,13.53,15.06,13.29,2660412
2020-06-22,13.35,13.76979,13.83,12.9,2099950
2020-06-23,13.93,13.36,14.04,13.0954,2088593
2020-06-24,13.0,11.59,13.06,11.351,3606231
2020-06-25,11.0,11.72,11.74,10.82,2256931
2020-06-26,11.46,11.04,11.6625,10.8437,2744685
2020-06-29,11.75,12.95,12.95,11.4501,3683338
2020-06-30,12.43,12.33,12.51,11.855,2513425
2020-07-01,12.54,12.0,13.07,11.91,2555068
2020-07-02,12.72,12.1,12.9848,12.02,3105225
2020-07-06,12.75,12.69,12.92,12.1201,3372854
2020-07-07,12.3,11.37,12.3968,11.34,3430177
2020-07-08,11.57,11.41,11.69,11.02,2149845
2020-07-09,11.4,10.13,11.42,10.1,4623686
2020-07-10,10.05,10.79,10.8,10.0,2182855
2020-07-13,11.16,10.55,11.5,10.46,3372841
2020-07-14,10.5,11.07,11.1,10.22,3901373
2020-07-15,11.8,12.25,12.375,11.761,4679931
2020-07-16,11.96,11.88,12.14,11.55,2920316
2020-07-17,12.02,11.9,12.155,11.635,1751853
2020-07-20,11.82,11.46,11.82,11.225,2067959
2020-07-21,11.91,12.14,12.48,11.85,3566221
2020-07-22,12.0,12.65,12.67,11.85,2155571
2020-07-23,12.62,12.27,12.99,12.09,3565000
2020-07-24,12.21,11.74,12.5601,11.64,2886161
2020-07-27,11.81,11.28,11.84,11.1341,2239152
2020-07-28,11.29,11.4,11.72,11.16,2187538
2020-07-29,11.57,11.12,11.5722,10.7632,3301499
2020-07-30,10.72,10.77,11.0,10.47,2688676
2020-07-31,10.8,10.38,10.81,9.98,3333928
2020-08-03,10.38,10.83,10.89,9.9107,2895079
2020-08-04,10.78,11.07,11.2401,10.78,1748718
2020-08-05,11.28,12.23,12.24,11.25,3184752
2020-08-06,12.17,12.05,12.25,11.83,2535755
2020-08-07,11.84,12.26,12.2602,11.77,2455384
2020-08-10,12.43,13.43,13.45,12.43,3351560
2020-08-11,14.21,13.65,14.71,13.54,5333836
2020-08-12,14.31,13.36,14.33,12.98,3196300
2020-08-13,13.12,13.13,13.61,12.8,1976425
2020-08-14,13.0,13.49,13.7,12.76,1721013
2020-08-17,13.64,12.8,13.64,12.7269,2520900
2020-08-18,12.7,12.39,12.85,12.33,2025684
2020-08-19,12.46,12.36,12.84,12.26,1866415
2020-08-20,12.07,12.07,12.17,11.79,1979935
2020-08-21,11.93,11.82,12.13,11.78,1822737
2020-08-24,12.16,12.96,12.96,11.83,3103175
2020-08-25,13.1,12.63,13.16,12.2758,2710024
2020-08-26,12.5,12.29,12.6,12.1,2160572
2020-08-27,12.56,12.58,13.15,12.45,3193657
2020-08-28,12.85,12.89,12.94,12.54,2073042
2020-08-31,12.75,12.38,12.95,12.29,2056395
2020-09-01,12.3,12.42,12.6,12.02,2183181
2020-09-02,12.46,13.15,13.19,12.33,3128354
2020-09-03,12.99,12.28,13.7059,12.01,5461007
2020-09-04,12.48,12.28,12.89,11.68,5046433
2020-09-08,11.76,11.23,11.9,11.22,3554865
2020-09-09,11.6,11.33,11.6,10.92,2986823
2020-09-10,11.45,10.84,11.8933,10.775,3961056
2020-09-11,10.99,11.42,11.57,10.87,4103263
2020-09-14,11.61,12.03,12.13,11.45,2769797
2020-09-15,12.21,11.75,12.29,11.645,2402702
2020-09-16,11.7,12.41,12.86,11.51,3469159
2020-09-17,11.91,12.47,12.7,11.644,3837121
2020-09-18,12.45,11.94,12.7497,11.85,2856998
2020-09-21,11.34,10.68962,11.47,10.5113,4751226
2020-09-22,10.84,10.98,11.18,10.59,2143875
2020-09-23,11.04,10.15,11.44,10.105,4227837
2020-09-24,10.06,9.86,10.295,9.5,5640691
2020-09-25,9.8,10.45,10.515,9.69,3457845
2020-09-28,10.98,11.14,11.45,10.86,3994133
2020-09-29,11.02,10.73,11.12,10.64,2506295
2020-09-30,10.8,10.4,11.12,10.16,4028945
2020-10-01,10.68,10.57,11.055,10.325,3481402
2020-10-02,9.95,10.9,11.0,9.91,4435739
2020-10-05,10.99,11.17,11.39,10.985,2673278
2020-10-06,11.29,10.6,11.54,10.56,4530525
2020-10-07,10.98,11.24,11.36,10.98,2842916
2020-10-08,11.43,11.8,11.805,11.185,2845697
2020-10-09,11.96,11.55,12.0399,11.53,2803503
2020-10-12,11.7,11.7,11.81,11.4,2106137
2020-10-13,11.54,11.24,11.54,11.0161,2884749
2020-10-14,11.29,11.44,11.757,11.25,3542884
2020-10-15,11.12,11.57,11.57,10.97,3193514
2020-10-16,11.9,11.86,12.09,11.765,3107725
2020-10-19,11.9,11.58,12.24,11.41,2618432
2020-10-20,11.69,11.35,11.85,11.23,3240647
2020-10-21,11.3,10.83,11.37,10.805,3817867
2020-10-22,10.94,11.45,11.52,10.92,3008022
2020-10-23,11.57,11.63,11.76,11.41,2347159
2020-10-26,11.21,10.72,11.26,10.4,3249340
2020-10-27,10.75,9.72,10.75,9.71,3986184
2020-10-28,9.3,8.61,9.47,8.575,5386827
2020-10-29,8.79,8.88,9.0399,8.51,3426646
2020-10-30,8.7,8.89,9.046,8.42,3871782
2020-11-02,9.1,9.56,9.65,8.95,3469899
2020-11-03,9.93,10.47,10.6189,9.91,4726099
2020-11-04,10.55,10.46,11.16,10.21,7382092
2020-11-05,10.73,10.79,11.09,10.62,3438870
2020-11-06,10.71,10.78,10.91,10.545,3168162
2020-11-09,12.84,13.05,13.5499,12.59,12407362
2020-11-10,13.41,14.3,14.42,13.4,7544811
2020-11-11,14.7,13.54,14.7037,13.28,3551883
2020-11-12,12.88,13.03,13.5,12.74,4291719
2020-11-13,13.33,14.3,14.35,13.33,4150835
2020-11-16,15.36,15.56,15.691,14.93,5283926
2020-11-17,14.82,15.85,16.0502,14.8035,4675323
2020-11-18,16.68,15.73,16.69,15.7033,5668133
2020-11-19,15.43,15.98,16.0,15.12,3968401
2020-11-20,15.77,15.09,15.9499,14.965,3550432
2020-11-23,15.48,16.32,16.51,15.48,4253806
2020-11-24,17.18,17.48,17.66,17.01,5582841
2020-11-25,17.18,17.15,17.485,16.63,3588860
2020-11-27,17.33,16.8,17.33,16.63,1584650
2020-11-30,16.68,15.66,16.74,15.39,3875695
2020-12-01,16.2,16.0,16.6,15.96,2458385
2020-12-02,15.75,16.49,16.65,15.53,2718122
2020-12-03,16.79,17.32,17.86,16.5792,4733436
2020-12-04,17.58,17.86,17.97,17.46,3619568
2020-12-07,17.93,17.79,18.04,17.57,2040803
2020-12-08,17.65,18.11,18.1754,17.56,1428852
2020-12-09,18.53,17.76,18.53,17.23,2701360
2020-12-10,17.23,17.65,17.939,17.161,1360593
2020-12-11,17.42,17.64,17.89,17.14,2504897
2020-12-14,18.09,16.86,18.09,16.84,1621107
2020-12-15,17.2,17.37,17.53,16.61,1442674
2020-12-16,17.4,16.71,17.425,16.5785,1577261
2020-12-17,16.86,16.45,16.98,16.3808,1313335
2020-12-18,16.49,16.57,16.73,16.2299,1254583
2020-12-21,15.5,16.2888,16.45,15.34,2465382
2020-12-22,16.48,16.08,16.5001,15.98,1235327
2020-12-23,16.28,16.95,17.25,16.26,1855343
2020-12-24,16.99,16.63,17.06,16.35,637364
2020-12-28,16.99,16.71,17.14,16.625,1290716
2020-12-29,16.95,16.43,17.1,16.121,1228013
2020-12-30,16.5,16.95,17.1534,16.4758,1260427
2020-12-31,16.89,16.91,17.01,16.62,1037694
2021-01-04,16.6,14.78,16.83,14.56,3712813
2021-01-05,14.84,15.77,16.0299,14.83,1707830
2021-01-06,15.54,16.28,16.85,15.54,2252940
2021-01-07,16.7,16.21,16.72,16.13,1674588
2021-01-08,16.26,16.02,16.3699,15.435,1703617
2021-01-11,15.14,16.05,16.0959,15.12,1395774
2021-01-12,16.06,16.85,16.895,15.89,1763011
2021-01-13,16.72,16.69,16.86,16.28,991318
2021-01-14,16.97,17.56,18.14,16.97,2488147
2021-01-15,17.37,16.47,17.41,16.36,1646078
2021-01-19,17.0,17.02,17.3,16.78,1465740
2021-01-20,17.27,17.01,17.43,16.95,1116004
2021-01-21,17.0,16.26,17.01,16.11,1644916
2021-01-22,16.06,16.28,16.41,15.78,1119345
2021-01-25,16.07,15.9,16.37,15.38,2319866
2021-01-26,16.2,15.39,16.84,15.36,2114892
2021-01-27,14.99,14.23,15.24,13.98,3703268
2021-01-28,14.53,14.68,15.16,14.52,1826539
2021-01-29,14.61,13.81,14.69,13.68,2682797
2021-02-01,14.11,14.53,14.67,13.83,1213817
2021-02-02,15.0,15.75,15.891,15.0,2328217
2021-02-03,15.81,16.45,16.48,15.55,2094474
2021-02-04,16.5,17.37,17.3919,16.5,1828254
2021-02-05,17.7,17.19,17.9006,17.09,1453211
2021-02-08,17.49,17.93,17.93,17.31,1401756
2021-02-09,17.68,18.41,18.58,17.435,1607628
2021-02-10,18.65,18.05,18.68,17.78,1194399
2021-02-11,18.1,18.38,18.73,17.66,1337109
2021-02-12,18.12,18.22,18.41,17.9101,969312
2021-02-16,18.5,18.08,18.57,17.92,1560425
2021-02-17,18.0,18.28,18.31,17.4529,1204616
2021-02-18,17.74,17.6,17.91,17.33,1168588
2021-02-19,17.83,18.76,18.77,17.82,1480356
2021-02-22,18.1,18.24,19.095,17.9,1536324
2021-02-23,18.02,18.28,18.42,17.1252,1903868
2021-02-24,18.27,20.03,20.3,18.21,2399572
2021-02-25,20.22,17.74,20.39,17.415,2879294
2021-02-26,18.07,16.79,18.07,16.54,2256632
2021-03-01,17.66,18.47,18.7299,17.66,2052728
2021-03-02,18.47,18.28,18.68,18.08,1850539
2021-03-03,18.35,18.45,19.45,18.35,2704309
2021-03-04,18.58,17.4,19.17,16.285,4521582
2021-03-05,17.95,18.0,18.12,15.82,2871735
2021-03-08,18.35,18.21,19.15,18.16,3515294
2021-03-09,18.54,18.28,19.04,18.04,1626416
2021-03-10,18.67,19.78,20.0911,18.5199,2779401
2021-03-11,20.35,20.59,21.16,19.81,2418170
2021-03-12,20.54,22.34,22.37,20.54,3084592
2021-03-15,22.98,22.65,23.44,21.96,3636481
2021-03-16,22.31,21.24,22.48,21.05,2848296
2021-03-17,21.0,22.42,22.42,21.0,2277132
2021-03-18,22.28,21.34,22.945,21.14,2224474
2021-03-19,21.53,21.21,21.6272,20.01,2369278
2021-03-22,21.36,20.73722,21.43,20.46,1937714
2021-03-23,20.43,19.1,20.68,18.85,2884835
2021-03-24,19.44,19.02,20.65,19.01,3303989
2021-03-25,18.57,20.35,20.42,17.97,3349454
2021-03-26,20.59,20.56,20.785,19.615,2020226
2021-03-29,20.82,20.87,21.55,20.6,2515590
2021-03-30,20.86,21.21,21.39,20.58,1711802
2021-03-31,21.37,21.42,21.792,21.21,1387000
2021-04-01,21.59,21.62,21.83,21.33,1509237
2021-04-05,22.0,22.55,22.69,22.0,1629465
2021-04-06,22.36,22.26,22.63,22.17,1296110
2021-04-07,22.18,21.96,22.41,21.59,1009022
2021-04-08,22.05,22.44,22.44,21.4699,1180442
2021-04-09,22.18,22.44,22.45,21.9,917543
2021-04-12,22.33,22.56,22.59,21.87,872207
2021-04-13,22.17,22.34,22.56,21.6,1524968
2021-04-14,22.43,22.6,23.24,22.4121,1468837
2021-04-15,22.81,22.53,22.87,22.12,1034637
2021-04-16,22.56,22.53,22.88,22.02,1206493
2021-04-19,22.35,22.1,22.39,21.69,1272821
2021-04-20,21.75,20.8,21.75,20.22,1817097
2021-04-21,20.59,21.62,21.65,20.3,1158280
2021-04-22,21.71,21.34,22.31,21.21,1667484
2021-04-23,21.45,22.13,22.19,21.32,995726
2021-04-26,22.31,22.45,22.86,22.31,1106350
2021-04-27,22.68,22.8,23.06,22.22,1238575
2021-04-28,22.51,22.47,22.605,22.04,1291670
2021-04-29,22.84,22.96,23.12,22.41,1274733
2021-04-30,22.55,22.74,23.15,22.36,1249860
2021-05-03,23.01,23.03,23.3,22.62,1167969
2021-05-04,22.77,22.67,23.15,21.71,2056056
2021-05-05,22.6,22.02,22.395,21.71,496672
2021-05-06,22.12,22.46,22.47,21.64,1371031
2021-05-07,22.37,23.47,23.6,22.145,1471327
2021-05-10,23.67,22.81,24.1399,22.73,1996494
2021-05-11,21.6,21.99,22.42,21.09,2680912
2021-05-12,21.62,20.1,22.15,20.06,1943160
2021-05-13,20.42,21.01,21.4301,20.35,1956186
2021-05-14,21.49,22.32,22.41,21.36,1505537
2021-05-17,22.05,22.27,22.3646,21.49,1523481
2021-05-18,22.1835,21.47,22.4599,21.46,1077070
2021-05-19,20.8,21.15,21.15,20.1,2035220
2021-05-20,21.25,21.79,21.94,21.04,970288
2021-05-21,22.2,22.31,22.97,22.095,1326863
2021-05-24,22.64,23.0,23.21,22.44,1182681
2021-05-25,23.27,23.0,23.6799,22.83,1220161
2021-05-26,23.03,23.33,23.33,22.88,984676
2021-05-27,24.04,25.21,25.285,24.01,1901695
2021-05-28,25.15,25.02,25.219,24.64,1003632
2021-06-01,25.78,25.79,25.97,25.5,1312856
2021-06-02,26.0,25.89,26.13,25.53,909582
2021-06-03,25.48,25.51,25.85,25.01,871337
2021-06-04,25.89,26.1,26.215,25.72,713142
2021-06-07,26.29,26.29,26.34,25.73,876578
2021-06-08,26.73,26.8,26.965,26.11,1086836
2021-06-09,26.84,25.84,26.84,25.805,961258
2021-06-10,26.34,25.72,26.75,25.675,884942
2021-06-11,26.0,26.02,26.2485,25.54,513049
2021-06-14,25.93,25.76,26.12,25.435,641971
2021-06-15,25.9,26.16,26.39,25.77,741906
2021-06-16,26.02,25.4,26.26,25.21,932800
2021-06-17,25.32,24.46,25.58,23.8384,1264148
2021-06-18,23.88,23.65,24.23,23.48,897900
2021-06-21,23.92,25.39,25.4,23.92,1063675
2021-06-22,25.31,25.2,25.45,24.5,750528
2021-06-23,25.26,24.99,25.4199,24.93,708060
2021-06-24,25.43,25.78,25.8,24.94,692721
2021-06-25,26.0,26.24,26.46,25.86,1070279
2021-06-28,26.05,24.8,26.05,24.4489,1418602
2021-06-29,25.19,23.8,25.4,23.78,1110051
2021-06-30,23.84,24.47,24.74,23.7201,1103438
2021-07-01,24.68,24.82,24.9,24.43,772753
2021-07-02,25.1,24.79,25.24,24.32,777748
2021-07-06,24.68,24.16,24.7,23.4,1179329
2021-07-07,24.01,24.11,24.405,23.29,983485
2021-07-08,22.88,24.03,24.11,22.79,1712943
2021-07-09,24.64,24.95,24.975,24.5,1005063
2021-07-12,24.63,24.35,24.69,24.0,865768
2021-07-13,23.8,23.21,23.96,23.2,906400
2021-07-14,23.43,22.49,23.66,22.3,963778
2021-07-15,22.12,22.21,22.75,21.73,921118
2021-07-16,22.59,21.45,22.6408,21.3201,719198
2021-07-19,20.26,19.52,20.26,18.89,2281666
2021-07-20,19.92,21.84,21.96,19.55,1377932
2021-07-21,22.14,22.91,23.16,22.0801,1283782
2021-07-22,22.73,22.33,22.73,22.001,698609
2021-07-23,22.76,22.51,22.92,22.32,607093
2021-07-26,22.14,22.86,22.89,22.14,738220
2021-07-27,22.84,23.01,23.38,22.595,978959
2021-07-28,24.1,23.7,24.54,23.3813,1333126
2021-07-29,24.17,23.93,24.46,23.75,809958
2021-07-30,23.53,23.14,23.83,22.87,767414
2021-08-02,23.4,22.95,24.39,22.86,1055300
2021-08-03,23.11,23.54,23.5495,21.9,933284
2021-08-04,22.8,22.06,22.96,21.975,1758633
2021-08-05,22.23,22.79,23.16,22.19,1101670
2021-08-06,23.2,23.41,23.6996,23.2,621905
2021-08-09,23.11,23.06,23.36,22.57,617749
2021-08-10,23.09,23.48,23.69,22.9,559809
2021-08-11,23.61,24.15,24.15,23.1,583134
2021-08-12,24.12,23.63,24.23,23.315,644359
2021-08-13,23.61,22.89,23.745,22.81,473899
2021-08-16,22.5,22.57,22.77,21.79,770048
2021-08-17,22.04,21.87,22.3,21.27,1000364
2021-08-18,21.76,21.2,22.08,21.179,734702
2021-08-19,20.64,20.07,21.14,19.85,1706310
2021-08-20,20.07,20.61,20.78,19.96,643390
2021-08-23,21.06,21.43,21.635,21.02,651180
2021-08-24,21.56,21.87,22.17,21.56,609623
2021-08-25,21.93,21.96,22.27,21.5,766372
2021-08-26,21.92,21.3,21.99,21.18,682140
2021-08-27,21.54,22.11,22.2899,21.5149,829127
2021-08-30,22.25,21.59,22.27,21.57,974786
2021-08-31,21.57,21.69,21.94,21.48,542361
2021-09-01,21.87,21.37,21.88,21.24,645837
2021-09-02,21.48,21.79,22.19,21.44,765275
2021-09-03,21.6,21.13,21.67,20.9766,644609
2021-09-07,21.0,20.35,21.0,20.15,1083692
2021-09-08,20.32,20.15,20.6101,19.83,841148
2021-09-09,20.18,20.35,20.8706,20.01,786926
2021-09-10,20.66,19.73,20.75,19.7,988085
2021-09-13,20.1,20.18,20.53,19.63,1069485
2021-09-14,20.38,19.56,20.42,19.35,1326303
2021-09-15,19.63,20.22,20.27,19.361,812850
2021-09-16,20.22,19.6,20.52,19.55,801333
2021-09-17,19.51,19.51,19.76,19.11,1045131
2021-09-20,18.54,19.15,19.28,18.3,1360096
2021-09-21,19.29,18.68,19.385,18.49,942114
2021-09-22,19.06,19.98,20.26,19.06,1304634
2021-09-23,20.18,21.04,21.31,20.15,1085490
2021-09-24,20.7,21.24,21.44,20.63,826949
2021-09-27,21.46,21.99,22.42,21.44,1662932
2021-09-28,21.74,21.12,22.15,20.92,1110331
2021-09-29,21.7,21.48,22.1,21.42,1299443
2021-09-30,21.8,20.56,21.82,20.52,1115582
2021-10-01,21.0565,21.73,21.98,20.58,1132929
2021-10-04,21.61,21.33,22.05,20.785,1204533
2021-10-05,21.48,21.69,22.0699,21.11,833255
2021-10-06,21.14,22.02,22.03,20.591,962989
2021-10-07,22.41,22.7,23.03,22.4,1320876
2021-10-08,22.68,22.68,22.99,22.47,640695
2021-10-11,22.69,22.63,23.69,22.53,1018969
2021-10-12,22.71,22.57,23.295,22.41,650743
2021-10-13,22.62,22.42,22.63,21.52,749276
2021-10-14,22.75,22.42,22.83,22.18,738158
2021-10-15,22.65,22.77,23.15,22.65,790005
2021-10-18,22.29,22.61,22.7799,21.93,777577
2021-10-19,22.86,22.93,22.95,22.38,518631
2021-10-20,22.78,23.07,23.34,22.5,772409
2021-10-21,22.95,23.11,23.16,22.6,464342
2021-10-22,23.13,23.04,23.545,22.74,522282
2021-10-25,23.15,22.87,23.2,22.66,428404
2021-10-26,21.9,21.33,22.24,20.97,2076498
2021-10-27,21.57,20.62,21.62,20.6,1136900
2021-10-28,20.74,20.53,20.81,20.2,1102579
2021-10-29,20.32,20.59,20.8,20.24,660536
2021-11-01,20.76,21.12,21.14,20.48,1086277
2021-11-02,21.01,20.69,21.09,20.36,848925
2021-11-03,20.51,21.15,21.18,20.26,863147
2021-11-04,21.11,21.03,21.49,20.885,877429
2021-11-05,21.81,23.24,23.255,21.69,2263936
2021-11-08,23.6,22.95,23.6,22.68,1248537
2021-11-09,22.78,23.06,23.08,22.42,837001
2021-11-10,22.78,22.33,23.5387,22.17,958775
2021-11-11,22.49,21.78,22.49,21.72,812946
2021-11-12,21.89,21.9,22.2,21.69,597187
2021-11-15,22.54,22.82,22.8761,22.391,1168933
2021-11-16,23.18,21.89,23.32,21.86,1086660
2021-11-17,22.06,21.78,22.3,21.425,830884
2021-11-18,22.01,21.67,22.18,21.14,933284
2021-11-19,21.29,20.25,21.2902,20.17,1707531
2021-11-22,20.6,20.45,20.975,20.23,1079798
2021-11-23,20.68,20.42,20.91,20.14,952625
2021-11-24,20.21,20.41,20.535,20.07,713213
2021-11-26,18.59,17.83,18.59,16.91,3368233
2021-11-29,18.525,17.8,18.54,17.28,1352475
2021-11-30,17.3,16.77,17.5075,16.4808,2455547
2021-12-01,17.37,15.42,17.51,15.39,2514878
2021-12-02,16.2,17.17,17.2999,15.8601,2650926
2021-12-03,17.06,16.8,17.17,16.26,2263385
2021-12-06,17.2,18.12,18.46,17.2,2523607
2021-12-07,18.64,18.53,19.05,18.3414,1748516
2021-12-08,18.82,18.7713,19.4276,18.72,1783769
2021-12-09,18.4,18.34,18.5078,18.06,1258664
2021-12-10,18.67,18.23,18.7097,17.98,1028769
2021-12-13,17.92,17.28,18.06,16.92,1322793
2021-12-14,16.92,16.91,17.78,16.85,1685045
2021-12-15,16.95,17.19,17.27,16.16,1693446
2021-12-16,17.5,16.53,17.77,16.42,1427534
2021-12-17,16.45,16.6,17.06,15.915,1442451
2021-12-20,15.88,15.79833,16.0,15.1921,2204180
2021-12-21,16.1,17.63,17.6408,16.1,1890085
2021-12-22,17.49,17.8,17.99,17.451,1255507
2021-12-23,17.97,18.45,18.59,17.97,1084742
2021-12-27,18.29,18.61,18.63,17.9799,1313590
2021-12-28,18.46,18.91,19.355,18.42,1460019
2021-12-29,18.69,18.7,18.84,18.44,924630
2021-12-30,18.69,18.63,19.13,18.595,1002835
2021-12-31,18.54,18.71,18.86,18.4,1002692
2022-01-03,18.78,19.2,19.57,18.78,1846659
2022-01-04,19.59,20.57,20.6709,19.57,2654135
2022-01-05,20.7,19.97,21.25,19.915,2309174
2022-01-06,20.32,20.19,20.593,19.68,1558862
2022-01-07,20.39,20.65,21.2699,20.35,1239554
2022-01-10,20.53,20.12,20.72,19.555,1534925
2022-01-11,20.06,20.77,20.85,19.86,1066758
2022-01-12,20.92,20.82,21.375,20.68,857685
2022-01-13,21.18,21.1,21.86,20.87,1409248
2022-01-14,20.57,21.61,21.635,20.385,1344707
2022-01-18,21.12,20.79,21.37,20.535,1574325
2022-01-19,20.8,20.0,20.9817,19.95,1114986
2022-01-20,20.1,19.34,20.95,19.2899,1409043
2022-01-21,19.23,18.25,19.44,18.12,2019429
2022-01-24,17.16,18.63,18.71,16.29,2446187
2022-01-25,17.54,18.46,18.955,16.86,2011841
2022-01-26,18.81,17.51,18.9899,16.86,2472238
2022-01-27,17.86,16.47,18.32,16.17,2339532
2022-01-28,16.39,16.91,16.91,15.38,2468557
2022-01-31,16.56,17.54,17.57,16.36,1726767
2022-02-01,17.63,18.26,18.34,17.195,1281732
2022-02-02,18.07,18.57,18.69,17.67,1287007
2022-02-03,18.21,18.26,18.59,18.02,1081576
2022-02-04,17.95,18.28,18.75,17.53,1278752
2022-02-07,18.41,19.02,19.43,18.32,1433287
2022-02-08,18.96,19.7,19.78,18.7,1304840
2022-02-09,20.21,20.4,20.52,20.0,1497747
2022-02-10,19.78,19.98,21.17,19.63,1794439
2022-02-11,19.92,19.83,20.6,19.3,2217734
2022-02-14,19.85,19.14,20.07,18.8,2048301
2022-02-15,19.51,20.12,20.49,19.51,1350304
2022-02-16,19.96,20.76,20.94,19.93,1085127
2022-02-17,20.4,19.95,20.49,19.78,1039106
2022-02-18,19.74,19.23,20.35,19.13,1603324
2022-02-22,19.13,18.44,19.31,18.12,1438165
2022-02-23,18.98,17.78,19.21,17.695,1180354
2022-02-24,17.44,19.29,19.3897,16.55,2385532
2022-02-25,19.59,20.98,21.18,19.46,2022561
2022-02-28,21.37,23.48,23.52,21.1614,5514979
2022-03-01,23.37,22.73,23.59,22.16,2737534
2022-03-02,22.76,23.21,23.5,21.99,1951060
2022-03-03,23.42,22.18,23.52,21.74,1970692
2022-03-04,22.01,21.87,22.08,21.05,1617467
2022-03-07,22.16,20.56,22.9981,20.51,1893152
2022-03-08,20.51,19.31,21.14,19.29,1909083
2022-03-09,19.9,20.71,21.07,19.75,1874509
2022-03-10,20.16,20.64,21.31,20.05,1083479
2022-03-11,21.14,19.73,21.62,19.68,1237617
2022-03-14,19.95,19.47,20.19,18.8109,1385463
2022-03-15,19.89,20.48,20.59,19.54,1153623
2022-03-16,20.53,20.31,20.97,19.05,1595714
2022-03-17,20.2,21.25,21.25,20.2,1083640
2022-03-18,21.34,21.64,21.708,20.93,794834
2022-03-21,21.44,22.46,22.73,21.425,1150409
2022-03-22,22.66,23.32,23.525,22.28,1295272
2022-03-23,23.21,22.97,23.525,22.89,718436
2022-03-24,23.25,23.78,23.795,23.04,819371
2022-03-25,23.87,23.98,24.45,23.695,817237
2022-03-28,23.69,23.01,23.81,22.72,790434
2022-03-29,22.74,23.38,23.475,22.41,890290
2022-03-30,23.46,23.53,24.03,23.05,725638
2022-03-31,23.26,22.59,23.91,22.58,660818
2022-04-01,22.88,23.21,23.24,22.26,686439
2022-04-04,23.26,22.94,23.3,22.23,517480
2022-04-05,22.75,22.14,23.72,22.04,842473
2022-04-06,21.74,21.88,22.23,21.5731,817720
2022-04-07,21.74,22.81,22.99,21.53,804603
2022-04-08,22.93,21.91,23.19,21.79,863265
2022-04-11,22.0,22.11,22.98,21.9,842455
2022-04-12,22.28,22.46,23.22,22.15,725682
2022-04-13,22.73,23.08,23.4685,22.66,811977
2022-04-14,23.35,23.21,23.78,23.18,805265
2022-04-18,23.2,23.09,23.69,22.77,758776
2022-04-19,22.94,23.68,24.15,22.85,1084960
2022-04-20,23.98,23.65,24.24,23.33,733289
2022-04-21,24.24,21.55,24.3,21.3699,1038978
2022-04-22,21.35,20.95,22.11,20.9,936265
2022-04-25,20.54,20.62,20.72,19.26,1130918
2022-04-26,20.16,19.72,20.74,19.64,1001415
2022-04-27,19.53,19.29,19.9217,18.7,1227175
2022-04-28,19.6,19.59,19.92,18.61,885535
2022-04-29,19.6,17.95,19.9,17.78,961349
2022-05-02,17.82,17.89,18.47,16.93,1699784
2022-05-03,18.09,18.37,18.77,17.81,1453956
2022-05-04,18.47,19.84,19.915,18.25,1592004
2022-05-05,19.53,18.38,19.8,17.94,1558346
2022-05-06,18.1,18.04,18.19,17.21,1149974
2022-05-09,17.54,15.61,17.54,15.335,1257847
2022-05-10,16.04,15.69,16.5,15.3,1123115
2022-05-11,15.59,15.18,16.65,15.11,1238207
2022-05-12,15.04,14.87,15.49,14.06,1367699
2022-05-13,15.21,15.64,15.8215,15.06,1223366
2022-05-16,15.48,15.53,16.11,15.42,1153175
2022-05-17,16.16,16.63,16.75,15.97,967547
2022-05-18,16.19,15.39,16.55,15.19,981652
2022-05-19,15.01,14.83,15.4,14.4465,1290239
2022-05-20,15.15,14.4,15.2,13.5801,1728868
2022-05-23,14.81,15.23,15.36,14.53,1029344
2022-05-24,15.08,15.59,15.65,14.543,941554
2022-05-25,15.51,15.95,16.1,15.45,950104
2022-05-26,16.31,16.74,17.17,16.31,828598
2022-05-27,17.03,17.8,17.82,16.89,621061
2022-05-31,17.192,17.16,17.42,16.7591,857363
2022-06-01,17.44,17.1,17.71,16.425,720399
2022-06-02,17.35,18.13,18.13,16.98,919089
2022-06-03,17.68,18.06,18.2,17.6,621262
2022-06-06,18.5,18.32,18.64,18.065,523961
2022-06-07,17.95,19.57,19.595,17.94,604790
2022-06-08,19.14,18.47,19.4,18.4,535525
2022-06-09,18.21,17.35,18.28,17.321,573882
2022-06-10,16.56,16.21,16.71,15.92,1024099
2022-06-13,15.11,14.41,15.24,14.13,989818
2022-06-14,14.49,14.0,14.66,13.605,762939
2022-06-15,14.38,14.58,14.95,13.85,1707976
2022-06-16,13.84,13.1,14.07,12.92,1396278
2022-06-17,13.1,13.24,13.49,12.474,1352963
2022-06-21,13.88,14.31,14.44,13.64,785441
2022-06-22,13.75,14.12,14.61,13.56,769866
2022-06-23,14.13,13.79,14.28,13.27,941692
2022-06-24,14.17,15.09,15.1,14.06,912477
2022-06-27,15.24,15.19,15.38,14.7599,474431
2022-06-28,15.46,14.9,16.195,14.82,655902
2022-06-29,14.98,14.64,15.05,14.0997,612608
2022-06-30,14.21,15.42,15.5,14.12,1869208
2022-07-01,15.38,15.91,16.02,15.0113,832504
2022-07-05,15.15,14.41,15.24,13.47,1295029
2022-07-06,14.53,15.01,15.28,14.2,1039671
2022-07-07,15.2,15.37,15.61,15.18,749007
2022-07-08,15.37,15.41,15.645,15.13,478997
2022-07-11,15.07,15.03,15.35,14.74,402443
2022-07-12,14.91,15.09,15.58,14.84,526344
2022-07-13,14.5,14.4,15.06,14.36,660149
2022-07-14,13.75,13.92,13.97,13.4,722917
2022-07-15,14.4,14.3,14.43,13.93,582465
2022-07-18,14.77,13.78,14.99,13.65,624368
2022-07-19,13.72,15.26,15.3,13.7,908411
2022-07-20,15.28,15.83,15.96,15.03,594353
2022-07-21,15.66,15.98,15.985,15.27,422434
2022-07-22,16.01,15.55,16.27,15.42,485073
2022-07-25,15.66,15.8,16.1,15.35,324853
2022-07-26,15.56,15.07,15.64,14.99,435161
2022-07-27,15.45,15.41,15.64,14.92,713757
2022-07-28,15.45,16.41,16.435,15.2,713082
2022-07-29,16.26,17.36,17.42,16.22,471945
2022-08-01,17.41,17.78,17.975,17.39,803048
2022-08-02,17.69,17.75,18.3754,17.25,754179
2022-08-03,17.86,18.05,18.22,16.98,484280
2022-08-04,18.04,17.65,18.27,17.59,408140
2022-08-05,17.18,17.56,17.57,16.925,428384
2022-08-08,17.78,17.31,18.06,17.07,413216
2022-08-09,17.37,17.39,17.59,17.19,268294
2022-08-10,18.03,18.39,18.56,17.89,657674
2022-08-11,18.69,18.27,18.93,18.09,316053
2022-08-12,18.46,19.28,19.32,18.29,385353
2022-08-15,19.0,19.74,19.8899,18.86,394621
2022-08-16,19.6,19.84,20.04,19.545,332022
2022-08-17,19.21,19.5,19.74,19.0791,386893
2022-08-18,19.5,19.62,19.7493,19.39,299986
2022-08-19,19.26,18.78,19.38,18.62,402181
2022-08-22,18.2,17.59,18.305,17.51,485648
2022-08-23,17.56,17.66,17.96,17.44,307513
2022-08-24,17.89,18.17,18.27,17.89,212130
2022-08-25,18.38,19.31,19.31,18.3,249101
2022-08-26,19.41,17.67,19.53,17.63,430585
2022-08-29,17.22,17.38,17.77,16.89,292217
2022-08-30,17.52,16.6,17.59,16.35,522279
2022-08-31,16.7,16.11,16.83,16.07,394783
2022-09-01,15.85,15.57,15.85,15.1,479493
2022-09-02,16.05,15.28,16.2333,15.1397,513362
2022-09-06,15.38,15.26,15.68,15.06,605125
2022-09-07,15.07,16.04,16.11,14.89,578128
2022-09-08,15.79,16.11,16.13,15.5,417445
2022-09-09,16.32,16.7,16.81,16.18,313678
2022-09-12,16.89,16.83,17.01,16.5,341549
2022-09-13,15.88,14.7,16.24,14.515,771885
2022-09-14,14.79,15.41,15.63,14.29,356022
2022-09-15,15.19,15.0,15.51,14.81,264982
2022-09-16,14.45,14.5,14.63,14.07,661358
2022-09-19,14.2,14.73002,14.93,14.2,430010
2022-09-20,14.52,14.66,14.83,14.15,333859
2022-09-21,15.29,14.23,15.69,14.21,1174907
2022-09-22,14.2,13.76,14.2,13.4899,724998
2022-09-23,13.46,12.68,13.46,12.1621,1054576
2022-09-26,12.52,12.13,12.86,12.02,726900
2022-09-27,12.42,11.91,12.55,11.72,840882
2022-09-28,12.0,12.63,12.815,11.68,842336
2022-09-29,12.32,11.78,12.33,11.37,889757
2022-09-30,11.67,11.49,12.02,11.43,952848
2022-10-03,11.8,12.46,12.7406,11.671,1206979
2022-10-04,13.0,13.67,13.71,13.0,879355
2022-10-05,13.22,13.43,13.7434,12.94,530206
2022-10-06,13.2,13.17,13.63,13.02,609013
2022-10-07,12.8,12.96,12.98,12.48,670480
2022-10-10,13.27,13.31,13.8701,12.9529,969380
2022-10-11,13.19,13.27,13.9,12.9299,993613
2022-10-12,13.09,12.4,13.1705,12.36,765828
2022-10-13,11.72,13.13,13.2699,11.69,1382167
2022-10-14,13.36,12.0,13.36,11.9,1003103
2022-10-17,12.52,12.96,13.19,12.52,1014784
2022-10-18,13.6,14.53,14.73,13.56,1266508
2022-10-19,14.25,14.74,15.1605,14.25,816308
2022-10-20,14.78,14.67,15.13,14.47,597033
2022-10-21,14.65,15.62,15.685,14.39,731496
2022-10-24,16.04,16.16,16.42,15.8801,693779
2022-10-25,15.85,16.36,16.45,15.49,550466
2022-10-26,16.5,16.18,17.3411,16.05,1023561
2022-10-27,16.49,16.97,17.43,16.41,760277
2022-10-28,17.01,18.26,18.32,16.86,845419
2022-10-31,17.86,18.11,18.32,17.6002,612449
2022-11-01,18.48,18.21,18.57,18.02,551624
2022-11-02,18.01,17.43,18.9,17.395,921991
2022-11-03,16.93,17.71,18.21,16.86,556223
2022-11-04,18.07,18.03,18.3,16.96,801011
2022-11-07,18.25,18.81,18.9,18.05,517288
2022-11-08,19.06,19.29,19.47,18.58,714479
2022-11-09,19.06,18.88,19.62,18.81,630612
2022-11-10,20.15,20.76,20.865,19.73,958975
2022-11-11,20.13,18.65,20.19,18.48,862419
2022-11-14,18.59,18.02,18.96,17.99,565794
2022-11-15,18.5,18.85,19.2,18.0835,1205952
2022-11-16,18.72,18.48,18.86,18.29,574097
2022-11-17,17.95,18.7,18.73,17.83,403155
2022-11-18,19.13,19.19,19.53,18.97,649927
2022-11-21,18.96,19.44,19.67,18.94,368726
2022-11-22,19.75,19.63,19.95,19.5,313723
2022-11-23,19.7,19.77,19.98,19.52,285229
2022-11-25,19.89,20.1,20.13,19.81,167625
2022-11-28,19.76,19.1,19.93,18.92,353597
2022-11-29,19.07,19.22,19.56,19.07,154503
2022-11-30,19.35,20.16,20.16,18.74,479425
2022-12-01,20.3,20.28,20.45,19.74,390830
2022-12-02,19.66,21.36,21.45,19.53,698707
2022-12-05,20.88,20.68,21.1599,20.54,354509
2022-12-06,20.88,19.56,20.92,19.19,356063
2022-12-07,19.5,19.35,19.9386,19.25,362695
2022-12-08,19.8,19.7,20.4,19.52,337073
2022-12-09,19.59,19.14,20.09,19.135,316844
2022-12-12,19.28,19.94,19.96,19.28,245349
2022-12-13,21.25,19.86,21.25,19.66,306745
2022-12-14,20.0,20.08,20.6,19.715,300458
2022-12-15,19.76,18.92,19.8,18.46,383858
2022-12-16,18.74,19.17,19.29,18.38,256955
2022-12-19,19.27,18.74907,19.533,18.5804,222597
2022-12-20,18.68,19.21,19.5681,18.68,207380
2022-12-21,19.66,20.14,20.19,19.49,313747
2022-12-22,19.85,19.07,19.88,18.24,398650
2022-12-23,19.13,19.47,19.5,18.8033,201903
2022-12-27,19.57,19.6,20.07,19.48,235001
2022-12-28,19.68,19.19,19.91,19.13,231613
2022-12-29,19.38,19.82,19.9399,19.33,308098
2022-12-30,19.58,19.91,20.01,19.28,216127
2023-01-03,20.12,19.72,20.12,19.34,269050
2023-01-04,19.8023,20.07,20.42,19.58,315806
2023-01-05,19.72,19.94,20.08,19.53,225252
2023-01-06,20.18,20.83,21.47,20.09,728763
2023-01-09,21.05,19.67,21.05,19.385,381982
2023-01-10,19.58,19.97,20.1547,19.393,260492
2023-01-11,20.19,20.29,20.3699,19.8716,184562
2023-01-12,20.48,20.81,20.94,20.15,308419
2023-01-13,19.68,20.06,20.37,19.58,395254
2023-01-17,20.1,19.78,20.37,19.71,192047
2023-01-18,19.91,18.72,19.97,18.705,502894
2023-01-19,18.43,18.02,18.67,17.99,328050
2023-01-20,18.17,18.43,18.46,17.82,317316
2023-01-23,18.65,19.06,19.26,18.5,303472
2023-01-24,19.02,19.83,20.0,18.51,464951
2023-01-25,19.45,20.13,20.185,19.06,364288
2023-01-26,20.5,20.63,20.75,19.9384,398006
2023-01-27,20.55,20.69,21.15,20.41,370585
2023-01-30,20.56,20.34,21.0627,20.27,280243
2023-01-31,20.41,21.15,21.16,20.19,261789
2023-02-01,21.07,21.22,21.64,20.63,285610
2023-02-02,21.32,20.84,21.34,20.6,340264
2023-02-03,20.59,20.49,21.17,20.3491,217680
2023-02-06,20.39,20.88,21.02,20.38,190950
2023-02-07,20.95,21.41,21.53,20.19,279703
2023-02-08,21.08,21.21,21.44,20.93,93990
2023-02-09,21.47,20.84,21.63,20.67,268064
2023-02-10,20.71,21.56,21.62,20.71,223927
2023-02-13,21.93,22.0,22.18,21.49,412424
2023-02-14,21.9,22.47,22.66,21.6301,452365
2023-02-15,22.112,22.68,22.7,22.05,236044
2023-02-16,22.01,21.9,22.628,21.78,252456
2023-02-17,21.68,22.16,22.2124,21.4591,345254
2023-02-21,22.11,21.52,22.4149,21.41,291888
2023-02-22,21.53,21.74,22.07,21.5,277975
2023-02-23,21.95,21.78,22.285,21.211,248344
2023-02-24,21.21,21.4,21.45,20.98,197957
2023-02-27,21.77,21.47,22.06,21.29,167635
2023-02-28,21.47,20.99,21.54,20.9373,161147
2023-03-01,20.89,21.51,21.585,20.8,142531
2023-03-02,21.19,22.26,22.32,21.19,211153
2023-03-03,22.38,22.6,22.69,22.07,197747
2023-03-06,22.63,22.46,22.85,22.31,174682
2023-03-07,22.46,21.92,22.772,21.91,141616
2023-03-08,22.04,21.67,22.19,21.24,163094
2023-03-09,21.87,20.58,22.05,20.41,223804
2023-03-10,20.4,19.91,20.66,19.5,404791
2023-03-13,19.43,19.71,20.08,18.96,370556
2023-03-14,20.4,20.39,20.88,19.87,267144
2023-03-15,19.41,18.92,19.5,18.05,496966
2023-03-16,18.58,19.84,20.1515,18.38,263502
2023-03-17,19.52,18.49,19.78,18.35,400893
2023-03-20,18.83,19.31457,19.57,18.8,208652
2023-03-21,19.89,19.82,20.25,19.694,152652
2023-03-22,19.81,18.66,19.84,18.65,159580
2023-03-23,18.96,18.53,19.25,18.2,160716
2023-03-24,18.15,18.97,18.99,17.95,174302
2023-03-27,19.39,19.49,19.6,19.06,154731
2023-03-28,19.34,19.75,19.92,19.34,137516
2023-03-29,20.0,20.36,20.38,20.0,168829
2023-03-30,20.56,20.53,20.66,20.17,184330
2023-03-31,20.8,20.88,21.01,20.5999,163914
2023-04-03,20.85,21.84,21.99,20.85,274216
2023-04-04,21.69,21.15,21.87,20.68,211513
2023-04-05,20.84,20.57,21.14,20.4,131801
2023-04-06,20.61,20.47,20.8,20.1592,97955
2023-04-10,20.23,21.07,21.1,20.23,171932
2023-04-11,21.32,21.12,21.49,21.02,176116
2023-04-12,21.34,21.47,21.72,21.13,179426
2023-04-13,21.52,21.79,21.8299,21.11,160133
2023-04-14,20.87,20.66,20.8866,20.3,327656
2023-04-17,20.69,21.29,21.36,20.69,194890
2023-04-18,21.53,22.01,22.1,21.48,352967
2023-04-19,21.8,21.76,22.02,21.5701,203231
2023-04-20,21.32,21.4,21.64,21.145,166137
2023-04-21,21.58,20.96,21.58,20.7443,97238
2023-04-24,20.87,21.0,21.09,20.6699,114158
2023-04-25,20.67,20.23,20.73,19.97,150264
2023-04-26,20.34,18.99,20.34,18.86,258508
2023-04-27,19.15,19.78,19.85,18.955,194400
2023-04-28,19.67,20.0,20.0,19.5303,144006
2023-05-01,19.93,20.11,20.6906,19.93,153131
2023-05-02,20.23,19.82,20.23,19.3,143861
2023-05-03,19.81,19.15,19.99,19.09,117358
2023-05-04,19.06,18.27,19.06,17.65,342407
2023-05-05,18.59,18.78,18.88,18.37,148086
2023-05-08,18.95,18.47,19.08,18.37,137321
2023-05-09,18.64,19.07,19.2301,18.57,261642
2023-05-10,19.37,18.66,19.37,18.11,193818
2023-05-11,18.43,18.38,18.5,18.03,231428
2023-05-12,18.66,18.33,18.75,17.95,138899
2023-05-15,18.4,18.94,19.0,18.38,116817
2023-05-16,18.79,18.41,18.79,18.3832,115219
2023-05-17,18.72,19.33,19.5477,18.72,248175
2023-05-18,19.31,19.45,19.54,18.79,202426
2023-05-19,19.72,19.08,19.75,18.841,89532
2023-05-22,19.06,19.29,19.3499,18.778,83656
2023-05-23,19.12,18.23,19.12,18.2,211188
2023-05-24,18.05,17.66,18.05,17.58,257074
2023-05-25,17.66,17.27,17.66,16.89,306689
2023-05-26,17.38,17.57,17.91,17.38,224988
2023-05-30,17.72,17.48,17.83,17.23,181862
2023-05-31,17.39,17.08,17.39,16.82,193930
2023-06-01,17.2,17.78,17.9199,17.15,162543
2023-06-02,18.2,18.99,19.16,18.1514,303417
2023-06-05,18.99,18.99,18.93,18.41,129130
2023-06-06,18.52,19.04,19.1099,18.3301,281182
2023-06-07,19.11,20.0,20.01,18.87,257183
2023-06-08,19.82,20.44,20.69,19.82,223477
2023-06-09,20.46,20.25,20.51,19.96,136364
2023-06-12,20.25,20.62,20.77,20.1,194018
2023-06-13,20.67,20.57,21.0,20.3,187464
2023-06-14,20.61,19.94,20.61,19.73,159485
2023-06-15,19.87,20.54,20.64,19.87,213672
2023-06-16,20.82,20.62,21.29,20.3,221101
2023-06-20,20.43,20.204,20.67,20.07,122619
2023-06-21,20.08,20.77,20.9699,19.97,138253
2023-06-22,20.14,19.77,20.28,19.64,208109
2023-06-23,19.6,19.33,19.6,19.09,166652
2023-06-26,19.11,19.22,19.29,18.79,117226
2023-06-27,19.28,19.88,19.94,19.22,112846
2023-06-28,19.95,19.88,20.0,19.57,83726
2023-06-29,19.84,20.66,20.69,19.79,173395
2023-06-30,20.91,20.85,21.07,20.5,254931
2023-07-03,20.65,20.94,21.0699,20.461,74299
2023-07-05,20.55,20.86,20.9522,20.39,121785
2023-07-06,20.55,20.51,20.86,20.035,155003
2023-07-07,20.5,20.41,20.96,20.38,90745
2023-07-10,20.41,20.8,20.91,20.39,75709
2023-07-11,20.8,21.54,21.6155,20.63,214901
2023-07-12,22.033,21.17,22.05,21.08,225805
2023-07-13,21.2,21.19,21.4368,20.98,132342
2023-07-14,21.14,20.46,21.14,20.28,158192
2023-07-17,20.37,20.78,20.95,20.3,147473
2023-07-18,20.75,20.48,21.25,20.14,178080
2023-07-19,20.5,20.13,20.72,19.9,268708
2023-07-20,20.19,20.88,20.96,20.19,208086
2023-07-21,21.0,20.51,21.1018,20.48,101364
2023-07-24,20.51,20.82,20.86,20.5,85170
2023-07-25,19.02,19.51,19.54,18.0,1076535
2023-07-26,19.73,20.42,20.4234,19.7191,377662
2023-07-27,20.58,20.13,20.59,19.88,338347
2023-07-28,20.44,20.67,20.73,20.415,187602
2023-07-31,20.82,21.1,21.11,20.76,204524
2023-08-01,20.82,21.07,21.34,20.82,154392
2023-08-02,20.65,19.77,20.71,19.6784,287265
2023-08-03,19.71,19.68,19.83,19.45,145329
2023-08-04,19.96,19.93,20.44,19.84,124954
2023-08-07,20.16,20.84,20.9,20.14,170890
2023-08-08,20.52,20.5,20.67,20.29,115656
2023-08-09,20.84,20.87,21.21,20.63,148609
2023-08-10,21.04,20.58,21.27,20.4401,134652
2023-08-11,20.44,20.73,20.73,20.34,86741
2023-08-14,20.66,20.56,20.9,20.46,72128
2023-08-15,20.21,19.66,20.26,19.63,189283
2023-08-16,19.52,19.43,19.85,19.4,95493
2023-08-17,19.57,18.9,19.67,18.9,201796
2023-08-18,18.59,19.32,19.425,18.47,145713
2023-08-21,19.21,19.3,19.4397,19.1,63384
2023-08-22,19.36,19.56,19.6762,19.26,185291
2023-08-23,19.58,19.77,19.9,19.51,126392
2023-08-24,19.31,18.65,19.58,18.64,299733
2023-08-25,18.9,18.92,19.0612,18.17,322312
2023-08-28,19.04,19.6,19.68,19.04,135130
2023-08-29,19.4,19.72,19.875,19.21,160566
2023-08-30,19.78,20.27,20.54,19.74,243741
2023-08-31,20.35,19.94,20.5695,19.9302,189419
2023-09-01,20.23,20.12,20.38,19.91,87609
2023-09-05,19.99,19.25,20.02,19.23,131456
2023-09-06,19.14,18.5,19.33,18.36,255429
2023-09-07,18.4,18.48,18.62,18.13,258536
2023-09-08,18.4701,17.86,18.53,17.685,469610
2023-09-11,17.64,17.08,17.7,16.74,880548
2023-09-12,16.73,16.83,16.95,16.52,351059
2023-09-13,16.8,16.64,17.06,16.46,268436
2023-09-14,16.61,16.89,16.9,16.46,342761
2023-09-15,16.79,16.71,17.08,16.56,336239
2023-09-18,16.76,16.76935,17.21,16.65,169447
2023-09-19,16.78,16.5,16.84,16.23,184327
2023-09-20,16.78,16.3,16.94,16.26,176655
2023-09-21,16.03,15.43,16.06,15.39,395099
2023-09-22,15.45,15.0,15.48,14.975,279866
2023-09-25,14.91,15.18,15.1958,14.7,293217
2023-09-26,14.93,14.79,15.14,14.74,156127
2023-09-27,15.0,15.19,15.2499,14.76,258771
2023-09-28,15.13,14.95,15.39,14.9,217418
2023-09-29,15.19,14.97,15.24,14.79,251389
2023-10-02,14.87,14.47,15.01,14.285,237798
2023-10-03,14.33,14.16,14.69,14.0601,368864
2023-10-04,14.11,13.95,14.12,13.62,321886
2023-10-05,13.88,13.79,14.08,13.64,259006
2023-10-06,13.63,14.16,14.3708,13.3097,307146
2023-10-09,15.43,16.05,16.05,15.2,2529779
2023-10-10,16.48,16.34,16.52,16.0,1451553
2023-10-11,16.4,16.63,16.76,16.32,913046
2023-10-12,16.72,16.0,16.72,15.6295,820188
2023-10-13,16.05,15.93,16.189,15.75,778817
2023-10-16,16.26,16.25,16.34,15.7699,720227
2023-10-17,15.91,16.37,16.93,15.91,1047930
2023-10-18,16.48,16.21,16.78,16.1,762379
2023-10-19,16.14,15.73,16.44,15.66,1042152
2023-10-20,15.8,15.12,15.86,15.1,539586
2023-10-23,15.06,15.06,15.63,14.93,635547
2023-10-24,16.0,15.58,16.03,15.455,772767
2023-10-25,15.96,15.46,16.09,15.41,824450
2023-10-26,15.46,15.6,16.05,15.35,738039
2023-10-27,15.65,15.25,15.68,15.08,579667
2023-10-30,15.38,15.43,15.64,15.11,412632
2023-10-31,15.59,16.35,16.3899,15.48,481073
2023-11-01,16.64,16.66,16.8097,16.34,482397
2023-11-02,17.13,17.7,17.715,17.05,808982
2023-11-03,18.0,17.96,18.42,17.94,654484
2023-11-06,18.05,17.79,18.05,17.64,256924
2023-11-07,17.68,17.69,17.75,17.37,275775
2023-11-08,17.76,17.6,17.86,17.24,242315
2023-11-09,18.01,17.62,18.2799,17.3896,367436
2023-11-10,17.85,18.15,18.2,17.64,300820
2023-11-13,18.41,18.77,19.1,18.38,599646
2023-11-14,19.24,19.22,19.3497,18.99,436727
2023-11-15,19.28,19.2,19.6314,19.17,238110
2023-11-16,19.19,18.92,19.24,18.79,326948
2023-11-17,19.12,18.97,19.23,18.86,291937
2023-11-20,19.11,19.61,19.7299,19.11,379576
2023-11-21,19.5,19.65,19.73,19.42,183349
2023-11-22,19.65,20.03,20.0799,19.55,308846
2023-11-24,20.07,20.24,20.38,20.07,155840
2023-11-27,20.1,19.97,20.15,19.74,198345
2023-11-28,20.25,20.01,20.54,19.9601,356878
2023-11-29,20.19,19.94,20.2245,19.8202,288804
2023-11-30,20.09,20.97,20.98,20.09,415860
2023-12-01,20.93,21.69,21.77,20.91,460857
2023-12-04,21.32,22.17,22.185,21.23,301830
2023-12-05,21.93,21.59,22.0,21.51,226016
2023-12-06,21.69,21.79,22.235,21.65,234860
2023-12-07,21.89,21.67,22.0,21.07,322215
2023-12-08,21.65,22.13,22.2,21.65,230840
2023-12-11,22.09,22.78,22.81,22.09,387576
2023-12-12,22.74,22.97,23.23,22.6,284401
2023-12-13,23.13,23.95,24.14,22.94,468481
2023-12-14,24.2,23.53,24.29,22.86,529990
2023-12-15,23.37,23.54,23.76,23.24,354554
2023-12-18,23.45,23.69,23.91,23.45,184274
2023-12-19,23.91,24.38,24.52,23.91,287850
2023-12-20,24.13,23.10567,24.52,23.18,329828
2023-12-21,23.96,23.75,24.09,23.4025,259796
2023-12-22,23.94,24.16,24.45,23.8823,213153
2023-12-26,24.17,24.53,24.76,24.05,313531
2023-12-27,24.54,24.57,24.79,24.28,194537
2023-12-28,24.38,24.49,24.63,24.25,152786
2023-12-29,24.51,24.49,24.63,24.22,157261
2024-01-02,24.05,23.76,24.6,23.58,260656
2024-01-03,23.48,22.77,23.96,22.73,419739
2024-01-04,23.03,22.8,23.58,22.77,200512
2024-01-05,22.79,22.81,23.03,22.5,162934
2024-01-08,21.49,22.06,22.2,21.0403,513699
2024-01-09,21.58,21.55,21.6506,21.15,382923
2024-01-10,21.77,21.98,22.2,21.75,159029
2024-01-11,22.01,21.5,22.04,21.1263,341282
2024-01-12,21.74,21.95,21.98,21.59,217065
2024-01-16,21.45,20.29,21.45,20.0707,481953
2024-01-17,20.13,20.31,20.9074,20.0994,215580
2024-01-18,20.6,21.3,21.32,20.34,274857
2024-01-19,21.42,21.53,21.6,20.9399,238663
2024-01-22,21.65,21.77,21.96,21.51,250114
2024-01-23,22.26,21.88,22.89,21.72,387692
2024-01-24,22.06,21.99,22.58,21.9,295169
2024-01-25,21.71,21.43,21.75,20.82,448883
2024-01-26,21.61,21.63,22.03,21.339,188685
2024-01-29,21.76,21.78,21.8599,21.4,164492
2024-01-30,21.75,21.63,21.77,21.39,137237
2024-01-31,21.92,21.94,22.57,21.81,314764
2024-02-01,22.36,22.49,22.49,21.56,337645
2024-02-02,22.24,22.39,22.65,21.91,221891
2024-02-05,21.94,22.16,22.33,21.43,267867
2024-02-06,22.09,22.63,22.77,21.89,156085
2024-02-07,22.78,23.15,23.41,22.71,285485
2024-02-08,23.25,22.84,23.32,22.6099,176238
2024-02-09,22.91,22.91,23.06,22.66,151513
2024-02-12,22.94,23.08,23.37,22.88,155371
2024-02-13,22.57,22.55,22.8316,22.03,324869
2024-02-14,23.0,23.26,23.2886,22.78,271641
2024-02-15,23.41,23.73,23.855,23.33,175992
2024-02-16,23.68,23.39,23.8301,23.32,121325
2024-02-20,23.26,23.26,23.74,23.08,132904
2024-02-21,23.24,23.3,23.46,22.9801,141978
2024-02-22,23.44,23.57,23.67,23.12,149196
2024-02-23,23.56,23.79,23.92,23.39,113886
2024-02-26,23.88,23.66,24.06,23.65,115741
2024-02-27,23.67,23.77,23.77,23.35,117691
2024-02-28,23.73,24.68,24.98,23.68,347067
2024-02-29,24.8,24.5,24.8739,24.14,208847
2024-03-01,24.49,24.54,24.66,24.11,254110
2024-03-04,24.58,25.08,25.2299,24.55,251983
2024-03-05,25.1,25.01,25.703,24.745,197096
2024-03-06,25.23,25.5,25.7,25.09,181663
2024-03-07,25.65,25.64,25.85,25.3917,134516
2024-03-08,25.65,25.19,25.91,24.92,161510
2024-03-11,25.03,24.46,25.03,24.13,171511
2024-03-12,24.16,23.89,24.16,23.42,229673
2024-03-13,23.76,23.92,24.15,23.6414,115897
2024-03-14,24.09,23.75,24.4,23.4,223069
2024-03-15,23.5,24.08,24.23,23.5,163786
2024-03-18,24.05,23.88881,24.15,23.6,120852
2024-03-19,24.09,24.5,24.505,24.06,129495
2024-03-20,24.38,25.37,25.49,24.38,245694
2024-03-21,25.76,25.45,25.89,25.39,141648
2024-03-22,25.52,25.73,25.95,25.52,149316
2024-03-25,26.29,25.79,26.41,25.7001,146815
2024-03-26,25.86,25.65,25.9401,25.59,127350
2024-03-27,26.0,26.63,26.65,25.92,200700
2024-03-28,26.73,26.65,26.91,26.61,124003
2024-04-01,26.76,26.05,26.83,25.92,307035
2024-04-02,25.83,25.7,25.86,25.54,125421
2024-04-03,25.51,25.3,25.8,25.15,165741
2024-04-04,25.81,25.6,26.14,25.37,442815
2024-04-05,25.7,26.25,26.28,25.6001,229266
2024-04-08,26.38,26.17,26.62,26.0707,205409
2024-04-09,25.89,25.24,26.14,24.84,483202
2024-04-10,24.37,24.95,25.03,24.15,324107
2024-04-11,25.0,24.94,25.26,24.18,255452
2024-04-12,24.91,24.07,25.3,23.8608,279331
2024-04-15,25.08,23.7,25.09,23.61,385994
2024-04-16,23.73,24.04,24.37,23.7,233999
2024-04-17,24.41,23.93,24.47,23.46,301939
2024-04-18,23.84,23.87,24.65,23.83,312693
2024-04-19,24.12,24.19,24.59,24.07,263231
2024-04-22,24.52,24.45,24.98,24.25,365086
2024-04-23,24.78,24.94,25.42,24.62,301295
2024-04-24,25.5,24.42,25.7,24.06,346588
2024-04-25,23.71,24.69,24.8099,23.47,268248
2024-04-26,24.71,24.98,25.22,24.59,167733
2024-04-29,25.2,25.9,25.9,25.11,209265
2024-04-30,25.81,25.14,26.15,25.11,143793
2024-05-01,25.0,25.28,26.01,24.91,203807
2024-05-02,25.8,26.41,26.41,25.58,241723
2024-05-03,26.7,26.64,26.89,26.17,153745
2024-05-06,27.06,27.27,27.51,26.81,219330
2024-05-07,26.96,27.23,27.23,26.8,118962
2024-05-08,27.13,27.62,27.72,27.081,115862
2024-05-09,27.6,28.39,28.39,27.58,169401
2024-05-10,28.63,28.14,28.64,28.0601,110332
2024-05-13,28.32,27.72,28.635,27.66,118696
2024-05-14,27.83,27.85,28.0661,27.67,80443
2024-05-15,28.01,27.74,28.02,27.5564,83669
2024-05-16,27.68,28.02,28.37,27.68,142270
2024-05-17,27.9,28.36,28.36,27.79,86548
2024-05-20,28.53,28.87,29.0554,28.4244,124407
2024-05-21,28.83,29.01,29.16,28.75,63221
2024-05-22,28.95,29.12,29.21,28.59,84307
2024-05-23,29.09,27.47,29.14,27.3606,271132
2024-05-24,27.81,28.28,28.28,27.57,85306
2024-05-28,28.4,27.52,28.4,27.31,107468
2024-05-29,27.01,26.48,27.327,26.41,110707
2024-05-30,26.73,27.19,27.28,26.695,119275
2024-05-31,27.2,28.56,28.56,27.19,160543
2024-06-03,28.75,28.835,29.28,28.63,90621
2024-06-04,28.76,28.93,29.01,28.19,148059
2024-06-05,28.88,29.3,29.35,28.3254,128224
2024-06-06,29.25,28.93,29.25,28.75,94789
2024-06-07,28.61,28.64,29.25,28.61,115976
2024-06-10,28.56,28.48,28.73,28.31,60411
2024-06-11,28.15,27.74,28.15,27.37,89118
2024-06-12,28.11,27.85,28.14,27.64,120400
2024-06-13,27.7,27.16,27.72,26.7991,166528
2024-06-14,26.61,26.23,26.66,25.55,236800
2024-06-17,25.95,26.92,26.92,25.86,139926
2024-06-18,26.86,27.09,27.09,26.57,61305
2024-06-20,26.89,27.25,27.481,26.82,132481
2024-06-21,27.3,27.44,27.44,26.62,107835
2024-06-24,27.4,26.62733,28.2199,26.52,179401
2024-06-25,26.15,26.05,26.4897,26.0,270748
2024-06-26,25.87,26.21,26.27,25.45,141742
2024-06-27,26.26,26.25,26.26,25.95,65094
2024-06-28,26.46,25.83,26.78,25.41,175150
2024-07-01,26.22,25.55,26.77,25.17,175463
2024-07-02,25.32,26.06,26.09,25.285,83181
2024-07-03,26.22,26.42,26.57,26.1,65359
2024-07-05,26.41,25.98,26.41,25.42,138966
2024-07-08,26.13,26.51,26.93,26.13,170056
2024-07-09,26.47,26.21,26.77,26.13,67784
2024-07-10,26.31,26.67,26.73,26.2,84035
2024-07-11,26.65,26.7,27.03,26.49,117064
2024-07-12,26.97,26.37,27.03,26.29,123974
2024-07-15,26.89,26.77,27.1,26.5854,131243
2024-07-16,27.0,28.8,28.91,26.94,263360
2024-07-17,28.47,27.75,29.02,27.69,188599
2024-07-18,27.69,27.21,28.31,26.97,198812
2024-07-19,27.19,26.62,27.19,26.39,122289
2024-07-22,26.91,27.7,27.7,26.79,130219
2024-07-23,28.13,29.91,30.39,28.13,691976
2024-07-24,29.54,27.7,29.85,27.53,313072
2024-07-25,28.6,29.93,31.1268,28.6,551537
2024-07-26,30.56,30.74,31.6391,30.21,338541
2024-07-29,31.15,30.67,31.15,30.18,148158
2024-07-30,30.99,31.28,31.9,30.8501,287353
2024-07-31,32.17,32.31,33.18,31.37,332137
2024-08-01,32.6,31.03,32.9395,30.36,378650
2024-08-02,29.97,28.21,29.97,27.37,402695
2024-08-05,25.75,26.9,27.39,25.6,454297
2024-08-06,27.4,27.33,28.51,27.21,426165
2024-08-07,28.22,27.7,29.38,27.6201,319983
2024-08-08,28.06,29.64,29.77,28.06,209572
2024-08-09,29.84,30.02,30.1,29.24,155563
2024-08-12,30.22,29.92,30.36,29.5479,219716
2024-08-13,30.11,30.51,30.53,29.43,295478
2024-08-14,30.46,30.73,30.95,30.37,157236
2024-08-15,31.41,31.94,31.98,31.08,243203
2024-08-16,31.95,32.33,32.5,31.95,142659
2024-08-19,32.41,32.69,32.69,32.15,150439
2024-08-20,32.46,31.92,32.465,31.47,170018
2024-08-21,32.09,32.27,32.34,31.75,195068
2024-08-22,32.36,32.25,32.6847,31.96,134071
2024-08-23,32.51,32.87,33.27,32.26,169267
2024-08-26,32.87,32.56,33.2085,32.2701,127748
2024-08-27,32.28,32.77,32.84,31.68,112697
2024-08-28,32.8,33.16,33.8799,32.69,204043
2024-08-29,33.5,34.16,34.9787,33.35,233185
2024-08-30,34.34,34.71,34.8,33.5501,201787
2024-09-03,34.09,31.13,34.45,30.8301,382907
2024-09-04,30.95,31.8,32.11,30.81,131519
2024-09-05,31.7,30.88,31.93,30.22,126094
2024-09-06,30.92,29.33,31.38,29.17,182621
2024-09-09,30.32,31.26,31.55,30.32,205848
2024-09-10,31.59,30.81,31.59,30.23,129961
2024-09-11,30.46,30.76,30.87,28.77,199632
2024-09-12,30.7,31.99,32.08,30.7,183875
2024-09-13,31.73,32.8,33.22,31.72,228879
2024-09-16,33.13,33.2,33.74,32.15,119392
2024-09-17,32.98,32.9,33.22,32.275,113179
2024-09-18,33.05,33.01,34.23,32.79,196914
2024-09-19,34.24,33.99,34.3,33.25,128184
2024-09-20,33.82,34.42,34.52,33.41,145486
2024-09-23,34.72,35.55828,35.8,34.3752,257804
2024-09-24,35.61,35.2,35.61,34.59,246081
2024-09-25,35.3,35.01,35.68,34.78,150894
2024-09-26,35.21,34.36,35.32,34.29,307135
2024-09-27,34.48,34.89,35.05,34.28,153847
2024-09-30,34.82,35.66,35.66,34.28,197234
2024-10-01,35.3,36.84,37.43,34.58,761737
2024-10-02,37.3,36.9,37.54,36.4,415982
2024-10-03,36.9,36.08,36.99,35.88,269576
2024-10-04,36.8,37.08,37.0867,35.96,216868
2024-10-07,36.96,36.75,37.42,36.2605,214715
2024-10-08,37.13,36.76,37.38,36.58,211735
2024-10-09,36.45,37.14,37.31,36.09,136276
2024-10-10,36.73,36.0,36.73,35.61,205781
2024-10-11,36.23,37.78,37.78,36.23,169025
2024-10-14,37.72,38.49,38.51,37.59,209384
2024-10-15,38.83,37.8,39.0,37.5601,208754
2024-10-16,37.99,39.07,39.1,37.8,179542
2024-10-17,39.29,39.2,39.6859,38.93,117532
2024-10-18,39.37,39.16,39.63,38.6901,148341
2024-10-21,39.63,39.67,40.04,38.782489,341551
2024-10-22,38.53,35.84,38.63,35.25,699426
2024-10-23,36.02,36.1,36.85,35.73,464821
2024-10-24,35.6,34.88,36.018,34.86,380764
2024-10-25,35.66,35.15,35.99,34.76,206569
2024-10-28,35.25,34.41,35.4,34.4,271276
2024-10-29,34.15,33.57,34.15,33.43,445440
2024-10-30,33.3,33.44,34.21,33.1,172378
2024-10-31,32.75,31.48,32.87,31.39,494143
2024-11-01,32.05,31.56,32.61,31.5,207752
2024-11-04,31.72,31.68,32.22,31.41,172407
2024-11-05,31.98,32.8,32.825,31.83,230639
2024-11-06,36.59,35.92,36.59,34.4,773962
2024-11-07,36.5,35.19,36.5,34.92,388164
2024-11-08,36.44,39.1,39.72,36.39,752650
2024-11-11,40.13,40.28,40.74,39.9701,362644
2024-11-12,40.14,38.78,40.4598,38.04,325798
2024-11-13,39.37,39.29,40.63,39.18,254450
2024-11-14,39.5,35.47,39.5,35.06,555255
2024-11-15,35.13,34.7,35.52,34.27,331395
2024-11-18,34.88,34.81,35.2299,34.33,194554
2024-11-19,35.13,35.35,35.5268,34.7646,285990
2024-11-20,35.54,35.73,35.76,34.66,214437
2024-11-21,36.27,36.71,37.35,35.68,274195
2024-11-22,37.17,37.78,37.87,36.9997,212080
2024-11-25,38.12,36.6,38.365,36.1,303501
2024-11-26,36.86,37.86,37.99,36.77,232620
2024-11-27,38.16,37.24,38.25,37.12,123955
2024-11-29,37.76,38.4,38.4566,37.76,91743
2024-12-02,38.31,36.76,38.4,36.66,244971
2024-12-03,36.94,36.83,37.11,36.3701,117704
2024-12-04,36.72,38.07,38.155,36.25,125740
2024-12-05,37.66,36.29,37.67,36.2,201374
2024-12-06,36.28,35.75,36.56,35.28,214887
2024-12-09,35.59,33.76,35.59,33.535,373127
2024-12-10,33.96,34.18,34.5233,33.57,118292
2024-12-11,34.77,30.16583,34.77,33.55,195384
2024-12-12,30.12,28.99,30.32,28.89,515346
2024-12-13,29.06,29.49,29.6,28.91,187954
2024-12-16,29.39,30.22,30.3684,29.19,212003
2024-12-17,29.8,29.37,29.98,29.09,148487
2024-12-18,29.25,26.49,29.26,26.4201,526469
2024-12-19,27.13,27.2,27.9356,26.83,292575
2024-12-20,26.67,28.23593,28.7699,26.56,220587
2024-12-23,28.27,28.29,28.37,27.4701,170975
2024-12-24,28.17,29.0,29.07,28.08,104202
2024-12-26,28.93,29.4,29.669,28.6899,130428
2024-12-27,29.0,28.84,29.48,28.36,166879
2024-12-30,27.35,27.72,28.17,26.72,224063
2024-12-31,27.97,27.51,28.1,27.1641,221814
2025-01-02,28.08,27.23,28.22,26.75,150088
2025-01-03,27.39,28.02,28.28,27.3535,105302
2025-01-06,28.49,27.25,28.49,27.032,173192
2025-01-07,27.35,27.18,27.7,26.8825,122689
2025-01-08,27.03,27.85,27.92,26.566918,240457
2025-01-10,27.33,27.22,27.7136,26.7,147006
2025-01-13,26.61,27.89,27.93,26.4703,149706
2025-01-14,28.46,28.94,29.03,27.92,217961
2025-01-15,30.0,29.44,30.12,29.15,216528
2025-01-16,29.61,30.25,30.4,29.61,230109
2025-01-17,30.63,30.97,31.3,30.35,276652
2025-01-21,32.18,33.99,34.2299,32.16,431293
2025-01-22,34.0,33.4,34.0655,32.81,279378
2025-01-23,35.0,35.19,35.94,34.1,292608
2025-01-24,34.88,33.94,35.04,33.82,229323
2025-01-27,33.34,32.83,33.7,32.29,224939
2025-01-28,34.12,32.76,34.53,32.5,205713
2025-01-29,32.79,32.24,33.57,31.85,135901
2025-01-30,32.47,34.22,34.32,32.47,222349
2025-01-31,34.5,33.83,35.0357,33.67,221061
2025-02-03,32.42,33.82,34.32,32.21,224588
2025-02-04,33.66,33.27,34.2,32.91,134451
2025-02-05,33.89,34.22,34.3557,33.33,105494
2025-02-06,34.32,34.03,34.44,32.81,139932
2025-02-07,34.23,33.6,34.6,33.43,184628
2025-02-10,34.08,34.05,34.1,33.4,93092
2025-02-11,33.85,34.27,34.3,33.19,179123
2025-02-12,33.28,33.58,34.16,33.0213,93131
2025-02-13,33.82,32.72,33.82,32.47,349417
2025-02-14,32.65,31.69,32.65,31.085,289464
2025-02-18,32.5839,32.39,33.24,32.226,171797
2025-02-19,32.36,32.23,33.0799,31.96,212622
2025-02-20,31.93,31.25,31.93,30.2,295374
2025-02-21,31.38,29.03,31.5,28.57,264962
2025-02-24,29.67,29.21,30.05,28.66,193771
2025-02-25,29.25,29.68,30.11,28.5323,170767
2025-02-26,30.6,30.17,31.2,29.84,130369
2025-02-27,30.82,30.72,31.74,30.35,162476
2025-02-28,30.71,32.27,32.31,30.65,125478
2025-03-03,32.9,31.12,33.53,30.6,169015
2025-03-04,30.2,28.85,30.6,28.1,285636
2025-03-05,29.09,30.68,31.0841,28.95,164576
2025-03-06,29.6,28.83,29.8067,28.22,248174
2025-03-07,28.4,28.91,29.13,27.1289,183174
2025-03-10,27.67,27.94,28.94,27.13,179950
2025-03-11,27.71,28.08,28.75,26.84,127966
2025-03-12,28.91,28.66,29.185,27.72,92403
2025-03-13,28.7,28.5,29.13,27.93,72826
2025-03-14,29.06,29.81,29.95,28.79,110982
2025-03-17,29.73,31.08,31.48,29.73,175647
2025-03-18,30.82,30.74,30.93,29.95,132449
2025-03-19,31.48,32.96,33.25,31.34,221084
2025-03-20,32.5,32.2,32.92,31.99,103489
2025-03-21,31.89,31.8,32.115,31.22,126425
2025-03-24,32.83,33.89636,34.07,32.825,223956
2025-03-25,34.05,34.82,34.97,33.86,169524
2025-03-26,34.83,33.19,35.2,33.01,179929
2025-03-27,33.2,32.74,33.78,32.235,103889
2025-03-28,32.41,30.79,32.6189,30.62,117856
2025-03-31,29.76,30.7,31.22,29.2,160024
2025-04-01,30.34,31.34,31.7802,29.8,89181
2025-04-02,30.13,31.67,32.2158,30.125,123500
2025-04-03,28.77,27.44,30.2,27.31,274272
2025-04-04,24.71,20.4,25.14,20.2407,750297
2025-04-07,18.41,20.54,22.47,17.6366,528367
2025-04-08,23.68,21.38,23.84,20.42,475229
2025-04-09,20.69,27.04,27.54,20.47,673681
2025-04-10,25.39,25.72,26.61,23.24,336115
2025-04-11,25.29,26.58,27.087,24.56,157849
