2019-03-28,540.0,523.2,570.0,514.8,128802
2019-03-29,532.5,538.5,545.4,495.9,23642
2019-04-01,538.5,508.2,538.5,499.8,6701
2019-04-02,508.5,502.8,522.9,498.0,8516
2019-04-03,503.1,451.5,503.46,444.15,14100
2019-04-04,450.9,454.5,469.8,439.8,4675
2019-04-05,453.0,442.2,461.4,429.9,5936
2019-04-08,442.2,444.585,446.7,432.3,3407
2019-04-09,441.0,455.4,463.5,436.8,3355
2019-04-10,452.4,438.0,464.7,435.3,4135
2019-04-11,441.0,421.2,449.4,394.8,3751
2019-04-12,424.8,399.6,429.0,390.75,2532
2019-04-15,394.8,395.7,406.272,393.0,1037
2019-04-16,391.5,397.8,404.4,389.1,7397
2019-04-17,396.0,389.4,405.0,384.903,2829
2019-04-18,395.1,365.4,395.4,363.9,3341
2019-04-22,386.1,403.2,407.1,366.6,22921
2019-04-23,411.0,407.4,417.0,396.3,7560
2019-04-24,412.5,383.4,418.644,379.8,5398
2019-04-25,386.1,375.0,390.9,369.75,4108
2019-04-26,377.4,379.2,389.7,372.0,3312
2019-04-29,379.2,390.9,414.9,379.2,6827
2019-04-30,391.2,390.0,400.5,384.3,2322
2019-05-01,387.6,388.2,403.95,376.5,4420
2019-05-02,384.0,378.0,386.55,353.22,5464
2019-05-03,379.8,356.4,392.601,354.0,4039
2019-05-06,357.9,390.0,391.8,356.7,4365
2019-05-07,390.3,388.2,402.0,378.0,7301
2019-05-08,387.0,382.2,396.0,380.7,4594
2019-05-09,380.7,387.3,395.4,375.0,2948
2019-05-10,385.8,391.5,394.5,381.462,6191
2019-05-13,388.8,394.5,398.4,385.419,4186
2019-05-14,397.2,410.7,412.5,397.2,6061
2019-05-15,408.0,381.9,413.1,381.6,5586
2019-05-16,384.0,393.6,399.3,381.0,3323
2019-05-17,388.8,373.8,390.45,363.0,3895
2019-05-20,373.5,395.4,405.0,366.324,4518
2019-05-21,395.7,398.1,411.6,383.805,8756
2019-05-22,396.0,396.3,404.7,379.5,4913
2019-05-23,391.2,399.3,404.1,387.3,2909
2019-05-24,401.4,411.9,417.0,401.4,4511
2019-05-28,412.5,418.8,420.288,409.05,3924
2019-05-29,415.5,403.8,419.7,392.781,2126
2019-05-30,406.5,383.4,406.5,380.7,3742
2019-05-31,379.8,402.9,404.7,375.6,3619
2019-06-03,403.2,390.3,407.7,382.416,4088
2019-06-04,391.2,404.7,406.5,386.7,4202
2019-06-05,405.0,404.4,411.0,391.5,9888
2019-06-06,405.6,405.3,416.676,396.0,4091
2019-06-07,410.4,396.0,418.8,390.0,6597
2019-06-10,398.4,387.9,407.7,375.0,7083
2019-06-11,387.0,363.9,393.0,359.7,4753
2019-06-12,366.6,361.2,371.7,357.9,5961
2019-06-13,363.6,373.8,375.6,360.315,11855
2019-06-14,378.6,389.1,397.5,376.5,8963
2019-06-17,399.9,376.2,406.497,372.879,6034
2019-06-18,379.2,411.0,412.5,376.5,7933
2019-06-19,412.2,415.5,420.297,390.951,7377
2019-06-20,419.1,451.5,457.2,417.354,15779
2019-06-21,455.7,441.6,459.0,436.5,14091
2019-06-24,444.0,396.3,450.9,371.703,12054
2019-06-25,399.0,396.0,407.7,393.3,6411
2019-06-26,396.6,384.9,405.0,383.1,4875
2019-06-27,386.1,396.9,399.9,384.387,3283
2019-06-28,400.5,397.5,415.5,390.3,44066
2019-07-01,396.0,389.4,402.0,384.9,11947
2019-07-02,390.0,398.7,402.0,383.4,2240
2019-07-03,405.0,401.7,406.5,389.1,2565
2019-07-05,405.0,424.5,430.8,399.6,7556
2019-07-08,426.6,409.5,436.8,405.3,3753
2019-07-09,407.4,406.2,416.85,400.2,2174
2019-07-10,409.2,429.6,437.4,401.1,4551
2019-07-11,426.3,429.0,437.7,410.04,3982
2019-07-12,429.0,404.1,436.2,400.5,4232
2019-07-15,404.7,412.8,424.077,402.0,1898
2019-07-16,420.0,416.1,439.8,414.6,2369
2019-07-17,417.0,444.3,480.0,402.6,11221
2019-07-18,445.2,444.6,451.8,425.1,2194
2019-07-19,444.0,417.3,464.4,410.7,2947
2019-07-22,418.2,420.3,429.9,412.5,1707
2019-07-23,421.5,406.5,421.5,397.2,2925
2019-07-24,408.9,388.5,408.9,375.0,7945
2019-07-25,383.4,386.4,400.05,373.8,5119
2019-07-26,389.7,388.8,393.3,382.8,1064
2019-07-29,394.5,399.0,400.5,382.5,2501
2019-07-30,396.6,395.4,398.1,384.3,879
2019-07-31,395.4,386.1,405.0,378.9,1339
2019-08-01,386.4,358.2,396.9,355.5,4296
2019-08-02,358.8,350.7,378.9,347.1,5053
2019-08-05,348.9,342.0,359.4,337.5,2918
2019-08-06,343.8,344.7,352.5,331.5,3087
2019-08-07,344.7,335.4,347.4,334.95,2444
2019-08-08,335.7,329.4,358.326,315.0,5584
2019-08-09,335.7,275.7,335.7,261.048,10107
2019-08-12,276.3,278.1,288.0,276.3,6951
2019-08-13,280.2,275.1,288.0,264.3,4520
2019-08-14,271.5,282.9,288.3,267.0,4382
2019-08-15,277.5,264.9,279.6,257.7,4606
2019-08-16,269.1,281.1,284.55,264.0,6929
2019-08-19,282.9,292.8,294.3,282.0,1974
2019-08-20,294.9,296.1,302.4,288.3,2129
2019-08-21,298.8,279.9,298.8,276.45,1954
2019-08-22,279.3,261.3,293.25,258.0,3663
2019-08-23,260.7,249.6,268.5,245.1,3361
2019-08-26,251.7,249.0,258.9,234.0,2543
2019-08-27,250.8,246.0,260.1,238.5,2614
2019-08-28,244.5,251.7,256.8,240.3,1029
2019-08-29,253.2,252.0,257.4,242.709,1277
2019-08-30,251.7,255.6,260.4,243.3,1205
2019-09-03,255.6,243.0,255.6,240.6,2055
2019-09-04,245.7,246.3,250.2,242.1,1440
2019-09-05,249.3,249.0,254.7,245.7,1290
2019-09-06,243.9,245.7,255.6,243.9,2419
2019-09-09,246.6,241.5,250.314,237.3,2270
2019-09-10,243.0,240.9,246.0,237.3,2833
2019-09-11,241.8,294.0,306.3,236.7,27302
2019-09-12,311.4,299.7,339.48,291.6,12016
2019-09-13,304.8,294.0,310.95,286.611,3080
2019-09-16,301.8,289.8,309.0,288.0,6496
2019-09-17,291.6,297.6,305.4,291.201,3479
2019-09-18,300.3,292.8,302.082,288.6,4027
2019-09-19,292.5,301.5,306.9,288.0,5090
2019-09-20,302.4,289.8,306.849,288.0,4564
2019-09-23,296.1,283.8,303.0,282.9,4863
2019-09-24,286.2,300.9,302.58,282.0,8146
2019-09-25,301.5,281.7,303.9,281.4,8489
2019-09-26,283.2,268.2,290.607,262.8,14376
2019-09-27,268.5,266.55,281.7,255.0,4957
2019-09-30,270.0,251.7,270.0,243.0,7312
2019-10-01,252.0,232.2,252.3,228.9,7642
2019-10-02,232.5,225.6,234.3,218.1,4649
2019-10-03,222.9,227.7,231.579,214.5,5591
2019-10-04,228.3,226.8,231.0,216.0,6718
2019-10-07,232.8,231.0,233.7,222.0,11105
2019-10-08,232.5,225.3,232.5,217.8,8326
2019-10-09,225.3,222.9,226.5,219.3,8754
2019-10-10,225.0,222.3,225.0,213.3,12814
2019-10-11,223.5,216.6,223.5,213.9,6073
2019-10-14,216.6,207.0,216.6,203.7,4609
2019-10-15,204.0,206.1,207.6,198.0,9848
2019-10-16,207.3,198.0,207.6,195.6,4688
2019-10-17,198.9,204.3,208.2,196.35,5208
2019-10-18,202.8,192.9,204.3,191.1,3954
2019-10-21,194.1,198.0,203.205,189.945,6906
2019-10-22,198.9,200.7,202.926,195.834,5636
2019-10-23,200.7,192.0,200.7,187.2,4736
2019-10-24,195.0,189.6,195.9,187.5,5028
2019-10-25,189.0,191.7,200.4,187.5,8114
2019-10-28,194.4,195.0,198.315,188.4,10497
2019-10-29,195.9,194.4,198.6,189.903,13264
2019-10-30,195.0,196.2,199.737,192.6,5248
2019-10-31,195.6,194.7,202.65,194.1,6499
2019-11-01,196.2,196.5,204.9,193.5,9104
2019-11-04,199.8,199.2,202.2,196.8,10084
2019-11-05,201.3,206.4,215.1,197.1,83097
2019-11-06,210.0,243.3,244.5,205.5,43874
2019-11-07,244.5,255.6,262.5,227.1,36061
2019-11-08,252.3,270.0,271.2,246.3,32479
2019-11-11,271.2,255.15,273.0,247.5,29503
2019-11-12,252.0,269.7,274.8,244.8,14540
2019-11-13,282.0,284.1,286.5,257.4,22112
2019-11-14,286.5,354.0,357.9,282.9,57635
2019-11-15,353.7,363.3,371.7,327.0,53036
2019-11-18,364.2,379.8,380.1,355.8,27793
2019-11-19,387.0,376.5,390.3,370.8,28843
2019-11-20,378.0,374.7,393.0,364.5,17794
2019-11-21,374.1,366.3,374.4,349.5,17717
2019-11-22,365.4,409.65,417.6,365.1,34150
2019-11-25,413.7,438.9,455.7,412.5,40682
2019-11-26,442.8,484.8,495.6,434.1,49985
2019-11-27,487.8,545.4,549.0,484.8,48612
2019-11-29,543.9,533.1,558.3,504.9,25129
2019-12-02,532.5,507.3,543.9,498.3,52649
2019-12-03,482.7,505.5,510.45,480.9,58442
2019-12-04,510.6,499.2,514.2,490.8,43038
2019-12-05,498.6,555.3,570.0,492.0,55919
2019-12-06,561.0,589.8,620.1,558.0,51132
2019-12-09,660.0,285.0,710.106,280.35,314760
2019-12-10,303.9,287.4,315.0,285.3,121061
2019-12-11,289.5,294.6,298.8,279.0,50858
2019-12-12,296.1,293.1,305.7,288.0,30256
2019-12-13,295.2,308.7,310.2,288.0,41426
2019-12-16,312.0,327.0,335.553,301.2,49982
2019-12-17,325.2,329.1,333.9,321.3,28735
2019-12-18,324.0,365.4,376.5,323.4,42164
2019-12-19,367.5,362.7,376.5,348.3,41769
2019-12-20,363.0,429.6,448.5,358.5,199973
2019-12-23,446.7,447.3,497.4,440.7,74668
2019-12-24,446.1,438.0,453.3,432.6,22319
2019-12-26,433.5,441.9,446.7,408.0,32996
2019-12-27,442.8,421.5,442.965,414.3,26140
2019-12-30,420.6,405.6,425.7,387.6,25876
2019-12-31,399.3,416.7,421.2,396.6,24275
2020-01-02,423.3,394.2,430.2,378.0,24208
2020-01-03,386.7,397.2,400.8,381.0,18622
2020-01-06,390.6,398.1,399.6,380.4,16399
2020-01-07,399.3,413.1,415.8,381.3,24795
2020-01-08,410.1,450.3,451.2,399.0,26691
2020-01-09,451.5,441.9,452.1,432.9,24827
2020-01-10,445.2,441.0,451.2,432.171,15906
2020-01-13,450.0,405.9,451.5,401.571,30423
2020-01-14,405.0,400.8,408.0,379.803,17348
2020-01-15,401.4,348.9,402.0,343.2,43768
2020-01-16,348.6,332.7,349.8,318.9,61546
2020-01-17,335.7,320.4,343.8,315.3,26713
2020-01-21,324.6,318.9,335.7,315.0,19307
2020-01-22,315.3,307.5,325.5,303.0,18862
2020-01-23,307.8,303.0,321.0,295.8,25522
2020-01-24,304.8,297.9,308.7,291.6,24091
2020-01-27,297.9,287.4,300.546,282.6,33137
2020-01-28,289.5,273.6,294.0,263.1,25749
2020-01-29,273.6,268.8,278.1,263.25,19497
2020-01-30,267.0,249.3,269.151,245.7,24244
2020-01-31,247.8,242.7,251.7,234.3,25850
2020-02-03,243.0,246.6,250.5,231.3,22848
2020-02-04,249.3,245.7,260.7,240.6,17942
2020-02-05,247.8,250.5,258.0,240.9,15840
2020-02-06,252.6,260.7,268.2,251.1,20867
2020-02-07,265.2,246.6,267.9,243.3,24000
2020-02-10,248.7,254.7,257.1,245.7,16803
2020-02-11,254.7,238.8,257.25,235.8,19581
2020-02-12,240.0,247.8,249.3,236.4,22505
2020-02-13,246.0,252.3,253.2,238.8,16502
2020-02-14,252.3,248.1,253.5,243.0,12203
2020-02-18,249.0,245.4,253.5,241.5,7758
2020-02-19,244.8,247.2,249.9,239.4,12889
2020-02-20,248.1,241.8,249.0,237.9,12478
2020-02-21,242.4,240.3,246.9,236.1,11096
2020-02-24,237.0,247.2,249.9,221.7,13580
2020-02-25,250.8,240.3,250.8,235.5,17539
2020-02-26,241.5,241.8,262.02,238.509,18147
2020-02-27,237.0,229.8,243.6,227.1,23032
2020-02-28,226.5,240.3,241.5,222.0,16739
2020-03-02,246.0,237.6,247.02,227.4,19930
2020-03-03,237.0,240.0,245.1,229.5,18214
2020-03-04,242.1,243.3,247.5,233.4,14277
2020-03-05,247.5,248.4,261.9,240.603,22920
2020-03-06,242.4,240.6,254.43,234.9,16032
2020-03-09,231.6,215.7,237.6,213.3,17702
2020-03-10,243.6,227.1,243.9,210.0,16745
2020-03-11,227.1,194.7,235.2,188.673,21141
2020-03-12,178.5,162.6,182.7,157.2,26265
2020-03-13,175.2,185.4,186.0,160.68,20291
2020-03-16,168.0,151.5,195.0,150.0,24648
2020-03-17,155.4,174.6,180.0,149.7,16630
2020-03-18,163.8,161.7,178.5,152.1,12175
2020-03-19,159.3,171.6,185.4,157.5,15728
2020-03-20,176.7,159.0,184.269,157.5,14026
2020-03-23,159.9,169.8,173.055,159.0,8670
2020-03-24,180.3,178.8,184.5,165.6,10337
2020-03-25,180.0,174.6,182.4,167.7,8848
2020-03-26,174.3,181.2,189.0,173.4,10898
2020-03-27,176.7,185.7,194.4,171.45,9949
2020-03-30,191.7,185.4,194.4,177.0,8801
2020-03-31,182.7,180.9,189.45,175.5,10535
2020-04-01,176.1,158.1,177.75,156.6,14059
2020-04-02,157.5,166.2,168.0,153.603,6975
2020-04-03,159.3,139.8,159.3,138.0,16909
2020-04-06,144.9,170.1,179.7,143.385,21839
2020-04-07,176.4,167.7,180.0,162.0,17709
2020-04-08,170.4,174.0,180.3,165.51,11016
2020-04-09,177.0,189.0,192.6,174.36,12020
2020-04-13,190.5,194.1,199.2,183.0,11855
2020-04-14,200.7,219.3,219.6,197.4,13696
2020-04-15,219.0,198.3,227.7,196.8,17299
2020-04-16,201.3,192.9,206.7,190.2,11678
2020-04-17,203.1,216.6,221.7,191.1,14728
2020-04-20,220.5,221.4,239.7,216.6,17066
2020-04-21,217.5,214.2,227.4,208.5,7808
2020-04-22,217.2,219.0,221.7,207.0,11710
2020-04-23,216.9,213.0,226.5,209.1,12327
2020-04-24,214.8,238.5,238.5,212.079,12554
2020-04-27,240.0,222.9,242.07,220.5,14823
2020-04-28,227.1,221.1,230.1,217.8,10277
2020-04-29,230.4,236.1,246.15,220.8,16329
2020-04-30,230.4,206.4,232.2,204.0,26858
2020-05-01,203.4,194.4,205.98,191.4,14616
2020-05-04,195.0,204.0,206.7,186.3,13637
2020-05-05,205.8,212.4,222.0,205.5,13696
2020-05-06,213.3,204.9,219.6,199.8,20663
2020-05-07,207.0,217.8,219.768,205.8,12292
2020-05-08,219.9,225.6,234.6,217.8,18196
2020-05-11,223.5,229.5,234.0,219.42,13753
2020-05-12,232.8,211.8,237.0,211.8,18482
2020-05-13,213.3,198.6,220.35,195.0,25933
2020-05-14,192.0,216.3,222.6,191.1,19615
2020-05-15,218.1,233.7,237.0,206.4,22448
2020-05-18,240.0,219.0,243.0,216.3,23398
2020-05-19,220.8,224.7,231.0,213.0,16197
2020-05-20,226.5,231.6,232.2,218.1,13579
2020-05-21,231.9,231.9,235.2,222.003,13947
2020-05-22,229.8,220.5,236.19,214.8,12639
2020-05-26,221.1,229.2,240.3,219.6,23925
2020-05-27,231.6,210.6,233.697,207.0,26341
2020-05-28,211.5,211.8,228.0,208.2,30694
2020-05-29,211.5,210.3,215.7,207.6,32666
2020-06-01,208.8,214.2,226.32,202.8,34137
2020-06-02,214.2,231.3,235.197,211.05,25466
2020-06-03,233.7,224.1,239.4,221.7,26948
2020-06-04,222.0,214.5,234.9,211.2,27170
2020-06-05,220.2,213.9,225.597,210.0,33629
2020-06-08,218.7,246.3,259.5,217.5,69668
2020-06-09,245.7,257.4,265.2,237.3,25421
2020-06-10,259.2,249.3,264.45,248.1,18267
2020-06-11,237.9,224.7,241.8,221.7,21838
2020-06-12,230.1,224.4,238.8,216.3,19742
2020-06-15,220.5,238.5,243.882,217.95,17661
2020-06-16,243.0,244.8,253.5,232.5,26285
2020-06-17,245.7,247.8,256.2,243.846,22755
2020-06-18,243.3,243.9,254.4,243.15,15376
2020-06-19,246.6,253.2,257.7,243.0,23840
2020-06-22,256.5,254.1,260.1,246.6,20846
2020-06-23,258.6,261.0,265.8,250.2,21236
2020-06-24,257.4,260.7,293.7,255.6,42706
2020-06-25,259.5,252.6,267.0,246.0,28757
2020-06-26,250.8,236.4,250.8,228.3,65493
2020-06-29,238.5,235.5,249.6,231.615,21984
2020-06-30,236.1,249.9,252.3,234.3,14083
2020-07-01,249.0,251.7,258.0,245.1,14570
2020-07-02,254.7,252.6,255.9,243.504,16435
2020-07-06,252.6,246.6,255.0,239.4,35716
2020-07-07,245.1,248.4,261.9,240.9,18037
2020-07-08,246.0,248.7,255.0,246.0,11178
2020-07-09,247.8,246.9,254.1,242.43,10170
2020-07-10,244.8,242.4,252.3,239.4,11100
2020-07-13,246.0,228.45,248.7,228.3,18188
2020-07-14,228.0,233.4,234.6,219.6,16019
2020-07-15,238.5,249.45,251.1,236.4,24262
2020-07-16,250.5,247.5,255.0,242.1,16697
2020-07-17,248.1,246.75,255.0,245.1,17172
2020-07-20,249.6,261.9,268.8,247.5,17016
2020-07-21,266.4,254.4,266.4,252.3,11706
2020-07-22,253.5,248.1,256.5,245.7,10023
2020-07-23,248.1,235.5,259.2,234.0,14527
2020-07-24,232.8,222.3,234.0,221.7,17771
2020-07-27,234.0,235.8,237.3,228.3,11424
2020-07-28,232.8,224.7,235.2,221.55,16803
2020-07-29,229.2,216.0,229.5,213.3,15606
2020-07-30,213.0,210.3,215.697,198.9,28032
2020-07-31,210.9,190.8,213.0,189.3,21346
2020-08-03,192.0,197.1,199.2,185.4,22058
2020-08-04,198.9,202.5,203.85,195.0,13940
2020-08-05,205.5,203.7,207.6,200.85,13129
2020-08-06,202.8,207.9,212.295,202.5,13862
2020-08-07,206.7,207.6,213.6,201.6,10482
2020-08-10,210.3,205.5,213.3,204.6,12383
2020-08-11,206.1,202.2,214.5,200.4,15633
2020-08-12,204.3,200.1,204.3,195.6,11581
2020-08-13,195.0,189.0,199.5,185.1,29849
2020-08-14,186.9,184.8,187.65,177.3,20784
2020-08-17,184.2,187.2,192.24,180.0,14366
2020-08-18,187.5,181.2,187.5,179.397,24832
2020-08-19,192.9,183.3,194.4,173.7,47041
2020-08-20,183.3,179.4,185.4,176.4,16654
2020-08-21,178.2,174.9,178.35,171.3,25050
2020-08-24,177.3,171.9,180.6,169.5,17956
2020-08-25,170.1,172.2,175.2,166.497,14040
2020-08-26,172.2,167.4,174.6,167.1,10779
2020-08-27,166.5,165.0,169.5,160.5,12262
2020-08-28,165.3,168.0,169.8,163.5,11191
2020-08-31,168.0,169.2,172.797,163.2,18271
2020-09-01,167.4,162.6,169.5,161.7,11460
2020-09-02,163.8,163.8,170.7,161.1,15618
2020-09-03,162.6,148.2,164.7,148.2,30889
2020-09-04,148.8,139.5,150.0,133.65,37117
2020-09-08,138.9,159.9,165.3,136.5,30795
2020-09-09,164.7,162.3,172.2,160.23,25107
2020-09-10,162.3,161.4,172.2,160.251,15071
2020-09-11,162.6,157.2,166.8,155.4,10189
2020-09-14,159.6,169.8,172.8,159.6,26531
2020-09-15,171.9,178.5,179.19,167.1,29853
2020-09-16,178.5,177.75,180.75,174.6,20700
2020-09-17,174.6,178.5,180.15,172.8,18775
2020-09-18,178.5,178.5,181.2,175.2,57157
2020-09-21,174.0,177.6,178.5,160.65,20527
2020-09-22,178.2,163.5,181.062,159.3,13178
2020-09-23,165.0,156.75,171.9,156.75,12809
2020-09-24,171.9,177.0,191.1,162.6,97551
2020-09-25,186.3,183.9,187.5,175.5,40881
2020-09-28,190.2,194.4,198.0,179.697,36414
2020-09-29,197.4,191.1,199.5,181.8,33690
2020-09-30,194.7,184.8,208.296,184.167,33253
2020-10-01,189.0,186.3,195.0,177.6,23331
2020-10-02,180.6,179.4,189.3,177.0,17279
2020-10-05,183.3,190.2,190.8,180.3,17493
2020-10-06,190.5,197.7,201.3,187.8,23827
2020-10-07,199.2,210.0,214.2,195.0,44016
2020-10-08,212.4,207.6,212.4,196.5,31807
2020-10-09,207.9,208.2,212.1,198.0,15878
2020-10-12,210.0,210.3,210.6,199.2,24038
2020-10-13,207.3,209.4,210.6,204.3,14908
2020-10-14,207.0,195.6,213.3,190.5,24863
2020-10-15,196.8,198.9,200.4,185.7,16711
2020-10-16,200.1,204.6,207.312,189.9,12422
2020-10-19,207.3,197.4,207.6,196.2,13243
2020-10-20,198.6,190.8,204.93,186.9,14088
2020-10-21,188.7,195.0,197.4,186.3,12747
2020-10-22,194.1,205.5,207.6,192.9,15604
2020-10-23,206.7,209.4,210.0,201.6,10494
2020-10-26,199.5,194.7,213.0,191.1,24070
2020-10-27,194.7,193.5,195.9,189.003,6951
2020-10-28,188.1,195.6,198.0,183.3,13747
2020-10-29,194.1,201.0,204.9,189.3,9923
2020-10-30,199.2,189.3,201.0,186.9,8751
2020-11-02,193.5,184.5,195.0,181.2,11701
2020-11-03,186.3,193.5,194.7,185.1,9287
2020-11-04,192.9,201.0,205.8,192.3,12181
2020-11-05,203.7,210.3,210.6,197.727,16255
2020-11-06,210.0,201.15,213.6,199.8,8900
2020-11-09,209.1,218.1,225.0,207.603,20097
2020-11-10,218.1,251.1,257.4,215.4,35501
2020-11-11,251.1,253.8,263.7,239.4,31751
2020-11-12,255.0,265.8,277.5,252.3,16656
2020-11-13,269.4,288.9,303.0,268.131,35831
2020-11-16,297.0,286.2,300.0,279.6,16671
2020-11-17,282.3,290.1,293.91,279.0,10947
2020-11-18,289.8,284.25,300.0,282.3,14072
2020-11-19,283.5,290.4,295.8,283.5,9688
2020-11-20,331.5,321.6,343.458,307.2,83793
2020-11-23,326.4,355.8,360.0,309.3,32125
2020-11-24,363.3,352.2,365.97,342.0,22810
2020-11-25,348.9,345.3,358.5,341.1,14510
2020-11-27,344.4,357.9,360.585,343.827,6321
2020-11-30,360.3,374.1,374.4,352.986,21884
2020-12-01,381.0,344.7,381.6,344.4,38716
2020-12-02,339.6,348.3,356.1,337.2,18488
2020-12-03,342.9,306.9,347.4,277.503,77693
2020-12-04,292.5,249.15,299.4,232.5,187709
2020-12-07,254.7,226.8,257.4,220.5,106527
2020-12-08,225.0,227.1,230.7,217.8,57038
2020-12-09,226.5,212.7,229.5,209.1,53499
2020-12-10,212.7,222.0,231.9,210.3,79223
2020-12-11,222.3,231.0,238.5,218.1,61567
2020-12-14,230.4,240.9,245.7,226.056,45035
2020-12-15,242.4,240.15,245.7,233.091,26572
2020-12-16,240.0,253.8,254.7,234.9,31325
2020-12-17,253.8,256.8,262.8,252.0,36407
2020-12-18,259.5,244.2,264.0,241.5,117982
2020-12-21,240.0,269.1,270.6,232.8,49553
2020-12-22,276.6,300.3,303.0,268.5,54988
2020-12-23,300.0,301.5,309.0,286.5,32268
2020-12-24,303.3,280.5,307.5,277.5,25539
2020-12-28,285.3,266.1,286.344,264.9,28925
2020-12-29,269.1,254.4,271.5,243.9,33857
2020-12-30,259.875,261.9,266.7,253.5,16633
2020-12-31,261.0,250.2,264.0,249.3,14630
2021-01-04,252.0,263.1,270.6,241.206,20640
2021-01-05,265.2,257.1,267.3,257.1,14932
2021-01-06,258.6,264.9,275.4,258.39,19857
2021-01-07,270.0,288.6,289.2,265.8,26405
2021-01-08,292.5,285.9,296.1,271.5,42445
2021-01-11,288.9,288.9,300.0,282.0,20445
2021-01-12,290.1,297.3,301.497,285.0,30959
2021-01-13,294.0,294.0,309.6,292.2,24599
2021-01-14,297.0,311.7,319.05,294.0,40953
2021-01-15,315.0,339.0,349.341,312.0,62587
2021-01-19,372.6,439.2,441.9,366.0,154767
2021-01-20,417.15,439.2,452.7,409.5,56687
2021-01-21,494.7,407.4,498.0,402.9,128048
2021-01-22,409.2,398.7,410.886,385.5,59589
2021-01-25,420.6,398.7,420.9,374.1,61067
2021-01-26,403.8,372.0,415.5,369.9,63549
2021-01-27,363.3,358.8,383.4,342.3,53445
2021-01-28,358.8,362.1,371.1,349.5,19607
2021-01-29,365.4,363.6,396.3,351.0,28173
2021-02-01,366.9,378.6,379.8,347.403,28812
2021-02-02,375.0,411.3,416.4,370.2,35632
2021-02-03,411.3,413.7,424.5,397.5,26075
2021-02-04,418.5,429.0,445.5,411.3,23660
2021-02-05,437.1,449.4,453.9,424.2,25087
2021-02-08,456.3,473.7,479.4,446.4,32230
2021-02-09,473.1,438.6,473.1,436.8,27604
2021-02-10,441.3,406.5,450.0,405.3,37298
2021-02-11,413.7,394.05,418.5,382.2,49060
2021-02-12,391.2,391.2,408.0,379.5,21622
2021-02-16,400.2,376.2,401.1,364.5,46817
2021-02-17,369.9,372.6,378.6,356.1,35504
2021-02-18,371.1,339.9,372.6,338.1,36010
2021-02-19,343.8,367.5,375.6,343.2,37367
2021-02-22,361.5,338.7,371.7,336.3,38567
2021-02-23,332.4,323.1,334.5,304.8,39099
2021-02-24,333.0,345.3,356.7,321.9,32901
2021-02-25,351.3,333.9,365.4,331.206,32082
2021-02-26,336.372,358.8,361.2,330.3,29530
2021-03-01,374.4,386.1,390.6,363.0,35585
2021-03-02,383.7,369.0,396.0,365.1,15860
2021-03-03,367.2,340.8,369.9,335.7,21843
2021-03-04,339.3,330.6,345.6,316.8,26551
2021-03-05,331.5,345.0,346.5,294.0,30676
2021-03-08,339.3,320.4,348.3,315.15,22189
2021-03-09,323.7,347.4,356.7,323.7,23715
2021-03-10,354.9,339.3,356.7,335.4,15548
2021-03-11,349.5,353.7,356.1,331.5,15809
2021-03-12,347.1,343.2,348.0,330.9,13541
2021-03-15,342.9,357.3,363.3,335.7,18622
2021-03-16,354.705,336.3,361.35,324.6,18005
2021-03-17,328.8,346.2,354.9,326.4,15869
2021-03-18,333.6,319.8,348.3,315.6,26301
2021-03-19,322.5,332.7,339.3,315.6,136167
2021-03-22,334.5,336.0,349.5,327.6,24140
2021-03-23,335.1,306.75,335.1,304.5,26390
2021-03-24,307.5,280.5,312.3,279.6,29719
2021-03-25,278.7,306.0,307.8,273.0,26903
2021-03-26,306.0,299.1,307.8,289.5,20079
2021-03-29,293.4,283.5,296.4,280.5,20359
2021-03-30,282.072,291.6,299.1,273.903,14475
2021-03-31,292.5,310.5,312.6,292.5,17394
2021-04-01,314.1,309.9,326.7,306.339,20431
2021-04-05,318.3,314.7,319.5,306.9,19489
2021-04-06,311.7,276.9,318.3,275.133,24863
2021-04-07,274.8,267.6,279.9,267.0,19050
2021-04-08,269.7,267.3,273.9,258.63,18429
2021-04-09,267.3,258.0,269.754,255.3,22046
2021-04-12,262.8,250.8,262.8,247.2,24781
2021-04-13,253.5,257.1,261.9,252.0,22162
2021-04-14,256.8,261.3,273.9,256.8,30102
2021-04-15,264.6,268.2,276.6,258.3,18717
2021-04-16,273.3,263.1,273.3,252.6,27018
2021-04-19,261.6,243.9,265.95,243.0,16380
2021-04-20,242.7,255.3,256.5,238.944,20037
2021-04-21,253.2,272.4,272.7,247.5,17880
2021-04-22,273.6,273.6,282.0,263.568,20557
2021-04-23,276.0,276.9,285.6,270.708,8860
2021-04-26,279.0,296.4,297.9,275.1,14738
2021-04-27,297.6,294.3,307.5,286.8,14217
2021-04-28,291.0,297.3,303.369,288.0,12175
2021-04-29,300.0,287.1,301.062,282.6,12196
2021-04-30,282.9,278.7,293.1,276.3,10496
2021-05-03,283.5,276.0,286.5,275.1,9110
2021-05-04,274.8,269.7,274.8,259.8,14350
2021-05-05,270.9,254.7,271.8,250.5,13588
2021-05-06,252.9,252.6,254.4,240.0,20136
2021-05-07,254.4,257.55,269.4,252.0,15572
2021-05-10,255.3,242.1,261.0,237.6,19664
2021-05-11,235.5,269.7,276.0,231.6,27079
2021-05-12,261.9,267.9,282.3,261.0,16638
2021-05-13,267.0,278.1,285.0,264.9,28602
2021-05-14,277.8,285.0,286.8,258.0,27163
2021-05-17,281.1,281.7,289.5,272.388,14580
2021-05-18,285.3,285.0,297.3,280.5,23401
2021-05-19,279.6,281.1,285.9,273.6,14280
2021-05-20,291.0,306.9,318.9,289.5,27504
2021-05-21,310.8,309.9,327.9,305.1,23454
2021-05-24,315.0,312.0,320.1,300.9,14861
2021-05-25,318.0,305.4,326.4,304.8,14106
2021-05-26,310.8,324.6,327.9,309.3,16856
2021-05-27,327.3,332.1,333.3,315.6,20486
2021-05-28,334.5,315.9,338.064,314.4,17471
2021-06-01,317.1,324.3,326.7,306.3,16584
2021-06-02,327.0,339.0,340.2,322.2,16388
2021-06-03,331.5,334.2,340.8,325.8,16862
2021-06-04,334.2,330.0,338.4,319.5,16191
2021-06-07,330.0,340.2,347.4,322.2,33624
2021-06-08,346.2,352.2,381.0,342.3,25572
2021-06-09,354.3,346.2,364.554,339.3,19148
2021-06-10,350.7,352.5,360.6,342.33,18074
2021-06-11,340.8,346.2,353.4,339.3,14657
2021-06-14,346.2,348.3,352.2,342.6,22805
2021-06-15,348.0,329.4,348.0,325.8,15601
2021-06-16,324.3,317.7,329.7,304.8,23711
2021-06-17,312.9,320.1,326.1,307.2,18723
2021-06-18,316.5,315.6,331.8,312.3,132940
2021-06-21,318.9,325.5,328.2,315.0,16928
2021-06-22,324.9,319.2,326.4,311.1,14117
2021-06-23,321.6,321.0,329.4,316.2,19362
2021-06-24,327.0,338.4,344.4,327.0,26365
2021-06-25,342.0,341.7,344.1,334.5,26284
2021-06-28,382.5,364.2,383.4,356.403,53884
2021-06-29,364.2,361.5,378.702,360.0,28598
2021-06-30,360.3,375.6,379.65,337.8,41666
2021-07-01,379.5,379.8,386.1,360.45,18478
2021-07-02,382.8,370.8,382.8,369.3,15086
2021-07-06,373.5,348.6,375.0,348.0,39815
2021-07-07,348.6,345.9,351.9,336.3,20772
2021-07-08,332.4,342.9,350.43,330.414,11807
2021-07-09,345.3,344.1,345.9,337.8,8053
2021-07-12,341.1,343.8,350.1,334.5,14705
2021-07-13,344.1,326.1,345.15,325.5,9734
2021-07-14,327.6,319.5,333.0,318.9,11520
2021-07-15,318.0,320.1,326.7,311.7,9358
2021-07-16,324.0,316.8,325.2,314.4,7003
2021-07-19,309.6,315.0,319.35,302.7,10068
2021-07-20,322.2,323.1,324.3,312.0,14691
2021-07-21,322.8,322.2,326.4,317.4,7855
2021-07-22,321.0,315.6,326.4,314.4,7713
2021-07-23,322.8,307.5,322.8,304.5,9677
2021-07-26,308.1,302.7,312.15,300.3,11004
2021-07-27,300.6,295.5,302.415,290.4,15796
2021-07-28,296.1,303.9,305.1,291.0,14460
2021-07-29,305.1,298.2,308.7,297.6,11336
2021-07-30,295.5,295.8,301.2,290.607,10283
2021-08-02,297.0,297.9,301.251,292.5,7693
2021-08-03,297.6,294.0,297.6,288.6,12699
2021-08-04,292.5,299.4,303.3,291.6,11241
2021-08-05,297.0,316.5,316.8,294.876,14846
2021-08-06,316.8,310.8,317.397,306.9,14651
2021-08-09,310.5,311.4,315.3,307.2,6848
2021-08-10,312.9,309.3,312.9,301.95,7347
2021-08-11,309.3,315.9,319.2,307.2,8680
2021-08-12,324.9,352.5,357.0,323.4,21643
2021-08-13,348.3,305.7,348.3,302.1,23238
2021-08-16,300.0,285.0,307.797,283.35,21997
2021-08-17,282.0,281.4,284.7,269.7,17725
2021-08-18,278.1,282.0,296.4,276.6,13661
2021-08-19,285.15,275.4,286.8,274.2,17808
2021-08-20,274.8,282.3,288.0,272.1,10942
2021-08-23,286.5,302.4,303.6,282.3,14242
2021-08-24,303.0,304.8,308.1,297.3,10305
2021-08-25,306.0,316.2,320.061,301.8,9772
2021-08-26,313.8,326.1,332.1,313.8,15296
2021-08-27,325.5,347.1,355.5,325.5,19477
2021-08-30,350.4,352.8,365.1,349.2,14081
2021-08-31,355.5,377.1,379.8,352.5,19485
2021-09-01,379.5,410.7,431.4,376.8,43251
2021-09-02,411.9,424.5,430.785,407.133,29498
2021-09-03,422.25,404.7,422.475,402.0,15527
2021-09-07,404.1,399.3,414.0,394.2,15586
2021-09-08,401.4,378.9,402.15,377.4,14185
2021-09-09,381.9,386.1,406.2,379.2,14391
2021-09-10,391.8,381.9,397.5,381.6,16861
2021-09-13,382.8,381.0,392.7,369.6,17003
2021-09-14,382.5,363.0,382.65,361.35,11178
2021-09-15,363.9,373.2,374.1,361.8,11067
2021-09-16,369.0,377.4,378.0,363.3,8034
2021-09-17,381.3,385.8,394.2,372.6,29319
2021-09-20,374.4,372.0,384.3,367.05,12478
2021-09-21,372.6,374.7,380.7,366.0,9738
2021-09-22,377.4,382.8,387.6,374.028,8526
2021-09-23,389.1,403.8,404.661,385.2,15512
2021-09-24,396.0,378.9,396.0,375.9,11623
2021-09-27,379.8,377.4,386.1,370.5,9085
2021-09-28,375.0,353.1,375.0,351.0,11540
2021-09-29,357.0,347.7,360.9,346.2,10084
2021-09-30,351.3,346.2,354.6,344.4,12776
2021-10-01,346.5,349.8,351.9,334.716,11432
2021-10-04,348.3,328.5,348.3,327.45,12557
2021-10-05,331.5,335.7,339.0,322.8,18553
2021-10-06,327.9,330.3,332.25,315.9,13655
2021-10-07,336.0,335.7,342.3,327.0,15968
2021-10-08,334.5,305.7,334.5,300.3,14145
2021-10-11,302.1,302.4,310.2,300.3,8715
2021-10-12,305.7,304.2,313.2,302.4,10676
2021-10-13,307.2,298.8,330.558,298.5,6525
2021-10-14,302.7,300.0,309.0,297.9,14103
2021-10-15,308.1,293.7,308.7,291.0,15679
2021-10-18,290.7,293.1,300.9,287.4,14421
2021-10-19,295.2,297.9,304.5,293.4,10419
2021-10-20,295.8,287.4,296.7,285.9,9987
2021-10-21,288.0,289.2,293.121,286.8,8545
2021-10-22,287.7,289.5,291.0,276.6,9604
2021-10-25,288.0,289.5,294.6,285.0,9847
2021-10-26,294.0,291.0,297.0,287.7,8678
2021-10-27,288.9,283.8,295.5,282.3,7502
2021-10-28,284.7,286.5,287.4,277.5,12758
2021-11-01,286.8,292.8,295.8,282.0,12222
2021-11-02,294.3,296.7,297.0,290.1,9627
2021-11-03,296.4,299.4,301.8,291.0,15362
2021-11-04,300.0,295.8,303.849,288.6,12749
2021-11-05,299.7,292.2,300.6,287.4,15499
2021-11-08,294.0,289.8,297.15,286.2,11457
2021-11-09,291.0,282.3,293.1,278.4,16354
2021-11-10,290.7,306.9,310.2,285.0,22125
2021-11-11,314.1,307.5,326.4,306.15,15552
2021-11-12,308.1,295.5,309.0,285.0,16273
2021-11-15,297.3,284.4,297.3,283.8,11041
2021-11-16,284.1,291.0,291.6,276.6,10875
2021-11-17,289.5,292.5,294.9,280.5,12091
2021-11-18,295.5,273.9,297.9,270.3,24508
2021-11-19,272.4,280.5,288.0,271.5,18466
2021-11-22,279.873,275.4,283.95,267.9,12982
2021-11-23,273.0,284.7,286.5,270.6,20910
2021-11-24,283.8,285.9,289.2,276.75,10721
2021-11-29,272.4,261.3,273.3,260.1,14579
2021-11-30,259.2,271.8,275.7,256.8,18438
2021-12-01,277.5,258.6,279.75,258.0,15132
2021-12-02,257.4,261.6,262.8,249.3,14795
2021-12-03,262.8,245.7,262.8,243.0,13902
2021-12-06,245.1,247.8,249.9,236.34,13352
2021-12-07,253.2,266.1,271.8,253.2,15145
2021-12-08,268.2,273.3,278.7,261.6,11830
2021-12-09,261.93,266.7,282.3,261.93,10295
2021-12-10,268.65,257.4,273.15,255.6,8255
2021-12-13,260.1,246.9,264.3,240.6,17893
2021-12-14,243.3,245.4,251.1,238.5,16934
2021-12-15,246.3,257.4,258.12,237.3,21655
2021-12-16,259.8,244.5,261.0,243.9,11714
2021-12-17,243.0,253.8,256.5,237.0,21249
2021-12-20,247.8,245.4,250.8,240.3,11212
2021-12-21,249.6,243.3,250.35,239.4,13218
2021-12-22,243.3,243.9,248.1,237.9,12069
2021-12-23,243.0,254.1,255.9,242.1,11821
2021-12-27,253.2,240.6,258.6,235.8,13480
2021-12-28,238.5,237.3,249.9,236.4,12571
2021-12-29,236.7,232.8,242.1,227.7,14352
2021-12-30,231.9,227.55,241.5,226.2,11147
2021-12-31,225.6,222.0,232.5,219.0,15275
2022-01-03,223.5,232.8,232.8,220.2,10707
2022-01-04,231.6,217.8,235.5,216.0,15012
2022-01-05,215.7,196.8,219.0,195.9,26072
2022-01-06,201.9,197.7,203.1,187.8,20038
2022-01-07,196.5,196.8,205.5,192.6,17218
2022-01-10,195.0,193.5,195.3,188.4,14766
2022-01-11,192.3,194.7,201.0,188.4,12004
2022-01-12,195.3,184.8,197.7,184.2,13962
2022-01-13,186.033,174.6,188.7,173.1,17674
2022-01-14,174.0,178.2,179.4,168.6,30315
2022-01-18,175.5,157.2,175.5,156.6,21672
2022-01-19,162.3,153.0,163.5,152.118,24727
2022-01-20,154.8,149.1,161.7,148.5,19941
2022-01-21,146.4,137.7,147.3,135.6,33584
2022-01-24,136.5,142.8,143.4,127.05,35672
2022-01-25,138.0,140.4,144.9,135.9,18030
2022-01-26,143.7,135.6,147.3,133.5,20157
2022-01-27,138.0,127.5,139.5,126.6,18004
2022-01-28,126.9,130.5,130.5,121.8,19522
2022-01-31,130.2,143.1,143.1,130.2,21123
2022-02-01,143.4,147.6,150.6,139.2,16274
2022-02-02,147.0,136.8,147.6,135.9,14699
2022-02-03,131.1,130.8,137.1,129.9,12012
2022-02-04,130.5,135.9,139.2,129.9,18216
2022-02-07,138.3,144.6,147.3,137.1,17928
2022-02-08,147.0,145.8,147.0,140.1,15928
2022-02-09,147.6,150.0,152.1,146.7,21311
2022-02-10,149.7,144.9,155.997,141.9,22378
2022-02-11,144.6,138.6,149.4,138.0,12372
2022-02-14,139.8,135.0,140.4,133.5,13237
2022-02-15,138.9,145.5,147.0,136.8,15578
2022-02-16,143.1,144.6,144.9,138.6,10174
2022-02-17,141.0,135.0,144.3,133.5,11200
2022-02-18,138.3,132.0,138.3,130.5,15680
2022-02-22,129.6,128.1,132.75,126.3,17526
2022-02-23,129.0,120.9,129.3,120.6,24698
2022-02-24,117.3,130.8,131.4,115.8,18862
2022-02-25,135.0,128.4,135.0,124.8,13932
2022-02-28,126.3,127.5,131.4,124.5,12801
2022-03-01,126.6,130.8,138.3,126.6,22194
2022-03-02,130.8,130.8,134.1,127.5,13118
2022-03-03,132.3,122.4,132.6,120.6,18759
2022-03-04,123.6,114.0,124.8,113.1,14712
2022-03-07,114.0,112.5,116.4,109.5,16949
2022-03-08,111.9,113.1,118.8,108.0,13836
2022-03-09,117.6,125.4,128.1,117.6,21313
2022-03-10,123.3,122.4,126.3,118.2,11430
2022-03-11,124.2,117.3,126.15,117.3,16823
2022-03-14,117.0,106.2,117.9,105.3,30573
2022-03-15,112.2,88.8,114.0,86.1,56642
2022-03-16,91.2,90.9,91.2,77.1,62987
2022-03-17,87.3,101.4,101.4,86.7,40409
2022-03-18,99.9,100.5,107.1,97.8,126533
2022-03-21,100.5,91.5,101.4,90.63,18848
2022-03-22,93.0,100.2,109.2,93.0,63054
2022-03-23,96.3,96.3,102.9,95.1,22856
2022-03-24,97.8,99.3,99.75,95.7,20634
2022-03-25,99.0,93.9,99.0,93.3,16562
2022-03-28,93.6,92.4,96.3,90.3,17073
2022-03-29,93.9,99.3,100.5,93.45,27660
2022-03-30,98.4,94.5,99.855,93.6,12928
2022-03-31,94.5,92.4,96.45,91.5,16188
2022-04-01,94.5,99.0,103.2,92.4,25655
2022-04-04,99.9,100.2,100.8,96.9,16770
2022-04-05,99.0,95.4,101.7,93.3,17712
2022-04-06,96.6,90.0,96.6,88.8,23405
2022-04-07,89.1,90.3,92.7,88.182,18061
2022-04-08,90.0,86.1,91.2,84.3,14318
2022-04-11,84.9,85.5,86.7,82.5,17539
2022-04-12,87.3,82.8,88.5,82.5,19399
2022-04-13,82.8,84.3,85.2,81.9,15001
2022-04-14,84.6,80.1,84.9,78.9,21672
2022-04-18,79.5,71.4,79.5,71.1,19934
2022-04-19,71.7,77.1,77.85,70.5,21071
2022-04-20,77.4,73.8,77.4,71.7,19823
2022-04-21,75.0,69.0,76.8,68.4,17894
2022-04-22,68.4,68.7,71.1,67.8,14142
2022-04-25,67.8,70.8,71.25,66.3,17716
2022-04-26,69.0,63.3,70.2,63.3,15184
2022-04-27,63.6,62.7,65.052,61.5,20624
2022-04-28,63.3,62.7,63.9,59.1,17289
2022-04-29,61.5,59.7,65.7,59.4,13391
2022-05-02,59.4,63.6,64.5,59.4,23316
2022-05-03,63.0,63.9,64.8,61.65,16194
2022-05-04,63.765,66.3,66.75,60.0,17237
2022-05-05,64.8,57.9,66.6,57.3,55795
2022-05-06,58.8,58.2,60.3,55.5,16584
2022-05-09,57.3,52.5,57.9,51.9,34238
2022-05-10,54.0,55.8,60.555,54.0,25795
2022-05-11,55.5,49.5,55.65,49.2,28078
2022-05-12,48.9,45.6,51.0,44.7,29253
2022-05-13,47.4,47.7,50.4,47.4,29598
2022-05-16,48.0,53.1,54.9,46.5,28152
2022-05-17,54.6,56.7,58.8,54.6,19023
2022-05-18,54.6,53.4,58.5,52.8,20220
2022-05-19,52.5,51.9,54.33,50.4,18480
2022-05-20,52.5,51.3,54.0,47.1,23350
2022-05-23,51.9,50.4,54.3,49.2,14505
2022-05-24,50.1,47.1,50.1,46.65,23196
2022-05-25,46.5,46.8,48.9,45.9,17587
2022-05-26,46.5,46.5,47.7,46.2,18081
2022-05-27,47.4,48.9,49.35,45.0,22182
2022-05-31,49.2,50.4,54.45,48.9,65976
2022-06-01,50.4,45.3,51.3,45.0,23983
2022-06-02,45.9,45.9,47.1,44.55,14827
2022-06-03,45.9,53.7,54.45,45.9,35166
2022-06-06,54.9,53.1,56.4,52.2,39933
2022-06-07,52.2,62.7,63.3,52.2,37365
2022-06-08,64.8,54.6,66.3,54.3,60286
2022-06-09,52.8,43.5,53.1,43.2,65338
2022-06-10,46.5,40.5,46.5,38.1,39008
2022-06-13,39.0,36.3,39.0,34.8,25284
2022-06-15,36.9,36.3,38.1,35.1,29900
2022-06-16,34.8,34.5,36.0,33.3,23693
2022-06-17,34.8,37.8,39.9,34.8,50007
2022-06-21,39.0,41.7,42.66,38.7,315016
2022-06-22,45.6,44.7,50.1,41.1,1307673
2022-06-23,44.7,43.8,46.2,41.4,270823
2022-06-24,44.7,43.5,47.7,43.05,504780
2022-06-27,44.4,53.1,54.0,43.5,546876
2022-06-28,53.4,47.1,55.5,45.9,323702
2022-06-29,48.0,46.8,48.6,44.7,206760
2022-06-30,45.3,48.0,49.35,44.7,201259
2022-07-01,47.4,45.9,48.6,45.0,183689
2022-07-05,46.8,48.3,48.9,45.3,141275
2022-07-06,48.3,45.9,49.8,45.3,119290
2022-07-07,46.5,47.1,48.597,45.45,152894
2022-07-08,46.5,52.2,52.8,46.2,107341
2022-07-11,52.2,47.4,52.2,46.8,79258
2022-07-12,48.6,45.3,48.6,44.7,68579
2022-07-13,44.1,45.9,48.75,43.5,106859
2022-07-14,45.0,45.0,46.197,43.95,65625
2022-07-15,45.3,42.6,45.6,42.3,80086
2022-07-18,43.5,44.4,46.5,42.9,108267
2022-07-19,44.7,46.2,46.2,42.6,83261
2022-07-20,46.2,50.4,51.6,45.63,93032
2022-07-21,50.1,52.5,52.95,49.5,49686
2022-07-22,52.8,47.7,52.8,47.1,55317
2022-07-25,48.3,48.0,49.8,47.1,43772
2022-07-26,46.8,45.0,47.253,44.85,50679
2022-07-27,45.0,46.5,46.8,44.85,37880
2022-07-28,46.2,45.6,46.65,44.7,33807
2022-07-29,45.0,44.1,45.9,43.35,63541
2022-08-01,44.1,42.9,44.1,42.6,34479
2022-08-02,42.3,45.6,46.5,42.3,42417
2022-08-03,45.3,50.1,51.0,45.3,76973
2022-08-04,50.4,50.4,51.0,47.7,38906
2022-08-05,49.5,52.2,52.8,48.279,65258
2022-08-08,53.1,48.3,53.1,46.5,64698
2022-08-09,48.0,45.9,48.0,44.4,53379
2022-08-10,46.5,49.5,49.8,45.6,51934
2022-08-11,49.5,48.9,51.9,48.6,49603
2022-08-12,49.2,60.3,60.9,48.9,209519
2022-08-15,59.4,61.8,63.75,57.6,73232
2022-08-16,60.9,59.7,60.9,56.1,70097
2022-08-17,58.5,58.5,61.5,57.3,44681
2022-08-18,58.8,57.9,59.4,56.7,29402
2022-08-19,56.7,52.2,56.76,51.6,38279
2022-08-22,51.6,49.2,52.5,47.4,36575
2022-08-23,48.6,49.2,50.7,48.0,32049
2022-08-24,49.2,51.0,51.9,48.6,16674
2022-08-25,51.3,51.0,51.9,50.1,22426
2022-08-26,51.0,48.0,51.0,47.427,34714
2022-08-29,47.4,48.3,48.9,46.2,37298
2022-08-30,49.2,47.7,49.8,46.5,43458
2022-08-31,48.3,48.3,49.35,46.8,29398
2022-09-01,47.7,47.4,47.7,45.6,37324
2022-09-02,47.7,47.1,51.45,46.2,39472
2022-09-06,47.4,45.9,48.45,45.15,29967
2022-09-07,45.0,47.4,47.85,44.4,37321
2022-09-08,45.9,49.8,50.25,45.9,24236
2022-09-09,49.5,49.5,51.75,48.6,30306
2022-09-12,49.5,51.3,52.2,48.6,32308
2022-09-13,48.9,49.2,50.1,48.3,23723
2022-09-14,48.9,49.2,50.7,47.4,30963
2022-09-15,48.6,49.5,52.2,48.3,39388
2022-09-16,49.2,45.6,49.2,44.7,78337
2022-09-19,45.0,45.0,46.5,43.5,39067
2022-09-20,45.0,42.0,45.45,42.0,26379
2022-09-22,40.5,38.1,40.8,36.9,53181
2022-09-23,38.1,36.6,38.1,35.4,32864
2022-09-26,36.9,36.6,38.1,35.1,32342
2022-09-27,38.1,37.8,40.2,36.6,46612
2022-09-28,38.1,40.8,41.4,38.1,34921
2022-09-29,39.6,39.3,40.5,38.7,24235
2022-09-30,39.6,39.0,42.3,39.0,13454
2022-10-03,40.8,42.0,43.281,39.6,32839
2022-10-04,42.6,45.0,45.6,42.0,23535
2022-10-05,43.5,43.5,44.7,42.672,8571
2022-10-06,43.8,44.4,45.3,42.0,21314
2022-10-07,43.5,42.0,43.5,41.1,24332
2022-10-10,41.4,39.9,42.0,39.618,13714
2022-10-11,40.2,41.7,42.15,38.55,22767
2022-10-12,41.4,40.2,42.3,38.7,18590
2022-10-13,39.0,41.1,42.0,37.8,19934
2022-10-14,41.1,39.9,42.0,39.3,14659
2022-10-17,40.5,41.7,42.0,38.7,18572
2022-10-18,41.7,42.3,43.806,41.4,21604
2022-10-19,42.0,39.6,43.2,38.4,31563
2022-10-20,39.9,40.5,41.4,39.6,19875
2022-10-21,40.2,42.0,42.75,38.7,23168
2022-10-24,42.3,41.4,43.476,39.3,14742
2022-10-25,42.0,42.9,43.2,41.7,10194
2022-10-26,42.9,42.0,44.7,41.1,15614
2022-10-27,42.0,41.7,42.3,40.65,13989
2022-10-28,41.4,42.6,43.5,40.65,13141
2022-10-31,42.0,42.0,42.75,41.1,14078
2022-11-01,42.3,42.3,44.367,42.15,11896
2022-11-02,42.6,41.7,43.5,40.8,20808
2022-11-03,40.5,42.0,42.0,39.9,10837
2022-11-04,42.3,39.0,42.6,38.4,20836
2022-11-07,38.7,37.2,38.946,37.2,21603
2022-11-08,36.9,38.1,39.3,36.9,14553
2022-11-09,38.4,39.6,42.0,37.95,16736
2022-11-10,41.4,41.4,43.2,40.8,21334
2022-11-11,41.1,44.1,45.0,41.1,23758
2022-11-14,44.4,43.8,46.5,43.2,26849
2022-11-15,43.8,44.7,46.8,43.8,25054
2022-11-16,44.7,47.4,51.0,43.5,54517
2022-11-17,45.9,47.1,48.0,45.6,18054
2022-11-18,47.1,46.2,47.1,45.6,7345
2022-11-21,46.2,44.4,46.2,43.5,6185
2022-11-22,43.8,44.4,45.0,42.6,10885
2022-11-23,44.1,42.3,44.7,42.0,9984
2022-11-25,42.0,42.0,43.797,41.7,10002
2022-11-28,41.7,40.5,42.9,40.5,10442
2022-11-29,42.0,39.0,42.0,39.0,11624
2022-11-30,39.6,41.1,41.4,39.0,13236
2022-12-01,40.8,39.9,41.55,39.9,5616
2022-12-02,39.3,40.2,40.5,38.4,11458
2022-12-05,40.2,37.2,40.2,36.9,37524
2022-12-06,37.2,36.0,37.5,34.8,32125
2022-12-07,35.7,35.4,36.0,34.5,22060
2022-12-08,36.0,34.8,36.0,33.0,25367
2022-12-09,34.8,35.7,37.5,34.5,14923
2022-12-12,35.7,35.4,36.9,34.8,19396
2022-12-13,37.2,36.0,37.2,35.1,13214
2022-12-14,36.0,36.9,37.2,35.1,16002
2022-12-15,36.0,36.0,36.6,35.4,9669
2022-12-16,35.7,35.4,36.45,34.8,47979
2022-12-19,35.7,34.8,35.7,33.9,22201
2022-12-20,34.2,32.4,35.1,32.4,16712
2022-12-21,32.4,31.8,33.6,30.9,12420
2022-12-22,31.5,30.0,32.1,30.0,25701
2022-12-23,30.3,30.3,30.9,29.4,13654
2022-12-27,30.6,29.793,30.9,28.8,14863
2022-12-28,29.79,29.097,31.2,28.5,21201
2022-12-29,29.1,30.3,31.2,28.65,41892
2022-12-30,30.0,35.7,35.7,30.0,30527
2023-01-03,36.6,35.1,38.7,34.2,30206
2023-01-04,36.0,40.8,41.4,34.545,46570
2023-01-05,40.8,40.5,42.0,39.0,24455
2023-01-06,41.4,40.8,43.2,38.4,26364
2023-01-09,41.1,37.5,41.7,37.2,19964
2023-01-10,37.5,38.4,39.15,36.9,14513
2023-01-11,39.0,39.0,40.8,38.25,13613
2023-01-12,39.0,41.7,42.3,38.1,18558
2023-01-13,41.1,41.1,43.5,40.35,23211
2023-01-17,41.1,42.3,42.6,40.8,9136
2023-01-18,42.3,39.0,43.14,39.0,13603
2023-01-19,38.7,36.6,39.0,36.3,9640
2023-01-20,37.5,36.3,37.5,36.3,9973
2023-01-23,36.3,36.3,37.8,36.15,16243
2023-01-24,36.3,36.9,37.5,35.7,20566
2023-01-25,36.6,35.7,36.9,35.25,13724
2023-01-26,36.0,34.8,36.0,34.5,12643
2023-01-27,34.5,35.1,36.0,34.5,26008
2023-01-30,35.1,34.2,35.4,33.9,11344
2023-01-31,33.9,34.8,35.7,33.9,10757
2023-02-01,35.4,35.1,36.297,34.5,12296
2023-02-02,36.3,36.3,37.2,35.4,18123
2023-02-03,38.4,36.6,39.0,36.6,15347
2023-02-06,37.2,36.3,37.8,35.703,12095
2023-02-07,36.0,35.4,37.05,35.1,9924
2023-02-08,34.8,33.9,36.18,33.9,9790
2023-02-09,33.9,33.9,35.4,33.6,15287
2023-02-10,33.9,33.3,34.2,32.4,14231
2023-02-13,33.6,34.5,34.5,32.4,15565
2023-02-14,34.2,34.5,35.85,33.9,11503
2023-02-15,34.2,37.5,38.679,33.9,46915
2023-02-16,36.9,36.3,37.8,35.25,46275
2023-02-17,35.7,36.6,37.2,35.7,34317
2023-02-21,36.0,34.8,36.3,34.5,16614
2023-02-22,35.7,33.6,35.7,33.0,73618
2023-02-23,33.3,34.2,35.4,31.8,40773
2023-02-24,33.9,33.0,33.9,33.0,13767
2023-02-27,33.0,33.0,33.573,31.8,23098
2023-02-28,32.7,33.6,34.47,32.7,11695
2023-03-01,33.3,33.6,34.5,33.3,11515
2023-03-02,33.6,34.2,35.4,33.0,9745
2023-03-03,33.9,35.1,36.15,33.654,8293
2023-03-06,34.5,32.1,34.8,31.8,23541
2023-03-07,32.4,33.0,34.05,31.8,11458
2023-03-08,33.0,34.5,34.5,32.4,13080
2023-03-09,34.8,30.6,35.7,30.3,24303
2023-03-10,30.6,27.3,31.5,27.033,34570
2023-03-13,28.326,27.885,29.82,27.303,16484
2023-03-14,27.885,26.67,28.659,25.932,24507
2023-03-15,26.328,26.982,26.982,25.8,10549
2023-03-16,26.166,26.652,28.164,25.8,19299
2023-03-17,26.346,26.1,26.82,25.26,15697
2023-03-20,26.1,24.9,26.283,24.03,17481
2023-03-21,25.5,25.5,25.8,24.03,24546
2023-03-22,25.2,23.715,25.944,23.421,17754
2023-03-23,23.7,22.191,24.744,21.45,23025
2023-03-24,22.113,21.0,22.647,20.75403,19658
2023-03-27,21.789,22.197,22.2,20.46,97580
2023-03-28,22.5,23.019,24.744,22.5,45210
2023-03-29,24.3,22.74,24.3,22.2,23385
2023-03-30,22.8,21.06,23.4,21.0,21264
2023-03-31,21.54,22.608,23.04,21.015,23873
2023-04-03,22.8,23.235,23.988,22.5144,11724
2023-04-04,23.406,23.07,23.7,22.266,10280
2023-04-05,22.5,22.554,23.06703,22.2,11631
2023-04-06,23.013,23.694,23.751,22.5,11431
2023-04-10,23.7,22.956,23.7,22.8,5715
2023-04-11,23.4,24.129,24.6,22.8,23119
2023-04-12,24.0,23.55,24.9,23.4,43253
2023-04-13,24.6,26.139,27.3,24.294,29991
2023-04-14,26.7,25.353,27.3,25.2,12261
2023-04-17,25.5,24.75,25.8,24.75,18540
2023-04-18,25.2,27.246,28.425,24.96,45207
2023-04-19,26.955,27.141,28.44,25.899,17141
2023-04-20,27.03,27.3,27.6,26.55,9627
2023-04-21,27.0,27.3,27.9,26.7,15575
2023-04-24,27.3,26.46,27.9,26.4,11794
2023-04-25,26.4,26.442,27.138,25.5,10716
2023-04-26,26.07,24.336,26.99697,23.853,19389
2023-04-27,24.525,24.6,24.6,22.809,8729
2023-04-28,24.042,25.2,25.5,24.042,6716
2023-05-01,24.993,25.575,26.115,24.9,5617
2023-05-02,25.62,24.6,26.4,24.369,5477
2023-05-03,24.6,24.6,25.5,24.369,4209
2023-05-04,25.278,24.747,26.1,23.793,10078
2023-05-05,24.645,25.5,25.8,24.645,16289
2023-05-08,25.5,25.5,26.19,24.948,9546
2023-05-09,24.75,25.5,26.1,24.75,6087
2023-05-10,25.5,24.9,26.397,24.24,16238
2023-05-11,23.211,22.5,24.9,22.5,33312
2023-05-12,22.878,22.38,23.697,21.9,17821
2023-05-15,23.1,22.725,23.4,22.44,7139
2023-05-16,23.1,22.47,23.62398,22.2,8858
2023-05-17,22.2,22.32,23.487,21.3,17525
2023-05-18,22.5,21.903,22.584,21.6,9749
2023-05-19,23.409,23.307,25.35,22.821,32785
2023-05-22,23.4,23.508,23.86803,22.5,13876
2023-05-23,23.811,25.875,26.733,23.811,33182
2023-05-24,27.0,24.459,27.018,24.33,11289
2023-05-25,24.609,21.972,25.497,21.9,25432
2023-05-26,22.794,22.173,23.04,21.9,18580
2023-05-30,22.8,25.2,25.575,22.23,29062
2023-05-31,25.5,22.2,27.0,22.2,47615
2023-06-01,23.7,23.01,24.0,22.056,26205
2023-06-02,23.4,22.5,23.697,22.47,19744
2023-06-05,23.697,24.3,24.99,22.2,31050
2023-06-06,24.378,24.45,24.9,23.46,13636
2023-06-07,24.6,23.37,25.2,22.5,26981
2023-06-08,23.127,22.695,23.964,21.768,25549
2023-06-09,22.281,21.96,22.79397,21.768,16879
2023-06-12,21.9,22.14,22.59,21.57,25417
2023-06-13,22.5,21.3,22.5,21.033,43680
2023-06-14,21.144,19.797,22.2,19.64997,58145
2023-06-15,19.938,20.373,20.61,19.371,21014
2023-06-16,20.553,19.8,21.18,18.3,50705
2023-06-20,20.061,19.5,20.1,19.257,13984
2023-06-21,18.6,17.7,18.9,17.7,36506
2023-06-22,18.0,17.427,18.3,17.1,28211
2023-06-23,17.814,17.262,18.159,17.262,27535
2023-06-26,17.763,17.097,18.015,16.983,21192
2023-06-27,17.1,16.35,17.391,15.9,30093
2023-06-28,16.05,15.774,16.2,15.39,19763
2023-06-29,15.45,15.6,16.2,15.36,16365
2023-06-30,15.6,15.78,16.161,15.33,15920
2023-07-03,16.053,16.2,16.8,15.903,10669
2023-07-05,16.95,15.609,16.95,15.609,25931
2023-07-06,16.2,16.143,16.629,15.615,15586
2023-07-07,16.143,17.577,17.577,15.858,36088
2023-07-10,17.64,19.2,19.863,17.34,54266
2023-07-11,19.8,18.018,19.8,18.018,26979
2023-07-12,18.3,20.124,21.9,18.3,73125
2023-07-13,20.13,20.808,21.6,20.13,29537
2023-07-14,21.6,20.4,21.675,19.8,30867
2023-07-17,20.685,19.953,21.3,19.953,32488
2023-07-18,20.097,19.65,20.532,19.08,24154
2023-07-19,19.44,19.833,20.7,19.296,16395
2023-07-20,20.265,19.02,20.64,18.75,27298
2023-07-21,19.203,19.23,19.896,18.069,21860
2023-07-24,20.1,17.871,20.25,17.448,23482
2023-07-25,18.0,17.397,18.441,16.548,27102
2023-07-26,17.13,17.55,17.907,16.95,17467
2023-07-27,17.7,16.98,18.285,16.92,19142
2023-07-28,18.0,16.863,18.027,16.038,43157
2023-07-31,17.4,17.34,17.643,17.1,14065
2023-08-01,17.7,17.388,18.153,17.1,26173
2023-08-02,17.109,16.47,17.838,16.125,39101
2023-08-03,16.122,16.179,16.8,16.011,14000
2023-08-04,17.22,16.8,17.397,16.2,22188
2023-08-07,17.1,15.915,17.346,15.915,15810
2023-08-08,15.975,15.81,16.56,15.6,27504
2023-08-09,15.72,16.194,16.377,15.6,16696
2023-08-10,16.092,16.2,16.5,15.876,10891
2023-08-11,16.011,16.05,16.425,15.636,8435
2023-08-14,15.897,15.927,16.239,15.6,23314
2023-08-15,16.053,15.912,16.494,15.9,53798
2023-08-16,17.646,15.75,18.27,14.1,392343
2023-08-17,15.3,13.8,15.3,12.42,134527
2023-08-18,13.494,14.4,15.147,13.2,89325
2023-08-21,14.697,13.5,14.697,13.497,59024
2023-08-22,13.86,13.65,14.7,13.278,28211
2023-08-23,13.65,15.3,16.194,13.65,66850
2023-08-24,15.3,15.0,15.735,14.97,19995
2023-08-25,15.0,15.3,15.723,14.16,33665
2023-08-28,15.327,16.05,16.2,15.3,17145
2023-08-29,16.269,16.11,16.764,15.597,42422
2023-08-30,16.11,14.748,16.35,14.55,37460
2023-08-31,14.73,13.875,15.246,13.5,43895
2023-09-01,13.8,14.61,14.85,13.8,21966
2023-09-05,14.244,14.1,14.7,14.04,20612
2023-09-06,13.95,13.194,14.07,12.918,55570
2023-09-07,13.005,12.303,13.203,12.174,34091
2023-09-08,12.789,12.45,12.9,12.03,21863
2023-09-11,12.906,12.909,12.909,12.906,13
2023-09-12,12.792,13.194,13.80603,12.648,24550
2023-09-13,12.726,12.894,13.4667,12.726,19667
2023-09-14,12.87,12.594,13.464,12.42,25942
2023-09-15,12.9,12.3,13.164,12.165,23201
2023-09-18,13.2,12.309,13.497,12.3,32424
2023-09-19,12.3,12.729,12.885,12.3,22823
2023-09-20,12.447,12.9,13.41,12.447,25918
2023-09-21,12.9,11.79,12.9,11.58,34721
2023-09-22,12.0,11.412,12.23388,11.4,21125
2023-09-25,11.4,11.064,11.559,10.5,13560
2023-09-26,10.845,11.319,11.4,10.84272,12714
2023-09-27,11.4,11.1,11.772,11.1,26020
2023-09-28,11.1,10.683,11.1,10.524,11877
2023-09-29,10.563,10.239,11.082,10.23,19623
2023-10-02,10.785,9.972,10.785,9.75,21661
2023-10-03,9.75,9.66,10.047,8.73,43380
2023-10-04,9.315,9.681,9.75,9.315,11742
2023-10-05,9.6,9.432,9.744,9.36,13202
2023-10-06,9.45,9.657,9.744,9.45,9265
2023-10-09,9.603,9.36,9.693,9.315,4592
2023-10-10,9.3,9.195,10.344,9.195,40896
2023-10-11,9.03,9.684,10.08,9.0,112384
2023-10-12,9.303,9.273,9.61689,8.415,44824
2023-10-13,9.0,9.003,9.18,8.73,18435
2023-10-16,9.15,9.009,9.36,9.006,13826
2023-10-17,9.168,9.213,9.36,9.003,16611
2023-10-18,9.159,9.249,9.3,8.823,12575
2023-10-19,9.0,9.09,9.297,9.0,18343
2023-10-20,9.12,8.907,9.297,8.73,26094
2023-10-23,9.237,8.916,9.237,8.523,21066
2023-10-24,9.0,8.664,9.156,8.571,25582
2023-10-25,9.0,8.577,9.0,8.4,15416
2023-10-26,8.7,8.715,8.985,8.43,24599
2023-10-27,8.97,8.607,8.97,8.25,25378
2023-10-30,8.889,9.285,9.6,8.553,45926
2023-10-31,9.72,9.234,10.05,9.153,47532
2023-11-01,9.885,11.97,12.0,9.603,144162
2023-11-02,12.099,12.0,12.45,10.527,57045
2023-11-03,12.3,12.768,12.768,11.79,45673
2023-11-06,13.05,11.997,13.185,11.763,44472
2023-11-07,12.153,11.7,13.197,11.7,58167
2023-11-08,12.0,11.793,12.0,11.46,16633
2023-11-09,12.15,11.82,12.3,11.655,35005
2023-11-10,11.7,11.364,12.0,11.109,23411
2023-11-13,11.586,10.29,11.586,10.224,21064
2023-11-14,10.233,10.395,10.533,9.501,25293
2023-11-15,10.716,11.22,11.22,10.398,22322
2023-11-16,11.55,11.466,12.15,10.809,45010
2023-11-17,11.646,13.098,13.098,11.646,51998
2023-11-20,13.398,13.44,14.085,13.2,31355
2023-11-21,12.9,12.591,13.71,12.39,13990
2023-11-22,12.87,12.714,13.26,12.3,11555
2023-11-24,12.9,12.42,13.2,11.559,51261
2023-11-27,11.667,11.49,12.3,11.484,17622
2023-11-28,12.0,12.24,12.3,11.508,23258
2023-11-29,12.3,11.1,12.471,10.8,22411
2023-11-30,11.4,10.653,11.85,10.65,51270
2023-12-01,10.8,10.95,11.103,10.5,21328
2023-12-04,11.367,11.586,11.805,10.827,11056
2023-12-05,11.625,12.138,12.723,11.274,22438
2023-12-06,12.3,12.315,12.6,11.847,11677
2023-12-07,12.3,12.15,12.567,11.19,20154
2023-12-08,12.135,12.081,12.294,11.808,12536
2023-12-11,12.0,11.67,12.0,11.4,12466
2023-12-12,11.7,11.55,12.0,11.40903,9055
2023-12-13,11.589,11.859,12.15,11.25,46740
2023-12-14,12.093,12.288,12.71997,12.0,22081
2023-12-15,12.3,11.955,12.45,11.604,26200
2023-12-18,11.742,10.566,11.997,10.566,20281
2023-12-19,10.5,10.83,11.22,10.5,19440
2023-12-20,11.064,10.803,11.19,10.56,19656
2023-12-21,10.65,10.617,10.908,10.497,14622
2023-12-22,10.8,11.106,11.445,10.62,24772
2023-12-26,11.097,10.986,11.37,10.938,18017
2023-12-27,11.529,10.833,11.529,10.66803,31030
2023-12-28,10.875,11.097,11.364,10.83,48538
2023-12-29,10.971,10.95,11.394,10.881,62503
2024-01-02,10.806,11.1,11.64,10.8,42402
2024-01-03,11.259,11.673,11.673,11.229,11349
2024-01-04,11.7,11.7,11.97,11.4,22887
2024-01-05,11.277,11.166,11.5245,11.1015,13024
2024-01-08,11.175,11.94,12.336,11.175,99603
2024-01-09,13.134,13.146,15.0015,12.75,1180547
2024-01-10,13.5,12.825,13.59,12.63,124194
2024-01-11,13.17,12.81,13.2,11.973,103853
2024-01-12,12.747,12.903,12.951,12.36,53567
2024-01-16,13.017,12.15,13.02,12.0,47152
2024-01-17,12.0,11.7,12.3,11.25,63307
2024-01-18,11.43,11.307,11.91,11.1,34789
2024-01-19,11.781,11.43,11.781,10.815,55237
2024-01-22,10.998,11.157,11.22,10.59,57843
2024-01-23,10.845,10.95,11.34,10.593,31654
2024-01-24,11.223,10.8,11.334,10.5,48421
2024-01-25,10.857,10.893,11.01,10.503,18355
2024-01-26,10.95,10.848,11.04,10.65,14739
2024-01-29,10.8,11.55,11.577,10.8,25634
2024-01-30,11.469,11.4,11.562,11.115,15152
2024-01-31,11.511,11.295,11.547,11.232,11867
2024-02-01,11.1,11.4,11.514,11.1,7855
2024-02-02,11.4,11.106,11.4,11.1,6579
2024-02-05,11.7,11.427,11.7,10.8,38515
2024-02-06,11.37,11.895,12.24,11.37,18767
2024-02-07,12.06,12.0,12.3,11.952,22362
2024-02-08,11.964,11.994,12.36,11.643,21423
2024-02-09,11.25,11.52,11.628,11.097,54824
2024-02-12,11.7,11.253,12.111,11.253,50513
2024-02-13,11.37,11.172,11.37,10.92,28777
2024-02-14,11.16,11.99,12.164,10.94,137286
2024-02-15,12.0,11.6,12.15,11.54,61601
2024-02-16,11.95,11.85,12.04,11.6,85556
2024-02-20,12.0,12.95,13.25,11.79,137608
2024-02-21,12.78,12.36,12.96,12.2005,38989
2024-02-22,12.46,12.17,12.8399,12.1,27588
2024-02-23,12.12,13.29,13.429,12.0,71897
2024-02-26,13.35,16.0,16.41,13.35,167057
2024-02-27,16.26,16.04,16.525,15.69,79326
2024-02-28,15.87,18.56,18.85,15.63,131067
2024-02-29,18.88,18.5,19.4299,18.01,224871
2024-03-01,14.6,12.72,14.7799,11.6,1823775
2024-03-04,12.82,12.5,12.94,12.21,299506
2024-03-05,12.4,12.21,12.75,12.14,178415
2024-03-06,12.4,12.5,12.84,12.21,84767
2024-03-07,12.58,12.57,12.78,12.3,70993
2024-03-08,12.55,12.01,12.7,11.81,166078
2024-03-11,12.13,11.68,12.21,11.6218,124628
2024-03-12,11.81,12.01,12.1,11.4,186893
2024-03-13,11.92,11.57,12.06,11.56,65228
2024-03-14,11.59,10.91,11.61,10.89,138119
2024-03-15,11.08,11.27,11.79,10.94,104521
2024-03-18,11.5,11.73,11.87,11.01,69238
2024-03-19,11.7,12.0,12.25,11.51,53731
2024-03-20,12.0,12.23,12.4,11.79,102655
2024-03-21,12.3,11.96,12.58,11.935,61675
2024-03-22,11.91,11.62,11.92,11.503,25386
2024-03-25,11.63,11.8,11.88,11.5158,40494
2024-03-26,12.14,12.75,13.44,12.01,388498
2024-03-27,12.8,12.98,13.34,11.59,324458
2024-03-28,13.24,13.56,13.7999,13.04,191191
2024-04-01,14.0,15.37,15.566,14.0,380655
2024-04-02,15.38,14.2,15.3832,13.6901,250988
2024-04-03,14.2,15.44,15.97,14.2,174952
2024-04-04,15.08,14.34,15.3268,13.89,140134
2024-04-05,14.28,14.27,14.9299,14.0001,65595
2024-04-08,14.21,13.53,14.5903,13.05,87439
2024-04-09,13.38,13.84,13.91,13.2001,56588
2024-04-10,13.62,14.11,14.11,13.4339,39090
2024-04-11,14.19,14.45,14.66,13.64,56885
2024-04-12,14.44,14.12,14.6081,14.0,30612
2024-04-15,14.39,13.06,14.39,12.582,115048
2024-04-16,13.02,12.87,13.1999,12.59,60682
2024-04-17,11.79,11.51,12.0,11.16,221806
2024-04-18,11.41,10.72,11.66,10.7,71899
2024-04-19,10.51,9.74,10.84,9.5224,170634
2024-04-22,9.78,9.68,9.85,9.1501,47192
2024-04-23,9.67,10.23,10.36,9.52,31106
2024-04-24,10.19,9.82,10.35,9.785,33626
2024-04-25,9.66,9.72,10.1016,9.65,21921
2024-04-26,9.65,9.38,10.0,9.38,28994
2024-04-29,9.36,9.84,9.92,9.31,24534
2024-04-30,10.0,10.41,10.6,9.85,40049
2024-05-01,10.6,10.48,10.725,10.13,35526
2024-05-02,10.65,10.84,10.96,10.11,78087
2024-05-03,10.99,10.52,11.62,10.36,73819
2024-05-06,10.5,10.66,10.7,10.4443,17843
2024-05-07,10.75,10.57,10.75,10.125,33238
2024-05-08,11.05,11.27,11.3606,10.4739,90635
2024-05-09,11.17,10.93,11.2853,10.56,17125
2024-05-10,10.9,10.64,11.0,10.23,41703
2024-05-13,12.05,11.5,12.05,11.1,105794
2024-05-14,12.0,11.62,12.0,11.02,25807
2024-05-15,11.92,12.09,12.51,11.91,87860
2024-05-16,12.12,11.98,12.21,11.75,23572
2024-05-17,12.08,12.4,12.67,11.96,38963
2024-05-20,12.79,12.84,13.115,12.55,45355
2024-05-21,12.85,13.05,13.0629,12.6776,30980
2024-05-22,13.23,13.08,13.23,12.646,35424
2024-05-23,13.18,13.0,13.436,12.83,32448
2024-05-24,12.97,12.74,13.207,12.4016,18649
2024-05-28,12.94,12.65,12.98,12.27,22165
2024-05-29,12.43,12.27,12.5,11.7999,32267
2024-05-30,12.15,12.82,13.2109,11.69,87651
2024-05-31,12.82,12.9,13.32,12.8,22967
2024-06-03,12.88,13.1,13.23,12.85,24888
2024-06-04,13.11,13.23,13.2675,13.0,17541
2024-06-05,13.25,13.01,13.25,13.01,22574
2024-06-06,12.94,12.54,13.1,12.3,35307
2024-06-07,12.25,12.2,12.53,11.6557,16852
2024-06-10,12.19,12.2,12.54,11.66,49079
2024-06-11,12.19,12.0,12.2,11.9,20821
2024-06-12,12.11,11.75,12.11,11.63,23120
2024-06-13,11.71,11.38,11.81,11.25,21163
2024-06-14,11.23,11.12,11.49,10.85,44861
2024-06-17,10.94,10.89,11.1737,10.7,33793
2024-06-18,10.76,10.1,10.895,10.1,35221
2024-06-20,10.1,9.77,10.3794,9.54,52588
2024-06-21,9.87,9.4,10.0749,9.35,173368
2024-06-24,9.35,9.48,9.97,9.2,57669
2024-06-25,9.44,9.57,9.675,9.3301,19303
2024-06-26,9.59,9.67,9.84,9.53,12879
2024-06-27,9.6,9.42,9.79,9.1709,27159
2024-06-28,9.4401,9.73,9.8,9.18,86479
2024-07-01,9.75,9.89,9.98,9.6001,67164
2024-07-02,9.91,9.41,9.91,9.41,60019
2024-07-03,9.4,9.28,9.6,9.22,16005
2024-07-05,9.26,9.2,9.3678,9.1,22829
2024-07-08,9.16,9.3,9.4199,9.14,28821
2024-07-09,9.2,9.25,9.25,9.11,15041
2024-07-10,9.15,9.74,9.77,9.15,16044
2024-07-11,9.78,9.81,9.89,9.3369,54492
2024-07-12,9.65,10.13,10.13,9.51,43332
2024-07-15,10.3,10.24,10.38,10.15,25898
2024-07-16,10.38,10.38,10.49,10.03,59177
2024-07-17,10.2,10.39,10.41,9.81,37245
2024-07-18,10.42,9.93,10.42,9.77,24658
2024-07-19,10.0,9.88,10.16,9.591,10394
2024-07-22,9.78,9.96,9.9934,9.5401,14884
2024-07-23,9.96,9.95,10.25,9.84,9146
2024-07-24,9.95,9.95,10.0677,9.7301,19983
2024-07-25,9.87,10.17,10.38,9.87,30510
2024-07-26,10.09,10.1,10.43,9.99,16867
2024-07-29,10.03,10.0,10.2338,9.6801,15202
2024-07-30,9.84,9.55,9.9334,9.32,20749
2024-07-31,9.56,9.53,9.6,9.438,15468
2024-08-01,10.24,9.57,10.3999,9.474,45252
2024-08-02,9.63,9.32,9.67,9.05,28012
2024-08-05,8.83,8.91,9.04,8.45,30371
2024-08-06,8.78,8.7,8.96,8.56,43452
2024-08-07,8.84,8.59,8.93,8.4,18922
2024-08-08,9.0052,8.46,9.0052,8.4,65186
2024-08-09,8.65,8.58,8.7781,8.4044,11097
2024-08-12,8.67,8.84,8.871,8.65,9209
2024-08-13,8.805,8.95,9.2,8.805,11054
2024-08-14,9.0,8.96,9.0,8.8,8389
2024-08-15,8.96,8.61,9.1199,8.46,55798
2024-08-16,8.76,8.83,8.87,8.65,14378
2024-08-19,8.83,8.95,8.95,8.5303,52068
2024-08-20,8.86,8.85,8.98,8.6216,11320
2024-08-21,8.8,9.83,9.96,8.8,111524
2024-08-22,9.89,9.72,9.9999,9.71,25085
2024-08-23,9.645,9.69,9.8499,9.4101,19405
2024-08-26,10.09,9.94,10.1,9.7,76103
2024-08-27,9.94,9.71,9.94,9.512,18669
2024-08-28,9.75,9.72,9.83,9.57,16004
2024-08-29,9.75,10.55,10.77,9.72,85377
2024-08-30,10.7,10.88,11.0765,10.485,63861
2024-09-03,11.09,10.4,11.09,10.28,38097
2024-09-04,10.35,9.91,10.35,9.69,44033
2024-09-05,10.0,9.73,10.4,9.7,31263
2024-09-06,9.72,9.94,10.0,9.58,36371
2024-09-09,9.94,10.27,10.36,9.79,34605
2024-09-10,10.2,10.25,10.45,9.88,40898
2024-09-11,10.29,10.5,10.56,10.13,36156
2024-09-12,10.59,10.49,10.71,10.14,31027
2024-09-13,10.42,10.3,10.68,10.2301,43986
2024-09-16,10.46,10.33,10.64,10.27,46535
2024-09-17,10.44,10.22,10.48,10.1201,55701
2024-09-18,10.24,9.6,10.355,9.6,84857
2024-09-19,9.7,9.47,9.9,9.35,32965
2024-09-20,9.53,9.61,9.8,9.04,66521
2024-09-23,9.5,9.38,9.565,8.96,51667
2024-09-24,9.38,9.19,9.74,9.0,82453
2024-09-25,9.2,9.13,9.5384,8.9635,66803
2024-09-26,8.97,9.11,9.5,8.96,52323
2024-09-27,9.21,9.05,9.29,8.9301,94147
2024-09-30,8.96,8.96,9.29,8.8,89943
2024-10-01,8.92,9.1,9.21,8.78,75702
2024-10-02,9.1,9.15,9.37,8.825,89617
2024-10-03,9.06,9.53,9.78,9.0102,54698
2024-10-04,9.63,9.4,9.8131,9.2162,63363
2024-10-07,9.47,9.24,9.5487,9.08,54456
2024-10-08,9.16,9.15,9.39,9.13,37610
2024-10-09,9.09,9.02,9.27,9.0,27003
2024-10-10,9.02,8.96,9.12,8.7,91657
2024-10-11,8.82,8.92,9.246353,8.77,78880
2024-10-14,8.95,8.91,9.13,8.8,51192
2024-10-15,8.92,8.79,9.1,8.75,71548
2024-10-16,8.88,9.01,9.13,8.8,100014
2024-10-17,9.03,8.96,9.1783,8.88,54881
2024-10-18,8.9,8.94,9.09,8.81,42871
2024-10-21,9.01,8.82,9.2,8.66,58018
2024-10-22,8.74,8.78,9.05,8.6329,50116
2024-10-23,8.73,8.55,8.81,8.48,49202
2024-10-24,8.52,8.48,8.9999,8.41,85702
2024-10-25,8.48,8.37,8.5801,8.2101,53789
2024-10-28,8.33,8.28,8.4724,8.28,39044
2024-10-29,8.25,8.16,8.349,8.16,60664
2024-10-30,8.19,8.07,8.2692,8.01,49716
2024-10-31,8.05,8.56,8.5887,7.97,575359
2024-11-01,8.67,9.02,9.14,8.6,77348
2024-11-04,8.49,8.29,8.9545,8.02,132536
2024-11-05,8.16,8.46,8.58,8.155,39432
2024-11-06,8.67,8.4,8.7899,8.32,84484
2024-11-07,8.4,8.42,8.575,8.345,36013
2024-11-08,8.35,8.38,8.43,8.25,65013
2024-11-11,8.38,8.38,8.6227,8.282,73092
2024-11-12,8.35,8.37,8.4,8.2,201573
2024-11-13,8.46,8.08,8.51,8.06,126943
2024-11-14,8.05,7.7,8.17,7.67,75303
2024-11-15,7.7,7.62,7.722,7.48,71905
2024-11-18,7.62,7.26,7.77,7.2305,84665
2024-11-19,7.22,7.16,7.33,7.07,87088
2024-11-20,7.31,7.18,7.55,7.0842,69491
2024-11-21,7.07,6.5,7.12,6.41,224751
2024-11-22,6.51,7.26,7.46,6.51,107668
2024-11-25,7.27,7.24,7.65,7.12,136925
2024-11-26,7.22,6.86,7.3799,6.86,79149
2024-11-27,6.86,7.11,7.17,6.75,77368
2024-11-29,7.11,7.29,7.38,7.11,22290
2024-12-02,7.2,6.87,7.3,6.8345,68801
2024-12-03,6.81,6.21,6.8795,6.18,174201
2024-12-04,6.18,6.18,6.46,6.06,82613
2024-12-05,6.08,6.08,6.311,6.02,46574
2024-12-06,6.02,5.86,6.055,5.7906,117713
2024-12-09,5.78,5.95,6.09,5.78,74363
2024-12-10,5.87,5.75,5.891,5.59,63585
2024-12-11,5.7,5.58,5.7,5.12,157392
2024-12-12,5.55,6.12,6.13,5.45,125270
2024-12-13,6.12,5.44,6.175,5.385,94670
2024-12-16,5.32,4.74,5.46,4.7,166529
2024-12-17,4.65,4.58,4.895,4.56,179553
2024-12-18,4.58,4.13,4.5945,4.13,194556
2024-12-19,4.44,4.6,4.6913,4.2527,116200
2024-12-20,4.51,4.72,5.0082,4.51,705510
2024-12-23,4.67,4.5,5.01,4.5,109546
2024-12-24,4.5,4.5,4.65,4.445,63788
2024-12-26,4.5,4.725,4.84,4.49,170262
2024-12-27,4.73,4.65,4.94,4.61,78177
2024-12-30,4.65,4.26,4.7,4.21,202376
2024-12-31,4.35,3.81,4.5,3.61,530452
2025-01-02,4.04,4.69,5.0,4.04,504222
2025-01-03,4.86,4.75,4.8997,4.605,154576
2025-01-06,4.91,4.69,5.0599,4.65,98882
2025-01-07,4.71,4.79,4.9674,4.59,179361
2025-01-08,4.77,4.5,4.91,4.5,114326
2025-01-10,6.8,5.7,7.4399,5.27,19259558
2025-01-13,5.71,5.74,6.0,5.1018,1106339
2025-01-14,5.78,5.38,5.8,5.2501,491167
2025-01-15,5.43,5.26,5.545,5.14,395426
2025-01-16,5.31,4.72,5.36,4.7,410836
2025-01-17,4.71,4.96,5.05,4.6364,183993
2025-01-21,4.91,4.56,5.0,4.55,279584
2025-01-22,4.6,4.97,5.05,4.5,269403
2025-01-23,5.03,5.0,5.08,4.62,137217
2025-01-24,5.03,5.08,5.1986,4.93,113736
2025-01-27,5.03,5.03,5.19,4.91,108122
2025-01-28,5.07,5.04,5.12,4.83,69342
2025-01-29,5.06,4.91,5.1,4.85,59513
2025-01-30,4.94,5.21,5.2794,4.91,119310
2025-01-31,5.2,5.01,5.41,5.01,103168
2025-02-03,4.92,4.67,5.0,4.67,85269
2025-02-04,4.71,5.01,5.1386,4.71,84588
2025-02-05,4.98,4.94,5.225,4.86,151180
2025-02-06,4.88,4.88,5.0854,4.8,52385
2025-02-07,4.85,4.7,4.98,4.647,118642
2025-02-10,4.71,4.79,4.93,4.6,92062
2025-02-11,4.82,4.89,4.98,4.7,72279
2025-02-12,4.9,5.07,5.12,4.83,87059
2025-02-13,5.15,5.06,5.15,4.93,58295
2025-02-14,5.01,5.27,5.405,5.01,99541
2025-02-18,5.41,5.15,5.462,5.06,107944
2025-02-19,5.345,5.65,5.85,5.32,367751
2025-02-20,5.7,5.89,5.99,5.451,379671
2025-02-21,5.95,5.93,6.1,5.74,188084
2025-02-24,5.98,5.63,5.98,5.375,189174
2025-02-25,5.63,5.47,5.63,5.25,118151
2025-02-26,5.46,5.51,5.5392,5.3279,56824
2025-02-27,5.51,5.49,5.64,5.41,26573
2025-02-28,5.34,5.39,5.5,5.0901,130524
2025-03-03,5.43,5.0,5.43,5.0,111792
2025-03-04,5.0,5.09,5.1,4.6901,156060
2025-03-05,5.15,5.24,5.305,5.0,72657
2025-03-06,5.13,5.15,5.33,5.07,27247
2025-03-07,5.21,5.18,5.32,5.0,74548
2025-03-10,5.2,5.1,5.3,5.0,65443
2025-03-11,5.1,5.01,5.15,4.9,62463
2025-03-12,5.05,5.06,5.23,5.0,36088
2025-03-13,5.1,5.05,5.17,5.0101,17775
2025-03-14,5.1,5.04,5.225,4.97,66428
2025-03-17,5.5,5.05,5.5,4.95,198374
2025-03-18,4.97,4.98,5.005,4.81,59695
2025-03-19,4.95,5.01,5.065,4.8506,964691
2025-03-20,5.06,5.36,5.4,4.98,60410
2025-03-21,5.46,5.45,5.46,5.1,104454
2025-03-24,5.5,5.64,5.7199,5.4702,117681
2025-03-25,5.5,5.09,5.51,5.09,87085
2025-03-26,5.07,4.53,5.08,4.3,319118
2025-03-27,4.66,4.54,4.8,4.53,66000
2025-03-28,4.75,4.7,4.788,4.55,76439
2025-03-31,4.65,4.77,4.86,4.25,86355
2025-04-01,4.68,4.49,4.99,4.4,126853
2025-04-02,4.42,4.69,4.83,4.42,48088
2025-04-03,4.51,4.71,4.79,4.51,78729
2025-04-04,4.54,4.61,4.71,4.4796,178135
2025-04-07,4.4,4.4,4.5,4.29,207893
2025-04-08,4.64,4.62,4.72,4.5129,135948
2025-04-09,4.56,4.55,4.7383,4.425,859458
2025-04-10,4.5,4.23,4.635,4.1,163708
2025-04-11,4.25,4.4,4.4884,4.23,121083
