2022-09-30,0.1,0.1,0.1,0.1,1000
2022-10-03,0.05,0.035,0.05,0.035,782570
2022-10-04,0.06,0.04,0.0651,0.04,508275
2022-10-05,0.04,0.0456,0.0489,0.0396,78317
2022-10-06,0.031,0.05,0.05,0.025,163500
2022-10-07,0.04,0.04,0.04,0.035,262501
2022-10-10,0.04,0.04,0.04,0.04,50000
2022-10-12,0.045,0.04,0.045,0.04,1120
2022-10-13,0.04,0.04,0.04,0.04,1675
2022-10-14,0.04,0.035,0.04,0.035,304100
2022-10-24,0.04,0.04,0.04,0.04,10000
2022-10-28,0.04,0.0375,0.04,0.0375,7200
2022-11-01,0.0375,0.035,0.0375,0.035,18200
2022-11-02,0.0325,0.04,0.3,0.0325,76300
2022-11-08,0.035,0.04,0.0433,0.035,50200
2022-11-09,0.0425,0.0425,0.0425,0.0425,200
2022-11-10,0.035,0.035,0.035,0.035,400
2022-11-11,0.04,0.04,0.0419,0.04,3700
2022-11-14,0.035,0.035,0.035,0.035,100
2022-11-17,0.035,0.035,0.035,0.035,1800
2022-11-18,0.035,0.038,0.038,0.035,378
2022-11-21,0.035,0.035,0.035,0.035,26022
2022-11-25,0.035101,0.035,0.035101,0.035,1000
2022-11-29,0.035,0.035,0.038,0.035,20517
2022-12-01,0.0351,0.0351,0.0351,0.0351,400
2022-12-02,0.0351,0.035,0.0351,0.035,9000
2022-12-05,0.035,0.035,0.035,0.035,18300
2022-12-09,0.0325,0.0325,0.0325,0.0325,25000
2022-12-13,0.0425,0.0425,0.0425,0.0425,4000
2022-12-30,0.0325,0.0325,0.0325,0.0325,2300
2023-01-03,0.0391,0.0401,0.0401,0.0391,240697
2023-01-04,0.0401,0.0401,0.0401,0.04,4377
2023-01-05,0.0425,0.0401,0.045,0.0401,32229
2023-01-09,0.0401,0.0401,0.0401,0.0401,10000
2023-01-11,0.0401,0.04,0.0401,0.04,34676
2023-01-13,0.04,0.0401,0.0403,0.04,9100
2023-01-23,0.0387,0.03,0.0405,0.03,27102
2023-01-25,0.03,0.03,0.03,0.03,1897
2023-02-09,0.0425,0.0425,0.0425,0.0425,3325
2023-02-10,0.0425,0.0425,0.0425,0.0425,100
2023-02-13,0.0347,0.035,0.035,0.0347,25880
2023-02-15,0.04,0.04,0.04,0.04,65000
2023-02-22,0.03,0.03,0.03,0.03,218
2023-02-28,0.04,0.029163,0.04,0.02875,75500
2023-03-06,0.04,0.04,0.04,0.04,17370
2023-03-08,0.04,0.04,0.04,0.039899,7242
2023-03-09,0.0425,0.0424,0.0425,0.0424,2000
2023-03-16,0.042399,0.0425,0.0425,0.042399,2996
2023-03-22,0.03,0.03,0.03,0.03,100
2023-03-24,0.0303,0.0303,0.0303,0.0303,100
2023-03-27,0.0277,0.0277,0.0277,0.0277,100
2023-03-28,0.0277,0.0275,0.0277,0.0275,40400
2023-03-29,0.03,0.03,0.03,0.03,100
2023-03-31,0.04,0.04,0.04,0.04,100
2023-04-03,0.04,0.04,0.04,0.04,3000
2023-04-12,0.0375,0.0375,0.0375,0.0375,16441
2023-04-17,0.0275,0.0275,0.0275,0.0275,125
2023-04-20,0.026,0.025,0.026,0.025,16239
2023-04-24,0.0275,0.0334,0.0349,0.0275,20900
2023-04-26,0.025,0.025,0.025,0.025,100
2023-04-27,0.0375,0.0375,0.0375,0.0375,2877
2023-04-28,0.036,0.036,0.036,0.036,1059
2023-05-05,0.025,0.025,0.025,0.025,100
2023-05-09,0.028,0.028,0.028,0.028,200
2023-05-15,0.028101,0.025,0.028101,0.025,3599
2023-05-19,0.0297,0.03,0.03,0.0297,10000
2023-05-26,0.0289,0.0287,0.0299,0.0264,8100
2023-05-30,0.02,0.0213,0.0213,0.02,55280
2023-06-02,0.025,0.025,0.025,0.025,4000
2023-06-05,0.0225,0.0225,0.0225,0.0225,1000
2023-06-06,0.0175,0.0175,0.0175,0.0175,16000
2023-06-07,0.0201,0.0218,0.0218,0.019899,25499
2023-06-08,0.025,0.025,0.025,0.025,362
2023-06-12,0.0175,0.0175,0.0175,0.0175,1100
2023-06-14,0.025,0.025,0.025,0.0213,10000
2023-06-16,0.025,0.024921,0.025,0.0215,16944
2023-06-20,0.0249,0.0249,0.0249,0.0249,2000
2023-06-21,0.0151,0.0151,0.0151,0.0151,100
2023-06-22,0.0151,0.0151,0.0151,0.0151,1000
2023-07-03,0.0151,0.01,0.0152,0.01,80388
2023-07-05,0.014799,0.009,0.0149,0.009,22750
2023-07-06,0.0179,0.0097,0.02,0.0083,12480
2023-07-07,0.0101,0.0119,0.012,0.0099,31500
2023-07-10,0.0177,0.0177,0.0177,0.0177,300
2023-07-11,0.0203,0.0203,0.0203,0.0203,200
2023-07-12,0.012,0.0113,0.012,0.011,26690
2023-07-14,0.0132,0.02,0.02,0.0132,5190
2023-07-17,0.0137,0.0137,0.0137,0.0137,300
2023-07-18,0.0136,0.0139,0.0151,0.0135,3631
2023-07-20,0.013,0.0112,0.013,0.0112,17669
2023-07-21,0.0114,0.015,0.015101,0.011,3790
2023-07-25,0.0128,0.0128,0.0128,0.0128,100
2023-07-26,0.0128,0.0128,0.0128,0.0128,100
2023-07-27,0.015,0.0165,0.0166,0.015,11942
2023-08-01,0.018,0.0161,0.018,0.0154,16300
2023-08-02,0.017,0.02,0.0201,0.0169,6109
2023-08-09,0.0195,0.025,0.0251,0.0195,70700
2023-08-11,0.025,0.025,0.025,0.0234,31797
2023-08-14,0.025,0.025,0.025,0.025,3000
2023-08-18,0.025,0.0151,0.025,0.0151,256
2023-08-21,0.0173,0.0173,0.0173,0.0173,195
2023-08-22,0.0231,0.0231,0.0231,0.0231,246
2023-08-23,0.025,0.025,0.025,0.025,400
2023-08-30,0.021,0.016,0.021,0.016,32010
2023-09-01,0.024,0.024,0.024,0.024,1000
2023-09-12,NaN,0.024,NaN,NaN,0
2023-09-13,0.0234,0.025,0.025,0.0234,1006
2023-09-15,0.025,0.025,0.0252,0.0161,257259
2023-09-19,0.0265,0.025,0.0266,0.025,2000
2023-09-26,0.0262,0.0263,0.0263,0.0262,402
2023-09-29,0.0225,0.025,0.025,0.0225,5100
2023-10-02,0.025,0.025,0.025,0.025,500
2023-10-06,0.02,0.0218,0.0218,0.02,200
2023-10-09,0.0265,0.0242,0.0265,0.0201,12000
2023-10-19,0.0153,0.021,0.021,0.0151,12895
2023-10-20,0.0215,0.011,0.0217,0.0091,90290
2023-10-23,0.0117,0.0247,0.0247,0.0117,1680
2023-10-24,0.0215,0.0163,0.0215,0.0163,300
2023-10-27,0.013,0.0153,0.0154,0.013,7020
2023-10-31,0.0192,0.016,0.0192,0.016,10100
2023-11-01,0.017,0.0138,0.017,0.0138,1215
2023-11-09,0.0156,0.0143,0.0156,0.0143,800
2023-11-10,0.0162,0.0141,0.0162,0.0141,244
2023-11-13,0.013,0.013,0.013,0.013,1100
2023-11-15,0.013,0.013,0.013,0.013,400
2023-11-21,0.013,0.013,0.0136,0.013,900
2023-11-22,0.0136,0.0131,0.0136,0.013,481
2023-11-27,0.0148,0.011,0.0148,0.011,6354
2023-11-28,0.0115,0.0116,0.0124,0.0114,1090
2023-12-01,0.02,0.0182,0.02,0.0182,201
2023-12-11,0.0162,0.0162,0.0162,0.0162,43700
2023-12-12,0.0139,0.0138,0.0139,0.0138,307
2023-12-15,0.013,0.013,0.013,0.013,1816
2023-12-19,0.013,0.013,0.013,0.013,1000
2023-12-26,0.0144,0.0131,0.0144,0.013,38996
2023-12-28,0.0143,0.013,0.0143,0.013,9464
2024-01-19,0.013,0.013,0.013,0.012,142236
2024-01-22,0.0136,0.013,0.0146,0.012987,209364
2024-01-26,0.0193,0.018,0.0198,0.018,4826
2024-01-29,0.0179,0.0179,0.0179,0.0179,31100
2024-01-30,0.0158,0.01665,0.01665,0.0157,2100
2024-02-01,0.0176,0.0176,0.0176,0.0176,400
2024-02-06,0.0158,0.0153,0.0158,0.0153,5000
2024-02-08,0.018,0.018,0.018,0.018,9400
2024-02-12,0.0161,0.0154,0.0161,0.015,4200
2024-02-14,0.015,0.019384,0.019384,0.015,101116
2024-02-16,0.0131,0.0131,0.0131,0.0131,1000
2024-02-20,0.0131,0.0135,0.0142,0.0131,1500
2024-02-21,0.0131,0.013,0.0131,0.013,111700
2024-02-27,0.019,0.019,0.019,0.019,400
2024-03-15,0.0141,0.013,0.0141,0.013,100000
2024-03-19,0.0177,0.0166,0.0189,0.0165,121800
2024-03-20,0.0134,0.0127,0.014,0.0127,219400
2024-03-26,0.0225,0.0226,0.0226,0.0225,1000
2024-04-02,0.0224,0.0199,0.0224,0.0199,2580
2024-04-09,0.0162,0.0161,0.0162,0.0161,200
2024-04-12,0.0219,0.0224,0.0224,0.0219,10000
2024-04-15,0.02,0.02,0.02,0.02,5000
2024-04-16,0.021,0.021,0.021,0.021,10400
2024-05-06,0.021,0.021,0.021,0.021,146
2024-05-08,0.021,0.02147,0.02147,0.021,3200
2024-05-10,0.021,0.021,0.021666,0.021,9700
2024-05-13,0.021,0.021666,0.021666,0.021,1250
2024-05-23,0.0211,0.021,0.0211,0.021,754
2024-07-08,0.013101,0.013,0.015116,0.013,3800
2024-08-01,0.014,0.014,0.014,0.014,5446
2024-08-05,0.0224,0.02,0.0224,0.02,350
2024-08-12,0.0224,0.03,0.03,0.0224,3600
2024-09-05,0.0239,0.0297,0.0298,0.0239,3056
2024-09-16,0.0298,0.0297,0.0298,0.0297,1278
2024-09-18,0.0172,0.0172,0.0299,0.0171,1804
2024-09-24,0.0145,0.0135,0.0145,0.0135,5000
2024-09-30,0.0147,0.0147,0.0147,0.0147,901
2024-10-11,0.0166,0.0253,0.0253,0.009,102900
2024-10-21,0.0247,0.0123,0.0247,0.0123,5169
2024-10-24,0.0134,0.0128,0.0139,0.0124,1000
2024-11-14,0.0131,0.0131,0.0131,0.0131,100
2024-11-19,0.0151,0.0151,0.0151,0.0151,900
2024-11-25,0.011,0.0104,0.0123,0.0103,3516
2024-11-26,0.0158,0.0115,0.0289,0.009573,69828
2024-11-27,0.0099,0.0088,0.01,0.0087,2100
2024-12-03,0.0108,0.01235,0.0143,0.0106,353524
2024-12-06,0.028,0.0268,0.028,0.021,2000
2024-12-09,0.025,0.025,0.025,0.025,1861
2024-12-10,0.023,0.023,0.023,0.023,193
2024-12-13,0.0126,0.0126,0.0126,0.0126,314
2024-12-16,0.012,0.0149,0.0149,0.0069,202062
2024-12-18,0.0212,0.028,0.028,0.0116,1400
2024-12-19,0.01935,0.0277,0.0277,0.011,15200
2024-12-20,0.0146,0.0113,0.0146,0.0113,511
2024-12-27,0.0116,0.0116,0.0116,0.0116,687
2024-12-30,0.019,0.0133,0.019,0.0133,5687
2024-12-31,0.0134,0.0134,0.0134,0.0134,2401
2025-01-02,0.0284,0.014,0.0284,0.0105,7243
2025-01-03,0.0172,0.0131,0.0172,0.0131,51918
2025-01-10,0.0169,0.0175,0.0199,0.0162,31400
2025-01-13,0.0184,0.02,0.02,0.0184,424
2025-01-16,0.0221,0.013,0.0248,0.013,2760
2025-01-21,0.0116,0.0151,0.0151,0.0116,1100
2025-01-24,0.0136,0.0146,0.0146,0.0115,37100
2025-01-27,0.02,0.0152,0.0285,0.0151,279775
2025-01-28,0.021,0.021,0.021,0.021,17140
2025-01-29,0.025851,0.025851,0.025851,0.025851,300
2025-02-03,0.022,0.022,0.0299,0.022,50336
2025-02-04,0.023,0.0166,0.023,0.0166,14345
2025-02-10,0.0279,0.025649,0.0293,0.025649,3000
2025-02-11,0.022,0.022,0.022,0.022,2500
2025-02-13,0.0293,0.0238,0.0294,0.0237,11300
2025-02-18,0.0267,0.024,0.0267,0.024,6100
2025-02-24,0.028,0.0293,0.0294,0.02575,46500
2025-02-28,0.0293,0.020203,0.0296,0.0201,24937
2025-03-03,0.0202,0.020203,0.0203,0.0202,5800
2025-03-05,0.0413,0.0465,0.0465,0.0413,2000
2025-03-21,0.0391,0.0391,0.0391,0.0391,619
2025-03-24,0.0396,0.0396,0.0396,0.0396,250
2025-03-25,0.0385,0.0386,0.0386,0.0385,250
2025-04-02,0.0278,0.0278,0.0278,0.0278,1500
2025-04-07,0.03,0.034,0.034,0.018,655333
2025-04-08,0.0212,0.0212,0.0212,0.0212,124
2025-04-09,0.0183,0.015,0.0339,0.015,24505
