2017-11-17,35.33,35.6599,35.67,35.33,2426
2017-11-20,35.6,36.31,36.36,35.5501,37388
2017-11-21,36.2119,36.35,36.43,36.0,11586
2017-11-22,36.0,36.4179,36.5,36.0,1495
2017-11-24,36.2053,36.2053,36.2053,36.2053,200
2017-11-27,36.17,36.4,36.69,36.17,2915
2017-11-28,36.46,36.5,36.5,36.46,1575
2017-11-29,NaN,36.5,NaN,NaN,74
2017-11-30,36.5,36.6,36.6,36.5,55946
2017-12-01,36.63,36.5199,36.73,36.3601,5168
2017-12-04,36.5,36.6,36.6,36.5,1190
2017-12-05,36.5,36.3118,36.5,36.055,3169
2017-12-06,36.4,36.6,36.6,36.4,28672
2017-12-07,36.6,36.75,36.75,36.6,3578
2017-12-08,36.75,36.2001,36.75,36.2001,5222
2017-12-11,36.5,36.4,36.6095,36.2,4100
2017-12-12,36.43,36.7,36.77,36.43,54135
2017-12-13,36.701,36.82,36.82,36.701,1760
2017-12-14,36.9,36.9,36.9,36.53,8355
2017-12-15,36.8,36.97,36.97,36.8,3115
2017-12-18,36.97,36.9,37.03,36.7519,3608
2017-12-19,36.85,36.92,37.19,36.6673,4840
2017-12-20,36.24,36.53,36.53,36.02,8000
2017-12-21,36.34,36.3314,36.38,36.3164,1661
2017-12-22,36.46,36.56,36.56,36.22,2690
2017-12-26,36.84,36.77,37.0,36.76,5330
2017-12-27,36.75,36.0975,36.75,36.64,2312
2017-12-28,36.44,36.4,36.53,36.4,1310
2017-12-29,36.25,36.85,37.03,36.25,1460
2018-01-02,36.2,36.2,36.2,36.2,110
2018-01-03,NaN,36.2,NaN,NaN,10
2018-01-04,36.0745,35.87,36.0953,35.87,2245
2018-01-05,36.19,36.1229,36.2,35.9161,3446
2018-01-08,36.152,36.152,36.152,36.152,324
2018-01-09,36.16,35.99,36.22,35.99,1845
2018-01-10,35.7179,35.5647,35.7179,35.5647,1820
2018-01-11,35.6,35.68,35.68,35.6,1270
2018-01-12,35.39,35.4608,35.4608,35.39,527
2018-01-16,35.31,35.8653,35.8653,35.31,2195
2018-01-17,NaN,35.8653,NaN,NaN,70
2018-01-18,35.51,35.55,35.6485,35.51,1555
2018-01-19,35.44,35.27,35.4744,35.27,1333
2018-01-22,35.3,35.2892,35.3245,35.23,1954
2018-01-23,35.25,35.435,35.435,35.25,1101
2018-01-24,35.7,35.7,35.7,35.7,10000
2018-01-25,NaN,35.7,NaN,NaN,101
2018-01-26,35.71,35.7,35.8,35.7,2813
2018-01-29,35.5,35.7544,35.7544,35.35,400
2018-01-30,35.29,35.15,35.33,35.15,1993
2018-01-31,35.86,35.89,35.89,35.86,25668
2018-02-02,35.894,35.0083,35.894,35.0083,4311
2018-02-05,34.51,35.2999,35.2999,34.51,1380
2018-02-06,34.11,35.14,35.14,34.11,3187
2018-02-07,35.18,35.3,35.31,35.18,22544
2018-02-08,35.1563,35.0,35.1563,35.0,18550
2018-02-09,34.45,35.895,35.895,34.45,5388
2018-02-12,35.89,35.89,35.89,35.89,228
2018-02-13,35.0,35.31,35.89,35.0,31700
2018-02-14,35.106,35.56,35.56,35.106,310
2018-02-16,35.39,35.2261,35.4,35.2206,680
2018-02-20,34.9975,35.3,35.3,34.9975,225
2018-02-21,35.0,35.2085,35.2085,35.0,1484
2018-02-23,35.54,35.1769,35.54,35.1769,3265
2018-02-26,35.8,35.02,35.8,35.02,3059
2018-02-27,35.401,36.19,36.19,35.401,680
2018-02-28,35.44,36.24,36.24,34.5,2707
2018-03-01,35.0,34.5883,35.069,34.5,23621
2018-03-02,34.97,35.0,35.1,34.9,1568
2018-03-07,35.275,35.2505,35.275,35.005,1185
2018-03-08,34.89,34.89,35.0,34.81,2611
2018-03-09,34.81,34.81,34.81,34.81,218
2018-03-12,34.8,34.81,34.81,34.8,500
2018-03-13,35.4205,35.5867,35.5867,34.77,6187
2018-03-15,34.72,35.1,35.146,34.44,6375
2018-03-16,NaN,35.1,NaN,NaN,58
2018-03-19,34.4,34.622,34.622,34.4,516
2018-03-20,34.781,34.51,34.781,34.51,415
2018-03-21,34.54,34.75,34.9601,34.5258,2365
2018-03-22,35.66,35.49,35.66,35.49,946
2018-03-23,35.2881,35.2881,35.2881,35.2881,954
2018-03-26,35.29,35.0,35.29,34.7501,2319
2018-03-27,35.0,34.0475,35.0,34.0892,2685
2018-03-28,33.6603,34.905,34.94,33.65,1819
2018-03-29,34.0284,34.86,34.86,34.02,19832
2018-04-02,34.13,34.31,34.37,33.94,3750
2018-04-03,34.72,34.39,34.72,34.35,950
2018-04-04,34.82,34.39,34.82,34.82,100
2018-04-05,NaN,34.39,NaN,NaN,97
2018-04-06,NaN,34.39,NaN,NaN,9
2018-04-09,34.45,34.255,34.45,34.255,500
2018-04-10,34.2825,34.1,34.33,34.1,61450
2018-04-11,34.84,33.4836,34.84,33.4836,988
2018-04-12,NaN,33.4836,NaN,NaN,444
2018-04-13,34.3,34.3,34.3,34.3,1129
2018-04-16,34.3,33.51,34.3,33.51,2578
2018-04-17,33.65,34.3,34.3,33.65,1601
2018-04-18,34.28,34.4,34.63,34.28,1378
2018-04-19,34.8158,34.087,34.8158,34.087,1763
2018-04-23,34.0924,33.6947,34.1,33.62,2850
2018-04-25,33.91,34.32,34.32,33.91,900
2018-04-26,34.125,34.125,34.125,34.125,375
2018-04-30,34.2028,34.32,34.32,34.2028,587
2018-05-01,34.35,33.9602,34.35,33.9458,880
2018-05-02,34.34,34.1722,34.35,33.9627,5811
2018-05-03,34.35,34.572,34.74,34.18,776
2018-05-04,33.6,33.6,33.6,33.6,600
2018-05-07,33.61,34.78,34.78,33.6,15030
2018-05-08,33.95,33.95,34.2,33.95,4111
2018-05-09,34.77,34.58,34.77,34.3,18700
2018-05-10,35.25,34.88,35.25,34.01,3828
2018-05-11,34.6,34.53,34.6,34.53,145982
2018-05-14,34.7012,34.7012,34.7012,34.7012,180
2018-05-15,34.16,34.18,34.18,34.16,1087
2018-05-16,34.0743,34.0743,34.0743,34.0743,310
2018-05-17,33.99,34.01,34.01,33.99,373
2018-05-21,34.01,34.5,34.5,34.01,800
2018-05-22,34.6,34.75,34.75,34.5,15050
2018-05-23,34.5,34.3333,34.5,34.3332,35089
2018-05-24,NaN,34.3333,NaN,NaN,64
2018-05-25,34.5,34.5,34.5,34.5,190
2018-05-29,34.6,34.75,34.75,34.5025,2900
2018-05-30,34.75,34.8369,35.0,34.5,5523
2018-05-31,34.5,34.98,34.98,34.5,600
2018-06-01,NaN,34.98,NaN,NaN,40
2018-06-04,34.35,34.91,34.91,34.35,1307
2018-06-05,NaN,34.91,NaN,NaN,35
2018-06-06,34.8496,34.8496,34.8496,34.8496,650
2018-06-08,34.6,34.7,34.7,34.6,1782
2018-06-11,34.43,34.6,34.6,34.43,2151
2018-06-12,34.9922,34.52,34.9922,34.23,1518
2018-06-13,34.1882,34.1882,34.5998,34.1882,540
2018-06-14,34.9099,34.7501,34.91,34.7501,5495
2018-06-15,34.95,34.95,34.95,34.95,5032
2018-06-18,35.0,35.0,35.0,35.0,850
2018-06-20,35.25,35.25,35.25,35.25,1573
2018-06-21,34.9,35.49,35.49,34.9,1342
2018-06-22,NaN,35.49,NaN,NaN,75
2018-06-25,35.45,35.3712,35.45,35.3,528
2018-06-26,35.14,35.3755,35.3755,35.14,520
2018-06-27,35.65,34.9234,35.65,35.4859,670
2018-06-28,35.09,35.09,35.09,34.9175,120858
2018-06-29,34.55,34.9232,34.9232,34.55,308
2018-07-02,NaN,34.9232,NaN,NaN,70
2018-07-03,34.92,34.63,34.9253,34.63,520
2018-07-05,34.9555,34.6101,34.9555,34.6101,720
2018-07-06,35.32,35.34,35.34,35.1482,1370
2018-07-09,NaN,35.34,NaN,NaN,10
2018-07-10,35.0498,35.05,35.05,35.0498,615
2018-07-12,34.7,35.1549,35.49,34.7,1299
2018-07-13,35.3964,35.3964,35.3964,35.3964,224
2018-07-16,NaN,35.3964,NaN,NaN,39
2018-07-17,35.068,34.8186,35.068,34.8186,1154
2018-07-18,35.2349,35.2349,35.2349,35.2349,160
2018-07-19,34.8686,35.3457,35.7199,34.8686,2269
2018-07-23,35.47,35.04,35.72,35.04,600
2018-07-24,35.04,35.0068,35.2679,35.0068,1170
2018-07-27,34.81,34.81,34.81,34.81,200
2018-07-30,35.225,35.225,35.225,35.225,240
2018-07-31,35.63,35.63,35.63,35.455,1320
2018-08-01,35.2,35.45,35.45,35.2,1300
2018-08-02,NaN,35.45,NaN,NaN,9
2018-08-03,35.5254,35.7,35.7,35.5254,1147
2018-08-06,NaN,35.7,NaN,NaN,50
2018-08-07,35.91,35.8499,35.91,35.8499,522
2018-08-08,35.429,35.429,35.429,35.429,139
2018-08-09,35.27,35.2764,35.2764,35.27,435
2018-08-13,NaN,35.2764,NaN,NaN,73
2018-08-14,35.75,35.85,35.85,35.75,500
2018-08-16,35.61,35.785,35.785,35.61,985
2018-08-17,35.72,35.87,35.97,35.72,5698
2018-08-21,35.87,35.87,35.87,35.87,100
2018-08-22,35.8,35.8,35.8,35.8,143250
2018-08-23,35.8,35.8,35.8,35.8,952
2018-08-24,35.97,35.99,35.99,35.7916,400
2018-08-27,35.99,35.71,35.99,35.71,1220
2018-08-28,35.8903,35.953,35.953,35.8903,250
2018-08-29,36.15,36.7,36.74,36.15,1416
2018-08-30,36.2,35.87,36.99,35.87,1750
2018-08-31,36.44,35.86,36.44,35.83,1045
2018-09-04,35.86,35.86,35.86,35.86,1078
2018-09-05,36.22,36.25,36.25,36.22,20000
2018-09-07,35.86,36.0316,36.17,35.86,560
2018-09-10,36.15,36.03,36.15,36.03,800
2018-09-12,NaN,36.03,NaN,NaN,8
2018-09-13,35.82,36.01,36.3617,35.82,4559
2018-09-14,NaN,36.01,NaN,NaN,47
2018-09-17,35.9,35.9889,35.9889,35.9,1373
2018-09-18,35.85,35.75,36.0292,35.72,3050
2018-09-19,35.75,35.759,35.9288,35.6,1110
2018-09-20,35.46,35.85,35.85,35.46,3601
2018-09-21,35.87,36.15,36.15,35.87,898
2018-09-24,36.0,35.85,36.0,35.8003,1539
2018-09-25,35.79,35.87,35.87,35.79,767
2018-09-26,35.82,35.2375,35.88,35.65,1435
2018-09-27,35.7854,35.7854,35.7854,35.7854,140
2018-09-28,35.92,35.92,35.92,35.92,200
2018-10-01,35.9522,35.9522,35.9522,35.9522,104
2018-10-02,NaN,35.9522,NaN,NaN,70
2018-10-03,35.8261,35.6935,35.8261,35.6,680
2018-10-04,NaN,35.6935,NaN,NaN,50
2018-10-05,35.61,35.61,35.61,35.61,150
2018-10-08,35.71,35.75,35.8585,35.71,2520
2018-10-10,35.86,35.8568,35.9499,35.83,2777
2018-10-11,35.95,35.4,35.95,35.4,2472
2018-10-12,35.31,35.36,35.36,35.2959,1444
2018-10-15,35.47,35.499,35.499,35.47,322
2018-10-16,35.15,35.46,35.5576,35.15,9743
2018-10-17,35.4812,35.5996,35.5996,35.4,1500
2018-10-19,35.42,35.4503,35.489,35.42,624
2018-10-22,35.25,35.4251,35.4251,35.01,700
2018-10-23,35.11,35.16,35.16,34.67,1100
2018-10-24,35.35,35.42,35.65,35.35,2306
2018-10-25,35.41,35.34,35.5849,35.12,9523
2018-10-26,35.39,34.79,35.4,34.79,5631
2018-10-29,35.1274,35.4,35.4,35.1274,2004
2018-10-30,35.7054,35.4956,36.1,35.49,6149
2018-10-31,35.3,35.5004,35.5004,35.3,135400
2018-11-01,35.33,35.6106,35.6106,35.33,552
2018-11-02,35.517,35.517,35.517,35.517,392
2018-11-05,35.4694,35.7077,35.7444,35.4201,17173
2018-11-06,35.7872,35.52,35.7873,35.5,3202
2018-11-07,35.87,35.8014,35.87,35.8014,362
2018-11-08,35.8557,35.9679,35.9679,35.8557,665
2018-11-09,35.87,35.8729,35.8729,35.87,1000
2018-11-12,36.15,36.0,36.15,36.0,9034
2018-11-13,35.93,35.78,36.1095,35.69,13298
2018-11-14,35.66,35.8512,36.03,35.66,412
2018-11-15,35.6691,35.6691,35.6691,35.6691,807
2018-11-16,35.49,35.73,35.73,35.49,4914
2018-11-19,35.75,35.61,35.7714,35.61,6481
2018-11-20,35.65,35.53,35.65,35.285,20241
2018-11-21,35.61,35.77,35.825,35.6,67993
2018-11-23,NaN,35.77,NaN,NaN,50002
2018-11-26,35.7,35.59,35.7,35.56,15853
2018-11-27,35.56,35.7,35.7,35.56,22859
2018-11-28,35.83,35.83,35.839,35.83,1282
2018-11-29,35.701,35.701,35.701,35.701,125
2018-11-30,35.68,35.59,35.7827,35.59,21657
2018-12-03,35.16,35.6088,35.6088,35.16,3831
2018-12-04,NaN,35.6088,NaN,NaN,9
2018-12-06,35.5385,35.6901,35.7916,35.35,12782
2018-12-07,35.39,35.63,35.83,35.39,16506
2018-12-10,35.51,35.5609,35.6012,35.2949,5722
2018-12-11,35.59,35.6652,35.739,35.52,5139
2018-12-12,35.74,35.17,35.74,35.17,3655
2018-12-13,35.34,35.5,35.5645,35.3,7478
2018-12-14,35.74,35.74,35.74,35.69,2000
2018-12-17,35.4939,35.2242,35.6,35.11,5653
2018-12-18,35.6517,35.7092,35.7092,35.6517,20867
2018-12-19,35.41,35.4752,35.6775,35.075,3906
2018-12-20,35.2,35.0928,35.36,34.99,5447
2018-12-21,35.16,35.27,35.3726,35.015,6516
2018-12-24,34.68,34.43,34.68,34.42,3111
2018-12-26,34.43,34.6189,34.75,34.34,5031
2018-12-27,34.51,33.7775,34.54,34.12,5100
2018-12-28,34.22,34.18,34.35,34.12,3120
2018-12-31,34.21,34.0,34.21,34.0,1130
2019-01-02,33.874,34.06,34.06,33.791,2583
2019-01-03,33.54,34.355,34.355,33.54,523
2019-01-04,34.3,34.3,34.3,34.05,3366
2019-01-07,34.3,34.4264,34.4264,34.3,1474
2019-01-08,34.75,34.82,34.83,34.6136,1431
2019-01-09,34.3,35.05,35.05,34.3,2073
2019-01-10,35.0,35.3708,35.47,35.0,11940
2019-01-11,35.0,35.62,35.62,35.0,5115
2019-01-14,35.23,35.2519,35.2519,35.0,106808
2019-01-15,35.3295,35.09,35.4,35.09,4067
2019-01-16,35.2,35.58,35.62,35.18,6074
2019-01-17,35.4784,35.39,35.4784,35.39,500
2019-01-18,35.63,35.67,35.71,35.63,1439
2019-01-22,35.66,35.74,35.7499,35.5,2627
2019-01-23,35.75,35.71,35.78,35.71,1106
2019-01-24,35.87,35.7501,35.87,35.7501,910
2019-01-25,35.99,35.93,35.99,35.75,3000
2019-01-28,36.0,36.18,36.18,35.83,7581
2019-01-29,36.28,36.41,36.41,36.16,3951
2019-01-30,36.28,36.54,36.55,36.17,343768
2019-01-31,36.49,36.94,36.94,36.49,32883
2019-02-01,36.5949,36.58,36.66,36.34,19702
2019-02-04,36.58,36.93,36.99,36.58,7411
2019-02-05,36.94,36.98,36.98,36.83,9198
2019-02-06,36.7,36.82,36.82,36.7,1930
2019-02-07,36.76,36.75,36.76,36.75,459
2019-02-08,37.06,37.0001,37.12,36.88,8473
2019-02-11,37.0,37.15,37.209,37.0,8173
2019-02-12,37.15,37.08,37.22,37.01,25899
2019-02-13,37.04,37.2,37.2371,37.0,2177
2019-02-14,37.24,37.45,37.45,37.1999,2329
2019-02-15,37.4277,37.4101,37.51,37.4101,1386
2019-02-19,37.54,37.54,37.5503,37.44,9869
2019-02-20,37.29,36.99,37.3,36.99,5572
2019-02-21,36.98,37.02,37.0999,36.95,2211
2019-02-22,37.37,37.3999,37.3999,37.36,1528
2019-02-25,37.42,37.3,37.42,37.19,15110
2019-02-26,37.05,37.19,37.2,36.99,5970
2019-02-27,36.96,37.11,37.11,36.75,7351
2019-02-28,37.0,37.35,37.45,36.77,47773
2019-03-01,37.03,36.89,37.05,36.78,5209
2019-03-04,36.67,37.06,37.06,36.67,1459
2019-03-05,37.06,37.28,37.28,37.06,1343
2019-03-06,37.1206,37.21,37.21,37.1206,665
2019-03-07,37.2,37.25,37.28,37.2,4212
2019-03-08,37.101,37.35,37.35,37.101,457
2019-03-11,37.4,37.56,37.56,37.4,1300
2019-03-12,37.65,37.74,37.74,37.6315,836
2019-03-13,37.6519,37.7,37.8399,37.58,2105
2019-03-14,37.74,37.75,37.75,37.74,242
2019-03-15,37.7,37.7,37.7,37.7,259
2019-03-18,37.47,37.63,37.65,37.4217,3662
2019-03-19,37.5,37.59,37.59,37.483,8664
2019-03-20,37.9,37.75,38.305,37.65,700
2019-03-21,37.52,38.03,38.03,37.52,3414
2019-03-22,38.01,37.94,38.06,37.78,3300
2019-03-25,37.97,38.055,38.055,37.84,5646
2019-03-26,37.83,38.23,38.24,37.83,6074
2019-03-27,38.1416,37.6075,38.26,38.03,14230
2019-03-28,37.96,38.0,38.07,37.53,8129
2019-03-29,37.7,37.89,38.095,37.7,41423
2019-04-01,37.79,37.89,37.89,37.64,12610
2019-04-02,37.84,37.75,37.85,37.72,106760
2019-04-03,37.82,37.88,37.88,37.7,49498
2019-04-04,38.05,37.83,38.05,37.83,516
2019-04-05,37.92,37.92,37.92,37.92,35512
2019-04-08,37.8465,37.8465,37.8465,37.8465,325
2019-04-09,37.8,37.75,37.8,37.6601,2073
2019-04-10,37.8881,37.9108,37.9553,37.8501,1309
2019-04-11,37.9317,37.9291,37.9458,37.87,1071
2019-04-12,NaN,37.9291,NaN,NaN,61
2019-04-15,38.0151,38.01,38.0151,38.01,888
2019-04-16,38.0098,37.82,38.0098,37.6266,159998
2019-04-17,37.55,37.35,37.55,37.35,9810
2019-04-18,37.6,37.73,37.75,37.6,1259
2019-04-22,37.54,37.489,37.54,37.39,2890
2019-04-23,37.76,37.76,37.76,37.76,728
2019-04-24,37.74,37.7326,37.74,37.7326,1110
2019-04-25,37.53,38.015,38.05,37.5,17689
2019-04-26,38.13,38.13,38.13,38.13,180661
2019-04-29,38.13,37.93,38.28,37.93,4811
2019-04-30,37.97,38.38,38.48,37.87,338971
2019-05-01,38.4,38.4,38.4001,38.21,3159
2019-05-02,38.3081,38.3081,38.3081,38.3081,280
2019-05-03,38.22,38.24,38.4111,38.21,2573
2019-05-06,38.2,38.27,38.3264,38.2,545
2019-05-07,38.142,38.142,38.142,38.142,237695
2019-05-08,37.98,37.89,38.13,37.88,7301
2019-05-09,37.73,37.9,37.9689,37.73,5799
2019-05-10,37.85,38.0,38.0,37.85,5926
2019-05-13,38.0103,38.05,38.24,37.95,6217
2019-05-14,38.25,38.05,38.25,38.03,6396
2019-05-15,38.31,38.28,38.31,38.06,6017
2019-05-16,38.1001,38.49,38.49,38.1001,1310
2019-05-17,38.27,38.28,38.28,38.25,477
2019-05-20,37.9,38.0,38.09,37.9,770
2019-05-21,38.3067,38.65,38.71,38.3067,510
2019-05-22,38.1,38.32,38.32,38.09,4013
2019-05-23,38.46,38.48,38.48,38.46,866
2019-05-24,38.5,38.5,38.5,38.49,1401
2019-05-28,38.5,38.59,38.78,38.49,24560
2019-05-29,NaN,38.59,NaN,NaN,126
2019-05-30,38.27,38.39,38.4,38.27,551
2019-05-31,38.5,38.51,38.98,38.39,35692
2019-06-03,NaN,38.51,NaN,NaN,136
2019-06-04,38.55,38.76,38.76,37.89,4995
2019-06-05,38.63,39.03,39.03,38.6,1632
2019-06-06,38.52,38.6777,38.87,38.45,2276
2019-06-07,38.26,38.8489,38.93,38.26,1138
2019-06-10,38.49,38.49,38.49,38.49,617
2019-06-12,38.27,38.27,38.27,38.27,887
2019-06-13,38.4831,38.35,38.4831,38.35,1098
2019-06-17,38.49,38.5,38.5,38.49,352
2019-06-18,38.5,38.6,38.9,38.5,1769
2019-06-19,38.29,38.83,38.85,38.29,2266
2019-06-20,38.45,38.8,38.87,38.41,4363
2019-06-21,38.11,38.64,38.64,38.11,21432
2019-06-24,38.68,38.49,38.68,38.07,3248
2019-06-25,38.55,38.23,38.55,38.08,131444
2019-06-26,37.9,37.5175,38.09,37.71,2772
2019-06-27,37.98,37.9,37.98,37.6641,20915
2019-06-28,37.756,37.95,37.95,37.756,25270
2019-07-02,37.64,37.8,37.8282,37.64,990
2019-07-03,37.8,37.9,37.9,37.8,4123
2019-07-05,37.74,37.84,37.9743,37.74,889
2019-07-08,NaN,37.84,NaN,NaN,98
2019-07-09,38.0,38.0,38.0,38.0,490
2019-07-10,38.02,38.02,38.02,38.02,1296
2019-07-11,38.0263,38.0263,38.0263,38.0263,307
2019-07-12,NaN,38.0263,NaN,NaN,24
2019-07-15,NaN,38.0263,NaN,NaN,154
2019-07-16,37.8172,37.7,37.8172,37.7,1112
2019-07-17,37.89,37.75,38.07,37.75,7979
2019-07-18,38.01,38.05,38.05,37.8265,1754
2019-07-19,38.02,37.67,38.02,37.66,981
2019-07-22,37.71,37.74,37.74,37.3535,1452
2019-07-23,NaN,37.74,NaN,NaN,267
2019-07-24,37.63,37.9366,38.06,37.63,2780
2019-07-25,37.61,37.82,38.27,37.61,10542
2019-07-26,37.6,37.6,37.6,37.6,500
2019-07-29,37.83,37.94,37.94,37.83,845
2019-07-30,38.15,38.13,38.15,38.09,1414
2019-07-31,38.11,38.22,38.41,38.01,65023
2019-08-01,38.13,38.1,38.13,38.0,2111
2019-08-02,38.12,38.23,38.25,38.11,5971
2019-08-05,37.96,37.97,37.97,37.96,551
2019-08-06,37.93,37.9766,37.9766,37.93,639
2019-08-07,37.98,38.23,38.23,37.94,996
2019-08-08,38.5,38.5,38.5,38.5,1820
2019-08-09,38.5,38.49,38.5,38.4109,3192
2019-08-12,38.5,38.5,38.5,38.5,4692
2019-08-13,38.301,38.45,38.45,38.301,151456
2019-08-14,NaN,38.45,NaN,NaN,10
2019-08-15,38.45,38.495,38.495,38.45,651
2019-08-16,38.49,38.5,38.5,38.48,1853
2019-08-19,38.5,38.67,38.67,38.5,893
2019-08-20,39.02,38.45,39.02,38.45,3483
2019-08-21,40.0,38.8626,40.0,38.5,4714
2019-08-22,NaN,38.8626,NaN,NaN,98
2019-08-23,38.53,39.1,39.13,38.45,1732
2019-08-26,39.48,38.47,39.48,38.47,850
2019-08-27,39.7,38.72,39.7,38.72,949
2019-08-28,39.545,38.79,39.88,38.79,6813
2019-08-29,38.61,38.6,38.8024,38.6,2216
2019-08-30,38.56,39.02,39.35,38.56,19992
2019-09-03,39.4,39.0,39.4,39.0,1194
2019-09-04,39.0,39.45,39.45,39.0,1378
2019-09-05,39.39,39.39,39.39,39.39,255
2019-09-06,39.39,39.66,39.83,39.39,951
2019-09-09,38.77,38.77,38.77,38.77,1158
2019-09-10,38.75,38.75,38.75,38.75,469
2019-09-11,38.91,38.91,38.91,38.91,1327
2019-09-12,39.49,39.43,39.49,38.94,1258
2019-09-13,38.81,38.81,38.8198,38.51,2122
2019-09-18,39.0054,38.575,39.0054,38.575,988
2019-09-19,39.15,38.8,39.15,38.58,13608
2019-09-20,38.9,39.11,39.12,38.9,520
2019-09-23,39.17,39.23,39.23,39.14,2027
2019-09-24,39.09,39.26,39.29,39.07,1033
2019-09-25,39.1299,39.13,39.13,39.1299,1024
2019-09-26,39.17,38.6075,39.17,39.17,673
2019-09-27,NaN,38.6075,NaN,NaN,46
2019-09-30,38.65,38.8,38.94,38.47,34963
2019-10-01,38.89,38.83,38.89,38.83,1833
2019-10-02,38.15,38.43,38.44,38.15,711
2019-10-03,38.43,38.41,38.82,37.99,8874
2019-10-04,38.37,38.37,38.37,38.37,118
2019-10-07,NaN,38.37,NaN,NaN,575268
2019-10-08,38.68,38.53,38.68,38.53,454
2019-10-09,NaN,38.53,NaN,NaN,167
2019-10-10,NaN,38.53,NaN,NaN,122
2019-10-11,38.4,38.76,38.82,38.4,368199
2019-10-14,38.24,38.79,38.79,38.24,2180
2019-10-15,39.06,38.73,39.06,38.73,1469
2019-10-16,38.6223,38.83,38.83,38.6223,1302
2019-10-17,38.89,38.73,38.89,38.73,7817
2019-10-18,NaN,38.73,NaN,NaN,101
2019-10-21,38.98,38.9056,38.98,38.88,2121
2019-10-22,38.8,38.97,38.97,38.8,1107
2019-10-23,38.98,38.89,38.99,38.89,3739
2019-10-24,38.72,38.73,39.0,38.71,14538
2019-10-25,37.98,38.7753,39.0,37.98,13053
2019-10-28,38.6131,38.88,38.89,38.6131,381
2019-10-29,38.7635,38.7635,38.7635,38.7635,290
2019-10-30,39.01,39.01,39.01,39.01,3016
2019-10-31,39.14,39.12,39.2,38.9,32312
2019-11-01,38.8575,38.8575,38.8575,38.8575,918
2019-11-04,38.8911,38.8911,38.8911,38.8911,709
2019-11-05,NaN,38.8911,NaN,NaN,230
2019-11-06,38.83,38.86,39.84,38.6,3735
2019-11-07,38.6344,38.598,38.7198,38.598,2048
2019-11-08,38.6543,38.58,38.6543,38.58,883
2019-11-11,38.73,38.73,38.73,38.73,422
2019-11-12,38.64,38.63,38.64,38.63,546
2019-11-13,38.44,38.4645,38.4645,38.44,300
2019-11-14,38.67,38.57,38.71,38.43,2538
2019-11-15,38.18,38.6805,38.6805,38.18,934
2019-11-18,38.66,38.73,38.7898,38.66,1647
2019-11-19,38.76,38.8,38.9,38.63,6219
2019-11-20,38.6,38.6,38.6,38.6,884
2019-11-21,NaN,38.6,NaN,NaN,270
2019-11-22,38.45,38.56,38.56,38.301,1182
2019-11-25,38.64,38.5424,38.64,38.5424,1095
2019-11-26,38.35,38.575,38.6,38.35,1227
2019-11-27,38.6,38.64,38.64,38.5654,1256
2019-11-29,38.64,38.7,38.7,38.51,4907
2019-12-02,38.57,38.57,38.57,38.57,407
2019-12-03,38.25,38.25,38.25,38.25,542
2019-12-04,38.27,38.54,38.54,38.25,1236
2019-12-05,38.28,38.32,38.391,38.28,2790
2019-12-06,38.34,38.338,38.38,38.27,1035
2019-12-09,NaN,38.338,NaN,NaN,20
2019-12-10,38.23,38.23,38.23,38.23,213
2019-12-11,38.28,38.07,39.37,37.25,6766
2019-12-12,NaN,38.07,NaN,NaN,113
2019-12-13,38.1,38.1,38.1,38.1,378
2019-12-16,37.99,38.38,38.38,37.95,2471
2019-12-17,NaN,38.38,NaN,NaN,1
2019-12-18,38.39,38.68,38.68,38.16,2688
2019-12-19,38.54,38.52,38.54,38.41,523
2019-12-20,38.24,38.24,38.32,38.2,2594
2019-12-23,38.2,38.2,38.2,38.2,636
2019-12-24,38.55,38.01,38.55,38.01,917
2019-12-27,38.3165,38.4208,38.4208,38.3165,490
2019-12-30,37.9799,37.9799,37.9799,37.9799,348
2019-12-31,38.24,38.19,38.34,38.106,2346
2020-01-02,37.91,38.23,38.31,37.91,3510
2020-01-03,38.24,38.39,38.39,38.24,1163
2020-01-06,38.33,38.4192,38.48,38.33,2162
2020-01-07,38.35,38.38,38.68,38.2361,2686
2020-01-08,38.41,38.42,38.545,38.41,2338
2020-01-09,38.39,38.41,38.495,38.38,1140
2020-01-10,38.01,38.49,38.49,38.01,1542
2020-01-13,38.4475,38.24,38.4475,38.24,1093
2020-01-14,38.28,38.3996,38.44,38.28,1511
2020-01-15,38.6019,38.62,38.62,38.6019,409
2020-01-16,38.5009,38.0,38.5009,38.0,1417
2020-01-17,38.65,38.65,38.65,38.65,243
2020-01-21,38.16,38.2228,38.2228,38.16,718
2020-01-22,38.68,38.68,38.68,38.68,610
2020-01-23,NaN,38.68,NaN,NaN,86
2020-01-24,NaN,38.68,NaN,NaN,10
2020-01-27,NaN,38.68,NaN,NaN,378
2020-01-29,38.75,38.75,38.75,38.75,466
2020-01-30,38.77,39.145,39.145,38.77,692
2020-01-31,38.5761,39.15,39.15,38.5761,3315
2020-02-03,39.09,39.09,39.09,39.09,1016
2020-02-04,38.63,38.5413,38.65,38.5413,934
2020-02-05,38.6151,38.6,38.62,38.6,2912
2020-02-06,38.5127,38.7,38.73,38.42,5754
2020-02-07,38.64,38.62,38.64,38.42,2136
2020-02-10,38.61,38.61,38.61,38.6,5709
2020-02-11,38.75,38.7,38.78,38.7,3860
2020-02-12,38.4136,38.4045,39.38,38.31,2868
2020-02-13,38.3124,38.4708,38.4708,38.3124,540
2020-02-14,38.4496,38.4037,38.48,38.33,2357
2020-02-18,38.4225,38.6306,39.33,38.4134,15450
2020-02-19,38.51,38.07,38.51,38.07,966
2020-02-20,38.78,38.67,38.78,38.67,807
2020-02-21,NaN,38.67,NaN,NaN,825
2020-02-24,38.86,38.25,38.86,38.161,30186
2020-02-25,38.08,37.77,38.08,37.77,11870
2020-02-26,37.8,37.9,37.92,37.76,5451
2020-02-27,37.55,37.38,37.62,37.38,6535
2020-02-28,37.37,36.73,37.55,34.77,28439
2020-03-02,36.73,36.73,37.556,36.53,1465
2020-03-03,37.54,36.73,37.8399,36.52,5944
2020-03-04,37.065,37.13,37.4799,36.65,6826
2020-03-05,36.8856,36.67,36.8856,36.47,6771
2020-03-06,35.08,34.94,35.77,34.15,21902
2020-03-09,33.3986,31.75,33.406,31.75,11222
2020-03-10,33.3,31.77,33.97,30.344,17399
2020-03-11,31.5,29.0,31.5562,28.82,20358
2020-03-12,22.4,21.55,23.44,19.9763,46823
2020-03-13,25.49,25.5,27.0,22.955,131137
2020-03-16,24.0,21.5,24.0,21.45,373413
2020-03-17,21.97,18.1,21.97,17.8,387886
2020-03-18,16.67,13.35,17.0,13.1001,448383
2020-03-19,13.88,15.57,18.21,13.59,49422
2020-03-20,16.8199,16.04,18.84,16.04,70882
2020-03-23,16.1,17.05,19.3,16.1,159807
2020-03-24,18.04,18.68,19.2986,18.0,83706
2020-03-25,20.54,20.44,22.19,19.6,114078
2020-03-26,22.47,21.5,22.89,21.01,251919
2020-03-27,20.33,21.3875,22.8,18.5,109538
2020-03-30,22.99,23.11,23.99,21.85,30075
2020-03-31,23.9998,21.51,24.0,20.55,18851
2020-04-01,21.0,20.6299,21.47,20.19,24879
2020-04-02,20.71,20.33,21.0,20.27,10447
2020-04-03,20.32,20.625,20.9275,20.0,27650
2020-04-06,21.25,22.84,22.94,21.1473,30726
2020-04-07,24.24,23.8495,24.24,23.5,7443
2020-04-08,23.84,23.6,23.84,23.5,27903
2020-04-09,24.0,26.04,26.13,24.0,19662
2020-04-13,25.45,24.59,25.89,20.74,37639
2020-04-14,24.51,25.59,26.31,24.51,14364
2020-04-15,24.77,25.01,25.9899,24.77,23488
2020-04-16,24.12,24.29,24.341,23.65,13816
2020-04-17,24.52,26.1051,26.25,24.52,12388
2020-04-20,25.1102,24.57,25.1102,24.44,7344
2020-04-21,24.57,24.04,24.57,24.0,3203
2020-04-22,24.6,24.85,25.0,24.51,7950
2020-04-23,24.9898,24.99,25.4,24.5,11002
2020-04-24,25.09,24.51,25.1,24.4,8561
2020-04-27,24.89,25.0,25.38,24.65,13529
2020-04-28,25.38,27.6,27.6,25.38,16516
2020-04-29,27.6,29.8,31.2,27.6,11092
2020-04-30,28.22,27.99,29.04,27.34,6995
2020-05-01,26.61,26.3,26.7618,26.1328,3576
2020-05-04,25.46,25.849,25.849,25.29,4065
2020-05-05,26.1,25.52,26.266,25.52,1459
2020-05-06,26.0,25.8,26.0,25.8,1670
2020-05-07,25.0,25.4172,26.18,24.95,24408
2020-05-08,25.24,26.37,26.5,25.24,3431
2020-05-11,26.0,26.24,26.81,25.57,47237
2020-05-12,26.24,25.5,26.9,25.25,8762
2020-05-13,25.46,25.052,25.5,25.0,7093
2020-05-14,24.27,24.8665,25.0,24.0,14615
2020-05-15,24.95,24.7988,24.95,24.62,3785
2020-05-18,25.01,25.39,25.7052,25.01,16693
2020-05-19,25.69,25.5,25.69,25.08,16149
2020-05-20,25.7,25.5,25.7,25.5,3899
2020-05-21,25.88,25.88,25.88,25.88,512
2020-05-22,25.88,25.77,25.9,25.7,1956
2020-05-26,26.1,26.19,26.535,25.75,10863
2020-05-27,26.715,26.15,26.715,26.0,19409
2020-05-28,26.335,26.0,26.37,25.92,5328
2020-05-29,25.99,25.57,25.99,25.4,17609
2020-06-01,25.72,25.75,25.8589,25.6,31318
2020-06-02,25.8,25.95,26.42,25.8,22165
2020-06-03,26.26,26.01,26.42,26.0,80344
2020-06-04,25.9,26.4,26.55,25.9,45865
2020-06-05,27.2,27.99,28.42,27.2,40611
2020-06-08,28.0,28.38,28.38,27.81,8804
2020-06-09,28.34,27.7,28.34,27.4,8345
2020-06-10,27.55,26.99,27.55,26.08,22707
2020-06-11,26.0,25.36,26.02,25.25,16031
2020-06-12,26.02,25.6477,26.355,25.64,6110
2020-06-15,25.65,26.71,26.71,25.65,6087
2020-06-16,27.49,27.15,27.57,26.53,17570
2020-06-17,27.05,27.14,28.01,27.05,11050
2020-06-18,26.375,27.5,27.6,26.375,8949
2020-06-19,27.18,27.15,27.74,27.01,9051
2020-06-22,26.75,27.13,27.13,25.98,6107
2020-06-23,26.88,26.5,27.23,26.5,7860
2020-06-24,26.32,25.825,26.32,25.6001,6339
2020-06-25,26.31,25.9,26.9,25.6259,7062
2020-06-26,25.75,25.3375,25.9,25.06,8112
2020-06-29,25.46,25.29,25.46,25.0,6035
2020-06-30,25.34,25.77,25.9,24.99,4661
2020-07-01,25.77,25.62,25.9118,25.2,5579
2020-07-02,25.6732,25.8066,25.835,25.6633,4661
2020-07-06,25.54,25.825,25.8772,25.41,19367
2020-07-07,25.62,25.3911,25.62,25.25,9264
2020-07-08,25.5,25.3999,25.5,25.3534,2073
2020-07-09,25.4,25.25,25.44,25.18,1098
2020-07-10,25.209,25.64,25.7,25.11,1362
2020-07-13,25.4613,25.24,25.4613,25.0,3850
2020-07-14,25.04,24.8707,25.04,24.695,3826
2020-07-15,24.9,24.95,25.255,24.9,3892
2020-07-16,25.0,25.44,25.44,25.0,822
2020-07-17,25.0038,25.35,25.3799,25.0038,942
2020-07-20,25.6,24.6,25.6,24.6,2807
2020-07-21,24.69,24.8,25.085,24.6501,4505
2020-07-22,24.62,25.15,25.33,24.62,4237
2020-07-23,24.87,24.85,25.0183,24.7762,7374
2020-07-24,24.65,25.21,25.97,24.65,16181
2020-07-27,25.5,25.5,25.5,25.5,337
2020-07-28,25.28,25.5301,25.74,25.23,4889
2020-07-29,25.99,25.925,25.99,25.8209,2202
2020-07-30,25.56,25.5,25.847,25.05,2994
2020-07-31,25.51,25.37,25.51,25.25,23255
2020-08-03,25.14,24.98,25.2184,24.75,9338
2020-08-04,25.35,25.2,25.36,25.0,8440
2020-08-05,25.02,25.45,25.45,25.02,976
2020-08-06,25.49,25.8,25.8,25.45,38399
2020-08-07,25.8743,27.1,27.1,25.8743,16832
2020-08-10,26.95,27.2,27.55,26.9,11252
2020-08-11,27.46,27.77,27.87,27.46,31434
2020-08-12,27.6458,27.76,27.76,27.52,3346
2020-08-13,27.46,27.87,27.96,27.46,12095
2020-08-14,28.03,27.87,28.03,27.6,6718
2020-08-17,27.6,27.97,28.0,27.59,5876
2020-08-18,27.95,28.16,28.54,27.95,5969
2020-08-19,28.57,28.54,28.705,28.41,5712
2020-08-20,28.87,28.75,28.88,28.69,2573
2020-08-21,28.51,28.8012,28.97,28.275,24432
2020-08-24,28.61,29.2349,29.29,28.61,8487
2020-08-25,28.7074,29.44,29.44,28.7074,1034
2020-08-26,28.82,29.66,29.66,28.65,7434
2020-08-27,29.98,29.8992,30.51,29.87,7229
2020-08-28,29.85,29.9,29.9,29.77,3404
2020-08-31,28.9797,28.8,29.98,28.63,28806
2020-09-01,28.65,29.33,29.47,28.19,8569
2020-09-02,29.86,30.01,30.01,29.86,20915
2020-09-03,30.42,30.6203,30.6203,30.42,492
2020-09-04,30.5,30.6,30.635,30.3276,2101
2020-09-08,29.79,30.01,30.62,29.79,1349
2020-09-09,30.245,30.4999,30.5,30.245,2382
2020-09-10,30.25,30.25,30.25,30.1966,1970
2020-09-11,30.31,30.24,30.31,29.635,1982
2020-09-14,30.14,29.922,30.15,29.922,52025
2020-09-15,29.89,29.92,30.0,29.89,35096
2020-09-16,29.94,30.12,30.13,29.94,27207
2020-09-17,29.9,29.5,30.1,29.31,2737
2020-09-18,29.4999,29.5514,29.5514,29.45,2369
2020-09-21,29.1,29.35,29.35,29.1,3984
2020-09-22,29.31,29.29,29.33,29.08,9736
2020-09-23,29.24,29.5,29.5,29.12,6310
2020-09-24,29.29,29.2002,29.3,29.2002,655
2020-09-25,28.915,28.9,28.915,28.9,848
2020-09-28,29.42,29.1575,29.83,29.42,3508
2020-09-29,29.15,29.4,30.0,29.12,6447
2020-09-30,29.6,29.26,29.6,26.59,3140
2020-10-01,29.26,29.4,29.58,29.26,21680
2020-10-02,28.99,29.79,29.79,28.99,4497
2020-10-05,28.5999,28.22,28.99,28.22,13686
2020-10-06,28.19,27.0,28.2905,25.7838,15518
2020-10-07,26.17,28.17,28.34,26.17,19214
2020-10-08,28.18,28.69,28.69,28.18,4700
2020-10-09,28.33,27.98,28.4,27.9,5290
2020-10-12,27.99,28.2,28.37,27.92,24450
2020-10-13,27.92,27.16,27.94,27.1,103509
2020-10-14,27.02,26.83,28.51,26.4001,11883
2020-10-15,27.2,27.0,27.7802,26.65,6333
2020-10-16,27.0,26.46,27.0,26.46,24500
2020-10-19,27.02,27.0,27.25,26.27,7564
2020-10-20,27.0,27.524,27.68,27.0,4640
2020-10-21,27.53,27.6,27.62,27.5,3140
2020-10-22,27.74,28.265,28.6,27.74,4387
2020-10-23,28.35,28.64,28.6691,28.35,1235
2020-10-26,27.88,28.08,28.2812,27.25,1859
2020-10-27,28.28,27.14,28.3,27.14,8799
2020-10-28,26.93,26.71,27.315,26.71,14451
2020-10-29,26.89,27.25,27.5,26.89,10998
2020-10-30,26.94,27.25,27.26,26.6745,8032
2020-11-02,26.957,27.2,27.2,26.81,5880
2020-11-03,27.97,27.93,28.0,27.9,2213
2020-11-04,27.89,27.56,28.09,27.5,4992
2020-11-05,27.791,27.791,27.791,27.791,299
2020-11-06,27.69,27.35,27.69,27.21,4372
2020-11-09,29.0,29.4,29.47,28.91,37061
2020-11-10,29.38,29.35,29.4,29.28,4655
2020-11-11,29.22,29.4,29.4,29.15,12149
2020-11-12,29.03,29.16,29.35,28.9,3689
2020-11-13,29.04,29.03,29.38,28.8,6463
2020-11-16,29.4,30.23,30.26,29.4,20051
2020-11-17,29.83,29.38,30.08,29.38,2754
2020-11-18,29.715,30.4596,30.49,29.501,16250
2020-11-19,29.51,30.46,31.125,29.51,5360
2020-11-20,30.46,30.0,30.46,29.8,1414
2020-11-23,30.13,31.95,31.96,30.13,11985
2020-11-24,32.0,32.4,32.91,31.71,41832
2020-11-25,32.44,32.49,32.601,31.139,6331
2020-11-27,32.42,32.15,32.95,32.15,814
2020-11-30,31.1033,31.51,31.5941,30.9,5705
2020-12-01,32.27,32.41,32.4871,31.66,3295
2020-12-02,32.17,32.28,32.47,31.77,7013
2020-12-03,31.11,32.42,32.63,30.89,16981
2020-12-04,32.0,32.01,32.37,31.56,16913
2020-12-07,31.44,31.92,31.92,30.765,5113
2020-12-08,31.61,32.68,32.68,31.5901,1565
2020-12-09,NaN,32.68,NaN,NaN,113
2020-12-10,32.35,32.3401,32.55,32.14,8981
2020-12-11,31.65,31.58,31.69,31.08,23874
2020-12-14,31.17,31.44,31.4443,30.75,6296
2020-12-15,30.53,31.23,31.37,30.53,8171
2020-12-16,31.01,31.22,31.2439,31.01,3438
2020-12-17,31.25,31.25,31.25,31.03,4553
2020-12-18,31.25,31.19,31.25,31.08,3609
2020-12-21,31.2,31.15,31.2,30.52,1297
2020-12-22,31.1,30.37,31.1,30.13,10843
2020-12-23,30.33,30.857,30.99,30.33,1858
2020-12-24,30.9,30.89,30.9,30.86,1109
2020-12-28,31.2,31.72,31.72,31.2,1759
2020-12-29,31.6799,31.1174,31.6799,31.6799,754
2020-12-30,30.62,31.27,31.385,30.62,4989
2020-12-31,31.59,31.676,31.73,31.0,3741
2021-01-04,31.72,31.655,32.01,31.655,4415
2021-01-05,31.51,33.955,33.955,31.51,2853
2021-01-06,32.65,32.0,32.895,31.08,10089
2021-01-07,31.75,32.47,32.55,31.75,2437
2021-01-08,32.31,32.58,32.7,31.765,5798
2021-01-11,32.9,32.71,32.9,32.36,15966
2021-01-12,32.78,32.45,33.18,32.0,9004
2021-01-13,33.15,33.16,33.22,32.52,6561
2021-01-14,32.995,33.9,33.995,32.995,6460
2021-01-15,34.46,34.1,34.46,33.96,6838
2021-01-19,34.18,34.28,34.34,34.18,3930
2021-01-20,33.91,34.53,34.53,33.91,7142
2021-01-21,34.33,33.72,34.33,33.72,1140
2021-01-22,33.625,33.625,33.625,33.625,290
2021-01-25,34.0,33.975,35.17,33.09,5793
2021-01-26,34.41,33.8,34.61,33.59,2165
2021-01-27,33.76,33.5,35.36,33.45,8230
2021-01-28,33.34,33.83,33.83,33.34,6372
2021-01-29,33.75,35.19,35.19,33.6,3126
2021-02-01,34.6052,34.62,34.62,34.6052,970
2021-02-02,34.41,34.895,34.895,34.4,3981
2021-02-03,34.57,34.39,34.57,34.39,1495
2021-02-04,33.9,34.03,34.03,33.9,920
2021-02-05,34.03,33.66,34.04,33.66,1104
2021-02-08,33.91,33.91,33.91,33.91,1215
2021-02-09,33.91,35.48,35.48,33.81,6791
2021-02-10,35.22,34.94,35.22,34.94,1244
2021-02-11,35.32,34.39,35.32,34.385,3028
2021-02-12,34.35,34.23,34.43,34.23,2288
2021-02-16,33.94,34.11,34.11,33.8,4755
2021-02-17,33.88,33.99,33.99,33.82,3307
2021-02-18,33.99,33.77,33.99,33.77,4876
2021-02-19,33.89,33.81,34.315,33.74,9687
2021-02-22,33.78,33.98,34.68,33.78,9341
2021-02-23,33.66,33.81,33.8186,33.66,5782
2021-02-24,34.07,33.9,34.37,33.66,12470
2021-02-25,33.71,33.5,33.9,33.315,6453
2021-02-26,33.49,33.41,33.49,33.4,13463
2021-03-01,33.49,33.5,33.6,33.48,2691
2021-03-02,33.5,32.91,33.5,32.76,10449
2021-03-03,32.21,33.25,33.25,32.21,4060
2021-03-04,33.445,32.7721,33.445,32.505,5702
2021-03-05,33.79,33.0,33.79,32.99,11514
2021-03-08,32.72,33.26,33.4101,32.72,7484
2021-03-09,33.525,33.42,33.525,33.2,5828
2021-03-10,33.45,33.35,33.45,33.35,2963
2021-03-11,33.3,33.3,33.3,33.03,7319
2021-03-12,33.04,33.5379,33.75,33.04,3531
2021-03-15,33.51,33.9,34.98,33.51,12293
2021-03-16,33.9601,34.0101,34.655,33.9601,11336
2021-03-17,34.25,34.3579,34.78,33.88,11965
2021-03-18,34.88,33.34,34.88,33.34,4128
2021-03-19,33.55,33.48,34.38,32.95,5308
2021-03-22,34.23,33.91,34.23,33.5356,5155
2021-03-23,34.0,33.7,34.0,33.35,7982
2021-03-24,33.94,33.72,33.9547,33.5201,8054
2021-03-25,33.56,33.68,33.76,33.55,10419
2021-03-26,33.65,34.4,34.81,33.65,19495
2021-03-29,34.73,34.8375,35.5,34.65,12283
2021-03-30,35.15,35.48,35.63,35.06,6907
2021-03-31,35.37,36.9,36.9,35.37,9355
2021-04-01,36.59,38.1,38.1,36.59,9256
2021-04-05,38.05,40.4,40.7699,37.8601,18127
2021-04-06,39.5634,40.54,40.64,38.9501,15924
2021-04-07,40.21,40.5,40.5,39.775,5242
2021-04-08,40.19,40.35,40.35,39.53,4865
2021-04-09,38.9301,40.6,40.6,38.9301,2266
2021-04-12,39.2,38.6267,40.0,37.57,41674
2021-04-13,38.53,37.86,38.65,37.66,21094
2021-04-14,37.65,36.57,37.7195,36.57,25177
2021-04-15,37.0,35.87,37.0,35.75,34514
2021-04-16,35.54,36.0,36.2,35.54,8549
2021-04-19,37.28,36.4,37.28,36.32,3428
2021-04-20,36.1,35.62,36.15,35.22,5986
2021-04-21,35.58,35.74,36.281,35.58,3020
2021-04-22,36.045,35.6801,36.045,35.6801,1217
2021-04-23,36.65,35.9999,36.65,35.62,4577
2021-04-26,35.92,35.85,35.92,35.68,633
2021-04-27,35.88,35.05,35.88,35.0,11377
2021-04-28,34.94,35.24,35.45,34.935,3552
2021-04-29,35.465,35.174,35.465,35.174,953
2021-04-30,34.95,35.38,35.38,34.65,1815
2021-05-03,35.75,35.72,35.75,35.53,2099
2021-05-04,35.71,35.72,35.72,35.71,753
2021-05-05,35.6,35.5,35.72,35.5,1592
2021-05-06,35.75,35.415,35.75,35.3199,1979
2021-05-07,35.41,35.85,36.0,35.27,6207
2021-05-10,35.54,34.94,35.925,34.94,16305
2021-05-11,34.88,34.55,34.88,34.55,4151
2021-05-12,34.36,34.01,34.36,34.01,5374
2021-05-13,34.4,34.26,34.537,34.165,5800
2021-05-14,34.85,34.5,34.85,34.26,2362
2021-05-17,34.5,34.29,35.0,34.26,1460
2021-05-18,34.9899,34.9899,34.9899,34.9899,380
2021-05-19,34.5,34.5,34.5,34.5,256
2021-05-20,34.4999,34.455,34.86,34.01,1109
2021-05-21,34.5716,35.46,35.46,34.53,5214
2021-05-24,34.5001,34.59,34.9999,34.5001,1292
2021-05-25,34.595,34.6,35.0,34.41,3863
2021-05-26,34.625,34.765,34.82,34.625,2275
2021-05-27,34.98,34.98,34.98,34.78,876
2021-05-28,34.97,34.99,34.99,34.96,3943
2021-06-01,35.0,35.25,35.8393,35.0,24030
2021-06-02,35.32,35.5,35.54,35.29,3244
2021-06-03,35.5,35.43,35.57,35.43,1453
2021-06-04,35.683,35.55,35.7282,35.55,1105
2021-06-07,35.5199,35.96,36.15,35.51,4175
2021-06-08,36.0,36.0,36.0,35.6358,6243
2021-06-09,36.28,35.98,36.28,35.8302,3571
2021-06-10,36.29,35.988,36.29,35.98,4775
2021-06-11,35.7823,36.87,36.87,35.7823,7164
2021-06-14,36.25,36.88,36.88,36.05,6515
2021-06-15,37.0316,37.0316,37.0316,37.0316,384
2021-06-16,36.5886,37.04,37.04,36.5886,1356
2021-06-17,37.05,37.0815,37.0815,36.5,647
2021-06-18,36.11,36.7,36.7,36.11,2307
2021-06-21,36.68,36.99,36.99,36.65,2834
2021-06-22,36.99,37.128,37.35,36.47,2986
2021-06-23,36.691,36.9154,36.9154,36.691,767
2021-06-24,36.99,37.41,37.57,36.99,2273
2021-06-25,NaN,37.41,NaN,NaN,2
2021-06-28,36.99,36.7767,37.3392,36.99,5418
2021-06-29,37.0199,36.74,37.0199,36.2501,2309
2021-06-30,37.05,37.37,37.37,36.845,6473
2021-07-01,38.05,37.7,38.05,37.45,4504
2021-07-02,37.98,37.94,38.04,37.33,1598
2021-07-06,37.1,37.77,37.77,36.8623,2430
2021-07-07,37.59,37.67,37.91,37.59,11321
2021-07-08,37.47,37.75,37.75,36.9201,1207
2021-07-09,37.93,37.6502,37.93,37.49,7798
2021-07-12,37.67,37.67,37.67,37.67,293
2021-07-13,37.5,37.41,37.5,37.41,1476
2021-07-14,37.307,37.7,37.7,37.1214,1432
2021-07-15,37.75,37.54,37.75,37.33,4207
2021-07-16,36.94,37.15,37.6292,36.94,2328
2021-07-19,36.81,35.9,36.98,35.9,10471
2021-07-20,36.82,37.17,37.17,36.71,752
2021-07-21,37.15,37.26,37.26,37.12,3765
2021-07-22,37.51,37.54,37.5484,37.51,2127
2021-07-23,NaN,37.54,NaN,NaN,5
2021-07-26,36.885,37.1,37.1,36.885,1694
2021-07-27,37.09,37.25,37.25,37.09,1488
2021-07-28,37.2,36.86,37.25,36.86,501
2021-07-29,37.19,37.25,37.25,37.19,826
2021-07-30,37.03,37.89,37.89,37.03,3209
2021-08-02,37.51,37.51,37.51,37.47,4784
2021-08-03,37.36,37.51,37.51,37.36,5081
2021-08-04,38.04,37.56,38.04,37.4,7635
2021-08-05,37.73,37.54,37.73,37.54,2829
2021-08-06,37.33,37.62,37.825,37.33,5575
2021-08-09,37.25,37.52,37.52,37.25,3007
2021-08-10,36.74,37.06,37.35,36.74,1784
2021-08-11,37.3799,37.0,37.3799,37.0,812
2021-08-12,37.16,37.17,37.17,37.02,7259
2021-08-13,37.1161,37.07,37.12,37.04,1794
2021-08-16,37.07,37.05,37.15,37.05,4510
2021-08-17,NaN,37.05,NaN,NaN,91
2021-08-18,36.95,37.38,37.38,36.95,5774
2021-08-19,NaN,37.38,NaN,NaN,175
2021-08-20,37.0,37.25,37.25,37.0,1076
2021-08-23,37.26,37.25,37.26,37.24,1369
2021-08-24,37.17,37.405,37.43,37.17,1049
2021-08-25,38.05,37.36,38.05,37.36,2662
2021-08-26,36.87,37.32,37.425,36.82,2809
2021-08-27,37.1,37.38,37.4,37.1,568
2021-08-30,37.21,37.54,37.54,37.05,2642
2021-08-31,37.4949,37.245,37.4949,37.245,1144
2021-09-01,37.24,37.3399,37.4,37.12,6685
2021-09-02,37.32,37.3,37.32,37.3,968
2021-09-03,37.33,37.3,37.33,37.3,326
2021-09-07,36.99,36.99,36.99,36.99,224
2021-09-08,37.0,37.1,37.24,37.0,1806
2021-09-09,37.025,37.025,37.025,37.025,100
2021-09-10,37.0,37.0,37.02,37.0,1139
2021-09-13,36.97,37.0,37.0,36.97,479
2021-09-14,NaN,37.0,NaN,NaN,182
2021-09-15,36.9,36.9295,36.9295,36.85,629
2021-09-16,36.96,37.04,37.05,36.8201,5371
2021-09-17,37.105,37.0876,37.105,37.0,1473
2021-09-20,36.81,36.95,36.95,36.81,1293
2021-09-21,36.78,37.0,37.0,36.7,4136
2021-09-22,37.075,37.0825,37.0825,37.06,1353
2021-09-23,37.1,37.0,37.1,37.0,1429
2021-09-24,37.0,36.8073,37.0,36.8073,3165
2021-09-27,37.25,37.0,37.25,37.0,2450
2021-09-28,36.99,36.1675,36.99,36.69,3236
2021-09-29,36.6,36.23,36.6,36.23,2115
2021-09-30,36.19,36.92,36.93,36.0365,2175
2021-10-01,36.71,36.86,36.86,36.532,1615
2021-10-04,36.8112,36.4321,36.8112,36.4321,1294
2021-10-05,36.35,36.36,36.626,36.3369,1930
2021-10-06,36.45,36.07,36.45,35.6408,5144
2021-10-07,36.24,36.2,36.3809,36.16,2089
2021-10-08,36.15,36.15,36.15,36.15,263
2021-10-11,36.02,36.055,36.11,36.0,11851
2021-10-12,36.255,36.14,36.255,36.12,1815
2021-10-13,35.53,36.2,36.25,35.53,7304
2021-10-14,36.25,35.82,36.3,35.82,11296
2021-10-15,36.5,35.83,36.5,35.82,2960
2021-10-18,35.7,35.6139,36.0999,35.6139,2096
2021-10-19,36.0999,35.7071,36.0999,35.7071,410
2021-10-20,35.61,35.61,35.61,35.61,412
2021-10-21,35.562,35.562,35.562,35.562,436
2021-10-22,35.875,35.75,35.875,35.75,289
2021-10-25,NaN,35.75,NaN,NaN,174
2021-10-26,NaN,35.75,NaN,NaN,7
2021-10-27,35.7911,35.7,35.7911,35.66,1299
2021-10-28,36.0,36.0,36.0,35.82,1125
2021-10-29,36.02,36.04,36.05,36.02,3612
2021-11-01,36.0,36.0,36.0,36.0,1330
2021-11-02,35.94,35.964,36.0,35.94,901
2021-11-03,36.0,36.05,36.05,35.9701,4125
2021-11-04,36.05,36.02,36.0999,35.99,3838
2021-11-05,36.57,36.08,36.57,36.04,17014
2021-11-08,35.87,36.1,36.1,35.87,261
2021-11-09,35.9,36.0,36.0,35.7501,937
2021-11-10,35.9973,35.76,36.0,35.68,2800
2021-11-11,35.85,35.91,35.91,35.85,1009
2021-11-12,35.7601,35.8303,35.88,35.661,2855
2021-11-15,35.47,35.27,35.86,35.27,1398
2021-11-16,35.5727,35.58,35.785,35.57,1828
2021-11-17,35.59,35.7,35.7,35.59,1393
2021-11-18,35.7041,35.42,35.7041,35.42,987
2021-11-19,35.33,35.38,35.38,35.33,303
2021-11-22,35.38,35.34,35.38,35.32,1742
2021-11-23,35.24,35.24,35.24,35.24,417
2021-11-24,35.19,35.9,35.9,35.19,794
2021-11-26,34.72,34.85,34.87,34.69,7244
2021-11-29,34.25,35.46,35.46,34.06,652
2021-11-30,35.0,33.47,35.0,33.39,11204
2021-12-01,33.98,33.99,34.4,33.98,7694
2021-12-02,34.68,34.204,34.68,34.204,340
2021-12-03,33.94,33.94,33.98,33.94,2500
2021-12-06,33.06,34.49,34.5,33.06,4656
2021-12-07,34.8,34.8,34.8,34.8,552
2021-12-08,34.97,34.32,34.97,34.32,8982
2021-12-09,33.33,33.8,33.8,33.33,1997
2021-12-10,33.8,34.9,34.91,33.7812,6842
2021-12-13,34.8668,34.82,34.8668,34.2,1695
2021-12-14,34.75,34.2976,34.84,33.909,4439
2021-12-15,34.79,34.24,34.79,34.225,1459
2021-12-16,34.065,34.4639,34.47,33.991,7341
2021-12-17,33.9384,33.9384,33.9384,33.9384,352
2021-12-20,34.5391,34.5275,34.5391,34.44,920
2021-12-21,34.324,34.455,34.51,34.324,4564
2021-12-22,34.57,34.57,34.57,34.57,364
2021-12-23,34.4483,34.32,34.4483,34.13,3026
2021-12-27,34.342,34.74,34.91,34.342,4010
2021-12-28,34.75,35.37,35.38,34.75,25561
2021-12-29,35.48,35.0275,35.59,35.2886,9438
2021-12-30,35.28,35.19,35.28,35.12,3548
2021-12-31,35.69,35.75,35.75,35.1,6945
2022-01-03,35.89,35.1734,35.9,35.1734,3440
2022-01-04,35.59,35.704,35.9799,35.59,1286
2022-01-05,35.34,35.01,35.34,35.01,1839
2022-01-06,35.095,34.8703,35.2999,34.8703,1097
2022-01-07,36.0,35.0,36.0,34.9464,3459
2022-01-10,35.0,34.82,35.0,34.76,2733
2022-01-11,34.879,35.0,35.01,34.879,15825
2022-01-12,34.9,35.0,35.01,34.9,1101
2022-01-13,35.5,34.99,35.5,34.99,5954
2022-01-14,35.0,35.0,35.0,35.0,677
2022-01-18,35.0,34.93,35.0,34.93,1155
2022-01-19,34.877,35.0,35.0,34.82,5018
2022-01-20,34.84,34.81,35.03,34.81,5681
2022-01-21,34.75,34.25,34.8369,34.22,2879
2022-01-24,33.695,33.87,33.87,33.67,871
2022-01-25,34.54,34.25,34.64,34.25,7049
2022-01-26,34.62,34.5,35.0,33.995,4403
2022-01-27,34.5,34.5,34.5,34.5,514
2022-01-28,34.01,33.82,34.01,33.82,1361
2022-01-31,33.405,33.67,33.71,33.405,7123
2022-02-01,33.75,33.79,33.8,33.45,8344
2022-02-02,33.62,33.45,33.62,33.45,2524
2022-02-03,33.475,33.21,33.6,33.21,5507
2022-02-04,33.21,33.01,33.59,33.01,2004
2022-02-07,33.15,33.15,33.15,33.15,915
2022-02-08,33.29,32.715,33.29,32.715,1111
2022-02-09,32.91,32.9,32.94,32.9,656
2022-02-10,32.87,32.8751,32.92,32.87,1536
2022-02-11,32.64,32.54,32.76,32.49,3597
2022-02-14,32.7,32.0,32.7,32.0,3344
2022-02-15,32.17,32.22,32.36,32.17,5832
2022-02-16,32.22,32.235,32.345,32.22,1481
2022-02-17,32.6703,32.6703,32.6703,32.6703,1411
2022-02-18,32.2701,32.2701,32.2701,32.2701,308
2022-02-22,32.27,32.2299,32.45,32.14,4154
2022-02-23,32.58,32.968,33.0,32.58,17663
2022-02-24,32.06,32.395,32.92,32.06,1444
2022-02-25,32.38,33.0,33.0,32.38,60665
2022-02-28,32.63,32.57,33.0,32.57,5259
2022-03-01,32.9396,32.53,32.9396,32.53,1506
2022-03-02,32.59,32.805,32.9999,32.55,2114
2022-03-03,32.66,33.0,33.0,32.66,552
2022-03-04,32.98,33.01,34.19,32.88,13195
2022-03-07,32.77,32.99,33.0,32.52,4397
2022-03-08,32.55,32.82,32.82,32.55,1304
2022-03-09,32.857,33.0,33.0,32.857,4402
2022-03-10,33.35,32.73,33.5,32.73,8325
2022-03-11,32.75,32.72,33.0,32.71,15572
2022-03-14,32.7,32.725,32.725,32.57,2503
2022-03-15,32.57,32.63,32.63,32.57,472
2022-03-16,33.0,33.0,33.0,32.98,1866
2022-03-17,32.885,32.885,32.885,32.885,292
2022-03-18,33.0,33.0,33.0,32.97,1029
2022-03-21,32.98,32.95,33.0,32.95,1491
2022-03-22,33.0,33.0,33.0,32.967,999
2022-03-23,33.0,33.04,33.3,33.0,2860
2022-03-24,33.05,33.9899,33.9899,33.05,1328
2022-03-25,33.47,33.14,33.47,33.14,662
2022-03-28,33.27,33.329,33.329,33.01,901
2022-03-29,33.4,33.0875,33.88,33.4,2234
2022-03-30,33.4,33.56,33.63,33.2862,5001
2022-03-31,33.185,33.2,33.67,33.17,6243
2022-04-01,33.2,33.1,33.35,33.098,2998
2022-04-04,33.15,32.89,33.15,32.89,2250
2022-04-05,33.09,32.72,33.175,32.72,1461
2022-04-06,32.5,32.5,33.0,32.29,3489
2022-04-07,32.77,32.6,32.77,32.45,1034
2022-04-11,32.48,32.21,32.48,32.21,1161
2022-04-12,32.57,32.4999,32.57,32.4999,1074
2022-04-13,32.63,32.67,32.67,32.53,1764
2022-04-14,32.804,32.804,32.804,32.804,468
2022-04-18,32.96,33.0,33.0,32.55,4088
2022-04-19,33.14,33.35,33.35,33.0,1771
2022-04-20,33.17,33.15,33.17,33.0,1916
2022-04-21,33.24,33.24,33.24,33.24,593
2022-04-22,32.64,32.9569,33.19,32.63,19746
2022-04-25,32.62,33.42,33.42,32.59,1558
2022-04-26,33.08,33.33,33.7285,32.94,1292
2022-04-28,32.72,32.7,32.99,32.58,7837
2022-04-29,32.3086,33.12,33.16,32.27,21054
2022-05-02,32.79,32.1238,32.79,32.09,5902
2022-05-03,32.14,32.33,32.33,32.0,2715
2022-05-04,32.33,32.6,32.6,32.33,806
2022-05-05,32.8,32.3999,32.8,32.35,3403
2022-05-06,32.25,32.04,32.25,32.02,1650
2022-05-09,32.24,32.04,32.49,32.04,3366
2022-05-10,31.88,31.98,32.05,31.83,865
2022-05-11,31.725,32.19,32.5,31.725,8558
2022-05-12,31.9947,31.4,31.9947,31.4,2850
2022-05-13,31.58,31.85,31.85,31.195,3884
2022-05-16,31.61,31.78,31.85,31.61,2274
2022-05-17,31.8934,31.48,31.8934,31.48,1456
2022-05-18,31.72,31.9,31.9,31.72,1004
2022-05-19,32.51,31.7995,32.51,31.7995,1805
2022-05-20,32.3,32.24,33.77,32.21,2416
2022-05-23,32.1,32.2,32.35,32.1,1462
2022-05-24,32.75,32.23,32.76,32.21,1954
2022-05-25,32.24,32.3,32.93,32.24,3522
2022-05-26,32.86,32.64,32.86,31.98,4736
2022-05-27,32.2,32.36,32.36,31.98,2535
2022-05-31,32.282,32.84,32.99,32.1501,17659
2022-06-01,32.41,32.36,32.84,32.36,3505
2022-06-02,32.22,32.22,32.22,32.22,130
2022-06-03,32.26,32.19,32.39,32.19,2019
2022-06-06,32.3775,32.39,32.39,32.2241,2757
2022-06-07,32.5,32.5,32.5,32.5,465
2022-06-08,32.28,32.27,32.28,32.27,876
2022-06-09,32.28,31.46,32.28,31.46,3985
2022-06-10,31.28,31.51,31.7418,31.23,1538
2022-06-13,31.5,30.5,31.54,30.5,2593
2022-06-14,29.87,30.28,31.24,29.87,2241
2022-06-15,30.625,30.52,30.74,30.51,2448
2022-06-16,30.365,30.9,32.9699,30.01,36263
2022-06-17,30.6,30.7,31.435,30.545,3978
2022-06-21,31.79,31.27,32.0,30.83,8706
2022-06-22,31.0,31.0,31.0,31.0,1896
2022-06-23,30.95,30.75,30.95,30.7006,2114
2022-06-24,30.71,31.01,31.55,30.64,6977
2022-06-27,30.755,30.755,31.0,30.755,1692
2022-06-28,30.73,30.6575,31.375,30.73,4265
2022-06-29,31.02,30.99,31.08,30.9486,2888
2022-06-30,30.99,30.0,31.0,29.88,17009
2022-07-01,30.18,30.535,30.9127,30.07,5545
2022-07-05,30.4293,30.9,31.0,30.1301,10939
2022-07-06,30.95,30.68,31.35,30.68,7190
2022-07-07,30.37,30.85,31.31,30.37,44078
2022-07-08,30.83,30.75,30.95,30.3102,32153
2022-07-11,30.7284,30.61,30.7284,30.3238,2206
2022-07-12,30.69,30.6,30.7,30.54,2490
2022-07-13,30.99,30.7,30.99,30.7,972
2022-07-14,30.6,30.5,30.6,30.5,2181
2022-07-15,32.4,30.526,32.4,30.526,1838
2022-07-18,31.27,30.77,31.27,30.72,1559
2022-07-19,31.0141,30.8,31.0141,30.76,21570
2022-07-20,30.8,31.0,31.42,30.79,15907
2022-07-21,30.78,30.68,31.0,30.68,33634
2022-07-22,30.98,30.65,30.98,30.65,1474
2022-07-25,30.65,30.65,30.79,30.605,58228
2022-07-26,30.74,30.64,30.75,30.605,16799
2022-07-27,30.9,30.75,30.9,30.65,76156
2022-07-28,30.72,30.9,30.9,30.69,146853
2022-07-29,31.08,31.72,31.76,30.85,38359
2022-08-01,31.62,31.58,32.24,31.05,25813
2022-08-02,31.48,31.14,31.48,31.0,33564
2022-08-03,31.741,31.16,31.741,30.965,38405
2022-08-04,31.17,31.06,31.3,30.93,34723
2022-08-05,31.04,30.94,31.18,30.72,12228
2022-08-08,31.37,31.35,31.4899,31.25,52654
2022-08-09,31.47,31.35,31.49,31.27,7408
2022-08-10,31.52,31.78,31.78,31.43,7945
2022-08-11,31.78,31.78,31.78,31.62,8029
2022-08-12,31.75,32.0,32.21,31.75,21846
2022-08-15,32.11,32.26,32.26,31.86,2098
2022-08-16,32.3,32.2182,32.37,31.96,69843
2022-08-17,32.25,31.08,32.25,30.6,98260
2022-08-18,31.18,31.25,31.43,31.15,47598
2022-08-19,31.1,30.82,31.1,30.11,21189
2022-08-22,30.29,30.46,30.8099,30.24,21990
2022-08-23,30.47,30.22,30.6999,30.22,6738
2022-08-24,30.31,30.67,30.67,30.31,12078
2022-08-25,30.6699,30.64,30.67,30.5,7382
2022-08-26,30.67,30.7,30.7,30.5388,8123
2022-08-29,30.74,30.7001,30.78,30.66,5977
2022-08-30,30.56,30.52,30.74,30.35,7248
2022-08-31,30.57,30.57,30.71,30.37,6962
2022-09-01,30.35,30.1503,30.35,30.02,5146
2022-09-02,30.47,30.3771,30.47,30.2,1086
2022-09-06,30.46,30.1,30.46,30.01,4533
2022-09-07,30.1,30.05,30.2,30.05,3308
2022-09-08,30.2,30.15,30.355,30.13,3747
2022-09-09,30.18,30.43,30.43,30.18,5355
2022-09-12,30.45,30.45,30.5,30.25,11452
2022-09-13,30.34,30.0,30.34,30.0,8242
2022-09-14,30.19,29.9165,30.19,29.87,3716
2022-09-15,29.9,29.9055,30.21,29.9,11783
2022-09-16,29.87,29.55,29.87,29.5,5524
2022-09-19,29.85,29.75,29.85,29.75,5973
2022-09-20,29.74,29.75,29.8,29.625,6727
2022-09-21,29.815,29.7,29.84,29.625,5291
2022-09-22,29.77,28.59,30.12,28.59,4693
2022-09-23,29.109,27.05,29.109,26.19,24702
2022-09-26,26.99,26.5883,27.1905,26.14,24095
2022-09-27,26.61,25.81,26.69,25.69,33632
2022-09-28,25.79,26.1575,26.72,25.79,23979
2022-09-29,26.03,25.93,26.59,25.6,15282
2022-09-30,26.02,25.67,26.19,25.67,6925
2022-10-03,26.0,26.2208,26.28,25.6201,6063
2022-10-04,26.43,27.25,28.28,26.075,18820
2022-10-05,27.25,26.97,27.25,26.1,7682
2022-10-06,26.93,27.5,27.53,26.9,2738
2022-10-07,26.85,27.04,27.4,26.775,3233
2022-10-10,27.24,26.72,27.24,26.7,4226
2022-10-11,27.16,26.18,27.2,26.17,2799
2022-10-12,26.25,26.5377,26.5377,26.05,2931
2022-10-13,26.51,26.459,26.583,25.85,11604
2022-10-14,26.59,26.8229,26.8229,26.59,793
2022-10-17,27.11,27.1553,27.16,26.5,4031
2022-10-18,27.13,27.0312,27.13,26.6,2455
2022-10-19,27.0,26.68,27.12,26.66,11757
2022-10-20,26.84,26.6,26.8961,26.5,18457
2022-10-21,26.6,26.22,26.6,26.22,1501
2022-10-24,26.4,26.48,26.715,26.4,3340
2022-10-25,26.62,26.5,26.62,26.5,1520
2022-10-26,26.96,26.66,27.1299,26.63,2769
2022-10-27,27.0,26.7,27.0,26.32,4637
2022-10-28,26.63,26.5799,26.68,26.5799,1420
2022-10-31,26.6,26.65,26.65,26.52,3631
2022-11-01,26.7,26.4,27.122,26.28,6773
2022-11-02,26.4,26.21,26.4,26.21,3319
2022-11-03,26.4,26.1527,26.7493,26.11,5974
2022-11-04,26.25,26.4521,26.64,26.23,7344
2022-11-07,26.5779,26.66,26.66,26.49,13080
2022-11-08,26.66,26.5,26.7951,26.5,4007
2022-11-09,26.884,26.8778,26.884,26.8778,1591
2022-11-10,26.87,27.19,27.22,26.75,4900
2022-11-11,27.08,27.0999,27.0999,26.7693,2297
2022-11-14,27.1,27.1237,27.2,27.06,2191
2022-11-15,27.37,27.31,27.418,27.31,1972
2022-11-16,27.38,27.38,27.43,27.19,9578
2022-11-17,27.27,26.9754,27.27,26.85,3308
2022-11-18,27.0,27.0,27.0,26.931,2082
2022-11-21,27.14,26.8,27.14,26.65,5960
2022-11-22,26.76,27.0,27.245,26.76,10158
2022-11-23,27.1,27.0,27.1,26.98,5387
2022-11-25,27.0,27.0,27.0,27.0,867
2022-11-28,27.0,26.84,27.0,26.8,5814
2022-11-29,26.98,26.85,27.33,26.85,6453
2022-11-30,26.85,27.84,27.84,26.41,32636
2022-12-01,27.77,27.87,27.9,27.55,2217
2022-12-02,27.88,26.87,27.88,26.76,2590
2022-12-05,27.0,27.2001,27.47,27.0,4710
2022-12-06,27.197,27.4799,27.5,27.197,2288
2022-12-07,27.4825,27.7,27.72,27.4825,3266
2022-12-09,27.85,27.18,27.85,27.15,4106
2022-12-12,27.5,27.49,27.5,27.1801,2867
2022-12-13,27.5,27.21,27.775,27.19,4172
2022-12-14,27.2,27.1001,27.3206,27.1001,3275
2022-12-15,27.11,27.3,27.418,27.0,4103
2022-12-16,27.46,27.42,27.46,27.4,991
2022-12-19,26.97,26.9,26.97,26.76,3124
2022-12-20,27.16,26.84,27.16,26.84,927
2022-12-21,26.85,26.915,27.0,26.85,5213
2022-12-22,26.75,26.5663,26.75,26.52,5773
2022-12-23,26.55,26.5013,26.62,26.11,5523
2022-12-27,26.13,26.55,26.69,26.13,8441
2022-12-28,26.45,25.8875,26.4799,26.18,1553
2022-12-29,26.12,25.9,26.2,25.76,4022
2022-12-30,25.82,25.73,25.82,25.43,5189
2023-01-03,25.99,26.1989,26.1989,25.99,1772
2023-01-04,26.05,26.37,26.38,26.05,3295
2023-01-05,26.6522,25.91,26.6522,25.63,5306
2023-01-06,26.02,25.7525,26.0761,25.7525,1364
2023-01-09,25.8,26.075,26.3,25.8,10329
2023-01-10,25.89,25.975,26.08,25.8765,6202
2023-01-11,26.28,26.13,26.3669,26.0,10916
2023-01-12,26.18,26.37,26.37,26.18,2519
2023-01-13,26.37,26.6,26.64,26.35,4615
2023-01-17,26.77,27.2,27.2,26.71,8766
2023-01-18,27.08,26.935,27.5247,26.935,12773
2023-01-19,27.42,26.5,27.42,26.5,11553
2023-01-20,26.44,26.83,26.83,26.4,14885
2023-01-23,27.05,26.845,27.05,26.67,39828
2023-01-24,27.09,27.25,27.38,27.01,44335
2023-01-25,27.24,27.33,27.42,27.15,13251
2023-01-26,27.47,27.67,27.821,27.2101,9464
2023-01-27,27.565,28.04,28.39,27.565,17872
2023-01-30,28.1,28.18,28.29,28.08,6230
2023-01-31,28.11,28.15,28.25,27.75,7888
2023-02-01,27.9201,28.51,28.51,27.92,8544
2023-02-02,28.51,28.7128,29.157,28.35,24476
2023-02-03,28.25,28.5499,28.69,28.25,8447
2023-02-06,28.33,28.62,28.62,28.33,1984
2023-02-07,28.33,28.5029,28.68,28.33,1849
2023-02-08,28.75,28.455,28.75,28.3101,2523
2023-02-09,28.42,28.3514,28.42,28.35,2179
2023-02-10,28.395,28.29,28.395,28.2501,1791
2023-02-13,28.25,28.2,28.5257,28.02,9061
2023-02-14,28.15,28.2,28.4914,28.13,5679
2023-02-15,28.28,28.25,28.4871,28.2,6404
2023-02-16,28.26,28.3,28.41,28.26,8007
2023-02-17,28.34,28.28,28.5,28.27,2564
2023-02-21,28.37,28.04,28.37,28.04,11406
2023-02-22,27.7599,28.11,28.11,27.37,8099
2023-02-23,28.34,28.315,28.525,28.3,10910
2023-02-24,28.94,28.33,28.94,28.11,9458
2023-02-27,28.27,28.27,28.42,28.27,7030
2023-02-28,28.32,28.38,28.42,28.3008,8370
2023-03-01,28.0756,28.1237,28.18,28.01,2480
2023-03-02,28.05,28.109,28.109,28.035,1008
2023-03-03,27.66,28.02,28.3,27.63,10700
2023-03-06,28.02,28.46,28.63,27.9,18250
2023-03-07,28.25,28.02,28.33,28.0046,4302
2023-03-08,28.07,28.07,28.235,28.04,9244
2023-03-09,28.25,28.07,28.3,28.07,7384
2023-03-10,27.95,27.35,27.95,27.35,4609
2023-03-13,27.25,26.76,27.25,26.76,3289
2023-03-14,26.34,26.815,27.38,26.34,7037
2023-03-15,26.25,26.68,26.7,26.25,2217
2023-03-16,26.57,26.6,26.6,26.56,1903
2023-03-17,26.31,26.105,26.44,26.01,3001
2023-03-20,26.0,26.28,27.0881,26.0,2949
2023-03-21,26.2,26.26,26.41,26.2,2541
2023-03-22,26.29,25.9956,26.29,25.97,1470
2023-03-23,26.49,25.9,26.49,25.9,3595
2023-03-24,25.86,25.8601,25.8601,25.86,606
2023-03-27,26.04,26.0112,26.11,26.01,5667
2023-03-28,26.2675,26.03,26.2975,26.01,9183
2023-03-29,26.28,25.5075,26.28,25.98,3468
2023-03-30,25.65,25.59,25.8,25.52,2638
2023-03-31,26.41,26.45,26.45,25.89,17637
2023-04-03,26.15,26.52,26.55,26.05,6356
2023-04-04,26.42,26.75,26.75,26.38,5143
2023-04-05,26.51,27.81,27.81,26.51,1120
2023-04-06,26.99,26.62,26.99,26.48,6895
2023-04-10,26.75,26.68,26.87,26.51,2961
2023-04-11,26.69,27.08,27.08,26.69,1821
2023-04-12,27.0099,26.61,27.0099,26.5101,7883
2023-04-13,26.59,26.9899,26.9899,26.5,8835
2023-04-14,26.5,26.6,26.61,26.5,6245
2023-04-17,26.52,26.5,26.9099,26.417,5902
2023-04-18,26.57,26.55,26.77,26.51,1920
2023-04-19,26.59,26.74,26.74,26.49,8501
2023-04-20,26.6,26.64,26.691,26.56,4797
2023-04-21,26.63,26.6911,26.8,26.63,6324
2023-04-24,26.65,26.67,26.67,26.6203,6484
2023-04-25,26.55,26.72,26.72,26.55,6193
2023-04-26,26.73,26.75,26.75,26.7266,4978
2023-04-27,27.06,26.95,27.09,26.75,15689
2023-04-28,26.98,27.08,27.1,26.915,15510
2023-05-01,27.03,27.03,27.1,26.88,10301
2023-05-02,27.08,27.1,27.1,26.73,6178
2023-05-03,27.1,27.01,27.25,26.8757,8110
2023-05-04,27.2899,26.9,27.2899,26.72,7851
2023-05-05,27.0,27.1092,27.23,26.9001,3657
2023-05-08,26.56,27.1246,27.1246,26.56,2020
2023-05-09,27.15,27.08,27.15,26.8,1750
2023-05-10,27.02,27.19,27.19,26.98,1300
2023-05-11,26.86,27.05,27.05,26.8,2020
2023-05-12,26.91,27.19,27.19,26.91,807
2023-05-15,27.19,27.1,27.19,27.0,1779
2023-05-16,26.9,27.07,27.24,26.9,2933
2023-05-17,26.8018,27.15,27.155,26.8018,4027
2023-05-18,26.75,27.12,27.12,26.75,2887
2023-05-19,27.12,27.05,27.19,26.92,2385
2023-05-22,27.05,26.99,27.1,26.96,2781
2023-05-23,26.9,26.95,26.98,26.9,1712
2023-05-24,26.95,27.0733,27.1863,26.95,12030
2023-05-25,27.22,26.37,27.24,26.37,4064
2023-05-26,27.19,26.33,27.19,26.2621,4844
2023-05-30,26.3,26.43,26.76,26.3,2888
2023-05-31,26.44,26.49,26.71,26.06,14677
2023-06-01,26.515,26.55,26.56,26.46,3725
2023-06-02,26.68,26.85,26.94,26.63,21769
2023-06-05,26.95,26.85,26.88,26.53,3602
2023-06-06,26.965,26.85,26.965,26.8,4168
2023-06-07,26.97,27.2,27.2,26.83,5713
2023-06-08,26.935,27.09,27.18,26.935,1648
2023-06-09,27.14,27.21,27.2499,27.04,8934
2023-06-12,27.0,27.07,27.14,27.0,5698
2023-06-13,27.1,27.05,27.1,27.0014,5121
2023-06-14,27.13,27.28,27.28,27.04,23335
2023-06-15,27.05,27.08,27.25,27.05,2841
2023-06-16,27.16,27.45,27.49,27.1,7362
2023-06-20,27.5,27.4,27.5,27.28,2442
2023-06-21,27.45,27.44,27.45,27.25,6147
2023-06-22,27.26,27.375,27.38,27.25,2283
2023-06-23,27.4313,27.39,27.48,27.37,1392
2023-06-26,27.39,27.43,27.64,27.25,11071
2023-06-27,27.4,27.5,27.5,27.3,7600
2023-06-28,27.42,26.9975,27.64,27.42,7102
2023-06-29,27.06,27.44,27.44,27.06,21149
2023-06-30,27.3643,28.36,28.46,27.3643,48022
2023-07-03,27.92,27.8,27.92,27.8,1990
2023-07-05,28.26,27.94,28.26,27.79,5298
2023-07-06,28.24,27.38,28.24,27.29,6486
2023-07-07,27.57,27.38,27.7,27.33,1645
2023-07-10,27.495,27.37,27.63,27.37,3000
2023-07-11,27.5,27.31,27.6,27.29,4868
2023-07-12,27.32,27.27,27.41,27.27,5876
2023-07-13,27.29,27.335,27.44,27.27,5453
2023-07-14,27.27,27.348,27.4,27.27,3668
2023-07-17,27.58,27.35,27.58,27.27,4550
2023-07-18,27.425,27.01,27.425,27.01,13852
2023-07-19,27.105,26.9518,27.37,26.8453,1893
2023-07-20,27.36,27.02,28.03,27.02,11692
2023-07-21,27.25,27.25,27.25,27.25,1262
2023-07-24,27.0,27.27,27.28,26.961,8284
2023-07-25,27.02,27.0,27.1,27.0,2405
2023-07-26,27.0001,26.86,27.37,26.86,7834
2023-07-27,26.86,26.73,27.1799,26.637,4468
2023-07-28,26.81,26.9965,26.9965,26.72,4021
2023-07-31,26.82,26.9,26.97,26.82,20109
2023-08-01,26.82,27.16,27.16,26.78,4997
2023-08-02,26.85,27.06,27.06,26.85,2102
2023-08-03,27.1,26.8699,27.24,26.63,5949
2023-08-04,27.0,26.88,27.0,26.85,3190
2023-08-07,26.93,26.91,26.95,26.91,2272
2023-08-08,26.7,26.73,26.74,26.61,3036
2023-08-09,26.6499,26.71,26.83,26.6499,7150
2023-08-10,26.71,26.75,26.76,26.62,3743
2023-08-11,26.835,26.75,26.835,26.75,1829
2023-08-14,26.65,26.73,26.9,26.61,1751
2023-08-15,26.6,26.75,26.79,26.6,6617
2023-08-16,26.74,26.61,26.74,26.6,6598
2023-08-17,26.7,26.69,26.7395,26.66,24867
2023-08-21,26.6263,26.6,26.67,26.6,269550
2023-08-22,26.6,26.69,26.69,26.6,5310
2023-08-23,26.725,26.88,26.97,26.72,34827
2023-08-24,26.73,26.85,27.0,26.73,1539
2023-08-25,26.8,26.8182,26.8182,26.6,2216
2023-08-28,26.88,26.77,26.88,26.7218,4229
2023-08-29,26.8355,27.08,27.15,26.8355,3322
2023-08-30,27.08,27.0801,27.0801,27.08,1371
2023-08-31,27.12,26.76,27.21,26.76,6904
2023-09-01,26.87,27.0,27.0675,26.86,3466
2023-09-05,26.84,26.77,26.87,26.77,2698
2023-09-06,27.2499,26.7901,27.2499,26.79,1228
2023-09-07,26.72,26.72,26.79,26.69,2235
2023-09-08,27.03,26.76,27.03,26.695,3637
2023-09-11,26.8,26.74,26.8,26.74,807
2023-09-12,26.6,26.54,26.7523,26.54,3639
2023-09-13,26.55,26.4301,26.55,26.43,4833
2023-09-14,26.5898,26.59,26.6,26.3901,1134
2023-09-15,26.86,26.34,26.86,26.34,2087
2023-09-18,26.445,26.42,26.59,26.39,11801
2023-09-19,26.495,26.53,26.59,26.495,2624
2023-09-20,26.67,26.53,26.7099,26.39,2805
2023-09-21,26.38,26.19,26.38,26.05,12214
2023-09-22,26.25,26.112,26.25,26.112,806
2023-09-25,26.0,26.36,26.36,26.0,2876
2023-09-26,26.39,26.04,26.42,26.04,11035
2023-09-27,26.23,25.5775,26.23,26.02,6034
2023-09-28,25.79,25.94,26.02,25.7,9825
2023-09-29,26.09,25.62,26.09,25.61,4903
2023-10-02,25.62,25.47,25.81,25.47,5466
2023-10-03,25.47,25.26,25.47,25.22,17571
2023-10-04,25.36,25.38,25.38,25.145,3124
2023-10-05,25.49,25.585,25.67,25.48,13858
2023-10-06,25.58,25.68,25.69,25.58,1169
2023-10-09,25.72,25.8502,25.8502,25.55,2925
2023-10-10,26.01,25.84,26.01,25.7616,8560
2023-10-11,25.83,25.83,26.12,25.4368,4609
2023-10-12,25.84,25.7,25.84,25.69,1451
2023-10-13,25.84,25.805,25.84,25.58,1652
2023-10-16,25.97,25.8,25.97,25.8,1180
2023-10-17,25.93,25.79,25.93,25.59,4041
2023-10-18,25.65,25.69,25.69,25.55,4335
2023-10-19,25.5,25.55,25.6092,25.4,4392
2023-10-20,25.54,25.55,25.55,25.3,2931
2023-10-23,25.37,25.4,25.4,25.1599,6070
2023-10-24,25.3,25.45,25.455,25.3,8650
2023-10-25,25.4016,24.95,25.49,24.84,31537
2023-10-26,25.0,25.29,25.34,25.0,7189
2023-10-27,25.13,25.26,25.28,25.05,4080
2023-10-30,25.18,25.4,25.438,25.18,5896
2023-10-31,25.49,25.5699,25.5699,25.06,7527
2023-11-01,25.57,26.22,26.22,25.57,8479
2023-11-02,26.22,26.72,26.72,26.1,5007
2023-11-03,26.72,27.19,27.21,26.34,14584
2023-11-06,27.02,26.4801,27.02,26.48,5896
2023-11-07,26.69,26.69,26.734,26.65,2770
2023-11-08,26.51,26.64,26.65,26.51,1490
2023-11-09,26.66,26.39,26.78,26.39,19092
2023-11-10,26.42,26.42,26.42,26.42,574
2023-11-13,26.66,26.3232,26.66,26.3232,2201
2023-11-14,26.81,26.57,26.81,26.54,2944
2023-11-15,26.68,26.68,26.68,26.68,885
2023-11-16,26.5965,26.26,26.81,26.26,5487
2023-11-17,26.34,26.4773,26.4773,26.285,1425
2023-11-20,26.4,26.35,26.59,26.288,5326
2023-11-21,26.51,26.5,26.51,26.31,2958
2023-11-22,26.65,26.7,26.7,26.65,1937
2023-11-24,26.7,26.5,26.7,26.4,1470
2023-11-27,26.5,26.6,26.6,26.4,2086
2023-11-28,26.68,26.6899,26.6899,26.2239,3351
2023-11-29,26.7,26.51,26.7,26.4195,2741
2023-11-30,26.5,26.71,26.71,26.5,12788
2023-12-01,26.592,26.63,26.63,26.5,1849
2023-12-04,26.7,27.12,27.12,26.5001,14878
2023-12-05,27.5,27.17,27.5,26.85,1831
2023-12-06,26.9771,27.0507,27.21,26.7056,10230
2023-12-07,27.1,27.28,27.28,26.835,19357
2023-12-08,27.25,27.04,27.25,26.9811,74923
2023-12-11,27.28,27.3,27.43,27.12,24616
2023-12-12,27.3,27.29,27.4,27.29,5853
2023-12-13,27.4,27.84,27.84,27.33,7361
2023-12-14,28.05,27.92,28.1,27.75,10826
2023-12-15,28.0,27.89,28.0756,27.86,2708
2023-12-18,28.0,28.01,28.16,27.9548,10989
2023-12-19,28.16,28.28,28.29,28.09,26920
2023-12-20,28.34,28.22,28.4,28.1,15588
2023-12-21,28.3647,28.35,28.39,28.34,12624
2023-12-22,28.44,28.4099,28.47,28.2897,18241
2023-12-26,28.5,28.5627,28.64,28.47,7670
2023-12-27,28.55,27.9675,28.62,28.51,2334
2023-12-28,28.05,28.1713,28.23,27.89,7715
2023-12-29,28.29,28.12,28.41,28.12,6757
2024-01-02,28.27,28.3997,28.45,28.27,26115
2024-01-03,28.35,28.28,28.39,27.96,10941
2024-01-04,28.29,28.13,28.29,28.1,8153
2024-01-05,28.25,28.23,28.25,28.14,4259
2024-01-08,28.2,28.185,28.2108,28.16,5360
2024-01-09,28.2,28.26,28.26,28.19,3406
2024-01-10,28.26,28.26,28.26,28.2599,993
2024-01-11,28.3,28.22,28.3,28.19,2127
2024-01-12,28.11,28.2551,28.3867,28.11,6474
2024-01-16,28.35,28.21,28.35,28.11,1678
2024-01-17,28.35,27.66,28.35,27.66,12864
2024-01-18,28.06,27.78,28.25,27.7,5123
2024-01-19,27.5001,27.71,27.72,27.5001,3589
2024-01-22,27.6323,27.77,27.77,27.51,7609
2024-01-23,27.87,27.87,27.9017,27.63,11148
2024-01-24,27.85,27.99,28.09,27.85,8949
2024-01-25,27.94,27.97,27.97,27.9,3113
2024-01-26,27.98,27.95,27.99,27.89,2960
2024-01-29,28.1,27.95,28.1143,27.9,10522
2024-01-30,27.9,28.01,28.01,27.9,3349
2024-01-31,27.92,27.96,28.04,27.92,3614
2024-02-01,27.91,28.02,28.02,27.84,7512
2024-02-02,27.91,27.71,28.03,27.62,4839
2024-02-05,27.59,27.38,27.6,27.36,2909
2024-02-06,27.38,27.62,27.62,27.38,2175
2024-02-07,27.5,27.86,27.86,27.5,4323
2024-02-08,27.71,27.65,27.7577,27.51,5455
2024-02-09,27.55,27.65,27.65,27.44,9316
2024-02-12,27.6,27.63,27.66,27.44,3586
2024-02-13,27.49,27.38,27.49,27.15,7289
2024-02-14,27.44,27.67,27.69,27.35,3531
2024-02-15,27.67,27.73,27.93,27.66,5221
2024-02-16,27.75,27.6,27.77,27.396,5553
2024-02-20,27.6,27.87,27.89,27.56,6707
2024-02-21,27.75,27.6,27.81,27.6,3516
2024-02-22,27.84,27.7,27.84,27.56,4175
2024-02-23,27.82,27.83,27.9,27.805,3353
2024-02-26,27.68,27.74,27.81,27.68,8936
2024-02-27,27.53,27.71,27.71,27.53,5872
2024-02-28,27.6261,27.78,27.78,27.55,3378
2024-02-29,27.715,28.22,28.59,27.69,62084
2024-03-01,28.06,28.12,28.22,28.03,11854
2024-03-04,28.02,28.1,28.17,28.0,1993
2024-03-05,27.83,28.0,28.09,27.83,999
2024-03-06,27.9446,28.2,28.26,27.9446,5990
2024-03-07,28.19,28.19,28.25,27.99,2646
2024-03-08,28.31,28.275,28.4984,28.1875,4485
2024-03-11,28.26,28.28,28.28,28.25,2055
2024-03-12,28.33,28.35,28.36,28.29,2221
2024-03-13,28.265,27.63,28.275,27.63,5647
2024-03-14,28.02,27.56,28.02,27.56,2776
2024-03-15,28.0032,27.89,28.01,27.88,1893
2024-03-18,27.8701,28.08,28.14,27.6,3826
2024-03-19,28.19,28.2498,28.2498,28.18,3313
2024-03-20,28.1,28.29,28.41,28.1,5828
2024-03-21,28.42,28.28,28.42,28.18,5250
2024-03-22,27.975,28.24,28.28,27.72,5666
2024-03-25,28.34,28.31,28.41,28.245,2584
2024-03-26,28.41,27.7825,28.41,28.25,3031
2024-03-27,28.05,27.9,28.13,27.9,6174
2024-03-28,27.71,27.06,28.08,27.06,54028
2024-04-01,27.41,27.45,27.57,27.25,21671
2024-04-02,27.35,27.45,27.5001,27.25,12778
2024-04-03,27.35,27.59,27.59,27.35,13369
2024-04-04,27.74,27.77,27.84,27.7,8325
2024-04-05,27.65,27.71,27.71,27.65,681
2024-04-08,27.73,27.6,27.79,27.6,4806
2024-04-09,27.7,27.45,27.7,26.94,33560
2024-04-10,27.25,27.25,27.25,27.02,6837
2024-04-11,27.43,27.18,27.43,27.11,3367
2024-04-12,27.03,27.2,27.28,27.03,2484
2024-04-15,27.2,27.0,27.2,26.89,7866
2024-04-16,27.12,27.28,27.57,27.0,14137
2024-04-17,27.38,27.39,27.42,27.38,1264
2024-04-18,27.5,27.67,27.75,27.5,7071
2024-04-19,27.47,27.7,27.75,27.47,3500
2024-04-22,27.55,27.76,27.85,27.55,13527
2024-04-23,27.7,27.4187,27.86,27.4187,4432
2024-04-24,27.52,27.53,27.63,27.5199,3634
2024-04-25,27.45,27.5999,27.6,27.4,3961
2024-04-26,27.7,27.44,27.7,27.44,2294
2024-04-29,27.36,27.31,27.88,27.22,7676
2024-04-30,27.86,26.98,27.86,26.98,5482
2024-05-01,27.01,27.41,27.41,27.01,3730
2024-05-02,27.4,27.7,27.71,27.4,4064
2024-05-03,27.8,27.85,27.85,27.7,4397
2024-05-06,27.23,27.79,27.79,27.21,7598
2024-05-07,27.695,27.7,27.79,27.32,15531
2024-05-08,27.61,27.65,27.65,27.32,5757
2024-05-09,27.74,27.67,27.78,27.67,9118
2024-05-10,27.54,27.68,27.79,27.54,4594
2024-05-13,27.76,27.82,27.87,27.76,3378
2024-05-14,27.92,27.94,27.94,27.8,8266
2024-05-15,27.94,27.9,28.08,27.85,2654
2024-05-16,27.91,27.93,28.0,27.75,4577
2024-05-17,27.93,28.17,28.17,27.8501,143042
2024-05-20,28.2,27.8499,28.2,27.81,3041
2024-05-21,27.8,27.78,27.85,27.77,2013
2024-05-22,27.79,27.9,27.9,27.79,2254
2024-05-23,27.79,27.35,27.95,27.35,2595
2024-05-24,27.46,27.5,27.585,27.44,3008
2024-05-28,27.9999,27.34,27.9999,27.34,851
2024-05-29,27.34,27.48,27.48,27.32,5785
2024-05-30,27.83,27.8,27.92,27.4001,9133
2024-05-31,27.72,27.75,28.0,27.5943,3835
2024-06-03,27.8,27.96,28.01,27.8,1842
2024-06-04,28.06,28.0,28.06,28.0,3239
2024-06-05,28.05,28.01,28.19,28.0,3646
2024-06-06,28.09,28.1899,28.1899,28.0,2315
2024-06-07,28.16,28.0,28.16,28.0,638
2024-06-10,27.89,28.04,28.09,27.587,3568
2024-06-11,27.95,28.1,28.1,27.95,3193
2024-06-12,28.13,28.1,28.2,28.07,12227
2024-06-13,28.06,28.06,28.1,28.04,2940
2024-06-14,28.1,28.085,28.1,28.0366,1144
2024-06-17,27.82,27.92,28.1899,27.82,1206
2024-06-18,28.05,28.09,28.1999,28.04,3787
2024-06-20,28.19,28.1,28.19,28.08,3800
2024-06-21,27.94,27.9001,27.94,27.71,2423
2024-06-24,28.11,28.005,28.19,28.0,3441
2024-06-25,27.8,27.99,27.99,27.8,2622
2024-06-26,27.99,28.0,28.15,27.95,3844
2024-06-27,28.026,27.5125,28.075,28.01,1615
2024-06-28,27.67,27.89,27.89,27.67,3150
2024-07-01,27.89,27.43,27.89,27.4201,976
2024-07-02,27.62,27.63,27.63,27.51,2323
2024-07-03,27.81,27.83,27.83,27.63,1844
2024-07-05,27.74,27.89,27.89,27.59,5371
2024-07-08,27.9,27.8,27.9,27.7,1328
2024-07-09,27.9,27.75,27.9,27.725,2157
2024-07-10,27.76,27.6743,27.76,27.6743,589
2024-07-11,27.75,27.93,27.93,27.7373,4989
2024-07-12,28.11,28.05,28.235,27.95,14125
2024-07-15,28.16,28.0,28.16,28.0,2644
2024-07-16,28.16,28.13,28.16,28.13,1393
2024-07-17,28.24,28.05,28.24,28.04,2366
2024-07-18,28.08,28.08,28.1165,28.08,4533
2024-07-19,28.1,28.15,28.2499,28.1,5331
2024-07-22,28.23,28.02,28.23,28.02,1749
2024-07-23,28.0,28.1,28.11,27.89,3844
2024-07-24,28.035,28.0,28.035,27.956,1186
2024-07-25,28.1,28.1315,28.1315,28.09,4794
2024-07-26,28.1,28.09,28.1,28.0322,2013
2024-07-29,28.09,28.0,28.14,28.0,3195
2024-07-30,28.0001,28.0001,28.0001,28.0001,419
2024-07-31,28.068,28.25,28.25,28.068,4653
2024-08-01,28.27,28.18,28.27,28.1538,3552
2024-08-02,27.9,27.9,27.9,27.66,6888
2024-08-05,27.9,28.09,28.09,27.75,2184
2024-08-06,27.8,28.09,28.09,27.8,2681
2024-08-07,28.01,27.98,28.204,27.97,5353
2024-08-08,28.19,28.19,28.19,28.16,1143
2024-08-09,28.19,28.055,28.19,28.055,2416
2024-08-12,28.06,28.18,28.27,28.06,2102
2024-08-13,28.18,28.18,28.28,28.16,4035
2024-08-14,28.18,28.18,28.21,28.0301,6544
2024-08-15,28.17,28.21,28.21,28.15,2019
2024-08-16,28.19,28.49,28.49,27.5101,6434
2024-08-19,28.5,28.66,28.66,28.49,3893
2024-08-20,28.9,28.91,28.91,28.7687,4072
2024-08-21,28.82,28.8,28.82,28.565,8121
2024-08-22,28.6,28.8,28.87,28.6,1446
2024-08-23,28.89,28.82,28.9,28.82,2587
2024-08-26,28.6,28.77,28.82,28.6,1890
2024-08-27,28.51,28.68,28.685,28.51,2026
2024-08-28,28.685,28.91,28.91,28.685,3760
2024-08-29,28.99,29.0,29.0,28.73,1969
2024-08-30,29.75,29.7,29.84,29.42,7227
2024-09-03,29.46,29.33,29.46,29.0,6607
2024-09-04,29.18,29.18,29.18,28.99,2216
2024-09-05,29.0,29.15,29.17,28.96,9071
2024-09-06,29.09,29.27,29.27,29.09,2301
2024-09-09,29.24,29.35,29.35,29.21,4676
2024-09-10,29.25,29.29,29.29,29.1431,1606
2024-09-11,29.4,29.55,29.55,29.275,27558
2024-09-12,29.45,29.575,29.575,29.45,306
2024-09-13,29.7,29.75,29.75,29.15,13871
2024-09-16,29.7,30.06,30.51,29.7,10022
2024-09-17,30.0,30.0301,30.155,30.0,1186
2024-09-18,30.03,30.17,30.17,29.7001,3624
2024-09-19,30.085,30.09,30.09,30.085,750
2024-09-20,30.08,30.205,30.205,30.07,21101
2024-09-23,30.5,30.26,30.5,30.095,1542
2024-09-24,30.52,31.4,31.4,30.52,5624
2024-09-25,31.04,30.98,31.44,30.7488,6058
2024-09-26,30.94,30.98,30.98,30.94,1658
2024-09-27,30.94,30.3225,31.11,30.8649,6102
2024-09-30,30.51,30.63,31.0,30.05,6972
2024-10-01,31.05,31.19,31.38,30.87,9671
2024-10-02,31.13,30.88,31.25,29.4101,7434
2024-10-03,31.05,30.58,31.21,30.57,6223
2024-10-04,30.6,30.46,30.72,30.425,3854
2024-10-07,30.36,29.9401,30.36,29.94,1802
2024-10-08,30.29,30.1052,30.29,29.68,6877
2024-10-09,30.11,30.13,30.13,30.11,554
2024-10-10,30.37,30.49,30.52,30.37,397
2024-10-11,29.97,30.34,30.34,29.9442,3274
2024-10-14,30.5,30.6,30.6,30.45,3759
2024-10-15,30.82,31.3,31.49,30.7728,7828
2024-10-16,31.3,31.42,31.435,31.165,5204
2024-10-17,31.32,31.5,31.5,31.31,3617
2024-10-18,31.35,31.37,31.54,31.35,4057
2024-10-21,31.37,30.81,31.37,30.81,19045
2024-10-22,30.32,30.41,30.45,30.26,11998
2024-10-24,30.26,30.41,30.41,30.19,1843
2024-10-25,30.67,30.0879,30.67,30.0879,1389
2024-10-28,30.12,30.11,30.18,30.11,2555
2024-10-29,30.08,30.08,30.08,30.07,806
2024-10-30,29.82,29.88,29.9385,29.82,1305
2024-10-31,29.67,29.95,29.95,29.67,3376
2024-11-01,29.95,29.525,29.95,29.36,4407
2024-11-04,29.4,29.78,29.87,29.4,4838
2024-11-05,29.601,29.86,29.9537,29.5149,2497
2024-11-06,30.01,29.83,30.01,29.35,2048
2024-11-07,29.77,29.74,29.86,29.14,4141
2024-11-08,29.21,29.52,29.6,29.16,9561
2024-11-11,29.45,29.4,29.68,29.31,2128
2024-11-12,29.4,29.19,29.4,29.19,4965
2024-11-13,29.13,29.03,29.14,29.03,2676
2024-11-14,28.75,28.76,28.98,28.75,8290
2024-11-15,28.62,28.71,28.71,28.62,627
2024-11-18,28.65,29.0,29.0,28.65,1909
2024-11-19,29.09,29.09,29.09,29.09,308
2024-11-20,28.88,29.0501,29.06,28.88,796
2024-11-21,29.12,29.0245,29.24,28.85,4601
2024-11-22,29.12,29.13,29.13,28.72,4375
2024-11-25,29.31,29.2,29.31,29.0501,2190
2024-11-26,29.35,29.23,29.35,29.23,3743
2024-11-27,29.05,29.04,29.08,28.89,6741
2024-11-29,29.04,29.575,29.65,28.65,7456
2024-12-02,29.59,29.59,29.59,29.59,1251
2024-12-03,29.65,28.9059,29.65,28.9059,7239
2024-12-04,28.96,29.15,29.15,28.96,530
2024-12-05,28.83,29.1148,29.1999,28.83,2988
2024-12-06,29.28,29.21,29.28,29.19,4249
2024-12-09,29.1,29.3,29.3,28.99,12039
2024-12-10,29.49,29.35,29.75,29.0,23757
2024-12-11,29.29,29.11,29.3,29.11,3860
2024-12-12,29.11,28.68,29.11,28.64,6899
2024-12-13,29.0,28.73,29.0,28.08,15981
2024-12-16,28.61,29.26,29.2692,28.61,4858
2024-12-17,29.26,28.53,29.26,28.51,8671
2024-12-18,28.6,28.54,28.8693,28.3401,6500
2024-12-19,28.21,28.4,28.5,28.11,2799
2024-12-20,28.4,28.27,28.4,28.03,1835
2024-12-23,28.02,28.4343,28.5,28.02,44886
2024-12-24,28.2,28.23,28.23,28.12,1914
2024-12-26,28.02,28.25,28.475,28.02,2209
2024-12-27,28.455,28.22,28.455,28.05,3313
2024-12-30,28.25,27.5375,28.445,28.02,4034
2024-12-31,27.54,27.23,27.73,27.12,68330
2025-01-02,27.31,27.5,27.8,27.1501,8326
2025-01-03,27.32,28.19,28.19,27.32,7139
2025-01-06,27.8,27.91,28.0,27.8,5504
2025-01-07,27.82,27.8,28.05,27.8,3901
2025-01-08,27.8,27.85,27.85,27.8,1216
2025-01-10,27.61,27.8,27.8,27.6,2657
2025-01-13,27.75,27.7501,27.76,27.56,11078
2025-01-14,27.8,27.79,27.95,27.57,8447
2025-01-15,27.99,28.1,28.1099,27.95,6637
2025-01-16,28.29,27.89,28.29,27.8,15847
2025-01-17,28.05,28.18,28.18,28.05,14111
2025-01-21,28.33,28.39,28.55,28.19,30706
2025-01-22,28.198,28.36,28.3969,28.198,1390
2025-01-23,28.33,28.34,28.402,28.28,1733
2025-01-24,28.47,28.19,28.47,28.19,3717
2025-01-27,28.21,28.64,28.7385,28.21,11187
2025-01-28,28.88,28.67,28.88,28.48,2430
2025-01-29,28.86,28.2,28.86,28.2,1113
2025-01-30,28.61,28.79,28.79,28.2,3568
2025-01-31,28.88,28.505,28.88,28.5,1003
2025-02-03,28.45,28.5859,28.5859,28.4258,714
2025-02-04,28.88,28.53,28.88,28.53,990
2025-02-05,28.53,28.98,28.99,28.53,3004
2025-02-06,29.11,29.29,29.33,28.51,2222
2025-02-07,28.31,28.6214,28.8221,28.31,665
2025-02-10,28.94,29.4,29.4,28.7299,5614
2025-02-11,29.21,28.906,29.22,28.906,7943
2025-02-12,29.0001,29.26,29.4,28.845,3926
2025-02-13,29.43,29.5,29.5,29.34,2823
2025-02-14,29.39,29.39,29.575,29.39,1282
2025-02-18,29.5,28.75,29.5,28.75,675
2025-02-19,28.7,29.23,29.33,28.7,4037
2025-02-20,29.13,29.89,29.9,29.02,2193
2025-02-21,29.76,29.5,29.76,29.5,1148
2025-02-24,29.28,29.98,30.87,29.28,1968
2025-02-25,29.82,30.3,30.3,29.82,1328
2025-02-26,30.49,30.5,30.56,29.9,2978
2025-02-27,30.74,30.62,30.74,30.62,3388
2025-02-28,29.98,30.62,30.62,29.98,1114
2025-03-03,30.69,30.7701,30.7701,30.5001,1387
2025-03-04,30.564,31.1051,31.1051,30.564,5658
2025-03-05,30.61,30.7,30.7,30.5,5253
2025-03-06,31.0,30.75,31.02,30.75,2527
2025-03-07,30.57,30.73,30.73,30.57,419
2025-03-10,30.59,30.51,30.79,30.51,3590
2025-03-11,30.5001,30.51,30.5992,30.5,1876
2025-03-12,30.62,30.43,30.62,30.12,2425
2025-03-13,30.6,29.61,30.6,29.61,2978
2025-03-14,30.01,30.36,30.36,30.01,1443
2025-03-17,30.65,30.19,30.65,30.0,900
2025-03-19,29.94,30.0,30.0,29.94,1157
2025-03-21,30.0,30.1599,30.16,29.84,529
2025-03-24,30.56,30.3201,31.1,30.2,8527
2025-03-25,30.305,29.9119,30.46,29.9119,5039
2025-03-26,30.0,30.11,30.12,29.8,43310
2025-03-27,30.1,30.1525,30.5,30.1,1760
2025-03-28,30.39,29.5375,30.52,30.1,3202
2025-03-31,29.8,30.01,30.5304,29.8,7804
2025-04-01,29.84,29.615,30.0,29.53,6309
2025-04-02,29.61,29.74,30.0575,29.22,4005
2025-04-03,29.48,29.0,29.62,28.51,9513
2025-04-04,28.72,28.25,28.72,28.25,2769
2025-04-07,27.95,27.76,28.1599,27.71,2315
2025-04-08,28.16,27.22,28.16,27.22,2272
2025-04-09,27.34,27.93,27.93,27.34,6488
2025-04-10,27.76,27.12,27.76,27.03,3019
2025-04-11,27.14,27.7236,27.8399,26.81,6880
