2016-10-05,25.08,25.08,25.08,25.08,700
2016-10-14,24.9,24.9,24.9,24.9,200
2016-10-24,24.97,24.9575,24.97,24.9575,907
2016-10-25,24.97,24.97,24.97,24.97,120000
2016-10-31,24.74,24.72,24.74,24.72,412127
2016-11-02,24.73,24.73,24.73,24.73,9000
2016-11-07,24.72,24.72,24.72,24.72,127
2016-11-08,NaN,24.72,NaN,NaN,2
2016-11-10,24.4,24.35,24.4,24.35,412000
2016-11-16,NaN,24.35,NaN,NaN,2
2016-11-21,24.07,24.07,24.07,24.07,400020
2016-11-25,24.0438,24.0495,24.0495,24.0437,2000
2016-11-29,NaN,24.0124,NaN,NaN,20
2016-11-30,24.03,24.03,24.03,24.03,9000
2016-12-01,23.95,23.96,23.96,23.95,1200
2016-12-05,24.01,24.09,24.11,24.01,800
2016-12-07,24.1699,24.1699,24.1699,24.1699,900
2016-12-08,NaN,24.1699,NaN,NaN,2
2016-12-09,NaN,24.1699,NaN,NaN,1
2016-12-12,24.05,24.06,24.06,24.05,600
2016-12-13,24.06,24.06,24.06,24.06,900
2016-12-15,23.98,23.98,23.98,23.98,750002
2016-12-22,NaN,23.98,NaN,NaN,3
2016-12-29,24.092,24.0815,24.092,24.0815,415
2016-12-30,24.16,24.18,24.18,24.16,202
2017-01-03,24.1,24.1,24.1,24.1,100
2017-01-06,24.242,24.242,24.242,24.242,217
2017-01-11,24.3167,24.3167,24.3167,24.3167,100
2017-01-13,24.25,24.27,24.27,24.25,217
2017-01-19,24.17,24.17,24.17,24.17,100
2017-01-20,NaN,24.17,NaN,NaN,17
2017-01-27,24.19,24.19,24.19,24.19,2676
2017-01-30,NaN,24.12,NaN,NaN,58
2017-02-01,24.1,24.1,24.1,24.1,100
2017-02-02,24.19,24.1306,24.19,24.1306,1006
2017-02-06,24.19,24.22,24.22,24.19,3800
2017-02-07,NaN,24.22,NaN,NaN,20
2017-02-08,24.31,24.31,24.31,24.31,203
2017-02-09,24.29,24.28,24.29,24.28,200
2017-02-10,24.21,24.21,24.21,24.21,7759
2017-02-13,24.24,24.25,24.25,24.24,800
2017-02-15,24.16,24.16,24.16,24.16,18043
2017-02-17,24.26,24.27,24.27,24.26,3760
2017-02-23,24.305,24.305,24.305,24.305,300
2017-02-24,24.39,24.39,24.39,24.39,19468
2017-02-27,24.4,24.33,24.4,24.4,100
2017-02-28,24.3671,24.37,24.39,24.3671,825
2017-03-01,24.2337,24.2395,24.2395,24.2337,815
2017-03-02,NaN,24.2395,NaN,NaN,35
2017-03-03,24.21,24.21,24.22,24.21,925
2017-03-06,24.19,24.2,24.2,24.19,457
2017-03-07,24.13,24.13,24.13,24.13,978
2017-03-08,24.03,24.03,24.03,24.03,5039
2017-03-09,23.97,23.885,23.97,23.88,3773
2017-03-13,23.998,23.998,23.998,23.998,400
2017-03-16,24.0904,24.0904,24.0904,24.0904,117
2017-03-17,24.14,24.1267,24.15,24.1267,4320
2017-03-20,24.19,24.19,24.19,24.19,369
2017-03-22,24.307,24.3092,24.3092,24.293,975
2017-03-23,24.275,24.2568,24.28,24.2568,3037
2017-03-24,24.3099,24.31,24.31,24.3099,983
2017-03-27,24.32,24.33,24.33,24.32,328
2017-03-29,24.33,24.33,24.34,24.33,605
2017-03-30,24.31,24.23,24.32,24.31,950
2017-03-31,24.24,24.24,24.24,24.19,2297
2017-04-05,24.28,24.28,24.28,24.28,8855
2017-04-06,24.32,24.32,24.32,24.32,307
2017-04-07,24.38,24.39,24.39,24.37,8965
2017-04-10,24.33,24.34,24.34,24.33,599
2017-04-11,24.38,24.45,24.45,24.38,23296
2017-04-12,NaN,24.45,NaN,NaN,3
2017-04-17,24.4995,24.54,24.54,24.4995,945
2017-04-19,24.53,24.53,24.53,24.53,41900
2017-04-20,24.519,24.55,24.55,24.519,745
2017-04-21,24.535,24.548,24.548,24.535,1300
2017-04-24,24.49,24.4833,24.518,24.4833,2955
2017-04-25,24.47,24.4248,24.47,24.4248,14775
2017-04-26,24.42,24.4498,24.48,24.42,1196
2017-04-27,24.5,24.45,24.51,24.4765,2051
2017-04-28,24.35,24.35,24.35,24.35,500
2017-05-01,24.45,24.47,24.47,24.45,800
2017-05-02,24.39,24.45,24.45,24.39,1080
2017-05-04,24.37,24.3899,24.3899,24.37,1470
2017-05-05,24.4,24.4,24.4,24.4,102
2017-05-08,24.37,24.37,24.37,24.37,315
2017-05-09,NaN,24.37,NaN,NaN,6
2017-05-10,24.3861,24.3861,24.3861,24.3861,315
2017-05-11,24.43,24.43,24.43,24.43,580
2017-05-12,24.52,24.52,24.52,24.52,125
2017-05-15,24.53,24.502,24.53,24.502,5254
2017-05-17,24.63,24.67,24.67,24.63,246
2017-05-18,24.6599,24.6599,24.6599,24.6599,366
2017-05-19,24.64,24.6106,24.64,24.6106,832
2017-05-23,24.66,24.66,24.66,24.66,900
2017-05-24,NaN,24.66,NaN,NaN,45
2017-05-25,24.6297,24.6092,24.6399,24.56,2189
2017-05-26,24.648,24.648,24.648,24.648,200
2017-05-30,24.673,24.598397,24.68,24.6655,935
2017-05-31,24.6063,24.6063,24.6063,24.6063,400
2017-06-01,NaN,24.6063,NaN,NaN,15
2017-06-02,24.73,24.693,24.74,24.693,3003
2017-06-05,24.7,24.6772,24.71,24.6772,2739
2017-06-06,24.75,24.77,24.77,24.75,933
2017-06-07,NaN,24.77,NaN,NaN,2
2017-06-08,NaN,24.77,NaN,NaN,61
2017-06-09,NaN,24.77,NaN,NaN,27
2017-06-12,24.685,24.68,24.73,24.68,2411
2017-06-13,24.7199,24.6985,24.7199,24.6985,375
2017-06-14,24.85,24.77,24.8599,24.77,868
2017-06-15,24.82,24.82,24.82,24.81,1198
2017-06-16,24.82,24.81,24.82,24.81,511
2017-06-19,24.74,24.8,24.8,24.74,530
2017-06-20,24.82,24.82,24.82,24.82,530
2017-06-21,24.81,24.82,24.82,24.7908,3443
2017-06-22,NaN,24.82,NaN,NaN,10
2017-06-26,24.82,24.82,24.82,24.82,134
2017-06-27,24.83,24.7806,24.83,24.7806,439
2017-06-28,24.8099,24.82,24.82,24.75,3007
2017-07-03,NaN,24.748984,NaN,NaN,5
2017-07-05,24.56,24.56,24.56,24.56,1980
2017-07-06,24.55,24.59,24.6,24.55,1075
2017-07-07,NaN,24.59,NaN,NaN,16
2017-07-10,24.59,24.61,24.61,24.59,302
2017-07-11,24.593,24.593,24.593,24.593,404
2017-07-12,NaN,24.593,NaN,NaN,1
2017-07-13,24.68,24.61,24.68,24.61,2019
2017-07-17,24.7499,24.76,24.76,24.7499,591
2017-07-19,24.77,24.77,24.77,24.77,300
2017-07-20,24.87,24.87,24.87,24.87,51540
2017-07-21,24.85,24.84,24.85,24.84,4098
2017-07-24,24.87,24.8584,24.88,24.8584,5155
2017-07-25,24.763,24.78,24.78,24.7558,1420
2017-07-26,24.78,24.78,24.78,24.78,100
2017-07-28,24.83,24.83,24.83,24.83,720
2017-07-31,24.76,24.78,24.78,24.76,953
2017-08-02,24.79,24.8,24.84,24.77,800300
2017-08-03,NaN,24.8,NaN,NaN,3
2017-08-07,NaN,24.8,NaN,NaN,17
2017-08-08,24.6926,24.6926,24.6926,24.6926,255
2017-08-09,24.675,24.675,24.675,24.675,1001
2017-08-14,24.75,24.73,24.76,24.73,613
2017-08-16,NaN,24.73,NaN,NaN,3
2017-08-17,24.7157,24.7157,24.7157,24.7157,190
2017-08-21,24.7,24.7,24.74,24.7,14422
2017-08-22,24.73,24.74,24.74,24.73,11388
2017-08-24,24.78,24.78,24.78,24.78,190
2017-08-25,24.8,24.81,24.82,24.8,13102
2017-08-28,24.8,24.82,24.82,24.8,1088
2017-08-29,24.89,24.84,24.89,24.84,3000
2017-08-30,24.85,24.776714,24.86,24.85,2100
2017-08-31,24.7994,24.7994,24.7994,24.7994,100
2017-09-05,24.771,24.7701,24.771,24.7701,1195
2017-09-06,24.85,24.77,24.85,24.77,1583
2017-09-07,24.8599,24.8599,24.8599,24.8599,808
2017-09-08,NaN,24.8599,NaN,NaN,2
2017-09-11,24.73,24.7201,24.73,24.72,13817
2017-09-12,NaN,24.7201,NaN,NaN,4
2017-09-13,24.74,24.75,24.75,24.73,3517
2017-09-18,NaN,24.75,NaN,NaN,4
2017-09-19,24.7575,24.81,24.81,24.75,3803
2017-09-21,24.753,24.753,24.753,24.753,100
2017-09-22,24.78,24.78,24.78,24.78,16305
2017-09-25,24.86,24.87,24.87,24.8,2830
2017-09-26,24.8597,24.835,24.8597,24.8349,400
2017-09-27,24.74,24.7597,24.7597,24.74,460
2017-09-28,24.785,24.741194,24.805,24.77,578
2017-09-29,24.76,24.765,24.8,24.76,2100
2017-10-02,24.79,24.79,24.79,24.79,293
2017-10-03,24.77,24.76,24.77,24.76,2103
2017-10-04,24.78,24.7556,24.78,24.7556,2608
2017-10-05,24.72,24.7497,24.7497,24.72,299
2017-10-06,NaN,24.7497,NaN,NaN,28
2017-10-09,NaN,24.7497,NaN,NaN,2
2017-10-10,24.81,24.7852,24.81,24.7723,1577
2017-10-11,24.79,24.8,24.8,24.79,350
2017-10-12,24.7797,24.75,24.7797,24.75,325
2017-10-13,24.87,24.88,24.88,24.8442,1709
2017-10-16,24.845,24.8599,24.8599,24.845,200
2017-10-18,24.8,24.82,24.82,24.795,951
2017-10-19,24.8712,24.825,24.8712,24.79,7803
2017-10-20,24.76,24.8,24.8,24.76,2818
2017-10-23,24.8051,24.8051,24.8051,24.8051,100
2017-10-24,24.78,24.775,24.78,24.775,359
2017-10-25,24.72,24.6947,24.72,24.6947,1978
2017-10-26,24.7099,24.7092,24.71,24.7092,603
2017-10-27,24.76,24.7695,24.77,24.76,3604
2017-10-30,24.82,24.771271,24.84,24.7952,861
2017-10-31,24.73,24.78,24.79,24.73,800
2017-11-01,24.78,24.78,24.78,24.78,399
2017-11-02,24.7902,24.7902,24.7902,24.7902,1216
2017-11-06,24.81,24.81,24.81,24.8,616
2017-11-07,24.79,24.79,24.79,24.79,461
2017-11-08,24.78,24.7397,24.79,24.7397,3499
2017-11-09,24.7,24.7,24.7,24.7,320
2017-11-10,24.615,24.615,24.62,24.615,332
2017-11-13,24.6131,24.62,24.62,24.58,1367
2017-11-14,24.65,24.605,24.65,24.6,1801
2017-11-16,24.66,24.675,24.6846,24.66,1200
2017-11-17,24.71,24.71,24.71,24.71,4822
2017-11-20,24.665,24.69,24.69,24.665,615
2017-11-21,24.73,24.73,24.73,24.73,100
2017-11-22,24.8,24.8,24.8,24.8,475
2017-11-24,24.8,24.8,24.8,24.75,800
2017-11-27,NaN,24.8,NaN,NaN,10
2017-11-28,24.82,24.79,24.82,24.79,1535
2017-12-01,24.71,24.7147,24.7147,24.71,360
2017-12-04,24.7,24.68,24.72,24.68,3364
2017-12-05,24.72,24.72,24.72,24.72,110
2017-12-06,NaN,24.72,NaN,NaN,16
2017-12-07,NaN,24.72,NaN,NaN,109
2017-12-08,24.76,24.7231,24.76,24.7,1001
2017-12-11,24.76,24.76,24.76,24.76,405
2017-12-12,24.69,24.69,24.69,24.69,5152
2017-12-13,24.8118,24.8118,24.8118,24.8118,116
2017-12-14,24.8699,24.865,24.8699,24.865,804
2017-12-15,NaN,24.865,NaN,NaN,21
2017-12-18,24.84,24.835,24.8499,24.8004,1685
2017-12-19,24.76,24.7151,24.76,24.7106,1951
2017-12-20,24.69,24.72,24.72,24.69,1079
2017-12-21,24.71,24.75,24.75,24.7032,1621
2017-12-22,24.68,24.68,24.68,24.68,641
2017-12-27,24.8,24.74125,24.81,24.8,757
2017-12-28,24.76,24.76,24.76,24.76,286
2017-12-29,24.78,24.7797,24.78,24.7797,955
2018-01-02,24.75,24.664,24.75,24.6353,891
2018-01-03,24.6961,24.715,24.715,24.6865,1710
2018-01-04,24.719,24.719,24.719,24.719,106
2018-01-05,24.7,24.7162,24.72,24.69,4118
2018-01-08,24.685,24.72,24.72,24.685,3048
2018-01-09,24.645,24.635,24.645,24.635,638
2018-01-10,24.592,24.64,24.64,24.592,387
2018-01-12,NaN,24.64,NaN,NaN,85
2018-01-16,24.72,24.75,24.75,24.72,622
2018-01-17,24.7,24.71,24.71,24.7,4986
2018-01-18,24.63,24.6098,24.64,24.6098,1025
2018-01-19,24.61,24.53,24.61,24.53,1331
2018-01-22,24.59,24.5953,24.5953,24.59,826
2018-01-24,24.6,24.6,24.6,24.5932,1652
2018-01-25,NaN,24.6,NaN,NaN,60
2018-01-26,24.64,24.68,24.68,24.6276,1206
2018-01-29,24.6,24.57,24.6,24.56,250683
2018-01-30,24.58,24.516511,24.58,24.58,241
2018-01-31,24.55,24.5599,24.5599,24.54,691
2018-02-01,24.57,24.4848,24.57,24.4848,519
2018-02-02,24.41,24.43,24.43,24.41,609
2018-02-05,24.365,24.48,24.4998,24.3454,745
2018-02-06,24.3999,24.41,24.42,24.3999,477
2018-02-07,NaN,24.41,NaN,NaN,233
2018-02-08,NaN,24.41,NaN,NaN,10
2018-02-09,24.2,24.19,24.2,24.175,381
2018-02-12,24.19,24.19,24.19,24.19,229
2018-02-13,24.08,24.05,24.095,24.01,120450
2018-02-14,NaN,24.05,NaN,NaN,79
2018-02-15,24.15,24.06,24.15,24.05,20300
2018-02-21,24.05,23.93,24.05,23.92,14779
2018-02-22,23.98,23.9893,23.9893,23.98,6522
2018-02-26,24.04,24.04,24.04,24.04,600
2018-02-27,23.96,24.007158,24.0691,23.95,1555
2018-02-28,24.0592,23.97,24.0592,23.97,3150
2018-03-01,23.99,23.99,23.99,23.99,200
2018-03-02,23.88,23.89,23.9,23.88,2263
2018-03-05,23.94,23.89,23.94,23.89,4672
2018-03-06,24.03,24.01,24.03,24.01,388
2018-03-07,NaN,24.01,NaN,NaN,34
2018-03-08,23.9898,23.9898,23.9898,23.9898,201
2018-03-09,23.97,23.94,23.97,23.94,1145
2018-03-12,23.87,23.9022,23.9022,23.87,1840
2018-03-13,NaN,23.9022,NaN,NaN,4
2018-03-14,23.9,23.9,23.9,23.9,721
2018-03-15,23.945,23.945,23.945,23.945,100
2018-03-16,23.92,23.93,23.93,23.9,34454
2018-03-19,23.87,23.87,23.9448,23.87,20898
2018-03-20,23.81,23.81,23.81,23.75,47460
2018-03-21,23.7709,23.7709,23.7709,23.7709,118
2018-03-22,23.8556,23.8556,23.8556,23.8556,442
2018-03-23,23.78,23.8284,23.8284,23.78,1150
2018-03-26,23.8348,23.8348,23.8348,23.8348,100
2018-03-27,0.0,23.8348,0.0,0.0,1
2018-03-28,23.91,23.831825,23.91,23.91,8966
2018-03-29,23.92,23.92,23.92,23.92,286
2018-04-02,23.92,23.92,23.92,23.92,100
2018-04-03,23.87,23.87,23.87,23.87,112
2018-04-04,NaN,23.87,NaN,NaN,21
2018-04-05,23.89,23.89,23.89,23.89,196
2018-04-06,23.91,23.91,23.91,23.91,102
2018-04-09,23.92,23.92,23.92,23.92,100
2018-04-11,24.012,24.06,24.1,24.012,13111
2018-04-12,24.05,24.0311,24.07,24.0311,19823
2018-04-13,24.0146,24.014,24.0146,24.014,638
2018-04-16,24.002,24.0098,24.045,23.97,2945
2018-04-17,24.06,24.07,24.07,24.06,23268
2018-04-18,23.998,23.97,24.03,23.9411,2062
2018-04-19,23.8836,23.86,23.91,23.86,3562
2018-04-20,23.87,23.77,23.93,23.77,26495
2018-04-23,23.82,23.82,23.82,23.7607,24361
2018-04-24,23.7101,23.7229,23.7376,23.7101,1987
2018-04-25,23.6859,23.66,23.6867,23.6381,685
2018-04-26,23.74,23.74,23.74,23.71,104103
2018-04-27,23.8,23.7884,23.8,23.7851,3400
2018-04-30,23.6848,23.6848,23.6848,23.6848,104
2018-05-02,NaN,23.6848,NaN,NaN,3
2018-05-03,NaN,23.6848,NaN,NaN,49
2018-05-07,23.68,23.68,23.68,23.68,109
2018-05-08,23.62,23.6,23.62,23.6,2934
2018-05-09,23.591,23.591,23.591,23.591,175
2018-05-10,23.652,23.671,23.671,23.652,548
2018-05-11,23.685,23.685,23.685,23.685,100
2018-05-14,23.693,23.693,23.693,23.693,1362
2018-05-15,23.61,23.5948,23.61,23.5948,346
2018-05-16,23.5201,23.5201,23.5201,23.5201,365
2018-05-17,NaN,23.5201,NaN,NaN,100
2018-05-18,23.5636,23.58,23.58,23.5636,978
2018-05-21,NaN,23.58,NaN,NaN,8
2018-05-22,23.5614,23.5743,23.5743,23.5614,365
2018-05-23,23.6195,23.6,23.6195,23.6,939
2018-05-24,23.6675,23.7,23.7,23.65,1855
2018-05-25,NaN,23.7,NaN,NaN,101
2018-05-29,23.7692,23.8164,23.8164,23.7692,459
2018-05-30,23.76,23.679943,23.7654,23.76,279
2018-05-31,23.695,23.68,23.695,23.68,590
2018-06-01,23.66,23.66,23.66,23.66,109
2018-06-04,23.63,23.6323,23.6323,23.63,100110
2018-06-05,NaN,23.6323,NaN,NaN,175
2018-06-06,23.57,23.56,23.57,23.51,1950
2018-06-07,23.6195,23.6195,23.6195,23.6195,215
2018-06-08,NaN,23.6195,NaN,NaN,83
2018-06-11,23.52,23.5412,23.58,23.52,1125
2018-06-12,23.5562,23.541,23.5565,23.54,1068
2018-06-13,NaN,23.541,NaN,NaN,0
2018-06-14,NaN,23.541,NaN,NaN,0
2018-06-15,23.65,23.64,23.65,23.64,604
2018-06-18,23.62,23.62,23.62,23.62,203
2018-06-19,23.5864,23.5864,23.5864,23.5864,397
2018-06-20,NaN,23.5864,NaN,NaN,0
2018-06-21,23.48,23.52,23.52,23.48,5384
2018-06-22,23.4934,23.4934,23.4934,23.4934,320
2018-06-25,NaN,23.4934,NaN,NaN,75
2018-06-26,23.5,23.521,23.521,23.5,650
2018-06-27,NaN,23.521,NaN,NaN,100
2018-06-28,23.6177,23.537805,23.6177,23.61,1608
2018-06-29,23.5306,23.57,23.57,23.5306,6282
2018-07-02,NaN,23.57,NaN,NaN,0
2018-07-03,NaN,23.57,NaN,NaN,25
2018-07-05,23.6375,23.6375,23.6375,23.6375,174
2018-07-06,23.6799,23.68,23.68,23.6799,686
2018-07-09,NaN,23.68,NaN,NaN,2
2018-07-10,NaN,23.68,NaN,NaN,2
2018-07-11,23.73,23.7064,23.73,23.7064,512
2018-07-12,23.78,23.77,23.78,23.74,200605
2018-07-13,NaN,23.77,NaN,NaN,150
2018-07-16,23.73,23.74,23.74,23.73,8169
2018-07-17,23.7196,23.7,23.7196,23.7,976
2018-07-18,NaN,23.7,NaN,NaN,0
2018-07-19,23.71,23.7275,23.7275,23.71,400
2018-07-20,NaN,23.7275,NaN,NaN,70
2018-07-23,NaN,23.7275,NaN,NaN,8
2018-07-24,23.65,23.65,23.65,23.65,170
2018-07-25,23.71,23.6849,23.71,23.6701,1017
2018-07-26,23.709,23.67,23.709,23.67,1023
2018-07-27,23.71,23.731,23.731,23.71,300
2018-07-30,23.73,23.676818,23.7505,23.73,100242
2018-07-31,23.7,23.7296,23.7296,23.7,1281
2018-08-01,NaN,23.7296,NaN,NaN,183
2018-08-02,NaN,23.7296,NaN,NaN,25
2018-08-03,NaN,23.7296,NaN,NaN,0
2018-08-06,23.731,23.7094,23.731,23.7094,1129
2018-08-07,NaN,23.7094,NaN,NaN,42
2018-08-08,NaN,23.7094,NaN,NaN,24
2018-08-09,NaN,23.7094,NaN,NaN,62
2018-08-10,NaN,23.7094,NaN,NaN,79
2018-08-13,NaN,23.7094,NaN,NaN,0
2018-08-14,23.6905,23.7125,23.7204,23.6905,1289
2018-08-15,23.7386,23.7386,23.7386,23.7386,316
2018-08-16,NaN,23.7386,NaN,NaN,1
2018-08-17,NaN,23.7386,NaN,NaN,0
2018-08-20,23.8223,23.8223,23.8223,23.8223,487
2018-08-21,23.86,23.86,23.86,23.8599,2010
2018-08-22,23.81,23.8215,23.8215,23.81,100639
2018-08-23,23.83,23.85,23.8546,23.83,1386
2018-08-24,23.83,23.83,23.83,23.83,292
2018-08-27,23.84,23.84,23.84,23.84,2265
2018-08-28,NaN,23.84,NaN,NaN,11
2018-08-29,23.81,23.7889,23.81,23.7889,773
2018-08-30,NaN,23.698048,NaN,NaN,69
2018-08-31,NaN,23.698048,NaN,NaN,57
2018-09-04,23.66,23.66,23.66,23.66,372
2018-09-05,23.6081,23.6081,23.6081,23.6081,221
2018-09-06,23.6699,23.6426,23.6699,23.6426,425
2018-09-07,NaN,23.6426,NaN,NaN,0
2018-09-10,23.6,23.6,23.6,23.6,483
2018-09-11,NaN,23.6,NaN,NaN,0
2018-09-12,23.63,23.63,23.63,23.63,227
2018-09-13,23.6197,23.6197,23.6197,23.6197,1267
2018-09-14,NaN,23.6197,NaN,NaN,196
2018-09-17,23.5529,23.5529,23.5529,23.5529,141
2018-09-18,23.5087,23.5087,23.5087,23.5087,127
2018-09-19,23.5,23.51,23.52,23.5,1534
2018-09-20,23.51,23.51,23.51,23.51,305
2018-09-21,NaN,23.51,NaN,NaN,14
2018-09-24,23.5591,23.5064,23.5591,23.5064,756
2018-09-25,23.492,23.492,23.492,23.492,867
2018-09-26,23.55,23.55,23.55,23.55,458
2018-09-27,23.5848,23.518766,23.5848,23.5848,1163
2018-09-28,23.54,23.57,23.57,23.54,100205
2018-10-01,23.5399,23.5399,23.5399,23.5399,449
2018-10-02,NaN,23.5399,NaN,NaN,162
2018-10-03,23.46,23.4724,23.4724,23.46,731
2018-10-04,23.3533,23.3533,23.3533,23.3533,235
2018-10-05,NaN,23.3533,NaN,NaN,2
2018-10-08,23.31,23.31,23.31,23.31,156
2018-10-09,23.2801,23.2801,23.2801,23.2801,400
2018-10-10,23.286,23.2736,23.286,23.2736,100935
2018-10-11,23.35,23.35,23.3524,23.35,1075
2018-10-12,23.36,23.36,23.36,23.36,315
2018-10-15,23.3027,23.3027,23.3027,23.3027,278
2018-10-16,NaN,23.3027,NaN,NaN,1
2018-10-17,23.3,23.299,23.309,23.287,1815
2018-10-18,NaN,23.299,NaN,NaN,100
2018-10-19,23.239,23.239,23.239,23.239,531
2018-10-22,23.2499,23.2499,23.2499,23.2499,1309
2018-10-23,23.2229,23.2229,23.2229,23.2229,489
2018-10-24,NaN,23.2229,NaN,NaN,82
2018-10-25,23.2335,23.2335,23.2335,23.2335,848
2018-10-26,23.29,23.2804,23.29,23.2804,300
2018-10-29,23.22,23.2105,23.22,23.2,740
2018-10-30,23.222,23.103986,23.222,23.1936,1200
2018-10-31,23.05,23.07,23.07,23.05,200905
2018-11-01,NaN,23.07,NaN,NaN,57
2018-11-02,23.0478,23.07,23.07,23.0478,471
2018-11-05,NaN,23.07,NaN,NaN,75
2018-11-06,23.08,23.0799,23.08,23.0799,485
2018-11-07,23.1,23.1,23.1,23.1,465
2018-11-08,NaN,23.1,NaN,NaN,59
2018-11-09,23.09,23.03,23.09,23.03,351
2018-11-12,23.07,23.0579,23.08,23.0579,1382
2018-11-13,23.049,23.0203,23.049,23.0203,746
2018-11-14,NaN,23.0203,NaN,NaN,23
2018-11-15,NaN,23.0203,NaN,NaN,178
2018-11-16,22.938,23.0,23.0,22.938,614
2018-11-19,22.93,22.91,22.94,22.91,533
2018-11-20,22.9,22.89,22.9,22.89,400
2018-11-21,NaN,22.89,NaN,NaN,9
2018-11-23,23.0,23.0,23.0,23.0,417
2018-11-26,23.0,22.99,23.0,22.93,3380
2018-11-27,22.97,22.947,22.97,22.947,739
2018-11-28,23.0,23.01,23.02,23.0,5090
2018-11-29,NaN,22.933948,NaN,NaN,222
2018-11-30,22.8593,22.8593,22.8593,22.8593,543
2018-12-03,NaN,22.8593,NaN,NaN,173
2018-12-04,22.9945,23.01,23.01,22.9864,461
2018-12-06,22.9891,22.9891,22.9891,22.9891,179
2018-12-07,23.03,23.03,23.03,23.03,417
2018-12-10,23.0499,23.03,23.0499,23.015,1126
2018-12-11,23.07,23.07,23.07,23.07,39
2018-12-12,23.1,23.1,23.1,23.1,0
2018-12-13,23.09,23.12,23.12,23.09,739
2018-12-14,23.1725,23.16,23.2,23.16,978
2018-12-17,23.1636,23.18,23.2,23.1636,1856
2018-12-18,23.25,23.23,23.25,23.23,600
2018-12-19,23.2981,23.24,23.2981,23.24,9706
2018-12-20,23.23,23.155,23.23,23.155,3156
2018-12-21,23.14,23.12,23.14,23.065,1593
2018-12-24,23.1369,23.088,23.1369,23.088,1644
2018-12-26,23.11,23.0551,23.11,23.0551,6181
2018-12-27,23.1,23.026091,23.1,23.1,0
2018-12-28,23.0401,23.0803,23.0803,23.0401,1116
2018-12-31,23.13,23.13,23.13,23.13,71
2019-01-02,23.1521,23.1521,23.1521,23.1521,111
2019-01-03,23.185,23.185,23.185,23.185,0
2019-01-04,23.1699,23.1699,23.1699,23.1699,83
2019-01-07,23.2056,23.185,23.2056,23.185,688
2019-01-08,23.1993,23.215,23.215,23.1993,237
2019-01-09,23.25,23.28,23.28,23.25,550
2019-01-10,23.2453,23.2453,23.2453,23.2453,164
2019-01-11,23.3009,23.29,23.3009,23.2601,4577
2019-01-14,23.28,23.26,23.28,23.26,241
2019-01-15,23.265,23.265,23.265,23.265,78
2019-01-16,23.31,23.31,23.31,23.31,107
2019-01-17,23.2753,23.325,23.34,23.27,26856
2019-01-18,23.35,23.375,23.389,23.35,1801
2019-01-22,23.4278,23.395,23.4278,23.3936,585
2019-01-23,23.4282,23.44,23.4699,23.4282,1864
2019-01-24,23.505,23.505,23.505,23.505,92
2019-01-25,23.4809,23.505,23.505,23.4809,1214
2019-01-28,23.49,23.515,23.56,23.48,3699
2019-01-29,23.55,23.565,23.5999,23.55,780
2019-01-30,23.6,23.553862,23.635,23.6,279
2019-01-31,23.6325,23.6948,23.73,23.6325,1239
2019-02-01,23.6548,23.647,23.6548,23.6385,774
2019-02-04,23.66,23.6259,23.66,23.6259,354
2019-02-05,23.6583,23.6876,23.6876,23.6583,1122
2019-02-06,23.705,23.6795,23.705,23.6795,599
2019-02-07,23.6825,23.67,23.6825,23.66,630
2019-02-08,23.67,23.6971,23.6971,23.67,126
2019-02-11,23.665,23.665,23.665,23.665,13
2019-02-12,23.68,23.6804,23.7,23.6621,8969
2019-02-13,23.6649,23.655,23.69,23.655,1676
2019-02-14,23.6976,23.68,23.6976,23.6701,1217
2019-02-15,23.7095,23.68,23.7095,23.7095,0
2019-02-19,23.75,23.715,23.75,23.715,476
2019-02-20,23.6858,23.69,23.697,23.6858,1035
2019-02-21,23.6499,23.635,23.6499,23.635,255
2019-02-22,23.73,23.705,23.74,23.705,500
2019-02-25,23.71,23.71,23.71,23.71,0
2019-02-26,23.75,23.75,23.75,23.75,0
2019-02-27,23.75,23.63398,23.75,23.68,1195
2019-02-28,23.625,23.625,23.625,23.625,0
2019-03-01,23.6245,23.605,23.6493,23.605,2508
2019-03-04,23.6438,23.6438,23.6438,23.6438,24
2019-03-05,23.6334,23.6334,23.6334,23.6334,15
2019-03-06,23.6825,23.65,23.6825,23.65,552
2019-03-07,23.74,23.715,23.74,23.715,1576
2019-03-08,23.71,23.73,23.73,23.71,2831
2019-03-11,23.7101,23.7377,23.7377,23.7101,423
2019-03-12,23.8,23.825,23.825,23.8,158
2019-03-13,23.835,23.8,23.84,23.8,1260
2019-03-14,23.7625,23.775,23.82,23.7625,3741
2019-03-15,23.83,23.845,23.845,23.83,200
2019-03-18,23.835,23.835,23.835,23.835,33
2019-03-19,23.87,23.8477,23.87,23.81,2002
2019-03-20,23.8447,23.9198,23.9198,23.8447,962
2019-03-21,23.91,23.945,23.945,23.91,1931
2019-03-22,24.07,24.07,24.07,24.07,0
2019-03-25,24.08,24.12,24.15,24.08,2711
2019-03-26,24.15,24.135,24.17,24.135,1071
2019-03-27,24.21,24.174,24.219,24.17,7770
2019-03-28,24.1867,24.122599,24.202,24.1867,2540
2019-03-29,24.12,24.12,24.12,24.12,36
2019-04-01,24.04,24.04,24.04,24.04,102
2019-04-02,24.05,24.055,24.075,24.05,4155195
2019-04-03,24.045,24.05,24.05,24.0425,2754
2019-04-04,24.0385,24.015,24.0385,24.015,2041
2019-04-05,24.0609,24.055,24.0609,24.045,702
2019-04-08,24.04,24.04,24.04,24.04,33
2019-04-09,24.0789,24.085,24.12,24.0789,1930
2019-04-10,24.1301,24.16,24.16,24.1301,368
2019-04-11,24.16,24.135,24.16,24.135,596
2019-04-12,24.155,24.155,24.155,24.155,0
2019-04-15,24.1421,24.19,24.2,24.1421,122910
2019-04-16,24.18,24.11,24.18,24.11,2676
2019-04-17,24.1101,24.095,24.1101,24.095,425
2019-04-18,24.1512,24.12,24.1512,24.12,3700
2019-04-22,24.11,24.085,24.11,24.085,16764
2019-04-23,24.16,24.1431,24.18,24.1431,2293
2019-04-24,24.215,24.215,24.215,24.215,75
2019-04-25,24.23,24.21,24.24,24.205,8970
2019-04-26,24.3099,24.275,24.31,24.275,12042
2019-04-29,24.27,24.166384,24.27,24.2199,709
2019-04-30,24.22,24.22,24.25,24.1893,10156
2019-05-01,24.26,24.21,24.3,24.21,6184
2019-05-02,24.1335,24.115,24.14,24.115,5392
2019-05-03,24.1745,24.1782,24.22,24.14,4310
2019-05-06,24.16,24.21,24.26,24.16,5468
2019-05-07,24.25,24.23,24.25,24.23,102
2019-05-08,24.21,24.175,24.21,24.175,1669
2019-05-09,24.2,24.195,24.2,24.19,577
2019-05-10,24.21,24.2035,24.24,24.1862,5017
2019-05-13,24.25,24.22,24.26,24.22,1275
2019-05-14,24.2101,24.24,24.24,24.2101,616
2019-05-15,24.295,24.295,24.295,24.295,0
2019-05-16,24.2973,24.28,24.2973,24.28,701
2019-05-17,24.31,24.275,24.31,24.275,2200
2019-05-20,24.25,24.244,24.25,24.239,963
2019-05-21,24.2227,24.225,24.26,24.2227,2993
2019-05-22,24.28,24.255,24.28,24.255,700
2019-05-23,24.32,24.3132,24.37,24.3065,786
2019-05-24,24.33,24.33,24.33,24.33,54
2019-05-28,24.3866,24.3946,24.43,24.379,1723
2019-05-29,24.3965,24.3752,24.41,24.3609,2312
2019-05-30,24.5,24.373053,24.5,24.465,100
2019-05-31,24.34,24.445,24.48,24.34,4080
2019-06-03,24.53,24.54,24.56,24.5,3719
2019-06-04,24.53,24.56,24.56,24.5289,8870
2019-06-05,24.56,24.4868,24.56,24.4868,2326
2019-06-06,24.53,24.505,24.56,24.505,10593
2019-06-07,24.59,24.59,24.59,24.59,462
2019-06-10,24.6,24.5417,24.6,24.53,309
2019-06-11,24.5593,24.55,24.5593,24.55,209
2019-06-12,24.5626,24.5745,24.5801,24.54,876
2019-06-13,24.63,24.6327,24.67,24.63,4212
2019-06-14,24.6299,24.6475,24.6626,24.6299,3350
2019-06-17,24.6501,24.68,24.68,24.6501,114
2019-06-18,24.815,24.795,24.82,24.795,715
2019-06-19,24.77,24.91,24.95,24.77,1272
2019-06-20,24.9721,25.015,25.015,24.9721,3482
2019-06-21,24.9201,24.94,24.9436,24.9201,814
2019-06-24,24.9953,25.01,25.01,24.99,581
2019-06-25,25.025,25.025,25.025,25.025,66
2019-06-26,24.99,24.987,24.99,24.987,2000
2019-06-27,24.99,24.984088,25.05,24.98,528
2019-06-28,24.9988,25.035,25.035,24.9988,1100
2019-07-01,25.0218,25.045,25.06,25.0218,2849
2019-07-02,25.09,25.1,25.1,25.08,4142
2019-07-03,25.175,25.175,25.175,25.175,1
2019-07-05,25.04,25.04,25.04,25.04,86
2019-07-08,25.0353,25.0297,25.07,25.0,5241
2019-07-09,25.03,25.0,25.04,25.0,526
2019-07-10,25.06,25.005,25.07,25.005,830
2019-07-11,24.9683,24.915,25.02,24.8912,6160
2019-07-12,24.925,24.915,24.925,24.925,0
2019-07-15,24.9505,24.96,24.984,24.9505,4440
2019-07-16,24.94,24.915,24.94,24.8772,4001771
2019-07-17,24.9388,24.955,24.99,24.9368,13123
2019-07-18,25.08,25.06,25.08,24.96,4800
2019-07-19,25.0418,25.0391,25.0802,25.03,2912
2019-07-22,25.085,25.106,25.11,25.085,12019
2019-07-23,25.09,25.09,25.1,25.06,7368
2019-07-24,25.1187,25.1351,25.1351,25.1187,997
2019-07-25,25.09,25.09,25.09,25.09,171
2019-07-26,25.13,25.11,25.15,25.11,5020
2019-07-29,25.17,25.125,25.17,25.125,3906
2019-07-30,25.15,25.072436,25.16,25.06,5442
2019-07-31,25.1455,25.1095,25.1455,25.1095,1528
2019-08-01,25.2779,25.2832,25.32,25.2779,2806
2019-08-02,25.2711,25.3098,25.3098,25.2711,2361
2019-08-05,25.35,25.3449,25.3904,25.3449,5223
2019-08-06,25.42,25.4754,25.4799,25.4048,4888
2019-08-07,25.59,25.48,25.59,25.4724,1961
2019-08-08,25.36,25.4851,25.4851,25.36,893
2019-08-09,25.4752,25.42,25.4752,25.42,1280
2019-08-12,25.4795,25.54,25.561,25.4795,3123
2019-08-13,25.575,25.5243,25.575,25.5233,983
2019-08-14,25.6099,25.5768,25.6099,25.5768,794
2019-08-15,25.68,25.7,25.7,25.6799,1902
2019-08-16,25.75,25.71,25.75,25.71,171
2019-08-19,25.65,25.6249,25.65,25.57,2686
2019-08-20,25.7,25.705,25.705,25.6999,1900
2019-08-21,25.732,25.765,25.765,25.732,1119
2019-08-22,25.71,25.705,25.71,25.705,476
2019-08-23,25.71,25.79,25.8099,25.6932,3331
2019-08-26,25.8153,25.775,25.827,25.775,4345
2019-08-27,25.9053,25.8679,25.9053,25.8679,750
2019-08-28,25.98,25.8998,25.98,25.8998,2123
2019-08-29,25.87,25.784418,25.87,25.8,1820
2019-08-30,25.77,25.78,25.78,25.721,1532
2019-09-03,25.85,25.81,25.85,25.7992,1853
2019-09-04,25.72,25.79,25.84,25.72,1843
2019-09-05,25.665,25.665,25.665,25.665,1
2019-09-06,25.6915,25.735,25.735,25.68,1398
2019-09-09,25.58,25.59,25.6453,25.58,2573
2019-09-10,25.63,25.4512,25.63,25.4512,2189
2019-09-11,25.44,25.42,25.4474,25.42,1034
2019-09-12,25.51,25.39,25.51,25.3739,2889
2019-09-13,25.29,25.2075,25.29,25.1822,749
2019-09-16,25.2996,25.2996,25.2996,25.2996,46
2019-09-17,25.27,25.32,25.39,25.27,9379
2019-09-18,25.4535,25.37,25.49,25.37,1186
2019-09-19,25.5,25.445,25.51,25.445,5076
2019-09-20,25.48,25.5877,25.5877,25.48,2228
2019-09-23,25.6067,25.635,25.65,25.6067,12584
2019-09-24,25.69,25.7024,25.72,25.66,7209
2019-09-25,25.5695,25.5599,25.5695,25.5538,949
2019-09-26,25.6,25.595,25.64,25.59,496
2019-09-27,25.64,25.67,25.67,25.61,60898
2019-09-30,25.56,25.6095,25.618,25.5443,3358
2019-10-01,25.55,25.645,25.6767,25.55,10992
2019-10-02,25.645,25.635,25.67,25.635,1141
2019-10-03,25.7447,25.73,25.7447,25.7253,3454
2019-10-04,25.79,25.8,25.8,25.74,1817
2019-10-07,25.78,25.73,25.78,25.73,1231
2019-10-08,25.76,25.71,25.765,25.6935,7649
2019-10-09,25.7156,25.6808,25.7156,25.6808,2154
2019-10-10,25.575,25.5452,25.6099,25.5452,4645
2019-10-11,25.48,25.47,25.5206,25.46,2298
2019-10-14,25.52,25.53,25.59,25.52,1373
2019-10-15,25.59,25.5002,25.59,25.5002,3910920
2019-10-16,25.534,25.55,25.55,25.52,1335
2019-10-17,25.47,25.49,25.5,25.47,941
2019-10-18,25.5978,25.56,25.5978,25.56,335
2019-10-21,25.52,25.52,25.55,25.51,393060
2019-10-22,25.52,25.565,25.5724,25.52,1952498
2019-10-23,25.6342,25.6048,25.6342,25.6048,5061
2019-10-24,25.64,25.6148,25.65,25.6121,2429
2019-10-25,25.64,25.58,25.64,25.5701,6310
2019-10-28,25.4755,25.5151,25.55,25.4755,5492
2019-10-29,25.5219,25.5,25.5399,25.498,2635
2019-10-30,25.5516,25.536316,25.61,25.53,5699
2019-10-31,25.6602,25.665,25.6899,25.6602,3207
2019-11-01,25.69,25.655,25.7,25.63,9554
2019-11-04,25.5613,25.555,25.69,25.52,14595
2019-11-05,25.4459,25.4619,25.4625,25.4459,61977
2019-11-06,25.55,25.5278,25.56,25.5278,8706
2019-11-07,25.4448,25.3832,25.4448,25.3832,11115
2019-11-08,25.4232,25.345,25.44,25.345,9496
2019-11-11,25.37,25.365,25.38,25.355,5046
2019-11-12,25.38,25.3899,25.4021,25.38,3923193
2019-11-13,25.4869,25.41,25.4869,25.41,25512
2019-11-14,25.5826,25.5498,25.5826,25.5498,12451
2019-11-15,25.57,25.54,25.57,25.54,5615
2019-11-18,25.6,25.6,25.62,25.5369,12411
2019-11-19,25.5834,25.595,25.64,25.5834,14388
2019-11-20,25.6485,25.665,25.6787,25.6377,584083
2019-11-21,25.6449,25.6349,25.6449,25.6198,2631
2019-11-22,25.64,25.6793,25.6829,25.63,2353329
2019-11-25,25.7,25.7,25.7299,25.69,9227
2019-11-26,25.79,25.7649,25.79,25.75,6703
2019-11-27,25.76,25.78,25.78,25.7495,3875
2019-11-29,25.69,25.6772,25.73,25.6611,2136
2019-12-02,25.5893,25.63,25.63,25.58,16447
2019-12-03,25.64,25.72,25.79,25.64,38399
2019-12-04,25.72,25.7,25.72,25.68,11549
2019-12-05,25.67,25.74,25.75,25.6312,17307
2019-12-06,25.6792,25.6849,25.6889,25.6749,1481
2019-12-09,25.6863,25.72,25.73,25.6701,5068
2019-12-10,25.6626,25.7,25.72,25.65,9506
2019-12-11,25.7488,25.7827,25.81,25.73,13594
2019-12-12,25.67,25.7,25.71,25.6307,28612
2019-12-13,25.78,25.82,25.82,25.6941,7057
2019-12-16,25.8,25.765,25.8,25.7442,72771
2019-12-17,25.7229,25.755,25.755,25.7229,8601
2019-12-18,25.715,25.71,25.7317,25.71,1545
2019-12-19,25.7177,25.78,25.78,25.7177,6283
2019-12-20,25.7186,25.735,25.77,25.7091,8366
2019-12-23,25.76,25.77,25.77,25.7108,4940
2019-12-24,25.73,25.74,25.76,25.73,6257
2019-12-26,25.78,25.77,25.8,25.75,18901
2019-12-27,25.8212,25.8648,25.8756,25.8212,478
2019-12-30,25.67,25.75,25.75,25.665,3295
2019-12-31,25.7,25.6446,25.7,25.6,19249
2020-01-02,25.731,25.705,25.731,25.683,3441
2020-01-03,25.69,25.795,25.825,25.69,30537
2020-01-06,25.7385,25.7554,25.778,25.7271,4981
2020-01-07,25.7195,25.695,25.7305,25.67,13432
2020-01-08,25.67,25.68,25.705,25.6488,7476
2020-01-09,25.65,25.7098,25.7098,25.5997,4378
2020-01-10,25.7321,25.8,25.81,25.7321,27367
2020-01-13,25.7596,25.76,25.8,25.7523,14618
2020-01-14,25.76,25.81,25.81,25.7515,6915
2020-01-15,25.88,25.88,25.88,25.8324,13108
2020-01-16,25.8211,25.89,25.89,25.8211,15567
2020-01-17,25.86,25.9,25.9,25.8397,16875
2020-01-21,25.93,25.9435,25.945,25.8958,9587
2020-01-22,26.015,26.01,26.04,25.9761,18389
2020-01-23,26.05,26.05,26.07,26.0077,12781
2020-01-24,26.088,26.09,26.1012,26.0582,9213
2020-01-27,26.15,26.16,26.16,26.0995,9020
2020-01-28,26.17,26.1035,26.17,26.0868,7614
2020-01-29,26.1714,26.185,26.2,26.158,11906
2020-01-30,26.21,26.127778,26.25,26.2,7316
2020-01-31,26.17,26.2,26.21,26.14,7915
2020-02-03,26.17,26.2,26.2,26.1333,4587
2020-02-04,26.1199,26.12,26.12,26.0581,12794
2020-02-05,26.065,26.055,26.08,26.0401,7761
2020-02-06,26.0746,26.1088,26.12,26.0746,24662
2020-02-07,26.19,26.175,26.21,26.151,12452
2020-02-10,26.2253,26.24,26.26,26.2179,9609
2020-02-11,26.2234,26.1926,26.2234,26.1926,2147
2020-02-12,26.18,26.19,26.2,26.14,16786
2020-02-13,26.185,26.195,26.215,26.1688,3500
2020-02-14,26.26,26.29,26.299,26.2339,21903
2020-02-18,26.3,26.26,26.32,26.26,15098
2020-02-19,26.2735,26.2965,26.31,26.265,9293
2020-02-20,26.34,26.3074,26.34,26.26,9463
2020-02-21,26.4,26.3722,26.4062,26.3722,4416
2020-02-24,26.4333,26.44,26.5,26.42,21816
2020-02-25,26.47,26.4146,26.4899,26.4146,9236
2020-02-26,26.32,26.36,26.46,26.32,31207
2020-02-27,26.34,26.245181,26.4,26.28,118612
2020-02-28,26.35,26.6,26.65,26.277,117316
2020-03-02,26.4304,26.344,26.4472,26.3116,6724
2020-03-03,26.39,26.5029,26.64,26.39,10451
2020-03-04,26.73,26.6018,26.73,26.6018,5623
2020-03-05,26.69,26.6387,26.7095,26.61,16925
2020-03-06,26.6946,26.6899,26.74,26.627,5291
2020-03-09,26.42,26.2705,26.4355,26.18,6563
2020-03-10,26.04,25.6,26.09,25.6,13562
2020-03-11,25.6547,25.0798,25.6547,25.0798,21880
2020-03-12,24.92,24.28,25.24,23.9337,161222
2020-03-13,24.67,24.9064,25.12,24.57,10532
2020-03-16,24.61,24.48,24.7084,24.22,99002
2020-03-17,24.3401,23.81,24.3401,23.81,4988
2020-03-18,23.43,22.91,23.43,22.0862,21834
2020-03-19,22.57,21.72,22.57,21.71,23981
2020-03-20,21.31,21.73,22.2373,21.31,15515
2020-03-23,21.51,22.3392,22.5,21.51,10176
2020-03-24,22.14,22.88,22.88,22.14,5287
2020-03-25,23.0981,23.425,23.425,22.85,8421
2020-03-26,23.4602,23.7418,23.7418,23.4602,4747
2020-03-27,23.56,23.8989,23.8989,23.56,4339
2020-03-30,23.78,24.024264,24.27,23.78,9321
2020-03-31,24.0565,24.0742,24.34,23.9501,22081
2020-04-01,24.07,23.93,24.0797,23.93,8315
2020-04-02,24.0657,24.0112,24.0955,23.9415,2133
2020-04-03,23.9777,23.9758,24.055,23.936,2356
2020-04-06,24.1519,24.0932,24.1519,24.0743,2902
2020-04-07,24.2133,24.1852,24.25,24.1641,67900
2020-04-08,24.2515,24.39,24.44,24.2515,1601
2020-04-09,24.8125,25.11,25.11,24.8125,5495
2020-04-13,24.97,25.1,25.23,24.97,5094
2020-04-14,25.36,25.3246,25.4,25.3246,2003020
2020-04-15,25.3555,25.39,25.39,25.3555,2587
2020-04-16,25.55,25.6,25.6,25.4014,2001256
2020-04-17,25.5201,25.5802,25.6176,25.5201,5702
2020-04-20,25.51,25.53,25.5899,25.4655,4401
2020-04-21,25.5322,25.57,25.57,25.5322,3308
2020-04-22,25.55,25.4966,25.58,25.45,3751
2020-04-23,25.6069,25.5831,25.65,25.575,2764
2020-04-24,25.59,25.5978,25.66,25.528,10073
2020-04-27,25.525,25.4208,25.56,25.4208,2664
2020-04-28,25.56,25.4544,25.56,25.4366,4751
2020-04-29,25.6204,25.466959,25.68,25.5926,2590
2020-04-30,25.435,25.52,25.52,25.385,777390
2020-05-01,25.3836,25.3648,25.43,25.3296,19212
2020-05-04,25.3468,25.375,25.45,25.34,11142
2020-05-05,25.3248,25.3041,25.4,25.3041,8028
2020-05-06,25.155,25.155,25.23,25.153,5873
2020-05-07,25.195,25.2848,25.338,25.195,2715
2020-05-08,25.1914,25.1746,25.35,25.1637,28133
2020-05-11,25.0774,25.003,25.11,24.954,5492
2020-05-12,24.955,25.0696,25.14,24.9525,226261
2020-05-13,25.15,25.06,25.19,25.06,60346
2020-05-14,25.205,25.2651,25.2651,25.205,4814
2020-05-15,25.28,25.275,25.35,25.2542,3209
2020-05-18,25.35,25.3649,25.38,25.325,13726
2020-05-19,25.385,25.47,25.51,25.385,12951
2020-05-20,25.535,25.67,25.705,25.535,9727
2020-05-21,25.735,25.78,25.79,25.735,5343
2020-05-22,25.816,25.77,25.84,25.7496,7228
2020-05-26,25.8002,25.77,25.85,25.7287,8308
2020-05-27,25.93,25.92,25.93,25.792,6159
2020-05-28,25.91,25.802738,25.94,25.855,9119
2020-05-29,25.9048,25.9652,26.0,25.885,3607
2020-06-01,25.99,25.94,26.03,25.92,8485
2020-06-02,26.03,26.025,26.049,25.93,3662
2020-06-03,26.07,26.0653,26.12,25.985,4243
2020-06-04,26.05,26.02,26.109,26.02,7168
2020-06-05,26.035,26.1591,26.22,26.035,13567
2020-06-08,26.3,26.3,26.36,26.23,10642
2020-06-09,26.35,26.15,26.35,26.15,48425
2020-06-10,26.2612,26.36,26.43,26.2562,21951
2020-06-11,26.4,26.3128,26.42,26.2392,12308
2020-06-12,26.38,26.31,26.3897,26.3082,3741
2020-06-15,26.28,26.3704,26.44,26.17,11862
2020-06-16,26.4229,26.415,26.5,26.3647,16340
2020-06-17,26.4123,26.475,26.53,26.395,7403002
2020-06-18,26.47,26.53,26.53,26.43,5555
2020-06-19,26.57,26.57,26.63,26.5263,96563
2020-06-22,26.64,26.61,26.67,26.5891,4260
2020-06-23,26.52,26.51,26.71,26.46,472865
2020-06-24,26.4251,26.435,26.5,26.4035,7410
2020-06-25,26.42,26.52,26.55,26.42,10544
2020-06-26,26.55,26.49,26.55,26.45,4685
2020-06-29,26.55,26.567653,27.84,26.4887,180589
2020-06-30,26.52,26.48,26.5699,26.41,315246
2020-07-01,26.4961,26.615,26.615,26.4961,8958
2020-07-02,26.63,26.68,26.7,26.5512,7299
2020-07-06,26.7296,26.75,26.92,26.665,45750
2020-07-07,26.789,26.82,27.0,26.76,49704
2020-07-08,26.83,26.73,26.83,26.72,56472
2020-07-09,26.765,26.855,26.905,26.765,11234
2020-07-10,26.85,26.855,26.92,26.84,13618
2020-07-13,26.86,26.8601,26.925,26.845,18652
2020-07-14,26.94,26.9408,26.9699,26.88,23894
2020-07-15,26.91,26.93,26.96,26.91,15415
2020-07-16,27.015,27.03,27.05,26.9801,6358
2020-07-17,27.07,27.0525,27.09,27.0381,23180
2020-07-20,27.06,27.09,27.1399,27.06,3639
2020-07-21,27.19,27.21,27.23,27.15,16841
2020-07-22,27.2633,27.27,27.31,27.22,51429
2020-07-23,27.29,27.28,27.33,27.2441,9830
2020-07-24,27.2585,27.305,27.31,27.2585,8631
2020-07-27,27.32,27.23,27.33,27.23,17588
2020-07-28,27.28,27.275,27.3,27.23,13555
2020-07-29,27.28,27.2635,27.28,27.22,33282
2020-07-30,27.29,27.261775,27.35,27.29,27149
2020-07-31,27.27,27.3149,27.33,27.215,19368
2020-08-03,27.25,27.265,27.2652,27.22,12072
2020-08-04,27.3,27.385,27.41,27.3,61870
2020-08-05,27.39,27.3736,27.4,27.32,11810
2020-08-06,27.45,27.4539,27.46,27.42,5932
2020-08-07,27.45,27.3975,27.459,27.3945,8888
2020-08-10,27.42,27.355,27.42,27.35,10640
2020-08-11,27.3,27.25,27.3,27.2,56395
2020-08-12,27.175,27.16,27.21,27.1,97225
2020-08-13,27.12,27.01,27.15,26.99,17061
2020-08-14,26.9898,26.98,27.05,26.98,9085
2020-08-17,26.9908,27.01,27.0397,26.9908,12722
2020-08-18,27.0,27.028,27.05,26.98,79836
2020-08-19,27.04,26.94,27.05,26.94,9862
2020-08-20,27.06,27.015,27.11,27.0,23192
2020-08-21,27.0129,27.07,27.08,27.0129,2719003
2020-08-24,27.111,27.06,27.12,27.044,26617
2020-08-25,26.99,26.99,27.0,26.94,15739
2020-08-26,26.95,26.935,26.96,26.8801,18654
2020-08-27,26.959,26.8,26.959,26.8,30160
2020-08-28,26.8392,26.744779,26.86,26.795,7948
2020-08-31,26.72,26.84,26.88,26.72,1713198
2020-09-01,26.84,26.9599,26.97,26.84,8861
2020-09-02,27.0292,27.0799,27.08,27.0292,6698
2020-09-03,27.13,27.0947,27.13,27.075,22390
2020-09-04,27.02,26.865,27.02,26.865,6600
2020-09-08,26.94,26.8616,26.94,26.8616,4371
2020-09-09,26.9,26.86,26.9,26.8475,4972
2020-09-10,26.89,26.89,26.9,26.85,6287
2020-09-11,26.95,26.92,26.9599,26.9112,5342
2020-09-14,26.96,26.9241,27.01,26.92,10320
2020-09-15,26.93,26.95,26.98,26.88,19533
2020-09-16,26.98,26.9196,26.99,26.8979,527376
2020-09-17,27.019,26.9465,27.8905,26.94,41745
2020-09-18,26.96,26.93,26.96,26.92,14729
2020-09-21,26.99,26.905,27.23,26.85,84561
2020-09-22,26.91,26.905,26.94,26.9,30574
2020-09-23,26.92,26.85,26.92,26.85,15772
2020-09-24,26.84,26.81,26.85,26.79,21709
2020-09-25,26.75,26.71,26.756,26.7024,8893
2020-09-28,26.7,26.695,26.7,26.68,6334
2020-09-29,26.76,26.644979,26.77,26.71,18421
2020-09-30,26.69,26.62,26.69,26.62,42871
2020-10-01,26.64,26.7,26.7,26.61,24377
2020-10-02,26.68,26.67,26.7,26.63,5008
2020-10-05,26.591,26.58,26.61,26.575,14332
2020-10-06,26.57,26.61,26.6489,26.57,7694
2020-10-07,26.615,26.605,26.6456,26.605,8836
2020-10-08,26.63,26.69,26.71,26.63,5988
2020-10-09,26.69,26.72,26.73,26.65,7161
2020-10-12,26.79,26.84,26.87,26.79,8496
2020-10-13,26.81,26.86,26.9,26.81,8093
2020-10-14,26.87,26.86,26.9,26.86,5544
2020-10-15,26.9,26.86,26.92,26.86,5421
2020-10-16,26.83,26.83,26.86,26.8,10251
2020-10-19,26.79,26.795,26.81,26.77,9113
2020-10-20,26.77,26.74,26.79,26.73,21818
2020-10-21,26.72,26.725,26.75,26.705,6692
2020-10-22,26.71,26.6298,26.71,26.6298,6258
2020-10-23,26.63,26.685,26.69,26.63,20284
2020-10-26,26.77,26.7649,26.77,26.74,6341
2020-10-27,26.81,26.825,26.825,26.783,12802
2020-10-28,26.845,26.7606,26.85,26.7606,3794
2020-10-29,26.77,26.59474,26.77,26.65,8521
2020-10-30,26.58,26.57,26.59,26.57,3370
2020-11-02,26.58,26.5463,26.61,26.5463,12506
2020-11-03,26.55,26.56,26.565,26.53,52104
2020-11-04,26.84,26.82,26.88,26.8,8050
2020-11-05,26.95,26.9799,26.9999,26.8865,26165
2020-11-06,26.885,26.925,26.94,26.88,8996
2020-11-09,26.85,26.83,26.85,26.76,41088
2020-11-10,26.83,26.81,26.86,26.785,22265
2020-11-11,26.75,26.815,26.8333,26.75,9452
2020-11-12,26.885,26.9103,26.94,26.885,20935
2020-11-13,26.905,26.915,26.94,26.9,4719
2020-11-16,26.94,26.9318,26.94,26.905,2915
2020-11-17,26.93,26.995,27.02,26.93,6200
2020-11-18,27.065,27.0516,27.07,27.0325,8834
2020-11-19,27.14,27.18,27.18,27.11,16208
2020-11-20,27.18,27.23,27.23,27.1579,27246
2020-11-23,27.2,27.195,27.2,27.185,8327
2020-11-24,27.1655,27.165,27.17,27.1501,3054
2020-11-25,27.16,27.1649,27.205,27.16,5898
2020-11-27,27.2458,27.202317,27.26,27.2458,556
2020-11-30,27.215,27.22,27.276,27.21,447404
2020-12-01,27.18,27.1673,27.19,27.1348,37827
2020-12-02,27.12,27.14,27.17,27.1,24634
2020-12-03,27.17,27.2575,27.26,27.17,27476
2020-12-04,27.135,27.12,27.135,27.1,8039
2020-12-07,27.12,27.1697,27.19,27.12,22995
2020-12-08,27.18,27.17,27.225,27.17,1029
2020-12-09,27.095,27.0892,27.11,27.0748,12165
2020-12-10,27.1071,27.142,27.16,27.07,15236
2020-12-11,27.1785,27.1732,27.23,27.1732,8042
2020-12-14,27.09,27.15,27.19,27.09,6399
2020-12-15,27.13,27.15,27.17,27.1,7425
2020-12-16,27.14,27.19,27.19,27.09,479180
2020-12-17,27.26,27.1551,27.26,27.14,8320
2020-12-18,27.19,27.18,27.2,27.16,11934
2020-12-21,27.16,27.18,27.18,27.14,13524
2020-12-22,27.17,27.215,27.215,27.17,1428
2020-12-23,27.115,27.19,27.19,27.115,2646
2020-12-24,27.21,27.229,27.229,27.2,26987
2020-12-28,27.2,27.2796,27.29,27.185,3700
2020-12-29,27.2408,26.994202,27.2944,27.2408,7347
2020-12-30,26.9801,27.0329,27.05,26.9801,18519
2020-12-31,27.035,27.0814,27.09,27.035,6682
2021-01-04,27.0046,27.01,27.04,26.986,17583
2021-01-05,26.959,26.92,26.96,26.89,28279
2021-01-06,26.76,26.736,26.76,26.66,38570
2021-01-07,26.675,26.705,26.7108,26.65,11118
2021-01-08,26.655,26.6749,26.6749,26.615,12663
2021-01-11,26.6172,26.615,26.63,26.61,10508
2021-01-12,26.595,26.63,26.66,26.5403,15239
2021-01-13,26.64,26.74,26.8,26.64,38534
2021-01-14,26.7499,26.73,26.81,26.7187,56948
2021-01-15,26.75,26.77,26.79,26.74,24208
2021-01-19,26.72,26.8041,26.826,26.72,10742
2021-01-20,26.8154,26.82,26.85,26.8,72665
2021-01-21,26.75,26.73,26.7659,26.722,16995
2021-01-22,26.736,26.74,26.76,26.7201,23829
2021-01-25,26.81,26.84,26.84,26.81,18606
2021-01-26,26.83,26.819,26.84,26.8,19443
2021-01-27,26.8293,26.81,26.8293,26.78,14335
2021-01-28,26.755,26.683794,26.77,26.72,9418
2021-01-29,26.605,26.6162,26.64,26.6,386947
2021-02-01,26.61,26.64,26.66,26.61,31785
2021-02-02,26.58,26.5952,26.6,26.58,5277
2021-02-03,26.59,26.55,26.59,26.545,34698
2021-02-04,26.57,26.58,26.58,26.525,16515
2021-02-05,26.59,26.545,26.6122,26.545,14081
2021-02-08,26.55,26.61,26.61,26.55,37001
2021-02-09,26.6369,26.605,26.66,26.605,20133
2021-02-10,26.62,26.6587,26.66,26.62,5822
2021-02-11,26.6629,26.605,26.6629,26.59,10881
2021-02-12,26.51,26.525,26.57,26.51,3011
2021-02-16,26.395,26.37,26.4,26.37,16156
2021-02-17,26.43,26.44,26.44,26.4,19614
2021-02-18,26.39,26.42,26.43,26.37,16684
2021-02-19,26.36,26.265,26.36,26.265,8251
2021-02-22,26.235,26.14,26.26,26.14,41006
2021-02-23,26.1,26.1532,26.1532,26.05,276857
2021-02-24,25.99,26.1687,26.17,25.98,16259
2021-02-25,26.025,25.732874,26.03,25.65,52243
2021-02-26,25.9,26.02,26.02,25.805,69303
2021-03-01,25.97,26.045,26.045,25.97,37387
2021-03-02,26.02,26.04,26.05,26.0,11031
2021-03-03,25.91,25.87,25.94,25.855,19440
2021-03-04,25.88,25.69,25.89,25.665,50870
2021-03-05,25.62,25.66,25.68,25.605,3133910
2021-03-08,25.58,25.42,25.58,25.42,22766
2021-03-09,25.54,25.5576,25.595,25.53,38289
2021-03-10,25.58,25.651,25.69,25.58,18819
2021-03-11,25.66,25.67,25.71,25.645,17412
2021-03-12,25.48,25.42,25.4881,25.4099,12487
2021-03-15,25.49,25.49,25.5,25.4501,8267
2021-03-16,25.52,25.4714,25.52,25.45,7784
2021-03-17,25.3842,25.53,25.55,25.34,988172
2021-03-18,25.33,25.34,25.38,25.28,17956
2021-03-19,25.35,25.3724,25.3901,25.32,8090
2021-03-22,25.44,25.4591,25.51,25.43,25703
2021-03-23,25.47,25.53,25.53,25.45,16323
2021-03-24,25.49,25.5862,25.6,25.49,519042
2021-03-25,25.61,25.57,25.61,25.52,17523
2021-03-26,25.52,25.54,25.577,25.52,11405
2021-03-29,25.5,25.48,25.51,25.4487,8664
2021-03-30,25.45,25.462873,25.5385,25.43,15705
2021-03-31,25.54,25.51,25.56,25.47,21003
2021-04-01,25.61,25.635,25.64,25.56,18290
2021-04-05,25.56,25.55,25.58,25.533,12305
2021-04-06,25.6,25.705,25.705,25.57,19629
2021-04-07,25.68,25.6466,25.705,25.64,21909
2021-04-08,25.72,25.7364,25.7364,25.705,9358
2021-04-09,25.6809,25.7009,25.721,25.6809,1553
2021-04-12,25.68,25.7,25.7,25.65,30883
2021-04-13,25.69,25.7868,25.7868,25.68,12615
2021-04-14,25.76,25.76,25.785,25.74,14554
2021-04-15,25.86,25.9,25.96,25.85,26729
2021-04-16,25.8,25.75,25.82,25.75,21001
2021-04-19,25.73,25.71,25.78,25.68,270174
2021-04-20,25.7,25.74,25.78,25.68,122845
2021-04-21,25.76,25.8,25.85,25.735,61583
2021-04-22,25.825,25.83,25.84,25.78,41241
2021-04-23,25.83,25.85,25.89,25.83,25031
2021-04-26,25.84,25.84,25.89,25.84,19463
2021-04-27,25.82,25.75,25.84,25.74,14889
2021-04-28,25.73,25.755,25.77,25.67,39596
2021-04-29,25.67,25.667482,25.74,25.65,19384
2021-04-30,25.67,25.72,25.73,25.67,206652
2021-05-03,25.74,25.76,25.8,25.72,15972
2021-05-04,25.82,25.79,25.83,25.749,116319
2021-05-05,25.74,25.79,25.81,25.74,5036
2021-05-06,25.76,25.8415,25.8415,25.76,11283
2021-05-07,25.87,25.84,25.94,25.81,8734
2021-05-10,25.8,25.74,25.84,25.73,12389
2021-05-11,25.66,25.6684,25.68,25.65,7680
2021-05-12,25.6,25.55,25.61,25.53,14741
2021-05-13,25.61,25.6306,25.64,25.61,19665
2021-05-14,25.71,25.73,25.74,25.68,9743
2021-05-17,25.73,25.7014,25.74,25.695,6429
2021-05-18,25.665,25.6338,25.695,25.6338,41658
2021-05-19,25.62,25.59,25.67,25.59,30574
2021-05-20,25.68,25.74,25.75,25.68,9624
2021-05-21,25.79,25.76,25.79,25.73,15621
2021-05-24,25.79,25.8056,25.83,25.785,12689
2021-05-25,25.85,25.8873,25.89,25.85,16200
2021-05-26,25.88,25.8917,25.92,25.85,21941
2021-05-27,25.86,25.769094,25.88,25.81,12225
2021-05-28,25.81,25.8016,25.851,25.8016,589822
2021-06-01,25.76,25.85,25.85,25.74,72938
2021-06-02,25.82,25.83,25.88,25.82,24145
2021-06-03,25.75,25.747,25.78,25.743,5686
2021-06-04,25.83,25.905,25.905,25.83,5107
2021-06-07,25.87,25.83,25.9,25.83,32863
2021-06-08,25.96,25.9499,25.97,25.93,6557
2021-06-09,26.07,26.0338,26.07,26.0,9421
2021-06-10,25.99,26.1231,26.1231,25.99,9624
2021-06-11,26.14,26.14,26.15,26.1201,8962
2021-06-14,26.1,26.05,26.11,26.025,23453
2021-06-15,26.04,26.0774,26.08,26.035,14456
2021-06-16,26.11,26.08,26.14,25.97,565927
2021-06-17,26.08,26.141,26.22,26.08,20988
2021-06-18,26.19,26.2567,26.27,26.17,15066
2021-06-21,26.17,26.13,26.18,26.11,8892
2021-06-22,26.07,26.16,26.16,26.06,5794
2021-06-23,26.13,26.13,26.15,26.1201,12720
2021-06-24,26.16,26.1615,26.19,26.14,8562
2021-06-25,26.17,26.1027,26.17,26.0509,11565
2021-06-28,26.18,26.21,26.22,26.17,11158
2021-06-29,26.19,26.16511,26.23,26.19,11318
2021-06-30,26.19,26.2,26.23,26.19,693115
2021-07-01,26.2,26.18,26.21,26.14,11351
2021-07-02,26.18,26.25,26.25,26.18,8839
2021-07-06,26.2801,26.326,26.37,26.28,29305
2021-07-07,26.38,26.405,26.44,26.38,10956
2021-07-08,26.39,26.4146,26.44,26.39,7689
2021-07-09,26.31,26.31,26.35,26.3,36927
2021-07-12,26.34,26.3003,26.35,26.29,3725
2021-07-13,26.34,26.215,26.35,26.21,37469
2021-07-14,26.29,26.33,26.33,26.29,6268
2021-07-15,26.38,26.38,26.39,26.32,24831
2021-07-16,26.29,26.355,26.38,26.29,9909
2021-07-19,26.5,26.53,26.55,26.48,54997
2021-07-20,26.6,26.46,26.6,26.45,61938
2021-07-21,26.4,26.39,26.41,26.369,28817
2021-07-22,26.41,26.48,26.49,26.41,21874
2021-07-23,26.41,26.46,26.46,26.4,6480
2021-07-26,26.48,26.43,26.48,26.42,13016
2021-07-27,26.5,26.502,26.51,26.47,60140
2021-07-28,26.46,26.548,26.548,26.46,8371
2021-07-29,26.48,26.440165,26.51,26.47,15385
2021-07-30,26.44,26.46,26.48,26.43,649664
2021-08-02,26.49,26.5052,26.57,26.48,3361
2021-08-03,26.54,26.5451,26.56,26.5323,11857
2021-08-04,26.62,26.55,26.63,26.4699,13038
2021-08-05,26.51,26.46,26.52,26.46,87070
2021-08-06,26.34,26.2898,26.34,26.2898,6987
2021-08-09,26.3,26.2033,26.3,26.2018,3241
2021-08-10,26.26,26.17,26.26,26.15,44689
2021-08-11,26.17,26.2026,26.22,26.13,26429
2021-08-12,26.175,26.22,26.22,26.17,46299
2021-08-13,26.27,26.3544,26.3544,26.265,3256
2021-08-16,26.44,26.37,26.44,26.36,4885
2021-08-17,26.35,26.34,26.355,26.33,67689
2021-08-18,26.33,26.3155,26.34,26.31,9508
2021-08-19,26.36,26.3751,26.39,26.33,13111
2021-08-20,26.4,26.387,26.4001,26.37,12111
2021-08-23,26.39,26.4042,26.42,26.38,48746
2021-08-24,26.34,26.345,26.385,26.34,22401
2021-08-25,26.36,26.2907,26.36,26.28,5255
2021-08-26,26.27,26.29,26.3,26.25,42967
2021-08-27,26.295,26.415,26.415,26.295,8555
2021-08-30,26.4,26.402417,26.48,26.4,17649
2021-08-31,26.41,26.35,26.45,26.3401,27344
2021-09-01,26.33,26.365,26.38,26.32,29757
2021-09-02,26.39,26.3995,26.41,26.3699,63348
2021-09-03,26.32,26.3216,26.33,26.31,13742
2021-09-07,26.25,26.21,26.25,26.17,15789
2021-09-08,26.265,26.2943,26.301,26.24,9545
2021-09-09,26.33,26.425,26.43,26.31,13381
2021-09-10,26.415,26.365,26.42,26.363,6261
2021-09-13,26.42,26.415,26.45,26.401,12495
2021-09-14,26.47,26.5,26.53,26.44,7805
2021-09-15,26.48,26.47,26.48,26.43,4212
2021-09-16,26.39,26.4195,26.4251,26.37,7038
2021-09-17,26.36,26.3715,26.38,26.35,3925
2021-09-20,26.38,26.44,26.44,26.38,12926
2021-09-21,26.45,26.441,26.46,26.42,1999
2021-09-22,26.445,26.49,26.49,26.445,895606
2021-09-23,26.41,26.345,26.43,26.32,4349
2021-09-24,26.33,26.298,26.33,26.28,216516
2021-09-27,26.24,26.277,26.3,26.23,7073
2021-09-28,26.15,26.0617,26.15,26.0617,3767
2021-09-29,26.11,25.998402,26.16,26.05,287290
2021-09-30,25.99,25.95,26.0,25.9446,985904
2021-10-01,26.03,26.1015,26.1015,26.03,6519
2021-10-04,26.04,26.045,26.07,26.02,4542
2021-10-05,26.03,25.9649,26.04,25.9516,9838
2021-10-06,25.97,25.97,25.98,25.93,8845
2021-10-07,25.92,25.865,25.93,25.865,6337
2021-10-08,25.85,25.7784,25.85,25.76,5054
2021-10-11,25.74,25.73,25.76,25.73,27656
2021-10-12,25.76,25.8206,25.8206,25.75,7589
2021-10-13,25.88,25.96,25.98,25.88,9569
2021-10-14,26.0,26.06,26.06,25.99,15295
2021-10-15,25.97,25.98,26.0,25.96,18670
2021-10-18,25.94,25.97,26.0,25.92,20537
2021-10-19,25.93,25.85,25.93,25.85,24345
2021-10-20,25.83,25.8103,25.89,25.81,27195
2021-10-21,25.79,25.77,25.8,25.74,30558
2021-10-22,25.79,25.8317,25.84,25.79,15678
2021-10-25,25.85,25.855,25.89,25.85,10796
2021-10-26,25.89,25.935,25.935,25.87,23715
2021-10-27,26.04,26.0698,26.099,26.0,8052
2021-10-28,26.07,25.980296,26.07,26.0,6507
2021-10-29,25.9,25.955,25.985,25.88,354699
2021-11-01,25.89,25.94,25.95,25.87,8674
2021-11-02,25.94,26.0,26.02,25.94,23508
2021-11-03,26.04,25.97,26.04,25.94,11361
2021-11-04,26.0,26.07,26.08,26.0,22499
2021-11-05,26.15,26.24,26.24,26.135,5980
2021-11-08,26.19,26.175,26.19,26.15,4375
2021-11-09,26.28,26.255,26.31,26.25,5821
2021-11-10,26.17,26.015,26.17,26.01,22862
2021-11-11,26.03,25.959,26.04,25.959,7473
2021-11-12,25.99,25.94,25.99,25.91,4107
2021-11-15,25.91,25.78,25.91,25.78,21481
2021-11-16,25.78,25.736,25.83,25.736,8197
2021-11-17,25.74,25.84,25.84,25.74,17841
2021-11-18,25.82,25.88,25.88,25.82,12038
2021-11-19,25.94,25.95,25.97,25.9389,3086
2021-11-22,25.87,25.75,25.89,25.75,4268
2021-11-23,25.73,25.6152,25.73,25.6152,15311
2021-11-24,25.59,25.69,25.69,25.58,9539
2021-11-26,25.71,25.87,25.87,25.71,5132
2021-11-29,25.75,25.86,25.86,25.75,6810
2021-11-30,25.93,25.803753,25.999,25.87,43827
2021-12-01,25.77,25.81,25.83,25.76,11820
2021-12-02,25.84,25.8721,25.8721,25.8,12986
2021-12-03,25.88,26.05,26.07,25.88,683768
2021-12-06,26.03,25.925,26.03,25.925,344783
2021-12-07,25.93,25.96,26.0064,25.93,547248
2021-12-08,25.91,25.819,25.94,25.8,20084
2021-12-09,25.84,25.8,25.98,25.8,37658
2021-12-10,25.86,25.8258,25.91,25.8258,9138
2021-12-13,25.9,25.94,25.96,25.9,16936
2021-12-14,25.87,25.84,25.87,25.82,29195
2021-12-15,25.76,25.8565,25.8565,25.76,6064
2021-12-16,25.85,25.782711,25.89,25.8424,26722
2021-12-17,25.83,25.845,25.87,25.83,6798
2021-12-20,25.82,25.76,25.83,25.73,9601
2021-12-21,25.66,25.78,25.78,25.66,3933
2021-12-22,25.82,25.8237,25.8237,25.7949,56116
2021-12-23,25.83,25.81,25.83,25.76,26264
2021-12-27,25.81,25.8564,25.87,25.81,7831
2021-12-28,25.9,25.8351,25.91,25.83,7457
2021-12-29,25.76,25.725,25.77,25.7101,24565
2021-12-30,25.78,25.8083,25.8092,25.735,22233
2021-12-31,25.82,25.7842,25.82,25.7842,23133
2022-01-03,25.63,25.5741,25.6435,25.57,9305
2022-01-04,25.54,25.5752,25.5752,25.5022,5516
2022-01-05,25.6,25.44,25.61,25.44,13430
2022-01-06,25.38,25.435,25.45,25.38,34716
2022-01-07,25.405,25.3338,25.41,25.31,273312
2022-01-10,25.29,25.3155,25.3193,25.23,8989
2022-01-11,25.33,25.37,25.38,25.31,25455
2022-01-12,25.405,25.3697,25.4317,25.3697,7937
2022-01-13,25.38,25.43,25.43,25.36,41039
2022-01-14,25.32,25.2432,25.33,25.23,4951
2022-01-18,25.1,25.0204,25.11,25.0204,10952
2022-01-19,25.08,25.07,25.13,25.07,23955
2022-01-20,25.1,25.06,25.14,25.05,45858
2022-01-21,25.15,25.195,25.22,25.15,11596
2022-01-24,25.2,25.1101,25.22,25.11,22310
2022-01-25,25.11,25.045,25.15,25.045,29976
2022-01-26,25.1,24.91,25.13,24.905,20308
2022-01-27,24.99,24.95,25.054,24.95,8337
2022-01-28,24.84,24.9701,24.9701,24.84,13929
2022-01-31,24.91,24.86771,25.01,24.89,359819
2022-02-01,24.875,24.9,24.92,24.83,10944
2022-02-02,24.93,24.91,24.98,24.9,10774
2022-02-03,24.76,24.7348,24.7666,24.7348,4669
2022-02-04,24.56,24.5185,24.57,24.495,6142
2022-02-07,24.52,24.555,24.5604,24.49,9145
2022-02-08,24.55,24.49,24.55,24.4859,4938
2022-02-09,24.53,24.5598,24.62,24.53,4001
2022-02-10,24.415,24.28,24.465,24.275,10226
2022-02-11,24.32,24.3605,24.3605,24.235,14298
2022-02-14,24.29,24.26,24.31,24.19,12935
2022-02-15,24.19,24.15,24.21,24.1284,8269
2022-02-16,24.14,24.125,24.14,24.025,5138
2022-02-17,24.14,24.1265,24.21,24.1265,4038
2022-02-18,24.18,24.1805,24.21,24.159,6349
2022-02-22,24.135,24.1339,24.169,24.06,6039
2022-02-23,24.095,23.91,24.095,23.91,41034
2022-02-24,23.92,24.021,24.04,23.92,14545
2022-02-25,24.07,24.06,24.12,24.06,9861
2022-02-28,24.17,24.304655,24.41,24.17,70279
2022-03-01,24.34,24.3534,24.46,24.34,4187
2022-03-02,24.24,24.0736,24.27,24.0736,24063
2022-03-03,24.12,24.07,24.17,24.07,5192
2022-03-04,24.22,24.1419,24.25,24.13,7159
2022-03-07,24.0,23.89,24.07,23.8011,5122
2022-03-08,23.74,23.82,23.84,23.56,25754
2022-03-09,23.68,23.7795,23.8024,23.68,3882
2022-03-10,23.65,23.555,23.65,23.42,312969
2022-03-11,23.56,23.57,23.61,23.509,12170
2022-03-14,23.37,23.25,23.38,23.229,38844
2022-03-15,23.32,23.47,23.47,23.31,10274
2022-03-16,23.44,23.59,23.59,23.33,626210
2022-03-17,23.61,23.7539,23.8,23.61,3461
2022-03-18,23.74,23.7978,23.81,23.7,13191
2022-03-21,23.65,23.55,23.6766,23.495,8926
2022-03-22,23.46,23.4502,23.48,23.44,19551
2022-03-23,23.45,23.51,23.51,23.44,4332
2022-03-24,23.41,23.5563,23.57,23.3419,3556
2022-03-25,23.49,23.365,23.49,23.32,4484
2022-03-28,23.4,23.51,23.51,23.36,18019
2022-03-29,23.6,23.62,23.66,23.57,13087
2022-03-30,23.59,23.6927,23.71,23.59,12549
2022-03-31,23.7,23.629818,23.77,23.7,1026319
2022-04-01,23.49,23.67,23.73,23.49,11585
2022-04-04,23.67,23.7101,23.7217,23.64,7462
2022-04-05,23.63,23.385,23.63,23.385,2114
2022-04-06,23.2,23.31,23.32,23.16,20950
2022-04-07,23.27,23.19,23.27,23.145,6534
2022-04-08,23.05,23.05,23.12,23.0,8007
2022-04-11,22.95,22.838,22.95,22.8035,34499
2022-04-12,22.97,22.8723,23.02,22.8723,39648
2022-04-13,22.855,22.9505,22.97,22.855,10873
2022-04-14,22.92,22.76,22.92,22.72,6817
2022-04-18,22.7,22.62,22.7,22.57,12561
2022-04-19,22.5,22.46,22.53,22.4486,9049
2022-04-20,22.55,22.625,22.65,22.55,13589
2022-04-21,22.6,22.4284,22.6,22.38,23721
2022-04-22,22.36,22.395,22.43,22.34,7591
2022-04-25,22.45,22.56,22.56,22.45,3108
2022-04-26,22.66,22.5917,22.66,22.5601,8000
2022-04-27,22.6,22.43,22.6,22.43,4860
2022-04-28,22.37,22.4308,22.4318,22.32,4476
2022-04-29,22.29,22.157056,22.4,22.215,1392675
2022-05-02,22.09,22.0506,22.09,22.03,9847
2022-05-03,22.23,22.165,22.248,22.16,29012
2022-05-04,22.17,22.379,22.379,22.0804,10417
2022-05-05,22.17,22.045,22.17,21.94,10401
2022-05-06,21.92,21.92,22.0,21.885,71858
2022-05-09,21.85,21.9275,21.95,21.81,12759
2022-05-10,22.07,22.02,22.11,22.02,8317
2022-05-11,21.93,22.08,22.1299,21.93,14648
2022-05-12,22.12,22.11,22.16,22.09,20166
2022-05-13,22.05,21.9801,22.07,21.9529,2670
2022-05-16,22.0,21.9923,22.08,21.9923,2291770
2022-05-17,21.92,21.8989,21.94,21.87,35561
2022-05-18,21.87,21.9406,21.9406,21.85,4939
2022-05-19,22.07,21.9978,22.1,21.99,63475
2022-05-20,22.04,22.1,22.1,22.035,16513
2022-05-23,22.04,22.0235,22.1,21.9995,5187
2022-05-24,22.1,22.26,22.26,22.1,10958
2022-05-25,22.35,22.44,22.44,22.33,8817
2022-05-26,22.49,22.49,22.56,22.445,12412
2022-05-27,22.56,22.5894,22.63,22.54,12423
2022-05-31,22.44,22.346889,22.47,22.37,1542464
2022-06-01,22.46,22.3,22.491,22.23,5424
2022-06-02,22.35,22.3062,22.35,22.2384,17365
2022-06-03,22.19,22.2322,22.2442,22.19,17780
2022-06-06,22.24,22.121,22.24,22.11,12685
2022-06-07,22.17,22.23,22.25,22.13,11753
2022-06-08,22.19,22.13,22.2,22.13,3463
2022-06-09,22.1,22.0054,22.11,22.0054,2224
2022-06-10,21.92,21.846,21.92,21.75,6061
2022-06-13,21.48,21.4175,21.52,21.3975,51756
2022-06-14,21.49,21.301,21.525,21.2979,27600
2022-06-15,21.5,21.59,21.6,21.46,18766
2022-06-16,21.32,21.54,21.54,21.32,21661
2022-06-17,21.62,21.61,21.63,21.51,6453376
2022-06-21,21.51,21.39,21.56,21.39,1817217
2022-06-22,21.58,21.5362,21.6,21.535,76757
2022-06-23,21.62,21.67,21.79,21.62,102388
2022-06-24,21.65,21.65,21.683,21.65,20504
2022-06-27,21.56,21.503,21.6,21.503,10183
2022-06-28,21.48,21.5031,21.5031,21.435,15940
2022-06-29,21.5,21.61,21.61,21.48,26641
2022-06-30,21.61,21.592996,21.72,21.61,144529
2022-07-01,21.72,21.7984,21.8,21.71,4709
2022-07-05,21.82,21.81,21.83,21.78,21422
2022-07-06,21.78,21.73,21.78,21.71,23195
2022-07-07,21.76,21.7,21.76,21.69,4646
2022-07-08,21.65,21.675,21.69,21.64,3742342
2022-07-11,21.76,21.74,21.79,21.72,15304
2022-07-12,21.81,21.77,21.89,21.77,90886
2022-07-13,21.59,21.88,21.89,21.59,16556
2022-07-14,21.68,21.775,21.8,21.63,4020407
2022-07-15,21.81,21.915,21.94,21.81,22664
2022-07-18,21.88,21.78,21.88,21.66,606249
2022-07-19,21.81,21.85,21.86,21.77,31409
2022-07-20,21.93,21.86,21.93,21.84,280873
2022-07-21,21.91,22.09,22.09,21.91,4013479
2022-07-22,22.23,22.23,22.33,22.17,37298
2022-07-25,22.1,22.062,22.12,22.05,12196
2022-07-26,22.14,22.07,22.15,22.07,583885
2022-07-27,22.13,22.17,22.26,22.13,8298
2022-07-28,22.31,22.3341,22.37,22.29,9359
2022-07-29,22.33,22.320981,22.45,22.32,2322723
2022-08-01,22.33,22.3883,22.4,22.33,18065
2022-08-02,22.36,22.1496,22.39,22.14,11037
2022-08-03,22.16,22.3522,22.3522,22.15,9309
2022-08-04,22.34,22.41,22.41,22.2989,48347
2022-08-05,22.17,22.14,22.17,22.04,10454
2022-08-08,22.24,22.219,22.2668,22.21,23951
2022-08-09,22.16,22.14,22.1663,22.12,26387
2022-08-10,22.23,22.29,22.345,22.23,10369
2022-08-11,22.38,22.11,22.46,22.11,37950
2022-08-12,22.23,22.3305,22.3305,22.206,15877
2022-08-15,22.37,22.34,22.37,22.34,4324
2022-08-16,22.28,22.2532,22.28,22.16,29964
2022-08-17,22.14,22.1,22.14,22.08,18008
2022-08-18,22.15,22.13,22.19,22.13,14519
2022-08-19,22.0,21.9202,22.0,21.855,44876
2022-08-22,21.87,21.8,21.87,21.76,40236
2022-08-23,21.78,21.825,21.88,21.77,41305
2022-08-24,21.76,21.7575,21.79,21.725,28507
2022-08-25,21.79,21.93,21.9689,21.79,31424
2022-08-26,21.9,21.8366,21.93,21.8279,20076
2022-08-29,21.72,21.6849,21.73,21.67,3746
2022-08-30,21.74,21.88,21.88,21.656,61021
2022-08-31,21.7,21.457446,21.72,21.53,1484249
2022-09-01,21.36,21.44,21.51,21.22,91459
2022-09-02,21.44,21.3884,21.52,21.385,9573
2022-09-06,21.3,21.12,21.3,21.12,14994
2022-09-07,21.22,21.33,21.3672,21.22,224125
2022-09-08,21.36,21.33,21.395,21.32,11704
2022-09-09,21.38,21.33,21.45,21.29,72567
2022-09-12,21.42,21.33,21.47,21.3,49285
2022-09-13,21.18,21.2,21.22,21.14,23220
2022-09-14,21.19,21.2715,21.295,21.19,6861
2022-09-15,21.23,21.19,21.235,21.18,7392
2022-09-16,21.1,21.1503,21.1503,21.0854,20356
2022-09-19,21.07,21.1601,21.18,21.065,6561
2022-09-20,21.04,20.9909,21.05,20.9909,3903
2022-09-21,21.06,21.055,21.09,21.02,11637
2022-09-22,20.93,20.8207,20.93,20.801,5249
2022-09-23,20.81,20.785,20.81,20.74,27098
2022-09-26,20.7,20.46,20.71,20.46,6482
2022-09-27,20.48,20.2467,20.51,20.2462,8666
2022-09-28,20.37,20.5603,20.5603,20.37,134670
2022-09-29,20.42,20.42,20.42,20.285,5852
2022-09-30,20.47,20.337416,20.56,20.39,4383
2022-10-03,20.55,20.59,20.72,20.525,11730
2022-10-04,20.73,20.67,20.765,20.67,4762
2022-10-05,20.55,20.56,20.57,20.45,7114
2022-10-06,20.56,20.5251,20.59,20.49,31921
2022-10-07,20.4,20.34,20.4,20.34,12584
2022-10-10,20.35,20.21,20.35,20.1519,13255
2022-10-11,20.25,20.1793,20.29,20.14,9619
2022-10-12,20.13,20.15,20.15,20.08,4043
2022-10-13,19.89,20.1636,20.17,19.89,4535
2022-10-14,20.25,19.993,20.25,19.965,17325
2022-10-17,20.14,20.08,20.145,20.08,7111
2022-10-18,20.17,20.1759,20.18,20.025,4854
2022-10-19,20.03,19.9344,20.0532,19.9344,27521
2022-10-20,19.88,19.78,19.95,19.78,13025
2022-10-21,19.71,19.835,19.845,19.7,17731
2022-10-24,19.83,19.817,19.9,19.73,12766
2022-10-25,19.97,20.04,20.09,19.97,7618
2022-10-26,20.07,20.0856,20.17,20.07,27533
2022-10-27,20.15,20.18,20.22,20.11,5433
2022-10-28,20.12,20.195,20.22,20.12,5349
2022-10-31,20.17,20.036776,20.17,20.06,1014892
2022-11-01,20.21,20.1808,20.21,20.096,3429
2022-11-02,20.2,20.1391,20.2651,20.1391,6296
2022-11-03,19.95,20.048,20.07,19.94,7774
2022-11-04,20.09,20.0667,20.119,20.03,17812
2022-11-07,20.05,20.0143,20.05,19.99,3441
2022-11-08,20.05,20.0765,20.13,20.0484,5174
2022-11-09,20.03,20.04,20.1,20.0,3505
2022-11-10,20.38,20.59,20.59,20.38,6265
2022-11-11,20.55,20.6116,20.62,20.55,2191
2022-11-14,20.56,20.51,20.585,20.51,41965
2022-11-15,20.695,20.7599,20.77,20.685,7652
2022-11-16,20.8,20.8994,20.93,20.79,11676
2022-11-17,20.77,20.805,20.8094,20.74,8593
2022-11-18,20.86,20.83,20.96,20.792,103938
2022-11-21,20.89,20.805,20.895,20.8,117600
2022-11-22,20.87,20.9652,20.97,20.87,20752
2022-11-23,20.99,21.12,21.12,20.99,24480
2022-11-25,21.11,21.1273,21.13,21.105,5503
2022-11-28,21.14,21.05,21.14,21.015,57821
2022-11-29,20.97,20.94,21.02,20.925,195834
2022-11-30,20.94,21.054588,21.1225,20.9,92206
2022-12-01,21.16,21.34,21.34,21.145,22310
2022-12-02,21.22,21.4225,21.4225,21.18,20001
2022-12-05,21.31,21.31,21.4,21.225,372469
2022-12-06,21.34,21.34,21.35,21.308,197284
2022-12-07,21.43,21.54,21.54,21.43,18362
2022-12-08,21.5,21.51,21.56,21.47,27857
2022-12-09,21.46,21.39,21.46,21.385,20246
2022-12-12,21.48,21.34,21.48,21.34,40430
2022-12-13,21.67,21.49,21.68,21.4899,27485
2022-12-14,21.51,21.54,21.555,21.435,27126
2022-12-15,21.55,21.522899,21.57,21.53,25542
2022-12-16,21.37,21.4518,21.4669,21.37,12140
2022-12-19,21.26,21.28,21.28,21.24,43858
2022-12-20,21.11,21.06,21.11,21.05,10241
2022-12-21,21.15,21.18,21.19,21.14,24458
2022-12-22,21.15,21.205,21.21,21.15,48451
2022-12-23,21.14,21.1289,21.17,21.1045,27626
2022-12-27,21.01,20.9,21.03,20.9,12193
2022-12-28,20.95,20.85,20.98,20.85,18792
2022-12-29,20.91,20.98,20.99,20.64,27128
2022-12-30,20.92,20.87,20.94,20.85,83772
2023-01-03,21.11,20.995,21.11,20.98,15865
2023-01-04,21.13,21.13,21.15,21.08,48003
2023-01-05,21.02,21.1214,21.1214,21.02,11493
2023-01-06,21.15,21.4,21.4199,21.15,6249
2023-01-09,21.38,21.4536,21.54,21.38,120620
2023-01-10,21.41,21.405,21.435,21.33,20456
2023-01-11,21.49,21.525,21.5473,21.485,23320
2023-01-12,21.57,21.7307,21.735,21.5112,24468
2023-01-13,21.67,21.665,21.73,21.65,26149
2023-01-17,21.5994,21.6119,21.665,21.5994,36282
2023-01-18,21.87,21.8493,21.88,21.75,9784
2023-01-19,21.75,21.78,21.7984,21.75,6500
2023-01-20,21.68,21.7,21.71,21.64,24477
2023-01-23,21.64,21.655,21.69,21.64,10521
2023-01-24,21.64,21.77,21.77,21.6323,10035
2023-01-25,21.74,21.76,21.76,21.6889,25929
2023-01-26,21.77,21.7682,21.7729,21.7,5501
2023-01-27,21.729,21.71,21.73,21.695,11566
2023-01-30,21.66,21.655,21.7195,21.645,10097
2023-01-31,21.75,21.756503,21.79,21.66,286520
2023-02-01,21.8,21.92,21.96,21.725,26579
2023-02-02,22.04,21.98,22.04,21.97,86097
2023-02-03,21.79,21.755,21.8,21.7511,2772
2023-02-06,21.63,21.64,21.67,21.624,18296
2023-02-07,21.58,21.5919,21.65,21.57,7155
2023-02-08,21.59,21.595,21.595,21.52,15993
2023-02-09,21.685,21.464,21.685,21.464,7328
2023-02-10,21.44,21.355,21.44,21.35,4140
2023-02-13,21.36,21.41,21.42,21.36,28820
2023-02-14,21.41,21.3729,21.43,21.28,5603
2023-02-15,21.35,21.2899,21.35,21.274,7645
2023-02-16,21.23,21.17,21.24,21.17,12378
2023-02-17,21.13,21.2275,21.23,21.11,10956
2023-02-21,21.11,21.03,21.11,20.99,29761
2023-02-22,21.07,21.05,21.15,21.03,49373
2023-02-23,21.09,21.1656,21.17,21.09,22065
2023-02-24,21.1,21.07,21.1,21.02,10687
2023-02-27,21.09,21.06,21.1,21.05,13813
2023-02-28,20.98,20.987314,21.05,20.96,14559
2023-03-01,20.94,20.88,20.94,20.86,7953
2023-03-02,20.81,20.8665,20.88,20.7964,6057
2023-03-03,20.99,21.0798,21.08,20.975,8884
2023-03-06,21.125,21.01,21.125,21.01,9338
2023-03-07,21.06,20.9667,21.06,20.95,176757
2023-03-08,21.02,20.95,21.065,20.9,14781
2023-03-09,20.95,20.92,20.99,20.91,11870
2023-03-10,21.07,21.06,21.16,21.04,21863
2023-03-13,21.14,21.0914,21.29,21.03,7898
2023-03-14,21.08,21.0394,21.17,21.0394,5743
2023-03-15,21.09,21.18,21.24,21.0867,37289
2023-03-16,21.22,21.15,21.25,21.12,38756
2023-03-17,21.205,21.2304,21.2865,21.205,9131
2023-03-20,21.22,21.1705,21.27,21.17,16091
2023-03-21,21.22,21.25,21.26,21.2,18535
2023-03-22,21.24,21.345,21.37,21.205,22593
2023-03-23,21.34,21.4037,21.43,21.32,6433
2023-03-24,21.45,21.465,21.48,21.43,9249
2023-03-27,21.29,21.25,21.36,21.18,39290
2023-03-28,21.23,21.22,21.24,21.175,6869
2023-03-29,21.2,21.29,21.29,21.2,7995
2023-03-30,21.29,21.33,21.34,21.27,18521
2023-03-31,21.39,21.400184,21.475,21.38,275399
2023-04-03,21.4,21.53,21.55,21.395,39798
2023-04-04,21.45,21.5499,21.5698,21.45,23701
2023-04-05,21.56,21.61,21.615,21.56,25980
2023-04-06,21.61,21.59,21.6326,21.59,16166
2023-04-10,21.485,21.5051,21.5051,21.445,9521
2023-04-11,21.51,21.5289,21.54,21.49,18883
2023-04-12,21.58,21.48,21.58,21.469,10285
2023-04-13,21.54,21.5162,21.555,21.5001,5818
2023-04-14,21.47,21.48,21.49,21.43,17979
2023-04-17,21.39,21.355,21.39,21.355,13444
2023-04-18,21.38,21.419,21.43,21.38,26393
2023-04-19,21.35,21.3173,21.35,21.31,4414
2023-04-20,21.375,21.3878,21.3997,21.375,5274
2023-04-21,21.45,21.395,21.45,21.37,1950
2023-04-24,21.44,21.4895,21.49,21.43,27865
2023-04-25,21.54,21.575,21.605,21.54,34067
2023-04-26,21.57,21.485,21.58,21.485,4460
2023-04-27,21.42,21.4194,21.44,21.4194,6280
2023-04-28,21.5,21.486004,21.56,21.5,61761
2023-05-01,21.38,21.21,21.39,21.2,15536
2023-05-02,21.26,21.41,21.42,21.26,6115
2023-05-03,21.44,21.4554,21.4899,21.41,7517
2023-05-04,21.37,21.4215,21.46,21.37,3742
2023-05-05,21.36,21.345,21.36,21.32,7136
2023-05-08,21.23,21.2287,21.26,21.22,5460
2023-05-09,21.22,21.225,21.2601,21.22,4549
2023-05-10,21.3,21.347,21.35,21.3,6079
2023-05-11,21.44,21.42,21.441,21.4,17977
2023-05-12,21.43,21.312,21.43,21.31,6376
2023-05-15,21.21,21.2152,21.24,21.2,10676
2023-05-16,21.145,21.135,21.15,21.13,2770
2023-05-17,21.16,21.1252,21.16,21.11,46847
2023-05-18,21.0599,21.0626,21.08,21.05,9471
2023-05-19,21.04,21.04,21.0773,21.02,15789
2023-05-22,21.03,21.0297,21.06,21.02,177747
2023-05-23,21.02,21.065,21.065,21.01,5808
2023-05-24,21.07,20.98,21.07,20.98,46600
2023-05-25,21.0,20.935,21.0,20.92,11047
2023-05-26,20.92,20.99,21.0,20.92,9472
2023-05-30,21.05,21.1184,21.12,21.05,3315
2023-05-31,21.1,21.121856,21.2,21.1,11943
2023-06-01,21.15,21.185,21.199,21.15,12857
2023-06-02,21.18,21.12,21.18,21.1091,19249
2023-06-05,21.04,21.12,21.13,21.07,8700
2023-06-06,21.07,21.1096,21.11,21.04,5283
2023-06-07,21.09,20.9568,21.118,20.9568,204726
2023-06-08,20.97,21.0823,21.0823,20.97,18252
2023-06-09,21.02,21.045,21.051,21.0099,6388
2023-06-12,21.05,21.09,21.09,20.9824,25210
2023-06-13,21.12,21.0137,21.12,20.9906,48261
2023-06-14,21.04,21.075,21.12,20.99,30317
2023-06-15,21.13,21.195,21.195,21.13,22260
2023-06-16,21.13,21.165,21.17,21.1199,8362
2023-06-20,21.17,21.2,21.24,21.17,22137
2023-06-21,21.11,21.215,21.22,21.1,12711
2023-06-22,21.14,21.115,21.16,21.0811,7657
2023-06-23,21.22,21.16,21.22,21.13,98901
2023-06-26,21.19,21.185,21.2099,21.17,72036
2023-06-27,21.19,21.1599,21.23,21.1218,12887
2023-06-28,21.18,21.2278,21.24,21.1506,15157
2023-06-29,21.12,21.105,21.12,21.06,6906
2023-06-30,21.14,21.150342,21.23,21.1266,18227
2023-07-03,21.16,21.129,21.21,21.1238,10344
2023-07-05,21.065,20.995,21.0692,20.98,18832
2023-07-06,20.79,20.82,20.84,20.79,4624
2023-07-07,20.83,20.815,20.87,20.815,17308
2023-07-10,20.81,20.89,20.91,20.8,41290
2023-07-11,20.92,20.9556,20.97,20.92,3848
2023-07-12,21.05,21.13,21.14,21.05,24665
2023-07-13,21.16,21.26,21.27,21.16,14901
2023-07-14,21.21,21.1264,21.24,21.1264,26396
2023-07-17,21.11,21.155,21.1691,21.11,5559
2023-07-18,21.21,21.2,21.22,21.2,59546
2023-07-19,21.23,21.29,21.3,21.23,71131
2023-07-20,21.2,21.1752,21.2,21.13,43393
2023-07-21,21.21,21.215,21.24,21.2,23727
2023-07-24,21.25,21.19,21.2636,21.19,48285
2023-07-25,21.13,21.1604,21.2,21.13,18495
2023-07-26,21.2,21.2372,21.2372,21.18,17592
2023-07-27,21.21,21.03,21.22,21.03,27556
2023-07-28,21.07,21.145,21.1501,21.07,11466
2023-07-31,21.14,21.130328,21.22,21.14,345921
2023-08-01,21.04,20.96,21.04,20.95,30283
2023-08-02,20.9,20.8518,20.9,20.795,16419
2023-08-03,20.7,20.715,20.74,20.665,15227
2023-08-04,20.76,20.8914,20.905,20.76,22412
2023-08-07,20.84,20.8447,20.865,20.84,27679
2023-08-08,20.9,20.9,20.925,20.9,22970
2023-08-09,20.91,20.945,20.9598,20.91,12337
2023-08-10,20.95,20.8141,21.0,20.8133,12700
2023-08-11,20.77,20.7631,20.83,20.7599,30517
2023-08-14,20.75,20.74,20.7901,20.73,16502
2023-08-15,20.7,20.685,20.74,20.68,23391
2023-08-16,20.655,20.605,20.695,20.59,15210
2023-08-17,20.6,20.53,20.6,20.5,85105
2023-08-18,20.54,20.6149,20.63,20.54,144350
2023-08-21,20.53,20.515,20.5407,20.48,15252
2023-08-22,20.52,20.54,20.565,20.51,13183
2023-08-23,20.65,20.785,20.785,20.65,12433
2023-08-24,20.77,20.73,20.78,20.73,33991
2023-08-25,20.72,20.73,20.79,20.69,51784
2023-08-28,20.79,20.78,20.805,20.754,58733
2023-08-29,20.77,20.9245,20.9245,20.77,18004
2023-08-30,20.93,20.91,20.935,20.9069,3761
2023-08-31,20.94,20.862469,20.99,20.94,51008
2023-09-01,20.86,20.745,20.86,20.724,24412
2023-09-05,20.6498,20.628,20.66,20.625,11629
2023-09-06,20.64,20.6058,20.64,20.59,198586
2023-09-07,20.63,20.665,20.67,20.62,14672
2023-09-08,20.7,20.698,20.76,20.698,15344
2023-09-11,20.66,20.6623,20.665,20.6313,22858
2023-09-12,20.66,20.655,20.66,20.63,9372
2023-09-13,20.63,20.6892,20.69,20.63,4469
2023-09-14,20.71,20.6674,20.72,20.66,14441
2023-09-15,20.65,20.6342,20.65,20.61,8013
2023-09-18,20.61,20.6696,20.6696,20.61,7807
2023-09-19,20.62,20.6115,20.65,20.6072,5245
2023-09-20,20.66,20.61,20.7,20.61,33803
2023-09-21,20.48,20.4581,20.48,20.45,8548
2023-09-22,20.49,20.5475,20.57,20.48,35530
2023-09-25,20.45,20.38,20.455,20.38,9891
2023-09-26,20.42,20.345,20.42,20.34,7906
2023-09-27,20.41,20.27,20.41,20.2282,8332
2023-09-28,20.18,20.3021,20.3021,20.18,4115
2023-09-29,20.35,20.209123,20.41,20.2778,112692
2023-10-02,20.13,20.064,20.14,20.055,9883
2023-10-03,20.01,19.877,20.03,19.86,10148
2023-10-04,19.95,20.0,20.0,19.95,4528
2023-10-05,20.03,19.9852,20.05,19.981,22572
2023-10-06,19.84,19.93,19.9774,19.83,82959
2023-10-09,20.02,20.15,20.15,20.02,34748
2023-10-10,20.085,20.1459,20.21,20.05,16662
2023-10-11,20.24,20.2398,20.2509,20.18,19459
2023-10-12,20.23,20.0736,20.23,20.0491,36022
2023-10-13,20.19,20.18,20.19,20.155,8601
2023-10-16,20.07,20.04,20.11,20.04,58298
2023-10-17,19.9,19.89,19.96,19.85,462360
2023-10-18,19.87,19.76,19.87,19.76,36729
2023-10-19,19.78,19.6805,19.8104,19.68,38422
2023-10-20,19.7,19.75,19.75,19.7,65451
2023-10-23,19.71,19.8792,19.91,19.69,26077
2023-10-24,19.9,19.9695,19.97,19.89,4579326
2023-10-25,19.86,19.83,19.86,19.78,43473
2023-10-26,19.82,19.94,19.94,19.82,40560
2023-10-27,19.9,19.89,19.91,19.86,66781
2023-10-30,19.85,19.86,19.895,19.83,34727
2023-10-31,19.87,19.770353,19.94,19.85,435909
2023-11-01,19.82,19.97,19.99,19.82,47594
2023-11-02,20.12,20.15,20.175,20.12,36800
2023-11-03,20.34,20.24,20.38,20.24,37323
2023-11-06,20.19,20.17,20.21,20.1533,68483
2023-11-07,20.21,20.2942,20.31,20.21,23992
2023-11-08,20.3,20.34,20.3833,20.3,51526
2023-11-09,20.32,20.1951,20.33,20.1874,43983
2023-11-10,20.28,20.26,20.3098,20.26,40570
2023-11-13,20.205,20.27,20.28,20.205,32354
2023-11-14,20.52,20.54,20.56,20.517,40278
2023-11-15,20.46,20.4479,20.4695,20.41,34575
2023-11-16,20.51,20.59,20.61,20.51,102959
2023-11-17,20.64,20.63,20.65,20.5906,44271
2023-11-20,20.62,20.67,20.69,20.6016,36715
2023-11-21,20.67,20.7,20.705,20.65,59868
2023-11-22,20.73,20.75,20.77,20.7,38701
2023-11-24,20.7,20.675,20.7,20.6735,24911
2023-11-27,20.7,20.8,20.8,20.7,56187
2023-11-28,20.76,20.86,20.86,20.76,62006
2023-11-29,20.91,21.0048,21.01,20.91,42533
2023-11-30,20.95,20.837547,20.97,20.88,57857
2023-12-01,20.85,21.01,21.03,20.84,130093
2023-12-04,20.96,20.9895,21.01,20.9478,27966
2023-12-05,21.04,21.115,21.13,21.04,44392
2023-12-06,21.16,21.19,21.23,21.16,199256
2023-12-07,21.15,21.2,21.255,21.15,62351
2023-12-08,21.08,21.1,21.14,21.08,36805
2023-12-11,21.06,21.0935,21.1,21.03,56360
2023-12-12,21.07,21.15,21.1999,21.07,36840
2023-12-13,21.23,21.475,21.5,21.2126,44111
2023-12-14,21.6,21.592864,21.7119,21.6,32607
2023-12-15,21.57,21.5679,21.58,21.52,52011
2023-12-18,21.51,21.5089,21.5399,21.495,32320
2023-12-19,21.54,21.5289,21.58,21.51,22970
2023-12-20,21.54,21.5833,21.5856,21.5204,40689
2023-12-21,21.61,21.59,21.65,21.56,45913
2023-12-22,21.61,21.56,21.62,21.52,92604
2023-12-26,21.55,21.6,21.65,21.55,23888
2023-12-27,21.67,21.767,21.77,21.66,72644
2023-12-28,21.71,21.715,21.75,21.69,243716
2023-12-29,21.65,21.655,21.69,21.65,51806
2024-01-02,21.54,21.53,21.56,21.525,255233
2024-01-03,21.39,21.5,21.5199,21.39,69172
2024-01-04,21.39,21.425,21.44,21.39,51604
2024-01-05,21.35,21.34,21.48,21.34,74976
2024-01-08,21.35,21.4555,21.49,21.35,66148
2024-01-09,21.41,21.5,21.505,21.41,166554
2024-01-10,21.52,21.45,21.54,21.45,116918
2024-01-11,21.47,21.569,21.58,21.44,47074
2024-01-12,21.6,21.6049,21.65,21.57,69587
2024-01-16,21.5,21.45,21.55,21.415,67931
2024-01-17,21.39,21.4022,21.4113,21.335,51202
2024-01-18,21.41,21.3649,21.415,21.35,34380
2024-01-19,21.34,21.39,21.39,21.2914,49514
2024-01-22,21.44,21.43,21.46,21.4199,50153
2024-01-23,21.39,21.39,21.4,21.3519,61050
2024-01-24,21.48,21.34,21.48,21.34,39911
2024-01-25,21.41,21.459,21.46,21.41,10716
2024-01-26,21.45,21.38,21.46,21.38,139891
2024-01-29,21.4621,21.47,21.5,21.45,21356
2024-01-30,21.51,21.529,21.5297,21.465,38005
2024-01-31,21.58,21.515745,21.64,21.5522,79871
2024-02-01,21.595,21.665,21.68,21.595,36596
2024-02-02,21.47,21.5084,21.51,21.4405,36636
2024-02-05,21.36,21.339,21.36,21.3,38267
2024-02-06,21.34,21.435,21.44,21.34,45908
2024-02-07,21.4164,21.39,21.42,21.36,53129
2024-02-08,21.32,21.28,21.3208,21.28,27160
2024-02-09,21.25,21.2602,21.28,21.24,31021
2024-02-12,21.26,21.28,21.3,21.23,38062
2024-02-13,21.1,21.0805,21.15,21.08,29630
2024-02-14,21.09,21.162,21.1697,21.08,30467
2024-02-15,21.25,21.24,21.25,21.195,51368
2024-02-16,21.1495,21.15,21.19,21.14,48764
2024-02-20,21.2,21.237,21.25,21.2,22443
2024-02-21,21.23,21.18,21.23,21.17,49366
2024-02-22,21.19,21.2101,21.22,21.18,13890634
2024-02-23,21.19,21.26,21.2881,21.19,60140
2024-02-26,21.25,21.22,21.26,21.19,100588
2024-02-27,21.18,21.195,21.24,21.18,159302
2024-02-28,21.16,21.18,21.19,21.16,61533
2024-02-29,21.2,21.066827,21.27,21.19,306036
2024-03-01,21.04,21.2,21.21,21.015,50060
2024-03-04,21.14,21.151,21.1891,21.14,251467
2024-03-05,21.21,21.23,21.26,21.21,31215
2024-03-06,21.27,21.29,21.3457,21.27,197377
2024-03-07,21.34,21.34,21.35,21.3087,48751
2024-03-08,21.35,21.34,21.4,21.34,141761
2024-03-11,21.3759,21.36,21.38,21.34,50268
2024-03-12,21.3067,21.32,21.3499,21.3067,60778
2024-03-13,21.29,21.28,21.3299,21.28,39695
2024-03-14,21.22,21.1506,21.22,21.15,25145
2024-03-15,21.15,21.16,21.1608,21.12,24709
2024-03-18,21.14,21.1256,21.17,21.125,31421
2024-03-19,21.15,21.21,21.22,21.15,64616
2024-03-20,21.18,21.21,21.2304,21.16,26777
2024-03-21,21.25,21.25,21.26,21.22,119769
2024-03-22,21.34,21.33,21.34,21.3,108699
2024-03-25,21.31,21.2542,21.31,21.25,24746
2024-03-26,21.26,21.26,21.26,21.23,39467
2024-03-27,21.26,21.3321,21.3321,21.26,25735
2024-03-28,21.33,21.277548,21.4,21.3244,216714
2024-04-01,21.2,21.13,21.2,21.11,135990
2024-04-02,21.04,21.1,21.1,21.02,37340
2024-04-03,21.02,21.09,21.12,21.02,33105
2024-04-04,21.15,21.14,21.15,21.09,40191
2024-04-05,21.06,21.0605,21.1,21.06,17183
2024-04-08,21.03,21.0581,21.075,21.03,29671
2024-04-09,21.11,21.16,21.16,21.11,64993
2024-04-10,21.01,20.885,21.01,20.86,23740
2024-04-11,20.92,20.855,20.92,20.83,48004
2024-04-12,20.92,20.91,20.94,20.91,29010
2024-04-15,20.8,20.7225,20.8,20.71,56465
2024-04-16,20.64,20.66,20.69,20.61,107934
2024-04-17,20.71,20.7473,20.77,20.71,33607
2024-04-18,20.74,20.7121,20.74,20.69,35384
2024-04-19,20.74,20.71,20.77,20.71,194788
2024-04-22,20.72,20.765,20.78,20.71,26707
2024-04-23,20.75,20.8005,20.86,20.75,58336
2024-04-24,20.75,20.7345,20.75,20.6934,34260
2024-04-25,20.62,20.7,20.7,20.6,71584
2024-04-26,20.73,20.7459,20.77,20.73,42185
2024-04-29,20.8,20.85,20.85,20.8,66559
2024-04-30,20.77,20.645433,20.8,20.725,105006
2024-05-01,20.68,20.7425,20.778,20.68,27941
2024-05-02,20.74,20.8301,20.84,20.73,44223
2024-05-03,20.95,20.9485,20.97,20.9,25325
2024-05-06,20.95,20.9947,21.01,20.95,22798
2024-05-07,21.0499,21.02,21.0899,21.01,43182
2024-05-08,20.95,20.97,20.9895,20.95,27889
2024-05-09,20.94,20.991,21.01,20.94,36792
2024-05-10,20.95,20.96,20.965,20.92,23203
2024-05-13,20.98,20.96,20.9955,20.95,78993
2024-05-14,21.005,21.03,21.07,20.99,24180
2024-05-15,21.12,21.16,21.17,21.0981,55213
2024-05-16,21.16,21.1,21.16,21.1,37280
2024-05-17,21.09,21.09,21.13,21.0866,35609
2024-05-20,21.0753,21.0707,21.09,21.06,30377
2024-05-21,21.1,21.1,21.12,21.1,31986
2024-05-22,21.06,21.0808,21.1,21.06,33338
2024-05-23,21.08,21.0105,21.08,20.995,26646
2024-05-24,21.02,21.0518,21.06,21.01,23184
2024-05-28,21.06,20.97,21.06,20.955,45506
2024-05-29,20.89,20.8697,20.89,20.84,19657
2024-05-30,20.92,20.9548,20.97,20.92,21348
2024-05-31,21.0,20.992228,21.07,21.0,410461
2024-06-03,21.0,21.0839,21.1,21.0,30732
2024-06-04,21.14,21.1659,21.19,21.13,31463
2024-06-05,21.19,21.25,21.25,21.16,54207
2024-06-06,21.19,21.205,21.2237,21.19,43558
2024-06-07,21.0682,21.07,21.09,21.04,26410
2024-06-10,21.03,21.0249,21.03,21.0101,16181
2024-06-11,21.03,21.095,21.1,21.02,37048
2024-06-12,21.246,21.22,21.3007,21.22,208812
2024-06-13,21.26,21.2895,21.31,21.2419,10846
2024-06-14,21.29,21.3,21.31,21.2747,35837
2024-06-17,21.2,21.19,21.23,21.18,95227
2024-06-18,21.22,21.295,21.295,21.22,42923
2024-06-20,21.21,21.241,21.2457,21.2024,48714
2024-06-21,21.24,21.2415,21.275,21.214,43511
2024-06-24,21.24,21.28,21.29,21.24,54504
2024-06-25,21.27,21.261,21.27,21.2503,26445
2024-06-26,21.13,21.19,21.2,21.13,81278
2024-06-27,21.2,21.19,21.22,21.19,33984
2024-06-28,21.22,21.040854,21.25,21.1,111079
2024-07-01,20.95,20.9386,20.99,20.93,73950
2024-07-02,21.02,21.03,21.03,20.9708,29226
2024-07-03,21.08,21.16,21.16,21.08,16770
2024-07-05,21.2,21.25,21.26,21.19,33763
2024-07-08,21.26,21.24,21.27,21.2226,40325
2024-07-09,21.21,21.2,21.23,21.175,86180
2024-07-10,21.22,21.24,21.24,21.195,57296
2024-07-11,21.32,21.33,21.36,21.32,47438
2024-07-12,21.36,21.41,21.42,21.34,48350
2024-07-15,21.352,21.315,21.37,21.31,54613
2024-07-16,21.37,21.41,21.4197,21.34,69694
2024-07-17,21.37,21.42,21.4308,21.37,45336
2024-07-18,21.37,21.34,21.425,21.34,57071
2024-07-19,21.29,21.285,21.32,21.28,11835
2024-07-22,21.32,21.28,21.35,21.26,33404
2024-07-23,21.28,21.27,21.32,21.27,39979
2024-07-24,21.28,21.19,21.2936,21.19,364228
2024-07-25,21.23,21.25,21.27,21.225,63014
2024-07-26,21.34,21.33,21.346,21.29,60639
2024-07-29,21.37,21.37,21.39,21.34,36952
2024-07-30,21.38,21.38,21.4002,21.345,57694
2024-07-31,21.44,21.405059,21.495,21.43,69649
2024-08-01,21.46,21.47,21.515,21.46,48472
2024-08-02,21.59,21.68,21.68,21.59,33352
2024-08-05,21.6599,21.65,21.6599,21.58,47529
2024-08-06,21.61,21.54,21.62,21.53,51576
2024-08-07,21.51,21.46,21.545,21.44,51305
2024-08-08,21.4263,21.44,21.453,21.41,33739
2024-08-09,21.56,21.52,21.56,21.511,38211
2024-08-12,21.51,21.5671,21.5817,21.51,42677
2024-08-13,21.64,21.6868,21.7,21.63,41999
2024-08-14,21.7,21.765,21.77,21.7,26733
2024-08-15,21.685,21.7,21.72,21.675,44113
2024-08-16,21.74,21.62,21.75,21.62,123561
2024-08-19,21.71,21.8,21.81,21.71,26855
2024-08-20,21.82,21.85,21.85,21.8,52817
2024-08-21,21.86,21.9,21.935,21.86,44686
2024-08-22,21.85,21.812,21.85,21.79,27325
2024-08-23,21.84,21.93,21.93,21.84,19017
2024-08-26,21.96,21.91,21.96,21.9,42472
2024-08-27,21.84,21.9,21.9,21.84,39284
2024-08-28,21.9,21.8703,21.905,21.86,36400
2024-08-29,21.84,21.835,21.86,21.8211,30334
2024-08-30,21.85,21.723255,21.88,21.79,35728
2024-09-03,21.79,21.789,21.81,21.75,29178
2024-09-04,21.8,21.9,21.905,21.8,83563
2024-09-05,21.93,21.98,21.98,21.89,62281
2024-09-06,21.96,21.98,22.07,21.94,52348
2024-09-09,22.01,22.02,22.04,21.97,225179
2024-09-10,22.02,22.08,22.085,22.02,7078270
2024-09-11,22.03,22.1,22.11,22.02,617725
2024-09-12,22.06,22.07,22.1,22.035,260822
2024-09-13,22.13,22.125,22.16,22.11,68349
2024-09-16,22.14,22.195,22.21,22.13,46485
2024-09-17,22.22,22.195,22.22,22.18,33463
2024-09-18,22.15,22.12,22.2489,22.12,30627
2024-09-19,22.12,22.1303,22.1699,22.12,20800
2024-09-20,22.12,22.165,22.17,22.085,33137
2024-09-23,22.09,22.14,22.17,22.09,60490
2024-09-24,22.1,22.175,22.1883,22.1,104455
2024-09-25,22.14,22.069,22.14,22.065,50004
2024-09-26,22.1,22.07,22.115,22.03,72181
2024-09-27,22.1,22.14,22.14,22.095,63910
2024-09-30,22.12,22.028765,22.14,22.0798,265506
2024-10-01,22.09,22.1068,22.14,22.08,85045
2024-10-02,22.04,22.0747,22.08,22.0107,31675
2024-10-03,22.02,21.96,22.0387,21.951,45226
2024-10-04,21.86,21.845,21.87,21.8363,38704
2024-10-07,21.78,21.77,21.81,21.7523,46946
2024-10-08,21.74,21.81,21.87,21.729718,44747
2024-10-09,21.75,21.77,21.78,21.7311,47620
2024-10-10,21.71,21.735,21.75,21.69,17658
2024-10-11,21.725,21.745,21.7671,21.7201,31422
2024-10-14,21.67,21.745,21.745,21.67,13652
2024-10-15,21.805,21.78,21.82,21.78,150827
2024-10-16,21.8678,21.885,21.9,21.855,52013
2024-10-17,21.79,21.75,21.805,21.74,48906
2024-10-18,21.78,21.735,21.785,21.735,31000
2024-10-21,21.65,21.565,21.65,21.565,4627667
2024-10-22,21.58,21.565,21.58,21.53,35537
2024-10-23,21.5,21.5,21.5335,21.4755,61866
2024-10-24,21.53,21.555,21.58,21.5028,37649
2024-10-25,21.6,21.52,21.6,21.51,30355
2024-10-28,21.53,21.495,21.5475,21.46,16152
2024-10-29,21.4188,21.5192,21.52,21.4188,31071
2024-10-30,21.58,21.5,21.59,21.48,31354
2024-10-31,21.441,21.381285,21.51,21.42,3663384
2024-11-01,21.41,21.285,21.44,21.28,71532
2024-11-04,21.41,21.3968,21.4309,21.36,33546
2024-11-05,21.4,21.4756,21.48,21.36,34149
2024-11-06,21.27,21.31,21.3868,21.27,43823
2024-11-07,21.4,21.4848,21.51,21.39,40541
2024-11-08,21.54,21.5522,21.59,21.515,44394
2024-11-11,21.54,21.53,21.54,21.5,28558
2024-11-12,21.46,21.37,21.4777,21.365,36593
2024-11-13,21.47,21.325,21.47,21.315,35191
2024-11-14,21.3784,21.3022,21.39,21.3022,74285
2024-11-15,21.22,21.32,21.3697,21.22,47653
2024-11-18,21.3,21.345,21.38,21.27,64300
2024-11-19,21.38,21.38,21.42,21.37,49099
2024-11-20,21.33,21.34,21.37,21.31,39588
2024-11-21,21.37,21.324,21.3862,21.31,41252
2024-11-22,21.34,21.35,21.3579,21.32,40591
2024-11-25,21.515,21.5549,21.56,21.505,35947
2024-11-26,21.51,21.519,21.519,21.4622,44154
2024-11-27,21.55,21.58,21.6,21.53,49971
2024-11-29,21.64,21.610923,21.69,21.64,27879
2024-12-02,21.58,21.646,21.66,21.56,30877
2024-12-03,21.68,21.585,21.68,21.585,37215
2024-12-04,21.56,21.67,21.69,21.56,44627
2024-12-05,21.63,21.67,21.68,21.63,89962
2024-12-06,21.73,21.71,21.7389,21.68,37516
2024-12-09,21.67,21.665,21.68,21.655,24013
2024-12-10,21.65,21.645,21.66,21.61,55693
2024-12-11,21.66,21.6,21.6884,21.6,38050
2024-12-12,21.55,21.390463,21.55,21.48,33552
2024-12-13,21.35,21.305,21.3707,21.3,43357
2024-12-16,21.33,21.345,21.37,21.31,35492
2024-12-17,21.37,21.3308,21.37,21.3134,30086
2024-12-18,21.32,21.13,21.38,21.13,112943
2024-12-19,21.12,21.05,21.12,20.9913,38886
2024-12-20,21.11,21.12,21.1797,21.0822,48085
2024-12-23,21.09,21.05,21.1,21.04,165741
2024-12-24,21.01,21.09,21.095,21.01,14768
2024-12-26,21.03,21.11,21.12,21.03,36708
2024-12-27,21.0901,21.0545,21.1,21.0419,24636
2024-12-30,21.12,21.1251,21.13,21.11,32416
2024-12-31,21.15,21.0881,21.165,21.0623,20847
2025-01-02,21.17,21.095,21.17,21.08,67684
2025-01-03,21.12,21.055,21.12,21.055,22514
2025-01-06,21.03,21.02,21.06,21.015,41411
2025-01-07,20.99,20.945,21.01,20.92,89059
2025-01-08,20.89,20.9749,20.9749,20.89,45746
2025-01-10,20.91,20.88,20.9116,20.8409,42561
2025-01-13,20.84,20.8303,20.86,20.805,31375
2025-01-14,20.83,20.825,20.83,20.8,27517
2025-01-15,21.05,21.05,21.06,21.0,33423
2025-01-16,21.0004,21.0717,21.09,21.0,59439
2025-01-17,21.09,21.07,21.1035,21.07,50886
2025-01-21,21.2,21.18,21.2,21.13,54055
2025-01-22,21.15,21.113,21.17,21.1125,56030
2025-01-23,21.0611,21.1,21.1,21.06,42113
2025-01-24,21.08,21.145,21.15,21.0757,69128
2025-01-27,21.22,21.26,21.27,21.2,26990
2025-01-28,21.2292,21.225,21.2292,21.1901,21977
2025-01-29,21.24,21.2144,21.24,21.17,30279
2025-01-30,21.25,21.2442,21.27,21.225,18784
2025-01-31,21.25,21.098617,21.28,21.17,165743
2025-02-03,21.15,21.14,21.18,21.11,33150
2025-02-04,21.1,21.1821,21.1898,21.1,20360
2025-02-05,21.24,21.29,21.33,21.24,53113
2025-02-06,21.29,21.28,21.3194,21.2501,86776
2025-02-07,21.23,21.19,21.23,21.18,101360
2025-02-10,21.27,21.21,21.27,21.2,42089
2025-02-11,21.1599,21.18,21.18,21.1402,255827
2025-02-12,21.04,21.06,21.09,21.02,38427
2025-02-13,21.16,21.19,21.2258,21.152,48605
2025-02-14,21.2781,21.26,21.303596,21.26,23027
2025-02-18,21.26,21.18,21.26,21.18,38050
2025-02-19,21.1958,21.21,21.24,21.18,37836
2025-02-20,21.25,21.26,21.26,21.23,37431
2025-02-21,21.28,21.31,21.36,21.275,36371
2025-02-24,21.33,21.35,21.38,21.33,37294
2025-02-25,21.46,21.49,21.505,21.46,40314
2025-02-26,21.49,21.53,21.56,21.48,50659
2025-02-27,21.49,21.46,21.51,21.46,22288
2025-02-28,21.51,21.436318,21.555,21.475,427732
2025-03-03,21.44,21.545,21.545,21.44,40351
2025-03-04,21.56,21.49,21.56,21.475,24364
2025-03-05,21.48,21.42,21.53,21.41,36689
2025-03-06,21.41,21.36,21.41,21.34,59359
2025-03-07,21.46,21.34,21.46,21.33,24452
2025-03-10,21.42,21.4136,21.46,21.39,33613
2025-03-11,21.41,21.3,21.41,21.3,39447
2025-03-12,21.2895,21.24,21.3,21.24,43135
2025-03-13,21.22,21.31,21.31,21.18,40342
2025-03-14,21.25,21.28,21.3297,21.25,42560
2025-03-17,21.34,21.325,21.3899,21.32,48184
2025-03-18,21.32,21.38,21.4001,21.31,36553
2025-03-19,21.38,21.46,21.48,21.3501,101621
2025-03-20,21.55,21.435,21.55,21.434,20957
2025-03-21,21.45,21.423,21.4596,21.411,25940
2025-03-24,21.39,21.335,21.39,21.325,20363
2025-03-25,21.33,21.3638,21.3892,21.33,87696
2025-03-26,21.31,21.305,21.33,21.28,53562
2025-03-27,21.27,21.2782,21.28,21.25,55105
2025-03-28,21.34,21.3807,21.39,21.3213,16835
2025-03-31,21.44,21.332349,21.44,21.365,195537
2025-04-01,21.37,21.41,21.43,21.37,48658
2025-04-02,21.47,21.4237,21.47,21.361,18910
2025-04-03,21.49,21.45,21.49,21.44,46554
2025-04-04,21.51,21.41,21.5498,21.38,281651
2025-04-07,21.26,21.0893,21.5,21.0808,45287
2025-04-08,21.095,20.865,21.1308,20.86,34758
2025-04-09,20.77,21.18,21.18,20.63,81019
2025-04-10,20.97,20.88,21.07,20.8301,1233364
2025-04-11,20.79,20.8677,20.88,20.595,24333
