2024-03-01,0.35,0.29,0.506399,0.21,176564
2024-03-04,0.6999,0.619,0.8,0.5,868621
2024-03-05,0.5,0.44,0.51375,0.35,282657
2024-03-06,0.3947,0.43,0.44475,0.36,151290
2024-03-07,0.43,0.366,0.45,0.365101,133409
2024-03-08,0.3725,0.3551,0.41,0.3299,65689
2024-03-11,0.39,0.3729,0.507,0.346,42238
2024-03-12,0.418,0.35,0.42,0.31,37292
2024-03-13,0.3301,0.354325,0.36,0.31,40282
2024-03-14,0.35,0.3252,0.3675,0.3252,16083
2024-03-15,0.320101,0.3499,0.3499,0.320101,1194
2024-03-18,0.34,0.32,0.3975,0.32,2680
2024-03-19,0.387,0.39,0.41,0.3201,26770
2024-03-20,0.41,0.36,0.42,0.3301,16641
2024-03-21,0.34,0.37,0.3899,0.34,7529
2024-03-22,0.374,0.374,0.39,0.36,12591
2024-03-25,0.4,0.381,0.4,0.366,28862
2024-03-26,0.386101,0.3679,0.3863,0.3679,7283
2024-03-27,0.374,0.3761,0.3761,0.374,815
2024-03-28,0.376,0.376,0.383033,0.374,7921
2024-04-01,0.37,0.374,0.388501,0.37,2920
2024-04-02,0.374,0.374,0.3842,0.374,1394
2024-04-03,0.374,0.3731,0.397499,0.37,16018
2024-04-04,0.36,0.3695,0.3695,0.36,3470
2024-04-05,0.37,0.3701,0.3701,0.37,415
2024-04-08,0.37,0.335,0.37,0.335,4960
2024-04-09,0.33,0.34,0.344,0.33,4400
2024-04-10,0.33,0.3399,0.3399,0.31,505
2024-04-11,0.34,0.31,0.3401,0.31,9358
2024-04-12,0.32,0.31,0.32,0.31,3459
2024-04-17,0.261101,0.26,0.261101,0.2448,9584
2024-04-18,0.2448,0.25,0.25,0.2447,12928
2024-04-19,0.28,0.2999,0.3,0.28,16200
2024-04-22,0.25,0.29,0.29,0.2448,23617
2024-04-23,0.2617,0.2438,0.2617,0.2438,995
2024-04-24,0.2537,0.22,0.2538,0.22,2413
2024-04-25,0.22,0.2,0.22,0.195065,2790
2024-04-26,0.17,0.18,0.189027,0.15,8768
2024-04-29,0.18,0.17,0.18,0.17,8943
2024-04-30,0.17,0.17,0.2421,0.17,4886
2024-05-02,0.1996,0.225,0.225,0.1996,1926
2024-05-03,0.18,0.18,0.18,0.18,1328
2024-05-06,0.190001,0.17,0.2375,0.17,31720
2024-05-07,0.2275,0.17,0.2275,0.17,1525
2024-05-09,0.189403,0.189403,0.189403,0.189403,441
2024-05-13,0.1894,0.1894,0.1894,0.1894,598
2024-05-14,0.2,0.2,0.2001,0.185,5516
2024-05-15,0.24,0.2674,0.273,0.24,10388
2024-05-16,0.28,0.28,0.3175,0.28,5378
2024-05-21,0.26,0.3026,0.34,0.26,5025
2024-05-22,0.28,0.28,0.28,0.28,158
2024-05-23,0.2052,0.25,0.25,0.2052,529
2024-05-24,0.2065,0.2065,0.2065,0.2065,119
2024-05-28,0.2125,0.25,0.25,0.2125,4457
2024-05-29,0.25,0.25,0.25,0.25,4400
2024-06-05,0.2002,0.2002,0.2002,0.2002,200
2024-06-10,0.21,0.2101,0.2101,0.21,231
2024-06-11,0.259899,0.259899,0.259899,0.259899,100
2024-06-12,0.2343,0.21,0.2343,0.21,10000
2024-06-13,0.2225,0.21,0.3,0.21,1871
2024-06-14,0.2703,0.2729,0.273,0.2703,849
2024-06-17,0.224,0.22,0.224,0.22,1436
2024-06-18,0.2835,0.28,0.2901,0.2681,12229
2024-06-20,0.3,0.26,0.3,0.2501,31676
2024-06-21,0.26,0.429999,0.429999,0.26,36059
2024-06-24,0.38,0.31,0.38,0.2726,8500
2024-06-25,0.37,0.46,0.5,0.37,187997
2024-06-26,0.47,0.3302,0.47,0.322,15531
2024-06-27,0.37,0.37,0.39375,0.36,21989
2024-06-28,0.37,0.3675,0.3832,0.36,41641
2024-07-01,0.3499,0.36,0.38,0.3499,14716
2024-07-02,0.36,0.3635,0.3925,0.36,57657
2024-07-03,0.340001,0.374,0.39,0.34,17379
2024-07-05,0.3875,0.3974,0.3974,0.3875,1844
2024-07-08,0.35,0.40625,0.40625,0.34,18087
2024-07-09,0.3762,0.4,0.4,0.3675,46146
2024-07-10,0.37,0.39575,0.39575,0.37,2798
2024-07-11,0.374,0.370101,0.374,0.3639,5954
2024-07-12,0.4675,0.379451,0.4675,0.37,3902
2024-07-15,0.384,0.45495,0.4625,0.384,16939
2024-07-16,0.394,0.4597,0.46,0.39,24455
2024-07-17,0.4308,0.44,0.44,0.4308,1220
2024-07-18,0.411,0.421,0.421,0.411,2600
2024-07-19,0.469999,0.569999,0.58,0.445,29352
2024-07-22,0.6,0.5,0.6,0.4825,24916
2024-07-23,0.49,0.496,0.535,0.4475,11538
2024-07-24,0.466,0.4899,0.494,0.4562,8236
2024-07-25,0.49,0.49,0.49,0.49,1200
2024-07-26,0.49,0.47,0.49,0.456,8880
2024-07-29,0.47,0.467,0.49,0.467,8758
2024-07-30,0.47,0.47,0.47,0.467,9105
2024-07-31,0.47,0.47,0.533751,0.47,2340
2024-08-01,0.47,0.4111,0.47,0.411,17797
2024-08-02,0.411201,0.411,0.4113,0.411,5200
2024-08-06,0.411,0.3941,0.4785,0.3941,3449
2024-08-09,0.394,0.384,0.394,0.3834,10770
2024-08-12,0.454,0.4025,0.52,0.4025,32258
2024-08-13,0.4025,0.4025,0.4025,0.4025,200
2024-08-14,0.41,0.3851,0.41,0.385,8301
2024-08-15,0.395,0.385,0.395,0.385,300
2024-08-19,0.465,0.47,0.47,0.465,640
2024-08-20,0.48,0.398851,0.48,0.384,3460
2024-08-21,0.4431,0.42005,0.45,0.409999,12650
2024-08-22,0.5,0.4425,0.5,0.4376,87638
2024-08-23,0.48,0.45,0.48,0.37,47491
2024-08-26,0.48,0.4,0.48,0.4,27154
2024-08-27,0.45,0.4,0.465,0.396,23750
2024-08-28,0.4,0.38525,0.4,0.384999,12059
2024-08-29,0.4,0.3925,0.41,0.385,56519
2024-08-30,0.45,0.3999,0.45,0.3997,12540
2024-09-03,0.4,0.4,0.4,0.4,6981
2024-09-04,0.3997,0.38,0.4,0.38,6239
2024-09-05,0.3801,0.38,0.39,0.38,8806
2024-09-06,0.4,0.37,0.4,0.37,5543
2024-09-09,0.375,0.375,0.375,0.375,304
2024-09-10,0.38,0.38,0.38,0.38,200
2024-09-11,0.3791,0.3511,0.3791,0.3511,21085
2024-09-12,0.379999,0.3999,0.4,0.3725,11888
2024-09-13,0.4,0.44,0.44,0.38875,57704
2024-09-16,0.44,0.435,0.44,0.42,13178
2024-09-17,0.403749,0.43915,0.44,0.403749,6390
2024-09-18,0.44,0.4299,0.44,0.4299,2715
2024-09-19,0.44,0.4201,0.44,0.42,15771
2024-09-20,0.3737,0.39,0.3938,0.37,8689
2024-09-23,0.39,0.37,0.3999,0.37,47420
2024-09-24,0.399999,0.3999,0.4,0.396,881
2024-09-25,0.42375,0.429999,0.48,0.41,48988
2024-09-26,0.410101,0.41,0.410101,0.41,1208
2024-09-27,0.4146,0.36,0.4146,0.3525,32628
2024-09-30,0.374,0.374,0.374,0.374,1216
2024-10-02,0.3775,0.3775,0.3775,0.3775,121
2024-10-03,0.379,0.374,0.37911,0.374,5683
2024-10-04,0.375,0.382499,0.382499,0.375,1250
2024-10-07,0.375,0.35,0.38,0.35,8736
2024-10-08,0.36,0.36,0.36,0.36,140
2024-10-09,0.36,0.35,0.36,0.35,11250
2024-10-10,0.3453,0.355,0.36,0.323,29000
2024-10-14,0.36,0.32,0.3604,0.32,20343
2024-10-15,0.33,0.2325,0.33,0.2325,26502
2024-10-16,0.31,0.31,0.315,0.31,4640
2024-10-17,0.31,0.32,0.378,0.303,23280
2024-10-18,0.345,0.378,0.3817,0.345,8204
2024-10-21,0.39,0.33,0.39,0.33,2800
2024-10-22,0.385,0.41,0.44,0.385,37880
2024-10-23,0.408848,0.44,0.44,0.408848,3235
2024-10-24,0.404,0.4125,0.44,0.404,4248
2024-10-28,0.44,0.43,0.44,0.4,35214
2024-10-29,0.45,0.4875,0.4875,0.43,4758
2024-10-30,0.49,0.4701,0.492501,0.47,7395
2024-10-31,0.4702,0.4702,0.4975,0.4702,11575
2024-11-01,0.48,0.48,0.481928,0.4701,7307
2024-11-04,0.490101,0.4701,0.490101,0.4701,8554
2024-11-05,0.4701,0.430101,0.4701,0.430001,7491
2024-11-06,0.43,0.4699,0.4699,0.43,20565
2024-11-07,0.47,0.4,0.47,0.395099,27651
2024-11-08,0.41,0.41,0.47,0.41,48927
2024-11-11,0.459,0.4651,0.514999,0.45,316333
2024-11-12,0.4545,0.4508,0.46,0.44,15325
2024-11-13,0.47,0.42,0.47975,0.42,12735
2024-11-14,0.44,0.3854,0.44,0.385,20844
2024-11-15,0.39,0.42,0.4487,0.39,5113
2024-11-18,0.42,0.425,0.46,0.4125,22014
2024-11-19,0.3939,0.4,0.46,0.3939,2952
2024-11-20,0.5,0.45,0.54,0.4101,15757
2024-11-21,0.4547,0.45,0.4547,0.45,985
2024-11-22,0.44,0.4202,0.441125,0.4201,2337
2024-11-25,0.43,0.43,0.43,0.43,400
2024-11-26,0.43,0.43,0.43,0.43,1767
2024-11-27,0.440149,0.4203,0.440149,0.4203,3127
2024-11-29,0.4554,0.4343,0.46,0.4343,11903
2024-12-02,0.475,0.45,0.475,0.45,6493
2024-12-03,0.46,0.4,0.46,0.4,119209
2024-12-04,0.4,0.44,0.444,0.3997,27034
2024-12-05,0.4525,0.425,0.4625,0.4001,288704
2024-12-06,0.46,0.501,0.51,0.425,111030
2024-12-09,0.5098,0.5088,0.520001,0.4975,13259
2024-12-10,0.5176,0.4987,0.5176,0.47,1741
2024-12-11,0.46,0.4771,0.5,0.46,1590
2024-12-12,0.5247,0.525,0.5599,0.45,193660
2024-12-13,0.45,0.4504,0.5275,0.45,5058
2024-12-16,0.5375,0.54,0.55,0.465,45163
2024-12-17,0.56,0.5898,0.5898,0.54,5702
2024-12-18,0.56,0.54,0.5609,0.54,8391
2024-12-19,0.54,0.54,0.5895,0.54,24502
2024-12-20,0.54,0.5545,0.5545,0.54,26681
2024-12-23,0.5545,0.54,0.5545,0.54,3860
2024-12-24,0.54,0.54,0.54,0.54,2000
2024-12-26,0.55,0.55,0.55,0.55,2651
2024-12-27,0.55,0.55,0.5895,0.55,9397
2024-12-30,0.5895,0.55,0.5895,0.55,3152
2024-12-31,0.55,0.55,0.55,0.55,1781
2025-01-02,0.56975,0.55,0.571,0.55,6917
2025-01-03,0.55,0.57,0.5885,0.55,13647
2025-01-06,0.55,0.6075,0.64,0.55,17835
2025-01-07,0.61,0.605,0.61,0.55,12806
2025-01-08,0.56,0.5346,0.597453,0.5346,29993
2025-01-10,0.5,0.48,0.505,0.46,9311
2025-01-13,0.5,0.468157,0.5,0.46,2123
2025-01-14,0.48,0.5,0.6475,0.46,9653
2025-01-15,0.46,0.44,0.547876,0.44,7007
2025-01-16,0.44,0.5,0.5375,0.437499,8580
2025-01-17,0.495,0.5056,0.516,0.495,7057
2025-01-21,0.4406,0.48,0.5,0.44,7082
2025-01-22,0.44,0.425,0.44,0.425,3637
2025-01-23,0.4325,0.43,0.509,0.4141,1860
2025-01-24,0.4225,0.4107,0.468749,0.4107,12419
2025-01-27,0.4667,0.39,0.4667,0.39,2625
2025-01-28,0.4,0.41,0.473,0.4,3837
2025-01-29,0.41,0.42,0.53,0.39,4133
2025-01-30,0.42,0.4925,0.53,0.397601,3875
2025-01-31,0.406,0.4011,0.4925,0.4,6576
2025-02-03,0.406,0.38505,0.428,0.385,6125
2025-02-04,0.3975,0.37,0.3975,0.37,7872
2025-02-05,0.37,0.3895,0.43,0.37,10517
2025-02-06,0.39,0.4187,0.4187,0.39,2504
2025-02-07,0.4172,0.4173,0.4173,0.4036,954
2025-02-10,0.41475,0.4294,0.4295,0.41475,6971
2025-02-11,0.4,0.453,0.453,0.4,4615
2025-02-12,0.4661,0.42,0.4661,0.4141,1005
2025-02-13,0.55,0.43,0.59,0.43,10743
2025-02-14,0.500001,0.43,0.54,0.43,12782
2025-02-18,0.55,0.4975,0.55,0.47,2850
2025-02-19,0.49,0.51,0.51,0.49,8148
2025-02-20,0.4805,0.481,0.519247,0.4805,1418
2025-02-21,0.49,0.481,0.5445,0.481,3016
2025-02-24,0.4858,0.45,0.5,0.4237,41320
2025-02-25,0.44,0.4,0.54,0.4,13169
2025-02-26,0.44,0.404,0.483,0.4,13013
2025-02-27,0.5975,0.539,0.5975,0.45,1933
2025-02-28,0.4545,0.44,0.4618,0.44,3274
2025-03-03,0.4075,0.4001,0.4099,0.4,5987
2025-03-04,0.4,0.380136,0.4,0.3801,3447
2025-03-05,0.3825,0.3825,0.39,0.3824,725
2025-03-06,0.4444,0.485,0.485,0.4444,1085
2025-03-07,0.381,0.44999,0.44999,0.381,1100
2025-03-10,0.3936,0.413,0.4511,0.381,16808
2025-03-11,0.4184,0.4334,0.4988,0.401,5674
2025-03-17,0.493737,0.4091,0.493737,0.4091,3640
2025-03-20,0.489,0.45,0.489,0.409101,1433
2025-03-25,0.435,0.555,0.555,0.435,59957
2025-03-26,0.5668,0.53,0.57,0.53,25870
2025-03-27,0.47,0.4751,0.4751,0.45,288879
2025-03-31,0.45,0.44,0.487501,0.44,1900
2025-04-01,0.44,0.4056,0.4508,0.4048,12242
2025-04-02,0.4792,0.4792,0.4792,0.4792,100
2025-04-03,0.404,0.4174,0.4174,0.404,3402
2025-04-04,0.404,0.3888,0.41,0.3888,3015
2025-04-08,0.39,0.3998,0.3999,0.39,452
2025-04-09,0.37,0.37,0.37,0.37,210
2025-04-10,0.45,0.35,0.4715,0.35,9100
