2019-03-08,14.76,15.32,17.5,14.68,7250538
2019-03-11,16.5,16.8,17.7,16.19,2888486
2019-03-12,17.0,16.4,17.52,16.1,1667272
2019-03-13,16.16,15.77,16.85,15.77,942828
2019-03-14,15.81,17.5,17.55,15.8,1486885
2019-03-15,18.37,18.0,19.18,17.76,1570635
2019-03-18,18.38,18.57,19.28,17.89,1706114
2019-03-19,18.66,18.3,19.01,18.25,715318
2019-03-20,18.27,17.12,18.27,17.0,1364353
2019-03-21,17.21,17.45,17.89,17.19,576934
2019-03-22,17.53,17.19,17.66,16.8,499966
2019-03-25,17.0,16.87,17.18,16.63,436749
2019-03-26,17.1,17.02,17.375,16.7,513600
2019-03-27,17.17,18.27,18.35,17.12,987288
2019-03-28,18.4,17.91,18.59,17.7799,496361
2019-03-29,18.36,18.52,18.55,17.93,593376
2019-04-01,19.22,18.62,19.27,18.11,945329
2019-04-02,18.5,17.62,18.58,17.53,733840
2019-04-03,17.91,17.78,18.4199,17.67,564705
2019-04-04,17.95,17.11,17.95,17.0,603927
2019-04-05,17.17,17.13,17.9,17.1,296444
2019-04-08,17.13,16.8,17.18,16.71,295284
2019-04-09,16.96,16.58,16.96,16.5,288684
2019-04-10,16.5,16.0,16.5999,15.97,554671
2019-04-11,16.07,16.78,16.88,15.71,504320
2019-04-12,17.29,16.26,17.47,16.22,558861
2019-04-15,16.54,16.26,16.6,15.95,290392
2019-04-16,16.58,16.84,17.52,16.5001,1038393
2019-04-17,17.3,15.8,17.42,15.78,1139458
2019-04-18,15.88,15.6,16.0589,15.54,538347
2019-04-22,15.63,15.03,15.67,15.0,538021
2019-04-23,15.2,15.1,15.29,14.93,471680
2019-04-24,15.1,14.7,15.245,14.68,358008
2019-04-25,14.7,13.76,14.7,13.7571,882784
2019-04-26,13.89,14.64,14.68,13.7,522489
2019-04-29,14.68,14.31,15.2,14.2646,497501
2019-04-30,14.43,13.95,14.66,13.91,284419
2019-05-01,14.04,13.75,14.3285,13.68,430431
2019-05-02,13.94,13.65,14.24,13.6,447046
2019-05-03,13.71,14.24,14.3,13.66,371369
2019-05-06,13.6,13.87,14.08,13.44,315759
2019-05-07,13.77,13.71,13.9,13.51,280405
2019-05-08,13.61,13.83,14.28,13.58,285539
2019-05-09,13.63,13.41,13.65,13.3,262209
2019-05-10,13.58,13.42,13.61,13.31,181280
2019-05-13,13.08,12.51,13.08,12.5,407687
2019-05-14,12.78,12.08,12.87,12.02,380848
2019-05-15,12.0,12.77,12.88,12.0,366941
2019-05-16,12.97,12.21,13.0989,12.1468,477787
2019-05-17,12.1,11.12,12.141,11.09,793344
2019-05-20,11.03,11.85,11.91,10.29,917716
2019-05-21,12.19,12.33,12.51,12.08,457097
2019-05-22,12.25,11.28,12.25,11.1731,553859
2019-05-23,11.08,11.47,12.2038,10.84,1049264
2019-05-24,11.87,11.53,12.08,10.88,1168131
2019-05-28,11.53,11.07,11.6093,10.88,622150
2019-05-29,11.15,11.58,12.06,10.9,913556
2019-05-30,11.69,11.52,11.88,11.3639,156263
2019-05-31,11.37,10.98,11.37,10.91,417016
2019-06-03,11.22,10.23,11.36,10.15,538491
2019-06-04,10.29,10.56,10.77,10.29,266904
2019-06-05,10.57,9.75,10.66,9.64,518465
2019-06-06,9.83,9.63,10.19,9.53,372723
2019-06-07,9.63,9.58,9.86,9.53,252930
2019-06-10,9.8,10.05,10.22,9.72,349586
2019-06-11,10.16,10.14,10.6,10.0,312199
2019-06-12,9.98,9.62,9.98,9.6,296975
2019-06-13,9.7,9.65,9.83,9.65,163046
2019-06-14,9.64,9.55,9.71,9.41,137615
2019-06-17,9.55,9.87,10.15,9.48,273373
2019-06-18,10.09,10.23,10.65,10.02,503581
2019-06-19,10.25,10.01,10.49,9.96,317844
2019-06-20,10.36,10.05,10.43,9.99,476680
2019-06-21,10.2,10.45,10.45,9.95,299048
2019-06-24,10.37,9.92,10.37,9.92,370922
2019-06-25,9.98,9.94,10.2,9.93,184313
2019-06-26,10.05,10.18,10.38,10.05,168255
2019-06-27,10.16,10.37,10.39,10.14,188706
2019-06-28,10.43,10.57,10.6399,10.28,199219
2019-07-01,10.99,10.54,11.03,10.51,327553
2019-07-02,10.68,10.78,10.84,10.55,184096
2019-07-03,10.69,11.0,11.05,10.62,140183
2019-07-05,10.94,10.79,11.07,10.71,229116
2019-07-08,10.62,10.62,10.86,10.39,200785
2019-07-09,10.5,11.36,11.5,10.5,209217
2019-07-10,11.46,10.94,11.74,10.7,402107
2019-07-11,11.07,10.79,11.22,10.74,124641
2019-07-12,10.78,10.9,11.09,10.71,113605
2019-07-15,10.94,10.97,11.15,10.8511,85033
2019-07-16,11.07,11.25,11.44,11.06,103887
2019-07-17,11.33,11.35,11.42,11.2,139053
2019-07-18,11.4,11.03,11.4,10.88,86425
2019-07-19,11.28,11.17,11.28,11.1011,47607
2019-07-22,11.2,11.18,11.35,11.01,65599
2019-07-23,11.2,11.31,11.3875,11.19,52815
2019-07-24,11.31,11.37,11.45,11.13,50683
2019-07-25,11.28,11.24,11.37,11.13,77030
2019-07-26,11.18,11.4,11.4,11.15,69928
2019-07-29,11.3,11.36,11.48,11.25,93818
2019-07-30,11.26,11.35,11.35,11.25,90872
2019-07-31,11.43,11.33,11.43,11.25,45693
2019-08-01,11.2511,11.0,11.36,10.71,112342
2019-08-02,10.86,10.67,10.9139,10.5,124344
2019-08-05,10.26,9.9,10.41,9.77,200559
2019-08-06,10.1,10.11,10.3,9.9572,101668
2019-08-07,10.04,10.2,10.21,9.98,100112
2019-08-08,10.28,10.35,10.35,10.16,56257
2019-08-09,10.28,10.1,10.28,10.03,56673
2019-08-12,10.08,10.02,10.21,9.96,88902
2019-08-13,10.16,10.37,10.67,9.9817,98017
2019-08-14,10.13,10.0,10.29,10.0,84862
2019-08-15,10.14,10.07,10.15,10.01,66359
2019-08-16,10.1256,10.69,10.69,10.1256,100575
2019-08-19,11.08,10.68,11.13,10.66,151762
2019-08-20,10.66,10.98,10.98,10.64,83426
2019-08-21,10.91,11.2,11.32,10.91,132061
2019-08-22,11.31,11.15,11.44,11.15,80594
2019-08-23,11.22,11.32,11.6489,11.22,326115
2019-08-26,12.0,10.59,12.0,10.59,510730
2019-08-27,10.7,10.92,10.92,10.63,154924
2019-08-28,10.87,11.09,11.09,10.6452,91180
2019-08-29,11.13,11.0,11.33,10.9,191551
2019-08-30,11.02,10.8,11.02,10.74,64246
2019-09-03,10.7016,10.63,10.7648,10.6,70002
2019-09-04,10.75,11.27,11.27,10.75,213597
2019-09-05,11.41,11.15,11.41,11.1,141881
2019-09-06,11.18,11.19,11.3,11.1,49272
2019-09-09,11.1228,11.49,11.72,11.0811,142061
2019-09-10,11.38,11.65,11.7,11.3,154402
2019-09-11,11.74,11.97,12.0,11.59,187036
2019-09-12,11.92,11.87,11.92,11.72,99174
2019-09-13,11.85,11.99,12.19,11.85,186466
2019-09-16,12.05,12.2,12.23,11.97,103389
2019-09-17,12.19,12.42,12.43,12.0011,99604
2019-09-18,12.4,12.17,12.61,12.06,164653
2019-09-19,12.17,12.37,12.55,12.17,105306
2019-09-20,12.31,12.28,12.5,12.03,94637
2019-09-23,12.1,12.11,12.27,12.01,48569
2019-09-24,12.16,11.44,12.19,11.35,171471
2019-09-25,11.36,11.22,11.59,11.13,77799
2019-09-26,11.17,11.19,11.35,11.15,38976
2019-09-27,11.19,10.77,11.29,10.74,89450
2019-09-30,10.92,10.97,11.17,10.7,113407
2019-10-01,10.99,10.59,11.04,10.45,92222
2019-10-02,10.5,10.4,10.5,10.14,104845
2019-10-03,10.49,10.46,10.5,10.32,41497
2019-10-04,10.49,10.53,10.7,10.34,74066
2019-10-07,10.4,10.48,10.8,10.4,21909
2019-10-08,10.36,10.46,10.59,10.3,87205
2019-10-09,10.53,10.63,10.83,10.53,76272
2019-10-10,10.78,10.74,10.94,10.7,87783
2019-10-11,11.1,10.76,11.1,10.71,99942
2019-10-14,10.84,10.72,10.89,10.69,28293
2019-10-15,10.7,10.81,10.89,10.7,65233
2019-10-16,10.86,10.73,10.885,10.68,36721
2019-10-17,10.7576,10.675,10.8,10.6702,21445
2019-10-18,10.65,10.74,10.81,10.58,31005
2019-10-21,11.0,10.78,11.0,10.6,55021
2019-10-22,10.65,10.74,10.76,10.65,20394
2019-10-23,10.58,10.85,10.865,10.58,26814
2019-10-24,10.86,10.73,10.86,10.71,26991
2019-10-25,10.64,10.74,10.8212,10.53,55958
2019-10-28,10.8,10.87,10.95,10.71,67207
2019-10-29,10.82,10.81,10.86,10.79,41733
2019-10-30,10.62,10.79,10.86,10.62,165951
2019-10-31,10.88,10.77,10.88,10.76,12249
2019-11-01,10.86,10.75,10.95,10.74,56527
2019-11-04,10.81,10.89,10.9,10.77,45504
2019-11-05,11.0,11.2,11.35,10.93,105253
2019-11-06,11.4,11.29,11.48,11.1804,65156
2019-11-07,11.37,11.56,11.5952,11.35,66093
2019-11-08,11.64,11.31,11.64,11.31,39036
2019-11-11,11.05,11.05,11.1373,11.02,38752
2019-11-12,11.02,11.1,11.13,10.935,34953
2019-11-13,10.99,10.95,11.08,10.92,27899
2019-11-14,10.97,11.03,11.05,10.97,16085
2019-11-15,10.94,11.12,11.35,10.94,59676
2019-11-18,11.13,11.05,11.2538,11.02,45361
2019-11-19,11.16,11.0,11.313,11.0,55736
2019-11-20,10.97,10.93,11.29,10.84,90893
2019-11-21,10.91,11.14,11.17,10.91,81119
2019-11-22,10.9,10.66,10.97,10.61,203881
2019-11-25,10.62,10.66,10.68,10.46,87869
2019-11-26,10.6,10.56,10.7,10.51,76555
2019-11-27,10.54,10.53,10.61,10.45,50865
2019-11-29,10.56,10.45,10.56,10.45,20228
2019-12-02,10.44,10.13,10.4427,10.12,82652
2019-12-03,10.14,10.14,10.19,10.06,56175
2019-12-04,10.2,10.2,10.2327,10.18,35546
2019-12-05,10.42,10.27,10.43,10.2327,21746
2019-12-06,10.33,10.31,10.44,10.3,18412
2019-12-09,10.39,10.1,10.39,10.1,47793
2019-12-10,10.25,10.11,10.26,10.04,65154
2019-12-11,10.14,10.12,10.15,10.05,34829
2019-12-12,10.19,10.08,10.19,10.07,53942
2019-12-13,10.17,10.15,10.38,10.15,78382
2019-12-16,10.3,10.05,10.3,10.05,84876
2019-12-17,10.12,10.1,10.16,10.0673,93565
2019-12-18,10.08,10.02,10.13,10.0,153833
2019-12-19,10.05,10.1,10.14,10.0,68252
2019-12-20,10.1,10.0,10.11,10.0,105901
2019-12-23,10.07,9.92,10.07,9.85,117146
2019-12-24,9.95,9.98,10.01,9.88,191143
2019-12-26,10.09,9.94,10.09,9.91,48106
2019-12-27,9.94,9.93,10.0173,9.92,43982
2019-12-30,9.93,9.97,10.025,9.92,138376
2019-12-31,9.99,10.32,10.3695,9.94,154212
2020-01-02,10.47,10.68,10.88,10.4327,243121
2020-01-03,10.48,10.17,10.7,10.15,99571
2020-01-06,10.26,10.35,10.4602,10.2,111298
2020-01-07,10.37,10.41,10.48,10.37,80183
2020-01-08,10.4,10.48,10.546,10.36,56773
2020-01-09,10.58,10.58,10.7,10.58,95320
2020-01-10,10.5,10.34,10.58,10.31,86129
2020-01-13,10.4,10.57,10.57,10.35,230502
2020-01-14,10.56,10.63,10.785,10.4601,83441
2020-01-15,10.64,11.25,11.33,10.63,254176
2020-01-16,11.5,12.01,12.12,11.43,646627
2020-01-17,12.13,12.18,12.8,11.86,463048
2020-01-21,11.67,11.5,11.99,11.45,221889
2020-01-22,11.72,11.71,12.075,11.57,190555
2020-01-23,11.46,11.2,11.46,11.13,136710
2020-01-24,11.22,11.05,11.4692,10.88,109129
2020-01-27,10.68,10.83,10.86,10.5,125985
2020-01-28,10.86,10.96,11.06,10.84,69755
2020-01-29,10.98,11.56,11.6,10.98,128193
2020-01-30,11.28,11.11,12.23,11.1,646930
2020-01-31,11.18,11.11,11.32,11.01,87669
2020-02-03,11.16,10.91,11.2773,10.9,121627
2020-02-04,11.19,11.02,11.34,11.01,128666
2020-02-05,11.09,11.11,11.237,10.85,116667
2020-02-06,11.21,11.21,11.2201,11.12,70965
2020-02-07,11.11,11.36,11.4,11.11,44772
2020-02-10,11.6,11.61,11.6462,11.42,97209
2020-02-11,11.6,13.37,13.39,11.59,1160931
2020-02-12,13.4,12.82,13.45,12.8,230662
2020-02-13,12.7,12.65,12.76,12.51,97195
2020-02-14,12.75,12.78,13.19,12.7,166173
2020-02-18,12.9,13.18,13.39,12.86,163221
2020-02-19,13.4,13.41,13.79,13.32,288263
2020-02-20,13.43,12.75,14.2,12.74,485781
2020-02-21,13.01,12.74,13.22,12.61,244078
2020-02-24,12.13,12.0,12.59,12.0,302972
2020-02-25,12.28,12.2,12.54,12.12,163840
2020-02-26,12.26,12.3,12.6425,12.26,97374
2020-02-27,12.13,12.2,12.28,11.78,321001
2020-02-28,11.87,11.57,12.0399,11.51,219438
2020-03-02,12.0,12.2,12.2,12.0,179372
2020-03-03,12.22,12.09,12.4027,12.0,120367
2020-03-04,12.36,12.38,12.4,12.2,89313
2020-03-05,12.31,12.62,12.7573,12.15,164576
2020-03-06,12.33,13.0,13.36,12.33,301725
2020-03-09,12.4,10.82,12.4,10.79,594327
2020-03-10,11.59,11.74,11.84,11.13,286335
2020-03-11,11.33,11.52,11.75,11.17,157749
2020-03-12,10.88,10.42,10.99,10.4,329199
2020-03-13,11.39,10.5,11.39,10.4,332890
2020-03-16,9.79,10.84,10.99,9.51,289008
2020-03-17,10.9,11.36,11.53,10.61,231340
2020-03-18,10.21,8.89,10.8,8.83,830290
2020-03-19,8.9,8.77,9.27,8.44,409236
2020-03-20,9.01,8.67,9.2,8.51,245300
2020-03-23,8.79,8.34,8.81,8.16,314292
2020-03-24,8.71,8.9,9.07,8.7,357777
2020-03-25,8.98,9.5,9.7,8.98,249316
2020-03-26,9.37,9.8,9.99,9.37,200608
2020-03-27,9.3,9.43,9.59,9.2531,94686
2020-03-30,9.4,9.24,9.4,9.01,79152
2020-03-31,9.21,9.47,9.74,9.21,64348
2020-04-01,9.31,9.9,9.9,9.3,207000
2020-04-02,9.84,10.14,10.14,9.8,101210
2020-04-03,9.93,10.54,10.54,9.93,148359
2020-04-06,10.68,10.8,10.88,10.54,126225
2020-04-07,11.19,10.54,11.19,10.54,150991
2020-04-08,10.4,10.62,10.69,10.33,45566
2020-04-09,10.8,10.6,10.86,10.41,74448
2020-04-13,10.53,10.42,10.75,10.38,69083
2020-04-14,10.76,10.6,10.78,10.52,60136
2020-04-15,10.39,10.5,10.5,10.2473,37832
2020-04-16,10.49,10.67,10.67,10.45,65330
2020-04-17,10.8,10.7,10.92,10.7,73124
2020-04-20,10.6,10.51,10.65,10.32,68403
2020-04-21,10.21,10.14,10.37,10.0,116869
2020-04-22,10.34,10.68,10.78,10.3,150780
2020-04-23,10.75,10.32,10.79,10.3,74276
2020-04-24,10.34,10.49,10.49,10.3173,20173
2020-04-27,10.54,10.47,10.6,10.4,82710
2020-04-28,10.51,10.47,10.65,10.31,58048
2020-04-29,10.48,10.75,10.85,10.48,165199
2020-04-30,10.75,11.15,11.21,10.66,149754
2020-05-01,10.88,10.44,10.95,10.41,67532
2020-05-04,10.31,10.42,10.5994,10.21,30960
2020-05-05,10.52,10.71,10.8494,10.52,48008
2020-05-06,10.86,11.05,11.14,10.74,60915
2020-05-07,11.24,11.37,11.5,11.06,87296
2020-05-08,11.5,11.98,11.98,11.4973,67886
2020-05-11,12.0,12.3,12.68,11.85,249574
2020-05-12,12.34,12.4,12.6699,12.34,192836
2020-05-13,12.45,12.28,12.68,12.22,239570
2020-05-14,13.31,12.76,14.18,12.67,1493674
2020-05-15,12.85,13.11,13.269,12.66,195186
2020-05-18,13.2,12.71,13.2,12.68,252305
2020-05-19,12.79,14.12,14.66,12.79,451367
2020-05-20,14.05,15.16,15.87,13.5,2052817
2020-05-21,14.72,14.0,15.23,14.0,802418
2020-05-22,13.88,13.82,14.53,13.4238,807210
2020-05-26,14.5,14.7,14.98,14.1,419729
2020-05-27,15.02,14.55,15.5,13.82,495431
2020-05-28,14.27,14.88,14.95,14.27,125224
2020-05-29,14.68,15.99,16.0,14.6683,651961
2020-06-01,16.25,16.84,16.9,15.99,832728
2020-06-02,17.0,18.95,19.0,16.95,944168
2020-06-03,19.44,20.05,20.13,18.98,1177056
2020-06-04,19.56,18.19,19.75,18.01,1483649
2020-06-05,18.84,18.0,18.84,17.73,886788
2020-06-08,18.46,19.82,19.9,17.73,888040
2020-06-09,19.23,19.87,20.46,19.12,587093
2020-06-10,20.12,19.66,20.15,19.18,385245
2020-06-11,18.88,18.16,19.49,18.13,432914
2020-06-12,18.99,18.79,19.54,18.16,499280
2020-06-15,18.31,20.65,20.98,18.31,920352
2020-06-16,21.9,21.94,22.01,20.79,753698
2020-06-17,22.15,21.74,22.15,21.36,345445
2020-06-18,21.89,21.65,21.89,21.03,595357
2020-06-19,21.92,22.15,22.15,21.51,798545
2020-06-22,22.61,22.44,24.2,22.2,1592527
2020-06-23,23.0,24.31,24.92,22.89,1645932
2020-06-24,24.32,24.07,24.88,23.64,1076491
2020-06-25,24.0,24.96,25.2,24.0,838078
2020-06-26,25.2,24.31,25.54,23.51,1161030
2020-06-29,24.22,23.15,24.4,22.6,1207098
2020-06-30,23.61,23.67,24.48,23.2,647743
2020-07-01,24.34,23.24,24.66,22.945,518723
2020-07-02,25.0,26.66,26.79,24.81,1503386
2020-07-06,31.52,29.36,32.7,28.5,4171543
2020-07-07,29.28,30.78,30.96,28.5,1596138
2020-07-08,32.85,30.83,33.8,30.21,1955242
2020-07-09,31.98,31.51,32.65,30.11,1710383
2020-07-10,31.51,30.32,31.51,30.15,924537
2020-07-13,31.12,30.0,32.32,29.62,1348689
2020-07-14,28.68,29.57,30.2999,27.7,1435250
2020-07-15,30.43,29.77,30.45,28.61,740929
2020-07-16,27.56,29.39,29.65,26.68,1737710
2020-07-17,29.06,27.94,29.06,27.87,597301
2020-07-20,29.52,28.95,30.265,28.81,1350539
2020-07-21,30.51,29.71,30.55,29.6,925610
2020-07-22,28.76,28.42,29.35,27.6435,681887
2020-07-23,28.52,27.32,28.86,27.0,564352
2020-07-24,27.59,28.68,29.1,26.4102,1584938
2020-07-27,28.78,29.74,30.02,27.52,1052624
2020-07-28,29.53,29.7,30.26,29.22,693385
2020-07-29,31.09,31.96,32.46,30.91,1453251
2020-07-30,31.78,33.8,36.93,31.345,1722567
2020-07-31,34.83,34.37,34.9372,33.13,955882
2020-08-03,35.1,35.68,36.15,34.42,1094189
2020-08-04,36.1,36.61,37.33,35.81,845950
2020-08-05,37.71,40.3,40.45,37.3,1436385
2020-08-06,40.66,37.46,40.99,37.37,2147021
2020-08-07,36.7035,35.99,37.45,35.01,1513955
2020-08-10,36.26,34.97,36.66,34.44,1104277
2020-08-11,35.21,34.0,35.21,33.82,1036638
2020-08-12,34.95,35.56,35.63,34.13,1691253
2020-08-13,36.63,33.68,37.39,33.1,3710211
2020-08-14,34.0,33.23,34.72,32.8,860675
2020-08-17,33.87,33.91,35.955,33.52,1719047
2020-08-18,33.7,35.4,36.58,33.25,3022081
2020-08-19,33.94,32.22,34.05,32.12,7229298
2020-08-20,32.49,31.92,33.1,31.25,2319935
2020-08-21,32.14,31.61,32.44,31.52,1527042
2020-08-24,32.3,32.64,32.765,31.66,2387341
2020-08-25,32.52,33.0,33.7299,32.23,2727173
2020-08-26,33.12,32.44,33.215,31.87,1929310
2020-08-27,32.46,31.7,32.64,30.8,1852709
2020-08-28,32.0,31.96,32.78,31.51,1422577
2020-08-31,32.49,32.17,33.44,31.81,2660002
2020-09-01,32.1,33.05,33.68,32.05,1767246
2020-09-02,33.4254,31.96,34.19,31.68,1994397
2020-09-03,31.6,29.87,31.6,29.51,2709821
2020-09-04,29.81,29.9,30.48,28.04,1988104
2020-09-08,29.045,30.52,30.79,28.45,1746091
2020-09-09,30.63,31.1,31.23,30.2,734148
2020-09-10,31.35,31.08,31.75,30.805,876014
2020-09-11,31.09,30.74,31.73,30.26,641217
2020-09-14,31.0,32.2,32.8,30.86,1281523
2020-09-15,32.66,32.79,33.28,32.35,1043566
2020-09-16,32.77,32.36,33.12,31.88,1051004
2020-09-17,31.18,30.59,32.36,30.1527,1339165
2020-09-18,31.0,30.28,31.19,29.69,937875
2020-09-21,29.33,30.18,30.25,28.46,931722
2020-09-22,30.01,29.74,30.1,28.94,648511
2020-09-23,29.85,29.65,31.35,29.46,868413
2020-09-24,29.38,29.57,30.095,28.89,829495
2020-09-25,29.57,29.96,30.15,28.995,1044869
2020-09-28,30.43,29.42,30.52,29.24,670948
2020-09-29,29.42,28.5,29.53,28.12,944773
2020-09-30,29.03,28.62,29.62,28.5835,602060
2020-10-01,28.93,29.02,29.22,28.41,709770
2020-10-02,28.215,27.62,28.79,27.52,1041487
2020-10-05,28.0,27.52,28.65,27.15,928552
2020-10-06,28.0,28.61,30.2,27.97,1977594
2020-10-07,29.68,32.04,32.05,29.54,2343455
2020-10-08,32.8,31.2,32.88,30.67,1571407
2020-10-09,31.25,32.07,32.4599,31.25,1063727
2020-10-12,33.0,31.49,33.5,31.4,1602607
2020-10-13,31.39,31.01,31.75,30.29,855815
2020-10-14,30.56,30.64,31.22,30.11,1253126
2020-10-15,30.2,30.97,31.08,29.8,1276456
2020-10-16,31.27,30.99,31.445,30.68,770074
2020-10-19,31.07,30.96,32.25,30.68,1036670
2020-10-20,31.38,34.48,35.0,31.08,3245902
2020-10-21,33.9,31.76,34.29,31.6,2280239
2020-10-22,32.94,32.51,34.0,32.33,1949840
2020-10-23,32.89,33.22,34.1,32.4,1652910
2020-10-26,33.24,31.47,33.885,31.42,1733618
2020-10-27,32.27,32.3,32.88,31.75,746290
2020-10-28,31.72,31.23,31.96,30.8135,1432769
2020-10-29,31.62,30.99,31.88,30.81,1725067
2020-10-30,30.73,29.73,30.88,29.3,1889389
2020-11-02,30.92,29.84,31.16,29.75,992210
2020-11-03,29.75,29.7,30.53,29.5,1156642
2020-11-04,30.8,30.9,31.195,29.88,1666777
2020-11-05,32.1,33.36,33.96,31.45,2444826
2020-11-06,34.52,34.74,36.825,33.88,4382936
2020-11-09,36.82,35.82,37.2251,35.37,2171628
2020-11-10,35.31,36.34,37.14,33.0,3556362
2020-11-11,36.35,37.0,38.96,36.17,2546087
2020-11-12,38.18,39.81,40.72,37.84,3022224
2020-11-13,41.776,42.06,43.76,41.17,4155932
2020-11-16,43.11,43.86,44.28,40.52,2995429
2020-11-17,43.26,45.5,46.46,43.15,2746832
2020-11-18,45.82,43.0,45.91,42.03,3481129
2020-11-19,47.31,46.51,48.75,43.62,7275336
2020-11-20,47.48,48.55,51.0991,46.99,4780694
2020-11-23,50.35,48.55,50.669,47.56,3665349
2020-11-24,48.27,46.65,49.0,46.1,2483699
2020-11-25,45.58,45.08,48.04,45.01,2767527
2020-11-27,46.04,43.98,46.9674,43.86,1982991
2020-11-30,44.26,44.1,44.84,41.5,6318362
2020-12-01,45.08,42.08,45.34,41.8,2778264
2020-12-02,41.01,43.08,43.49,40.29,2156967
2020-12-03,43.59,41.7,44.69,41.58,2956325
2020-12-04,42.1,41.15,43.47,41.07,2596255
2020-12-07,41.25,42.29,44.84,40.31,4136450
2020-12-08,45.9043,43.62,46.97,43.41,5222789
2020-12-09,44.95,43.34,45.11,42.11,3288964
2020-12-10,42.99,45.0,46.45,42.9,3064651
2020-12-11,45.17,42.6,45.22,42.51,2233019
2020-12-14,43.13,41.0,44.0999,40.94,2943808
2020-12-15,41.65,41.58,42.5,40.62,2851291
2020-12-16,41.7,41.55,42.16,40.42,2595005
2020-12-17,42.01,42.3,43.6,41.8,1945253
2020-12-18,42.68,43.32,45.15,42.68,4165746
2020-12-21,42.25,42.47,44.35,42.05,2115056
2020-12-22,43.01,40.51,43.22,40.22,4079718
2020-12-23,40.99,39.52,41.68,39.36,4911290
2020-12-24,39.51,37.88,40.39,37.7,3825916
2020-12-28,38.2,38.91,39.72,36.63,6033664
2020-12-29,39.35,39.3,40.16,38.55,1958098
2020-12-30,40.0,42.5,42.95,39.5203,4952166
2020-12-31,43.51,45.75,47.75,42.3349,5959445
2021-01-04,48.0983,48.94,50.75,47.02,4616444
2021-01-05,49.9122,58.61,59.75,49.87,8796017
2021-01-06,56.08,55.32,57.96,53.21,4113958
2021-01-07,57.1,57.43,58.73,56.475,3181389
2021-01-08,60.29,64.53,66.72,59.36,6589718
2021-01-11,62.0,61.5,67.37,61.0,4361894
2021-01-12,65.67,70.89,71.88,64.2,5341171
2021-01-13,71.4,69.07,73.3,66.7,6404937
2021-01-14,70.72,73.01,79.7,70.5,7615544
2021-01-15,77.04,69.38,77.04,69.2,5894058
2021-01-19,78.6021,81.07,84.7999,77.5,9354265
2021-01-20,92.79,89.96,94.0,85.0,10592714
2021-01-21,87.0,98.91,99.78,86.8064,10728753
2021-01-22,100.0,99.89,101.03,96.5,7393951
2021-01-25,113.01,102.26,131.7119,99.21,15518206
2021-01-26,111.36,103.2,114.33,102.62,8910989
2021-01-27,95.0,96.26,113.0,93.1,9744350
2021-01-28,101.0,99.0,106.87,95.0,7106053
2021-01-29,102.77,99.41,110.5,95.8,7691894
2021-02-01,107.999,105.0,114.75,104.4,6999532
2021-02-02,112.52,116.97,121.63,112.1202,9060564
2021-02-03,126.14,118.63,132.95,114.5,14761358
2021-02-04,121.88,115.07,129.86,112.0,14264099
2021-02-05,111.4,116.0,119.95,105.01,12896700
2021-02-08,118.96,128.0,128.38,118.75,10024898
2021-02-09,142.1135,154.41,161.0,142.0,18154684
2021-02-10,179.81,165.24,204.25,157.02,26579460
2021-02-11,167.82,157.34,172.9423,149.27,17092787
2021-02-12,142.0,147.57,157.9,140.0,13619377
2021-02-16,159.49,191.0,193.88,156.6,24735925
2021-02-17,184.43,183.35,191.0,174.53,11473338
2021-02-18,170.37,171.81,183.1,169.21,8836133
2021-02-19,188.4,189.7,202.21,184.51,17895967
2021-02-22,181.35,174.52,186.2,172.51,7388737
2021-02-23,165.68,167.19,174.28,150.3,13495272
2021-02-24,160.21,166.16,168.08,155.02,11962795
2021-02-25,162.35,154.01,169.8,149.6827,10247767
2021-02-26,152.18,152.79,164.49,146.71,15246014
2021-03-01,165.21,165.68,171.9598,164.02,8753942
2021-03-02,169.0,157.31,171.5,156.86,6977767
2021-03-03,163.53,144.38,164.6699,143.5015,9596727
2021-03-04,139.0,131.45,148.43,128.0,16180119
2021-03-05,135.1,140.41,144.6,118.0,20319463
2021-03-08,136.25,123.0,142.86,122.0,12087632
2021-03-09,130.0,152.91,157.2,129.5,16186708
2021-03-10,163.54,147.3,165.77,146.37,17082368
2021-03-11,159.0,160.51,161.79,157.25,8494830
2021-03-12,151.5,159.49,169.3795,151.0,12199582
2021-03-15,166.5522,148.36,167.68,148.0,10567805
2021-03-16,161.42,142.22,164.0999,138.8,18874792
2021-03-17,142.025,135.64,142.1099,135.1499,10863613
2021-03-18,135.0,133.25,140.5,132.1,8740941
2021-03-19,134.21,131.78,138.19,131.01,8779860
2021-03-22,134.33,123.83,134.8762,123.21,7845444
2021-03-23,120.098,115.26,123.955,113.83,9587667
2021-03-24,116.0,105.83,118.8,101.12,17593809
2021-03-25,100.1,111.77,113.45,99.84,13141145
2021-03-26,114.01,114.69,119.42,100.18,16726288
2021-03-29,114.71,131.51,133.77,114.71,20899841
2021-03-30,132.0,137.86,137.86,125.1,9945561
2021-03-31,136.2,158.82,160.31,136.1,15697190
2021-04-01,162.8,153.6,164.5,144.83,10473878
2021-04-05,152.89,148.0,153.58,142.0,5657386
2021-04-06,143.26,148.26,153.87,140.0401,5522938
2021-04-07,145.49,143.98,150.0,140.65,3053258
2021-04-08,146.54,159.0,159.6569,145.6,7384735
2021-04-09,153.9129,156.7,157.72,152.315,4171327
2021-04-12,152.0,148.56,152.9,144.49,5331710
2021-04-13,147.19,144.7,152.77,141.8,5690572
2021-04-14,146.76,153.1,158.84,145.2401,6125973
2021-04-15,157.49,148.0,157.49,144.0,4796771
2021-04-16,147.21,153.01,154.5984,144.6,3930154
2021-04-19,152.62,177.92,178.18,152.615,14244569
2021-04-20,162.51,136.24,163.4399,133.61,25562196
2021-04-21,131.5,132.65,137.98,126.6,18151176
2021-04-22,135.79,135.97,139.8099,129.6377,8265757
2021-04-23,137.0,143.81,144.3,134.5,6440565
2021-04-26,145.0,149.55,150.48,142.3403,5502527
2021-04-27,150.37,146.6,150.49,144.01,3420251
2021-04-28,145.3,154.02,155.4277,144.22,4872602
2021-04-29,153.29,149.23,154.49,145.5235,3423958
2021-04-30,146.55,148.78,153.1599,146.5197,2376282
2021-05-03,148.81,147.12,149.14,139.7,3588416
2021-05-04,145.0,142.34,146.53,138.53,3876800
2021-05-05,142.67,143.79,146.4909,141.7638,2621191
2021-05-06,144.5,134.33,144.9965,130.3301,4540280
2021-05-07,135.38,130.0,135.7899,127.75,5550291
2021-05-10,127.71,119.77,128.395,118.8,5996049
2021-05-11,113.0,127.96,129.4,112.72,8506018
2021-05-12,127.77,109.02,127.93,107.2,10848010
2021-05-13,114.18,104.43,116.0,100.13,10689668
2021-05-14,109.33,118.89,120.0,109.1,8712951
2021-05-17,119.5,121.7,122.7,115.33,5407965
2021-05-18,124.32,124.39,127.025,121.84,5251160
2021-05-19,121.3735,125.0,128.46,120.07,10621310
2021-05-20,129.0,127.54,130.32,123.1327,5119031
2021-05-21,126.99,123.99,127.5,123.4651,3937711
2021-05-24,123.05,124.12,125.55,119.11,4079013
2021-05-25,129.99,134.87,138.52,129.2,10548572
2021-05-26,136.0,138.75,140.88,130.2,4801202
2021-05-27,138.79,141.21,141.57,135.43,8656758
2021-05-28,139.41,142.27,144.83,138.88,4151238
2021-06-01,148.0,150.11,151.98,144.72,6014894
2021-06-02,148.01,144.36,150.27,138.67,4436618
2021-06-03,140.7,145.48,147.29,140.2838,3592292
2021-06-04,147.28,154.7,157.9,147.27,6751746
2021-06-07,155.8523,150.39,156.3,145.11,3963073
2021-06-08,148.37,154.1,154.98,148.01,3168317
2021-06-09,152.81,145.69,155.69,144.0201,3700820
2021-06-10,148.7769,144.12,151.93,142.43,2684992
2021-06-11,144.31,145.45,147.895,142.52,2672385
2021-06-14,147.25,155.02,157.3,143.84,4893938
2021-06-15,153.7,153.1,163.78,149.396,6680259
2021-06-16,149.9,146.12,149.9,141.2,3720764
2021-06-17,146.3,153.24,153.7481,146.12,3510154
2021-06-18,152.63,154.34,157.48,152.207,2588269
2021-06-21,154.34,148.09,154.41,146.75,2183533
2021-06-22,148.36,160.5,162.39,146.58,5485234
2021-06-23,161.72,169.65,172.2,161.5,6398573
2021-06-24,171.42,168.11,174.0,165.46,3845157
2021-06-25,171.49,168.99,171.92,164.75,2084166
2021-06-28,170.9608,178.05,178.99,170.27,3571369
2021-06-29,177.3802,179.55,181.14,174.2,3031531
2021-06-30,178.98,179.09,181.44,175.5,1814988
2021-07-01,177.44,161.09,179.69,160.52,4110168
2021-07-02,165.4899,162.2,166.51,158.28,2458788
2021-07-06,147.305,147.11,150.56,139.65,8419474
2021-07-07,151.87,145.28,151.9,142.081,3760330
2021-07-08,136.245,138.59,140.38,133.07,6799594
2021-07-09,144.31,139.75,146.91,137.5,3328372
2021-07-12,140.39,137.46,140.9399,134.0,2360563
2021-07-13,137.56,135.11,140.0,134.6,2706969
2021-07-14,136.23,130.41,137.73,128.75,3307444
2021-07-15,131.55,134.8,138.4739,130.5135,2580719
2021-07-16,136.01,133.4,136.2,131.71,1463134
2021-07-19,129.84,133.85,133.93,127.94,1844797
2021-07-20,135.12,137.95,138.63,129.738,1704749
2021-07-21,138.1,145.48,147.64,136.5101,2621799
2021-07-22,146.49,134.68,146.49,134.21,2906467
2021-07-23,130.73,124.62,130.73,116.16,8675318
2021-07-26,109.01,115.44,125.29,103.6,17815814
2021-07-27,106.5,98.74,111.62,95.01,17910688
2021-07-28,107.21,110.83,115.57,107.11,12284404
2021-07-29,116.45,104.88,118.79,104.0,7966851
2021-07-30,99.63,102.46,105.97,97.5,8151013
2021-08-02,105.885,111.29,115.87,105.0,6551793
2021-08-03,109.03,107.52,109.2067,103.88,4125959
2021-08-04,111.44,107.05,116.8,106.42,4976831
2021-08-05,106.99,106.32,109.544,104.11,2964721
2021-08-06,108.05,105.77,109.425,103.31,2939742
2021-08-09,107.5,114.11,115.38,104.8723,5164982
2021-08-10,117.0,109.51,119.38,107.71,5302661
2021-08-11,109.43,104.72,109.99,103.2,4150447
2021-08-12,104.07,102.97,104.25,100.4,3625574
2021-08-13,102.28,100.6,105.36,98.0,4478804
2021-08-16,98.59,91.08,98.6,89.0,7666492
2021-08-17,85.11,90.44,94.34,84.05,9243896
2021-08-18,93.0,94.88,98.4399,89.0,6118120
2021-08-19,91.04,86.3,91.21,84.88,7441339
2021-08-20,89.2403,90.34,95.5,89.21,9083353
2021-08-23,93.65,91.57,93.8266,86.6527,6140954
2021-08-24,97.375,104.33,104.63,97.1297,11273325
2021-08-25,100.18,101.08,101.9499,96.56,6446245
2021-08-26,98.31,100.78,104.1499,98.31,3940794
2021-08-27,99.24,96.47,100.34,96.0,3844762
2021-08-30,95.27,94.76,95.505,89.81,6959081
2021-08-31,94.63,95.19,98.48,92.16,8133491
2021-09-01,95.5,109.39,110.38,95.01,16336233
2021-09-02,110.57,107.01,114.2,106.61,7418252
2021-09-03,107.01,106.35,110.827,104.43,4329197
2021-09-07,111.22,113.19,114.99,111.11,5414629
2021-09-08,111.51,108.5,111.8864,106.22,4449255
2021-09-09,105.0,109.52,111.175,104.82,3276434
2021-09-10,112.07,109.99,113.12,109.44,4336384
2021-09-13,108.17,100.93,108.505,100.595,5608217
2021-09-14,101.11,98.85,103.15,98.21,3331025
2021-09-15,97.66,99.53,99.8,95.5,2919467
2021-09-16,97.75,94.71,99.38,94.3,4041952
2021-09-17,97.5,95.62,97.7499,94.71,3609388
2021-09-20,90.15,90.26,92.22,87.55,5365076
2021-09-21,92.03,90.6,92.84,89.5801,2526153
2021-09-22,91.71,95.98,97.8,91.45,4180643
2021-09-23,97.44,95.87,97.8,92.875,2156021
2021-09-24,93.44,93.22,94.31,91.36,2254629
2021-09-27,92.4158,93.21,93.48,87.55,4105030
2021-09-28,92.19,88.86,92.19,88.0,3798103
2021-09-29,89.21,89.42,92.18,88.4,2770872
2021-09-30,90.42,91.02,92.45,89.7938,2006871
2021-10-01,91.65,90.5,93.5,88.87,2099417
2021-10-04,87.05,81.63,87.49,81.1,4719038
2021-10-05,82.72,84.79,86.58,82.12,3755902
2021-10-06,82.06,83.39,83.84,80.86,2698951
2021-10-07,87.69,86.9,89.99,86.7,4995199
2021-10-08,87.94,87.64,91.0,87.11,3017613
2021-10-11,90.51,87.17,91.6,87.17,2910087
2021-10-12,87.5,82.78,87.71,81.94,4311399
2021-10-13,83.99,84.27,84.81,81.375,3763119
2021-10-14,77.01,73.81,77.61,71.55,23000461
2021-10-15,71.7082,63.73,73.1629,62.6901,26796645
2021-10-18,59.24,63.98,66.11,58.2,26160654
2021-10-19,65.9047,66.5,69.88,65.58,15625136
2021-10-20,68.0,66.96,68.64,64.6,10359932
2021-10-21,66.12,72.44,73.88,66.04,12869560
2021-10-22,73.1187,71.8,74.98,71.32,6933576
2021-10-25,71.66,73.51,73.73,68.62,5760040
2021-10-26,74.1,67.57,74.45,66.5,8442781
2021-10-27,66.03,67.02,69.03,65.62,4343282
2021-10-28,50.262,58.47,58.76,50.1,31946615
2021-10-29,56.67,53.52,58.61,51.37,12567037
2021-11-01,54.5,58.32,58.39,53.2,7347900
2021-11-02,56.3,55.5,57.45,53.05,5523848
2021-11-03,59.99,59.85,63.25,58.2,11040664
2021-11-04,61.5,57.78,62.3899,57.03,5753240
2021-11-05,56.84,56.49,58.69,55.13,4258230
2021-11-08,56.37,55.42,57.25,54.1,5276480
2021-11-09,55.22,54.76,56.095,53.69,2827891
2021-11-10,54.69,55.96,58.33,53.9001,4551480
2021-11-11,57.8,59.56,61.17,57.0,4213727
2021-11-12,59.38,58.08,59.7,57.26,3532288
2021-11-15,59.5,61.24,62.85,58.1,4399428
2021-11-16,62.7,60.98,64.56,60.67,3617376
2021-11-17,61.19,57.3,62.25,56.86,3113480
2021-11-18,56.0,55.3,57.8,54.8,2924548
2021-11-19,56.48,54.6,56.84,54.25,2615027
2021-11-22,55.33,55.12,57.29,53.12,3208034
2021-11-23,55.41,54.31,56.7,52.4089,4307824
2021-11-24,54.32,54.45,56.47,51.2,5213877
2021-11-26,51.53,49.73,52.88,48.1,5780860
2021-11-29,50.1,50.49,50.65,48.3,3120353
2021-11-30,49.84,47.49,50.0,47.25,4113867
2021-12-01,48.03,43.94,48.2,43.43,5129918
2021-12-02,42.42,41.29,43.43,39.55,7672868
2021-12-03,38.92,39.18,41.1,35.49,11523179
2021-12-06,39.26,43.1,43.21,38.05,9527114
2021-12-07,45.25,43.66,46.37,43.3,5280294
2021-12-08,42.52,46.19,48.14,41.3,6583901
2021-12-09,46.05,45.23,49.2005,45.06,6085338
2021-12-10,45.68,43.95,46.9,43.63,3906905
2021-12-13,43.0,41.7,43.5999,41.59,3081617
2021-12-14,41.17,41.55,43.94,40.7,3964738
2021-12-15,41.27,40.84,41.28,38.46,4735181
2021-12-16,41.24,37.34,41.68,36.87,6374558
2021-12-17,34.3365,39.08,40.45,34.11,15526557
2021-12-20,37.55,38.63,39.78,35.7,6546590
2021-12-21,39.68,42.42,42.46,38.6,4860201
2021-12-22,41.39,39.87,43.0,39.61,4135426
2021-12-23,40.3,40.9,42.04,39.75,2931241
2021-12-27,41.8,43.48,45.83,41.78,6045575
2021-12-28,44.02,40.55,44.17,40.19,4841765
2021-12-29,40.12,38.08,40.339,37.9,4142179
2021-12-30,38.36,43.02,43.69,38.36,6791136
2021-12-31,42.5,43.3,45.43,41.79,7160638
2022-01-03,43.29,42.06,44.0,40.7,3694124
2022-01-04,41.53,37.4,42.06,36.86,8240105
2022-01-05,37.29,36.09,39.49,35.5,5674457
2022-01-06,37.125,39.54,40.72,36.39,8860819
2022-01-07,40.18,41.99,43.03,39.76,7824251
2022-01-10,42.14,42.55,42.6,39.7,5135253
2022-01-11,41.34,44.85,45.305,41.24,5250939
2022-01-12,46.95,45.64,48.4,44.2,8273216
2022-01-13,44.51,44.05,45.64,43.5514,3696124
2022-01-14,44.44,45.51,46.55,44.2001,3571833
2022-01-18,44.55,47.26,48.96,43.9,6091038
2022-01-19,47.9961,48.5,49.3,46.06,5939182
2022-01-20,51.52,49.01,51.68,48.12,8070952
2022-01-21,47.975,45.41,48.7,44.7,8472540
2022-01-24,42.7,43.25,43.28,40.07,7460351
2022-01-25,42.1,42.95,44.48,41.25,3001555
2022-01-26,43.81,39.79,44.1428,39.28,4593475
2022-01-27,39.82,38.4,40.38,38.14,4021206
2022-01-28,38.02,39.09,39.3,36.4,4770910
2022-01-31,40.41,43.25,43.28,40.26,5146360
2022-02-01,43.5267,43.97,44.48,41.72,3810100
2022-02-02,43.98,42.32,44.01,41.4,2323525
2022-02-03,41.57,41.45,43.47,40.96,2423902
2022-02-04,42.31,41.83,42.79,41.3,1931374
2022-02-07,41.89,41.28,43.65,41.08,2269333
2022-02-08,40.35,44.03,45.0,39.88,3575906
2022-02-09,45.37,45.6,46.2999,44.18,3379043
2022-02-10,44.47,44.98,48.34,44.3842,5502409
2022-02-11,45.77,45.83,47.4557,45.02,3494168
2022-02-14,44.55,44.12,45.68,43.81,2580539
2022-02-15,46.0,45.84,46.0,44.69,2630151
2022-02-16,46.2,45.64,47.02,44.87,2670366
2022-02-17,45.5,44.28,47.04,43.6,3053027
2022-02-18,43.72,42.78,43.738,41.53,3766038
2022-02-22,41.24,40.52,42.75,40.31,2951387
2022-02-23,41.65,39.55,42.2,39.451,3419017
2022-02-24,37.48,40.78,40.84,37.03,4341904
2022-02-25,41.27,41.48,41.8,39.43,2835803
2022-02-28,40.97,42.75,44.17,40.61,2899891
2022-03-01,42.6,41.26,44.1587,41.05,2184069
2022-03-02,41.27,39.24,41.385,38.5,2984778
2022-03-03,39.54,36.51,39.71,36.22,5394259
2022-03-04,36.8,33.57,37.39,33.08,5943125
2022-03-07,32.675,31.61,34.4599,31.32,4988570
2022-03-08,31.8,31.93,33.47,30.63,4965367
2022-03-09,33.21,33.53,35.11,32.93,4087613
2022-03-10,31.48,28.21,31.52,27.34,12689948
2022-03-11,29.87,25.74,30.3,24.05,18111829
2022-03-14,22.78,24.39,26.37,21.23,19228466
2022-03-15,23.81,26.25,27.5,23.81,18669258
2022-03-16,33.8,36.63,37.369,30.6,26597402
2022-03-17,34.2135,34.93,35.7613,32.25,9942418
2022-03-18,35.4,40.69,42.9,35.3,22944871
2022-03-21,38.05,37.6,39.66,36.71,9315462
2022-03-22,39.73,41.0,41.1698,38.21,9588159
2022-03-23,39.66,41.73,45.05,39.18,10469313
2022-03-24,41.65,40.45,42.2,38.8,5964266
2022-03-25,38.0,37.26,38.6599,36.8,6329352
2022-03-28,38.09,37.76,38.91,36.335,4901665
2022-03-29,39.05,38.5,41.03,38.4,6192334
2022-03-30,38.42,37.4,39.35,37.09,5464834
2022-03-31,35.1838,32.56,35.8999,32.4,10002857
2022-04-01,36.13,34.6,36.48,33.26,10136584
2022-04-04,36.6,41.35,41.355,36.03,11132266
2022-04-05,39.93,39.32,40.54,38.68,4401314
2022-04-06,38.68,38.83,39.16,37.38,3558665
2022-04-07,38.5,36.13,38.8,35.4,6047457
2022-04-08,36.0,35.63,37.36,35.36,3720486
2022-04-11,34.69,34.94,35.45,33.3,4711616
2022-04-12,35.94,34.21,36.1,33.68,3269554
2022-04-13,34.18,35.58,36.33,33.55,3264281
2022-04-14,35.09,34.77,35.97,33.87,2697350
2022-04-18,33.84,33.31,34.61,31.83,3058290
2022-04-19,32.9,34.39,34.5,32.16,2233745
2022-04-20,33.85,33.21,33.85,32.26,3049899
2022-04-21,32.67,31.04,33.68,30.85,5118322
2022-04-22,31.26,31.28,33.01,31.16,3861967
2022-04-25,29.53,32.1,32.33,29.53,3746243
2022-04-26,31.97,31.76,32.3,30.41,2832648
2022-04-27,32.03,32.04,34.8,31.84,4755253
2022-04-28,32.45,31.94,32.72,29.84,3180578
2022-04-29,35.18,31.99,36.22,31.88,6963443
2022-05-02,32.23,33.21,33.4196,31.47,3119219
2022-05-03,33.28,33.61,34.75,32.89,2472326
2022-05-04,32.91,34.5,34.68,32.2,2734895
2022-05-05,33.48,31.93,34.16,31.51,2653125
2022-05-06,31.9,29.88,31.93,29.65,3805662
2022-05-09,28.66,28.35,29.14,26.84,5029300
2022-05-10,29.96,30.39,31.3601,29.43,5849344
2022-05-11,30.23,29.36,31.18,29.2,3376279
2022-05-12,28.8,29.95,30.22,27.54,3916146
2022-05-13,30.66,31.0,31.87,30.6,2729455
2022-05-16,31.15,31.3,33.06,31.0826,2872197
2022-05-17,33.39,32.08,34.97,31.51,5692145
2022-05-18,31.34,31.71,33.19,31.03,2794410
2022-05-19,31.87,33.47,33.96,31.56,3151904
2022-05-20,34.6,34.15,35.52,33.1,3664978
2022-05-23,33.78,34.34,34.81,32.53,2495933
2022-05-24,33.3,31.6,34.24,31.1,3239746
2022-05-25,31.87,31.45,32.89,31.26,1750788
2022-05-26,31.832,34.82,35.08,31.64,3120996
2022-05-27,35.07,36.18,36.36,33.8,2777398
2022-05-31,36.67,36.71,37.867,35.4864,4450034
2022-06-01,36.66,35.49,37.95,35.395,2991176
2022-06-02,35.42,38.3,38.7,35.3,3762622
2022-06-03,37.78,36.86,38.2,36.4,1738064
2022-06-06,39.66,43.7,48.0,39.66,20593550
2022-06-07,43.55,46.68,46.785,43.33,6354289
2022-06-08,48.1,46.22,48.15,45.255,5905107
2022-06-09,43.95,45.15,45.6175,43.25,4939594
2022-06-10,44.9,44.83,46.32,43.5,3686877
2022-06-13,42.85,41.51,43.99,41.17,3469487
2022-06-14,42.73,43.83,45.49,42.52,3352469
2022-06-15,44.71,44.68,45.57,43.7402,2714749
2022-06-16,42.6,42.4,44.15,41.64,2233507
2022-06-17,45.37,44.58,47.19,43.9195,4737500
2022-06-21,46.7,51.58,52.374,46.29,9098454
2022-06-22,48.64,50.39,51.115,48.45,3928585
2022-06-23,52.38,52.42,55.04,50.68,5957294
2022-06-24,53.96,52.94,54.45,51.43,3956972
2022-06-27,54.9,53.74,57.76,53.48,6895817
2022-06-28,54.92,52.79,56.64,52.54,4031166
2022-06-29,51.17,51.49,52.77,50.27,2354572
2022-06-30,50.245,52.21,52.8392,49.41,2618420
2022-07-01,51.79,52.75,53.2424,50.78,1686168
2022-07-05,51.8,56.08,56.08,50.53,3386094
2022-07-06,55.0,49.9,55.49,49.22,4478005
2022-07-07,51.55,52.2,52.28,50.195,2787654
2022-07-08,51.4,51.42,52.4,50.27,1779572
2022-07-11,49.1,46.82,49.1,46.2,3609558
2022-07-12,47.0,47.22,47.95,45.84,1713168
2022-07-13,45.63,47.23,47.87,45.34,1816815
2022-07-14,46.88,46.39,47.55,45.7,1483465
2022-07-15,45.78,45.66,45.9199,44.15,1729991
2022-07-18,47.02,46.14,49.16,45.93,2185048
2022-07-19,47.14,46.64,47.14,45.27,2240278
2022-07-20,46.35,45.06,47.01,44.68,1741337
2022-07-21,45.61,46.99,47.1996,45.06,1910696
2022-07-22,46.76,44.65,46.76,43.7,2109129
2022-07-25,44.9,44.59,45.37,43.6,1339160
2022-07-26,45.29,42.09,45.48,41.67,2634443
2022-07-27,42.5,43.17,43.24,40.36,2184684
2022-07-28,42.43,42.7,43.845,41.2991,1949965
2022-07-29,40.77,41.6,42.58,40.5,2396193
2022-08-01,40.6,40.87,41.19,38.97,2831342
2022-08-02,39.4,40.91,42.58,39.28,2312889
2022-08-03,40.72,42.1,42.41,40.2,1834477
2022-08-04,43.17,42.34,44.3708,41.82,2033222
2022-08-05,41.34,41.19,41.5909,40.66,1336798
2022-08-08,41.07,40.36,41.1,40.11,1307585
2022-08-09,40.36,39.75,40.78,39.14,974452
2022-08-10,39.46,40.17,40.2,38.6,2090142
2022-08-11,41.53,40.99,43.749,40.56,3149492
2022-08-12,39.6,41.13,41.34,39.52,1603048
2022-08-15,40.83,42.07,42.9,40.61,2253641
2022-08-16,41.5004,40.93,41.52,40.2,1341251
2022-08-17,40.93,39.81,41.28,39.36,1901544
2022-08-18,39.51,39.74,39.78,38.46,1128773
2022-08-19,39.42,38.37,39.58,38.02,1375910
2022-08-22,38.15,38.39,40.38,38.15,2264216
2022-08-23,38.56,38.97,39.77,36.61,2025225
2022-08-24,38.27,40.72,41.45,37.75,2663080
2022-08-25,43.09,45.91,45.98,42.9,6385124
2022-08-26,50.475,46.34,50.6,45.7,9364504
2022-08-29,46.78,46.27,48.48,45.84,3731738
2022-08-30,45.0,45.89,47.79,42.55,7003889
2022-08-31,47.45,49.09,50.33,46.7584,6674005
2022-09-01,48.21,49.03,49.08,46.36,3271582
2022-09-02,48.86,48.92,50.184,46.98,2758744
2022-09-06,48.23,43.72,48.3,43.5,2513722
2022-09-07,43.81,44.41,44.93,42.69,1383867
2022-09-08,43.19,44.88,44.965,43.06,1654195
2022-09-09,45.93,46.42,47.43,45.77,2067340
2022-09-12,46.83,47.12,47.54,46.301,1018689
2022-09-13,45.33,44.67,46.52,44.5,2011473
2022-09-14,44.83,45.47,45.53,44.1,905942
2022-09-15,44.91,44.17,45.65,43.97,901511
2022-09-16,42.98,41.0,43.07,40.78,2200303
2022-09-19,40.16,41.85,41.91,40.11,975683
2022-09-20,41.595,42.3,43.39,41.595,1202477
2022-09-21,41.57,39.62,41.64,39.57,1790081
2022-09-22,39.85,39.68,41.12,39.08,1964165
2022-09-23,38.71,38.06,39.11,37.49,1897523
2022-09-26,38.31,38.1,39.59,38.0,2915915
2022-09-27,38.82,38.11,39.85,37.66,1457208
2022-09-28,37.01,38.58,38.96,36.91,1764535
2022-09-29,37.28,36.4,37.65,35.61,2453370
2022-09-30,36.18,37.29,37.7925,36.03,1513999
2022-10-03,37.3,37.55,37.97,36.425,902489
2022-10-04,38.95,39.99,40.75,38.735,1704041
2022-10-05,40.03,39.67,40.82,39.61,2034450
2022-10-06,39.61,38.09,40.26,38.02,1260528
2022-10-07,37.24,37.18,37.66,36.3,1231184
2022-10-10,36.15,35.52,36.15,33.8,1912408
2022-10-11,34.81,35.08,35.78,34.04,1903960
2022-10-12,35.19,36.1,36.32,34.85,816800
2022-10-13,34.195,35.24,35.68,33.9,1704398
2022-10-14,35.6,34.73,35.96,34.58,1021718
2022-10-17,35.5,35.36,36.62,35.23,1763596
2022-10-18,36.5,36.17,37.79,35.7,1994820
2022-10-19,35.02,34.07,35.11,33.62,1624972
2022-10-20,34.37,34.09,35.1,33.9,1578493
2022-10-21,33.8,34.95,34.98,33.71,1203981
2022-10-24,28.7,32.18,32.34,28.0,8600185
2022-10-25,32.91,32.94,33.4,31.82,3633984
2022-10-26,33.0,34.86,35.67,32.87,3407354
2022-10-27,33.83,34.46,35.17,33.1,1557884
2022-10-28,33.0,33.85,33.99,32.32,1540103
2022-10-31,33.57,33.86,34.57,33.57,1052614
2022-11-01,36.5,35.5,36.7499,35.06,2802344
2022-11-02,36.11,36.07,37.09,35.44,1936680
2022-11-03,35.5,37.59,38.0,35.48,2124367
2022-11-04,40.11,38.91,40.43,38.31,3650866
2022-11-07,39.23,40.22,40.47,39.23,1407919
2022-11-08,39.22,40.0,40.215,38.64,1097888
2022-11-09,39.25,38.61,40.09,38.6,1161951
2022-11-10,40.96,42.11,42.14,40.4,1854514
2022-11-11,43.51,45.61,45.92,42.69,2765534
2022-11-14,46.05,49.01,49.71,45.93,3170839
2022-11-15,52.2,53.86,53.99,51.2,5370998
2022-11-16,51.63,50.35,52.88,50.29,3029693
2022-11-17,48.41,52.26,53.25,48.41,2809152
2022-11-18,52.0,50.62,52.67,49.95,1588177
2022-11-21,51.44,50.4,54.17,48.8,5200733
2022-11-22,49.32,54.39,54.6,48.87,4094365
2022-11-23,55.0,56.38,56.44,53.91,2332571
2022-11-25,54.35,52.71,54.58,51.81,1413449
2022-11-28,51.3,53.49,55.12,51.11,1836308
2022-11-29,56.4,58.5,59.38,56.2801,3891311
2022-11-30,60.01,61.49,61.5,59.19,4897596
2022-12-01,60.11,60.95,61.1,59.65,2012886
2022-12-02,60.5,66.3,67.9,60.36,5148616
2022-12-05,70.44,65.63,70.52,63.05,5508160
2022-12-06,66.8,67.22,68.38,65.03,3064634
2022-12-07,64.36,65.08,65.48,63.24,2023473
2022-12-08,68.29,67.94,68.4,66.6801,2771966
2022-12-09,69.0,66.67,70.38,66.38,2289513
2022-12-12,65.5,65.39,65.78,63.75,1272271
2022-12-13,68.63,68.85,70.6,68.12,2379745
2022-12-14,68.63,70.33,71.35,68.29,2678137
2022-12-15,71.74,67.09,72.2,66.89,1695449
2022-12-16,66.75,66.47,67.82,65.52,1263969
2022-12-19,66.49,64.71,66.49,63.3,1277253
2022-12-20,61.01,61.01,63.38,60.61,2554018
2022-12-21,61.2,62.03,63.005,60.85,1497244
2022-12-22,64.42,62.43,64.47,61.48,1715888
2022-12-23,62.27,62.06,62.85,60.88,805443
2022-12-27,63.0,64.05,64.9,62.48,1610206
2022-12-28,63.42,58.14,63.74,56.71,2958468
2022-12-29,58.0,58.91,60.88,57.58,1291397
2022-12-30,44.3,40.65,49.0,39.72,26943671
2023-01-03,41.04,37.84,41.5599,37.71,10422343
2023-01-04,40.22,41.24,43.48,39.6,10808472
2023-01-05,40.8001,45.9,47.93,40.6,10174721
2023-01-06,46.22,43.62,46.44,43.45,4380254
2023-01-09,47.29,44.65,49.96,44.33,6518358
2023-01-10,46.35,47.19,47.98,44.4,5662385
2023-01-11,46.86,49.24,50.65,46.7,5935080
2023-01-12,49.0,47.97,49.09,47.22,3993793
2023-01-13,47.87,52.25,53.34,47.77,6551919
2023-01-17,51.24,50.57,52.92,49.77,3626582
2023-01-18,51.86,49.36,52.3,49.26,2694464
2023-01-19,50.46,51.68,52.7,50.0,3217305
2023-01-20,53.5,52.99,53.52,52.02,3231822
2023-01-23,53.4,53.51,54.5,51.49,3006366
2023-01-24,52.78,53.14,53.45,52.05,1117915
2023-01-25,52.83,53.8,55.45,52.6295,1939580
2023-01-26,55.03,54.51,55.2,52.33,2277098
2023-01-27,54.1,54.19,54.57,52.7,1481110
2023-01-30,51.74,51.43,52.68,50.8,2031407
2023-01-31,51.12,50.76,52.62,50.2,1614710
2023-02-01,52.86,55.98,56.25,52.86,3723214
2023-02-02,55.28,53.55,56.56,52.86,2959816
2023-02-03,52.89,52.33,54.89,52.24,1701259
2023-02-06,50.9,50.5,51.4,48.61,3267847
2023-02-07,48.62,49.95,50.025,47.66,2876358
2023-02-08,49.06,46.96,49.47,46.83,2837040
2023-02-09,48.28,47.5,48.65,47.3,1783123
2023-02-10,46.0,45.9,47.22,45.27,1985947
2023-02-13,44.87,47.63,47.65,44.77,2036000
2023-02-14,48.61,47.88,48.92,47.03,1999756
2023-02-15,51.14,50.21,52.58,49.14,6825925
2023-02-16,50.6,50.08,50.8,48.46,2268142
2023-02-17,49.0,47.31,49.16,47.11,2431979
2023-02-21,46.232,46.55,47.87,45.93,1955120
2023-02-22,47.0,46.49,47.68,46.07,1372815
2023-02-23,47.14,44.81,47.565,44.14,2438232
2023-02-24,44.07,45.67,45.895,43.32,2274593
2023-02-27,46.54,46.47,47.18,45.87,1108123
2023-02-28,46.4,49.21,49.83,46.27,2959332
2023-03-01,51.21,49.12,51.39,48.6,2272211
2023-03-02,48.32,51.52,51.66,48.1976,1890255
2023-03-03,51.22,50.23,51.62,49.58,1278945
2023-03-06,50.42,49.39,50.49,48.73,1592693
2023-03-07,48.72,49.1,49.73,48.52,1121876
2023-03-08,48.38,48.67,48.8,47.6,1002191
2023-03-09,47.67,45.95,47.705,45.9,2047117
2023-03-10,45.55,45.33,46.63,44.16,2198564
2023-03-13,45.0,46.05,46.71,43.0,2267025
2023-03-14,46.81,46.92,47.43,46.135,1425927
2023-03-15,46.26,45.38,46.65,44.845,1271662
2023-03-16,45.0,46.14,46.37,44.6,1233899
2023-03-17,46.95,45.07,46.95,44.32,1843301
2023-03-20,44.68,44.07,45.01,43.88,1565991
2023-03-21,44.8,45.75,46.66,44.31,1775728
2023-03-22,46.28,46.02,47.92,45.82,1975884
2023-03-23,48.12,48.68,51.25,48.04,4702109
2023-03-24,49.0,49.28,50.26,48.18,1322650
2023-03-27,49.02,49.31,50.16,48.62,1484249
2023-03-28,51.5,46.2,52.32,44.12,10639912
2023-03-29,46.5,49.39,49.52,46.32,3482909
2023-03-30,49.28,51.77,52.63,49.21,4123617
2023-03-31,51.6,51.85,53.296,51.12,3217688
2023-04-03,51.63,51.55,54.1,51.27,2481457
2023-04-04,51.12,51.02,51.41,49.77,1265985
2023-04-05,51.04,48.3,51.04,47.995,1472510
2023-04-06,48.59,49.0,49.45,47.86,1089350
2023-04-10,49.0,48.04,49.49,47.76,903615
2023-04-11,48.53,49.86,51.82,48.53,2785851
2023-04-12,49.86,47.56,49.86,47.422,1976649
2023-04-13,48.61,48.05,48.8058,47.8,1025256
2023-04-14,48.3,47.81,49.13,47.6,1175324
2023-04-17,49.0,49.21,49.56,48.2601,1103362
2023-04-18,49.31,49.31,49.91,48.89,975284
2023-04-19,48.08,49.03,49.52,47.92,1589827
2023-04-20,48.73,47.03,48.8,46.53,1963204
2023-04-21,46.28,46.26,46.82,44.78,1703371
2023-04-24,45.73,44.14,45.73,43.9,1602604
2023-04-25,43.22,42.93,43.33,41.92,1601949
2023-04-26,44.23,43.06,44.36,42.86,2354362
2023-04-27,43.2,43.76,44.2,42.84,1370749
2023-04-28,43.75,44.27,44.915,43.1547,1591416
2023-05-01,44.23,43.51,44.4,43.2,1257325
2023-05-02,43.36,42.6,43.36,42.16,1482320
2023-05-03,42.68,42.76,43.27,42.27,784532
2023-05-04,43.3,42.36,43.34,42.0438,1397339
2023-05-05,42.8,42.41,42.95,42.39,1076195
2023-05-08,42.97,41.26,42.999,41.0951,1960696
2023-05-09,40.28,42.64,42.78,40.01,1584430
2023-05-10,42.47,41.99,42.7041,41.4,991361
2023-05-11,42.01,42.95,43.28,41.85,1390258
2023-05-12,42.52,41.01,42.52,40.9506,1404643
2023-05-15,41.75,43.15,43.15,39.8,3064000
2023-05-16,39.54,41.24,41.81,39.4,5929544
2023-05-17,40.87,41.42,41.552,40.23,2086619
2023-05-18,40.53,38.66,40.89,38.04,4729816
2023-05-19,38.54,38.09,38.85,37.52,2126995
2023-05-22,39.0,39.57,40.06,38.6801,2423750
2023-05-23,39.24,38.62,39.89,38.57,1812814
2023-05-24,39.0,39.12,40.3,38.02,4002704
2023-05-25,39.73,37.96,39.78,37.32,2420921
2023-05-26,38.61,38.395,39.77,38.28,2219726
2023-05-30,38.7,36.94,38.7,35.91,3331482
2023-05-31,36.9,36.86,36.97,36.0,1956373
2023-06-01,36.82,38.21,38.9198,36.78,2019805
2023-06-02,39.97,38.98,40.1,38.81,2099265
2023-06-05,38.8,39.12,39.2375,37.95,1172301
2023-06-06,38.99,40.225,40.51,38.75,2042934
2023-06-07,40.06,40.19,41.3563,39.65,1274442
2023-06-08,40.4,40.37,40.8,40.1,889844
2023-06-09,40.78,41.7,42.515,40.71,1899726
2023-06-12,41.86,40.82,42.15,40.67,1100388
2023-06-13,41.62,41.52,42.61,41.17,981736
2023-06-14,41.5,41.92,42.29,41.45,1099387
2023-06-15,43.03,42.53,43.46,42.34,1779718
2023-06-16,43.1,42.03,43.44,41.28,1437235
2023-06-20,40.75,39.48,40.78,38.95,2438329
2023-06-21,39.6,39.9,40.24,39.24,2714553
2023-06-22,39.8,39.84,40.1254,39.2,572883
2023-06-23,39.31,38.99,39.42,38.25,1013195
2023-06-26,38.93,38.96,39.53,38.76,752565
2023-06-27,39.91,39.83,40.3,39.55,1016654
2023-06-28,39.72,39.9,40.22,39.06,1136040
2023-06-29,39.2,39.65,39.78,38.95,753239
2023-06-30,39.92,39.74,40.83,39.66,1487213
2023-07-03,40.54,41.12,42.385,39.05,3185835
2023-07-05,40.32,42.06,42.42,40.14,1966298
2023-07-06,41.27,39.83,42.0,39.42,1828580
2023-07-07,39.86,42.34,42.76,39.83,2789405
2023-07-10,42.0,42.62,43.07,41.84,1351243
2023-07-11,43.11,43.42,44.64,42.8,1751690
2023-07-12,44.36,45.27,46.025,43.65,2305693
2023-07-13,46.11,46.33,46.58,45.38,1870832
2023-07-14,45.77,46.97,47.385,45.61,1598086
2023-07-17,46.77,46.56,47.57,46.2701,1236934
2023-07-18,45.41,44.02,46.015,43.64,1455343
2023-07-19,44.98,47.07,48.52,44.98,3514733
2023-07-20,46.27,47.41,47.8,46.19,1148247
2023-07-21,47.89,46.45,48.22,46.37,1241856
2023-07-24,46.14,49.38,50.48,45.69,2995646
2023-07-25,51.5,51.26,52.4,50.26,2491228
2023-07-26,51.27,52.89,53.598,51.27,2806927
2023-07-27,53.85,54.42,55.5957,52.89,2827389
2023-07-28,57.2,58.71,59.35,56.63,4130857
2023-07-31,58.73,60.2,60.95,57.9484,2468567
2023-08-01,58.62,59.88,61.8,58.5,2616074
2023-08-02,57.81,55.44,58.08,54.845,3402104
2023-08-03,57.6,58.535,60.46,57.59,2997295
2023-08-04,58.7,57.31,58.85,56.95,1279713
2023-08-07,57.68,56.33,57.68,55.5,1057333
2023-08-08,53.93,54.28,54.82,53.47,1831103
2023-08-09,55.03,53.8,55.03,53.66,757024
2023-08-10,55.42,53.73,55.6,53.68,2271800
2023-08-11,52.09,49.22,52.539,49.07,3095698
2023-08-14,48.17,49.12,49.65,47.81,1565710
2023-08-15,48.73,48.21,49.39,47.94,1242754
2023-08-16,47.45,49.14,49.7,47.1696,2071682
2023-08-17,50.39,49.08,50.5,48.7666,1263350
2023-08-18,47.11,48.14,48.19,47.04,1322731
2023-08-21,47.62,48.64,49.13,46.66,1841268
2023-08-22,50.0,48.37,50.18,47.88,1392573
2023-08-23,48.4,48.8,49.25,48.0,1563225
2023-08-24,48.11,49.4,52.3,48.11,4168660
2023-08-25,50.3,51.06,52.6599,48.27,2337962
2023-08-28,52.87,55.0,55.2323,52.15,3598256
2023-08-29,56.73,60.01,60.88,56.175,5968619
2023-08-30,58.69,60.68,61.34,58.3,4580191
2023-08-31,60.0,59.6,61.45,59.42,2943297
2023-09-01,61.0,63.39,66.0753,60.55,5270915
2023-09-05,61.81,62.72,63.505,60.9,2061078
2023-09-06,63.26,64.19,65.5,63.1,2365627
2023-09-07,61.21,60.0,61.94,59.23,2922533
2023-09-08,59.13,57.95,60.18,56.79,2838553
2023-09-11,58.7,58.7,58.7,58.7,2011
2023-09-12,58.74,59.11,60.14,58.33,1168482
2023-09-13,58.5,58.88,59.7512,58.5,825380
2023-09-14,60.29,59.6,60.37,59.29,1058913
2023-09-15,59.63,59.15,59.84,58.32,701601
2023-09-18,58.54,58.99,59.49,57.7,776297
2023-09-19,58.99,58.88,60.08,58.42,844926
2023-09-20,58.91,59.48,60.26,58.78,2050289
2023-09-21,58.34,57.09,58.38,56.1,1521585
2023-09-22,60.14,59.03,60.21,58.98,1925750
2023-09-25,57.63,58.06,59.5,57.58,1181428
2023-09-26,57.44,57.5,59.64,57.25,1546403
2023-09-27,58.17,57.53,58.2374,56.9,864745
2023-09-28,57.3,57.96,58.68,56.96,1493159
2023-09-29,59.8,57.81,60.67,57.67,1122568
2023-10-02,57.77,57.11,58.42,56.4,827469
2023-10-03,56.3,55.26,56.77,54.84,1527683
2023-10-04,54.58,54.47,55.11,53.86,1244574
2023-10-05,54.21,53.41,54.26,52.17,1852975
2023-10-06,53.41,57.37,57.8,53.41,2481080
2023-10-09,56.79,58.97,60.14,56.79,1810768
2023-10-10,60.2,62.76,63.39,59.565,3522903
2023-10-11,64.08,63.95,67.49,63.3,6072279
2023-10-12,62.96,61.52,63.26,60.85,3412644
2023-10-13,60.66,62.38,64.035,60.57,1567815
2023-10-16,61.55,62.09,63.565,59.95,1029602
2023-10-17,61.8,62.37,64.12,61.56,1241002
2023-10-18,61.67,62.14,62.66,61.56,806298
2023-10-19,61.68,58.43,62.51,57.65,3055593
2023-10-20,57.89,57.78,58.25,56.881,1348095
2023-10-23,57.08,57.48,58.36,56.2145,889552
2023-10-24,58.11,59.64,62.3,58.11,2034153
2023-10-25,58.75,56.06,59.15,55.71,1830140
2023-10-26,56.15,57.51,58.56,56.0,1463214
2023-10-27,59.1,57.36,60.1,57.23,927320
2023-10-30,58.81,57.8,59.56,56.6,1354682
2023-10-31,57.21,55.45,57.39,54.54,1646578
2023-11-01,55.44,55.75,56.09,54.89,882694
2023-11-02,56.72,55.79,57.46,55.72,916220
2023-11-03,57.47,58.72,60.28,57.1,2936312
2023-11-06,60.86,61.43,63.25,59.8738,3068030
2023-11-07,61.04,60.61,61.19,58.84,1567560
2023-11-08,60.24,59.1,60.89,58.94,1414173
2023-11-09,59.25,57.28,59.3,56.45,2127210
2023-11-10,56.99,57.96,58.13,56.38,949937
2023-11-13,59.0,60.57,61.54,58.62,2104733
2023-11-14,61.68,60.73,61.8961,59.56,1779520
2023-11-15,62.7,62.15,63.77,60.4,3176892
2023-11-16,59.84,59.53,61.59,58.465,2027833
2023-11-17,60.0,59.57,60.8,59.12,1024687
2023-11-20,60.8,62.55,64.46,60.755,3252764
2023-11-21,61.56,60.37,62.2,59.81,1780554
2023-11-22,61.0,59.38,61.05,57.85,2102100
2023-11-24,59.98,58.73,61.16,57.7,1808069
2023-11-27,59.2,56.73,59.9,55.13,3620867
2023-11-28,57.42,55.86,58.19,55.54,1701881
2023-11-29,55.0,54.54,55.19,54.03,2305907
2023-11-30,55.21,53.92,55.33,53.52,1796958
2023-12-01,53.14,54.43,54.86,52.5,1345710
2023-12-04,53.02,52.72,53.075,51.88,1663719
2023-12-05,51.61,52.84,53.22,51.5419,1094036
2023-12-06,53.63,51.99,53.89,51.85,1201361
2023-12-07,52.09,51.16,52.2,50.53,1724017
2023-12-08,50.78,52.06,52.554,50.28,1244986
2023-12-11,52.0,52.81,53.19,51.4,1189397
2023-12-12,53.36,52.95,53.87,52.4,1311606
2023-12-13,52.17,52.78,52.92,51.63,1129960
2023-12-14,53.25,55.0,55.53,53.23,2684747
2023-12-15,55.95,54.95,55.95,54.25,1893501
2023-12-18,54.4,51.7,54.4,51.01,2854837
2023-12-19,52.0,52.83,53.38,51.93,1663539
2023-12-20,52.18,50.98,52.45,50.9,1382020
2023-12-21,52.22,53.01,53.12,51.7,1590645
2023-12-22,51.3,51.5,51.89,50.89,1308853
2023-12-26,51.91,51.89,52.525,51.45,691454
2023-12-27,52.31,51.97,52.52,51.5,964429
2023-12-28,53.46,54.17,55.4788,53.07,2993008
2023-12-29,54.31,54.63,55.99,54.31,1662902
2024-01-02,53.18,51.49,53.41,51.33,1937568
2024-01-03,51.06,52.15,52.2799,50.8,1113770
2024-01-04,52.15,52.37,53.14,51.98,1116695
2024-01-05,51.68,51.51,52.21,50.86,962478
2024-01-08,50.23,50.93,51.02,49.54,1982578
2024-01-09,49.9,48.95,50.04,48.43,1752781
2024-01-10,48.75,48.23,48.99,47.63,1559811
2024-01-11,49.09,48.48,49.25,47.74,1089778
2024-01-12,48.22,47.79,49.32,47.66,1099596
2024-01-16,46.82,46.4,46.9,45.0,2621341
2024-01-17,44.89,46.5,46.68,44.74,1670981
2024-01-18,47.2,46.11,47.55,45.84,3608483
2024-01-19,45.99,46.86,47.38,45.26,1187701
2024-01-22,45.46,45.06,45.46,43.61,3061347
2024-01-23,47.27,47.39,48.98,47.0,3450861
2024-01-24,50.0,49.11,50.87,48.61,2470345
2024-01-25,50.0,49.02,50.29,48.23,1485614
2024-01-26,48.35,48.98,49.54,48.12,1041193
2024-01-29,48.83,47.77,48.83,46.75,1218570
2024-01-30,46.7,46.88,47.26,46.46,778913
2024-01-31,46.58,46.72,47.87,46.43,747284
2024-02-01,47.04,46.9,47.42,46.36,669936
2024-02-02,46.26,46.2,46.72,45.81,919540
2024-02-05,46.0,45.95,46.03,45.1524,863435
2024-02-06,48.69,49.1,49.11,47.6,2481575
2024-02-07,48.0,48.51,48.84,47.43,923238
2024-02-08,48.13,48.17,48.38,47.18,840034
2024-02-09,47.92,48.53,48.59,47.78,653349
2024-02-12,48.74,48.73,49.96,48.65,800019
2024-02-13,48.1,47.98,49.25,47.6801,838403
2024-02-14,49.0,49.97,50.04,48.905,1075491
2024-02-15,49.76,50.69,50.69,49.3576,836054
2024-02-16,51.8,52.285,52.91,51.71,1993718
2024-02-20,51.85,49.76,51.85,49.17,1824850
2024-02-21,50.88,49.93,51.28,49.88,997960
2024-02-22,50.48,50.48,51.23,50.38,981624
2024-02-23,50.75,50.55,51.09,49.63,826554
2024-02-26,50.26,51.34,51.49,50.07,764485
2024-02-27,52.26,52.96,54.45,51.89,1893179
2024-02-28,52.4,52.22,52.83,52.0,667600
2024-02-29,52.98,53.52,54.9,52.925,1534788
2024-03-01,54.75,55.57,57.17,54.58,1985449
2024-03-04,56.5,55.76,56.5,53.6,1515677
2024-03-05,55.2,55.32,55.89,54.6015,882270
2024-03-06,56.77,56.62,57.85,56.26,1577667
2024-03-07,56.56,56.17,56.56,54.92,1196943
2024-03-08,56.25,57.24,58.1,56.1,1377859
2024-03-11,58.08,59.45,60.8606,58.08,2104456
2024-03-12,61.65,64.02,64.03,60.6008,2432151
2024-03-13,62.92,65.4,65.44,62.8,3026795
2024-03-14,61.5,56.4,62.0,55.51,7070756
2024-03-15,56.15,54.25,56.63,54.01,2537211
2024-03-18,54.7,56.98,57.44,54.65,2076963
2024-03-19,56.1,56.53,56.74,55.415,839960
2024-03-20,56.05,57.68,58.05,56.05,1287626
2024-03-21,58.01,55.38,58.52,55.35,1230404
2024-03-22,54.42,54.19,54.91,54.03,811621
2024-03-25,54.2,54.25,55.18,53.98,998066
2024-03-26,54.54,53.37,54.64,53.33,934211
2024-03-27,52.84,53.71,53.86,52.68,988462
2024-03-28,53.88,54.15,55.142,53.88,1339227
2024-04-01,55.18,56.7,57.59,55.07,1260788
2024-04-02,56.4,55.38,56.4,54.51,1112338
2024-04-03,55.36,56.11,56.33,54.9947,577545
2024-04-04,57.04,55.91,57.7799,55.74,513965
2024-04-05,55.54,56.48,56.6,55.45,506803
2024-04-08,56.69,57.71,57.75,56.35,657890
2024-04-09,57.78,59.44,59.96,57.78,1277980
2024-04-10,58.8,59.0,60.76,58.645,903960
2024-04-11,59.3,60.05,60.15,59.02,627239
2024-04-12,59.0,57.49,59.4,57.47,853405
2024-04-15,58.2,56.79,58.98,56.53,759791
2024-04-16,56.06,54.78,56.26,54.68,1167155
2024-04-17,55.46,54.33,55.46,54.2,591400
2024-04-18,55.1,54.85,55.55,54.55,810474
2024-04-19,54.5,54.77,55.0899,54.2006,683899
2024-04-22,55.66,55.55,55.99,54.75,1000777
2024-04-23,57.55,61.93,63.2699,57.55,3781114
2024-04-24,63.0,63.98,65.49,62.94,3132877
2024-04-25,61.63,63.0,63.2,61.06,1842617
2024-04-26,65.16,66.38,68.92,65.16,3064293
2024-04-29,66.39,65.28,66.64,65.01,1506645
2024-04-30,64.26,64.31,65.53,64.01,1732078
2024-05-01,64.31,64.1,65.15,63.721,1137307
2024-05-02,67.58,71.71,72.89,67.365,4366133
2024-05-03,70.6,71.78,71.92,69.8,2274463
2024-05-06,72.32,73.485,75.25,72.1,2450912
2024-05-07,72.13,71.06,72.21,70.34,1850781
2024-05-08,69.01,69.015,69.8633,67.5,1943349
2024-05-09,71.8297,69.89,72.08,69.295,1393426
2024-05-10,71.45,68.9,72.35,68.535,1790389
2024-05-13,70.23,72.53,74.49,70.23,2638050
2024-05-14,70.71,73.52,73.53,69.7,2198981
2024-05-15,74.46,74.57,74.67,72.56,1190627
2024-05-16,75.0,77.78,77.78,74.41,2177645
2024-05-17,78.79,80.41,81.86,78.68,2805743
2024-05-20,80.0,78.63,80.33,77.932,1243579
2024-05-21,76.86,76.76,77.7467,75.6,1276594
2024-05-22,75.5,76.59,76.99,75.2,1132376
2024-05-23,76.23,73.8,76.23,73.07,2405716
2024-05-24,73.29,74.64,75.6,72.73,1650908
2024-05-28,76.75,76.91,80.82,75.7,3664691
2024-05-29,74.61,76.36,78.4,74.25,1300752
2024-05-30,76.54,74.69,76.54,74.21,1741096
2024-05-31,74.86,75.14,76.35,74.25,1822967
2024-06-03,76.4,74.4,77.2,73.8,1048891
2024-06-04,74.87,74.33,75.43,73.8275,1362872
2024-06-05,75.15,75.38,76.78,74.9,1148787
2024-06-06,75.38,76.48,77.09,74.47,1066894
2024-06-07,75.41,74.9,76.05,74.32,961288
2024-06-10,73.51,74.88,75.28,72.67,891233
2024-06-11,74.32,74.61,76.1,73.69,1286339
2024-06-12,74.8,73.57,75.24,73.165,1169593
2024-06-13,73.79,71.58,74.27,70.2413,2116846
2024-06-14,70.76,71.06,71.5,70.66,1022011
2024-06-17,70.0,69.05,70.002,66.9,2733249
2024-06-18,67.9,67.48,68.19,66.55,1474313
2024-06-20,68.25,66.17,68.54,65.81,1707467
2024-06-21,65.51,67.94,67.98,65.38,1529032
2024-06-24,67.43,69.46,69.9,67.22,1243504
2024-06-25,68.97,67.92,69.465,66.52,1618368
2024-06-26,68.22,67.54,68.22,67.19,466816
2024-06-27,66.0,65.79,66.155,65.26,1378898
2024-06-28,66.25,65.605,66.25,64.82,1329936
2024-07-01,65.98,64.17,66.2,64.03,745450
2024-07-02,64.3,66.02,66.06,63.61,672633
2024-07-03,67.27,68.79,69.23,67.27,1015815
2024-07-05,67.29,70.9,71.04,65.55,2568690
2024-07-08,71.4,65.65,71.5,65.34,2014090
2024-07-09,66.75,67.61,67.97,65.5,1283688
2024-07-10,67.8,69.46,69.96,67.67,809062
2024-07-11,70.95,68.8,70.99,68.0168,996578
2024-07-12,69.59,68.57,70.3,68.52,547230
2024-07-15,67.2,67.61,68.055,66.244,596419
2024-07-16,67.4,67.68,68.1183,67.04,491669
2024-07-17,67.19,63.81,67.2,62.32,1931420
2024-07-18,63.97,62.92,64.38,62.2,1238916
2024-07-19,62.78,61.61,63.225,60.92,960445
2024-07-22,62.75,62.17,63.04,61.46,1256251
2024-07-23,61.18,62.81,63.13,61.14,802781
2024-07-24,62.18,60.9,62.495,60.55,664627
2024-07-25,60.39,60.31,61.38,60.05,595344
2024-07-26,60.7,61.24,61.89,60.29,474564
2024-07-29,61.43,61.3,63.18,61.2,533429
2024-07-30,60.97,60.19,61.19,59.75,777964
2024-07-31,62.89,63.28,64.12,62.66,1222789
2024-08-01,62.6,59.69,62.79,59.28,855075
2024-08-02,58.2,57.275,58.51,56.23,1013083
2024-08-05,52.5,55.54,56.08,51.8,1652597
2024-08-06,55.78,58.12,58.72,55.01,1902486
2024-08-07,59.2,57.29,59.8184,57.04,582176
2024-08-08,58.05,58.7,59.06,57.285,695709
2024-08-09,58.29,58.24,58.44,57.2,412411
2024-08-12,58.62,58.88,58.95,57.67,476750
2024-08-13,59.04,60.82,60.94,58.77,1237155
2024-08-14,60.51,60.94,62.02,60.47,1002878
2024-08-15,61.6,61.48,62.47,61.12,922673
2024-08-16,62.2,61.51,62.4,60.92,993281
2024-08-19,62.45,62.52,63.065,61.3,2162681
2024-08-20,62.6,59.71,63.86,59.25,3291074
2024-08-21,60.19,62.67,63.66,60.19,1394229
2024-08-22,62.5,62.74,64.36,62.03,1227551
2024-08-23,62.95,62.92,63.7508,62.4,1037633
2024-08-26,62.1,61.2,62.1,59.63,1482944
2024-08-27,61.13,61.52,61.91,60.845,674673
2024-08-28,60.67,58.99,60.9,58.34,1456808
2024-08-29,60.18,60.39,61.1,59.93,668793
2024-08-30,62.33,63.56,64.06,62.0,2825329
2024-09-03,62.3,61.18,62.88,61.05,1086341
2024-09-04,61.32,59.56,61.43,59.35,915605
2024-09-05,59.38,60.45,60.58,58.83,939436
2024-09-06,59.91,58.69,60.55,58.36,966828
2024-09-09,58.79,59.18,59.47,58.56,616378
2024-09-10,58.85,58.44,59.22,58.35,587331
2024-09-11,58.66,59.61,59.74,58.46,730565
2024-09-12,59.61,56.96,59.74,56.22,1953888
2024-09-13,56.78,57.58,57.75,56.36,1579993
2024-09-16,57.5,57.54,58.34,57.48,688099
2024-09-17,58.79,60.37,61.1,58.555,1848963
2024-09-18,60.71,59.51,60.71,59.51,550974
2024-09-19,62.2,67.81,68.49,62.2,3680632
2024-09-20,67.0,65.53,69.16,65.18,1599219
2024-09-23,66.24,67.29,68.85,66.22,2145846
2024-09-24,74.88,74.88,76.28,73.633,5466194
2024-09-25,72.488,75.52,75.61,71.79,1650857
2024-09-26,80.74,81.47,83.045,77.6,9581063
2024-09-27,82.8,85.68,85.99,81.7,5115057
2024-09-30,93.01,95.65,102.99,92.0,18121719
2024-10-01,96.05,107.54,108.6,94.66,13607756
2024-10-02,118.67,112.85,127.33,106.3,24604667
2024-10-03,108.295,122.79,124.41,108.0,19436976
2024-10-04,124.27,127.98,128.3,118.0912,14554455
2024-10-07,129.97,128.93,130.5,121.05,12561035
2024-10-08,104.9,112.08,113.38,102.0,17139170
2024-10-09,105.01,110.92,112.69,102.18,8754571
2024-10-10,109.49,107.17,110.4999,100.52,8815037
2024-10-11,104.07,111.02,114.4346,103.75,6149315
2024-10-14,108.63,106.35,111.98,105.51,4390256
2024-10-15,100.98,96.21,104.6,95.03,8398632
2024-10-16,97.4,95.25,98.2898,94.53,3382900
2024-10-17,90.6,89.71,90.855,86.41,6741184
2024-10-18,96.92,93.26,97.37,92.53,5951003
2024-10-21,91.56,92.33,93.64,90.73,2318527
2024-10-22,91.84,92.37,96.185,91.3392,3598360
2024-10-23,93.27,88.8,93.27,88.61,2622683
2024-10-24,89.1,88.14,89.44,86.725,1682332
2024-10-25,89.37,92.58,94.04,89.03,2962887
2024-10-28,93.23,96.88,98.25,92.91,3220529
2024-10-29,100.13,98.17,100.18,95.5015,4132713
2024-10-30,95.93,96.14,98.68,94.3,2157230
2024-10-31,96.59,94.99,97.23,93.06,2244813
2024-11-01,96.2,95.08,98.235,94.6,2153147
2024-11-04,96.29,96.9,101.96,96.17,3127871
2024-11-05,101.678,99.08,103.6,98.3,2824381
2024-11-06,95.88,96.655,97.205,92.3678,3420702
2024-11-07,104.0,108.66,111.88,100.8,7339067
2024-11-08,101.7,94.51,101.7,92.17,6872348
2024-11-11,97.46,101.91,101.97,93.76,4986953
2024-11-12,96.42,93.02,97.88,92.76,3429334
2024-11-13,95.82,90.74,95.82,90.12,2501660
2024-11-14,89.94,88.68,90.03,87.1511,2401942
2024-11-15,89.5,89.08,89.6,87.48,1268758
2024-11-18,91.84,92.3,93.66,90.71,2180378
2024-11-19,91.0,86.7,91.87,86.58,4554493
2024-11-20,87.82,88.99,91.0,87.6703,2437919
2024-11-21,87.2,84.69,87.69,84.58,2970304
2024-11-22,81.68,84.22,85.05,81.335,2393581
2024-11-25,83.7,84.0,84.95,82.75,1941692
2024-11-26,83.98,83.76,85.168,82.76,1427265
2024-11-27,88.68,86.33,89.89,86.3,2184435
2024-11-29,87.28,87.23,87.48,85.72,1006300
2024-12-02,88.0,85.32,88.33,85.27,1540806
2024-12-03,86.3,88.22,89.905,86.13,1834481
2024-12-04,87.5,86.25,88.0,84.64,1394738
2024-12-05,86.41,86.82,87.3,85.75,964716
2024-12-06,87.4,83.27,87.455,83.11,1787204
2024-12-09,92.865,98.08,104.99,92.76,9746744
2024-12-10,91.0,86.98,93.43,86.21,4253426
2024-12-11,87.61,85.88,87.79,83.81,2793616
2024-12-12,85.84,85.24,86.66,84.36,1984696
2024-12-13,84.5,86.54,86.9297,83.86,2438743
2024-12-16,84.0,82.45,85.3,81.4,2724341
2024-12-17,83.4,86.18,86.45,82.25,1836505
2024-12-18,86.0,83.2,87.1,82.385,1591413
2024-12-19,85.1,83.64,85.44,83.37,1067009
2024-12-20,83.58,84.04,85.39,83.0,912009
2024-12-23,84.4,86.19,86.52,84.0,1217562
2024-12-24,87.61,87.0,88.0,86.41,839721
2024-12-26,86.26,86.125,87.0999,85.02,1138447
2024-12-27,85.3,82.83,85.3,82.15,1136039
2024-12-30,81.83,80.52,82.0,79.93,1379564
2024-12-31,80.18,79.99,81.48,79.39,1469582
2025-01-02,78.68,79.46,81.64,78.5601,1389069
2025-01-03,81.0,80.63,81.58,78.93,1085209
2025-01-06,82.0,80.76,83.545,79.9,3334011
2025-01-07,81.49,79.57,81.49,78.4,1217618
2025-01-08,77.88,77.43,78.1899,76.2,1476120
2025-01-10,75.89,75.41,75.91,74.07,1850437
2025-01-13,74.39,75.13,76.18,73.4,1304231
2025-01-14,78.9,77.64,79.46,77.1,1838118
2025-01-15,78.82,80.13,80.5,78.82,1657647
2025-01-16,80.35,80.4,80.635,78.58,1259562
2025-01-17,81.1,87.53,89.128,81.1,5347118
2025-01-21,89.15,91.33,91.91,85.5,5024813
2025-01-22,89.0,89.26,90.67,87.7,3577266
2025-01-23,87.99,92.44,92.86,87.8,1928455
2025-01-24,93.9,97.12,97.23,93.78,2979641
2025-01-27,94.94,93.87,96.1,93.66,2696563
2025-01-28,94.99,99.69,99.82,94.22,1916528
2025-01-29,98.97,97.18,99.0,96.16,1627058
2025-01-30,98.04,100.19,103.37,98.04,2951294
2025-01-31,100.83,96.65,100.83,95.7409,1725129
2025-02-03,92.1,92.94,96.5,91.2908,1851372
2025-02-04,95.8,98.72,100.2333,95.8,3280894
2025-02-05,95.83,94.12,96.365,94.0206,1309657
2025-02-06,97.99,97.16,98.69,96.79,1515020
2025-02-07,100.0,105.64,106.96,100.0,5051294
2025-02-10,110.3,107.6,111.47,104.48,3309818
2025-02-11,105.5,105.88,109.57,104.88,2159134
2025-02-12,109.82,115.81,117.3597,109.7499,4542281
2025-02-13,111.8,117.92,119.3843,110.57,3670557
2025-02-14,125.71,121.82,127.39,119.05,5573530
2025-02-18,124.44,123.56,125.26,116.6,3531388
2025-02-19,123.905,121.36,124.18,120.4,1729471
2025-02-20,127.32,120.59,130.2,120.14,4022664
2025-02-21,127.08,121.4,130.88,121.36,4387717
2025-02-24,116.34,110.28,116.625,105.02,5192424
2025-02-25,111.375,104.58,111.375,103.9103,3350762
2025-02-26,112.68,114.0,116.5,112.0328,4344292
2025-02-27,111.31,111.43,114.55,109.04,1598721
2025-02-28,104.245,109.19,109.8275,104.04,1683661
2025-03-03,109.7,103.74,109.98,103.1,1646869
2025-03-04,104.25,108.18,111.36,101.54,2573817
2025-03-05,112.0,121.09,121.19,112.0,3774706
2025-03-06,119.22,116.79,122.64,114.88,3293836
2025-03-07,117.12,113.0,119.81,112.4,2532764
2025-03-10,109.5,106.06,112.1,104.15,2983998
2025-03-11,108.93,110.28,111.69,106.91,2208540
2025-03-12,111.35,111.73,112.58,107.5527,2848379
2025-03-13,108.6,107.52,113.26,104.51,4204246
2025-03-14,112.99,118.47,121.09,112.9,4591581
2025-03-17,117.98,117.11,118.6,112.25,4054285
2025-03-18,117.5,114.47,122.4999,113.7,3612686
2025-03-19,116.25,114.7,118.3366,114.03,1637171
2025-03-20,110.4,109.13,111.5,107.05,2615887
2025-03-21,106.66,106.36,107.2599,104.78,1997378
2025-03-24,109.46,107.76,110.5,107.2366,1538728
2025-03-25,105.99,107.99,109.34,105.81,1377447
2025-03-26,108.43,107.51,110.03,105.9252,1250813
2025-03-27,106.88,109.68,114.5,106.88,3549136
2025-03-28,107.13,103.62,108.5,102.22,3090809
2025-03-31,101.0,102.35,102.71,98.15,3380867
2025-04-01,101.18,103.37,104.045,100.925,2249808
2025-04-02,103.37,103.47,104.3,102.02,1111513
2025-04-03,97.915,97.49,98.88,95.4,3262890
2025-04-04,89.4,83.51,89.4,79.8,8698891
2025-04-07,79.39,79.11,87.355,77.2,6731619
2025-04-08,83.64,75.26,83.7,74.0,4434080
2025-04-09,75.0,80.19,82.67,70.6,7500720
2025-04-10,78.23,74.81,79.53,73.42,4095135
2025-04-11,76.325,80.39,81.38,74.1,5072504
