2021-05-04,30.0,26.95,30.3,26.51,5866803
2021-05-05,25.81,26.0,26.26,25.0,1534521
2021-05-06,25.47,25.97,26.02,25.1,698913
2021-05-07,25.41,25.91,26.4,25.05,921621
2021-05-10,25.6,26.5,26.7,25.43,1212170
2021-05-11,25.52,25.79,26.69,25.4,1908742
2021-05-12,25.39,25.23,25.79,24.95,763865
2021-05-13,24.44,25.1,25.23,23.91,546260
2021-05-14,25.0,24.75,25.25,24.63,2013406
2021-05-17,24.51,24.22,24.86,23.84,1201884
2021-05-18,23.51,24.19,24.76,23.24,1656281
2021-05-19,23.71,24.45,24.47,23.65,949955
2021-05-20,24.65,25.12,25.34,24.0,1130555
2021-05-21,25.3,25.34,25.5,25.13,721069
2021-05-24,25.35,25.46,25.5,25.21,953849
2021-05-25,25.26,25.0,25.375,24.5,366398
2021-05-26,25.01,24.57,25.07,24.37,575093
2021-05-27,24.51,24.54,24.83,24.12,421065
2021-05-28,24.5,24.98,25.09,24.2,529387
2021-06-01,24.79,25.13,25.25,24.79,972312
2021-06-02,24.95,25.13,25.29,24.9,1349095
2021-06-03,25.0,25.41,25.55,24.98,1556988
2021-06-04,25.54,25.97,26.28,25.07,3521170
2021-06-07,25.53,24.53,25.6768,23.92,3229638
2021-06-08,24.7,25.5,25.62,24.5,2012590
2021-06-09,25.5,24.98,25.6,24.52,711529
2021-06-10,25.09,24.95,25.125,24.6,655759
2021-06-11,25.05,25.45,25.53,24.87,693318
2021-06-14,25.16,24.51,25.3409,24.4,1088252
2021-06-15,24.61,24.99,25.05,24.48,1583193
2021-06-16,25.02,24.96,25.29,24.83,868459
2021-06-17,24.8,24.99,25.11,24.62,401661
2021-06-18,24.9,25.08,25.21,24.5844,815202
2021-06-21,24.85,24.97,25.15,24.75,1610390
2021-06-22,24.81,24.75,24.93,24.601,318242
2021-06-23,24.65,24.49,24.71,24.4401,378328
2021-06-24,24.41,24.56,24.59,24.04,625352
2021-06-25,24.5,24.64,25.35,24.2,1455766
2021-06-28,24.77,25.52,25.805,24.49,5280057
2021-06-29,25.5,25.81,26.46,25.22,2681927
2021-06-30,25.57,26.4,26.54,25.1657,2865784
2021-07-01,26.4,26.9,27.39,26.14,2235534
2021-07-02,26.88,28.0,28.05,26.84,1348777
2021-07-06,29.01,29.48,29.99,28.83,4633678
2021-07-07,29.6,29.74,29.87,29.17,1032353
2021-07-08,28.95,29.6,30.1,28.91,1629087
2021-07-09,29.56,29.95,30.16,29.46,1588919
2021-07-12,30.0,29.98,30.59,29.6001,911089
2021-07-13,30.0,29.81,30.0,29.68,1331123
2021-07-14,29.71,29.74,30.0,29.45,1242362
2021-07-15,29.6,29.53,29.85,29.0,850259
2021-07-16,29.54,29.57,29.705,29.2,710848
2021-07-19,29.54,28.27,29.72,28.1,1518716
2021-07-20,28.27,28.71,29.02,28.03,715514
2021-07-21,29.01,29.53,29.69,28.87,1621088
2021-07-22,29.45,29.38,29.89,29.32,838376
2021-07-23,29.41,29.26,29.51,28.9181,898687
2021-07-26,29.4,29.03,29.4,28.98,459904
2021-07-27,29.01,28.98,29.255,28.67,434676
2021-07-28,28.92,29.24,29.36,28.75,1446362
2021-07-29,29.18,29.18,29.3386,28.95,433736
2021-07-30,29.17,29.91,30.07,29.005,780753
2021-08-02,30.05,29.85,30.07,29.65,604643
2021-08-03,29.98,29.74,29.98,29.51,631558
2021-08-04,29.57,30.04,30.24,29.38,1218664
2021-08-05,29.96,31.02,31.895,29.865,2257028
2021-08-06,31.06,29.89,31.41,29.67,1049645
2021-08-09,29.84,29.78,30.13,29.44,447543
2021-08-10,29.88,30.06,30.49,28.79,1021712
2021-08-11,30.42,30.01,30.43,29.95,679262
2021-08-12,29.88,30.19,30.54,29.445,1030827
2021-08-13,30.19,30.09,30.5,29.9559,1298884
2021-08-16,29.93,29.7,30.0,29.15,427443
2021-08-17,29.73,28.9,29.9,28.71,1222942
2021-08-18,28.75,28.75,29.12,27.79,1305226
2021-08-19,28.57,28.61,28.82,28.43,462740
2021-08-20,28.58,28.77,29.16,28.58,658844
2021-08-23,28.77,29.25,29.27,28.76,571874
2021-08-24,29.41,29.61,30.04,29.1,1694820
2021-08-25,29.65,29.96,30.26,29.1,594375
2021-08-26,29.96,29.75,30.08,29.66,735482
2021-08-27,29.87,29.52,30.08,29.44,415205
2021-08-30,29.54,28.83,29.92,28.78,680050
2021-08-31,28.75,29.45,29.81,28.66,559472
2021-09-01,29.59,29.19,29.7,29.155,286238
2021-09-02,29.19,29.63,29.73,29.02,529411
2021-09-03,29.55,30.17,30.4,29.51,968099
2021-09-07,30.38,31.69,33.095,30.38,6935350
2021-09-08,31.55,32.34,32.74,31.45,3447140
2021-09-09,32.53,32.46,32.77,32.1201,2515073
2021-09-10,32.63,32.72,32.98,32.23,2496402
2021-09-13,32.78,33.22,33.34,31.14,3042311
2021-09-14,32.77,32.86,33.31,31.31,2718410
2021-09-15,32.86,32.35,33.13,32.14,6393047
2021-09-16,32.26,31.55,32.59,31.26,5390126
2021-09-17,31.81,30.56,32.325,30.01,18902606
2021-09-20,29.89,29.89,30.62,29.53,5236670
2021-09-21,29.95,29.92,31.05,29.82,6430444
2021-09-22,29.98,30.1,30.45,29.58,1279647
2021-09-23,29.8,29.74,30.52,29.68,1425206
2021-09-24,29.73,28.59,30.12,28.46,1660351
2021-09-27,28.59,28.78,28.97,28.1,916672
2021-09-28,28.69,28.42,28.91,28.16,1346024
2021-09-29,28.59,27.77,28.8152,27.71,757429
2021-09-30,27.65,27.87,28.14,27.36,1140472
2021-10-01,27.89,28.22,28.52,27.48,1205923
2021-10-04,28.22,26.94,28.34,26.86,1470042
2021-10-05,26.88,27.43,28.37,26.79,1168041
2021-10-06,28.97,27.63,28.97,27.105,910453
2021-10-07,27.74,29.1,29.22,27.74,1843147
2021-10-08,29.15,27.85,29.16,27.83,1126081
2021-10-11,28.01,27.91,28.16,27.49,637993
2021-10-12,27.9,27.4,27.9,27.04,1071114
2021-10-13,27.15,27.4,27.42,26.95,714760
2021-10-14,27.66,27.49,27.89,27.36,693576
2021-10-15,27.9,26.94,27.9135,26.85,562900
2021-10-18,26.8,27.06,27.28,26.51,354687
2021-10-19,27.32,28.06,28.06,26.79,1155731
2021-10-20,28.06,29.31,29.32,28.06,1313996
2021-10-21,29.2,29.74,30.14,28.95,1289147
2021-10-22,29.76,30.48,30.63,29.39,1298827
2021-10-25,30.32,31.09,31.09,30.19,790484
2021-10-26,31.38,31.33,32.49,31.26,1037292
2021-10-27,31.23,31.47,31.5,30.86,915659
2021-10-28,31.6,31.07,32.12,31.03,1536494
2021-10-29,30.89,30.96,31.05,30.03,841459
2021-11-01,31.0,31.1,31.53,30.625,540617
2021-11-02,31.1,30.76,31.19,30.49,575585
2021-11-03,30.65,31.96,33.08,29.3161,1315143
2021-11-04,31.9,31.95,32.13,31.55,818221
2021-11-05,32.05,31.75,32.23,31.17,577245
2021-11-08,31.81,32.06,32.56,31.51,654747
2021-11-09,31.91,31.93,32.02,31.51,659159
2021-11-10,32.01,31.64,32.27,31.38,965318
2021-11-11,31.69,32.48,32.59,31.48,1706862
2021-11-12,32.44,32.4,32.88,32.24,1328153
2021-11-15,32.54,32.93,33.26,32.46,1916628
2021-11-16,33.06,33.84,33.94,32.75,1396273
2021-11-17,33.69,34.11,34.35,33.66,2017012
2021-11-18,33.97,33.83,35.0,33.72,2072300
2021-11-19,33.73,33.8,34.74,32.5,1514920
2021-11-22,34.56,33.99,34.57,33.86,1470545
2021-11-23,33.87,34.9,34.95,32.4816,2182852
2021-11-24,34.89,34.88,35.09,34.54,1880088
2021-11-26,34.24,34.45,35.05,34.19,840312
2021-11-29,34.75,34.39,35.15,34.32,1090243
2021-11-30,34.15,33.41,34.54,32.89,4810858
2021-12-01,33.63,33.6,34.76,33.35,1076001
2021-12-02,33.78,34.31,34.485,33.78,1125771
2021-12-03,34.48,33.81,34.74,33.42,917848
2021-12-06,33.96,33.25,34.12,33.06,594381
2021-12-07,33.62,33.48,34.19,33.37,751030
2021-12-08,33.63,32.91,33.88,32.805,617812
2021-12-09,32.71,32.56,32.99,32.38,669731
2021-12-10,32.83,33.21,33.23,32.66,651802
2021-12-13,33.265,33.78,34.28,33.265,1192737
2021-12-14,31.01,31.18,32.35,31.0,2497474
2021-12-15,31.04,30.3,31.62,29.43,1599169
2021-12-16,30.18,29.05,30.89,28.91,1794755
2021-12-17,29.09,29.44,29.56,28.42,2004081
2021-12-20,29.43,29.04,29.5,28.68,832801
2021-12-21,29.07,29.18,29.365,28.92,1290560
2021-12-22,28.96,29.23,29.45,28.96,1033876
2021-12-23,29.23,29.36,29.52,28.79,568789
2021-12-27,29.3,29.0,29.3,28.77,585399
2021-12-28,29.0,30.32,30.43,28.88,838501
2021-12-29,30.31,29.92,30.55,29.52,552026
2021-12-30,29.83,29.91,30.19,29.51,550276
2021-12-31,29.76,29.49,29.79,29.21,768907
2022-01-03,29.38,29.19,29.9,28.96,499517
2022-01-04,29.22,28.6,29.34,28.57,571376
2022-01-05,28.6,28.31,28.83,28.185,707591
2022-01-06,28.2,30.22,31.07,28.11,1851905
2022-01-07,30.21,30.0,30.56,29.37,830486
2022-01-10,29.95,29.5,29.95,28.88,767879
2022-01-11,30.72,31.08,31.38,29.66,1978569
2022-01-12,31.08,31.17,31.86,31.08,521060
2022-01-13,31.605,30.2,31.605,30.14,406669
2022-01-14,30.09,30.19,30.33,29.73,331552
2022-01-18,30.3,29.47,30.3,29.22,702250
2022-01-19,29.27,29.08,29.77,28.72,648006
2022-01-20,29.2,28.96,29.61,28.84,535161
2022-01-21,28.89,28.21,28.95,28.12,724826
2022-01-24,28.0,28.04,28.41,27.3,835750
2022-01-25,27.71,27.14,27.94,27.1,882330
2022-01-26,26.99,26.81,27.41,26.54,804336
2022-01-27,26.85,26.16,27.16,26.03,896103
2022-01-28,26.1,26.65,26.87,25.76,882379
2022-01-31,26.59,26.66,27.22,26.12,1230737
2022-02-01,26.82,27.42,27.46,26.69,666179
2022-02-02,27.53,26.78,28.08,26.71,549362
2022-02-03,26.6,26.35,27.02,26.31,648188
2022-02-04,26.26,26.04,26.62,25.58,806932
2022-02-07,27.26,28.17,28.61,27.08,982158
2022-02-08,28.27,28.14,28.44,27.58,479676
2022-02-09,29.17,28.91,29.24,28.335,433952
2022-02-10,28.73,29.04,29.31,28.32,501468
2022-02-11,28.92,28.19,29.21,27.663,891109
2022-02-14,28.13,27.88,28.53,27.8,612563
2022-02-15,27.93,28.24,28.29,27.79,465411
2022-02-16,28.24,27.54,28.48,27.54,530680
2022-02-17,27.42,26.77,27.62,26.3,1147741
2022-02-18,26.6,26.01,26.87,25.97,1404047
2022-02-22,25.81,25.85,26.17,25.285,1332125
2022-02-23,26.06,25.75,27.43,25.66,1281680
2022-02-24,24.98,26.66,26.78,24.85,1117442
2022-02-25,26.57,27.75,27.87,26.53,2187093
2022-02-28,27.57,27.55,27.7,26.53,897029
2022-03-01,27.38,26.97,27.7054,26.53,872608
2022-03-02,26.77,27.01,27.47,26.5,437751
2022-03-03,26.96,26.74,27.14,26.47,622468
2022-03-04,26.36,25.27,26.515,25.06,1052277
2022-03-07,25.21,24.73,25.39,24.54,958662
2022-03-08,24.84,24.71,25.5299,24.421,659539
2022-03-09,25.53,26.25,26.36,25.01,537160
2022-03-10,25.82,25.97,26.1,25.55,548746
2022-03-11,26.12,25.13,26.23,25.1,467547
2022-03-14,25.22,25.1,25.79,24.81,539385
2022-03-15,25.71,26.52,26.68,25.65,699062
2022-03-16,26.85,27.28,27.35,26.545,699343
2022-03-17,27.16,27.35,27.54,26.78,394647
2022-03-18,27.17,27.65,28.01,25.79,1217113
2022-03-21,27.66,27.1,27.88,26.94,461485
2022-03-22,27.23,27.27,27.73,26.68,741960
2022-03-23,27.03,27.36,27.6,26.91,498550
2022-03-24,27.49,26.86,27.5375,26.56,411575
2022-03-25,26.94,27.0,27.24,26.51,388555
2022-03-28,26.9,27.53,27.6,26.53,456481
2022-03-29,27.87,28.23,28.35,27.62,496655
2022-03-30,28.06,27.61,28.36,27.51,217379
2022-03-31,27.6,27.67,27.99,27.4,463079
2022-04-01,27.85,28.6,28.645,27.64,589625
2022-04-04,28.58,29.05,29.09,28.18,392033
2022-04-05,29.01,28.47,29.09,28.38,499430
2022-04-06,28.16,28.99,29.06,28.0,1664656
2022-04-07,29.17,29.0,29.38,28.58,660057
2022-04-08,28.87,28.79,29.04,28.73,490906
2022-04-11,28.52,28.95,29.16,28.37,278597
2022-04-12,29.24,28.97,29.69,28.64,880617
2022-04-13,28.91,29.13,29.34,28.885,505340
2022-04-14,29.11,28.87,29.43,28.48,580534
2022-04-18,28.69,28.48,29.17,28.04,326293
2022-04-19,28.37,29.18,29.28,28.37,748029
2022-04-20,29.19,29.09,29.49,28.72,421602
2022-04-21,29.14,28.37,29.325,28.17,451451
2022-04-22,28.27,27.45,28.29,27.245,381018
2022-04-25,27.25,27.85,27.89,26.72,572925
2022-04-26,27.97,27.38,28.375,27.24,617471
2022-04-27,27.71,27.51,28.15,27.33,705137
2022-04-28,27.67,27.65,28.42,26.97,890235
2022-04-29,27.45,26.39,27.55,26.38,719815
2022-05-02,26.3,25.54,26.71,25.2,1099096
2022-05-03,25.72,25.84,26.525,25.52,1799949
2022-05-04,25.82,25.88,26.07,25.0,1697448
2022-05-05,25.9,24.72,26.09,24.34,2114597
2022-05-06,24.97,25.16,27.24,24.745,2407182
2022-05-09,24.6,23.74,24.83,23.48,3162473
2022-05-10,23.98,22.41,24.67,22.4,2204220
2022-05-11,22.61,22.67,23.5,22.45,2212035
2022-05-12,22.47,22.21,22.62,21.93,2204496
2022-05-13,22.21,23.55,23.7,22.11,2770512
2022-05-16,23.42,22.78,23.42,22.55,1144890
2022-05-17,22.97,23.61,23.75,22.54,1493105
2022-05-18,23.42,22.49,23.65,22.425,1401853
2022-05-19,22.2,22.6,22.82,22.11,1030900
2022-05-20,22.75,22.95,22.95,22.26,1671395
2022-05-23,23.0,23.29,23.47,22.73,1662916
2022-05-24,23.08,23.05,23.13,22.5,1373360
2022-05-25,23.0,24.64,24.92,22.61,1459163
2022-05-26,25.49,25.26,25.5,24.5,1723199
2022-05-27,25.35,26.35,26.75,25.35,1627084
2022-05-31,26.19,25.93,26.45,25.82,2086454
2022-06-01,26.04,26.64,26.89,26.0,1672994
2022-06-02,26.56,26.89,27.07,26.4917,1660019
2022-06-03,26.74,27.03,27.335,26.71,2200193
2022-06-06,27.44,26.82,27.87,26.5,1251939
2022-06-07,26.47,26.39,26.98,25.71,1674526
2022-06-08,26.43,26.15,26.46,25.95,684489
2022-06-09,26.13,25.15,26.17,25.12,822253
2022-06-10,24.66,24.38,24.9,24.19,1329028
2022-06-13,23.72,22.59,23.87,22.52,1134232
2022-06-14,22.67,22.49,23.06,22.07,938133
2022-06-15,22.7,23.61,23.785,22.7,1146508
2022-06-16,23.23,22.11,23.67,22.035,1322231
2022-06-17,22.23,22.84,23.06,22.11,2196007
2022-06-21,23.09,23.7,24.045,22.79,2234637
2022-06-22,23.27,23.46,24.24,23.27,1965385
2022-06-23,23.48,23.36,24.73,23.08,1775994
2022-06-24,23.5,24.12,24.59,23.47,16951333
2022-06-27,24.09,24.29,24.45,24.0,1094014
2022-06-28,24.45,23.8,24.56,23.73,1472937
2022-06-29,23.71,23.41,23.71,22.65,1181896
2022-06-30,23.15,23.54,23.6,22.67,910701
2022-07-01,23.23,25.05,25.06,23.0,1240520
2022-07-05,24.68,24.82,24.87,23.79,1146455
2022-07-06,24.96,24.46,25.125,24.41,458782
2022-07-07,24.64,24.95,24.98,24.52,3016281
2022-07-08,24.95,25.03,25.37,24.37,971396
2022-07-11,24.92,24.72,25.0,24.42,1005002
2022-07-12,24.76,24.9,25.09,24.49,1032376
2022-07-13,24.58,25.11,25.335,24.55,662684
2022-07-14,24.86,24.61,25.17,24.38,735231
2022-07-15,25.12,24.97,25.29,24.905,1205776
2022-07-18,25.2,25.55,25.745,25.2,1063887
2022-07-19,25.76,26.33,26.4,25.01,953185
2022-07-20,26.14,26.02,26.41,25.89,618051
2022-07-21,25.72,25.4,25.86,25.01,808383
2022-07-22,25.26,25.63,26.16,25.11,1212265
2022-07-25,25.55,24.87,25.55,24.75,751700
2022-07-26,24.9,25.0,25.12,24.8,1038506
2022-07-27,25.1,25.46,25.47,24.95,696775
2022-07-28,25.42,26.08,26.1,25.18,929748
2022-07-29,26.1,25.91,26.36,25.69,940129
2022-08-01,25.9,26.01,26.215,25.8,726440
2022-08-02,25.93,26.16,26.42,25.47,610150
2022-08-03,26.22,26.45,26.59,26.16,679487
2022-08-04,26.55,26.0,26.68,25.9,960874
2022-08-05,25.54,26.64,26.65,25.34,1334069
2022-08-08,26.86,26.94,27.345,26.8,1251990
2022-08-09,27.04,26.15,27.04,25.86,1598192
2022-08-10,26.53,26.99,27.18,26.33,908959
2022-08-11,27.41,26.98,27.68,26.95,1196238
2022-08-12,27.04,27.18,27.24,26.88,1439853
2022-08-15,26.96,27.41,27.44,26.805,698715
2022-08-16,27.59,27.77,28.11,27.37,910332
2022-08-17,27.37,26.32,27.37,26.31,705525
2022-08-18,26.23,26.16,26.24,25.79,461680
2022-08-19,25.93,25.99,26.16,25.765,374293
2022-08-22,25.72,25.69,26.16,25.53,623732
2022-08-23,25.73,26.28,26.41,25.73,626827
2022-08-24,26.38,27.14,27.33,26.25,863283
2022-08-25,27.37,27.1,27.37,26.89,444675
2022-08-26,27.1,26.58,27.21,26.33,454117
2022-08-29,26.38,26.35,26.73,26.26,404702
2022-08-30,26.4,25.99,26.42,25.69,753583
2022-08-31,25.99,25.76,26.16,25.58,819186
2022-09-01,26.13,26.0,26.13,25.2,1130264
2022-09-02,26.18,25.92,27.13,25.8,964032
2022-09-06,25.98,25.94,26.329,25.685,1004332
2022-09-07,26.0,26.63,26.67,25.92,675381
2022-09-08,26.59,26.99,27.22,26.35,934979
2022-09-09,26.97,26.62,27.15,26.35,647291
2022-09-12,26.6,25.93,26.76,25.86,763205
2022-09-13,25.1,25.2,25.65,25.01,1222567
2022-09-14,25.32,25.32,25.48,24.75,945250
2022-09-15,25.08,24.81,25.43,24.61,963684
2022-09-16,24.34,24.26,24.4,23.92,2047088
2022-09-19,23.85,24.35,24.52,23.85,1009885
2022-09-20,24.01,24.06,24.25,23.73,733602
2022-09-21,24.26,23.29,24.33,23.275,965348
2022-09-22,23.02,22.61,23.5086,22.6,851110
2022-09-23,22.25,22.57,22.79,22.1666,1107955
2022-09-26,22.41,21.31,22.6,21.06,1791480
2022-09-27,21.51,22.22,22.35,21.425,1491695
2022-09-28,23.68,24.16,24.25,23.59,8257020
2022-09-29,23.79,23.18,23.96,23.06,4798807
2022-09-30,23.07,23.43,23.82,22.89,36416956
2022-10-03,23.225,23.95,24.285,22.27,3023929
2022-10-04,24.42,25.33,25.69,24.42,2932086
2022-10-05,24.83,24.44,25.13,24.07,1829895
2022-10-06,24.37,24.09,24.74,23.88,1684186
2022-10-07,23.93,23.02,23.95,23.0,1472050
2022-10-10,23.18,22.74,23.19,22.47,1663142
2022-10-11,22.56,22.69,23.28,21.87,1432733
2022-10-12,22.8,22.0,22.895,21.99,1383583
2022-10-13,21.79,22.65,22.77,21.39,1573643
2022-10-14,23.03,22.23,23.14,22.21,860841
2022-10-17,22.92,23.05,23.305,22.69,1784766
2022-10-18,23.57,23.46,23.6,22.97,1932938
2022-10-19,23.18,23.0,23.39,22.74,1261998
2022-10-20,22.92,22.85,23.34,22.66,1167180
2022-10-21,22.7,22.02,22.86,21.9,1785275
2022-10-24,21.98,21.62,22.11,21.35,1386894
2022-10-25,21.77,22.64,22.73,21.62,1127431
2022-10-26,22.69,22.48,23.17,22.41,1238885
2022-10-27,22.74,22.5,23.18,22.405,1228554
2022-10-28,22.57,23.48,23.48,22.36,1078046
2022-10-31,23.42,23.42,23.64,23.19,1221421
2022-11-01,24.08,23.24,24.08,23.02,1461483
2022-11-02,23.17,23.01,23.47,22.54,1751794
2022-11-03,22.52,21.3,22.8,21.275,1325362
2022-11-04,21.33,21.33,21.65,20.825,1378118
2022-11-07,21.58,21.75,21.84,21.21,929369
2022-11-08,21.95,22.21,22.91,21.7,1261696
2022-11-09,21.96,22.09,22.21,21.68,717348
2022-11-10,23.1,24.0,24.09,22.55,1215189
2022-11-11,24.12,24.37,24.635,23.99,780954
2022-11-14,24.33,24.98,25.87,24.2,2197617
2022-11-15,25.39,25.67,26.3,25.39,1439608
2022-11-16,25.64,24.81,25.77,24.4214,1748911
2022-11-17,24.38,24.59,24.64,23.59,1385427
2022-11-18,24.91,24.97,25.155,24.4,1015187
2022-11-21,25.01,24.29,25.13,24.2,779539
2022-11-22,24.4,24.97,25.04,24.2,837092
2022-11-23,24.83,24.99,25.23,24.34,545675
2022-11-25,24.83,25.58,25.67,24.75,279683
2022-11-28,25.15,25.15,25.42,24.84,945513
2022-11-29,25.19,24.98,25.34,24.67,622234
2022-11-30,24.81,25.77,25.85,24.755,1441369
2022-12-01,25.8,26.08,26.25,25.72,625516
2022-12-02,25.79,26.62,26.71,25.54,782497
2022-12-05,26.41,25.6,26.53,25.58,655453
2022-12-06,25.42,25.36,25.56,24.84,1115881
2022-12-07,25.23,25.23,25.63,24.62,1357845
2022-12-08,25.32,24.97,25.52,24.87,673090
2022-12-09,24.63,24.79,25.1,24.58,468130
2022-12-12,24.92,25.21,25.23,24.82,595928
2022-12-13,25.9,25.57,26.2925,25.47,792176
2022-12-14,25.31,24.96,25.63,24.78,908596
2022-12-15,24.64,24.17,24.64,24.025,1124007
2022-12-16,23.94,24.15,24.35,23.69,2866957
2022-12-19,24.06,24.14,24.46,23.84,940026
2022-12-20,24.14,24.2,24.31,23.87,904383
2022-12-21,24.48,24.69,24.8,24.395,797142
2022-12-22,24.49,24.5,24.59,24.06,782312
2022-12-23,24.38,24.69,24.865,24.38,528962
2022-12-27,24.6,25.12,25.52,24.485,791661
2022-12-28,25.11,24.58,25.81,24.56,675544
2022-12-29,24.73,25.67,25.72,24.73,607563
2022-12-30,25.46,25.48,25.7,25.04,990716
2023-01-03,25.79,25.22,26.15,25.155,1000393
2023-01-04,25.61,26.01,26.135,25.52,611958
2023-01-05,26.1,26.4,26.545,25.85,603839
2023-01-06,26.76,26.82,27.05,26.62,705136
2023-01-09,27.12,27.13,27.46,26.825,842298
2023-01-10,26.85,27.6,27.61,26.85,705183
2023-01-11,27.6,27.91,28.035,27.26,1101690
2023-01-12,27.98,28.16,28.21,27.81,787696
2023-01-13,28.11,27.98,28.24,27.75,1300612
2023-01-17,27.8,28.47,28.66,27.61,884912
2023-01-18,28.42,28.33,28.64,27.95,989058
2023-01-19,28.11,28.5,28.55,27.79,923599
2023-01-20,28.58,28.76,29.09,28.22,1306911
2023-01-23,28.82,29.42,29.45,28.66,1453986
2023-01-24,29.26,29.2,29.6,28.98,1169935
2023-01-25,29.28,28.85,29.28,28.535,1267385
2023-01-26,29.12,28.96,29.26,28.72,870195
2023-01-27,28.89,29.61,29.62,28.84,776562
2023-01-30,29.4,29.27,29.52,29.02,529118
2023-01-31,29.3,29.61,29.66,29.28,1238932
2023-02-01,29.6,30.22,30.31,29.38,1087840
2023-02-02,30.55,30.54,30.83,30.265,1164380
2023-02-03,30.21,30.27,30.53,29.92,945464
2023-02-06,30.0,30.01,30.16,29.82,571129
2023-02-07,29.95,29.98,30.15,29.78,568494
2023-02-08,29.85,29.32,29.9275,29.19,956962
2023-02-09,29.57,28.63,29.64,28.35,888172
2023-02-10,28.63,28.55,28.6543,28.23,898175
2023-02-13,28.56,28.42,28.715,28.16,1082361
2023-02-14,28.39,28.49,28.63,28.11,818945
2023-02-15,28.26,28.68,28.91,28.17,1502736
2023-02-16,28.28,28.42,28.66,27.92,2275256
2023-02-17,28.41,27.99,28.53,27.88,1537378
2023-02-21,27.68,27.42,28.46,27.36,1023445
2023-02-22,27.54,27.81,28.07,27.45,1292519
2023-02-23,27.76,28.0,28.055,27.39,992308
2023-02-24,27.62,26.3,27.72,25.0,4328935
2023-02-27,28.17,27.61,28.28,27.42,2394413
2023-02-28,27.5,27.36,28.05,27.31,2053959
2023-03-01,27.2,27.63,27.77,27.1,1203642
2023-03-02,27.32,26.87,27.49,26.6,1750325
2023-03-03,27.09,27.45,27.51,26.945,872622
2023-03-06,27.41,27.26,27.6799,27.19,1537987
2023-03-07,27.26,26.71,27.46,26.59,1068545
2023-03-08,26.76,26.73,27.16,26.49,744746
2023-03-09,26.95,25.63,26.95,25.57,1216867
2023-03-10,25.56,24.34,25.61,24.24,1773916
2023-03-13,23.81,23.73,24.0,23.14,2431743
2023-03-14,24.05,24.36,24.47,24.0,1591698
2023-03-15,23.83,23.98,24.77,23.49,1959252
2023-03-16,23.81,23.68,24.11,23.24,2571782
2023-03-17,23.49,23.05,23.93,22.85,3058570
2023-03-20,23.33,23.37,23.6699,23.23,1406937
2023-03-21,23.62,23.49,23.9185,23.45,761859
2023-03-22,23.43,22.96,23.65,22.92,1481810
2023-03-23,23.01,23.56,23.82,22.94,1251316
2023-03-24,23.9,23.57,23.9,22.98,1122118
2023-03-27,22.45,21.47,22.67,21.05,7840673
2023-03-28,21.29,20.53,21.355,20.3,3424070
2023-03-29,20.76,21.31,21.46,20.58,2209568
2023-03-30,21.86,21.92,22.54,21.795,1991478
2023-03-31,21.94,22.77,22.85,21.76,2453277
2023-04-03,22.76,22.29,23.16,22.13,1414357
2023-04-04,22.29,21.73,22.35,21.285,1920086
2023-04-05,21.71,21.83,21.9,21.37,1036235
2023-04-06,21.87,22.05,22.08,21.61,1024380
2023-04-10,21.86,22.22,22.22,21.86,1046423
2023-04-11,22.21,22.37,22.59,22.18,836009
2023-04-12,22.67,21.95,22.69,21.93,1410607
2023-04-13,22.03,22.39,22.61,21.985,1302392
2023-04-14,22.44,21.56,22.5225,21.13,1458144
2023-04-17,21.59,21.63,21.88,21.385,887519
2023-04-18,21.63,21.15,21.7,20.93,1272877
2023-04-19,21.14,21.14,21.635,21.03,1276691
2023-04-20,20.92,20.75,21.05,20.52,1767614
2023-04-21,20.78,20.92,20.935,20.55,1069103
2023-04-24,20.85,21.57,21.6,20.85,1620439
2023-04-25,21.44,21.54,21.61,21.22,1627051
2023-04-26,21.48,21.16,21.85,21.03,978599
2023-04-27,21.37,21.89,21.915,21.37,1294487
2023-04-28,21.8,22.54,22.61,21.8,1433946
2023-05-01,22.56,22.76,23.0,22.54,1094519
2023-05-02,22.59,22.25,22.68,21.98,1023862
2023-05-03,22.43,22.01,22.655,21.96,1265853
2023-05-04,22.01,21.48,22.17,21.42,2279530
2023-05-05,19.91,19.68,20.4,18.58,7672233
2023-05-08,19.66,18.73,19.88,18.465,3345527
2023-05-09,18.62,18.37,18.83,18.04,2650041
2023-05-10,18.59,18.57,18.68,18.09,2420264
2023-05-11,18.63,18.91,19.03,18.43,1593804
2023-05-12,18.94,18.61,19.07,17.93,2293983
2023-05-15,18.61,18.45,18.87,18.31,2113289
2023-05-16,18.27,17.25,18.3,17.23,3013365
2023-05-17,17.5,17.59,17.83,17.1,3039377
2023-05-18,17.44,17.48,17.51,17.06,3594586
2023-05-19,17.57,16.8,17.57,16.6,3542316
2023-05-22,16.85,16.23,16.8675,16.14,3206609
2023-05-23,16.14,16.26,16.35,15.505,5621653
2023-05-24,16.12,15.6,16.12,15.175,4785705
2023-05-25,15.39,15.35,15.655,14.97,3230391
2023-05-26,15.4,15.53,15.78,15.14,3145771
2023-05-30,15.48,15.96,16.04,15.29,3692081
2023-05-31,15.82,14.88,15.86,14.84,2938195
2023-06-01,14.84,14.795,15.0,14.5,2611861
2023-06-02,14.83,15.17,15.3,14.495,3887472
2023-06-05,15.08,15.41,15.77,15.08,2489347
2023-06-06,15.38,15.63,15.68,15.13,1735507
2023-06-07,15.82,16.65,16.75,15.63,2517626
2023-06-08,16.65,16.53,16.78,16.09,2209799
2023-06-09,16.58,16.74,16.91,16.2,2468868
2023-06-12,16.76,17.17,17.455,16.61,3141909
2023-06-13,17.29,18.49,18.8,17.19,4741721
2023-06-14,18.6,17.73,18.68,17.69,2112200
2023-06-15,17.64,17.52,17.74,17.46,1298792
2023-06-16,17.63,17.57,17.79,17.465,2096792
2023-06-20,17.46,17.27,17.46,16.875,1794245
2023-06-21,17.13,16.47,17.28,16.41,2395098
2023-06-22,16.42,15.68,16.42,15.645,2635937
2023-06-23,15.56,15.51,15.99,15.47,3956664
2023-06-26,15.51,16.21,16.27,15.51,1673724
2023-06-27,16.74,17.53,17.665,16.3,2516277
2023-06-28,17.47,17.59,17.66,17.07,2119136
2023-06-29,17.49,18.02,18.03,17.355,1622123
2023-06-30,18.19,18.64,18.98,18.01,2945265
2023-07-03,18.68,18.24,18.82,18.145,837664
2023-07-05,18.11,18.04,18.37,17.78,1295574
2023-07-06,17.79,17.7,17.91,17.095,1381435
2023-07-07,17.8,18.19,18.5,17.77,1666140
2023-07-10,18.0,17.31,18.32,17.07,2820376
2023-07-11,17.44,18.07,18.1,17.44,2898470
2023-07-12,18.35,17.41,18.5,17.38,2688374
2023-07-13,17.39,16.24,17.41,16.08,3840986
2023-07-14,15.98,14.31,16.03,13.24,9527313
2023-07-17,13.915,12.05,13.935,11.6501,12063149
2023-07-18,12.36,12.1,12.85,12.05,8830016
2023-07-19,13.87,15.28,15.305,13.56,12781172
2023-07-20,15.35,16.7,16.86,15.35,9163664
2023-07-21,16.85,16.77,16.86,16.16,4108846
2023-07-24,16.85,17.18,17.58,16.78,3162441
2023-07-25,17.14,17.43,17.485,16.77,3586258
2023-07-26,17.4,16.95,17.48,16.71,2897062
2023-07-27,16.97,17.0,17.75,16.97,2592547
2023-07-28,17.21,17.21,17.69,17.04,2040030
2023-07-31,17.22,18.21,18.23,17.22,2274297
2023-08-01,18.15,18.64,18.67,17.88,2328875
2023-08-02,18.22,18.1,18.74,18.0101,2790779
2023-08-03,18.03,17.8,18.1793,17.25,3000943
2023-08-04,17.8,17.9,19.16,17.44,4288265
2023-08-07,17.78,17.69,17.95,17.06,2647167
2023-08-08,17.56,18.12,18.175,17.35,1936121
2023-08-09,18.15,18.15,18.35,17.74,1676916
2023-08-10,18.48,18.61,18.8399,18.2,2208085
2023-08-11,18.55,18.39,18.8195,18.34,1952273
2023-08-14,18.18,17.58,18.42,17.55,1952614
2023-08-15,17.25,16.53,17.2763,16.18,2963081
2023-08-16,16.31,16.16,16.81,16.15,2054907
2023-08-17,16.17,16.42,16.78,16.17,2122119
2023-08-18,16.2,15.46,16.37,15.225,2949036
2023-08-21,15.47,15.41,15.74,15.35,1741992
2023-08-22,15.31,15.15,15.34,14.985,3406172
2023-08-23,15.13,15.55,15.68,14.98,1999104
2023-08-24,15.5,15.05,15.685,15.015,1299941
2023-08-25,15.25,15.24,15.75,15.23,1436842
2023-08-28,15.3,15.1,15.62,14.84,1643417
2023-08-29,15.28,16.2,16.22,15.2096,2652549
2023-08-30,16.19,15.84,16.24,15.54,1402873
2023-08-31,16.01,16.02,16.31,15.85,1612921
2023-09-01,16.02,16.31,16.365,16.0,2059245
2023-09-05,15.99,15.98,16.41,15.57,2211893
2023-09-06,15.94,16.06,16.1,15.22,2919992
2023-09-07,15.89,14.94,16.05,14.85,3631252
2023-09-08,15.0,14.83,15.14,14.605,1872876
2023-09-11,14.74,14.74,14.74,14.74,100
2023-09-12,14.46,14.55,14.98,14.3862,1537692
2023-09-13,14.55,14.45,14.625,14.09,2179763
2023-09-14,14.83,15.45,15.678,14.815,4112365
2023-09-15,15.27,14.58,15.27,14.55,6084063
2023-09-18,14.58,14.89,15.115,14.36,2452042
2023-09-19,14.92,15.13,15.28,14.8,2034354
2023-09-20,16.0,15.77,16.33,15.685,2531685
2023-09-21,15.51,15.9,16.095,15.37,3527746
2023-09-22,15.97,15.6,16.0,15.405,2486682
2023-09-25,15.4,15.28,15.45,15.11,1520575
2023-09-26,15.08,14.67,15.15,14.51,2486448
2023-09-27,14.67,15.2,15.295,14.655,2263157
2023-09-28,15.22,15.26,15.34,14.975,1702434
2023-09-29,15.5,15.65,15.92,15.395,2430916
2023-10-02,15.57,14.77,15.79,14.56,3529404
2023-10-03,14.5,14.2,14.685,13.72,3233406
2023-10-04,14.18,14.06,14.425,13.665,2246013
2023-10-05,14.28,15.15,15.16,14.215,2781249
2023-10-06,14.9,15.24,15.5,14.6,2562069
2023-10-09,15.2,15.95,16.03,14.97,1980012
2023-10-10,15.68,15.97,16.42,15.68,1621690
2023-10-11,15.97,16.63,16.65,15.93,2483954
2023-10-12,16.62,16.75,16.785,16.15,2454336
2023-10-13,17.09,16.61,17.45,16.375,2384186
2023-10-16,16.69,17.16,17.27,16.69,2203847
2023-10-17,16.97,17.97,18.595,16.925,9073435
2023-10-18,18.26,18.94,19.09,18.08,8045818
2023-10-19,18.9,18.78,19.04,18.43,4209772
2023-10-20,18.76,18.38,19.128,18.34,2342339
2023-10-23,18.38,16.93,18.38,16.89,3119300
2023-10-24,16.93,17.26,17.64,16.86,3273833
2023-10-25,16.98,16.41,17.0699,16.3,2397021
2023-10-26,16.29,17.45,17.565,16.29,2172272
2023-10-27,17.31,16.61,17.4,16.58,2329531
2023-10-30,17.0,17.93,17.945,16.978,2437966
2023-10-31,18.07,17.92,18.545,17.85,3670583
2023-11-01,18.0,17.25,18.5894,16.3,5064689
2023-11-02,17.57,19.13,19.38,17.5101,3323745
2023-11-03,19.54,20.64,20.79,19.54,4011978
2023-11-06,20.51,20.31,21.11,20.12,2385716
2023-11-07,20.16,20.22,20.69,19.95,2686979
2023-11-08,20.31,19.98,20.31,19.66,1478380
2023-11-09,20.07,19.26,20.07,19.13,1465079
2023-11-10,19.26,19.39,19.91,18.4312,1541800
2023-11-13,19.22,19.23,19.7,18.916,1044604
2023-11-14,20.44,20.74,21.38,20.34,2468976
2023-11-15,20.46,21.4,21.43,20.41,1741087
2023-11-16,21.35,21.0,21.38,20.525,1104162
2023-11-17,21.49,20.91,21.49,20.64,1277233
2023-11-20,20.69,21.34,21.57,20.62,986636
2023-11-21,21.31,20.9,21.31,20.86,1314371
2023-11-22,21.11,20.92,21.32,20.78,1407202
2023-11-24,20.94,21.41,21.65,20.91,557002
2023-11-27,21.43,20.9,21.43,20.89,1306490
2023-11-28,20.79,21.13,21.375,20.42,1111296
2023-11-29,21.45,21.81,21.99,21.2,1660551
2023-11-30,21.83,21.89,22.04,21.5,1551679
2023-12-01,21.99,22.35,22.43,21.48,1541092
2023-12-04,22.44,23.65,24.0,22.37,3463017
2023-12-05,23.49,22.31,23.49,22.055,2354690
2023-12-06,22.42,22.25,22.83,22.11,1058286
2023-12-07,22.15,23.09,23.12,22.15,1018062
2023-12-08,23.09,23.34,23.64,22.94,1400144
2023-12-11,23.15,22.85,23.23,22.175,1343223
2023-12-12,22.91,22.32,22.91,22.17,1121173
2023-12-13,22.33,23.56,23.77,22.1172,1721490
2023-12-14,24.42,24.55,25.28,24.0,3579732
2023-12-15,24.82,24.79,25.04,24.09,3584512
2023-12-18,24.4,24.18,24.61,24.04,1511027
2023-12-19,24.35,23.56,24.565,23.39,2109499
2023-12-20,23.37,23.49,24.11,23.37,1382490
2023-12-21,23.82,24.09,24.1,23.735,1190820
2023-12-22,24.2,24.34,24.74,23.9,1243813
2023-12-26,24.46,24.77,24.96,24.365,1123387
2023-12-27,24.84,24.8,24.84,24.04,1038936
2023-12-28,24.79,25.52,25.73,24.79,1147033
2023-12-29,25.32,25.34,25.555,25.12,945264
2024-01-02,25.0,25.82,25.89,24.89,1247767
2024-01-03,25.22,24.49,25.57,24.42,2066913
2024-01-04,24.91,24.17,24.91,23.98,2190396
2024-01-05,23.93,24.67,25.19,23.872,2639573
2024-01-08,24.45,24.66,24.67,23.835,1309135
2024-01-09,24.37,24.16,24.74,23.965,1389932
2024-01-10,24.04,23.94,24.07,23.4,1578155
2024-01-11,23.81,22.4,24.02,22.33,2585841
2024-01-12,22.69,22.92,23.55,22.49,1926589
2024-01-16,22.34,22.53,22.92,22.05,1794765
2024-01-17,22.05,21.89,22.42,21.685,2353620
2024-01-18,22.03,22.07,22.09,21.72,1745423
2024-01-19,21.99,22.48,22.5,21.66,1360456
2024-01-22,22.83,23.95,24.04,22.485,2429722
2024-01-23,24.48,24.05,24.77,23.55,1343879
2024-01-24,24.45,23.77,24.45,23.585,1108682
2024-01-25,24.0,24.58,24.58,23.845,1367137
2024-01-26,24.22,24.8,25.1,24.22,1798208
2024-01-29,24.7,25.34,25.585,24.33,1437189
2024-01-30,25.14,25.39,25.64,25.14,951676
2024-01-31,25.1,24.63,25.5,24.61,991524
2024-02-01,25.24,24.69,25.24,24.27,976602
2024-02-02,24.16,24.11,24.4,23.705,1098222
2024-02-05,23.7,24.14,24.81,23.7,1671442
2024-02-06,24.03,24.14,24.305,23.95,1675828
2024-02-07,24.03,23.8,24.075,23.515,1303707
2024-02-08,23.59,22.885,23.59,22.845,1460956
2024-02-09,22.71,22.58,23.47,22.52,2820972
2024-02-12,22.68,23.23,23.3,22.65,1876537
2024-02-13,22.25,22.24,22.9514,22.035,1974264
2024-02-14,22.54,22.21,22.67,22.18,1108016
2024-02-15,22.39,22.66,22.83,22.32,1018550
2024-02-16,22.28,22.19,22.55,21.912,1174492
2024-02-20,21.98,21.59,22.375,21.51,1719109
2024-02-21,21.59,21.58,21.66,21.32,1098325
2024-02-22,21.63,21.63,22.01,21.33,2549962
2024-02-23,22.74,22.13,22.74,20.51,5878302
2024-02-26,22.41,24.24,24.92,22.39,5773978
2024-02-27,24.53,23.94,24.78,23.51,1632258
2024-02-28,23.81,23.81,24.29,23.5,1337707
2024-02-29,23.96,23.68,24.025,23.56,1457126
2024-03-01,23.73,23.82,24.38,23.43,1366455
2024-03-04,23.76,23.5,23.785,23.17,1443089
2024-03-05,23.42,23.62,23.83,23.27,1547670
2024-03-06,23.84,23.97,24.01,23.48,1171506
2024-03-07,24.11,23.99,24.55,23.88,1654914
2024-03-08,24.1,24.58,24.98,24.1,1539692
2024-03-11,24.51,25.01,25.39,24.38,1652822
2024-03-12,25.26,24.56,25.275,24.375,1379896
2024-03-13,24.58,24.31,24.96,24.22,1125530
2024-03-14,24.21,23.53,24.27,23.4,1735963
2024-03-15,23.34,23.8,24.2,23.34,3380834
2024-03-18,23.89,23.58,24.442,23.56,1158176
2024-03-19,23.49,23.66,23.97,23.28,2671103
2024-03-20,23.65,23.51,23.76,22.55,2329933
2024-03-21,23.67,23.99,24.315,23.5,1270753
2024-03-22,24.0,23.36,24.1,23.08,2248263
2024-03-25,23.46,23.75,23.76,23.45,607009
2024-03-26,23.82,23.74,24.02,23.7,745435
2024-03-27,23.97,24.64,24.66,23.77,1088669
2024-03-28,24.61,24.5,24.82,24.245,959736
2024-04-01,24.59,23.93,24.59,23.83,1289741
2024-04-02,23.67,23.17,23.89,23.16,1343754
2024-04-03,23.11,24.22,24.29,23.06,1140294
2024-04-04,24.43,23.3,24.8,23.15,1671741
2024-04-05,23.09,22.74,23.485,22.62,1381878
2024-04-08,23.11,23.13,23.47,22.72,978609
2024-04-09,23.78,24.11,24.26,23.23,1207715
2024-04-10,23.5,23.51,23.52,22.71,2085649
2024-04-11,23.76,24.4,24.415,23.16,917320
2024-04-12,24.3,23.87,24.3,23.82,909850
2024-04-15,24.92,23.71,24.93,23.52,1978926
2024-04-16,23.67,23.68,24.055,23.03,1606565
2024-04-17,23.76,22.75,24.04,22.19,2092787
2024-04-18,22.75,22.57,23.47,22.54,1498799
2024-04-19,22.79,21.7,22.79,21.55,2557642
2024-04-22,21.84,21.8,22.11,21.31,1304064
2024-04-23,21.88,22.87,23.08,21.84,1463180
2024-04-24,22.78,22.86,22.925,21.855,1171289
2024-04-25,22.24,22.62,22.79,21.85,1248282
2024-04-26,22.54,22.93,23.31,22.25,893823
2024-04-29,23.08,23.6,23.645,23.08,983072
2024-04-30,23.22,23.14,23.76,23.11,1068618
2024-05-01,23.0,23.34,23.98,22.8,1494209
2024-05-02,23.7,24.0,24.0,23.235,1547692
2024-05-03,25.0,25.62,27.41,24.905,3240983
2024-05-06,25.57,26.29,26.77,25.56,2269547
2024-05-07,26.38,25.82,26.42,25.76,1807642
2024-05-08,25.55,25.36,26.03,25.28,1130115
2024-05-09,25.35,25.8,26.01,25.12,906892
2024-05-10,25.8,26.0,26.16,25.5,798111
2024-05-13,26.2,26.07,26.5,25.95,1096361
2024-05-14,26.42,26.14,26.56,25.96,1263048
2024-05-15,26.63,26.72,27.03,26.2,2393564
2024-05-16,26.6,26.74,26.82,26.14,1254268
2024-05-17,26.59,26.87,27.04,26.36,1309287
2024-05-20,26.98,27.05,27.27,26.445,1514659
2024-05-21,26.87,26.59,27.0,26.23,1255168
2024-05-22,26.52,26.53,26.855,26.03,944762
2024-05-23,26.58,26.07,26.58,25.75,1066783
2024-05-24,26.1,25.58,26.23,25.51,938781
2024-05-28,25.86,25.51,26.09,25.39,890664
2024-05-29,25.18,25.7,25.77,25.11,1231237
2024-05-30,25.96,26.72,26.74,25.85,878791
2024-05-31,26.9,26.66,27.16,26.61,1806864
2024-06-03,26.69,26.39,27.0,26.06,1145399
2024-06-04,26.18,25.99,26.25,25.92,870889
2024-06-05,26.08,26.41,26.69,25.96,820835
2024-06-06,26.25,26.18,26.42,25.95,579649
2024-06-07,25.81,26.09,26.26,25.68,1089289
2024-06-10,25.64,25.65,25.94,25.11,1141561
2024-06-11,25.46,25.29,25.47,25.14,973357
2024-06-12,25.87,25.62,26.47,25.53,1179455
2024-06-13,25.51,25.41,25.64,25.23,741247
2024-06-14,25.02,25.05,25.18,24.68,1093835
2024-06-17,25.05,24.71,25.11,24.57,893587
2024-06-18,24.71,25.13,25.2995,24.71,1181990
2024-06-20,25.13,24.91,25.61,24.78,1568707
2024-06-21,25.06,25.36,25.6,24.85,1979624
2024-06-24,25.36,25.03,25.65,24.89,1178837
2024-06-25,25.03,25.22,25.3,24.665,966998
2024-06-26,25.13,25.47,25.57,24.975,962061
2024-06-27,25.43,25.79,25.97,25.11,1279583
2024-06-28,25.81,26.18,26.25,25.61,2074483
2024-07-01,26.13,26.06,26.37,25.78,1048866
2024-07-02,26.15,26.07,26.24,25.825,1189091
2024-07-03,26.12,26.12,26.84,26.0,967112
2024-07-05,25.99,25.79,26.16,25.58,2476897
2024-07-08,26.01,25.61,26.14,25.4,1342797
2024-07-09,25.61,25.53,25.795,25.3,1062546
2024-07-10,25.59,25.64,25.875,25.37,913892
2024-07-11,26.0,26.74,26.81,25.7,1217191
2024-07-12,26.84,27.28,27.41,26.62,1296868
2024-07-15,27.38,28.02,28.16,27.37,2589720
2024-07-16,28.25,28.08,28.44,27.85,1470170
2024-07-17,27.76,27.59,28.07,27.42,1034427
2024-07-18,27.97,27.48,28.1,27.41,1095169
2024-07-19,27.23,26.73,27.355,26.635,1118068
2024-07-22,26.75,26.87,26.89,26.15,1044103
2024-07-23,26.83,27.15,27.3,26.595,912828
2024-07-24,27.12,27.45,27.93,27.0,2323389
2024-07-25,27.33,27.36,27.965,27.13,1799577
2024-07-26,27.81,28.01,28.11,27.68,1209548
2024-07-29,27.9,28.87,29.2,27.88,2369070
2024-07-30,29.05,28.61,29.08,28.345,1829149
2024-07-31,28.79,29.3,29.47,28.15,1798241
2024-08-01,29.34,28.87,29.43,28.49,2276449
2024-08-02,27.72,26.6,28.13,26.39,3493073
2024-08-05,25.65,26.03,26.17,24.43,3078985
2024-08-06,26.08,27.68,28.25,25.99,3574408
2024-08-07,28.12,27.43,28.38,27.4,2197843
2024-08-08,27.71,27.94,28.04,27.4,4584900
2024-08-09,28.0,28.03,28.06,27.45,2088162
2024-08-12,28.18,27.76,28.24,27.19,956913
2024-08-13,27.79,27.68,27.92,27.48,1775361
2024-08-14,27.75,27.8,28.0,27.6,1022408
2024-08-15,28.01,28.2,28.5,27.875,2680733
2024-08-16,28.08,28.38,28.64,28.08,1213835
2024-08-19,28.41,29.145,29.295,28.41,1623133
2024-08-20,29.16,29.18,29.37,28.86,1074718
2024-08-21,29.19,28.67,29.19,28.09,1096552
2024-08-22,28.77,27.72,28.77,27.665,821432
2024-08-23,27.98,28.62,29.03,27.88,1664900
2024-08-26,28.91,29.46,29.83,28.71,2205324
2024-08-27,29.25,28.95,29.61,28.925,980745
2024-08-28,28.75,28.44,28.91,28.225,761416
2024-08-29,28.45,28.51,28.86,28.29,1042810
2024-08-30,28.62,28.8,28.91,28.03,1316497
2024-09-03,28.54,28.04,29.0,27.951,1299119
2024-09-04,28.07,38.68,39.21,28.07,14982442
2024-09-05,35.0,35.0,35.53,34.96,34952221
2024-09-06,35.07,35.53,35.79,35.01,12498337
2024-09-09,35.63,35.77,35.86,35.31,3476755
2024-09-10,35.71,35.57,35.73,35.29,4377119
2024-09-11,35.55,36.03,36.04,35.51,4752559
2024-09-12,35.95,35.585,35.97,35.53,4435507
2024-09-13,35.62,36.44,36.5,35.62,3728992
2024-09-16,36.49,35.95,36.58,35.93,4548357
2024-09-17,35.96,35.65,36.2,35.49,2566895
2024-09-18,35.72,35.35,35.9,35.34,3280958
2024-09-19,35.73,35.39,35.83,35.16,7991092
2024-09-20,35.35,35.65,35.75,35.31,3500871
2024-09-23,35.73,35.73,35.835,35.47,3073025
2024-09-24,35.78,35.48,35.78,35.45,1500762
2024-09-25,35.65,35.52,35.65,35.305,2358975
2024-09-26,35.59,35.72,35.75,35.51,1468916
2024-09-27,35.72,35.71,35.85,35.71,2107540
2024-09-30,35.7,35.53,35.855,35.15,2562450
2024-10-01,35.53,35.38,35.58,35.3,2545551
2024-10-02,35.34,35.45,35.49,35.31,2236997
2024-10-03,35.4,35.42,35.5,35.36,2594875
2024-10-04,35.54,35.36,35.64,35.31,1351152
2024-10-07,35.35,35.32,35.47,35.3,1733533
2024-10-08,35.32,35.35,35.5,35.3,4034857
2024-10-09,35.37,35.26,35.445,35.26,1013755
2024-10-10,35.3,35.25,35.385,35.2,1426357
2024-10-11,35.3,35.25,35.4,35.19,947292
2024-10-14,35.25,35.25,35.37,35.23,1261446
2024-10-15,35.63,35.71,36.0,35.62,8826035
2024-10-16,35.71,35.96,36.1,35.7,3687467
2024-10-17,35.9,35.85,35.99,35.75,1815077
2024-10-18,35.81,35.7,35.91,35.68,2268568
2024-10-21,35.7,35.71,35.88,35.665,3390447
2024-10-22,35.76,35.55,35.8,35.31,3980970
2024-10-23,35.68,35.82,36.0,35.68,4493447
2024-10-24,35.88,36.15,36.2,35.78,3037251
2024-10-25,36.01,36.01,36.34,35.99,3276539
2024-10-28,35.86,35.83,35.93,35.63,2376237
2024-10-29,35.8,35.89,36.01,35.74,2375606
2024-10-30,35.89,35.93,35.98,35.77,1004859
2024-10-31,35.98,35.73,36.04,35.73,1559878
2024-11-01,35.85,36.14,36.185,35.55,3245121
2024-11-04,36.19,35.41,36.25,35.13,6337074
2024-11-05,35.39,34.95,35.47,34.93,3104257
2024-11-06,35.13,35.07,35.34,34.84,4466059
2024-11-07,35.07,34.83,35.1,34.76,2252408
2024-11-08,34.44,34.5,34.615,34.13,3812393
2024-11-11,34.7,34.39,34.7,34.18,2198315
2024-11-12,34.28,34.15,34.32,33.715,5112735
2024-11-13,34.24,34.67,35.25,34.075,15054777
2024-11-14,34.7,34.75,34.9,34.645,5733229
2024-11-15,34.71,34.86,34.9,34.71,4188185
2024-11-18,34.83,34.93,34.94,34.81,2212599
2024-11-19,34.83,34.75,34.905,34.74,1638173
2024-11-20,34.65,34.7,34.765,34.61,2306313
2024-11-21,34.72,34.8,34.88,34.65,2453257
2024-11-22,34.85,34.87,34.9,34.72,2741849
2024-11-25,34.89,34.88,34.92,34.825,3484743
2024-11-26,34.87,34.84,34.96,34.805,1111571
2024-11-27,34.82,34.78,34.88,34.75,995629
2024-11-29,34.82,34.81,34.87,34.76,1002354
2024-12-02,34.72,34.72,34.81,34.67,2543790
2024-12-03,34.77,34.47,34.8,34.43,4416922
2024-12-04,34.46,34.49,34.56,34.4,1904305
2024-12-05,34.49,34.52,34.62,34.39,2911404
2024-12-06,34.46,34.64,34.71,34.46,1676668
2024-12-09,34.55,34.59,34.695,34.55,2730931
2024-12-10,34.59,34.63,34.7,34.515,2988905
2024-12-11,34.59,34.64,34.7,34.52,4086005
2024-12-12,34.73,34.66,34.75,34.59,1527756
2024-12-13,34.7,34.65,34.76,34.63,4246617
2024-12-16,34.64,34.76,34.82,34.6,4461768
2024-12-17,34.75,34.83,34.86,34.745,3607450
2024-12-18,34.85,34.66,34.9,34.655,4701260
2024-12-19,34.7,34.75,34.81,34.7,2303766
2024-12-20,34.7,34.65,34.805,34.6,4335266
2024-12-23,34.68,34.78,34.78,34.65,1580483
2024-12-24,34.78,34.77,34.8,34.75,1102571
2024-12-26,34.76,34.85,34.88,34.76,1381945
2024-12-27,34.78,34.64,34.86,34.605,2535373
2024-12-30,34.65,34.7,34.75,34.61,1721025
2024-12-31,34.75,34.7,34.8075,34.7,1533757
2025-01-02,34.85,34.83,34.85,34.71,1950549
2025-01-03,34.92,35.06,35.06,34.84,3461189
2025-01-06,35.05,35.1,35.255,35.005,4804103
2025-01-07,35.1,35.17,35.17,35.095,2833691
2025-01-08,35.15,35.31,35.31,35.13,2590344
2025-01-10,35.15,35.1,35.26,35.09,3733267
2025-01-13,35.1,35.33,35.37,35.05,2446873
2025-01-14,35.46,35.53,35.585,35.37,3654968
2025-01-15,35.76,35.51,35.79,35.5,3291869
2025-01-16,35.53,35.5,35.645,35.5,2405686
2025-01-17,35.63,35.64,35.69,35.55,3371813
2025-01-21,35.65,35.74,35.76,35.65,2760883
2025-01-22,35.75,35.75,35.805,35.74,1865877
2025-01-23,35.8,35.79,35.8,35.74,1950477
2025-01-24,35.85,35.8,35.89,35.76,2698305
2025-01-27,35.83,35.76,35.88,35.75,1879428
2025-01-28,35.8,35.76,35.86,35.76,1640925
2025-01-29,35.84,35.8,35.85,35.79,2266828
2025-01-30,35.86,35.8,35.91,35.775,1555903
2025-01-31,35.83,35.76,35.855,35.75,2109784
2025-02-03,35.75,35.76,35.85,35.63,3116568
2025-02-04,35.76,35.83,35.84,35.76,1444078
2025-02-05,35.85,35.79,35.85,35.78,1602783
2025-02-06,35.8,35.8,35.845,35.77,1365348
2025-02-07,35.83,35.79,35.83,35.745,1068417
2025-02-10,35.83,35.81,35.86,35.77,1603513
2025-02-11,35.78,35.77,35.82,35.75,2008486
2025-02-12,35.72,35.72,35.79,35.67,3971203
2025-02-13,35.81,35.74,35.81,35.71,2327154
2025-02-14,35.74,35.73,35.8,35.72,2309924
2025-02-18,35.73,35.74,35.77,35.73,2221345
2025-02-19,35.79,35.7,35.79,35.69,2070431
2025-02-20,35.74,35.78,35.79,35.7,3552780
2025-02-21,35.71,35.78,35.82,35.7,2172263
2025-02-24,35.8,35.76,35.82,35.73,2708607
2025-02-25,35.8,35.86,35.895,35.76,2041859
2025-02-26,35.83,35.93,36.05,35.82,2133939
2025-02-27,35.95,35.76,36.03,35.75,2548856
2025-02-28,35.84,35.99,36.03,35.8,2317971
2025-03-03,35.99,36.0,36.055,35.95,1877302
2025-03-04,36.0,35.9,36.05,35.9,3448453
2025-03-05,35.91,36.03,36.055,35.91,1777750
2025-03-06,36.0,36.0,36.055,35.95,1700389
2025-03-07,36.05,36.05,36.16,36.0,1791572
2025-03-10,36.02,35.87,36.095,35.87,5114885
2025-03-11,35.98,35.91,36.0,35.89,4639330
2025-03-12,35.91,35.85,35.945,35.615,6127926
2025-03-13,35.84,35.84,35.91,35.83,3263932
2025-03-14,35.85,35.84,35.96,35.8,4053673
2025-03-17,35.85,35.76,35.92,35.75,6871603
2025-03-18,35.79,35.77,35.865,35.75,5003447
2025-03-19,35.85,35.77,35.85,35.75,5370100
2025-03-20,35.78,35.95,36.0,35.78,4058851
2025-03-21,35.93,35.79,35.99,35.6,8585983
2025-03-24,35.81,35.76,35.84,35.75,2991368
2025-03-25,35.75,35.75,35.835,35.71,1914545
2025-03-26,35.75,35.83,35.92,35.735,3765286
2025-03-27,35.85,35.91,35.96,35.85,4419076
2025-03-28,35.91,35.89,35.93,35.84,1854323
2025-03-31,35.89,35.86,35.94,35.85,2576440
2025-04-01,35.82,35.88,35.905,35.82,2980389
2025-04-02,35.88,36.05,36.05,35.81,2251951
2025-04-03,35.91,35.94,36.04,35.855,2280844
2025-04-04,35.752,35.64,35.905,35.63,5565797
2025-04-07,35.525,35.51,35.91,35.315,7294379
2025-04-08,35.75,35.54,35.91,35.52,3248994
2025-04-09,35.5,35.81,36.2,35.44,4438306
2025-04-10,35.8,35.94,35.96,35.62,3171631
2025-04-11,35.97,35.88,35.97,35.79,2329683
