2021-11-24,9.59,9.72,11.03,9.59,18547
2021-11-26,9.76,9.74,9.76,9.72,1350
2021-11-29,9.6939,9.69,9.715,9.69,4201
2021-11-30,9.68,9.68,9.68,9.68,10503
2021-12-01,9.69,9.69,9.7,9.69,4559
2021-12-02,NaN,9.69,NaN,NaN,84
2021-12-03,9.72,9.708,9.74,9.708,618
2021-12-06,10.17,9.7033,10.17,9.68,1683
2021-12-07,9.69,9.69,9.69,9.69,201
2021-12-08,9.705,9.69,9.72,9.69,21618
2021-12-09,9.68,9.68,9.68,9.68,750
2021-12-10,9.72,9.7,9.73,9.68,1126307
2021-12-13,9.69,9.69,9.7,9.69,25551
2021-12-14,NaN,9.69,NaN,NaN,1
2021-12-15,9.68,9.68,9.69,9.675,686603
2021-12-16,9.68,9.66,9.68,9.65,29415
2021-12-17,9.63,9.6498,9.68,9.625,144471
2021-12-20,9.65,9.65,9.66,9.625,29947
2021-12-21,9.63,9.64,9.67,9.63,36139
2021-12-22,9.65,9.65,9.65,9.65,32262
2021-12-23,9.6401,9.67,9.68,9.64,11372
2021-12-27,9.68,9.68,9.68,9.68,9162
2021-12-28,9.68,9.66,9.68,9.65,3486
2021-12-29,9.68,9.66,9.68,9.66,6434
2021-12-30,9.69,9.69,9.69,9.69,30026
2021-12-31,NaN,9.69,NaN,NaN,83
2022-01-03,9.675,9.68,9.69,9.675,57591
2022-01-04,9.68,9.68,9.68,9.665,18867
2022-01-05,NaN,9.68,NaN,NaN,11
2022-01-06,NaN,9.68,NaN,NaN,57
2022-01-07,9.66,9.7,9.7,9.66,35449
2022-01-10,9.68,9.68,9.68,9.68,18403
2022-01-11,9.68,9.66,9.7,9.66,369262
2022-01-12,9.68,9.66,9.68,9.66,58382
2022-01-13,9.69,9.66,9.69,9.66,566507
2022-01-14,9.64,9.65,9.65,9.63,6734
2022-01-18,9.64,9.62,9.64,9.62,4171
2022-01-19,9.65,9.63,9.65,9.62,17677
2022-01-20,9.66,9.66,9.66,9.66,343
2022-01-21,9.67,9.62,9.67,9.62,5218
2022-01-24,9.6,9.6172,9.64,9.6,15802
2022-01-25,9.6,9.6,9.6,9.6,2001
2022-01-27,9.6,9.64,9.64,9.6,5201
2022-01-28,9.63,9.63,9.63,9.63,200
2022-01-31,9.65,9.65,9.65,9.65,636
2022-02-02,9.62,9.62,9.62,9.62,221
2022-02-03,9.62,9.65,9.65,9.62,1089
2022-02-07,9.65,9.63,9.65,9.61,2640
2022-02-08,9.61,9.61,9.65,9.61,409621
2022-02-09,9.64,9.65,9.66,9.635,29909
2022-02-11,9.61,9.605,9.61,9.6,3237
2022-02-14,9.63,9.64,9.65,9.63,936
2022-02-15,9.62,9.6,9.64,9.6,12753
2022-02-16,9.6008,9.625,9.625,9.6008,1101
2022-02-17,9.6063,9.615,9.63,9.6,8744
2022-02-18,9.98,9.67,9.98,9.6,24300
2022-02-22,9.6192,9.638,9.64,9.61,29680
2022-02-23,9.79,9.65,9.79,9.61,468
2022-02-24,9.65,9.63,9.65,9.5628,6594
2022-02-25,9.63,9.64,9.64,9.5806,4258
2022-02-28,9.58,9.63,9.63,9.58,2918
2022-03-01,9.59,9.59,9.63,9.58,745
2022-03-02,9.61,9.63,9.63,9.6,53900
2022-03-03,9.62,9.63,9.63,9.61,13904
2022-03-04,9.6,9.63,9.63,9.6,3112
2022-03-08,9.62,9.62,9.62,9.62,50052
2022-03-09,9.64,9.64,9.64,9.63,150824
2022-03-10,9.64,9.64,9.64,9.64,697874
2022-03-15,9.62,9.62,9.64,9.615,23798
2022-03-16,9.65,9.63,9.65,9.63,400
2022-03-17,9.62,9.64,9.64,9.62,208222
2022-03-18,9.64,9.67,9.67,9.63,116141
2022-03-21,9.6285,9.67,9.67,9.6285,1807
2022-03-22,9.66,9.65,9.66,9.63,3204
2022-03-24,9.65,9.65,9.65,9.65,57886
2022-03-25,9.67,9.67,9.67,9.66,896
2022-03-28,9.66,9.66,9.66,9.66,965
2022-03-30,9.66,9.66,9.66,9.66,2694
2022-03-31,9.655,9.7,9.7,9.655,1547
2022-04-05,9.68,9.68,9.68,9.68,1847
2022-04-06,9.67,9.675,9.675,9.67,1917
2022-04-11,9.65,9.65,9.65,9.65,207
2022-04-12,9.67,9.66,9.68,9.66,849
2022-04-13,9.67,9.68,9.68,9.66,16195
2022-04-14,9.61,9.69,9.69,9.61,6406
2022-04-18,9.66,9.66,9.66,9.66,108
2022-04-19,9.68,9.67,9.68,9.67,889
2022-04-20,9.68,9.69,9.69,9.68,2290
2022-04-21,9.71,9.71,9.71,9.71,424
2022-04-25,9.72,9.72,9.72,9.72,392
2022-04-26,9.72,9.71,9.72,9.71,2491
2022-04-27,9.7,9.7,9.71,9.69,23084
2022-04-28,9.7,9.7,9.71,9.7,304671
2022-05-02,9.71,9.71,9.71,9.71,8026
2022-05-03,9.69,9.7,9.7,9.69,200
2022-05-04,9.7,9.71,9.71,9.7,209
2022-05-05,9.71,9.72,9.72,9.7,1589
2022-05-06,9.72,9.72,9.72,9.72,400
2022-05-10,9.69,9.63,9.69,9.63,10951
2022-05-11,9.65,9.64,9.65,9.64,8167
2022-05-16,9.67,9.67,9.67,9.67,200005
2022-05-27,9.665,9.66,9.665,9.66,188702
2022-05-31,9.64,9.62,9.64,9.62,3650
2022-06-02,9.66,9.66,9.66,9.66,260
2022-06-03,9.64,9.64,9.64,9.64,115
2022-06-06,9.65,9.65,9.65,9.64,8284
2022-06-14,9.69,9.62,9.69,9.62,3367
2022-06-15,9.69,9.69,9.69,9.69,50607
2022-06-17,9.69,9.69,9.69,9.69,19484
2022-06-21,9.68,9.68,9.68,9.68,686
2022-06-22,9.68,9.69,9.69,9.68,21606
2022-06-24,9.66,9.65,9.69,9.65,468
2022-06-27,9.64,9.65,9.65,9.64,301752
2022-06-29,9.64,9.63,9.65,9.63,750023
2022-06-30,9.65,9.61,9.69,9.6,3459187
2022-07-01,9.64,9.65,9.65,9.64,216
2022-07-05,9.63,9.65,9.65,9.63,289546
2022-07-06,9.63,9.65,9.65,9.63,400
2022-07-07,9.61,9.65,9.67,9.6,51018
2022-07-08,9.63,9.64,9.64,9.622,1751
2022-07-11,9.63,9.65,9.65,9.63,200
2022-07-12,9.64,9.65,9.65,9.62,2677
2022-07-13,9.61,9.64,9.67,9.61,2701
2022-07-14,9.67,9.64,9.67,9.62,7946
2022-07-15,9.64,9.635,9.649,9.635,4393
2022-07-18,9.66,9.64,9.67,9.62,23108
2022-07-19,9.66,9.66,9.66,9.6318,10201
2022-07-20,9.65,9.65,9.65,9.64,10409
2022-07-22,9.6501,9.65,9.6501,9.65,8323
2022-07-25,9.67,9.654,9.67,9.654,6714
2022-07-26,9.67,9.655,9.67,9.65,6800
2022-07-27,9.66,9.66,9.66,9.66,200
2022-07-28,9.67,9.67,9.67,9.67,212
2022-07-29,9.66,9.66,9.67,9.65,3009
2022-08-01,9.66,9.665,9.665,9.66,2919
2022-08-02,9.67,9.67,9.67,9.67,1839
2022-08-03,9.66,9.67,9.67,9.66,7767
2022-08-04,9.69,9.69,9.69,9.69,200
2022-08-05,9.68,9.68,9.68,9.68,200
2022-08-08,9.67,9.67,9.67,9.66,1400
2022-08-10,9.67,9.67,9.67,9.67,5314
2022-08-11,9.67,9.67,9.67,9.67,995
2022-08-12,9.67,9.67,9.67,9.67,1402
2022-08-17,9.68,9.68,9.68,9.68,600001
2022-08-19,9.69,9.69,9.69,9.69,980
2022-08-23,9.69,9.68,9.69,9.68,500306
2022-08-24,9.68,9.69,9.69,9.68,11177
2022-08-25,9.69,9.66,9.69,9.66,473
2022-08-26,9.66,9.69,9.69,9.66,2213
2022-08-29,9.68,9.68,9.68,9.68,300
2022-08-30,9.69,9.69,9.69,9.69,173
2022-09-01,9.69,9.69,9.69,9.69,202
2022-09-02,9.68,9.66,9.68,9.66,10805
2022-09-06,9.68,9.66,9.68,9.66,654
2022-09-07,9.7,9.7,9.7,9.68,130201
2022-09-08,9.7,9.71,9.71,9.7,16297
2022-09-09,9.71,9.7,9.71,9.7,18201
2022-09-12,9.6789,9.6789,9.6789,9.6789,1998
2022-09-13,9.7,9.7,9.7,9.7,6255
2022-09-14,9.7,9.7,9.7,9.695,5902
2022-09-16,9.72,9.695,9.72,9.695,3200
2022-09-19,9.7,9.72,9.72,9.7,4500
2022-09-20,9.6726,9.72,9.72,9.6726,15712
2022-09-21,9.73,9.72,9.73,9.71,13300
2022-09-22,9.72,9.71,9.72,9.71,6148
2022-09-23,9.72,9.66,9.72,9.66,39846
2022-09-26,9.67,9.66,9.67,9.66,72834
2022-09-30,9.7,9.7,9.705,9.68,127166
2022-10-03,9.69,9.69,9.715,9.69,23132
2022-10-04,9.68,9.7399,9.74,9.68,53124
2022-10-07,9.72,9.72,9.72,9.72,100
2022-10-11,9.73,9.725,9.73,9.725,86900
2022-10-13,9.73,9.74,9.75,9.73,150658
2022-10-14,9.71,9.7234,9.7234,9.71,2105
2022-10-17,9.74,9.75,9.75,9.74,910
2022-10-19,9.7234,9.7,9.75,9.7,15856
2022-10-24,9.75,9.8,9.8,9.72,5401
2022-10-25,9.77,9.75,9.78,9.75,398
2022-10-26,9.8,9.79,9.8,9.79,1204
2022-10-28,9.77,9.75,9.77,9.75,23843
2022-10-31,9.71,9.73,9.73,9.71,83948
2022-11-01,9.73,9.77,9.775,9.73,124499
2022-11-02,9.78,9.79,9.825,9.78,19423
2022-11-03,9.81,9.81,9.82,9.78,54070
2022-11-07,9.82,9.82,9.82,9.81,123005
2022-11-09,9.79,9.81,9.83,9.79,511690
2022-11-14,9.7608,9.7701,9.8,9.75,23255
2022-11-15,9.78,9.79,9.81,9.78,296318
2022-11-16,9.8,9.795,9.82,9.79,902533
2022-11-17,9.79,9.8,9.81,9.79,57944
2022-11-18,9.83,9.83,9.83,9.815,621
2022-11-21,9.81,9.81,9.81,9.81,114
2022-11-22,9.8,9.81,9.81,9.8,1900
2022-11-23,9.82,9.81,9.82,9.81,1305
2022-11-25,9.83,9.83,9.83,9.83,5877
2022-11-28,9.83,9.83,9.83,9.83,347
2022-11-29,9.83,9.84,9.84,9.83,7078
2022-11-30,9.88,9.88,9.88,9.88,302
2022-12-01,9.86,9.86,9.86,9.86,106
2022-12-02,9.9,9.92,9.92,9.9,456
2022-12-05,9.86,9.84,9.86,9.83,24863
2022-12-06,9.8301,9.83,9.855,9.83,11257
2022-12-07,9.8501,9.85,9.865,9.84,31472
2022-12-08,9.84,9.87,9.87,9.84,1827
2022-12-09,9.8662,9.85,9.8662,9.85,3259
2022-12-12,9.89,9.89,9.89,9.89,133
2022-12-13,9.89,9.84,9.92,9.84,1546
2022-12-14,9.84,9.88,9.89,9.84,10654
2022-12-15,9.88,9.88,9.88,9.88,380
2022-12-16,9.92,9.92,9.92,9.92,416
2022-12-19,9.91,9.84,9.91,9.84,11202
2022-12-20,9.81,9.84,9.84,9.81,2508
2022-12-21,9.84,9.86,9.86,9.83,805
2022-12-22,9.85,9.85,9.85,9.85,103
2022-12-23,9.85,9.88,9.9,9.85,8832
2022-12-27,9.905,9.905,9.905,9.905,105
2022-12-28,9.89,9.88,9.89,9.88,5599
2022-12-29,9.86,9.88,9.89,9.85,61169
2022-12-30,9.87,9.87,9.91,9.87,6900
2023-01-03,9.87,9.92,9.92,9.87,57988
2023-01-04,9.91,9.9336,9.95,9.9,15278
2023-01-05,9.93,9.93,9.945,9.93,1500555
2023-01-06,9.92,9.94,9.98,9.92,449741
2023-01-09,9.94,9.96,9.98,9.94,37319
2023-01-10,9.95,9.97,9.98,9.95,1252209
2023-01-11,10.0,9.97,10.0,9.97,11554
2023-01-12,10.45,9.955,10.45,9.955,8856
2023-01-13,9.94,9.94,9.94,9.93,12451
2023-01-17,9.95,9.97,9.97,9.95,2368
2023-01-18,9.97,9.97,9.98,9.97,229581
2023-01-19,9.98,9.98,9.99,9.98,12056
2023-01-20,9.99,9.98,9.99,9.96,4558
2023-01-23,9.98,9.98,9.98,9.97,2075
2023-01-24,9.97,9.98,9.985,9.97,7176
2023-01-25,9.97,9.98,10.0,9.97,12828
2023-01-26,10.01,9.98,10.01,9.98,2298
2023-01-27,10.0,9.98,10.0,9.97,14863
2023-01-30,9.98,9.99,9.99,9.98,40540
2023-01-31,9.9921,10.005,10.01,9.99,18593
2023-02-01,10.0,10.0,10.01,10.0,4130
2023-02-02,10.01,10.01,10.01,10.0,32158
2023-02-03,10.005,10.0,10.005,10.0,33380
2023-02-06,10.0,10.01,10.015,10.0,31924
2023-02-07,10.15,10.03,10.15,10.025,2268
2023-02-08,10.0,10.0353,10.0353,10.0,1885
2023-02-09,10.03,10.03,10.35,10.01,24325
2023-02-10,10.5,10.03,10.5,10.03,1445
2023-02-13,10.45,10.03,10.45,10.03,207975
2023-02-14,10.1,10.03,10.1,10.03,101687
2023-02-15,10.0489,10.03,10.065,10.03,3504
2023-02-16,10.07,10.03,10.07,10.02,16624
2023-02-22,10.0699,10.03,10.0699,10.03,944
2023-02-23,10.05,10.04,10.05,10.04,500
2023-02-24,10.03,10.05,10.05,10.03,1775
2023-02-27,10.06,10.06,10.06,10.06,1200
2023-02-28,10.06,10.03,10.06,10.03,1994
2023-03-01,10.06,10.05,10.3,10.05,9869
2023-03-02,10.07,10.06,10.07,10.06,1152
2023-03-03,10.06,10.06,10.57,10.06,60841
2023-03-06,10.11,10.09,10.12,10.09,2257
2023-03-07,10.09,10.0927,10.12,10.09,8867
2023-03-08,10.12,10.09,10.12,10.09,1461
2023-03-09,10.09,10.1,10.12,10.09,65077
2023-03-10,10.09,10.14,10.14,10.0,31283
2023-03-13,10.41,10.15,10.42,10.09,19160
2023-03-14,10.12,10.12,10.12,10.12,159
2023-03-15,10.13,10.095,10.13,10.09,5184
2023-03-16,10.1,10.09,10.1,10.08,102229
2023-03-17,10.11,10.1,10.11,10.09,27057
2023-03-22,10.15,10.09,10.15,10.09,1071
2023-03-23,10.11,10.1,10.11,10.1,859
2023-03-24,10.09,10.1,10.11,10.09,3984
2023-03-27,10.1,10.1,10.1,10.1,210
2023-03-28,10.1,10.1,10.1,10.1,3773
2023-03-29,10.1,10.105,10.11,10.1,68623
2023-03-31,10.14,10.1,10.14,10.1,1335
2023-04-03,10.11,10.1,10.11,10.1,11935
2023-04-04,10.12,10.11,10.12,10.11,1561
2023-04-05,10.1486,10.11,10.1486,10.11,10044
2023-04-06,10.1832,10.12,10.1832,10.11,103814
2023-04-10,10.4,10.12,10.4,10.12,803
2023-04-11,10.15,10.12,10.26,10.12,22825
2023-04-12,10.1227,10.1227,10.1227,10.1227,700
2023-04-14,10.13,10.265,10.265,10.13,5031
2023-04-17,10.1732,10.15,10.1732,10.15,421
2023-04-18,10.17,10.135,10.17,10.135,3352
2023-04-19,10.14,10.14,10.14,10.14,710
2023-04-20,10.18,10.14,10.18,10.13,16673
2023-04-21,10.12,10.1,10.12,10.1,2825
2023-04-24,10.11,10.11,10.11,10.11,7640
2023-04-25,10.11,10.1101,10.1478,10.11,23227
2023-04-26,10.115,10.13,10.13,10.11,38872
2023-05-01,10.14,10.15,10.25,10.13,2011971
2023-05-02,10.25,10.23,10.25,10.23,418
2023-05-03,10.18,10.15,10.18,10.15,6346
2023-05-08,10.15,10.16,10.16,10.15,1338
2023-05-09,10.151,10.172,10.172,10.15,4577
2023-05-10,10.1601,10.1604,10.1604,10.16,3731
2023-05-11,10.16,10.16,10.16,10.16,803
2023-05-12,10.16,10.16,10.17,10.16,6922
2023-05-15,10.16,10.1601,10.1601,10.16,14344
2023-05-16,10.1632,10.2,10.2,10.1632,3792
2023-05-17,10.16,10.1684,10.1684,10.16,19348
2023-05-18,10.16,10.16,10.16,10.16,17513
2023-05-19,10.16,10.16,10.16,10.16,2014
2023-05-22,10.17,10.165,10.17,10.16,159105
2023-05-24,10.18,10.18,10.18,10.18,929
2023-05-25,10.18,10.18,10.18,10.18,257
2023-05-26,10.19,10.18,10.2,10.18,29300
2023-05-30,10.19,10.19,10.19,10.18,8168
2023-05-31,10.2,10.2,10.22,10.1901,9647
2023-06-02,10.22,10.22,10.22,10.22,311
2023-06-05,10.21,10.23,10.23,10.21,7716
2023-06-06,10.23,10.22,10.23,10.22,1301
2023-06-08,10.235,10.22,10.25,10.22,6317
2023-06-09,10.23,10.23,10.23,10.23,106
2023-06-12,10.232,10.232,10.232,10.232,319
2023-06-13,10.25,10.25,10.25,10.25,131
2023-06-14,10.23,10.2386,10.24,10.23,5969
2023-06-15,10.245,10.25,10.26,10.245,5695
2023-06-16,10.27,10.24,10.6,10.24,902
2023-06-21,10.24,10.245,10.25,10.24,76737
2023-06-22,10.25,10.25,10.25,10.24,31097
2023-06-23,10.27,10.2499,10.27,10.2496,4400
2023-06-26,10.26,10.26,10.26,10.26,106
2023-06-27,10.3,10.25,10.32,10.25,1979
2023-06-28,10.25,10.2689,10.2689,10.25,2608
2023-06-29,10.26,10.26,10.26,10.2599,829
2023-06-30,10.26,10.26,10.26,10.25,20316
2023-07-03,10.26,10.26,10.26,10.26,15032
2023-07-07,10.47,10.27,10.47,10.255,2630295
2023-07-10,10.43,10.27,10.43,10.27,163387
2023-07-12,10.28,10.275,10.28,10.27,37195
2023-07-13,10.28,10.27,10.28,10.27,1905
2023-07-14,10.28,10.28,10.28,10.27,78710
2023-07-17,10.28,10.2832,10.29,10.27,180548
2023-07-18,10.29,10.285,10.29,10.285,364
2023-07-19,10.29,10.28,10.295,10.28,852576
2023-07-20,10.3,10.28,10.3,10.28,100882
2023-07-21,10.29,10.29,10.29,10.28,26386
2023-07-24,10.29,10.29,10.29,10.29,18559
2023-07-25,10.29,10.28,10.29,10.28,605764
2023-07-26,10.29,10.28,10.29,10.28,5502
2023-07-27,10.29,10.29,10.3,10.28,1114442
2023-07-28,10.295,10.28,10.295,10.28,100953
2023-07-31,10.29,10.29,10.31,10.28,182640
2023-08-01,10.29,10.28,10.29,10.28,52972
2023-08-02,10.28,10.295,10.3052,10.28,111526
2023-08-03,10.29,10.305,10.305,10.29,10951
2023-08-04,10.29,10.29,10.3,10.29,5692
2023-08-07,10.3,10.31,10.31,10.295,32956
2023-08-08,10.33,10.3,10.33,10.3,29471
2023-08-09,10.33,10.31,10.33,10.31,15334
2023-08-10,10.32,10.32,10.32,10.3,121921
2023-08-11,10.32,10.315,10.32,10.31,2119
2023-08-14,10.31,10.31,10.315,10.31,12786
2023-08-15,10.31,10.31,10.31,10.31,2991
2023-08-16,10.315,10.32,10.32,10.315,30809
2023-08-17,10.33,10.32,10.33,10.32,10833
2023-08-21,10.33,10.325,10.33,10.32,971
2023-08-23,10.33,10.33,10.335,10.32,275091
2023-08-24,10.33,10.34,10.34,10.33,751426
2023-08-25,10.34,10.33,10.34,10.33,203486
2023-08-29,10.3364,10.34,10.345,10.33,5288
2023-08-30,10.34,10.34,10.34,10.34,2152
2023-08-31,10.34,10.32,10.34,10.32,15104
2023-09-01,10.33,10.33,10.33,10.33,25065
2023-09-06,10.34,10.35,10.35,10.34,104441
2023-09-07,10.35,10.35,10.3514,10.35,175219
2023-09-08,10.36,10.37,10.37,10.36,664617
2023-09-11,10.36,10.36,10.36,10.36,970
2023-09-12,10.37,10.36,10.37,10.35,1625552
2023-09-13,10.365,10.37,10.37,10.36,244693
2023-09-14,10.36,10.365,10.38,10.36,192696
2023-09-15,10.37,10.36,10.37,10.36,25775
2023-09-18,10.36,10.3622,10.3622,10.36,142047
2023-09-19,10.355,10.365,10.37,10.355,142260
2023-09-20,10.39,10.39,10.4,10.38,9214423
2023-09-21,10.4,10.39,10.41,10.37,24194903
2023-09-22,10.38,10.38,10.395,10.36,1921901
2023-09-25,10.39,10.38,10.4,10.3,3645852
2023-09-26,10.38,10.39,10.41,10.37,1795090
2023-09-27,10.375,10.4,10.42,10.36,378186
2023-09-28,10.38,10.39,10.4,10.35,599974
2023-09-29,10.35,10.33,10.43,10.32,4032056
2023-10-02,10.34,10.34,10.35,10.33,6386214
2023-10-03,10.34,10.33,10.35,10.33,1617867
2023-10-04,10.33,10.34,10.35,10.33,1030876
2023-10-05,10.35,10.34,10.35,10.34,2891082
2023-10-06,10.34,10.34,10.35,10.34,125715
2023-10-09,10.34,10.35,10.35,10.34,160217
2023-10-10,10.35,10.36,10.36,10.34,1465928
2023-10-11,10.355,10.355,10.36,10.35,9942
2023-10-12,10.35,10.35,10.36,10.35,82128
2023-10-13,10.36,10.35,10.36,10.345,118232
2023-10-16,10.35,10.355,10.355,10.35,15583
2023-10-17,10.355,10.36,10.36,10.35,606509
2023-10-18,10.355,10.355,10.36,10.355,2936
2023-10-19,10.355,10.36,10.36,10.355,1782
2023-10-20,10.36,10.365,10.44,10.3594,825638
2023-10-23,10.365,10.365,10.365,10.365,256
2023-10-25,10.36,10.37,10.37,10.36,614
2023-10-26,10.365,10.37,10.37,10.365,39404
2023-10-27,10.365,10.365,10.365,10.365,852
2023-10-30,10.37,10.38,10.38,10.37,59247
2023-10-31,10.37,10.38,10.5,10.37,43085
2023-11-01,10.37,10.37,10.38,10.37,1528
2023-11-02,10.38,10.37,10.38,10.37,37703
2023-11-03,10.38,10.38,10.38,10.37,25761
2023-11-06,10.39,10.38,10.39,10.38,18526
2023-11-07,10.39,10.39,10.4,10.39,51497
2023-11-08,10.39,10.39,10.39,10.39,202
2023-11-09,10.4,10.41,10.41,10.4,271
2023-11-13,10.45,10.48,10.48,10.4,8678
2023-11-14,10.47,10.4,10.47,10.4,17378
2023-11-15,10.41,10.4,10.41,10.39,16913
2023-11-16,10.4,10.4,10.42,10.4,100467
2023-11-17,10.41,10.4,10.41,10.4,6055
2023-11-20,10.42,10.4,10.42,10.4,4225
2023-11-21,10.4,10.41,10.41,10.4,2424
2023-11-22,10.42,10.42,10.42,10.42,104
2023-11-24,10.42,10.42,10.42,10.42,105
2023-11-28,10.42,10.42,10.42,10.42,102
2023-11-29,10.42,10.41,10.42,10.41,201149
2023-11-30,10.41,10.441,10.441,10.41,12076
2023-12-01,10.47,10.45,11.47,10.4,6373
2023-12-04,10.57,10.4479,10.8,10.39,12173
2023-12-05,10.39,10.4541,10.93,10.39,6760
2023-12-06,10.42,10.45,10.45,10.42,1027
2023-12-07,10.9201,10.46,10.93,10.42,17112
2023-12-08,10.44,10.46,10.46,10.39,177423
2023-12-11,10.42,10.46,10.93,10.42,520077
2023-12-12,10.55,10.46,10.88,10.43,15329
2023-12-13,10.915,10.45,10.915,10.39,96090
2023-12-14,10.43,10.44,10.46,10.43,340
2023-12-15,10.4,10.44,10.7236,10.4,1475
2023-12-18,10.92,10.47,10.92,10.42,116532
2023-12-19,10.44,10.46,10.885,10.43,19255
2023-12-20,10.45,10.43,10.45,10.43,727
2023-12-21,10.5641,10.43,11.37,10.42,28595
2023-12-22,10.43,10.42,10.52,10.4,268470
2023-12-26,10.43,10.43,10.44,10.425,213614
2023-12-27,10.5372,10.44,10.5372,10.44,1352
2023-12-28,10.44,10.43,11.47,10.43,37360
2023-12-29,10.45,10.45,10.45,10.44,29683
2024-01-02,10.44,10.45,10.45,10.44,36913
2024-01-04,10.43,10.43,10.43,10.43,533
2024-01-05,10.46,10.48,10.4801,10.46,20673
2024-01-09,10.6,11.32,11.32,10.6,2451
2024-01-10,10.5,10.52,10.74,10.43,1002792
2024-01-11,10.61,10.41,10.61,10.37,27351
2024-01-12,10.4,10.3442,10.4,10.315,8305
2024-01-16,10.34,10.32,10.34,10.3,421091
2024-01-17,10.35,10.35,10.35,10.35,1323
2024-01-22,10.35,10.35,10.35,10.35,82735
2024-01-23,10.33,10.35,10.35,10.33,14313
2024-01-24,10.35,10.35,10.35,10.35,10138
2024-01-25,10.35,10.35,10.35,10.35,12813
2024-01-26,10.34,10.35,10.35,10.34,13406
2024-01-29,10.35,10.35,10.36,10.35,77908
2024-01-30,10.36,10.3401,10.36,10.3401,1106
2024-01-31,10.34,10.34,10.34,10.34,191
2024-02-01,10.37,10.37,10.37,10.37,149
2024-02-02,10.37,10.37,10.37,10.37,125
2024-02-05,10.37,10.37,10.37,10.37,2637
2024-02-06,10.38,10.38,10.38,10.38,144
2024-02-07,10.4,10.38,10.4,10.37,5290
2024-02-08,10.4,10.4,10.4,10.4,116
2024-02-09,10.38,10.4,10.4,10.37,9113
2024-02-15,10.39,10.39,10.39,10.39,2102
2024-02-21,10.38,10.3799,10.38,10.375,347310
2024-02-22,10.38,10.37,10.38,10.37,24016
2024-02-26,10.39,10.39,10.39,10.39,57550
2024-02-27,10.39,10.4,10.4,10.39,26819
2024-02-28,10.39,10.38,10.39,10.38,40406
2024-03-04,10.38,10.395,10.395,10.38,1975
2024-03-07,10.4,10.4,10.4,10.4,29785
2024-03-08,10.4,10.41,10.41,10.4,3228
2024-03-12,10.4,10.4,10.4,10.4,2097
2024-03-13,10.41,10.4,10.41,10.4,4868
2024-03-14,10.44,10.44,10.44,10.44,191
2024-03-15,10.4,10.41,10.43,10.4,8473
2024-03-18,10.43,10.4,10.43,10.4,585
2024-03-19,10.42,10.42,10.43,10.41,21804
2024-03-20,10.4,10.4,10.4,10.4,422
2024-03-21,10.41,10.42,10.42,10.41,79390
2024-03-25,10.411,10.411,10.411,10.411,536
2024-03-27,10.43,10.43,10.43,10.41,21575
2024-04-04,10.43,10.44,10.44,10.42,52658
2024-04-05,10.45,10.44,10.45,10.44,10540
2024-04-09,10.44,10.44,10.44,10.44,25085
2024-04-10,10.45,10.46,10.5,10.45,13055
2024-04-11,10.45,10.45,10.45,10.45,11484
2024-04-12,10.45,10.45,10.45,10.45,120
2024-04-15,10.46,10.46,10.47,10.45,1603
2024-04-17,10.49,10.49,10.49,10.46,97393
2024-04-18,10.49,10.48,10.49,10.48,3129
2024-04-22,10.49,10.5,10.5,10.49,3364
2024-04-23,10.49,10.49,10.49,10.49,524
2024-04-29,10.5,10.5,10.5,10.49,8261
2024-04-30,10.48,10.49,10.49,10.48,2887
2024-05-01,10.5,10.5,10.5,10.5,15169
2024-05-06,10.5,10.5,10.5,10.5,989
2024-05-07,10.55,10.5,10.55,10.5,831
2024-05-08,10.5,10.5,10.5,10.5,6777
2024-05-09,10.5,10.5,10.5,10.5,8064
2024-05-16,10.5,10.55,10.55,10.5,2736
2024-05-17,10.5,10.52,10.52,10.5,50854
2024-05-24,10.51,10.52,10.52,10.51,335
2024-05-29,10.52,10.52,10.52,10.51,52689
2024-06-03,10.53,10.55,10.55,10.53,1439
2024-06-04,10.55,10.58,10.58,10.55,1148
2024-06-05,10.58,10.58,10.58,10.58,456
2024-06-06,10.58,10.58,10.58,10.58,439
2024-06-17,10.54,10.54,10.54,10.54,131
2024-06-20,10.54,10.54,10.54,10.54,815
2024-06-21,10.54,10.54,10.54,10.54,4050
2024-06-24,10.55,10.55,10.55,10.55,350137
2024-06-26,10.58,10.58,10.58,10.58,365
2024-06-27,10.5605,10.55,10.5605,10.55,1556
2024-07-02,10.58,10.58,10.58,10.58,1242
2024-07-05,10.5802,10.58,10.5802,10.58,2957
2024-07-08,10.58,10.58,10.58,10.57,20781
2024-07-10,10.58,10.57,10.58,10.57,3821
2024-07-11,10.57,10.57,10.57,10.57,1896
2024-07-15,10.59,10.57,10.59,10.57,425
2024-07-17,10.57,10.5701,10.5701,10.57,2201
2024-07-18,10.57,10.57,10.57,10.57,2478
2024-07-19,10.57,10.57,10.57,10.57,419
2024-07-22,10.59,10.59,10.59,10.59,5138
2024-07-23,10.58,10.59,10.59,10.58,643
2024-07-24,10.58,10.58,10.58,10.57,35457
2024-07-25,10.58,10.6,10.6,10.57,232004
2024-07-26,10.59,10.6,10.6,10.59,451
2024-07-29,10.59,10.59,10.59,10.59,281
2024-07-30,10.59,10.63,10.63,10.59,4032
2024-07-31,10.6,10.6001,10.6001,10.6,1421
2024-08-01,10.6,10.61,10.61,10.6,946
2024-08-02,10.6,10.6192,10.6192,10.6,2080
2024-08-06,10.6,10.6,10.6,10.6,225
2024-08-07,10.6,10.6,10.6,10.6,558
2024-08-08,10.64,10.75,10.75,10.64,2679
2024-08-09,10.62,10.63,10.63,10.62,200333
2024-08-12,10.62,10.6101,10.62,10.61,1212
2024-08-13,10.61,10.61,10.61,10.61,1835
2024-08-14,10.61,10.61,10.61,10.61,107
2024-08-15,10.61,10.61,10.61,10.61,161
2024-08-16,10.61,10.61,10.61,10.61,103
2024-08-20,10.6,10.65,10.65,10.6,5577
2024-08-21,10.6,10.64,10.64,10.6,273302
2024-08-22,10.6,10.64,10.64,10.6,2202
2024-08-27,10.62,10.64,10.64,10.62,3539
2024-08-29,10.62,10.62,10.62,10.62,642
2024-09-04,10.66,10.65,10.66,10.65,1568
2024-09-05,10.65,10.62,10.65,10.62,1806
2024-09-10,10.63,10.63,10.63,10.63,1382
2024-09-11,10.65,10.66,10.66,10.64,331255
2024-09-13,10.66,10.66,10.66,10.66,55174
2024-09-16,10.67,10.67,10.67,10.66,375791
2024-09-17,10.67,10.675,10.675,10.67,4000
2024-09-18,10.6701,10.6701,10.6701,10.6701,305
2024-09-19,10.69,10.69,10.69,10.67,12509
2024-09-20,10.7,10.68,10.7,10.67,7033
2024-09-23,10.67,10.68,10.68,10.67,2485
2024-09-24,10.7,10.75,10.75,10.68,635163
2024-09-25,11.78,11.2,13.4334,10.99,6341
2024-09-26,11.0,11.0,11.0,11.0,294
2024-09-27,10.76,10.76,10.76,10.76,400066
2024-09-30,10.76,11.59,11.8,10.76,677710
2024-10-01,11.09,10.68,11.09,10.34,66650
2024-10-02,10.5591,10.54,10.66,10.45,5673
2024-10-03,10.47,10.54,10.55,10.47,1538
2024-10-04,10.47,10.54,10.55,10.46,596658
2024-10-07,10.47,10.515,10.525,10.47,160991
2024-10-08,10.52,10.54,10.55,10.5,2106
2024-10-09,10.52,10.5,10.53,10.5,2606
2024-10-10,10.52,10.51,10.52,10.51,2961
2024-10-11,10.64,10.52,10.64,10.5,1781
2024-10-18,10.52,10.565,10.565,10.52,3473
2024-10-23,10.56,10.54,10.56,10.52,1860
2024-10-24,10.54,10.51,10.54,10.51,24706
2024-10-29,10.51,10.51,10.51,10.5,384449
2024-10-30,10.5,10.51,10.51,10.5,13301
2024-11-01,10.52,10.52,10.52,10.52,693
2024-11-06,10.515,10.515,10.515,10.515,1112
2024-11-08,10.52,10.52,10.52,10.52,302
2024-11-11,10.52,10.52,10.52,10.52,105
2024-11-18,10.51,10.51,10.51,10.51,1277
2024-11-19,10.52,10.51,10.52,10.51,1701
2024-11-20,10.52,10.52,10.52,10.52,110
2024-11-21,10.52,10.52,10.52,10.52,101
2024-11-22,10.52,10.52,10.52,10.52,206
2024-11-25,10.52,10.52,10.52,10.52,629
2024-12-04,10.54,10.54,10.54,10.54,104
2024-12-09,10.54,10.6,10.6,10.54,8469
2024-12-10,10.57,10.62,10.62,10.57,1226
2024-12-18,10.59,10.5801,10.6,10.58,2849
2024-12-19,10.6,10.6,10.6,10.6,320
2024-12-23,10.58,10.58,10.58,10.58,551
2024-12-27,10.59,10.59,10.59,10.59,201
2025-01-03,10.6,10.6,10.6,10.6,955
2025-01-06,10.6,10.6,10.6,10.6,163
2025-01-07,10.64,10.64,10.64,10.64,711
2025-01-08,10.62,10.62,10.62,10.62,399
2025-01-13,10.64,10.64,10.64,10.64,223
2025-01-16,10.63,10.63,10.63,10.63,419
2025-01-17,10.64,10.62,10.64,10.62,1940
2025-01-21,10.64,10.65,10.65,10.64,1112
2025-01-23,10.68,10.65,10.68,10.65,283
2025-01-24,10.68,10.72,10.72,10.65,6417
2025-01-27,10.72,10.7107,10.8,10.7107,11226
2025-02-06,10.75,10.75,10.75,10.75,1609
2025-02-14,10.75,10.75,10.75,10.75,101
2025-02-18,10.75,10.75,10.75,10.75,114
2025-02-19,10.75,10.75,10.75,10.75,403
2025-02-20,10.75,10.75,10.75,10.75,396
2025-02-26,10.76,10.76,10.76,10.76,1893
2025-03-14,10.77,10.77,10.77,10.77,1501
2025-03-17,10.8,10.8001,10.8001,10.8,1976
2025-03-20,10.8,10.8,10.8,10.8,4000
2025-03-21,10.8,10.8,10.8,10.8,5006
2025-03-25,10.83,10.83,10.83,10.83,220
2025-03-26,10.815,10.815,10.815,10.815,102
2025-03-28,10.84,10.79,10.84,10.79,850
2025-03-31,10.84,10.88,10.88,10.82,3470
2025-04-01,10.99,10.85,10.99,10.8,6758
