2021-11-04,24.9,24.85,24.97,24.8,1923800
2021-11-05,24.87,24.93,24.97,24.87,7532174
2021-11-08,24.95,24.98,24.98,24.91,1090119
2021-11-09,25.0,25.0,25.03,24.9,1541620
2021-11-10,25.05,24.81,25.05,24.7,964464
2021-11-11,24.78,24.72,24.82,24.69,73553
2021-11-12,24.8,24.8,24.82,24.65,1249384
2021-11-15,24.75,24.82,24.82,24.66,381035
2021-11-16,24.9,24.9,24.9,24.75,226112
2021-11-17,24.9,24.9,24.92,24.76,414212
2021-11-18,24.84,24.9,24.9,24.65,76221
2021-11-19,24.89,24.8,24.99,24.8,220751
2021-11-22,24.75,24.71,24.8,24.695,73593
2021-11-23,24.64,24.86,24.95,24.55,434213
2021-11-24,24.7,25.11,25.22,24.7,390763
2021-11-26,25.06,25.0,25.27,24.77,408825
2021-11-29,25.25,25.22,25.3,25.02,470987
2021-11-30,25.01,25.16,25.3,24.9,2548191
2021-12-01,25.15,25.21,25.39,25.15,455850
2021-12-02,25.29,25.36,25.36,25.14,78620
2021-12-03,25.36,25.22,25.36,25.18,37169
2021-12-06,25.36,25.38,25.5,25.27,169167
2021-12-07,25.65,25.5,25.65,25.44,19391
2021-12-08,25.37,25.43,25.54,25.37,81585
2021-12-09,25.35,25.52,25.59,25.35,69923
2021-12-10,25.5299,25.49,25.54,25.49,19750
2021-12-13,25.53,25.56,25.6,25.45,45724
2021-12-14,25.54,25.75,25.79,25.45,159825
2021-12-15,25.65,25.63,25.74,25.63,839510
2021-12-16,25.62,25.71,25.71,25.61,123702
2021-12-17,25.72,25.75,25.75,25.62,79006
2021-12-20,25.7,25.65,25.72,25.53,93346
2021-12-21,25.69,25.8,25.8,25.66,30266
2021-12-22,25.87,25.93,25.98,25.43,37359
2021-12-23,26.0,25.7978,26.0,25.69,17543
2021-12-27,25.88,25.7,25.88,25.6336,9715
2021-12-28,25.63,25.75,25.83,25.51,90789
2021-12-29,25.8,25.85,25.85,25.71,16591
2021-12-30,25.83,25.93,25.96,25.73,33463
2021-12-31,25.81,26.09,26.11,25.81,168584
2022-01-03,25.94,25.87,26.0,25.74,49813
2022-01-04,25.87,25.79,25.87,25.7,216578
2022-01-05,26.0,25.65,26.0,25.54,143409
2022-01-06,25.7,25.67,25.75,25.52,101052
2022-01-07,25.65,25.6,25.725,25.54,17482
2022-01-10,25.58,25.6,25.64,25.4,42388
2022-01-11,25.66,25.64,25.7043,25.55,26385
2022-01-12,25.76,25.76,25.77,25.56,20486
2022-01-13,25.76,25.6881,25.8,25.59,31968
2022-01-14,25.67,25.55,25.705,25.46,31040
2022-01-18,25.48,25.35,25.51,25.35,15907
2022-01-19,25.5,25.35,25.5,25.28,175378
2022-01-20,25.29,25.4,25.5,25.28,41187
2022-01-21,25.51,25.41,25.51,25.337,243101
2022-01-24,25.4,25.3,25.41,25.2,27743
2022-01-25,25.49,25.31,25.49,25.22,46892
2022-01-26,25.27,25.22,25.33,25.0,108383
2022-01-27,25.32,24.9,25.32,24.76,314469
2022-01-28,24.87,24.91,24.98,24.6,175530
2022-01-31,24.98,25.26,25.3,24.8501,35009
2022-02-01,25.26,25.08,25.3554,25.05,36757
2022-02-02,25.08,24.94,25.19,24.83,71321
2022-02-03,24.78,24.79,24.85,24.51,76938
2022-02-04,24.72,24.34,24.75,24.2233,85233
2022-02-07,24.38,23.9,24.38,23.83,80171
2022-02-08,23.72,23.46,23.72,23.41,34997
2022-02-09,23.65,23.21,23.65,23.11,51676
2022-02-10,23.0,22.36,23.0,22.21,73713
2022-02-11,22.41,21.91,22.4816,21.852,40388
2022-02-14,21.82,21.26,22.105,20.715,172747
2022-02-15,21.11,20.96,21.7,20.93,24491
2022-02-16,21.06,21.3,21.45,20.75,34172
2022-02-17,21.42,20.97,21.42,20.9301,94172
2022-02-18,21.1411,20.9,21.24,20.62,42828
2022-02-22,20.77,20.96,20.96,20.6,29711
2022-02-23,20.86,20.71,21.0198,20.59,28288
2022-02-24,20.54,20.6563,20.6563,20.27,42381
2022-02-25,21.1,20.8,21.1,20.62,30259
2022-02-28,20.93,21.0,21.37,20.76,63413
2022-03-01,21.06,21.18,21.31,20.95,29131
2022-03-02,21.27,21.17,21.27,20.958,21091
2022-03-03,21.22,21.2594,21.41,21.2,37187
2022-03-04,21.29,21.26,21.29,21.01,17243
2022-03-07,21.1,21.12,21.28,21.0107,29537
2022-03-08,21.27,21.35,21.35,20.87,30647
2022-03-09,21.25,21.3,21.515,21.07,15760
2022-03-10,21.19,21.23,21.38,20.66,34062
2022-03-11,20.96,21.3,21.49,20.96,14017
2022-03-14,21.3,20.86,21.3,20.7875,55553
2022-03-15,20.95,20.95,21.1,20.88,22039
2022-03-16,21.05,21.31,21.31,20.965,37328
2022-03-17,21.3,21.184687,21.77,21.3,18707
2022-03-18,21.3198,21.59,21.83,21.3198,10794
2022-03-21,21.57,21.39,21.7899,21.24,15824
2022-03-22,21.36,21.1202,21.36,21.0785,29228
2022-03-23,21.14,21.15,21.22,21.13,20959
2022-03-24,21.29,20.95,21.4038,20.81,24858
2022-03-25,20.95,20.46,20.95,20.07,53330
2022-03-28,20.45,20.6493,20.8319,20.45,28323
2022-03-29,20.82,20.73,20.95,20.6,67532
2022-03-30,20.71,20.88,20.9319,20.71,77565
2022-03-31,20.95,21.53,21.59,20.94,279947
2022-04-01,21.46,21.38,21.46,21.29,29782
2022-04-04,21.4,21.56,21.58,21.4,31748
2022-04-05,21.49,21.28,21.49,21.23,56538
2022-04-06,21.06,20.86,21.15,20.6541,27670
2022-04-07,20.69,20.99,21.1,20.69,14941
2022-04-08,20.66,20.21,21.0599,20.21,28992
2022-04-11,20.2,19.68,20.2092,19.68,34753
2022-04-12,19.81,19.75,20.11,19.63,166246
2022-04-13,19.56,19.95,19.97,19.56,70533
2022-04-14,19.98,20.3,20.45,19.9,94580
2022-04-18,20.38,20.08,20.38,20.08,26498
2022-04-19,20.05,20.0,20.1,19.82,29341
2022-04-20,20.01,19.69,20.03,19.64,41023
2022-04-21,19.9,19.33,19.9148,19.33,28026
2022-04-22,19.47,18.93,19.47,18.82,18323
2022-04-25,18.94,19.08,19.09,18.9097,48611
2022-04-26,18.98,18.95,19.135,18.88,23422
2022-04-27,19.04,18.71,19.045,18.65,34767
2022-04-28,18.77,19.12,19.3,18.44,39779
2022-04-29,18.95,18.97,19.81,18.2448,119445
2022-05-02,18.99,18.4,18.99,18.21,32624
2022-05-03,18.43,17.87,18.43,17.65,35328
2022-05-04,17.98,18.3006,18.4999,17.7739,54316
2022-05-05,18.14,17.5,18.3167,17.39,82654
2022-05-06,17.46,17.5994,17.749,17.43,28084
2022-05-09,17.5,17.6105,17.67,17.43,41592
2022-05-10,17.7,17.22,17.79,16.62,46741
2022-05-11,16.9,17.25,17.32,16.9,18077
2022-05-12,17.01,17.6,18.0,17.01,38067
2022-05-13,17.72,17.69,17.72,17.25,29074
2022-05-16,17.73,18.09,18.09,17.4524,131916
2022-05-17,18.08,17.41,18.08,17.41,83461
2022-05-18,17.61,17.35,17.64,17.07,107352
2022-05-19,17.49,17.24,17.49,17.01,44888
2022-05-20,17.42,17.21,17.435,17.02,27184
2022-05-23,17.11,17.22,17.33,17.02,32861
2022-05-24,17.39,17.53,17.53,17.22,33346
2022-05-25,17.58,17.9244,17.95,17.4671,19077
2022-05-26,18.06,18.13,18.5,17.8505,33381
2022-05-27,18.23,19.33,19.84,18.23,95398
2022-05-31,19.25,19.56,19.69,18.85,74059
2022-06-01,19.7,19.75,19.89,19.505,47501
2022-06-02,19.75,19.71,19.932,19.59,105692
2022-06-03,19.56,19.68,19.6876,19.41,34601
2022-06-06,19.66,19.73,19.81,19.44,106915
2022-06-07,19.68,20.11,20.16,19.51,113447
2022-06-08,20.15,19.74,20.16,19.74,14853
2022-06-09,19.88,19.52,19.88,19.5019,28615
2022-06-10,19.36,18.96,19.36,18.705,32370
2022-06-13,18.46,18.2,19.38,17.97,38674
2022-06-14,18.2,18.07,18.7795,17.55,38403
2022-06-15,18.37,18.603125,19.05,18.25,58336
2022-06-16,18.45,18.67,18.82,17.829,68355
2022-06-17,18.68,18.65,18.87,18.54,14403
2022-06-21,18.76,18.8,19.27,18.76,25384
2022-06-22,18.77,18.58,18.91,18.57,22491
2022-06-23,18.8,18.59,18.85,18.571,20580
2022-06-24,19.18,18.85,19.19,18.6644,9015
2022-06-27,18.99,18.87,19.16,18.77,18874
2022-06-28,18.98,18.61,18.98,18.28,27317
2022-06-29,18.78,18.85,18.85,18.668,15506
2022-06-30,18.88,19.05,19.25,18.6398,27068
2022-07-01,19.16,19.5,19.54,19.0,22676
2022-07-05,19.45,19.72,19.93,19.21,9365
2022-07-06,19.88,20.0,20.2,19.63,23993
2022-07-07,20.24,20.15,20.25,19.8068,19520
2022-07-08,19.78,20.35,20.4,19.78,25696
2022-07-11,20.4,20.34,20.4998,20.21,23643
2022-07-12,20.48,20.5,20.765,20.41,27884
2022-07-13,20.27,20.49,20.49,20.27,34596
2022-07-14,20.39,20.19,20.39,20.108,41591
2022-07-15,20.21,20.2,20.22,20.05,53224
2022-07-18,20.44,20.16,20.7439,20.15,17115
2022-07-19,20.375,20.25,20.375,20.24,20549
2022-07-20,20.4,20.2422,20.5,20.1501,23865
2022-07-21,20.43,20.25,20.43,20.24,24205
2022-07-22,20.41,20.26,20.41,20.26,5391
2022-07-25,20.34,20.23,20.7499,20.23,23444
2022-07-26,20.35,20.26,20.4269,20.22,6750
2022-07-27,20.42,20.2753,20.5235,20.223,5831
2022-07-28,20.41,20.23,20.43,20.11,25658
2022-07-29,20.33,20.73,21.09,20.33,53714
2022-08-01,20.73,20.8723,21.58,20.62,6674
2022-08-02,20.87,21.1,21.92,20.42,51615
2022-08-03,21.21,21.68,21.79,21.05,19762
2022-08-04,21.7,21.92,21.92,21.4,24814
2022-08-05,21.79,21.77,21.83,21.55,80958
2022-08-08,21.88,21.9,22.13,21.73,38112
2022-08-09,21.92,21.72,21.92,21.45,62514
2022-08-10,21.92,22.14,22.33,21.74,142260
2022-08-11,22.22,21.85,22.38,21.78,35833
2022-08-12,21.88,21.96,22.0844,21.88,17959
2022-08-15,22.07,22.05,22.1899,21.9,8184
2022-08-16,22.15,21.73,22.15,21.73,32118
2022-08-17,21.68,21.23,21.68,21.23,8416
2022-08-18,21.23,21.04,21.275,21.04,20661
2022-08-19,20.89,20.6,21.21,20.53,52312
2022-08-22,20.5,20.41,20.5382,20.35,12006
2022-08-23,20.32,19.95,20.49,19.41,43657
2022-08-24,19.9,19.85,20.1962,19.74,45392
2022-08-25,19.92,19.9895,20.3762,19.87,13255
2022-08-26,20.05,19.6995,20.05,19.65,6375
2022-08-29,19.58,19.33,19.735,19.33,26421
2022-08-30,19.46,19.34,19.57,19.21,16427
2022-08-31,19.46,19.11,19.46,18.9193,32019
2022-09-01,18.99,18.52,19.1071,18.3801,21880
2022-09-02,18.59,17.93,18.6936,17.93,9140
2022-09-06,17.93,17.61,18.055,17.61,11853
2022-09-07,17.76,17.61,17.8,17.55,9711
2022-09-08,17.81,17.3,17.8274,17.24,18598
2022-09-09,17.4,17.29,17.69,17.29,11993
2022-09-12,17.48,17.61,17.815,17.31,15595
2022-09-13,17.34,17.46,17.49,17.3,13366
2022-09-14,17.51,17.7062,17.83,17.18,28954
2022-09-15,17.73,17.253125,17.84,17.53,37742
2022-09-16,17.16,17.16,17.24,16.96,8743
2022-09-19,17.17,16.97,17.36,16.93,23059
2022-09-20,16.85,16.84,17.1799,16.77,15623
2022-09-21,16.93,16.72,17.05,16.65,23837
2022-09-22,16.68,16.5,16.68,16.31,49672
2022-09-23,16.34,16.32,16.34,16.03,62666
2022-09-26,16.09,16.35,16.38,16.07,69831
2022-09-27,16.41,16.76,16.78,16.26,41369
2022-09-28,16.89,16.83,17.09,16.34,18379
2022-09-29,16.47,16.74,16.7542,16.03,17319
2022-09-30,16.78,16.69,17.065,16.52,131382
2022-10-03,16.87,16.7,17.1259,16.63,24422
2022-10-04,16.75,16.41,16.98,16.2,46277
2022-10-05,16.18,15.85,16.2396,15.81,11546
2022-10-06,15.92,15.3,15.92,14.72,56185
2022-10-07,15.14,15.25,15.2618,14.6942,16940
2022-10-10,15.15,15.4,15.94,15.15,21048
2022-10-11,15.48,15.5,15.76,15.26,23150
2022-10-12,15.59,15.61,15.75,15.22,28174
2022-10-13,15.5,15.42,15.7,14.95,20496
2022-10-14,15.6,15.32,15.6,14.17,152302
2022-10-17,15.53,14.81,15.65,14.76,58334
2022-10-18,14.85,14.5,15.21,14.32,65091
2022-10-19,14.48,14.22,14.565,13.91,82037
2022-10-20,14.3,13.64,14.3,13.64,43047
2022-10-21,13.61,13.07,13.61,12.5,115648
2022-10-24,13.17,13.42,13.64,12.86,219811
2022-10-25,13.56,13.25,13.75,13.05,63224
2022-10-26,13.14,13.04,13.32,12.77,77119
2022-10-27,12.97,12.9,13.15,12.52,116357
2022-10-28,12.85,12.91,12.9799,12.62,53215
2022-10-31,12.91,12.71,12.96,12.31,321362
2022-11-01,12.87,12.79,13.02,12.5,55075
2022-11-02,12.78,13.27,13.69,12.75,55995
2022-11-03,13.0,13.35,13.42,12.985,26023
2022-11-04,13.47,13.21,13.59,13.21,31222
2022-11-07,13.22,13.37,13.47,13.1082,25955
2022-11-08,13.49,13.81,13.82,13.43,41969
2022-11-09,13.89,14.055,14.29,13.52,104178
2022-11-10,14.43,14.51,15.1,14.3936,38436
2022-11-11,14.7,14.62,14.72,14.08,24142
2022-11-14,14.65,14.67,14.98,14.43,68863
2022-11-15,14.9,15.0101,15.3,14.6317,33074
2022-11-16,15.15,15.0349,15.2609,14.87,15771
2022-11-17,15.03,14.65,15.03,14.58,20967
2022-11-18,14.69,14.43,14.778,14.27,26621
2022-11-21,14.52,13.8765,14.65,13.83,33128
2022-11-22,13.95,13.995,14.2623,13.68,23203
2022-11-23,14.2,13.64,14.2,13.57,26649
2022-11-25,13.52,13.41,13.69,13.41,23214
2022-11-28,13.5,13.155,13.5,12.99,42943
2022-11-29,13.22,12.9,13.22,12.9,32391
2022-11-30,12.96,13.21,13.3961,12.86,24175
2022-12-01,13.29,13.3,13.48,13.1268,54634
2022-12-02,13.22,13.55,13.55,13.1425,159319
2022-12-05,13.54,13.38,13.75,13.3,107613
2022-12-06,13.39,13.185,13.585,13.0501,48401
2022-12-07,13.25,13.28,13.37,13.1005,33904
2022-12-08,13.25,13.07,13.3399,12.9439,154458
2022-12-09,12.97,13.01,13.0531,12.9,52368
2022-12-12,13.12,13.11,13.21,12.9,44271
2022-12-13,13.53,13.47,13.53,13.1,73566
2022-12-14,13.46,13.4,13.8178,13.21,116123
2022-12-15,13.38,13.183125,13.5,13.2829,54100
2022-12-16,13.17,12.82,13.17,12.74,91038
2022-12-19,12.82,12.7,12.83,12.54,47035
2022-12-20,12.56,12.45,12.78,12.26,49115
2022-12-21,12.52,12.33,12.68,12.26,44539
2022-12-22,12.25,12.04,12.325,11.85,98499
2022-12-23,12.04,12.19,12.25,11.976,39502
2022-12-27,12.24,12.3,12.51,12.11,62043
2022-12-28,12.31,12.24,12.35,12.01,88426
2022-12-29,12.35,12.3,12.65,12.2,51450
2022-12-30,12.29,12.53,12.67,12.08,41890
2023-01-03,12.74,13.15,13.15,12.7157,26609
2023-01-04,13.29,13.83,13.83,13.22,48818
2023-01-05,13.78,14.21,14.34,13.4844,37535
2023-01-06,14.21,14.7,14.7,14.08,59199
2023-01-09,14.84,15.06,15.44,14.7835,61068
2023-01-10,15.18,14.8432,15.2,14.81,36946
2023-01-11,14.98,14.9,14.98,14.55,49311
2023-01-12,14.94,14.85,14.94,14.7,24512
2023-01-13,14.85,14.9,15.1,14.76,31833
2023-01-17,15.0,14.86,15.0,14.7756,42656
2023-01-18,15.0,14.79,15.24,14.45,26931
2023-01-19,14.73,14.6,14.86,14.42,109017
2023-01-20,14.58,14.445,14.7051,14.2,29087
2023-01-23,14.57,14.47,14.85,14.35,50652
2023-01-24,14.52,14.55,14.85,14.52,26367
2023-01-25,14.58,14.68,14.68,14.39,19215
2023-01-26,14.78,14.75,14.81,14.48,18153
2023-01-27,14.8,14.7,14.8,14.7,18660
2023-01-30,14.72,14.82,14.9771,14.72,35940
2023-01-31,14.88,14.94,15.13,14.815,182772
2023-02-01,15.03,14.74,15.16,14.35,31114
2023-02-02,14.8,14.7,14.97,14.6,87829
2023-02-03,14.55,14.25,14.55,14.02,30090
2023-02-06,14.25,14.12,14.25,13.9,39216
2023-02-07,14.17,14.09,14.17,13.93,22589
2023-02-08,14.12,14.08,14.27,13.895,11913
2023-02-09,14.3,14.29,14.39,14.145,24199
2023-02-10,14.32,14.22,14.32,14.07,5596
2023-02-13,14.33,14.46,14.55,14.28,12912
2023-02-14,14.51,14.7,14.925,14.39,26842
2023-02-15,14.79,14.85,14.87,14.7,59744
2023-02-16,14.79,14.66,14.85,14.58,21086
2023-02-17,14.73,14.65,14.73,14.56,19047
2023-02-21,14.65,14.2523,14.73,14.2523,38605
2023-02-22,14.16,14.425,14.425,14.1258,17518
2023-02-23,14.55,14.19,14.55,13.94,48319
2023-02-24,14.07,14.18,14.236,13.87,8248
2023-02-27,14.27,14.22,14.2899,14.02,46520
2023-02-28,14.37,14.14,14.37,13.9,145263
2023-03-01,14.22,14.0,14.24,13.87,63245
2023-03-02,13.69,13.5,13.76,13.26,180455
2023-03-03,13.67,13.97,13.97,13.5671,41410
2023-03-06,13.77,13.74,13.81,13.6391,86959
2023-03-07,13.74,13.66,13.74,13.55,55353
2023-03-08,13.76,13.6994,13.87,13.64,122687
2023-03-09,14.0,13.37,14.0,13.25,25785
2023-03-10,13.56,12.21,13.56,12.0,60906
2023-03-13,11.0,11.6,12.36,11.0,54934
2023-03-14,11.65,11.23,12.23,11.23,46573
2023-03-15,11.13,11.05,11.21,10.66,74487
2023-03-16,10.91,10.703125,11.23,10.77,66501
2023-03-17,10.76,10.5,10.85,10.47,77295
2023-03-20,10.31,10.2,10.55,10.05,89987
2023-03-21,10.2,10.2,10.665,10.1,260346
2023-03-22,10.35,10.29,10.68,10.21,113697
2023-03-23,10.3,9.69,10.4,9.51,60576
2023-03-24,9.63,9.5,9.84,9.39,110972
2023-03-27,9.89,9.39,10.15,9.34,251163
2023-03-28,9.45,9.52,9.7,9.36,160835
2023-03-29,9.66,9.75,9.99,9.6,109240
2023-03-30,9.95,9.99,10.1,9.63,161945
2023-03-31,10.015,10.0,10.35,9.76,468529
2023-04-03,10.12,10.0,10.48,9.95,130442
2023-04-04,10.0,9.98,10.22,9.86,80085
2023-04-05,9.93,9.95,9.9502,9.85,36275
2023-04-06,9.87,9.98,10.05,9.86,39818
2023-04-10,9.93,9.72,9.97,9.72,55225
2023-04-11,9.58,9.8,9.88,9.58,62931
2023-04-12,9.8,9.75,9.98,9.5,66150
2023-04-13,9.79,9.63,9.79,9.55,76681
2023-04-14,9.66,9.4,9.72,9.2201,103532
2023-04-17,9.47,9.48,9.5989,9.27,62442
2023-04-18,9.39,9.46,9.59,9.39,25677
2023-04-19,9.45,9.54,9.5573,9.45,111566
2023-04-20,9.5,9.47,9.6612,9.39,69451
2023-04-21,9.35,9.4,9.6816,9.35,133731
2023-04-24,9.45,9.3785,9.525,9.25,20304
2023-04-25,9.41,9.2,9.41,9.1,87656
2023-04-26,9.5,9.19,9.5,9.06,40569
2023-04-27,9.2,9.08,9.2,9.0,144530
2023-04-28,9.16,9.3,9.46,9.09,112006
2023-05-01,9.24,9.02,9.27,9.0,49697
2023-05-02,9.0,8.55,9.145,7.88,204689
2023-05-03,8.58,8.5,8.72,8.31,70896
2023-05-04,8.37,8.03,8.37,8.01,72721
2023-05-05,8.23,8.26,8.64,8.2,145246
2023-05-08,8.19,8.11,8.29,8.0501,44271
2023-05-09,7.9,7.99,8.18,7.75,468813
2023-05-10,8.1,8.11,8.1264,8.0201,655222
2023-05-11,8.12,8.05,8.12,7.89,131768
2023-05-12,7.75,7.87,8.0344,7.6301,94138
2023-05-15,7.79,8.04,8.0699,7.79,55748
2023-05-16,8.0,7.94,8.07,7.89,88446
2023-05-17,7.85,8.01,8.0699,7.81,148800
2023-05-18,8.06,7.96,8.06,7.82,43679
2023-05-19,7.95,8.0,8.07,7.91,84629
2023-05-22,8.07,8.0,8.07,7.9901,38132
2023-05-23,8.1,8.05,8.1,7.97,83486
2023-05-24,8.05,7.9,8.05,7.66,29357
2023-05-25,7.98,7.99,7.99,7.76,195851
2023-05-26,7.88,8.63,9.35,7.88,455525
2023-05-30,9.11,8.33,9.11,8.25,63272
2023-05-31,8.33,8.34,8.44,8.15,192334
2023-06-01,8.3,8.44,8.44,8.16,91132
2023-06-02,8.38,8.45,8.86,8.36,132751
2023-06-05,8.5,8.45,8.63,8.22,18601
2023-06-06,8.4,8.46,8.57,8.3,104611
2023-06-07,8.49,8.55,8.78,8.3401,292805
2023-06-08,8.67,8.55,8.759,8.45,46683
2023-06-09,8.5,8.65,8.9794,8.5,345560
2023-06-12,8.79,9.16,9.215,8.63,275618
2023-06-13,9.12,9.54,9.72,9.12,143701
2023-06-14,9.58,9.24,9.79,9.16,81879
2023-06-15,9.24,9.143125,9.65,9.15,62376
2023-06-16,9.25,9.0,9.25,8.88,17654
2023-06-20,9.2,8.95,9.2,8.88,30003
2023-06-21,9.19,9.11,9.19,8.9905,61523
2023-06-22,9.09,9.1,9.18,9.0,64460
2023-06-23,9.21,8.95,9.21,8.6503,134052
2023-06-26,8.75,9.06,9.1,8.75,93774
2023-06-27,9.0,8.91,9.19,8.91,28398
2023-06-28,9.01,9.04,9.07,8.91,51147
2023-06-29,9.05,9.06,9.15,8.935,33298
2023-06-30,9.37,9.36,9.51,9.1,97341
2023-07-03,9.6,9.43,9.63,9.415,17752
2023-07-05,9.72,9.47,9.74,9.32,56236
2023-07-06,9.47,9.63,9.67,9.31,138899
2023-07-07,9.52,9.69,10.24,9.4,51028
2023-07-10,9.69,9.42,9.965,9.42,36327
2023-07-11,9.51,9.52,9.805,9.51,77966
2023-07-12,9.63,10.05,10.05,9.55,69805
2023-07-13,10.1,9.93,10.37,9.58,50471
2023-07-14,9.93,9.91,10.1396,9.75,116549
2023-07-17,9.98,9.9399,9.98,9.58,88152
2023-07-18,9.62,9.99,10.16,9.62,84788
2023-07-19,10.11,10.27,10.3512,10.0,73894
2023-07-20,10.44,11.12,11.31,10.1482,39322
2023-07-21,11.16,11.05,11.16,10.4,94200
2023-07-24,11.2,11.34,11.56,10.8661,46636
2023-07-25,11.49,11.26,11.54,11.26,34615
2023-07-26,11.54,11.39,11.56,11.26,57832
2023-07-27,11.6,11.3,11.88,11.3,22323
2023-07-28,11.79,11.734,11.79,11.5,30676
2023-07-31,11.88,11.82,11.88,11.5539,36864
2023-08-01,11.57,11.7,11.7,11.51,25617
2023-08-02,11.43,11.03,11.53,11.025,78433
2023-08-03,11.16,11.3,11.3,10.66,51480
2023-08-04,11.2999,11.3,11.3,11.06,31320
2023-08-07,11.35,11.2,11.35,10.96,32582
2023-08-08,11.35,11.17,11.35,11.0,23450
2023-08-09,11.2,10.95,11.2,10.72,14204
2023-08-10,11.0,10.79,11.04,10.68,20111
2023-08-11,10.95,10.7,10.95,10.25,27863
2023-08-14,10.7,10.62,10.95,10.57,15415
2023-08-15,10.31,10.01,10.63,10.01,32166
2023-08-16,10.16,11.05,11.4,10.03,165348
2023-08-17,10.69,10.9,11.14,10.69,27356
2023-08-18,10.9,10.9,10.99,10.7601,26538
2023-08-21,11.0,10.75,11.0,10.6201,32814
2023-08-22,10.75,10.78,10.89,10.61,24322
2023-08-23,10.7,11.01,11.2,10.7,118550
2023-08-24,11.2,11.0,11.3,10.85,29950
2023-08-25,10.95,11.33,11.4392,10.92,125568
2023-08-28,11.27,11.25,11.35,11.1406,57267
2023-08-29,11.26,11.09,11.74,11.09,156327
2023-08-30,11.27,11.69,11.7887,11.27,80200
2023-08-31,11.89,12.04,12.15,11.5001,198464
2023-09-01,12.05,11.62,12.1085,11.5001,42477
2023-09-05,11.37,11.26,11.8461,11.26,23776
2023-09-06,11.58,11.8,11.86,11.39,35276
2023-09-07,11.65,11.66,11.9,11.6111,73406
2023-09-08,11.59,11.74,12.32,11.52,81260
2023-09-11,11.64,11.9,11.98,11.5011,123501
2023-09-12,11.63,11.69,11.76,11.58,53822
2023-09-13,11.7,11.67,11.89,11.55,67693
2023-09-14,11.9,11.89,11.9,11.52,33987
2023-09-15,11.88,11.543125,11.88,11.67,38074
2023-09-18,11.52,11.49,11.73,11.42,57877
2023-09-19,11.59,11.44,11.72,11.44,24694
2023-09-20,11.44,11.45,11.7,11.4,122285
2023-09-21,11.43,11.14,11.43,10.1,210127
2023-09-22,11.26,10.835,11.26,10.69,66845
2023-09-25,10.64,10.61,10.8795,10.61,58142
2023-09-26,10.74,11.1,11.11,10.65,192164
2023-09-27,11.1,11.8,12.23,11.0,526087
2023-09-28,11.86,12.44,12.45,11.52,319190
2023-09-29,12.76,12.44,12.93,12.15,202955
2023-10-02,12.54,11.63,12.6,11.62,27076
2023-10-03,11.63,10.77,11.63,10.72,30132
2023-10-04,10.8,10.62,11.03,10.51,17214
2023-10-05,10.78,10.46,10.78,10.33,26432
2023-10-06,10.32,10.65,10.89,10.32,33745
2023-10-09,10.83,10.41,10.83,10.41,22662
2023-10-10,10.61,11.0,11.0,10.6,40364
2023-10-11,11.14,10.74,11.18,10.6,56672
2023-10-12,10.75,10.43,10.76,10.43,39037
2023-10-13,10.55,10.65,10.65,10.42,23259
2023-10-16,10.49,10.75,10.78,10.49,22172
2023-10-17,10.565,10.78,10.88,10.53,10548
2023-10-18,10.61,10.65,10.6911,10.5,19695
2023-10-19,10.49,10.5,10.8488,10.45,16542
2023-10-20,10.45,10.55,10.55,10.45,9278
2023-10-23,10.55,10.51,10.64,10.48,29696
2023-10-24,10.83,10.65,10.83,10.49,17635
2023-10-25,10.51,10.5,10.6,10.31,24322
2023-10-26,10.38,10.6,10.68,10.36,13598
2023-10-27,10.52,10.57,10.59,10.225,18426
2023-10-30,10.42,10.5,10.56,10.35,20213
2023-10-31,10.38,10.54,10.58,10.38,21697
2023-11-01,10.46,10.73,10.87,10.46,26214
2023-11-02,10.66,11.2,11.2,10.58,68912
2023-11-03,11.3,11.96,12.165,11.3,29427
2023-11-06,11.51,11.64,12.0,11.51,11730
2023-11-07,11.42,11.65,11.665,11.395,6783
2023-11-08,11.44,11.35,11.69,11.33,11239
2023-11-09,11.52,11.12,11.75,11.03,28872
2023-11-10,11.0,11.49,11.52,11.0,11492
2023-11-13,11.3681,11.25,11.65,11.16,19050
2023-11-14,11.4,11.7,11.95,11.4,38847
2023-11-15,11.56,11.5,11.8099,11.45,22832
2023-11-16,11.42,11.74,11.8,11.42,18221
2023-11-17,11.74,11.66,11.74,11.61,18753
2023-11-20,11.61,11.61,11.65,11.39,46879
2023-11-21,11.51,11.64,11.64,11.47,30212
2023-11-22,11.64,11.62,11.64,11.32,29943
2023-11-24,11.48,11.61,11.61,11.4021,6480
2023-11-27,11.58,11.31,11.58,11.26,23942
2023-11-28,11.4058,11.4,11.58,11.3,55184
2023-11-29,11.32,11.47,11.62,11.32,93693
2023-11-30,11.44,12.0,12.05,11.44,174154
2023-12-01,12.0,12.22,12.35,11.92,67740
2023-12-04,12.1,12.14,12.29,11.95,144912
2023-12-05,12.14,12.2,12.4,12.12,73866
2023-12-06,12.4,12.32,12.53,12.31,81292
2023-12-07,12.32,12.45,12.58,12.315,244790
2023-12-08,12.44,12.56,12.5799,12.43,65197
2023-12-11,12.57,12.55,12.64,12.49,49500
2023-12-12,12.59,12.62,12.7,12.58,23076
2023-12-13,12.69,12.97,12.9799,12.69,205636
2023-12-14,12.9,12.953125,13.45,12.9,156956
2023-12-15,12.85,12.92,13.12,12.497,87184
2023-12-18,13.0,12.95,13.0,12.66,73098
2023-12-19,12.85,13.0,13.0,12.675,41914
2023-12-20,12.89,13.1,13.32,12.89,197243
2023-12-21,13.32,13.0,13.32,12.77,91971
2023-12-22,13.0,13.08,13.1499,12.7894,36843
2023-12-26,13.1,12.89,13.1,12.815,32514
2023-12-27,12.92,12.8,13.1,12.79,29446
2023-12-28,13.32,13.27,13.99,13.1292,117761
2023-12-29,13.17,14.01,14.23,13.17,625460
2024-01-02,14.06,13.78,14.42,13.78,65476
2024-01-03,13.76,13.76,14.1,13.75,28152
2024-01-04,13.75,14.45,14.49,13.75,18682
2024-01-05,14.43,14.12,14.67,14.08,89943
2024-01-08,14.08,14.1,14.41,14.03,71290
2024-01-09,14.02,14.2201,14.33,14.02,74099
2024-01-10,14.22,14.26,14.59,14.22,88727
2024-01-11,14.26,14.5,14.58,14.26,14183
2024-01-12,14.44,14.45,14.57,14.4101,29890
2024-01-16,14.31,14.14,14.31,14.11,47656
2024-01-17,14.14,13.92,14.19,13.92,39623
2024-01-18,13.93,13.82,13.94,13.29,35128
2024-01-19,13.78,13.77,14.09,13.6829,126798
2024-01-22,13.88,13.64,13.92,13.64,60571
2024-01-23,13.64,13.71,13.81,13.64,11675
2024-01-24,13.85,13.82,13.88,13.7328,27458
2024-01-25,13.78,14.14,14.17,13.66,25607
2024-01-26,14.04,13.9,14.04,13.81,23573
2024-01-29,13.97,13.86,13.97,13.8,33825
2024-01-30,13.76,14.09,14.1,13.76,5920
2024-01-31,13.93,14.25,14.4,13.7107,112979
2024-02-01,14.28,14.24,14.45,13.9401,13967
2024-02-02,14.155,14.1,14.17,14.0,17491
2024-02-05,13.9,13.74,13.925,13.43,43445
2024-02-06,13.78,13.95,14.37,13.69,47026
2024-02-07,13.985,13.85,13.985,13.6,25146
2024-02-08,13.73,13.85,14.015,13.73,27666
2024-02-09,13.74,13.96,14.11,13.74,21780
2024-02-12,14.0,14.0,14.22,13.9,20508
2024-02-13,13.6,13.61,13.7599,13.5002,37025
2024-02-14,13.68,13.91,13.95,13.5,19836
2024-02-15,13.99,13.75,13.99,13.56,126549
2024-02-16,13.61,13.76,13.845,13.61,18277
2024-02-20,13.69,13.7,13.75,13.6,20529
2024-02-21,13.62,13.61,13.76,13.4201,28317
2024-02-22,13.67,13.65,13.8,13.5,36668
2024-02-23,13.77,13.7,13.87,13.39,57510
2024-02-26,13.62,13.71,13.875,13.54,18723
2024-02-27,13.66,13.62,13.72,13.52,21036
2024-02-28,13.8,13.92,14.02,13.8,9242
2024-02-29,13.95,14.05,14.36,13.91,142385
2024-03-01,13.95,13.9,14.085,13.8104,10832
2024-03-04,13.77,13.97,14.22,13.77,23686
2024-03-05,13.85,13.9,13.95,13.8409,10849
2024-03-06,13.9,13.79,14.21,13.79,24389
2024-03-07,14.02,14.03,14.41,14.02,20504
2024-03-08,14.18,14.1,14.27,14.09,27370
2024-03-11,14.09,14.23,14.32,14.09,37066
2024-03-12,14.32,14.44,14.54,14.3,40118
2024-03-13,14.41,14.44,14.55,14.3525,523400
2024-03-14,14.41,13.963125,14.41,14.21,95531
2024-03-15,14.12,14.19,14.2,13.9771,31612
2024-03-18,14.07,14.05,14.1,13.9,37304
2024-03-19,13.9001,14.06,14.16,13.9001,31429
2024-03-20,13.96,14.0,14.19,13.8913,58205
2024-03-21,14.0,13.92,14.18,13.88,38037
2024-03-22,14.13,13.99,14.13,13.9,24437
2024-03-25,13.895,13.94,13.98,13.77,14722
2024-03-26,14.03,13.93,14.03,13.8,24084
2024-03-27,13.89,13.95,14.12,13.89,64405
2024-03-28,14.15,13.82,14.2323,13.71,559113
2024-04-01,13.84,14.12,14.12,13.41,68581
2024-04-02,13.9,13.86,13.9,13.81,3804
2024-04-03,13.71,13.77,13.85,13.45,19840
2024-04-04,13.77,13.8,14.09,13.77,41929
2024-04-05,13.63,13.72,14.01,13.63,36567
2024-04-08,13.64,13.78,13.78,13.64,2394
2024-04-09,13.71,13.78,13.8999,13.71,12797
2024-04-10,13.6,13.83,13.83,13.46,43644
2024-04-11,13.81,13.79,13.81,13.58,19704
2024-04-12,13.72,13.62,13.9,13.62,2765
2024-04-15,13.58,13.77,13.833,13.32,31495
2024-04-16,13.7,13.8,13.8,13.6,18613
2024-04-17,13.75,13.83,13.88,13.7,5549
2024-04-18,13.75,13.8,13.82,13.62,9488
2024-04-19,13.8,13.82,14.02,13.78,21084
2024-04-22,13.75,13.99,14.02,13.75,16773
2024-04-23,13.96,14.15,14.2,13.945,31022
2024-04-24,14.14,14.12,14.14,13.95,5267
2024-04-25,14.0,14.0,14.0,13.7,4458
2024-04-26,13.89,13.92,14.05,13.82,11086
2024-04-29,13.81,14.06,14.17,13.81,11396
2024-04-30,14.16,14.2,14.2,13.96,22007
2024-05-01,14.15,14.15,14.15,13.82,10061
2024-05-02,13.9,14.1697,14.3395,13.71,130433
2024-05-03,14.3,14.17,14.36,14.15,12912
2024-05-06,14.14,14.14,14.36,13.97,4800
2024-05-07,14.09,14.17,14.25,14.07,6761
2024-05-08,14.13,14.18,14.18,13.92,9043
2024-05-09,14.13,14.16,14.21,14.13,10165
2024-05-10,14.12,14.22,14.25,14.0501,7595
2024-05-13,14.15,14.21,14.24,14.15,14437
2024-05-14,14.12,14.33,14.36,14.12,9732
2024-05-15,14.33,14.2,14.45,14.2,26498
2024-05-16,14.21,14.39,14.39,14.21,11066
2024-05-17,14.24,14.24,14.3165,14.0101,28638
2024-05-20,14.29,14.12,14.32,14.12,26130
2024-05-21,14.0,14.05,14.2467,14.0,57591
2024-05-22,14.18,13.81,14.19,13.81,17531
2024-05-23,13.8,13.94,14.01,13.54,109593
2024-05-24,14.04,14.05,14.07,13.5,23524
2024-05-28,13.97,13.95,13.97,13.78,25923
2024-05-29,13.81,13.89,13.89,13.7,55834
2024-05-30,13.82,13.85,13.87,13.6634,61896
2024-05-31,13.9,14.17,14.26,13.74,136784
2024-06-03,14.15,13.97,14.15,13.91,62760
2024-06-04,13.82,14.02,14.14,13.82,19638
2024-06-05,13.94,14.0,14.0,13.9,4529
2024-06-06,13.93,13.96,14.02,13.86,75945
2024-06-07,13.82,13.84,13.905,13.79,88302
2024-06-10,13.81,13.8,13.81,13.75,14079
2024-06-11,13.8,13.75,13.8,13.75,6007
2024-06-12,13.76,13.94,14.355,13.76,7834
2024-06-13,13.9,14.25,14.3,13.87,16027
2024-06-14,14.13,13.683125,14.13,13.91,20742
2024-06-17,13.68,13.84,13.91,13.68,33273
2024-06-18,13.86,13.9,14.15,13.76,32399
2024-06-20,13.84,13.83,13.86,13.79,13013
2024-06-21,13.74,13.85,14.12,13.74,18724
2024-06-24,13.8301,13.84,13.965,13.79,15935
2024-06-25,13.87,13.68,13.87,13.55,62019
2024-06-26,13.67,13.66,13.75,13.65,119926
2024-06-27,13.73,13.7,13.79,13.5,28971
2024-06-28,13.75,13.69,13.8,13.63,76733
2024-07-01,13.65,13.62,13.7165,13.52,27852
2024-07-02,13.62,13.68,13.73,13.62,10505
2024-07-03,13.6652,13.6,13.73,13.46,19644
2024-07-05,13.6,13.2,13.6,13.06,44938
2024-07-08,13.25,13.12,13.31,13.03,33257
2024-07-09,13.15,13.13,13.2899,13.1,20199
2024-07-10,13.11,12.95,13.11,12.81,141431
2024-07-11,13.0,13.51,13.63,12.89,109424
2024-07-12,13.49,13.15,13.49,13.11,16088
2024-07-15,13.02,13.11,13.18,12.93,84456
2024-07-16,13.0,12.9,13.0,12.72,20923
2024-07-17,12.8,12.8,12.88,12.7,97868
2024-07-18,12.8,12.69,12.8,12.64,168186
2024-07-19,12.86,12.51,12.86,12.43,58269
2024-07-22,12.51,12.4,12.52,12.4,30362
2024-07-23,12.4,12.25,12.42,12.25,101645
2024-07-24,12.38,12.49,12.74,12.2,60740
2024-07-25,12.6,12.49,12.7,12.42,29058
2024-07-26,12.55,12.62,12.8,12.4036,99659
2024-07-29,12.62,12.57,12.65,12.46,51718
2024-07-30,12.61,12.92,12.92,12.59,51863
2024-07-31,12.98,12.79,13.23,12.79,73593
2024-08-01,13.06,13.15,13.22,12.96,6626
2024-08-02,13.22,12.58,13.22,12.58,15160
2024-08-05,12.56,12.25,12.56,12.06,12926
2024-08-06,12.35,12.25,12.57,12.13,26637
2024-08-07,12.38,12.4,12.47,12.37,6328
2024-08-08,12.36,11.53,12.36,11.1,160738
2024-08-09,11.73,11.44,11.73,11.22,28502
2024-08-12,11.56,11.18,11.575,11.18,20149
2024-08-13,11.29,11.3,11.42,11.1415,12595
2024-08-14,11.18,11.3,11.47,11.11,11947
2024-08-15,11.43,11.86,11.9499,11.28,21698
2024-08-16,12.06,11.98,12.2,11.94,23175
2024-08-19,12.11,12.07,12.4098,12.0,16660
2024-08-20,12.23,11.94,12.23,11.805,24954
2024-08-21,12.03,11.9057,12.03,11.74,12123
2024-08-22,11.85,11.97,12.255,11.85,11712
2024-08-23,12.19,12.3,12.73,12.055,21312
2024-08-26,12.46,12.36,12.64,12.2,11358
2024-08-27,12.2,12.2,12.4,12.1485,20976
2024-08-28,12.12,12.285,12.35,12.12,57807
2024-08-29,12.26,12.26,12.48,12.09,61706
2024-08-30,12.23,12.7,12.93,12.05,37804
2024-09-03,12.81,12.79,12.81,12.53,37875
2024-09-04,12.79,12.94,13.0632,12.79,13829
2024-09-05,12.82,12.8512,12.95,12.76,8191
2024-09-06,12.82,12.8,12.85,12.6701,5267
2024-09-09,12.81,12.95,12.95,12.6,10065
2024-09-10,12.35,12.52,13.14,12.35,161332
2024-09-11,12.5,12.55,12.66,12.477,157598
2024-09-12,12.65,12.61,12.87,12.6,18144
2024-09-13,12.75,12.88,13.0,12.75,40678
2024-09-16,12.97,13.01,13.18,12.87,16702
2024-09-17,13.03,13.672,13.9,13.03,56356
2024-09-18,13.61,13.47,13.64,13.44,12729
2024-09-19,13.62,13.543125,14.0,13.605,38698
2024-09-20,13.71,13.65,13.87,13.59,22243
2024-09-23,13.81,14.02,14.28,13.81,13172
2024-09-24,14.26,14.3,14.43,14.1,516858
2024-09-25,14.41,14.16,14.575,13.9801,38753
2024-09-26,14.28,14.0,14.297,13.92,33463
2024-09-27,14.04,14.0,14.18,13.89,25202
2024-09-30,14.15,13.72,14.15,13.65,46460
2024-10-01,13.73,14.18,14.28,13.73,24302
2024-10-02,14.28,13.97,14.435,13.8873,24808
2024-10-03,14.1,13.23,14.13,13.1704,33908
2024-10-04,13.23,13.63,13.63,12.8,34564
2024-10-07,13.72,13.7,14.18,13.395,44702
2024-10-08,13.81,13.8,13.885,13.33,12641
2024-10-09,13.47,13.96,14.0971,13.47,21579
2024-10-10,13.98,14.0,14.08,13.56,6795
2024-10-11,13.77,14.15,14.2,13.52,28834
2024-10-14,14.25,14.5,14.57,14.24,17774
2024-10-15,14.58,14.68,14.74,14.5,67567
2024-10-16,14.79,14.66,15.22,14.65,56653
2024-10-17,14.66,14.75,14.82,14.62,7909
2024-10-18,14.82,14.76,14.87,14.72,50313
2024-10-21,14.87,14.65,14.87,14.49,24781
2024-10-22,14.79,14.72,14.79,14.6501,58854
2024-10-23,14.75,14.64,14.75,14.21,60891
2024-10-24,14.64,14.57,14.7089,14.49,61092
2024-10-25,14.67,14.46,14.765,14.33,15355
2024-10-28,14.46,14.57,14.59,14.3501,8939
2024-10-29,14.55,14.67,15.57,14.44,19943
2024-10-30,14.52,14.37,14.67,14.3,11455
2024-10-31,14.48,14.59,14.6,13.9,28038
2024-11-01,14.59,14.16,14.59,14.16,1286
2024-11-04,14.31,14.21,14.31,14.09,21884
2024-11-05,14.3,14.48,14.48,14.25,11236
2024-11-06,14.54,14.24,14.59,14.17,8646
2024-11-07,14.48,14.37,14.48,14.15,4397
2024-11-08,14.59,14.45,14.67,14.37,12985
2024-11-11,14.5,13.77,14.5,13.76,26594
2024-11-12,13.74,12.91,14.106191,12.82,27740
2024-11-13,13.95,13.41,13.95,13.35,54157
2024-11-14,13.77,13.6,13.77,13.35,24427
2024-11-15,13.7,13.66,13.7,13.38,22719
2024-11-18,13.71,13.73,13.85,13.5,22853
2024-11-19,13.61,13.93,14.22,13.6,24346
2024-11-20,13.95,13.76,14.1,13.69,67492
2024-11-21,13.68,13.86,14.03,13.68,49158
2024-11-22,14.0,13.86,14.0,13.8348,61031
2024-11-25,14.03,14.06,14.22,13.66,37505
2024-11-26,14.1,14.2,14.2,13.75,28238
2024-11-27,14.2,14.2402,14.2402,14.06,40458
2024-11-29,14.2,14.23,14.3,14.0,207049
2024-12-02,14.03,14.18,14.205,13.942,27524
2024-12-03,14.06,14.08,14.23,14.03,68719
2024-12-04,14.0,14.12,14.16,14.0,14298
2024-12-05,14.03,14.18,14.24,14.03,16430
2024-12-06,14.25,14.14,14.25,14.115,14249
2024-12-09,14.13,14.15,14.23,14.08,21145
2024-12-10,14.21,14.1,14.21,14.06,21078
2024-12-11,14.24,14.11,14.24,14.1,15847
2024-12-12,14.1,14.19,14.19,14.05,19897
2024-12-13,14.07,14.18,14.18,14.05,10026
2024-12-16,14.12,13.97,14.12,13.0,53053
2024-12-17,13.91,13.85,14.09,13.29,120858
2024-12-18,13.95,13.79,13.95,13.31,131101
2024-12-19,13.78,13.413125,13.94,13.358,106475
2024-12-20,13.33,13.69,13.84,13.33,39057
2024-12-23,13.56,13.69,13.69,13.445,24047
2024-12-24,13.7,13.63,13.7,13.5,12729
2024-12-26,13.7,13.66,13.7,13.57,18793
2024-12-27,13.7,13.72,13.72,13.29,62687
2024-12-30,13.72,14.07,14.09,13.62,22763
2024-12-31,14.01,14.03,14.03,13.66,214147
2025-01-02,14.01,13.95,14.05,13.92,16124
2025-01-03,14.0044,13.68,14.01,13.675,14454
2025-01-06,13.6,13.44,13.7,13.44,56181
2025-01-07,13.42,13.6,13.6,12.81,45039
2025-01-08,13.59,13.3,13.59,12.905,25761
2025-01-10,13.24,12.95,13.24,12.75,37220
2025-01-13,12.87,13.1,13.1,12.5,85218
2025-01-14,13.1,13.04,13.1,12.8955,72641
2025-01-15,13.17,13.34,13.44,13.17,40297
2025-01-16,13.45,13.25,13.45,13.1,26108
2025-01-17,13.33,13.26,13.45,13.1,19138
2025-01-21,13.28,13.47,13.4761,12.88,28242
2025-01-22,13.47,13.35,13.47,13.302,10442
2025-01-23,13.4593,13.26,13.4593,13.25,3182
2025-01-24,13.26,13.44,13.5,13.26,2495
2025-01-27,13.4,14.37,14.5161,13.4,20209
2025-01-28,14.32,14.15,14.32,14.01,11357
2025-01-29,14.0,13.8,14.1228,13.8,5132
2025-01-30,13.9,14.06,14.17,13.9,6079
2025-01-31,14.17,13.95,14.38,13.62,67786
2025-02-03,13.7138,13.86,14.0,13.46,8007
2025-02-04,13.91,13.72,13.96,13.69,4465
2025-02-05,13.84,14.26,14.38,13.77,16573
2025-02-06,14.22,13.89,14.28,13.89,15983
2025-02-07,13.97,13.65,13.97,13.5625,4097
2025-02-10,13.56,13.63,13.66,13.56,5070
2025-02-11,13.5,13.4952,13.7422,13.48,14020
2025-02-12,13.27,13.31,13.57,13.03,40784
2025-02-13,13.46,13.55,13.6,13.392727,17710
2025-02-14,13.68,13.63,13.68,13.42,3781
2025-02-18,13.75,13.65,13.81,13.6,2836
2025-02-19,13.66,13.62,13.79,13.5,2218
2025-02-20,13.5,13.85,13.85,13.465,16601
2025-02-21,13.9,13.7,13.9,13.7,8749
2025-02-24,13.67,13.56,13.67,13.4033,3556
2025-02-25,13.6,13.65,13.995,13.52,39567
2025-02-26,13.88,13.77,13.96,13.5701,9248
2025-02-27,13.88,13.67,13.88,13.57,22514
2025-02-28,13.79,13.47,13.9,13.46,13637
2025-03-03,13.53,13.54,13.61,13.52,10174
2025-03-04,13.52,13.41,13.52,13.03,32915
2025-03-05,13.49,13.47,13.51,13.15,131927
2025-03-06,13.41,13.48,13.51,13.3507,22802
2025-03-07,13.64,13.57,13.64,13.28,17189
2025-03-10,13.63,13.56,13.63,13.44,6473
2025-03-11,13.535,13.5836,13.5836,13.505,20474
2025-03-12,13.58,13.5,13.6968,13.39,17992
2025-03-13,13.57,13.35,13.57,13.0294,39886
2025-03-14,13.45,13.59,13.59,12.86,149348
2025-03-17,13.49,13.7,13.75,13.36,21457
2025-03-18,13.59,13.64,13.68,13.37,20133
2025-03-19,13.75,13.75,13.81,13.42,18444
2025-03-20,13.68,13.443125,13.81,13.59,16592
2025-03-21,13.62,13.65,13.72,13.44,25572
2025-03-24,13.6,13.67,13.69,13.5201,21645
2025-03-25,13.7,13.75,13.8,13.43,74022
2025-03-26,13.7,13.48,13.8,13.42,23598
2025-03-27,13.56,13.56,13.61,13.42,98966
2025-03-28,13.56,13.51,13.7269,13.43,124629
2025-03-31,13.49,13.16,13.55,13.16,509205
2025-04-01,13.22,13.16,13.22,12.9,29774
2025-04-02,13.05,12.9,13.25,12.69,20832
2025-04-03,12.35,12.6,12.61,12.16,44034
2025-04-04,12.44,12.09,12.47,11.23,26522
2025-04-07,11.23,11.95,12.0,11.23,41496
2025-04-08,12.05,12.25,12.69,12.05,25513
2025-04-09,11.97,13.05,13.5,11.97,55128
2025-04-10,12.85,12.83,12.9,12.55,20163
2025-04-11,12.63,12.88,13.0,12.4,13702
