2019-09-18,18.31,24.3,24.57,17.5,1751314
2019-09-19,23.55,20.66,24.5,19.6162,272369
2019-09-20,20.82,21.4,21.6099,19.6303,148820
2019-09-23,21.51,21.0,22.53,20.75,206384
2019-09-24,21.04,20.7,21.49,19.04,169440
2019-09-25,20.66,19.83,21.24,19.13,72869
2019-09-26,20.27,18.12,20.51,17.305,174712
2019-09-27,18.07,17.91,18.9,16.56,116261
2019-09-30,17.78,17.75,18.03,16.51,40053
2019-10-01,17.66,17.68,18.18,17.09,254721
2019-10-02,17.6,17.5,18.64,16.1,199084
2019-10-03,17.66,18.17,18.69,17.32,191818
2019-10-04,18.0,18.17,18.91,17.61,41959
2019-10-07,17.95,18.18,18.25,17.151,62877
2019-10-08,17.98,17.89,18.25,17.03,281602
2019-10-09,17.88,17.82,17.88,17.6508,26690
2019-10-10,17.8,17.43,18.27,17.02,25176
2019-10-11,17.33,17.25,18.42,17.13,62470
2019-10-14,17.01,18.39,19.51,17.01,185232
2019-10-15,18.7,18.95,19.6,18.5441,137575
2019-10-16,18.81,18.58,19.57,18.2,58116
2019-10-17,18.73,18.83,19.43,18.7,24492
2019-10-18,18.72,19.0,19.29,17.501,35926
2019-10-21,19.0,19.03,19.99,18.74,124961
2019-10-22,19.05,18.85,19.475,18.65,87725
2019-10-23,18.89,20.91,21.39,18.89,41711
2019-10-24,21.09,21.77,22.734,20.43,13464
2019-10-25,21.6,23.03,23.74,21.59,40571
2019-10-28,23.0,23.65,25.13,22.2267,72521
2019-10-29,23.0201,23.8,24.2,23.02,98105
2019-10-30,23.61,23.7,23.8,22.51,31806
2019-10-31,23.69,23.2,24.01,23.13,41342
2019-11-01,23.07,22.48,23.93,22.465,55809
2019-11-04,22.79,23.99,24.0413,22.09,49320
2019-11-05,23.73,23.8,23.895,23.2,100585
2019-11-06,23.95,23.59,23.95,20.4,99618
2019-11-07,23.73,23.35,24.09,22.61,44225
2019-11-08,22.84,23.88,24.8,22.6,95161
2019-11-11,23.7,23.98,24.47,23.13,98186
2019-11-12,23.91,23.99,24.34,23.18,72610
2019-11-13,23.92,25.45,26.92,23.5,172892
2019-11-14,25.75,26.9,27.98,23.53,165242
2019-11-15,27.1,28.15,28.95,27.1,307854
2019-11-18,28.15,25.57,28.98,25.53,89072
2019-11-19,25.57,24.51,26.005,23.53,133842
2019-11-20,24.6,24.26,26.04,23.24,132118
2019-11-21,24.2,20.73,24.95,20.54,143583
2019-11-22,20.81,20.06,21.5,19.43,81846
2019-11-25,20.11,22.52,23.0,19.955,251375
2019-11-26,22.8,23.06,24.08,22.06,224404
2019-11-27,23.04,22.84,23.375,22.32,72340
2019-11-29,23.05,22.61,23.05,21.4006,81441
2019-12-02,23.0,20.02,23.636,19.81,230121
2019-12-03,20.03,19.9,20.625,19.605,110983
2019-12-04,20.13,22.21,23.0,19.95,126733
2019-12-05,22.56,21.52,23.3,20.95,84735
2019-12-06,21.64,22.72,23.0,20.34,207271
2019-12-09,23.85,25.75,26.9045,23.8,143711
2019-12-10,26.0,27.36,28.43,25.5,103126
2019-12-11,27.47,26.33,28.2,25.0499,74632
2019-12-12,27.49,28.07,28.3022,26.555,101572
2019-12-13,28.11,29.08,30.7099,27.195,109809
2019-12-16,29.29,30.14,33.18,29.26,158861
2019-12-17,30.21,30.29,32.03,28.22,158109
2019-12-18,30.26,34.39,40.0,29.8,205780
2019-12-19,35.0,36.69,37.3108,35.0,145286
2019-12-20,37.49,42.19,48.14,35.0,1236850
2019-12-23,43.56,46.08,48.93,42.2483,217849
2019-12-24,46.93,46.53,47.6758,43.9522,41277
2019-12-26,45.95,49.51,57.4154,45.95,242357
2019-12-27,49.24,40.91,49.4651,40.76,122285
2019-12-30,40.5,42.48,42.89,37.96,194539
2019-12-31,42.84,38.16,42.84,35.24,233901
2020-01-02,38.07,36.34,38.07,35.76,76969
2020-01-03,35.02,33.29,35.98,32.42,119562
2020-01-06,33.8,33.07,34.97,32.0001,107588
2020-01-07,33.14,32.82,33.51,31.5,89304
2020-01-08,32.61,33.15,33.79,32.1975,137855
2020-01-09,33.52,34.29,36.86,33.04,189199
2020-01-10,34.43,34.36,35.42,32.6601,149926
2020-01-13,34.44,32.42,35.226,32.02,122106
2020-01-14,32.4,32.02,33.12,31.48,125130
2020-01-15,32.03,32.5,33.59,32.0208,142779
2020-01-16,32.55,33.55,34.365,32.55,180704
2020-01-17,33.85,35.93,37.12,33.2,225515
2020-01-21,35.93,36.21,39.18,35.71,337673
2020-01-22,36.33,39.37,40.5478,36.33,252865
2020-01-23,39.57,40.04,41.49,38.51,217356
2020-01-24,40.72,39.83,41.89,39.47,127199
2020-01-27,38.95,39.67,39.96,37.51,170461
2020-01-28,39.98,39.95,42.55,39.63,131294
2020-01-29,40.0,36.84,41.86,36.53,90330
2020-01-30,35.77,35.41,36.8,34.2908,126666
2020-01-31,35.2,33.99,36.14,33.505,35795
2020-02-03,35.14,38.89,39.33,34.5753,61415
2020-02-04,38.84,39.76,40.24,37.98,61806
2020-02-05,40.23,40.27,41.405,39.1131,37811
2020-02-06,40.93,40.5,40.93,39.73,34904
2020-02-07,39.55,40.27,41.08,38.4229,78387
2020-02-10,40.16,39.64,41.3611,39.58,206939
2020-02-11,39.55,42.96,43.36,39.37,75250
2020-02-12,43.21,42.77,44.2387,42.25,102456
2020-02-13,42.39,45.33,45.33,42.13,51077
2020-02-14,45.98,43.24,46.96,43.01,167340
2020-02-18,43.99,45.27,46.695,43.44,227562
2020-02-19,45.54,47.9,50.0,45.27,147727
2020-02-20,49.1,50.47,50.79,47.62,195203
2020-02-21,50.54,60.69,61.5,49.8,351444
2020-02-24,58.37,54.5,58.37,51.01,234422
2020-02-25,54.43,52.05,55.8373,47.5,144169
2020-02-26,52.18,53.5,54.85,52.18,94067
2020-02-27,52.99,54.01,54.83,47.61,162599
2020-02-28,52.0,51.41,53.51,48.01,97153
2020-03-02,52.46,62.73,67.7642,51.515,167710
2020-03-03,63.0,63.5,69.89,60.0,333837
2020-03-04,64.42,73.75,74.13,63.74,94385
2020-03-05,71.95,58.71,72.75,58.5589,244421
2020-03-06,58.0,63.1,63.73,54.8,140083
2020-03-09,61.68,51.85,61.68,47.5,177909
2020-03-10,52.75,50.41,56.2748,44.7,169784
2020-03-11,49.14,52.32,52.95,43.1756,153930
2020-03-12,49.49,37.04,49.49,34.73,159397
2020-03-13,39.21,36.49,43.53,32.01,203932
2020-03-16,33.61,31.51,40.92,27.55,183974
2020-03-17,31.97,36.91,40.82,31.97,140951
2020-03-18,35.0,34.11,36.0,32.0006,152093
2020-03-19,33.81,43.18,47.0,33.81,95123
2020-03-20,43.73,46.39,46.57,38.98,141365
2020-03-23,45.95,51.64,51.76,43.22,64286
2020-03-24,54.43,49.32,54.8416,48.26,48580
2020-03-25,49.75,47.31,50.0,44.52,72725
2020-03-26,47.81,43.0,48.0,42.205,95745
2020-03-27,41.13,46.48,46.95,40.84,110717
2020-03-30,47.69,52.99,54.88,47.69,81339
2020-03-31,53.4,56.15,58.8,53.07,166323
2020-04-01,54.9,51.3,54.9,45.01,101469
2020-04-02,51.34,57.7,58.37,50.375,58004
2020-04-03,57.87,60.01,60.88,53.0,44853
2020-04-06,61.0,58.92,62.9999,56.14,54012
2020-04-07,59.63,55.75,59.63,54.57,52622
2020-04-08,56.0,59.91,61.725,54.68,153126
2020-04-09,61.01,64.83,70.0,59.6499,105470
2020-04-13,64.2,58.09,65.5,56.57,157574
2020-04-14,60.21,58.04,62.0,57.53,49905
2020-04-15,57.25,56.0,58.01,53.1403,137659
2020-04-16,56.5,57.03,58.8,56.245,48852
2020-04-17,58.98,59.99,61.95,57.31,134830
2020-04-20,59.87,58.54,61.0,57.56,60412
2020-04-21,57.98,58.58,60.64,57.75,62606
2020-04-22,63.68,57.24,63.68,56.12,54525
2020-04-23,57.91,56.54,59.96,56.12,61110
2020-04-24,57.02,56.5,59.71,56.5,83745
2020-04-27,57.09,57.78,61.82,56.95,43395
2020-04-28,58.95,52.86,60.48,52.29,85171
2020-04-29,54.52,53.74,54.7,52.29,36936
2020-04-30,52.34,54.77,56.645,51.38,45817
2020-05-01,54.44,54.4,54.44,51.4935,28138
2020-05-04,54.55,53.67,54.55,51.13,16534
2020-05-05,54.98,55.2,58.26,53.86,77438
2020-05-06,55.86,55.63,58.5,54.83,77897
2020-05-07,56.91,58.71,63.0,56.02,117756
2020-05-08,63.44,58.74,63.44,57.29,56776
2020-05-11,59.0,63.97,65.0,58.34,72152
2020-05-12,63.86,58.64,66.38,56.6,55353
2020-05-13,57.93,55.24,59.99,52.82,67783
2020-05-14,54.91,58.08,58.3797,53.0,39998
2020-05-15,55.7,59.0,61.37,55.7,66037
2020-05-18,61.86,56.48,61.86,54.66,120636
2020-05-19,56.99,52.73,58.17,52.1,94945
2020-05-20,53.66,57.84,59.565,51.45,92972
2020-05-21,57.77,58.995,59.7,54.51,46893
2020-05-22,59.19,58.11,59.505,56.705,41281
2020-05-26,59.98,62.66,63.06,59.0,148021
2020-05-27,63.83,63.3,66.0,63.0701,115619
2020-05-28,64.85,64.99,68.0,64.13,125484
2020-05-29,65.19,64.78,65.78,63.495,141928
2020-06-01,64.36,64.06,66.32,63.46,57446
2020-06-02,63.7,63.03,63.735,58.05,62776
2020-06-03,64.0,62.36,65.74,61.8,43703
2020-06-04,61.8,58.4,62.99,57.865,62828
2020-06-05,59.46,59.82,61.81,58.85,70934
2020-06-08,60.4,59.73,61.07,58.3601,103524
2020-06-09,59.19,62.74,63.57,59.19,102618
2020-06-10,63.11,59.64,65.5,58.2603,235519
2020-06-11,58.47,60.38,61.27,57.04,89166
2020-06-12,62.05,62.54,64.92,57.77,63032
2020-06-15,61.25,65.3,66.13,60.45,80121
2020-06-16,66.49,68.1,68.11,65.02,154579
2020-06-17,69.33,70.1,72.93,68.3226,95087
2020-06-18,69.85,70.6,73.2355,69.85,87732
2020-06-19,71.49,65.46,71.49,65.46,390804
2020-06-22,65.7,67.64,68.49,62.725,119092
2020-06-23,68.0,72.23,73.58,67.69,91342
2020-06-24,71.99,74.87,75.78,70.2901,127325
2020-06-25,75.69,75.21,80.55,74.065,101352
2020-06-26,74.61,69.01,76.6554,66.77,454366
2020-06-29,69.47,67.94,70.01,67.705,89996
2020-06-30,68.0,73.0,74.59,67.915,103523
2020-07-01,68.62,71.94,75.685,68.62,114583
2020-07-02,73.3,72.39,75.4173,70.78,47378
2020-07-06,73.11,70.82,78.32,70.59,89092
2020-07-07,70.08,70.68,73.605,69.42,82862
2020-07-08,71.23,72.17,73.15,70.36,61556
2020-07-09,72.32,71.65,73.0236,68.66,46329
2020-07-10,72.35,70.7,72.59,68.69,32407
2020-07-13,71.43,65.77,72.18,65.51,32111
2020-07-14,65.77,62.68,66.68,61.98,85892
2020-07-15,64.11,62.0,64.48,61.27,51863
2020-07-16,62.15,62.76,65.79,60.01,84034
2020-07-17,63.26,63.03,64.58,62.29,73067
2020-07-20,62.82,64.06,65.994,62.2073,60588
2020-07-21,64.52,61.28,64.52,60.95,60750
2020-07-22,60.5,58.94,63.045,58.69,38701
2020-07-23,58.23,57.95,62.95,57.07,76076
2020-07-24,57.02,53.58,60.0899,52.8,195988
2020-07-27,53.72,53.98,55.95,53.41,123264
2020-07-28,53.99,51.53,56.0,51.53,66755
2020-07-29,51.96,50.16,53.9899,49.57,98970
2020-07-30,50.33,49.94,51.22,48.4535,118761
2020-07-31,50.0,50.26,51.84,46.55,159628
2020-08-03,50.55,52.51,53.7,50.55,72744
2020-08-04,52.93,55.03,55.03,52.75,206761
2020-08-05,56.0,54.52,56.72,52.915,94204
2020-08-06,54.39,51.78,55.05,51.235,47486
2020-08-07,52.32,52.23,53.9,51.03,76498
2020-08-10,52.33,54.21,55.02,52.23,36372
2020-08-11,54.48,53.26,56.5,53.26,45684
2020-08-12,53.46,51.78,54.2,51.46,48198
2020-08-13,51.36,54.01,55.935,51.3,90432
2020-08-14,53.77,51.92,53.95,51.68,25325
2020-08-17,51.81,52.08,52.58,50.7,49094
2020-08-18,52.5,49.93,52.5,49.57,99842
2020-08-19,50.07,50.22,50.59,49.0,52956
2020-08-20,50.03,49.67,52.32,48.645,50751
2020-08-21,49.32,47.64,49.32,46.99,44706
2020-08-24,48.35,44.87,48.35,43.59,100018
2020-08-25,44.68,45.47,45.97,43.3,80656
2020-08-26,45.18,43.0,45.42,42.105,106068
2020-08-27,42.55,43.53,46.575,42.55,187106
2020-08-28,44.62,45.33,46.57,43.56,114250
2020-08-31,45.06,43.0,45.79,41.41,119055
2020-09-01,43.49,44.77,46.5,43.0,112310
2020-09-02,44.9,47.71,47.96,44.815,88919
2020-09-03,47.35,49.02,49.5,46.72,159632
2020-09-04,50.65,50.4,51.89,49.23,209985
2020-09-08,50.28,50.2,51.26,48.45,155152
2020-09-09,50.19,52.91,54.99,49.96,104460
2020-09-10,54.55,60.47,65.39,54.32,362564
2020-09-11,60.25,55.12,61.72,54.2,192095
2020-09-14,55.71,61.25,63.68,55.71,158073
2020-09-15,63.9,66.59,67.77,63.15,246145
2020-09-16,67.44,68.67,69.635,66.7991,146926
2020-09-17,67.98,71.14,71.66,67.44,107212
2020-09-18,72.5,83.88,89.81,72.185,810891
2020-09-21,81.22,84.01,84.46,75.3,493789
2020-09-22,84.99,81.8,84.99,77.15,345375
2020-09-23,81.38,75.98,86.345,75.52,245874
2020-09-24,76.14,71.87,76.14,69.24,313886
2020-09-25,72.43,74.15,74.15,70.7106,197711
2020-09-28,73.88,75.74,77.98,73.25,138826
2020-09-29,76.15,74.65,78.45,74.15,111168
2020-09-30,74.04,73.81,75.91,69.945,130501
2020-10-01,73.59,76.13,80.23,73.2585,128265
2020-10-02,74.84,72.12,76.155,65.45,297084
2020-10-05,72.68,73.6,75.74,72.1,141655
2020-10-06,73.49,72.01,74.73,71.52,119884
2020-10-07,73.43,73.53,75.245,72.585,106846
2020-10-08,73.64,75.0,77.05,73.13,144990
2020-10-09,75.13,73.77,75.5,72.02,203499
2020-10-12,74.61,76.03,78.23,73.035,303939
2020-10-13,76.19,80.8,82.743,76.19,100665
2020-10-14,82.26,78.3,82.3001,77.34,201212
2020-10-15,77.98,79.34,80.1,75.76,114444
2020-10-16,79.1,75.12,79.65,71.6579,315798
2020-10-19,75.01,70.83,76.38,68.545,194495
2020-10-20,70.76,68.24,72.51,65.8,128313
2020-10-21,66.47,60.41,67.59,60.0,527285
2020-10-22,60.0,59.05,60.16,56.84,280916
2020-10-23,59.16,60.92,63.0,58.53,190148
2020-10-26,60.65,59.13,61.94,57.145,144213
2020-10-27,59.44,60.37,62.58,58.53,110282
2020-10-28,59.59,55.25,61.1,55.05,187554
2020-10-29,55.52,54.94,57.95,54.405,137263
2020-10-30,54.31,52.79,55.63,51.06,176115
2020-11-02,53.55,52.39,55.18,51.62,254852
2020-11-03,52.59,53.04,55.55,51.64,179796
2020-11-04,47.5,49.5,58.0,42.0,1125122
2020-11-05,50.0,48.92,51.11,47.86,255816
2020-11-06,48.68,47.41,50.0,46.41,191624
2020-11-09,48.0,54.15,54.56,44.935,413248
2020-11-10,54.2,55.9,57.5,52.5,317007
2020-11-11,56.44,54.2,58.39,53.21,156482
2020-11-12,54.16,53.36,55.83,52.24,81112
2020-11-13,53.52,53.47,54.56,51.89,120527
2020-11-16,53.68,54.0,54.75,52.3,137982
2020-11-17,54.5,53.77,55.33,52.4,205217
2020-11-18,55.41,57.39,58.24,53.16,239133
2020-11-19,56.79,60.59,63.59,56.15,200872
2020-11-20,59.8,60.71,62.71,59.6461,122385
2020-11-23,61.22,60.91,62.32,59.7,95095
2020-11-24,61.0,62.71,63.61,59.701,127194
2020-11-25,62.58,64.5,65.36,61.68,207616
2020-11-27,64.42,67.68,67.68,63.45,60261
2020-11-30,67.64,66.78,70.21,65.32,167835
2020-12-01,67.02,64.22,69.7697,63.4,126587
2020-12-02,63.57,62.56,65.0865,61.32,145682
2020-12-03,62.93,60.94,63.9,59.79,131475
2020-12-04,60.82,62.56,63.01,58.99,343609
2020-12-07,60.05,72.92,75.29,60.0,2055773
2020-12-08,69.4,115.03,119.0,69.4,2024639
2020-12-09,124.63,105.26,133.0,97.85,1728841
2020-12-10,103.88,95.13,111.78,95.09,478062
2020-12-11,96.0,86.8,103.245,84.21,458367
2020-12-14,93.14,87.44,100.0,87.43,385890
2020-12-15,88.76,88.14,90.2796,82.31,280951
2020-12-16,94.07,89.38,94.58,88.13,404955
2020-12-17,88.4,85.62,92.0394,84.0,199799
2020-12-18,86.87,84.28,90.49,84.1,992258
2020-12-21,82.35,82.94,83.99,79.43,323840
2020-12-22,80.04,83.05,86.74,80.0,299565
2020-12-23,83.1,85.72,85.72,79.73,226832
2020-12-24,86.2,89.51,90.91,86.2,128304
2020-12-28,90.27,89.92,91.19,88.33,175178
2020-12-29,90.5,88.69,90.825,85.1,160800
2020-12-30,88.73,91.18,95.85,88.73,194675
2020-12-31,92.35,88.29,92.46,86.73,198772
2021-01-04,88.07,77.27,88.95,75.65,297075
2021-01-05,77.48,79.12,80.22,76.43,202611
2021-01-06,79.76,79.81,81.72,76.6,174450
2021-01-07,81.32,83.04,83.87,80.69,142454
2021-01-08,84.71,84.72,88.1,80.26,215495
2021-01-11,83.09,85.34,86.14,81.93,147094
2021-01-12,86.49,91.14,93.95,84.315,219758
2021-01-13,90.33,88.1,94.82,87.51,137708
2021-01-14,91.22,94.47,98.47,86.0809,253729
2021-01-15,93.1,97.15,99.5475,93.1,142934
2021-01-19,99.99,102.5,106.71,98.785,208330
2021-01-20,103.88,99.41,103.9,96.33,172906
2021-01-21,99.92,92.69,99.92,92.45,180999
2021-01-22,92.05,94.29,94.98,88.51,131013
2021-01-25,94.85,98.0,98.7,92.022,109696
2021-01-26,98.58,96.8,100.76,94.15,151081
2021-01-27,95.24,96.13,99.53,92.38,343449
2021-01-28,96.19,95.34,100.5,93.725,178991
2021-01-29,98.7,95.34,102.36,92.73,177348
2021-02-01,96.74,97.5,98.37,92.2801,122030
2021-02-02,98.47,96.4,100.45,94.01,243020
2021-02-03,96.66,99.32,100.14,94.29,126604
2021-02-04,99.57,102.22,107.18,99.37,126954
2021-02-05,103.71,107.47,114.4082,101.025,235569
2021-02-08,109.09,119.51,121.5,108.795,198779
2021-02-09,120.28,121.23,124.33,119.71,149536
2021-02-10,122.51,116.5,127.11,113.92,175891
2021-02-11,117.41,109.35,119.86,103.6901,211154
2021-02-12,108.69,102.95,109.95,100.44,121658
2021-02-16,101.71,98.37,103.69,94.65,123279
2021-02-17,97.44,97.75,100.675,94.07,135202
2021-02-18,97.75,91.42,98.54,91.0,132438
2021-02-19,91.57,91.5,98.64,90.42,163725
2021-02-22,90.73,91.52,94.1099,90.03,135222
2021-02-23,90.0,95.54,98.54,86.585,284571
2021-02-24,96.24,94.69,101.99,91.99,86955
2021-02-25,95.78,83.95,97.61,83.57,135088
2021-02-26,85.96,87.43,89.87,81.12,142596
2021-03-01,87.81,92.44,93.14,87.17,68305
2021-03-02,94.06,89.27,94.06,88.09,119560
2021-03-03,88.89,81.31,89.835,78.2,133742
2021-03-04,80.98,74.77,81.32,71.91,212909
2021-03-05,76.25,78.27,79.305,69.67,139745
2021-03-08,78.45,71.56,81.02,71.54,126504
2021-03-09,74.35,80.75,81.18,73.69,202719
2021-03-10,82.85,83.6,86.8493,80.55,260852
2021-03-11,85.49,87.8,87.81,80.86,222142
2021-03-12,85.51,87.83,91.29,82.53,375424
2021-03-15,87.08,86.24,90.18,83.36,248696
2021-03-16,86.96,86.77,88.78,84.18,323980
2021-03-17,84.78,89.05,89.55,80.35,296658
2021-03-18,86.77,83.13,95.515,83.07,336438
2021-03-19,84.0,91.1,92.76,82.13,495467
2021-03-22,91.42,95.12,95.94,87.56,198169
2021-03-23,94.5,90.79,95.41,86.855,324773
2021-03-24,92.19,80.29,92.19,80.0,228524
2021-03-25,79.86,83.35,83.41,76.0,165108
2021-03-26,83.78,78.33,85.21,76.75,101103
2021-03-29,77.45,73.69,83.29,73.25,112334
2021-03-30,73.35,75.06,77.57,71.28,145404
2021-03-31,82.0,76.69,82.87,68.99,583572
2021-04-01,77.16,77.61,80.69,76.6867,267400
2021-04-05,79.03,83.4,85.0,77.63,170934
2021-04-06,82.94,82.08,84.3,80.06,141127
2021-04-07,81.19,82.19,83.675,78.34,116308
2021-04-08,82.83,79.7,83.095,77.995,118824
2021-04-09,78.66,68.49,80.46,68.0,308429
2021-04-12,70.0,62.1,70.0,61.7,213219
2021-04-13,63.07,62.27,64.6,59.45,284173
2021-04-14,62.85,63.93,66.64,62.85,319543
2021-04-15,64.39,62.41,65.5,61.37,117070
2021-04-16,62.3,59.69,62.3,58.81,159176
2021-04-19,58.65,58.69,60.7099,58.0,140417
2021-04-20,58.0,57.98,59.549,56.76,105759
2021-04-21,57.93,58.69,59.24,56.29,288212
2021-04-22,59.31,61.37,64.01,58.03,243087
2021-04-23,61.43,60.4,63.18,59.73,89548
2021-04-26,61.0,67.28,67.85,60.57,111149
2021-04-27,67.83,67.51,69.2412,66.17,143351
2021-04-28,66.85,69.59,70.2199,65.61,148916
2021-04-29,70.72,71.79,72.35,68.2201,223704
2021-04-30,70.11,70.72,72.97,69.51,278348
2021-05-03,70.99,68.03,70.99,65.8,100024
2021-05-04,67.51,61.78,67.76,61.21,195852
2021-05-05,62.55,60.38,63.86,59.43,157372
2021-05-06,60.41,58.76,61.01,56.08,145499
2021-05-07,58.73,66.97,68.92,58.0,368325
2021-05-10,66.19,65.66,67.5,62.22,301321
2021-05-11,63.41,66.11,67.15,62.25,138911
2021-05-12,64.73,65.9,70.17,61.69,260984
2021-05-13,66.58,65.41,69.32,61.8731,188466
2021-05-14,65.65,68.76,70.085,61.72,117396
2021-05-17,67.62,68.08,69.0,64.12,86897
2021-05-18,68.77,66.55,69.0,65.14,108711
2021-05-19,65.35,64.22,66.29,62.58,268665
2021-05-20,64.66,67.93,68.85,63.77,115462
2021-05-21,68.58,67.6,68.58,66.05,70741
2021-05-24,68.42,68.12,69.0,66.3661,59785
2021-05-25,68.12,68.83,69.5,66.23,119024
2021-05-26,69.17,73.21,73.28,69.02,76523
2021-05-27,72.18,73.08,73.38,71.1,88516
2021-05-28,73.34,74.65,76.55,72.08,96013
2021-06-01,74.78,79.99,81.92,72.79,198144
2021-06-02,79.93,80.87,82.56,76.775,156497
2021-06-03,82.3,87.94,91.68,81.0,249554
2021-06-04,89.82,89.1,91.52,84.1661,213660
2021-06-07,88.61,96.6,99.44,87.6632,252266
2021-06-08,97.5,90.5,98.87,89.03,172214
2021-06-09,90.61,91.79,94.87,90.16,120021
2021-06-10,92.4,93.42,94.09,90.15,129369
2021-06-11,93.41,91.3,94.525,88.6431,217972
2021-06-14,92.16,96.1,96.11,92.16,153471
2021-06-15,95.77,88.92,95.77,83.45,301497
2021-06-16,88.91,84.45,89.0287,80.34,175379
2021-06-17,84.67,82.18,85.55,80.08,131816
2021-06-18,81.48,84.07,85.51,80.86,417503
2021-06-21,85.18,82.8,88.15,81.47,124573
2021-06-22,82.62,81.75,83.53,79.99,102547
2021-06-23,81.99,79.88,83.22,78.88,106568
2021-06-24,80.37,82.68,82.87,79.63,126653
2021-06-25,83.3,83.76,84.98,79.425,190248
2021-06-28,84.99,84.61,86.35,83.45,74699
2021-06-29,84.73,83.54,84.87,81.0,87112
2021-06-30,83.69,83.2,84.59,81.35,73678
2021-07-01,84.03,89.43,89.66,83.7,83702
2021-07-02,90.78,83.86,90.78,83.86,100295
2021-07-06,83.86,83.22,84.03,80.68,59904
2021-07-07,83.78,81.96,84.2759,77.631,120215
2021-07-08,79.09,84.98,86.91,79.02,89116
2021-07-09,86.27,90.25,90.26,84.745,74786
2021-07-12,89.51,90.65,91.13,85.666,88635
2021-07-13,89.73,83.46,90.495,81.29,99387
2021-07-14,83.48,79.84,84.73,79.0,87864
2021-07-15,80.26,81.78,82.34,79.33,148301
2021-07-16,82.83,83.42,86.3,81.62,98984
2021-07-19,82.11,85.46,87.5,81.33,79395
2021-07-20,85.92,89.38,89.77,85.01,116076
2021-07-21,88.99,89.74,93.98,86.39,108516
2021-07-22,89.18,87.21,92.93,87.2,125558
2021-07-23,88.45,85.66,88.98,84.18,93183
2021-07-26,85.92,82.26,87.22,82.0,116503
2021-07-27,81.57,76.4,81.57,73.96,147178
2021-07-28,77.2,79.52,80.77,77.2,102979
2021-07-29,79.9,78.76,85.45,77.019,97341
2021-07-30,73.23,68.01,73.495,65.37,707677
2021-08-02,68.56,66.96,70.51,66.84,274889
2021-08-03,67.63,66.26,70.59,64.0,117642
2021-08-04,65.55,69.17,69.34,65.28,296944
2021-08-05,68.83,78.97,79.52,68.83,168841
2021-08-06,78.73,77.71,78.96,76.01,180752
2021-08-09,78.11,82.25,83.8,77.3921,102207
2021-08-10,80.51,84.59,86.91,80.0012,140526
2021-08-11,84.59,79.84,84.71,78.61,103055
2021-08-12,79.12,78.0,80.4953,76.83,162384
2021-08-13,78.85,75.54,79.9,75.26,107615
2021-08-16,75.0,71.86,76.49,71.01,116219
2021-08-17,71.0,72.41,72.58,64.62,194745
2021-08-18,72.74,75.11,76.925,71.5782,65263
2021-08-19,74.52,72.21,76.67,71.78,147864
2021-08-20,71.99,75.15,76.21,71.05,123821
2021-08-23,76.25,79.28,83.595,74.425,143360
2021-08-24,78.89,73.72,79.5926,71.85,117966
2021-08-25,72.78,71.28,73.675,70.76,93729
2021-08-26,72.75,71.1,73.825,69.37,95058
2021-08-27,72.06,74.28,75.48,70.7,109029
2021-08-30,74.4,72.86,75.4,71.44,86583
2021-08-31,73.13,71.21,74.12,69.55,90595
2021-09-01,71.66,71.79,72.38,70.375,92959
2021-09-02,71.79,74.86,75.43,70.21,144451
2021-09-03,74.6,71.09,74.6,70.0,119403
2021-09-07,71.2,70.0,73.09,67.82,180612
2021-09-08,70.53,69.84,71.35,68.28,63170
2021-09-09,69.66,72.69,73.74,69.66,76279
2021-09-10,73.44,72.51,73.44,70.4717,52921
2021-09-13,72.51,71.62,74.38,70.45,103388
2021-09-14,72.2,67.78,72.45,67.07,110978
2021-09-15,67.14,68.36,70.29,67.14,123061
2021-09-16,66.71,70.52,70.905,66.71,201875
2021-09-17,71.01,74.82,75.24,69.01,254646
2021-09-20,73.05,73.64,74.78,72.02,133708
2021-09-21,73.42,73.64,75.77,72.32,207108
2021-09-22,73.93,74.15,75.5,73.03,90630
2021-09-23,74.69,74.87,75.0,72.0,111115
2021-09-24,74.71,72.35,74.85,71.835,56307
2021-09-27,71.95,74.26,76.2,70.59,142806
2021-09-28,73.81,70.85,74.6,70.38,117720
2021-09-29,71.15,66.41,72.941,66.155,128862
2021-09-30,66.51,65.76,69.77,65.27,174425
2021-10-01,66.3,65.91,67.74,63.775,92622
2021-10-04,65.19,63.26,66.17,60.79,94611
2021-10-05,63.83,66.39,67.05,62.55,75041
2021-10-06,64.95,60.22,67.14,58.73,111665
2021-10-07,61.01,63.13,64.85,59.71,79460
2021-10-08,62.88,63.7,64.97,61.35,69762
2021-10-11,63.77,61.45,64.75,60.74,46192
2021-10-12,61.93,61.25,65.0827,61.1,90431
2021-10-13,61.3,60.66,62.5,59.03,77878
2021-10-14,61.57,60.73,62.1746,59.72,129441
2021-10-15,61.93,58.91,61.93,58.89,92739
2021-10-18,59.0,54.06,60.31,53.2,368856
2021-10-19,54.56,54.09,55.94,53.691,156922
2021-10-20,54.3,52.51,54.9762,52.08,112405
2021-10-21,52.78,53.21,54.86,52.78,77669
2021-10-22,53.39,53.25,53.5,51.61,153121
2021-10-25,53.32,50.96,53.98,50.84,209218
2021-10-26,51.67,49.82,53.11,49.61,122385
2021-10-27,49.57,48.19,50.445,48.19,135835
2021-10-28,48.37,49.94,50.18,47.56,275478
2021-10-29,50.56,46.92,52.075,46.58,146863
2021-11-01,47.48,49.78,50.9,46.8,316079
2021-11-02,49.88,52.25,52.64,48.64,415932
2021-11-03,52.24,54.1,54.17,50.42,182493
2021-11-04,48.88,52.96,53.98,44.8,806178
2021-11-05,57.46,62.72,64.52,54.75,529349
2021-11-08,63.93,62.03,64.489,61.11,193604
2021-11-09,62.0,61.0,62.8,59.3294,316858
2021-11-10,60.12,61.47,62.43,59.255,162084
2021-11-11,60.93,60.18,61.365,58.45,168318
2021-11-12,60.18,60.13,60.63,59.03,149680
2021-11-15,60.05,59.99,60.65,58.81,228948
2021-11-16,59.58,60.54,61.97,58.475,120501
2021-11-17,59.99,61.5,61.665,58.96,267005
2021-11-18,61.18,58.8,61.49,56.76,318579
2021-11-19,58.07,53.97,59.445,53.1,203804
2021-11-22,53.6,51.54,53.6,50.49,161856
2021-11-23,51.37,53.52,54.32,46.35,266091
2021-11-24,52.85,56.22,56.41,50.621,250223
2021-11-26,54.47,49.635,55.71,49.08,114314
2021-11-29,50.43,48.38,51.599,48.035,135371
2021-11-30,48.15,49.92,50.2,46.58,163828
2021-12-01,50.0,45.79,50.54,45.55,162601
2021-12-02,45.72,49.45,50.35,45.205,163429
2021-12-03,49.71,47.94,50.4,47.2,156702
2021-12-06,47.85,50.13,50.95,47.27,195147
2021-12-07,51.05,51.87,53.92,49.66,248511
2021-12-08,52.3,52.34,53.92,50.14,152128
2021-12-09,52.14,50.89,52.68,48.0307,167069
2021-12-10,51.28,49.84,52.53,49.3,170364
2021-12-13,32.1,29.25,35.68,25.455,2640785
2021-12-14,28.72,28.38,29.26,27.61,544164
2021-12-15,28.09,28.35,28.979,27.0,476629
2021-12-16,28.5,27.95,29.38,27.44,542467
2021-12-17,27.71,28.48,28.85,26.51,514023
2021-12-20,27.84,27.59,28.3,26.745,293811
2021-12-21,28.375,28.28,28.74,27.17,368562
2021-12-22,28.33,28.27,28.45,26.92,369139
2021-12-23,28.28,29.84,30.3,28.28,259572
2021-12-27,29.84,29.06,30.1,28.51,199227
2021-12-28,28.86,29.46,30.51,28.68,216899
2021-12-29,29.5,29.06,30.69,28.8,238138
2021-12-30,29.23,29.51,30.82,28.58,163617
2021-12-31,29.49,29.33,30.05,29.17,179232
2022-01-03,29.73,29.73,30.46,28.27,133621
2022-01-04,29.95,27.21,29.95,26.9,203320
2022-01-05,27.2975,25.67,28.47,25.63,217022
2022-01-06,25.89,25.78,26.77,24.66,217588
2022-01-07,25.58,24.6,26.56,24.18,177100
2022-01-10,24.83,24.87,25.525,23.15,195527
2022-01-11,24.6,24.93,25.92,24.01,149077
2022-01-12,25.42,22.54,25.59,22.44,322502
2022-01-13,22.67,21.26,23.7,20.89,650376
2022-01-14,20.96,21.88,22.01,20.03,370692
2022-01-18,21.13,19.88,21.75,19.67,265889
2022-01-19,19.82,20.01,21.2,19.82,293579
2022-01-20,20.68,19.94,22.02,19.765,278373
2022-01-21,19.51,18.77,20.15,18.6,318105
2022-01-24,18.37,19.89,20.06,17.93,394521
2022-01-25,19.52,18.56,19.89,17.36,572182
2022-01-26,19.22,17.67,19.33,17.53,477071
2022-01-27,18.12,16.85,18.2245,16.42,518171
2022-01-28,16.82,17.26,17.28,15.72,1124625
2022-01-31,17.26,17.7,18.05,16.9,539997
2022-02-01,17.99,17.78,18.34,17.0,580668
2022-02-02,17.75,17.03,17.75,16.61,407805
2022-02-03,16.6,17.0,17.18,16.19,419025
2022-02-04,16.76,17.14,17.5,16.76,332457
2022-02-07,17.06,17.35,17.98,16.65,277077
2022-02-08,17.57,17.22,17.57,16.77,272471
2022-02-09,17.45,18.83,18.98,17.45,256863
2022-02-10,18.36,17.76,19.65,17.5,284650
2022-02-11,17.98,17.23,18.52,17.14,276550
2022-02-14,17.44,16.74,17.51,16.49,201097
2022-02-15,17.28,17.3,17.83,17.1,208272
2022-02-16,17.02,16.54,17.38,16.19,144304
2022-02-17,16.59,16.25,16.59,15.735,210632
2022-02-18,16.34,16.25,16.61,15.82,212796
2022-02-22,16.02,16.14,16.58,15.81,246388
2022-02-23,16.34,15.3,16.34,15.24,290458
2022-02-24,14.59,16.09,16.13,14.47,324242
2022-02-25,16.19,16.2,16.4125,15.32,340422
2022-02-28,16.08,16.68,16.965,15.75,240989
2022-03-01,16.66,17.0,17.46,16.36,208597
2022-03-02,17.02,17.03,17.43,16.45,165482
2022-03-03,17.11,15.46,17.125,15.31,178621
2022-03-04,15.18,15.68,16.0,15.18,259163
2022-03-07,15.71,15.69,16.32,15.53,158169
2022-03-08,15.67,16.27,17.42,15.34,178477
2022-03-09,16.59,16.56,16.9,16.16,200319
2022-03-10,16.31,17.37,17.475,16.22,275275
2022-03-11,17.36,17.11,17.81,17.07,274430
2022-03-14,16.77,14.62,17.345,14.5,401322
2022-03-15,14.52,13.42,14.77,13.11,326318
2022-03-16,13.94,14.53,14.53,13.41,312372
2022-03-17,14.38,15.91,16.16,13.945,431796
2022-03-18,15.68,15.76,16.8,15.65,1311659
2022-03-21,15.89,15.9,16.99,15.64,279690
2022-03-22,15.83,16.03,16.32,15.49,222513
2022-03-23,15.95,15.97,16.56,15.51,177397
2022-03-24,16.06,16.01,16.165,15.58,96488
2022-03-25,16.11,15.21,16.11,15.07,140996
2022-03-28,15.11,14.99,15.345,14.445,172739
2022-03-29,21.32,29.49,35.98,19.98,42050387
2022-03-30,28.39,25.85,30.29,25.41,8373348
2022-03-31,26.46,26.73,28.41,25.5201,2493835
2022-04-01,26.73,22.87,27.08,22.6901,1426371
2022-04-04,23.1,22.92,24.1,22.45,716386
2022-04-05,23.96,23.54,25.6488,23.28,877753
2022-04-06,23.55,25.5,25.7,22.7001,676820
2022-04-07,24.53,23.34,25.171,23.26,416233
2022-04-08,23.19,21.61,23.555,21.41,356311
2022-04-11,21.15,20.96,21.515,20.37,353228
2022-04-12,21.26,19.91,21.4107,19.77,524261
2022-04-13,19.194,20.89,21.38,19.194,329222
2022-04-14,20.76,20.25,22.08,19.8,273171
2022-04-18,19.87,18.84,20.32,18.34,425399
2022-04-19,18.82,18.97,19.685,18.4,224882
2022-04-20,19.27,18.94,19.35,18.2512,211494
2022-04-21,18.92,18.66,19.75,18.2,465671
2022-04-22,18.16,18.22,18.86,17.7,320292
2022-04-25,18.21,18.28,18.73,17.72,258302
2022-04-26,17.98,16.63,18.79,16.49,349606
2022-04-27,16.67,17.6,17.75,16.63,650471
2022-04-28,17.78,17.82,18.22,16.2775,298286
2022-04-29,17.57,16.74,18.42,16.7,192301
2022-05-02,16.84,19.1,19.19,16.28,477446
2022-05-03,18.91,18.6,19.19,18.09,213700
2022-05-04,18.77,18.85,19.02,17.22,218038
2022-05-05,18.69,17.61,18.77,17.29,205955
2022-05-06,17.77,17.5,17.77,16.09,708614
2022-05-09,17.28,15.36,17.79,15.27,502681
2022-05-10,16.78,16.18,17.06,15.515,303206
2022-05-11,16.1,13.27,16.37,13.23,534705
2022-05-12,13.02,14.72,14.74,12.7425,403184
2022-05-13,15.28,14.56,15.72,14.14,692282
2022-05-16,14.43,15.11,15.88,14.28,298462
2022-05-17,15.86,17.26,17.58,15.625,597769
2022-05-18,16.57,16.5,17.512,16.18,379634
2022-05-19,16.35,16.77,17.25,16.35,226257
2022-05-20,16.98,17.51,17.6368,15.52,498204
2022-05-23,17.45,18.75,18.8,17.285,473253
2022-05-24,18.23,17.37,18.54,16.56,610905
2022-05-25,17.54,15.63,18.01,15.27,393711
2022-05-26,15.61,16.32,16.56,15.32,367474
2022-05-27,16.17,16.56,17.03,15.9,233622
2022-05-31,16.56,16.78,17.34,16.27,222579
2022-06-01,16.76,15.97,17.11,15.51,215136
2022-06-02,15.81,16.68,16.735,15.76,184347
2022-06-03,16.43,16.51,17.0,16.18,172537
2022-06-06,16.7,16.47,17.22,15.78,172965
2022-06-07,16.23,17.33,17.36,15.88,210598
2022-06-08,17.24,18.28,18.97,17.19,234481
2022-06-09,18.21,17.74,18.44,17.53,185673
2022-06-10,17.28,15.35,17.368,15.015,266612
2022-06-13,14.51,13.76,14.67,13.435,252935
2022-06-14,13.93,14.27,14.34,13.46,240990
2022-06-15,14.12,14.15,14.96,13.635,241022
2022-06-16,13.87,13.57,13.88,12.67,291705
2022-06-17,13.7,15.24,15.59,13.64,714917
2022-06-21,15.62,17.45,17.73,15.62,523704
2022-06-22,16.9,17.62,18.67,16.75,386248
2022-06-23,17.72,18.79,18.9688,17.55,398324
2022-06-24,19.11,19.25,19.71,18.5,670765
2022-06-27,19.21,18.94,19.655,18.43,252132
2022-06-28,18.91,18.55,19.37,18.14,178238
2022-06-29,18.41,18.44,18.98,17.95,240429
2022-06-30,17.83,18.03,18.58,17.39,147227
2022-07-01,18.01,18.37,18.935,17.79,128097
2022-07-05,17.87,19.61,19.64,17.57,182493
2022-07-06,19.66,20.15,20.9,19.66,203626
2022-07-07,20.02,20.83,21.24,20.015,150751
2022-07-08,20.41,20.75,21.33,20.41,142999
2022-07-11,20.45,19.35,21.17,19.28,85867
2022-07-12,19.28,19.94,20.04,18.2,163970
2022-07-13,19.31,20.0,20.59,19.31,74910
2022-07-14,19.86,19.65,20.0,19.2769,99199
2022-07-15,20.01,18.6,20.01,18.51,93935
2022-07-18,18.79,17.52,19.72,17.32,145464
2022-07-19,17.65,18.17,18.81,17.46,141111
2022-07-20,18.12,19.9,20.25,18.1,354162
2022-07-21,20.02,19.63,20.46,19.23,119890
2022-07-22,19.5,18.61,19.77,18.4,105584
2022-07-25,18.61,17.48,18.61,17.12,109306
2022-07-26,17.25,17.22,17.89,16.88,81040
2022-07-27,17.72,17.73,17.83,17.01,62410
2022-07-28,17.73,17.44,18.7735,16.65,84715
2022-07-29,17.28,16.11,17.28,16.0,204769
2022-08-01,15.83,15.42,16.31,15.25,190368
2022-08-02,15.25,16.43,16.92,15.25,131480
2022-08-03,16.65,17.63,18.38,16.65,183482
2022-08-04,17.78,18.44,18.79,17.78,127135
2022-08-05,18.04,18.93,19.06,18.04,197329
2022-08-08,19.14,20.78,21.04,19.14,356109
2022-08-09,19.39,23.13,23.58,19.247,463973
2022-08-10,23.35,25.72,26.1,23.14,434954
2022-08-11,26.0,24.8,26.27,24.74,282774
2022-08-12,24.86,26.71,27.06,24.6024,206704
2022-08-15,26.36,27.01,27.24,26.36,159022
2022-08-16,26.98,25.02,26.98,24.62,171321
2022-08-17,24.83,24.35,25.45,24.13,109298
2022-08-18,24.27,22.73,24.78,22.27,167568
2022-08-19,22.43,21.94,23.21,21.78,186742
2022-08-22,21.51,20.5,22.065,20.33,158881
2022-08-23,20.25,19.69,20.9,19.22,169488
2022-08-24,19.59,20.1,20.22,19.23,174647
2022-08-25,20.56,20.2,20.8,19.44,122851
2022-08-26,20.25,18.42,20.45,18.34,171420
2022-08-29,19.39,18.96,20.7546,18.0,513986
2022-08-30,19.42,18.83,20.54,18.57,248193
2022-08-31,19.21,19.41,19.79,18.88,159624
2022-09-01,19.1,19.88,19.95,18.3,199259
2022-09-02,20.06,19.76,20.99,19.34,240509
2022-09-06,19.85,18.62,19.85,18.45,164106
2022-09-07,18.51,19.12,19.38,18.48,171351
2022-09-08,19.03,21.26,21.39,18.76,223847
2022-09-09,21.57,21.25,21.86,21.01,147219
2022-09-12,21.41,21.01,21.64,20.82,124918
2022-09-13,20.39,21.56,21.74,19.95,248695
2022-09-14,21.53,21.79,22.48,21.255,172049
2022-09-15,21.54,22.22,22.53,21.17,203503
2022-09-16,21.7,20.85,21.95,20.27,475922
2022-09-19,20.55,20.5,20.76,19.54,177074
2022-09-20,20.29,20.96,21.5,20.14,176839
2022-09-21,20.97,20.3,21.14,20.14,165834
2022-09-22,20.28,19.76,20.28,19.0,147906
2022-09-23,19.44,19.2,19.61,18.44,141293
2022-09-26,19.2,18.76,19.95,18.69,144709
2022-09-27,19.23,20.15,20.38,19.23,154213
2022-09-28,20.21,20.98,21.38,20.21,228318
2022-09-29,20.73,19.43,20.73,19.27,152092
2022-09-30,20.04,22.74,25.7599,20.02,745581
2022-10-03,22.49,21.42,22.82,19.94,511861
2022-10-04,22.66,22.83,23.67,22.65,232650
2022-10-05,22.35,22.07,22.65,21.53,96014
2022-10-06,21.95,22.45,23.19,21.87,101381
2022-10-07,21.87,20.66,22.15,20.52,111946
2022-10-10,20.53,21.34,21.54,20.28,82899
2022-10-11,21.23,21.09,21.615,20.0,129135
2022-10-12,21.21,21.17,21.45,19.86,87045
2022-10-13,20.47,21.83,22.04,20.115,126263
2022-10-14,22.06,20.68,22.47,20.64,56074
2022-10-17,20.64,20.65,20.94,19.74,93291
2022-10-18,21.45,19.93,22.025,19.715,152777
2022-10-19,19.86,19.82,20.0275,19.28,175537
2022-10-20,19.75,18.5,19.78,18.22,103574
2022-10-21,18.61,19.39,19.555,17.94,120983
2022-10-24,19.58,19.66,20.105,18.85,71982
2022-10-25,19.69,19.36,20.695,19.25,112521
2022-10-26,19.42,19.65,20.06,18.92,125015
2022-10-27,19.87,19.05,20.0399,18.91,155202
2022-10-28,19.04,20.46,20.55,18.82,62844
2022-10-31,20.33,20.0,20.65,19.81,85787
2022-11-01,20.25,18.9,20.685,18.7,192797
2022-11-02,18.76,18.32,19.9,18.08,175228
2022-11-03,18.06,16.77,18.45,16.43,265024
2022-11-04,17.35,16.5,17.8997,15.81,259712
2022-11-07,16.41,17.11,17.215,16.205,218156
2022-11-08,17.35,17.2,17.46,16.97,191573
2022-11-09,17.55,16.05,17.7106,15.87,227151
2022-11-10,17.37,20.93,21.29,16.54,705766
2022-11-11,21.81,25.38,26.25,21.79,770396
2022-11-14,24.82,24.96,25.63,23.22,339208
2022-11-15,25.72,26.02,28.2,25.1945,307633
2022-11-16,25.47,25.7,27.33,25.47,317908
2022-11-17,25.15,22.05,25.22,21.45,395491
2022-11-18,22.39,21.15,22.98,20.73,411829
2022-11-21,20.9,20.75,21.4799,20.51,173332
2022-11-22,20.63,21.18,21.25,18.8,331264
2022-11-23,20.74,22.1,22.55,20.74,224731
2022-11-25,21.9,21.29,21.9,20.765,73902
2022-11-28,20.91,19.75,21.5,19.3843,118166
2022-11-29,19.56,20.59,21.07,19.56,136190
2022-11-30,20.68,22.01,22.2799,20.08,298338
2022-12-01,22.2,21.0,22.8972,20.44,250387
2022-12-02,20.29,20.92,21.53,19.66,295814
2022-12-05,20.86,20.05,21.065,19.57,271360
2022-12-06,19.98,19.59,19.98,18.99,127723
2022-12-07,19.63,19.78,19.925,18.23,182596
2022-12-08,20.02,20.28,20.3725,19.19,224819
2022-12-09,20.07,18.85,20.285,18.3,220206
2022-12-12,18.68,19.12,19.24,17.57,306944
2022-12-13,20.21,20.19,20.4885,18.75,313227
2022-12-14,20.16,19.79,20.7,18.99,494473
2022-12-15,19.36,18.5,19.435,18.44,229173
2022-12-16,18.5,19.71,20.07,17.86,416903
2022-12-19,19.86,18.95,20.05,18.4,210163
2022-12-20,18.75,19.91,20.05,18.335,241588
2022-12-21,19.87,18.66,20.21,18.57,193128
2022-12-22,18.41,16.81,18.41,16.44,328933
2022-12-23,16.72,17.005,17.015,16.2215,137351
2022-12-27,17.0,15.45,17.28,15.3,181487
2022-12-28,15.47,15.66,15.88,15.42,138717
2022-12-29,16.0,16.22,16.81,15.76,116827
2022-12-30,15.98,17.01,17.07,15.685,155751
2023-01-03,17.4,16.95,17.82,16.49,109912
2023-01-04,17.25,17.64,18.055,17.015,126449
2023-01-05,17.37,17.1,17.67,16.53,136203
2023-01-06,17.29,16.85,17.44,16.64,112727
2023-01-09,18.55,18.31,18.87,16.63,346834
2023-01-10,18.34,18.88,19.15,17.85,236646
2023-01-11,18.9,20.53,20.61,18.755,357569
2023-01-12,20.58,24.59,25.19,20.47,659149
2023-01-13,24.25,25.33,26.4485,24.25,300900
2023-01-17,25.28,25.68,27.92,24.47,254622
2023-01-18,25.91,25.76,26.465,24.39,270448
2023-01-19,25.6,23.52,26.08,23.09,221628
2023-01-20,24.02,23.17,24.02,22.4001,163085
2023-01-23,23.14,24.05,24.565,22.73,100347
2023-01-24,23.89,23.5,24.46,23.38,133785
2023-01-25,23.03,22.71,23.54,22.51,139856
2023-01-26,23.17,21.99,23.17,21.8315,97550
2023-01-27,21.89,22.48,22.65,21.73,121175
2023-01-30,22.18,21.83,22.67,21.505,112826
2023-01-31,21.93,22.73,23.33,21.93,119472
2023-02-01,22.84,23.16,23.32,21.895,111034
2023-02-02,23.87,25.4,25.5299,23.61,200145
2023-02-03,24.59,24.0,25.52,23.82,106423
2023-02-06,23.78,23.47,24.205,22.85,102678
2023-02-07,23.51,23.55,23.73,22.97,60122
2023-02-08,23.49,22.3,23.62,22.3,80232
2023-02-09,22.79,22.64,23.08,21.95,147043
2023-02-10,22.27,23.43,23.85,21.54,156922
2023-02-13,23.54,22.41,23.54,22.06,179108
2023-02-14,22.29,23.71,24.6,22.29,530469
2023-02-15,23.43,23.98,24.49,22.79,473255
2023-02-16,23.36,22.38,23.995,22.3,167336
2023-02-17,22.34,23.0,23.05,21.54,108891
2023-02-21,22.38,21.01,22.68,20.78,211062
2023-02-22,21.0,21.73,21.795,20.64,86593
2023-02-23,22.02,21.56,22.02,20.64,233412
2023-02-24,21.08,21.23,21.63,20.78,109376
2023-02-27,21.61,21.02,22.06,20.87,122359
2023-02-28,21.01,21.02,21.45,20.89,72222
2023-03-01,21.05,20.98,21.35,20.52,169013
2023-03-02,20.63,20.82,21.05,20.405,61087
2023-03-03,21.03,21.63,21.845,20.69,48871
2023-03-06,21.78,21.66,22.37,21.26,89815
2023-03-07,21.57,20.75,21.58,20.69,84845
2023-03-08,20.83,20.38,20.83,19.88,106089
2023-03-09,20.35,19.1,20.35,18.765,203997
2023-03-10,18.96,18.06,19.99,17.81,289119
2023-03-13,17.85,18.72,19.085,17.85,159004
2023-03-14,19.27,18.89,19.44,18.34,107123
2023-03-15,18.45,18.91,18.91,18.085,71483
2023-03-16,18.59,18.1,19.0,17.99,120630
2023-03-17,18.18,17.66,18.45,17.27,366841
2023-03-20,17.66,16.7,17.66,16.5,242340
2023-03-21,17.12,17.07,17.45,16.74,103884
2023-03-22,17.04,16.19,17.19,16.19,165024
2023-03-23,16.44,16.08,16.8,15.625,235896
2023-03-24,15.88,15.38,16.035,15.22,187406
2023-03-27,15.41,16.41,16.9,15.4,189754
2023-03-28,16.28,16.31,16.94,15.89,552994
2023-03-29,16.63,17.27,17.49,15.99,239527
2023-03-30,17.52,17.02,17.78,16.15,334643
2023-03-31,15.5,13.74,16.47,13.64,823512
2023-04-03,13.85,14.0,14.82,13.26,385297
2023-04-04,14.0,12.86,14.0,12.6,292832
2023-04-05,12.6,11.82,12.8485,11.77,264180
2023-04-06,11.82,11.27,12.25,11.05,307955
2023-04-10,11.09,10.48,11.4,10.14,424542
2023-04-11,10.7,10.2,11.0,9.95,793174
2023-04-12,10.3,9.98,10.385,9.74,423453
2023-04-13,9.99,11.44,11.91,9.83,568626
2023-04-14,11.44,11.11,12.0,11.04,298000
2023-04-17,11.12,11.64,12.61,11.11,280420
2023-04-18,11.68,10.6,11.68,10.32,227625
2023-04-19,10.78,10.63,10.9085,10.5015,144209
2023-04-20,10.44,10.8,10.97,10.29,170852
2023-04-21,10.87,11.3,11.62,10.6322,140562
2023-04-24,11.25,11.19,11.3311,10.86,138630
2023-04-25,11.01,11.4,11.64,11.01,178266
2023-04-26,11.36,10.88,11.36,10.76,96959
2023-04-27,10.97,10.8,11.355,10.64,386907
2023-04-28,11.04,10.83,11.46,10.65,221150
2023-05-01,10.83,11.65,12.0785,10.83,148878
2023-05-02,11.54,11.25,12.0,10.85,241759
2023-05-03,11.34,12.35,12.69,11.34,179742
2023-05-04,12.24,12.58,12.7,11.77,173075
2023-05-05,12.62,12.78,13.25,12.62,216609
2023-05-08,12.75,12.67,13.09,12.37,150538
2023-05-09,12.49,12.73,13.13,11.94,121427
2023-05-10,13.0,13.47,13.99,12.5992,211947
2023-05-11,13.38,12.92,13.46,12.8201,456699
2023-05-12,13.3,12.95,13.815,12.28,326857
2023-05-15,13.0,13.78,14.06,13.0,232508
2023-05-16,13.44,12.78,13.695,12.42,162331
2023-05-17,12.91,11.9,12.91,11.72,137212
2023-05-18,11.9,11.27,12.12,11.09,185727
2023-05-19,11.38,10.85,11.52,10.79,122049
2023-05-22,10.93,12.21,12.74,10.93,205688
2023-05-23,12.1,12.01,13.055,12.0,188625
2023-05-24,11.96,11.56,12.1374,11.2,275091
2023-05-25,11.65,11.44,11.65,10.85,232726
2023-05-26,11.4,11.37,11.6286,11.16,158316
2023-05-30,11.47,11.58,11.825,10.82,272506
2023-05-31,11.66,12.05,12.35,11.07,232833
2023-06-01,12.15,12.84,13.7,11.78,247203
2023-06-02,12.16,13.6,13.74,11.82,399095
2023-06-05,13.36,10.59,13.56,10.51,561417
2023-06-06,10.74,10.02,11.1185,9.7501,641214
2023-06-07,10.03,10.61,10.72,9.98,461482
2023-06-08,10.52,11.09,11.45,10.46,212706
2023-06-09,11.11,10.62,11.11,10.59,139589
2023-06-12,10.72,10.89,11.115,10.4715,125403
2023-06-13,10.92,10.3,11.04,10.23,450382
2023-06-14,10.38,9.98,10.65,9.8,285017
2023-06-15,9.95,10.06,10.33,9.84,206665
2023-06-16,10.23,9.66,10.2885,9.6,335649
2023-06-20,9.66,9.37,9.8567,9.31,367688
2023-06-21,9.34,8.855,9.4229,8.505,496413
2023-06-22,9.09,9.53,10.4385,8.885,2272291
2023-06-23,9.44,9.48,10.38,9.3,1139263
2023-06-26,9.37,9.02,9.37,8.78,480711
2023-06-27,9.11,9.03,9.1847,8.71,415203
2023-06-28,9.0,8.98,9.15,8.71,341178
2023-06-29,9.49,9.42,9.6,8.99,1046435
2023-06-30,9.43,9.23,9.89,9.0,543259
2023-07-03,9.23,9.24,9.55,9.1,87794
2023-07-05,9.56,9.45,9.6495,9.17,316275
2023-07-06,9.53,9.25,9.59,9.04,303557
2023-07-07,9.21,9.84,10.0,9.21,273409
2023-07-10,9.89,10.55,10.92,9.7115,296892
2023-07-11,10.55,10.47,10.55,10.1315,185537
2023-07-12,10.66,10.39,10.96,10.21,256282
2023-07-13,10.4,9.91,10.5717,9.73,322110
2023-07-14,9.91,10.0,10.17,9.67,195292
2023-07-17,10.0,10.25,10.59,9.9015,192444
2023-07-18,10.26,10.34,10.5872,10.1703,161431
2023-07-19,10.4,10.51,10.9146,10.4,175178
2023-07-20,10.4,9.94,10.4909,9.805,155505
2023-07-21,10.06,10.18,10.32,9.7933,128400
2023-07-24,10.18,9.93,10.18,9.75,157877
2023-07-25,9.92,9.89,10.04,9.68,83341
2023-07-26,9.85,10.32,10.41,9.79,198107
2023-07-27,10.42,9.94,10.42,9.83,204029
2023-07-28,10.02,10.53,10.88,10.02,252324
2023-07-31,10.55,10.64,10.68,10.29,81064
2023-08-01,10.56,10.36,10.56,10.08,84749
2023-08-02,10.26,9.75,10.26,9.36,334641
2023-08-03,9.75,9.5,9.939,9.37,201265
2023-08-04,9.55,9.06,9.7,8.98,324672
2023-08-07,8.87,8.03,9.0,7.94,467469
2023-08-08,7.94,8.12,8.13,7.635,359037
2023-08-09,8.09,7.86,8.19,7.65,272628
2023-08-10,7.94,7.86,8.04,7.78,159710
2023-08-11,8.03,7.98,8.4,7.95,179301
2023-08-14,8.05,7.99,8.06,7.57,230545
2023-08-15,8.25,7.8,8.25,7.65,157988
2023-08-16,7.74,7.36,8.0792,7.34,205503
2023-08-17,7.44,7.5,7.5,7.13,284496
2023-08-18,7.4,7.74,7.86,7.31,235001
2023-08-21,7.77,8.28,8.3,7.71,177527
2023-08-22,8.3,8.15,8.34,7.94,266572
2023-08-23,8.15,7.92,8.335,7.89,132758
2023-08-24,7.93,7.56,7.93,7.5,105957
2023-08-25,7.57,7.45,7.6,7.22,142363
2023-08-28,7.5,7.22,7.66,7.03,131541
2023-08-29,7.2,7.38,7.44,7.2,104983
2023-08-30,7.38,7.32,7.49,7.26,108299
2023-08-31,7.32,7.15,7.4693,7.0583,149653
2023-09-01,7.19,6.97,7.46,6.93,207178
2023-09-05,6.94,6.7,7.27,6.67,310271
2023-09-06,6.72,6.66,6.86,6.46,279653
2023-09-07,6.6,7.2,7.22,6.45,379360
2023-09-08,7.19,7.5,7.53,6.98,242489
2023-09-11,7.7,7.7,7.7,7.7,100
2023-09-12,7.61,7.53,7.7492,7.39,181278
2023-09-13,7.56,7.19,7.74,7.185,224322
2023-09-14,7.19,7.21,7.34,7.13,130685
2023-09-15,7.38,7.36,7.39,7.0,636323
2023-09-18,7.34,7.24,7.51,6.89,217046
2023-09-19,7.24,7.25,7.62,7.181,268302
2023-09-20,7.29,6.97,7.3056,6.94,208707
2023-09-21,6.89,7.46,7.66,6.63,433287
2023-09-22,7.48,7.28,7.5,6.95,287574
2023-09-25,7.26,7.32,7.47,7.05,137532
2023-09-26,7.22,7.72,7.96,7.2154,200110
2023-09-27,7.76,7.94,7.97,7.6808,157082
2023-09-28,7.95,8.01,8.17,7.7,190574
2023-09-29,8.05,8.35,8.56,8.02,323316
2023-10-02,8.31,7.22,8.33,7.16,349680
2023-10-03,7.2,6.71,7.37,6.64,385823
2023-10-04,6.61,5.995,7.0093,5.91,458563
2023-10-05,6.0,6.43,6.5,5.95,195062
2023-10-06,6.589,5.98,6.589,5.95,298776
2023-10-09,5.88,5.46,5.9294,5.38,419759
2023-10-10,5.45,5.11,5.61,5.09,552629
2023-10-11,5.14,4.88,5.27,4.62,439233
2023-10-12,4.87,4.67,5.0,4.45,486993
2023-10-13,4.69,4.41,4.72,4.35,364799
2023-10-16,4.46,4.44,4.84,4.1,366549
2023-10-17,4.41,4.52,4.7,4.41,266307
2023-10-18,4.49,4.44,4.68,4.38,294835
2023-10-19,4.43,4.49,4.68,4.36,256385
2023-10-20,4.47,4.36,4.75,4.26,359745
2023-10-23,4.34,4.45,4.58,4.2,305555
2023-10-24,4.47,4.71,4.84,4.4201,175609
2023-10-25,4.67,4.49,4.71,4.26,244388
2023-10-26,4.45,4.42,4.74,4.34,202859
2023-10-27,4.47,4.12,4.595,3.95,416218
2023-10-30,4.15,4.14,4.26,4.06,395577
2023-10-31,4.12,3.94,4.29,3.89,443072
2023-11-01,3.94,4.2,4.27,3.81,746977
2023-11-02,4.32,4.73,4.84,4.27,418043
2023-11-03,4.78,4.94,5.13,4.78,397651
2023-11-06,4.94,4.89,5.35,4.71,764779
2023-11-07,4.94,5.4,5.44,4.92,286545
2023-11-08,5.36,5.19,5.36,4.9347,290104
2023-11-09,5.18,4.47,5.25,4.42,236646
2023-11-10,4.52,4.51,4.69,4.12,185246
2023-11-13,4.48,4.65,4.66,4.32,147255
2023-11-14,5.02,4.84,5.3427,4.55,374204
2023-11-15,4.83,5.9,6.0185,4.81,441875
2023-11-16,5.97,5.76,6.21,5.5908,330724
2023-11-17,5.85,6.01,6.0432,5.542,183279
2023-11-20,6.01,5.98,6.8276,5.86,535761
2023-11-21,5.9,5.7,6.01,5.58,182397
2023-11-22,5.74,5.42,5.76,5.36,138798
2023-11-24,5.48,5.33,5.68,5.28,31370
2023-11-27,5.33,5.08,5.48,4.95,177987
2023-11-28,5.05,5.8,5.82,4.72,407365
2023-11-29,5.84,6.69,6.8575,5.79,410780
2023-11-30,6.77,6.74,7.07,6.5019,636452
2023-12-01,6.73,6.215,6.73,6.0376,541064
2023-12-04,6.23,5.89,6.585,5.83,260362
2023-12-05,5.79,6.43,6.56,5.61,379249
2023-12-06,6.53,6.48,6.84,6.01,317380
2023-12-07,6.33,7.0,7.08,6.23,309182
2023-12-08,7.0,6.65,7.1,6.43,390330
2023-12-11,6.56,6.2,6.695,6.17,140682
2023-12-12,6.19,5.97,6.19,5.65,224282
2023-12-13,5.93,6.29,6.295,5.58,332026
2023-12-14,6.42,6.5,6.825,6.31,455762
2023-12-15,6.23,6.6,6.6,5.9,797432
2023-12-18,7.2,7.41,7.84,7.03,560142
2023-12-19,7.45,7.78,8.25,7.45,501871
2023-12-20,7.75,7.86,8.17,7.5293,387534
2023-12-21,7.9,8.63,8.67,7.9,368101
2023-12-22,8.79,8.36,9.49,8.29,313880
2023-12-26,8.49,8.5,8.7,8.27,181361
2023-12-27,8.55,8.34,8.7015,8.15,170868
2023-12-28,8.29,8.79,8.9899,8.27,200045
2023-12-29,8.92,8.31,8.92,8.2,207517
2024-01-02,8.3,8.68,9.02,8.135,197614
2024-01-03,8.57,8.68,9.1467,8.48,262186
2024-01-04,8.68,8.84,9.05,8.38,290507
2024-01-05,8.68,10.11,10.21,8.32,520470
2024-01-08,10.15,11.09,11.48,9.52,604909
2024-01-09,10.99,11.65,12.5,10.8,553374
2024-01-10,11.64,11.065,12.3,10.6014,422872
2024-01-11,11.03,10.96,11.27,10.375,314296
2024-01-12,10.94,10.94,11.5,10.885,156622
2024-01-16,10.95,9.53,10.95,9.08,370748
2024-01-17,9.55,9.93,9.97,9.17,308741
2024-01-18,9.99,10.36,10.5,9.54,433525
2024-01-19,10.29,10.52,10.9,10.05,228870
2024-01-22,10.57,11.07,11.146,10.47,149853
2024-01-23,11.21,11.96,12.15,10.79,354194
2024-01-24,12.12,11.75,12.6,11.69,236781
2024-01-25,11.98,10.68,12.17,10.54,213437
2024-01-26,10.76,10.63,10.91,10.35,162343
2024-01-29,10.62,10.74,11.0678,10.43,150724
2024-01-30,10.71,9.78,10.71,9.72,170073
2024-01-31,9.77,10.52,11.076,9.77,142169
2024-02-01,10.57,11.38,11.52,10.28,166729
2024-02-02,11.25,11.49,11.68,10.8304,134810
2024-02-05,11.3,11.95,12.07,11.1,127984
2024-02-06,11.95,12.0,12.755,11.8471,133682
2024-02-07,11.95,10.98,12.02,10.75,95433
2024-02-08,11.11,12.95,13.2,10.985,218618
2024-02-09,14.48,14.5,15.9243,14.24,477440
2024-02-12,14.75,17.32,17.49,14.505,1511799
2024-02-13,16.6,15.25,17.21,14.87,519855
2024-02-14,15.47,14.95,16.2815,14.92,265296
2024-02-15,15.3,15.4,16.09,14.97,455610
2024-02-16,15.37,17.36,17.4807,15.0551,273749
2024-02-20,17.23,16.08,17.7,16.01,223116
2024-02-21,15.99,13.5,16.09,13.43,293464
2024-02-22,13.51,12.81,14.18,12.5,465500
2024-02-23,12.93,12.94,13.6694,12.5,282830
2024-02-26,12.75,13.93,14.25,12.75,194445
2024-02-27,14.37,14.21,14.9647,13.91,223903
2024-02-28,14.03,13.69,14.56,13.51,97382
2024-02-29,14.01,12.63,14.45,12.51,184462
2024-03-01,12.7,12.65,13.78,12.56,376202
2024-03-04,12.81,12.25,12.81,11.52,219825
2024-03-05,12.19,12.09,12.93,11.73,163315
2024-03-06,12.28,12.22,12.63,11.86,163486
2024-03-07,12.22,12.13,12.51,11.94,113184
2024-03-08,12.39,12.51,13.59,12.17,349962
2024-03-11,12.6,10.45,12.625,10.29,367330
2024-03-12,11.18,9.95,11.18,9.7,383797
2024-03-13,10.0,9.95,10.17,9.62,300336
2024-03-14,9.82,10.2,10.43,9.67,317206
2024-03-15,10.06,10.64,10.69,10.0225,360526
2024-03-18,10.49,10.44,10.92,10.305,173737
2024-03-19,10.25,9.92,10.43,9.85,131209
2024-03-20,9.92,9.86,10.2,9.675,248280
2024-03-21,9.82,10.23,10.27,9.64,155130
2024-03-22,10.28,10.29,10.575,10.14,137058
2024-03-25,10.35,8.71,10.57,8.625,334231
2024-03-26,8.78,8.68,9.0919,8.21,592532
2024-03-27,8.79,9.27,9.41,8.65,264843
2024-03-28,9.28,9.65,9.71,9.2013,244280
2024-04-01,10.47,9.45,10.85,9.31,270688
2024-04-02,9.27,9.14,9.36,8.95,142102
2024-04-03,9.33,9.03,9.33,8.66,138812
2024-04-04,9.21,8.89,9.52,8.86,126699
2024-04-05,8.75,8.76,9.11,8.59,98674
2024-04-08,8.86,8.76,9.14,8.605,125594
2024-04-09,8.81,8.74,9.07,8.64,170556
2024-04-10,8.74,8.18,8.74,7.93,238041
2024-04-11,8.27,8.36,8.41,8.09,232692
2024-04-12,8.32,9.16,9.3,8.283,321381
2024-04-15,9.14,9.41,9.79,8.93,185549
2024-04-16,9.18,9.2,9.56,8.99,140343
2024-04-17,9.37,8.13,9.37,8.0501,252208
2024-04-18,8.01,7.41,8.2656,7.12,446866
2024-04-19,7.35,7.2,7.43,7.04,219365
2024-04-22,7.25,6.75,7.25,6.7,238720
2024-04-23,6.79,7.7,7.85,6.79,413520
2024-04-24,7.76,7.96,8.66,7.75,693446
2024-04-25,7.76,7.65,7.76,6.39,546460
2024-04-26,7.74,9.4,9.48,7.41,468943
2024-04-29,9.46,9.7,10.47,9.38,599162
2024-04-30,9.5,9.63,9.86,9.1501,248638
2024-05-01,9.63,9.48,10.19,9.3834,187893
2024-05-02,9.67,9.43,9.67,9.09,190571
2024-05-03,9.73,10.07,10.19,9.72,182448
2024-05-06,9.85,10.03,10.31,9.64,163376
2024-05-07,10.02,9.93,10.265,9.83,263284
2024-05-08,9.72,9.34,9.775,9.1533,200311
2024-05-09,8.98,10.12,10.25,8.738,231609
2024-05-10,10.16,9.34,10.64,9.33,242757
2024-05-13,9.54,9.27,10.13,9.08,321004
2024-05-14,9.36,9.2,9.8421,9.085,148950
2024-05-15,9.53,9.49,10.03,9.2234,373760
2024-05-16,9.5,9.29,9.665,9.14,132987
2024-05-17,9.36,9.22,9.695,9.015,82373
2024-05-20,9.27,8.37,9.4266,8.3,200215
2024-05-21,8.3,8.41,8.62,8.04,416095
2024-05-22,9.25,11.47,12.31,9.0,3181089
2024-05-23,11.48,10.045,11.595,9.89,549647
2024-05-24,10.31,9.55,10.37,9.44,196359
2024-05-28,9.6,9.24,9.62,8.985,176835
2024-05-29,9.13,9.09,9.2067,8.7,135218
2024-05-30,9.21,8.71,9.21,8.63,138874
2024-05-31,8.8,8.33,8.9602,8.175,240247
2024-06-03,8.5,8.49,8.62,8.04,735846
2024-06-04,8.43,8.09,8.49,8.0,468666
2024-06-05,8.11,8.31,8.447,7.87,342118
2024-06-06,8.39,8.21,8.78,7.9,496402
2024-06-07,8.11,8.22,8.39,8.0073,84446
2024-06-10,8.18,7.72,8.2775,7.58,418445
2024-06-11,7.71,8.03,8.08,7.15,631294
2024-06-12,8.3,8.08,8.81,8.0,135101
2024-06-13,8.05,7.94,8.05,7.58,145985
2024-06-14,7.94,7.28,8.24,7.2,196931
2024-06-17,7.13,7.31,7.72,6.98,196174
2024-06-18,7.32,7.24,7.5075,7.1026,278308
2024-06-20,7.15,6.51,7.41,6.455,400449
2024-06-21,6.71,7.3,7.34,6.45,337430
2024-06-24,7.16,7.3,7.4917,7.1152,112082
2024-06-25,7.32,6.83,7.32,6.58,141984
2024-06-26,6.78,6.69,6.95,6.62,136449
2024-06-27,6.73,6.61,6.95,6.49,122495
2024-06-28,6.59,6.87,6.92,6.5301,1141071
2024-07-01,6.85,6.79,7.18,6.66,125766
2024-07-02,6.76,6.4,6.9372,6.35,134281
2024-07-03,6.47,6.45,6.7876,6.25,136402
2024-07-05,6.43,6.28,6.525,6.1721,92828
2024-07-08,6.42,6.7,6.875,6.33,203170
2024-07-09,6.69,7.39,7.39,6.492,132664
2024-07-10,7.29,7.01,7.39,6.67,209224
2024-07-11,7.37,9.3,9.31,7.36,663082
2024-07-12,9.63,9.64,10.85,8.99,712057
2024-07-15,9.59,10.37,11.0,9.29,470858
2024-07-16,10.37,11.7,11.84,9.6,527800
2024-07-17,11.55,11.91,12.19,11.16,590525
2024-07-18,11.6,10.71,12.75,10.115,1011916
2024-07-19,11.41,10.74,11.4899,10.1504,312487
2024-07-22,10.75,10.31,11.05,9.84,447705
2024-07-23,10.4,11.6,12.3,10.3,518247
2024-07-24,11.6,12.33,12.84,11.17,356312
2024-07-25,12.2,12.1,14.38,11.95,561000
2024-07-26,12.07,11.18,12.25,10.94,359253
2024-07-29,11.23,11.37,11.6604,10.885,272634
2024-07-30,11.17,10.89,11.57,10.67,195678
2024-07-31,10.89,11.16,11.41,10.6,187358
2024-08-01,11.23,9.68,11.23,9.39,276709
2024-08-02,9.0,8.75,9.36,8.55,401774
2024-08-05,7.86,8.39,8.39,7.48,403445
2024-08-06,8.52,9.26,9.335,8.17,248551
2024-08-07,9.59,8.48,9.5966,8.2,205177
2024-08-08,8.68,9.06,9.1,8.3224,105163
2024-08-09,9.38,8.62,9.4876,8.435,132174
2024-08-12,8.63,8.83,8.91,8.35,200868
2024-08-13,9.02,8.88,9.5,8.69,148682
2024-08-14,8.82,8.72,9.1951,8.55,162365
2024-08-15,9.42,9.27,9.7,8.975,207726
2024-08-16,9.26,9.15,9.65,9.0133,144749
2024-08-19,9.15,9.59,9.96,8.81,219244
2024-08-20,9.55,9.94,10.065,9.315,147149
2024-08-21,9.95,10.86,11.22,9.8417,259548
2024-08-22,11.0,10.81,11.38,10.17,201795
2024-08-23,10.86,10.45,11.5782,10.22,153447
2024-08-26,10.52,10.29,10.91,9.96,159793
2024-08-27,10.15,10.23,10.39,9.72,66308
2024-08-28,10.09,9.97,10.48,9.95,137779
2024-08-29,10.2,10.31,10.98,9.91,140591
2024-08-30,10.51,10.19,10.83,10.1,75533
2024-09-03,10.14,9.86,10.875,9.83,165761
2024-09-04,9.63,10.4,10.95,9.62,205981
2024-09-05,10.24,10.25,10.34,9.67,196665
2024-09-06,10.21,9.31,10.4,9.18,119642
2024-09-09,9.41,10.27,10.47,9.41,149942
2024-09-10,10.36,11.27,11.31,10.36,206973
2024-09-11,11.28,11.74,11.83,10.96,132934
2024-09-12,11.52,11.39,11.865,11.1048,155108
2024-09-13,11.44,12.3,12.5,11.1801,152567
2024-09-16,12.4,15.84,15.88,12.35,521051
2024-09-17,15.71,17.68,22.5,14.9419,2273975
2024-09-18,17.77,16.65,18.3235,15.24,464773
2024-09-19,17.3,17.23,18.69,16.41,380288
2024-09-20,17.3,16.16,17.3,15.7,597983
2024-09-23,16.37,15.99,16.39,15.57,395978
2024-09-24,16.36,16.89,17.55,15.6864,410336
2024-09-25,17.06,16.41,18.37,16.09,302782
2024-09-26,16.61,15.86,17.05,15.27,277059
2024-09-27,16.33,17.0,18.01,16.0301,360475
2024-09-30,16.7,16.54,18.38,15.5,765574
2024-10-01,11.43,14.5,15.25,11.3,1549830
2024-10-02,14.52,14.4,14.94,13.25,389452
2024-10-03,14.19,14.9,15.4,13.78,246136
2024-10-04,15.09,15.41,16.64,14.908,265309
2024-10-07,15.33,13.72,15.5556,13.51,332370
2024-10-08,13.72,14.55,15.04,13.72,186238
2024-10-09,14.49,13.59,14.615,13.43,121154
2024-10-10,13.25,13.89,14.092,13.01,149285
2024-10-11,13.89,15.0,15.11,13.89,96174
2024-10-14,15.25,16.8,17.85,15.116,329086
2024-10-15,16.81,15.43,17.3598,15.43,173048
2024-10-16,15.56,14.17,15.68,13.83,253103
2024-10-17,14.19,16.03,16.76,14.0379,291528
2024-10-18,16.5,16.72,17.0,15.62,206420
2024-10-21,16.7,15.67,16.795,14.89,135069
2024-10-22,15.71,17.45,20.35,15.71,492504
2024-10-23,17.22,16.03,17.3385,15.3,262866
2024-10-24,16.23,15.84,17.2,15.76,139785
2024-10-25,15.9,16.84,17.0,15.9,93061
2024-10-28,17.13,17.83,18.69,17.13,152839
2024-10-29,17.81,17.26,18.1499,17.05,84808
2024-10-30,17.11,17.6,18.1,17.0062,63141
2024-10-31,17.3,17.14,17.88,17.035,53692
2024-11-01,17.5,16.22,17.88,16.05,107436
2024-11-04,16.23,15.69,16.275,14.89,208052
2024-11-05,15.74,15.83,16.3241,15.0,178069
2024-11-06,16.09,14.58,16.1,14.28,452491
2024-11-07,14.63,14.37,16.0,14.13,185972
2024-11-08,14.03,13.03,14.4503,12.55,545863
2024-11-11,13.43,12.88,13.996,11.675,545127
2024-11-12,12.87,11.35,13.55,10.91,411488
2024-11-13,11.5,11.15,12.2,11.12,173527
2024-11-14,11.12,10.1,11.32,10.0,293684
2024-11-15,10.27,9.47,10.27,9.4,198389
2024-11-18,9.49,9.22,9.59,8.58,262294
2024-11-19,9.13,9.54,9.59,8.81,136734
2024-11-20,9.35,9.765,10.0764,9.23,204690
2024-11-21,9.77,8.89,9.82,8.68,417056
2024-11-22,8.51,8.89,9.15,8.3765,276122
2024-11-25,9.16,9.4,10.15,9.16,259509
2024-11-26,9.44,9.46,9.93,9.0494,222514
2024-11-27,9.45,10.43,10.56,9.45,195337
2024-11-29,10.46,10.04,10.8275,9.735,68190
2024-12-02,9.89,10.79,10.99,9.765,319346
2024-12-03,10.69,10.55,11.62,10.22,245562
2024-12-04,10.55,9.9,10.71,9.685,108667
2024-12-05,9.86,9.46,10.36,9.3906,199485
2024-12-06,10.0,10.31,10.42,9.71,160736
2024-12-09,10.38,10.16,10.8,10.09,95216
2024-12-10,10.17,9.49,10.5708,9.3,133278
2024-12-11,9.54,9.25,9.8,9.2,136659
2024-12-12,9.21,8.22,9.5,8.12,331664
2024-12-13,8.3,7.17,8.55,7.07,240084
2024-12-16,7.17,7.4,7.86,7.0,437173
2024-12-17,7.36,7.48,7.66,7.19,153488
2024-12-18,7.49,7.1,7.64,6.871,219826
2024-12-19,7.12,7.05,7.57,6.83,151513
2024-12-20,6.88,6.9,7.5,6.755,434872
2024-12-23,6.87,6.51,6.8975,6.15,242671
2024-12-24,6.61,6.4,6.72,6.1291,136124
2024-12-26,6.38,6.65,6.77,6.31,208950
2024-12-27,6.54,6.37,6.77,6.14,236841
2024-12-30,6.33,6.05,6.455,5.91,276297
2024-12-31,6.07,6.11,6.21,5.79,453868
2025-01-02,6.2,6.21,6.4675,6.07,248668
2025-01-03,6.28,6.56,7.02,6.22,337952
2025-01-06,6.76,6.5,6.8676,6.37,198063
2025-01-07,6.49,6.8,7.09,6.49,170468
2025-01-08,6.81,6.2,6.81,6.17,149882
2025-01-10,2.008,2.09,2.19,1.87,5805703
2025-01-13,2.08,1.775,2.1199,1.77,1586717
2025-01-14,1.78,1.71,1.81,1.6501,876759
2025-01-15,1.75,2.0,2.06,1.59,2792635
2025-01-16,2.05,1.83,2.0593,1.81,771590
2025-01-17,1.88,1.77,1.91,1.75,320664
2025-01-21,1.78,1.71,1.8,1.62,702249
2025-01-22,1.76,1.7,1.92,1.69,720393
2025-01-23,1.7,1.72,1.75,1.62,307453
2025-01-24,1.7,1.69,1.78,1.63,575086
2025-01-27,1.66,1.66,1.71,1.63,1162273
2025-01-28,1.67,1.58,1.67,1.551,447531
2025-01-29,1.57,1.47,1.575,1.45,409013
2025-01-30,1.47,1.5,1.585,1.47,271477
2025-01-31,1.52,1.51,1.5451,1.46,311155
2025-02-03,1.47,1.43,1.5,1.37,322024
2025-02-04,1.43,1.57,1.59,1.43,364191
2025-02-05,1.55,1.58,1.67,1.55,281819
2025-02-06,1.59,1.5,1.62,1.49,229663
2025-02-07,1.5,1.42,1.57,1.42,395765
2025-02-10,1.43,1.38,1.43,1.35,343912
2025-02-11,1.37,1.29,1.37,1.26,360643
2025-02-12,1.28,1.38,1.42,1.27,265541
2025-02-13,1.4,1.37,1.425,1.33,241901
2025-02-14,1.39,1.43,1.54,1.33,337166
2025-02-18,1.43,1.46,1.52,1.41,334042
2025-02-19,1.46,1.52,1.55,1.441,329703
2025-02-20,1.55,1.39,1.55,1.39,199623
2025-02-21,1.42,1.38,1.48,1.37,177745
2025-02-24,1.39,1.34,1.39,1.295,203871
2025-02-25,1.34,1.31,1.44,1.29,176064
2025-02-26,1.3,1.31,1.38,1.295,95848
2025-02-27,1.29,1.34,1.3695,1.29,166837
2025-02-28,1.34,1.36,1.4,1.2962,141686
2025-03-03,1.37,1.26,1.4,1.25,286690
2025-03-04,1.24,1.33,1.33,1.1874,264659
2025-03-05,1.33,1.35,1.37,1.3,246977
2025-03-06,1.33,1.4,1.425,1.32,221371
2025-03-07,1.36,1.32,1.39,1.26,323551
2025-03-10,1.29,1.34,1.37,1.28,209993
2025-03-11,1.35,1.39,1.4177,1.29,197702
2025-03-12,1.36,1.39,1.424,1.34,244903
2025-03-13,1.35,1.29,1.43,1.25,227884
2025-03-14,1.27,1.235,1.28,1.19,274190
2025-03-17,1.22,1.23,1.24,1.17,186064
2025-03-18,1.22,1.205,1.25,1.18,152553
2025-03-19,1.22,1.27,1.275,1.185,137491
2025-03-20,1.27,1.2,1.2709,1.2,125355
2025-03-21,1.19,1.19,1.22,1.15,240374
2025-03-24,1.2,1.26,1.26,1.17,172851
2025-03-25,1.26,1.26,1.27,1.221,157091
2025-03-26,1.25,1.23,1.26,1.17,94969
2025-03-27,1.25,1.28,1.305,1.23,115547
2025-03-28,1.26,1.24,1.3,1.22,124922
2025-03-31,1.19,1.15,1.2,1.12,245931
2025-04-01,1.15,1.15,1.205,1.11,251802
2025-04-02,1.12,1.23,1.23,1.12,135044
2025-04-03,1.19,1.16,1.23,1.1374,110421
2025-04-04,1.15,1.13,1.16,1.1,149063
2025-04-07,1.09,1.12,1.2,1.002,181216
2025-04-08,1.13,1.02,1.14,1.01,115073
2025-04-09,1.01,1.06,1.09,0.92,255763
2025-04-10,1.06,1.06,1.0996,1.0,164654
2025-04-11,1.05,1.2,1.2,1.02,164854
