2018-07-30,NaN,0.0,NaN,NaN,0
2018-08-03,NaN,0.0,NaN,NaN,0
2018-09-05,NaN,0.0,NaN,NaN,0
2018-09-07,25.15,25.15,25.15,25.15,28688
2018-09-10,25.1499,25.15,25.15,25.1499,53299
2018-09-11,25.13,25.13,25.13,25.13,17500
2018-09-12,25.139,25.1159,25.139,25.1159,1090
2018-09-13,NaN,25.1159,NaN,NaN,0
2018-09-14,25.12,25.12,25.12,25.12,803
2018-09-17,25.1,25.1,25.1,25.1,637
2018-09-18,25.11,25.1,25.11,25.0987,13388
2018-09-19,NaN,25.1,NaN,NaN,1
2018-09-20,NaN,25.1,NaN,NaN,0
2018-09-21,NaN,25.1,NaN,NaN,0
2018-09-24,25.0199,25.03,25.03,25.0199,944
2018-09-25,NaN,25.03,NaN,NaN,0
2018-09-26,NaN,25.03,NaN,NaN,4
2018-09-27,25.04,25.04,25.04,25.04,166
2018-09-28,25.07,25.07,25.07,25.07,200
2018-10-01,NaN,25.07,NaN,NaN,0
2018-10-02,NaN,25.07,NaN,NaN,0
2018-10-03,25.0192,25.02,25.02,25.0192,1990
2018-10-04,NaN,25.02,NaN,NaN,0
2018-10-05,NaN,25.02,NaN,NaN,17
2018-10-08,24.965,25.02,24.965,24.965,8883
2018-10-09,NaN,25.02,NaN,NaN,0
2018-10-10,24.9899,24.985,24.99,24.985,9656
2018-10-11,NaN,24.985,NaN,NaN,0
2018-10-12,NaN,24.985,NaN,NaN,12
2018-10-15,NaN,24.985,NaN,NaN,0
2018-10-16,25.01,25.02,25.02,25.01,200
2018-10-17,25.0199,25.0199,25.0199,25.0199,958
2018-10-18,NaN,25.0199,NaN,NaN,0
2018-10-19,NaN,25.0199,NaN,NaN,0
2018-10-22,NaN,24.96108,NaN,NaN,0
2018-10-23,NaN,24.96108,NaN,NaN,0
2018-10-24,24.98,25.01,25.01,24.98,958
2018-10-25,NaN,25.01,NaN,NaN,0
2018-10-26,NaN,25.01,NaN,NaN,0
2018-10-29,NaN,25.01,NaN,NaN,4
2018-10-30,NaN,25.01,NaN,NaN,0
2018-10-31,NaN,25.01,NaN,NaN,0
2018-11-01,NaN,25.01,NaN,NaN,0
2018-11-02,NaN,25.01,NaN,NaN,5
2018-11-05,NaN,25.01,NaN,NaN,0
2018-11-06,NaN,25.01,NaN,NaN,0
2018-11-07,NaN,25.01,NaN,NaN,0
2018-11-08,NaN,25.01,NaN,NaN,0
2018-11-09,24.8801,24.8801,24.8801,24.8801,492
2018-11-12,NaN,24.8801,NaN,NaN,0
2018-11-13,NaN,24.8801,NaN,NaN,0
2018-11-14,NaN,24.8801,NaN,NaN,0
2018-11-15,NaN,24.8801,NaN,NaN,0
2018-11-16,NaN,24.8801,NaN,NaN,0
2018-11-19,NaN,24.81471,NaN,NaN,0
2018-11-20,NaN,24.81471,NaN,NaN,0
2018-11-21,NaN,24.81471,NaN,NaN,0
2018-11-23,NaN,24.81471,NaN,NaN,0
2018-11-26,NaN,24.81471,NaN,NaN,0
2018-11-27,NaN,24.81471,NaN,NaN,75
2018-11-28,NaN,24.81471,NaN,NaN,4
2018-11-29,NaN,24.81471,NaN,NaN,1
2018-11-30,NaN,24.81471,NaN,NaN,0
2018-12-03,NaN,24.81471,NaN,NaN,0
2018-12-04,NaN,24.81471,NaN,NaN,3
2018-12-06,NaN,24.81471,NaN,NaN,0
2018-12-07,NaN,24.81471,NaN,NaN,0
2018-12-10,24.96,24.96,24.96,24.96,0
2018-12-11,24.945,24.945,24.945,24.945,0
2018-12-12,24.961,24.94,24.961,24.94,161
2018-12-13,24.975,24.975,24.975,24.975,0
2018-12-14,24.99,24.99,24.99,24.99,0
2018-12-17,25.015,25.015,25.015,25.015,0
2018-12-18,25.05,25.05,25.05,25.05,79
2018-12-19,25.0643,25.0643,25.0643,25.0643,0
2018-12-20,25.0343,25.0343,25.0343,25.0343,0
2018-12-21,25.0463,25.0343,25.0463,25.0463,0
2018-12-24,24.9558,24.9558,24.9558,24.9558,0
2018-12-26,24.935,24.935,24.935,24.935,0
2018-12-27,24.975,24.975,24.975,24.975,6
2018-12-28,25.0198,25.0198,25.0198,25.0198,1
2018-12-31,25.0549,25.0549,25.0549,25.0549,3
2019-01-02,25.0593,25.0732,25.0732,25.0593,796
2019-01-03,25.1311,25.1311,25.1311,25.1311,7
2019-01-04,25.0401,25.07,25.07,25.0401,1197
2019-01-07,25.05,25.05,25.05,25.05,6
2019-01-08,25.0449,25.0449,25.0449,25.0449,0
2019-01-09,25.09,25.09,25.09,25.09,95
2019-01-10,25.0822,25.0822,25.0822,25.0822,3
2019-01-11,25.115,25.115,25.115,25.115,15
2019-01-14,25.1401,25.11,25.1401,25.11,1202
2019-01-15,25.135,25.135,25.135,25.135,0
2019-01-16,25.145,25.145,25.145,25.145,0
2019-01-17,25.155,25.155,25.155,25.155,0
2019-01-18,25.155,25.155,25.155,25.155,0
2019-01-22,25.115,25.115,25.115,25.115,0
2019-01-23,25.125,25.125,25.125,25.125,0
2019-01-24,25.145,25.145,25.145,25.145,40
2019-01-25,25.14,25.14,25.14,25.14,0
2019-01-28,25.145,25.145,25.145,25.145,135
2019-01-29,25.1876,25.205,25.205,25.1876,1204
2019-01-30,25.18,25.2676,25.2676,25.18,170
2019-01-31,25.3367,25.3367,25.3367,25.3367,0
2019-02-01,25.28,25.295,25.295,25.27,300
2019-02-04,25.279,25.279,25.279,25.279,1
2019-02-05,25.31,25.31,25.31,25.31,0
2019-02-06,25.32,25.32,25.32,25.32,0
2019-02-07,25.325,25.325,25.325,25.325,0
2019-02-08,25.345,25.345,25.345,25.345,2
2019-02-11,25.335,25.335,25.335,25.335,0
2019-02-12,25.325,25.325,25.325,25.325,0
2019-02-13,25.305,25.305,25.305,25.305,4
2019-02-14,25.345,25.345,25.345,25.345,0
2019-02-15,25.335,25.345,25.335,25.335,0
2019-02-19,25.305,25.305,25.305,25.305,0
2019-02-20,25.3,25.3,25.3,25.3,0
2019-02-21,25.275,25.275,25.275,25.275,0
2019-02-22,25.315,25.275,25.315,25.315,0
2019-02-25,25.31,25.31,25.31,25.31,0
2019-02-26,25.345,25.345,25.345,25.345,4
2019-02-27,25.3207,25.3207,25.3207,25.3207,0
2019-02-28,25.32,25.32,25.32,25.32,20
2019-03-01,25.305,25.32,25.305,25.305,0
2019-03-04,25.325,25.325,25.325,25.325,1
2019-03-05,25.325,25.325,25.325,25.325,0
2019-03-06,25.345,25.345,25.345,25.345,0
2019-03-07,25.385,25.385,25.385,25.385,0
2019-03-08,25.385,25.385,25.385,25.385,65
2019-03-11,25.415,25.395,25.415,25.395,100
2019-03-12,25.435,25.435,25.435,25.435,200
2019-03-13,25.458,25.43,25.458,25.43,100
2019-03-14,25.43,25.43,25.43,25.43,0
2019-03-15,25.46,25.39153,25.46,25.46,0
2019-03-18,25.42,25.42,25.44,25.42,21010
2019-03-19,25.4,25.3899,25.41,25.3899,71125
2019-03-20,25.46,25.46,25.46,25.46,21312
2019-03-21,25.5,25.5,25.51,25.47,24242
2019-03-22,25.55,25.58,25.58,25.55,8010
2019-03-25,25.58,25.62,25.62,25.57,11107
2019-03-26,25.6,25.62,25.63,25.6,20108
2019-03-27,25.63,25.5847,25.65,25.58,13490
2019-03-28,25.63,25.64,25.64,25.6,27733
2019-03-29,25.5417,25.5665,25.5665,25.5417,157
2019-04-01,25.57,25.55,25.57,25.42,86040
2019-04-02,25.4924,25.53,25.56,25.4924,3561
2019-04-03,25.525,25.525,25.525,25.525,0
2019-04-04,25.5,25.512,25.512,25.49,1803
2019-04-05,25.51,25.535,25.535,25.51,100
2019-04-08,25.5305,25.5305,25.5305,25.5305,0
2019-04-09,25.58,25.58,25.58,25.58,1600
2019-04-10,25.575,25.575,25.575,25.575,0
2019-04-11,25.565,25.565,25.565,25.565,0
2019-04-12,25.52,25.52,25.52,25.52,40
2019-04-15,25.55,25.525,25.56,25.5013,10850
2019-04-16,25.54,25.5033,25.55,25.5033,3000
2019-04-17,25.5,25.5,25.5,25.5,0
2019-04-18,25.51,25.44429,25.51,25.51,0
2019-04-22,25.48,25.48,25.48,25.45,11348
2019-04-23,25.4684,25.4684,25.4684,25.4684,20
2019-04-24,25.53,25.55,25.55,25.525,20500
2019-04-25,25.5,25.5,25.5,25.5,0
2019-04-26,25.535,25.535,25.535,25.535,37
2019-04-29,25.5243,25.5243,25.5243,25.5243,71579
2019-04-30,25.545,25.545,25.545,25.545,0
2019-05-01,25.58,25.52,25.58,25.52,1199
2019-05-02,25.49,25.4804,25.5,25.4804,140101
2019-05-03,25.52,25.52,25.54,25.4961,959
2019-05-06,25.565,25.565,25.565,25.565,0
2019-05-07,25.575,25.575,25.575,25.575,0
2019-05-08,25.575,25.575,25.575,25.575,0
2019-05-09,25.59,25.59,25.59,25.59,0
2019-05-10,25.595,25.595,25.595,25.595,0
2019-05-13,25.635,25.635,25.635,25.635,10
2019-05-14,25.635,25.635,25.635,25.635,0
2019-05-15,25.71,25.665,25.71,25.665,428
2019-05-16,25.65,25.65,25.65,25.65,1
2019-05-17,25.645,25.60358,25.645,25.645,0
2019-05-20,25.56,25.58,25.58,25.54,337
2019-05-21,25.565,25.565,25.565,25.565,0
2019-05-22,25.595,25.595,25.595,25.595,0
2019-05-23,25.64,25.6517,25.68,25.64,13166
2019-05-24,25.6542,25.645,25.67,25.645,250
2019-05-28,25.63,25.57,25.665,25.56,139501
2019-05-29,25.5924,25.606,25.606,25.5924,203
2019-05-30,25.64,25.6451,25.6793,25.64,3389
2019-05-31,25.7,25.7,25.7,25.7,60
2019-06-03,25.81,25.8211,25.8211,25.8049,81736
2019-06-04,25.7563,25.8086,25.8086,25.7563,249
2019-06-05,25.89,25.8467,25.89,25.8467,620
2019-06-06,25.82,25.82,25.82,25.82,0
2019-06-07,25.88,25.88,25.88,25.88,2
2019-06-10,25.86,25.82,25.86,25.8127,2280
2019-06-11,25.815,25.815,25.815,25.815,0
2019-06-12,25.79,25.85,25.89,25.79,4082
2019-06-13,25.8541,25.8939,25.91,25.8541,1399
2019-06-14,25.91,25.89,25.92,25.89,5484
2019-06-17,25.89,25.8913,25.8913,25.89,421
2019-06-18,25.98,25.93,25.98,25.93,356
2019-06-19,26.0389,26.0389,26.0389,26.0389,0
2019-06-20,26.069,26.069,26.069,26.069,81
2019-06-21,26.04,25.96272,26.04,26.0214,488
2019-06-24,26.01,26.005,26.04,25.9601,786
2019-06-25,26.01,26.01,26.01,26.01,63
2019-06-26,25.98,25.955,26.0,25.955,389
2019-06-27,26.005,26.005,26.005,26.005,20
2019-06-28,26.015,26.015,26.015,26.015,1000
2019-07-01,26.015,26.015,26.015,26.015,62
2019-07-02,26.05,26.06,26.07,26.04,2516
2019-07-03,26.07,26.04,26.08,26.04,1900
2019-07-05,25.96,25.955,25.99,25.955,2023215
2019-07-08,25.92,25.9303,25.96,25.92,18738
2019-07-09,26.02,25.98,26.02,25.98,4380
2019-07-10,26.03,26.01,26.03,25.9702,2454
2019-07-11,26.02,25.995,26.02,25.96,18291
2019-07-12,26.01,26.03,26.03,25.97,30933
2019-07-15,26.03,26.015,26.04,25.9752,3698
2019-07-16,26.01,25.985,26.01,25.9582,3684
2019-07-17,26.03,26.0295,26.06,25.9898,8730
2019-07-18,26.07,26.105,26.105,26.0101,3734
2019-07-19,26.02,26.0271,26.1,26.01,7895
2019-07-22,26.04,26.0209,26.06,26.0209,1472
2019-07-23,26.0311,26.015,26.0311,25.9701,3298
2019-07-24,26.07,26.035,26.07,25.9901,2338
2019-07-25,26.04,25.995,26.04,25.9601,3425
2019-07-26,26.02,25.96,26.035,25.96,24305
2019-07-29,25.98,26.0103,26.0339,25.98,6465
2019-07-30,26.02,25.995,26.02,25.9601,2375
2019-07-31,26.06,26.0,26.06,26.0,10963
2019-08-01,26.06,26.12,26.1599,26.03,6206
2019-08-02,26.09,26.12,26.15,26.0807,88030
2019-08-05,26.195,26.205,26.205,26.1601,3919
2019-08-06,26.24,26.205,26.24,26.186,2393
2019-08-07,26.29,26.2299,26.2993,26.2201,4707
2019-08-08,26.2101,26.2124,26.217,26.21,6589
2019-08-09,26.195,26.195,26.22,26.1782,2147
2019-08-12,26.2284,26.235,26.27,26.2159,2896
2019-08-13,26.26,26.195,26.26,26.1701,4815
2019-08-14,26.235,26.23,26.2463,26.2001,2722
2019-08-15,26.2855,26.2977,26.32,26.2401,2869
2019-08-16,26.3,26.2989,26.3199,26.271,3981
2019-08-19,26.2,26.2388,26.27,26.2,11677
2019-08-20,26.2909,26.305,26.3072,26.2878,2721
2019-08-21,26.2698,26.305,26.31,26.2401,4523
2019-08-22,26.291,26.285,26.32,26.2501,4635
2019-08-23,26.32,26.355,26.39,26.32,5776
2019-08-26,26.36,26.34,26.3732,26.3101,4480
2019-08-27,26.3708,26.35,26.4,26.3401,5213
2019-08-28,26.393,26.4,26.43,26.3501,10721
2019-08-29,26.42,26.365,26.42,26.3571,5235
2019-08-30,26.3107,26.365,26.372,26.3107,2225
2019-09-03,26.37,26.4092,26.43,26.37,110546
2019-09-04,26.36,26.41,26.45,26.29,90638
2019-09-05,26.31,26.315,26.35,26.2701,10493
2019-09-06,26.2923,26.325,26.3599,26.2923,2402
2019-09-09,26.32,26.275,26.32,26.2444,5636
2019-09-10,26.212,26.2038,26.25,26.1801,11884
2019-09-11,26.2167,26.19,26.23,26.1701,2551
2019-09-12,26.18,26.1693,26.2,26.1301,2600
2019-09-13,26.1,26.06,26.12,26.06,10830
2019-09-16,26.15,26.155,26.23,26.11,97715
2019-09-17,26.19,26.185,26.22,26.1401,10571
2019-09-18,26.25,26.14,26.26,26.14,9248
2019-09-19,26.2293,26.2055,26.245,26.1801,4006
2019-09-20,26.18,26.22708,26.275,26.18,3046
2019-09-23,26.29,26.21,26.29,26.2,28617
2019-09-24,26.2752,26.3002,26.32,26.2501,10286
2019-09-25,26.28,26.245,26.28,26.22,7398
2019-09-26,26.25,26.255,26.3,26.2201,17915
2019-09-27,26.2301,26.29,26.2944,26.2301,2377
2019-09-30,26.28,26.295,26.31,26.24,7833
2019-10-01,26.21,26.3,26.37,26.21,4959
2019-10-02,26.38,26.39,26.41,26.3401,5145
2019-10-03,26.43,26.48,26.49,26.405,7387
2019-10-04,26.4393,26.42,26.47,26.41,3416
2019-10-07,26.4315,26.43,26.4619,26.419,9678
2019-10-08,26.47,26.47,26.47,26.3901,7196
2019-10-09,26.4642,26.42,26.4642,26.4001,6482
2019-10-10,26.3201,26.37,26.37,26.3201,1310
2019-10-11,26.33,26.31,26.33,26.31,1585
2019-10-14,26.322,26.315,26.322,26.2801,4320
2019-10-15,26.31,26.3029,26.31,26.27,6081
2019-10-16,26.3409,26.32,26.3409,26.31,3590
2019-10-17,26.3101,26.34,26.36,26.3101,5195
2019-10-18,26.37,26.37,26.39,26.36,59792
2019-10-21,26.24,26.31,26.32,26.24,59578
2019-10-22,26.26,26.3,26.31,26.25,3376
2019-10-23,26.321,26.26,26.321,26.26,14047
2019-10-24,26.34,26.34,26.35,26.29,5190
2019-10-25,26.33,26.2732,26.33,26.23,5268
2019-10-28,26.25,26.2601,26.27,26.25,6343
2019-10-29,26.25,26.27,26.28,26.25,6896
2019-10-30,26.3,26.27,26.3,26.2401,9792
2019-10-31,26.32,26.34,26.3697,26.32,8415
2019-11-01,26.35,26.35,26.35,26.315,7872
2019-11-04,26.33,26.29,26.33,26.2846,8055
2019-11-05,26.21,26.255,26.28,26.21,5764
2019-11-06,26.2719,26.2913,26.31,26.2606,5669
2019-11-07,26.2019,26.215,26.2217,26.1502,1783
2019-11-08,26.25,26.215,26.25,26.215,2599
2019-11-11,26.24,26.22,26.24,26.17,1508
2019-11-12,26.17,26.18,26.198,26.16,16112
2019-11-13,26.29,26.28,26.29,26.22,3270
2019-11-14,26.2872,26.29,26.32,26.2871,2821
2019-11-15,26.2837,26.275,26.2855,26.24,3746
2019-11-18,26.29,26.26,26.29,26.23,6416
2019-11-19,26.2445,26.26,26.29,26.2445,45424
2019-11-20,26.24,26.25,26.2999,26.23,14755
2019-11-21,26.29,26.29,26.29,26.2711,3539
2019-11-22,26.3,26.29,26.3,26.26,10714
2019-11-25,26.2648,26.25,26.2795,26.25,2893
2019-11-26,26.25,26.27,26.3,26.25,17089
2019-11-27,26.24,26.24,26.264,26.24,31755
2019-11-29,26.23,26.275,26.3,26.23,4109
2019-12-02,26.2421,26.285,26.2998,26.2305,7498
2019-12-03,26.35,26.38,26.38,26.2885,5478
2019-12-04,26.2905,26.3074,26.34,26.27,7105
2019-12-05,26.2865,26.3,26.3,26.2701,1327
2019-12-06,26.2949,26.27,26.2949,26.2501,1352
2019-12-09,26.25,26.2551,26.3099,26.24,8268
2019-12-10,26.285,26.265,26.29,26.2641,11270
2019-12-11,26.26,26.24,26.31,26.24,72083
2019-12-12,26.25,26.2,26.25,26.19,56674
2019-12-13,26.1983,26.2741,26.3,26.1983,8643
2019-12-16,26.205,26.2,26.22,26.1997,4799
2019-12-17,26.19,26.19,26.2302,26.18,33771
2019-12-18,26.17,26.24,26.24,26.17,6517
2019-12-19,26.25,26.27,26.27,26.2,3400
2019-12-20,26.17,26.16038,26.26,26.17,6654
2019-12-23,26.2,26.155,26.2,26.13,4677
2019-12-24,26.1,26.17,26.172,26.1,3120
2019-12-26,26.2033,26.185,26.21,26.162,5693
2019-12-27,26.17,26.23,26.26,26.17,6366
2019-12-30,26.16,26.19,26.25,26.16,2996
2019-12-31,26.25,26.25,26.26,26.225,15878
2020-01-02,26.27,26.255,26.2799,26.23,2987
2020-01-03,26.26,26.26,26.3193,26.22,19434
2020-01-06,26.2746,26.3185,26.32,26.2625,30345
2020-01-07,26.2721,26.3429,26.35,26.2721,39296
2020-01-08,26.2621,26.295,26.32,26.2601,3842
2020-01-09,26.32,26.315,26.34,26.2601,1097
2020-01-10,26.28,26.335,26.37,26.28,6525
2020-01-13,26.27,26.28,26.315,26.27,69079
2020-01-14,26.3001,26.335,26.3356,26.3,2539
2020-01-15,26.31,26.3561,26.39,26.31,4525
2020-01-16,26.38,26.345,26.38,26.3001,2795
2020-01-17,26.3201,26.355,26.38,26.3201,3361
2020-01-21,26.37,26.35,26.39,26.31,4795
2020-01-22,26.3575,26.39,26.3934,26.33,5921
2020-01-23,26.4199,26.39,26.42,26.3705,36762
2020-01-24,26.385,26.42,26.44,26.385,7671
2020-01-27,26.46,26.46,26.46,26.4,7984
2020-01-28,26.44,26.42,26.44,26.39,5277
2020-01-29,26.421,26.475,26.48,26.41,6361
2020-01-30,26.53,26.4863,26.53,26.46,4162
2020-01-31,26.55,26.54,26.55,26.48,4135
2020-02-03,23.9,26.52,26.54,21.6,10462
2020-02-04,26.475,26.5,26.5,26.44,4516
2020-02-05,26.42,26.465,26.49,26.42,4281
2020-02-06,26.48,26.5,26.5,26.43,9368
2020-02-07,26.54,26.54,26.54,26.47,2990
2020-02-10,26.5335,26.55,26.55,26.53,4946
2020-02-11,26.5321,26.52,26.54,26.49,6945
2020-02-12,26.46,26.46,26.52,26.45,28709
2020-02-13,26.53,26.515,26.54,26.48,3974
2020-02-14,26.56,26.53,26.57,26.5,6556
2020-02-18,26.58,26.55,26.58,26.52,5486
2020-02-19,26.5001,26.54,26.57,26.5001,3366
2020-02-20,26.5996,26.565,26.61,26.53,3526
2020-02-21,26.63,26.605,26.64,26.5705,8185
2020-02-24,26.6,26.625,26.66,26.59,6468
2020-02-25,26.63,26.6121,26.69,26.6121,4869
2020-02-26,26.6,26.62,26.65,26.5906,6686
2020-02-27,26.67,26.6116,26.68,26.61,15219
2020-02-28,26.74,26.7299,26.7501,26.65,11975
2020-03-02,26.742,26.7048,26.81,26.67,9700
2020-03-03,26.72,26.83,26.96,26.71,13698
2020-03-04,26.87,26.9212,26.9639,26.87,50811
2020-03-05,26.9616,26.8897,26.9616,26.87,50843
2020-03-06,26.87,26.86,26.92,26.86,16923
2020-03-09,27.05,26.76,27.05,26.701,29587
2020-03-10,26.76,26.59,26.76,26.55,19038
2020-03-11,26.65,26.4,26.65,26.39,15246
2020-03-12,26.2,26.11,26.38,25.35,131633
2020-03-13,25.97,26.27,26.31,25.97,58972
2020-03-16,25.68,25.9202,26.04,25.12,17588
2020-03-17,25.88,25.7252,25.89,25.66,13323
2020-03-18,25.57,25.234,25.6,25.16,14558
2020-03-19,25.11,25.0445,25.28,25.04,26407
2020-03-20,25.0,24.56348,25.0,24.56,24490
2020-03-23,24.71,25.19,25.19,24.71,45495
2020-03-24,25.27,25.2614,25.37,25.065,13839
2020-03-25,25.405,25.68,25.71,25.405,8492
2020-03-26,25.77,25.8309,25.87,25.73,9118
2020-03-27,25.83,25.8875,25.95,25.82,7528
2020-03-30,25.96,26.0023,26.05,25.92,15591
2020-03-31,26.105,26.1125,26.13,26.05,6275
2020-04-01,25.95,26.05,26.1017,25.95,5968
2020-04-02,26.01,26.0625,26.12,26.01,18463
2020-04-03,26.0065,26.0678,26.0678,26.0065,3558
2020-04-06,26.13,26.16,26.16,26.06,44391
2020-04-07,26.17,26.205,26.23,26.17,4963
2020-04-08,26.3087,26.37,26.405,26.27,11924
2020-04-09,26.5,26.6046,26.965,26.44,53271
2020-04-13,26.69,26.7659,26.7659,26.6201,243838
2020-04-14,26.8001,26.8541,26.96,26.8,12961
2020-04-15,26.85,26.815,26.85,26.7321,7815
2020-04-16,26.78,26.84,26.8699,26.77,6954
2020-04-17,26.81,26.79803,26.91,26.8,6146
2020-04-20,26.73,26.761,26.79,26.72,11368
2020-04-21,26.82,26.757,26.82,26.71,4356
2020-04-22,26.79,26.7751,26.81,26.73,8529
2020-04-23,26.79,26.82,26.8399,26.75,2071
2020-04-24,26.73,26.835,26.85,26.73,8144
2020-04-27,26.88,26.8,26.88,26.77,13538
2020-04-28,26.86,26.86,26.87,26.805,4066
2020-04-29,26.845,26.855,27.0623,26.8,7992
2020-04-30,26.87,26.8502,26.893,26.85,11380
2020-05-01,26.89,26.8795,26.9,26.82,11615
2020-05-04,26.93,26.93,26.93,26.86,10123
2020-05-05,26.91,26.9,26.93,26.8716,5049
2020-05-06,26.88,26.92,26.92,26.81,1431
2020-05-07,26.9,26.9485,26.96,26.88,4708
2020-05-08,26.95,26.96,26.97,26.93,5269
2020-05-11,26.96,26.94,27.03,26.8671,25715
2020-05-12,27.0,26.9308,27.0,26.83,13135
2020-05-13,26.985,26.9841,27.0,26.98,3427
2020-05-14,26.9143,27.02,27.02,26.9143,6398
2020-05-15,27.03,26.96649,27.05,26.98,16117
2020-05-18,26.88,27.06,27.1,26.88,110004
2020-05-19,27.06,27.09,27.13,27.0,58045
2020-05-20,27.1,27.1297,27.16,27.0502,4647
2020-05-21,27.1155,27.164,27.17,27.1155,2183
2020-05-22,27.18,27.19,27.25,27.15,11003
2020-05-26,27.19,27.17,27.19,27.15,8804
2020-05-27,27.195,27.1911,27.24,27.17,7564
2020-05-28,27.23,27.225,27.23,27.2,4035
2020-05-29,27.25,27.2976,27.3,27.2189,3695
2020-06-01,27.29,27.2771,27.29,27.25,2757
2020-06-02,27.2799,27.37,27.37,27.2612,12920
2020-06-03,27.34,27.34,27.34,27.27,24820
2020-06-04,27.2625,27.35,27.46,27.23,7235
2020-06-05,27.2847,27.3105,27.33,27.2847,1789
2020-06-08,27.3,27.2936,27.3207,27.24,11276
2020-06-09,27.32,27.3,27.32,27.23,3658
2020-06-10,27.247,27.3,27.3,27.22,5205
2020-06-11,27.3,27.2205,27.32,27.16,25378
2020-06-12,27.31,27.31,27.31,27.19,50687
2020-06-15,27.21,27.295,27.295,27.1601,5426
2020-06-16,27.2861,27.325,27.35,27.2861,17606
2020-06-17,27.32,27.3397,27.39,27.3001,4912
2020-06-18,27.38,27.38,27.39,27.35,14372
2020-06-19,27.36,27.32137,27.38,27.29,5537
2020-06-22,27.34,27.2486,27.34,27.2486,32292
2020-06-23,27.22,27.31,27.36,27.22,18250
2020-06-24,27.34,27.35,27.35,27.26,10506
2020-06-25,27.34,27.32,27.36,27.26,4277
2020-06-26,27.32,27.34,27.35,27.32,6313
2020-06-29,27.37,27.4,27.4,27.2945,7382
2020-06-30,27.41,27.3838,27.44,27.34,10192
2020-07-01,27.41,27.43,27.43,27.3201,10233
2020-07-02,27.44,27.412,27.44,27.34,5925
2020-07-06,27.3666,27.39,27.4406,27.35,7958
2020-07-07,27.34,27.405,27.45,27.34,8834
2020-07-08,27.45,27.44,27.45,27.35,8788
2020-07-09,27.29,27.3608,27.3608,27.27,7246
2020-07-10,27.43,27.3601,27.44,27.33,4483
2020-07-13,27.32,27.38,27.38,27.2,63520
2020-07-14,27.385,27.4073,27.41,27.29,34637
2020-07-15,27.43,27.42,27.43,27.31,19074
2020-07-16,27.42,27.4141,27.448,27.36,9012
2020-07-17,27.395,27.33274,27.403,27.34,14192
2020-07-20,27.44,27.43,27.4499,27.4,10833
2020-07-21,27.42,27.3958,27.43,27.34,8795
2020-07-22,27.45,27.415,27.45,27.4101,11991
2020-07-23,27.43,27.425,27.44,27.34,6591
2020-07-24,27.37,27.43,27.435,27.37,8556
2020-07-27,27.32,27.35,27.4199,27.32,6671
2020-07-28,27.3607,27.365,27.41,27.33,7201
2020-07-29,27.42,27.446,27.446,27.3881,7937
2020-07-30,27.45,27.4704,27.475,27.43,8346
2020-07-31,27.4393,27.45,27.49,27.42,4053
2020-08-03,27.4513,27.5103,27.52,27.4513,5794
2020-08-04,27.53,27.54,27.54,27.5,80728
2020-08-05,27.5,27.4653,27.53,27.4653,9528
2020-08-06,27.4401,27.5,27.53,27.4401,4373
2020-08-07,27.44,27.46,27.52,27.44,6879
2020-08-10,27.48,27.49,27.52,27.48,2292
2020-08-11,27.408,27.43,27.4699,27.4,7503
2020-08-12,27.43,27.32,27.45,27.32,133893
2020-08-13,27.36,27.365,27.41,27.35,7870
2020-08-14,27.29,27.35,27.44,27.29,10827
2020-08-17,27.41,27.42,27.42,27.35,11344
2020-08-18,27.32,27.3851,27.42,27.32,8960
2020-08-19,27.3971,27.45,27.45,27.36,3974
2020-08-20,27.36,27.3903,27.44,27.35,2499
2020-08-21,27.44,27.37181,27.45,27.4,4295
2020-08-24,27.43,27.41,27.43,27.31,17330
2020-08-25,27.3594,27.3502,27.39,27.35,4482
2020-08-26,27.37,27.3972,27.4,27.37,5680
2020-08-27,27.44,27.3649,27.44,27.33,5161
2020-08-28,27.42,27.3803,27.44,27.34,10991
2020-08-31,27.45,27.41,27.47,27.38,5219
2020-09-01,27.41,27.4302,27.4692,27.39,6742
2020-09-02,27.39,27.48,27.5,27.39,12111
2020-09-03,27.48,27.475,27.49,27.432,14525
2020-09-04,27.4143,27.38,27.45,27.38,5691
2020-09-08,27.38,27.3501,27.405,27.35,9726
2020-09-09,27.4163,27.405,27.44,27.38,14285
2020-09-10,27.43,27.42,27.43,27.33,11244
2020-09-11,27.33,27.3504,27.42,27.32,55486
2020-09-14,27.365,27.39,27.42,27.35,17296
2020-09-15,27.395,27.41,27.4146,27.36,8511
2020-09-16,27.36,27.4078,27.4499,27.36,6454
2020-09-17,27.44,27.44,27.4415,27.43,10248
2020-09-18,27.44,27.36636,27.45,27.36,4106
2020-09-21,27.35,27.355,27.4,27.305,3524
2020-09-22,27.3523,27.4,27.43,27.35,11339
2020-09-23,27.4,27.3027,27.41,27.3027,64535
2020-09-24,27.3271,27.3143,27.3271,27.3143,8832
2020-09-25,27.295,27.32,27.33,27.28,10824
2020-09-28,27.23,27.3132,27.3301,27.23,5590
2020-09-29,27.32,27.345,27.37,27.32,3524
2020-09-30,27.33,27.36,27.38,27.33,1238
2020-10-01,27.32,27.38,27.4,27.32,3515
2020-10-02,27.37,27.391,27.4,27.35,5065
2020-10-05,27.39,27.3,27.39,27.29,11537
2020-10-06,27.34,27.35,27.38,27.34,5181
2020-10-07,27.26,27.325,27.35,27.26,5194
2020-10-08,27.27,27.38,27.39,27.27,6146
2020-10-09,27.3,27.355,27.38,27.3,6066
2020-10-12,27.3904,27.375,27.4,27.375,4445
2020-10-13,27.34,27.4,27.4,27.34,2689
2020-10-14,27.42,27.4,27.42,27.3929,3058
2020-10-15,27.3841,27.405,27.41,27.3811,6351
2020-10-16,27.415,27.36602,27.415,27.39,5282
2020-10-19,27.3505,27.3596,27.3681,27.35,5757
2020-10-20,27.47,27.35,27.47,27.35,10447
2020-10-21,27.35,27.34,27.35,27.29,5667
2020-10-22,27.33,27.32,27.34,27.3,10960
2020-10-23,27.29,27.3,27.36,27.29,4823
2020-10-26,27.32,27.295,27.3226,27.2717,5691
2020-10-27,27.35,27.315,27.35,27.29,8515
2020-10-28,27.38,27.3,27.38,27.2969,5701
2020-10-29,27.3025,27.315,27.315,27.3,2117
2020-10-30,27.3,27.3,27.329,27.3,8402
2020-11-02,27.3003,27.315,27.315,27.3003,6412
2020-11-03,27.3,27.2427,27.309,27.22,8338
2020-11-04,27.28,27.3319,27.34,27.28,1594
2020-11-05,27.35,27.3637,27.39,27.34,2327
2020-11-06,27.324,27.359,27.37,27.324,3670
2020-11-09,27.27,27.23,27.3099,27.22,9204
2020-11-10,27.27,27.2324,27.27,27.2324,4777
2020-11-11,27.3,27.2339,27.3,27.2339,3005
2020-11-12,27.22,27.27,27.3,27.22,7178
2020-11-13,27.33,27.2997,27.33,27.2898,3128
2020-11-16,27.36,27.3031,27.36,27.3,7689
2020-11-17,27.3097,27.3141,27.35,27.3097,7835
2020-11-18,27.345,27.34,27.38,27.34,3120
2020-11-19,27.355,27.3633,27.42,27.355,3465
2020-11-20,27.38,27.34942,27.39,27.3,17545
2020-11-23,27.365,27.3225,27.37,27.28,7670
2020-11-24,27.27,27.3132,27.37,27.27,5753
2020-11-25,27.355,27.35,27.38,27.32,1310
2020-11-27,27.38,27.35,27.38,27.32,1340
2020-11-30,27.41,27.37,27.41,27.34,9569
2020-12-01,27.3746,27.3549,27.4,27.33,199147
2020-12-02,27.31,27.4,27.4,27.31,206959
2020-12-03,27.32,27.3828,27.4,27.32,26777
2020-12-04,27.3391,27.346,27.37,27.3391,3020
2020-12-07,27.31,27.36,27.3696,27.31,4123
2020-12-08,27.36,27.34,27.36,27.34,7879
2020-12-09,27.319,27.305,27.325,27.3,16648
2020-12-10,27.33,27.3459,27.36,27.32,10504
2020-12-11,27.341,27.3661,27.3661,27.34,8828
2020-12-14,27.34,27.3625,27.37,27.34,25153
2020-12-15,27.36,27.38,27.38,27.36,3017
2020-12-16,27.3701,27.37,27.38,27.22,10905
2020-12-17,27.38,27.38,27.39,27.365,8216
2020-12-18,27.389,26.95227,27.39,27.38,5154
2020-12-21,26.93,26.92,26.93,26.92,7118
2020-12-22,26.935,26.94,26.9599,26.93,7078
2020-12-23,26.957,26.965,26.965,26.95,2517
2020-12-24,26.96,26.99,26.99,26.96,4261
2020-12-28,26.9711,26.99,26.99,26.9711,6849
2020-12-29,26.98,26.9983,27.0,26.98,5589
2020-12-30,26.991,27.0149,27.0149,26.99,5009
2020-12-31,27.02,27.02,27.03,27.01,65838
2021-01-04,27.02,26.99,27.02,26.99,10873
2021-01-05,26.9884,26.9847,26.9884,26.97,7601
2021-01-06,26.93,26.96,26.96,26.93,28467
2021-01-07,26.929,26.925,26.93,26.92,4676
2021-01-08,26.92,26.93,26.93,26.92,2670
2021-01-11,26.93,26.88,26.93,26.88,52023
2021-01-12,26.875,26.91,26.91,26.875,13879
2021-01-13,26.92,26.96,26.97,26.92,18700
2021-01-14,26.94,26.935,26.97,26.935,21552
2021-01-15,26.95,26.92132,26.95,26.93,4577
2021-01-19,26.91,26.91,26.9151,26.9,7557
2021-01-20,26.9,26.9,26.92,26.9,4950
2021-01-21,26.9,26.9221,26.93,26.9,7518
2021-01-22,26.91,26.91,26.93,26.91,7341
2021-01-25,26.92,26.92,26.9332,26.91,12603
2021-01-26,26.9,26.93,26.93,26.9,25413
2021-01-27,26.9379,26.935,26.94,26.93,8283
2021-01-28,26.91,26.915,26.94,26.91,14148
2021-01-29,26.92,26.915,26.93,26.9001,4774
2021-02-01,26.91,26.93,26.94,26.91,22683
2021-02-02,26.91,26.93,26.93,26.91,11614
2021-02-03,26.93,26.9277,26.93,26.92,7395
2021-02-04,26.9159,26.935,26.94,26.915,5195
2021-02-05,26.94,26.94,26.94,26.93,10495
2021-02-08,26.92,26.94,26.94,26.92,9643
2021-02-09,26.93,26.94,26.94,26.92,6794
2021-02-10,26.9365,26.96,26.96,26.93,5485
2021-02-11,26.96,26.945,26.97,26.94,10198
2021-02-12,26.94,26.935,26.949,26.935,1372
2021-02-16,26.91,26.87,26.91,26.87,6681
2021-02-17,26.9,26.9,26.9,26.885,5570
2021-02-18,26.88,26.9,26.9,26.88,14608
2021-02-19,26.87,26.83012,26.89,26.85,9520
2021-02-22,26.8,26.805,26.83,26.8,8929
2021-02-23,26.77,26.82,26.82,26.77,6439
2021-02-24,26.7801,26.8266,26.83,26.7801,12932
2021-02-25,26.72,26.6301,26.72,26.6301,6050
2021-02-26,26.631,26.7,26.7,26.631,21736
2021-03-01,26.71,26.74,26.75,26.71,17223
2021-03-02,26.749,26.76,26.77,26.74,35241
2021-03-03,26.715,26.715,26.73,26.71,16103
2021-03-04,26.7,26.63,26.71,26.63,11187
2021-03-05,26.61,26.63,26.63,26.61,7519
2021-03-08,26.57,26.52,26.57,26.52,6261
2021-03-09,26.53,26.555,26.57,26.53,11191
2021-03-10,26.58,26.56,26.61,26.56,16402
2021-03-11,26.58,26.61,26.63,26.58,7943
2021-03-12,26.531,26.5468,26.55,26.53,6483
2021-03-15,26.559,26.5638,26.57,26.5509,16980
2021-03-16,26.575,26.575,26.58,26.57,6141
2021-03-17,26.53,26.61,26.61,26.53,8658
2021-03-18,26.53,26.5485,26.5485,26.52,3970
2021-03-19,26.525,26.54269,26.59,26.525,37103
2021-03-22,26.52,26.53,26.55,26.515,7459
2021-03-23,26.56,26.56,26.68,26.54,18518
2021-03-24,26.54,26.5759,26.58,26.53,13026
2021-03-25,26.56,26.575,26.58,26.56,8145
2021-03-26,26.57,26.5601,26.58,26.5601,10964
2021-03-29,26.555,26.55,26.56,26.54,7373
2021-03-30,26.52,26.5502,26.56,26.52,7373
2021-03-31,26.59,26.56,26.66,26.56,8636
2021-04-01,26.58,26.575,26.58,26.57,8620
2021-04-05,26.545,26.53,26.58,26.53,115961
2021-04-06,26.59,26.615,26.62,26.59,12545
2021-04-07,26.61,26.6103,26.63,26.61,12041
2021-04-08,26.643,26.65,26.65,26.64,10680
2021-04-09,26.6221,26.635,26.65,26.6221,2141
2021-04-12,26.6167,26.627,26.65,26.615,33942
2021-04-13,26.64,26.678,26.68,26.64,19488
2021-04-14,26.6501,26.6593,26.66,26.64,4229
2021-04-15,26.71,26.705,26.72,26.7,11794
2021-04-16,26.65,26.64433,26.75,26.65,25217
2021-04-19,26.6367,26.64,26.65,26.63,16443
2021-04-20,26.65,26.67,26.67,26.65,6950
2021-04-21,26.6537,26.67,26.67,26.65,13619
2021-04-22,26.67,26.67,26.68,26.66,7742
2021-04-23,26.671,26.675,26.69,26.671,5428
2021-04-26,26.661,26.675,26.68,26.66,9928
2021-04-27,26.66,26.65,26.67,26.64,12647
2021-04-28,26.64,26.665,26.67,26.63,7933
2021-04-29,26.62,26.66,26.66,26.62,9231
2021-04-30,26.675,26.65,26.68,26.65,182188
2021-05-03,26.67,26.6825,26.69,26.6,12779
2021-05-04,26.69,26.69,26.73,26.68,26560
2021-05-05,26.6901,26.71,26.71,26.69,48481
2021-05-06,26.71,26.73,26.73,26.7069,7253
2021-05-07,26.76,26.7437,26.761,26.73,12696
2021-05-10,26.745,26.725,26.75,26.725,15958
2021-05-11,26.72,26.72,26.72,26.705,9763
2021-05-12,26.651,26.65,26.67,26.65,4564
2021-05-13,26.675,26.6852,26.6852,26.67,5746
2021-05-14,26.71,26.72,26.72,26.7,6442
2021-05-17,26.7,26.705,26.715,26.7,5829
2021-05-18,26.69,26.6997,26.71,26.685,5057
2021-05-19,26.705,26.6727,26.71,26.6666,2848
2021-05-20,26.7,26.74,26.74,26.7,8154
2021-05-21,26.7201,26.69897,26.74,26.72,14828
2021-05-24,26.68,26.72,26.72,26.68,6047
2021-05-25,26.721,26.74,26.74,26.72,8728
2021-05-26,26.71,26.7368,26.7368,26.71,3775
2021-05-27,26.72,26.71,26.72,26.71,6656
2021-05-28,26.75,26.72,26.75,26.65,11003
2021-06-01,26.729,26.7275,26.74,26.72,4230
2021-06-02,26.735,26.7495,26.75,26.7335,20781
2021-06-03,26.7,26.69,26.705,26.65,457702
2021-06-04,26.731,26.735,26.74,26.73,4931
2021-06-07,26.73,26.735,26.74,26.73,4954
2021-06-08,26.74,26.76,26.765,26.74,22253
2021-06-09,26.781,26.788,26.79,26.74,241676
2021-06-10,26.8,26.82,26.82,26.76,36357
2021-06-11,26.795,26.8,26.81,26.79,3310
2021-06-14,26.77,26.7661,26.78,26.765,4093
2021-06-15,26.76,26.775,26.775,26.76,2824
2021-06-16,26.77,26.7001,26.79,26.695,8663
2021-06-17,26.7,26.695,26.73,26.68,6925
2021-06-18,26.67,26.66414,26.69,26.67,1209
2021-06-21,26.62,26.655,26.67,26.62,19562
2021-06-22,26.685,26.69,26.71,26.68,5685
2021-06-23,26.675,26.68,26.68,26.67,8562
2021-06-24,26.671,26.6751,26.68,26.67,2865
2021-06-25,26.66,26.6627,26.68,26.65,9101
2021-06-28,26.68,26.68,26.69,26.67,4386
2021-06-29,26.66,26.7,26.7,26.66,7529
2021-06-30,26.705,26.708,26.71,26.7048,12888
2021-07-01,26.685,26.7,26.7,26.68,5934
2021-07-02,26.65,26.72,26.74,26.65,684890
2021-07-06,26.755,26.76,26.78,26.755,57088
2021-07-07,26.746,26.77,26.78,26.745,5511
2021-07-08,26.79,26.8,26.8,26.77,3759
2021-07-09,26.76,26.766,26.77,26.75,11743
2021-07-12,26.76,26.75,26.76,26.74,8541
2021-07-13,26.721,26.7162,26.74,26.7162,5883
2021-07-14,26.75,26.755,26.755,26.74,17617
2021-07-15,26.761,26.76,26.761,26.75,3986
2021-07-16,26.75,26.73028,26.76,26.75,5117
2021-07-19,26.76,26.7815,26.8,26.76,2729
2021-07-20,26.805,26.805,26.805,26.8,3622
2021-07-21,26.779,26.765,26.78,26.765,12683
2021-07-22,26.795,26.8,26.8,26.79,1130
2021-07-23,26.84,26.79,26.84,26.78,2713
2021-07-26,26.7842,26.7896,26.79,26.78,2055
2021-07-27,26.791,26.8054,26.81,26.79,3180
2021-07-28,26.81,26.8236,26.8236,26.7824,4084
2021-07-29,26.81,26.805,26.81,26.8,1689
2021-07-30,26.819,26.82,26.83,26.81,5673
2021-08-02,26.84,26.8449,26.87,26.84,8907
2021-08-03,26.8567,26.86,26.86,26.85,12525
2021-08-04,26.82,26.83,26.84,26.81,2444
2021-08-05,26.79,26.8,26.81,26.79,4842
2021-08-06,26.76,26.7535,26.76,26.75,3445
2021-08-09,26.72,26.7193,26.73,26.7193,2271
2021-08-10,26.7098,26.6949,26.71,26.69,12604
2021-08-11,26.71,26.72,26.73,26.6933,2606
2021-08-12,26.705,26.7199,26.73,26.705,816
2021-08-13,26.67,26.75,26.75,26.67,6161
2021-08-16,26.775,26.775,26.79,26.77,3477
2021-08-17,26.75,26.765,26.77,26.75,3411
2021-08-18,26.76,26.74,26.77,26.72,10848
2021-08-19,26.77,26.76,26.78,26.74,9720
2021-08-20,26.74,26.72363,26.75,26.74,5487
2021-08-23,26.73,26.74,26.74,26.7286,4779
2021-08-24,26.73,26.715,26.73,26.715,8512
2021-08-25,26.7101,26.705,26.715,26.69,7549
2021-08-26,26.6982,26.695,26.71,26.68,3752
2021-08-27,26.74,26.75,26.75,26.72,4898
2021-08-30,26.74,26.758,26.76,26.74,13578
2021-08-31,26.761,26.76,26.77,26.75,6528
2021-09-01,26.759,26.76,26.77,26.75,31799
2021-09-02,26.79,26.77,26.79,26.76,7949
2021-09-03,26.79,26.76,26.79,26.75,10103
2021-09-07,26.73,26.725,26.73,26.71,11250
2021-09-08,26.7229,26.74,26.75,26.7229,6444
2021-09-09,26.745,26.765,26.77,26.745,5418
2021-09-10,26.75,26.755,26.76,26.75,3396
2021-09-13,26.7772,26.76,26.7772,26.76,8907
2021-09-14,26.7858,26.775,26.79,26.765,9321
2021-09-15,26.75,26.76,26.78,26.75,11919
2021-09-16,26.75,26.76,26.76,26.74,9957
2021-09-17,26.73,26.7078,26.7352,26.7191,23712
2021-09-20,26.71,26.7277,26.73,26.71,3376
2021-09-21,26.75,26.73,26.75,26.72,25307
2021-09-22,26.72,26.711,26.73,26.69,8545
2021-09-23,26.661,26.67,26.69,26.66,40608
2021-09-24,26.67,26.66,26.67,26.6465,13639
2021-09-27,26.64,26.65,26.66,26.64,8231
2021-09-28,26.63,26.6,26.63,26.6,29817
2021-09-29,26.639,26.63,26.64,26.6189,13308
2021-09-30,26.63,26.625,26.64,26.62,14413
2021-10-01,26.67,26.68,26.68,26.67,2946
2021-10-04,26.65,26.66,26.67,26.65,7848
2021-10-05,26.64,26.64,26.65,26.64,5185
2021-10-06,26.63,26.64,26.85,26.62,181824
2021-10-07,26.6295,26.605,26.6295,26.605,3159
2021-10-08,26.61,26.575,26.61,26.575,8971
2021-10-11,26.5571,26.535,26.5571,26.5347,6445
2021-10-12,26.555,26.5592,26.585,26.55,29430
2021-10-13,26.56,26.5653,26.58,26.55,9725
2021-10-14,26.59,26.61,26.61,26.589,29791
2021-10-15,26.56,26.52731,26.58,26.55,34385
2021-10-18,26.51,26.48,26.51,26.47,7926
2021-10-19,26.49,26.475,26.49,26.475,8012
2021-10-20,26.49,26.475,26.49,26.475,2888
2021-10-21,26.42,26.4168,26.43,26.4168,3790
2021-10-22,26.424,26.42,26.43,26.4,9022
2021-10-25,26.4566,26.4514,26.48,26.45,11011
2021-10-26,26.49,26.455,26.49,26.4,41524
2021-10-27,26.455,26.4679,26.48,26.455,2082
2021-10-28,26.4,26.4562,26.4785,26.4,8820
2021-10-29,26.455,26.4575,26.4682,26.45,3931
2021-11-01,26.41,26.44,26.44,26.41,13021
2021-11-02,26.485,26.51,26.51,26.485,12257
2021-11-03,26.51,26.5,26.51,26.44,24277
2021-11-04,26.5,26.5302,26.55,26.5,15994
2021-11-05,26.55,26.579,26.58,26.545,4839
2021-11-08,26.58,26.54,26.58,26.52,14159
2021-11-09,26.56,26.56,26.58,26.55,46953
2021-11-10,26.47,26.4329,26.47,26.4329,9395
2021-11-11,26.4199,26.39,26.4199,26.37,8374
2021-11-12,26.47,26.4195,26.47,26.4099,5685
2021-11-15,26.41,26.37,26.41,26.37,5345
2021-11-16,26.37,26.36,26.39,26.35,16003
2021-11-17,26.36,26.4,26.4,26.36,19033
2021-11-18,26.4,26.39,26.4,26.38,19214
2021-11-19,26.38,26.36821,26.4199,26.38,16443
2021-11-22,26.33,26.28,26.34,26.27,27740
2021-11-23,26.25,26.2497,26.29,26.2497,28711
2021-11-24,26.225,26.245,26.27,26.2201,28728
2021-11-26,26.33,26.33,26.36,26.31,40408
2021-11-29,26.24,26.3505,26.385,26.24,24775
2021-11-30,26.41,26.3506,26.41,26.34,22110
2021-12-01,26.32,26.3387,26.36,26.32,19721
2021-12-02,26.46,26.3115,26.46,26.3,13829
2021-12-03,26.29,26.365,26.39,26.29,9906
2021-12-06,26.4,26.305,26.4,26.305,30614
2021-12-07,26.2964,26.3107,26.32,26.2964,19227
2021-12-08,26.2798,26.299,26.3,26.2798,18266
2021-12-09,26.29,26.2976,26.31,26.29,40304
2021-12-10,26.29,26.3019,26.33,26.29,6697
2021-12-13,26.27,26.33,26.35,26.27,5912
2021-12-14,26.3,26.3088,26.32,26.2901,8516
2021-12-15,26.3,26.3304,26.34,26.28,23345
2021-12-16,26.35,26.3729,26.3899,26.35,15527
2021-12-17,26.4,26.18685,26.4,26.36,20633
2021-12-20,26.19,26.17,26.25,26.17,18331
2021-12-21,26.15,26.1587,26.16,26.14,17002
2021-12-22,26.165,26.17,26.17,26.15,3766
2021-12-23,26.17,26.17,26.17,26.16,5901
2021-12-27,26.17,26.18,26.19,26.17,36214
2021-12-28,26.185,26.18,26.185,26.14,222101
2021-12-29,26.15,26.165,26.17,26.15,23318
2021-12-30,26.159,26.185,26.185,26.159,20707
2021-12-31,26.195,26.1742,26.195,26.16,54917
2022-01-03,26.1,26.1178,26.12,26.09,86440
2022-01-04,26.09,26.12,26.13,26.08,79881
2022-01-05,26.1,26.055,26.12,26.055,52855
2022-01-06,26.025,26.0151,26.025,26.01,6262
2022-01-07,25.9933,26.005,26.01,25.99,6261
2022-01-10,25.98,25.965,25.98,25.955,11793
2022-01-11,25.931,25.975,25.98,25.93,21553
2022-01-12,25.98,25.97,25.99,25.97,17875
2022-01-13,25.99,25.99,25.99,25.97,7889
2022-01-14,25.935,25.93,25.935,25.92,11055
2022-01-18,25.89,25.839,25.89,25.82,32572
2022-01-19,25.86,25.82,25.86,25.82,5059
2022-01-20,25.8406,25.81,25.8499,25.81,9411
2022-01-21,25.87,25.85197,25.89,25.87,22876
2022-01-24,25.89,25.8799,25.9,25.85,65253
2022-01-25,25.85,25.83,25.86,25.83,6690
2022-01-26,25.88,25.74,25.88,25.74,6248
2022-01-27,25.73,25.72,25.75,25.71,14270
2022-01-28,25.7192,25.74,25.75,25.7192,12520
2022-01-31,25.755,25.76,25.77,25.7501,9616
2022-02-01,25.77,25.765,25.8,25.74,10701
2022-02-02,25.79,25.7822,25.8,25.78,17782
2022-02-03,25.721,25.73,25.74,25.72,5021
2022-02-04,25.6,25.614,25.63,25.5967,11232
2022-02-07,25.59,25.64,25.66,25.59,9825
2022-02-08,25.62,25.61,25.64,25.61,5921
2022-02-09,25.63,25.62,25.65,25.62,8025
2022-02-10,25.515,25.423,25.52,25.42,13973
2022-02-11,25.47,25.5318,25.55,25.45,14443
2022-02-14,25.439,25.4451,25.4574,25.43,2915
2022-02-15,25.42,25.42,25.48,25.42,12190
2022-02-16,25.42,25.48,25.49,25.4,20407
2022-02-17,25.495,25.49,25.5,25.47,206576
2022-02-18,25.5,25.45826,25.5,25.47,14412
2022-02-22,25.42,25.42,25.44,25.4,28880
2022-02-23,25.38,25.3698,25.41,25.3698,21764
2022-02-24,25.4099,25.3999,25.4243,25.3985,9921
2022-02-25,25.39,25.4078,25.4118,25.38,9484
2022-02-28,25.52,25.5288,25.5288,25.49,2730
2022-03-01,25.58,25.611,25.68,25.58,9139
2022-03-02,25.51,25.447,25.5132,25.4467,14610
2022-03-03,25.459,25.46,25.46,25.45,10013
2022-03-04,25.5199,25.47,25.5199,25.47,15359
2022-03-07,25.43,25.3422,25.43,25.3422,6700
2022-03-08,25.27,25.23,25.27,25.21,11831
2022-03-09,25.21,25.2509,25.26,25.21,13774
2022-03-10,25.18,25.18,25.18,25.18,4222
2022-03-11,25.179,25.16,25.18,25.15,3275
2022-03-14,25.06,25.0099,25.07,25.0099,8959
2022-03-15,25.06,25.0531,25.061,25.05,18979
2022-03-16,25.06,25.0712,25.0999,24.98,14514
2022-03-17,25.11,25.1275,25.13,25.08,8696
2022-03-18,25.12,25.10562,25.14,25.12,7191
2022-03-21,25.045,24.9562,25.045,24.9368,7143
2022-03-22,24.91,24.9362,24.9483,24.88,21651
2022-03-23,24.96,24.9503,24.97,24.94,13684
2022-03-24,24.905,24.9548,24.97,24.89,2257
2022-03-25,24.85,24.8217,24.85,24.82,17301
2022-03-28,24.83,24.84,24.84,24.82,4773
2022-03-29,24.9083,24.9396,24.9396,24.86,18143
2022-03-30,24.9197,24.9512,24.959,24.9197,8448
2022-03-31,24.97,24.9589,24.99,24.9589,11531
2022-04-01,24.88,24.9003,24.92,24.85,19259
2022-04-04,24.9,24.9255,24.9255,24.79,9732
2022-04-05,24.91,24.7871,24.91,24.7841,10160
2022-04-06,24.719,24.75,24.7649,24.719,15072
2022-04-07,24.77,24.77,24.7809,24.765,6497
2022-04-08,24.71,24.7,24.73,24.67,24137
2022-04-11,24.66,24.6628,24.67,24.65,8600
2022-04-12,24.7459,24.7502,24.77,24.74,11254
2022-04-13,24.79,24.7854,24.79,24.55,173187
2022-04-14,24.77,24.67484,24.79,24.69,24113
2022-04-18,24.67,24.64,24.685,24.62,50403
2022-04-19,24.55,24.5009,24.57,24.5,15947
2022-04-20,24.58,24.57,24.59,24.56,10859
2022-04-21,24.51,24.4462,24.51,24.42,13985
2022-04-22,24.37,24.455,24.455,24.37,4877
2022-04-25,24.57,24.58,24.595,24.56,31876
2022-04-26,24.64,24.6185,24.64,24.6,29473
2022-04-27,24.63,24.57,24.64,24.56,36022
2022-04-28,24.53,24.53,24.54,24.49,9107
2022-04-29,24.45,24.46,24.51,24.44,14315
2022-05-02,24.4301,24.4106,24.45,24.4001,6944
2022-05-03,24.465,24.44,24.47,24.43,1470791
2022-05-04,24.41,24.56,24.56,24.39,12760
2022-05-05,24.52,24.46,24.52,24.39,10989
2022-05-06,24.38,24.3851,24.43,24.38,21907
2022-05-09,24.42,24.48,24.5,24.42,181051
2022-05-10,24.52,24.495,24.53,24.48,8249
2022-05-11,24.44,24.5068,24.52,24.44,17615
2022-05-12,24.55,24.53,24.57,24.53,2526
2022-05-13,24.51,24.49,24.51,24.47,20345
2022-05-16,24.54,24.545,24.5699,24.54,7132
2022-05-17,24.48,24.4587,24.5,24.45,10197
2022-05-18,24.485,24.4645,24.485,24.45,8455
2022-05-19,24.5299,24.5251,24.53,24.52,4411
2022-05-20,24.53,24.52494,24.56,24.53,5505
2022-05-23,24.512,24.4955,24.5236,24.4716,5464
2022-05-24,24.55,24.62,24.64,24.55,2611
2022-05-25,24.661,24.7047,24.7047,24.66,4873
2022-05-26,24.761,24.7209,24.761,24.7,5605
2022-05-27,24.77,24.755,24.77,24.73,13490
2022-05-31,24.68,24.6645,24.68,24.64,5126
2022-06-01,24.585,24.58,24.59,24.56,13724
2022-06-02,24.57,24.5806,24.5901,24.5625,3164
2022-06-03,24.569,24.5469,24.57,24.54,7051
2022-06-06,24.509,24.5006,24.51,24.49,3729
2022-06-07,24.539,24.5321,24.55,24.52,4340
2022-06-08,24.527,24.49,24.527,24.48,2570
2022-06-09,24.45,24.4147,24.46,24.4147,2272
2022-06-10,24.25,24.269,24.27,24.245,7384
2022-06-13,24.04,24.015,24.1,24.015,2886
2022-06-14,23.998,23.89,24.01,23.89,6923
2022-06-15,24.04,24.14,24.14,23.97,3230
2022-06-16,23.99,24.1311,24.1311,23.99,4735
2022-06-17,24.1399,24.11321,24.17,24.1399,6630
2022-06-21,24.1,24.0842,24.1299,24.0842,6224
2022-06-22,24.182,24.1412,24.182,24.139,3250
2022-06-23,24.278,24.225,24.278,24.225,5536
2022-06-24,24.3,24.2351,24.3,24.2351,3089
2022-06-27,24.2,24.1857,24.2,24.18,8900
2022-06-28,24.175,24.1785,24.18,24.17,893
2022-06-29,24.16,24.235,24.245,24.15,13917
2022-06-30,24.31,24.3331,24.35,24.31,3607
2022-07-01,24.46,24.4852,24.4852,24.46,2116
2022-07-05,24.48,24.5,24.51,24.48,2364
2022-07-06,24.45,24.4162,24.46,24.4162,743
2022-07-07,24.405,24.42,24.42,24.405,560
2022-07-08,24.37,24.375,24.39,24.36,1939
2022-07-11,24.43,24.3797,24.4301,24.3797,4347
2022-07-12,24.44,24.4047,24.44,24.4047,2868
2022-07-13,24.38,24.4161,24.4161,24.38,1843
2022-07-14,24.38,24.3913,24.3916,24.37,2190
2022-07-15,24.36,24.39878,24.44,24.36,2573
2022-07-18,24.39,24.355,24.39,24.355,1290
2022-07-19,24.341,24.3544,24.3544,24.34,3517
2022-07-20,24.34,24.3211,24.359,24.3211,1697
2022-07-21,24.43,24.4854,24.4854,24.43,16214
2022-07-22,24.57,24.6004,24.6004,24.57,821
2022-07-25,24.53,24.53,24.5769,24.53,7436
2022-07-26,24.57,24.5325,24.57,24.5325,4500
2022-07-27,24.57,24.6326,24.64,24.57,2829
2022-07-28,24.75,24.77,24.77,24.71,5066
2022-07-29,24.77,24.7786,24.78,24.76,7907
2022-08-01,24.75,24.7587,24.7781,24.75,5661
2022-08-02,24.76,24.595,24.76,24.595,137252
2022-08-03,24.55,24.6571,24.66,24.55,5943
2022-08-04,24.69,24.7395,24.7395,24.69,1585
2022-08-05,24.56,24.5594,24.56,24.5594,660
2022-08-08,24.57,24.5705,24.58,24.57,1904
2022-08-09,24.55,24.5165,24.55,24.51,649
2022-08-10,24.64,24.6117,24.65,24.6117,5576
2022-08-11,24.69,24.56,24.69,24.5527,6883
2022-08-12,24.6,24.64,24.64,24.6,2415
2022-08-15,24.651,24.65,24.66,24.64,7720
2022-08-16,24.64,24.61,24.64,24.59,33501
2022-08-17,24.49,24.5069,24.54,24.48,3545
2022-08-18,24.5501,24.549,24.56,24.53,2896
2022-08-19,24.46,24.42162,24.46,24.46,15667
2022-08-22,24.38,24.3448,24.39,24.33,11536
2022-08-23,24.386,24.3544,24.4,24.3544,3667
2022-08-24,24.31,24.32,24.32,24.3,1948
2022-08-25,24.39,24.419,24.42,24.39,1509
2022-08-26,24.38,24.3399,24.38,24.33,3077
2022-08-29,24.3,24.28,24.3,24.28,9592
2022-08-30,24.26,24.3,24.3,24.26,3510
2022-08-31,24.24,24.1957,24.25,24.1957,3184
2022-09-01,24.11,24.175,24.175,24.11,2706
2022-09-02,24.25,24.2222,24.25,24.2222,863
2022-09-06,24.14,24.1167,24.14,24.1167,2532
2022-09-07,24.14,24.21,24.22,24.14,25766
2022-09-08,24.211,24.1929,24.22,24.19,9031
2022-09-09,24.21,24.185,24.21,24.185,7455
2022-09-12,24.21,24.17,24.22,24.17,5111
2022-09-13,24.06,24.0649,24.065,24.05,4283
2022-09-14,24.08,24.07,24.09,24.07,5821
2022-09-15,24.04,24.03,24.06,24.025,24501
2022-09-16,24.03,23.99929,24.0363,24.02,822
2022-09-19,23.925,23.9569,23.961,23.925,5401
2022-09-20,23.895,23.9,23.93,23.89,3503
2022-09-21,23.92,23.8816,23.92,23.84,238253
2022-09-22,23.77,23.757,23.77,23.757,1723
2022-09-23,23.72,23.71,23.72,23.67,61933
2022-09-26,23.63,23.5,23.665,23.5,18789
2022-09-27,23.54,23.44,23.54,23.44,2170
2022-09-28,23.55,23.7062,23.7062,23.55,5360
2022-09-29,23.57,23.63,23.63,23.57,12099
2022-09-30,23.63,23.5806,23.68,23.5806,2781
2022-10-03,23.7925,23.759,23.8184,23.759,4762
2022-10-04,23.91,23.81,23.91,23.79,13623
2022-10-05,23.74,23.721,23.74,23.6853,25422
2022-10-06,23.6831,23.6599,23.69,23.6599,3359
2022-10-07,23.6,23.57,23.6,23.567,2137
2022-10-10,23.48,23.5123,23.5123,23.48,1596
2022-10-11,23.51,23.5052,23.58,23.5012,3953
2022-10-12,23.51,23.5089,23.52,23.47,2129
2022-10-13,23.39,23.488,23.49,23.39,2446
2022-10-14,23.54,23.37,23.54,23.37,2139
2022-10-17,23.48,23.44,23.49,23.44,2534
2022-10-18,23.46,23.49,23.49,23.4597,2367
2022-10-19,23.39,23.3468,23.41,23.3468,14215
2022-10-20,23.36,23.285,23.38,23.285,7955
2022-10-21,23.33,23.35581,23.395,23.33,3220
2022-10-24,23.36,23.3586,23.37,23.315,9122
2022-10-25,23.48,23.4451,23.48,23.44,9992
2022-10-26,23.46,23.4852,23.5,23.46,13289
2022-10-27,23.545,23.57,23.585,23.53,8101
2022-10-28,23.49,23.52,23.54,23.49,3243
2022-10-31,23.5,23.465,23.52,23.465,3040
2022-11-01,23.4901,23.51,23.51,23.48,23595
2022-11-02,23.5,23.574,23.605,23.5,33802
2022-11-03,23.37,23.42,23.47,23.37,29978
2022-11-04,23.45,23.4804,23.5,23.44,10090
2022-11-07,23.4601,23.4564,23.47,23.45,3844
2022-11-08,23.499,23.4895,23.51,23.48,5326
2022-11-09,23.49,23.52,23.53,23.4899,3777
2022-11-10,23.85,23.84,23.86,23.84,3749
2022-11-11,23.83,23.8432,23.8599,23.83,8363
2022-11-14,23.81,23.8045,23.82,23.79,1661
2022-11-15,23.87,23.8986,23.9199,23.86,4926
2022-11-16,23.93,23.945,23.95,23.91,5171
2022-11-17,23.8478,23.8875,23.935,23.84,14275
2022-11-18,23.87,23.81363,23.9,23.85,4828
2022-11-21,23.81,23.8,23.84,23.8,5989
2022-11-22,23.83,23.8511,23.86,23.81,17863
2022-11-23,23.89,23.8961,23.9,23.8527,2048
2022-11-25,23.91,23.91,23.91,23.9,1567
2022-11-28,23.91,23.888,23.91,23.865,4124
2022-11-29,23.87,23.845,23.87,23.84,102724
2022-11-30,23.81,23.99,23.99,23.8,14425
2022-12-01,24.03,24.085,24.085,24.03,9152
2022-12-02,24.0,24.115,24.115,23.995,6220
2022-12-05,24.025,24.0,24.035,23.975,7249
2022-12-06,24.0,24.02,24.02,23.99,14209
2022-12-07,24.05,24.12,24.12,24.05,6652
2022-12-08,24.06,24.0451,24.07,24.04,3789
2022-12-09,24.03,24.0211,24.03,24.02,867
2022-12-12,24.05,23.97,24.05,23.92,19708
2022-12-13,24.16,24.0746,24.16,24.0746,9628
2022-12-14,24.11,24.1112,24.13,24.03,6476
2022-12-15,24.13,24.124,24.14,24.08,13755
2022-12-16,24.06,24.0689,24.13,24.06,19953
2022-12-19,24.03,23.9752,24.03,23.96,13050
2022-12-20,23.9,23.9172,23.93,23.9,1282
2022-12-21,23.9971,23.9751,23.9971,23.96,16331
2022-12-22,24.04,24.0,24.04,23.985,26966
2022-12-23,23.95,23.97,24.0,23.94,137394
2022-12-27,23.92,23.89,23.94,23.88,81120
2022-12-28,23.89,23.87,23.9099,23.87,52994
2022-12-29,23.88,23.905,23.9894,23.88,74028
2022-12-30,23.89,23.865,23.9,23.84,196512
2023-01-03,23.99,23.905,24.03,23.88,119290
2023-01-04,23.96,23.94,23.9684,23.8508,144049
2023-01-05,23.86,23.9,23.9,23.83,87746
2023-01-06,23.93,24.07,24.085,23.92,30231
2023-01-09,24.07,24.101,24.1299,24.07,12944
2023-01-10,24.09,24.075,24.09,24.05,84695
2023-01-11,24.12,24.145,24.145,24.11,65308
2023-01-12,24.2,24.225,24.24,24.17,119166
2023-01-13,24.2,24.2,24.23,24.13,252238
2023-01-17,24.17,24.18,24.19,24.16,45045
2023-01-18,24.3,24.3081,24.32,24.27,7216
2023-01-19,24.29,24.2649,24.29,24.26,10456
2023-01-20,24.2303,24.19245,24.28,24.2,222952
2023-01-23,24.16,24.17,24.19,24.16,184682
2023-01-24,24.15,24.19,24.2,24.15,121441
2023-01-25,24.2,24.195,24.23,24.18,101499
2023-01-26,24.1701,24.175,24.25,24.17,133807
2023-01-27,24.15,24.16,24.26,24.15,538328
2023-01-30,24.14,24.12,24.18,24.1,331527
2023-01-31,24.16,24.2,24.2,24.145,102207
2023-02-01,24.21,24.29,24.32,24.16,147064
2023-02-02,24.34,24.32,24.35,24.3,50320
2023-02-03,24.18,24.1701,24.22,24.15,1069321
2023-02-06,24.13,24.065,24.13,24.0375,145797
2023-02-07,24.059,24.055,24.105,24.035,219696
2023-02-08,24.06,24.06,24.07,24.01,63837
2023-02-09,24.07,24.015,24.08,24.0112,293007
2023-02-10,24.02,23.98,24.02,23.94,137013
2023-02-13,23.98,23.98,23.99,23.95,74853
2023-02-14,23.94,23.9,23.9498,23.86,61065
2023-02-15,23.89,23.895,23.9,23.87,59891
2023-02-16,23.8701,23.9,23.9,23.8601,33597
2023-02-17,23.869,23.8443,23.91,23.85,103990
2023-02-21,23.79,23.745,23.8,23.74,101034
2023-02-22,23.77,23.74,23.79,23.74,149686
2023-02-23,23.77,23.785,23.7902,23.74,88827
2023-02-24,23.71,23.7053,23.72,23.6861,75639
2023-02-27,23.73,23.73,23.75,23.72,83944
2023-02-28,23.72,23.74,23.75,23.7,129056
2023-03-01,23.71,23.6506,23.71,23.65,59536
2023-03-02,23.64,23.665,23.68,23.62,138625
2023-03-03,23.73,23.735,23.74,23.705,151575
2023-03-06,23.75,23.7243,23.77,23.71,32005
2023-03-07,23.72,23.63,23.73,23.63,37776
2023-03-08,23.66,23.595,23.68,23.59,170059
2023-03-09,23.65,23.675,23.6901,23.65,78591
2023-03-10,23.82,23.83,23.8697,23.72,1367355
2023-03-13,23.94,23.91,24.11,23.91,370118
2023-03-14,23.875,23.895,23.94,23.83,287462
2023-03-15,23.99,24.03,24.06,23.93,77529
2023-03-16,24.04,23.94,24.0439,23.9,22932
2023-03-17,24.0,23.99367,24.127,24.0,61149
2023-03-20,23.99,23.945,23.99,23.91,7799
2023-03-21,23.89,23.95,24.0299,23.89,339805
2023-03-22,23.94,24.09,24.25,23.91,160104
2023-03-23,24.1079,24.1648,24.18,24.093,165596
2023-03-24,24.25,24.2022,24.25,24.172,108880
2023-03-27,24.095,24.05,24.12,24.05,152700
2023-03-28,24.0,24.0,24.01,24.0,153192
2023-03-29,24.0,24.0393,24.04,23.96,47527
2023-03-30,24.02,24.045,24.06,24.02,101235
2023-03-31,24.05,24.1489,24.1489,24.05,13445
2023-04-03,24.14,24.2651,24.2651,24.13,23044
2023-04-04,24.19,24.3043,24.31,24.19,15550
2023-04-05,24.34,24.345,24.37,24.33,12892
2023-04-06,24.34,24.29,24.34,24.28,97693
2023-04-10,24.17,24.22,24.24,24.15,79961
2023-04-11,24.22,24.22,24.22,24.1715,38986
2023-04-12,24.27,24.24,24.27,24.21,33738
2023-04-13,24.309,24.28,24.31,24.27,45792
2023-04-14,24.24,24.2106,24.24,24.1901,99331
2023-04-17,24.16,24.15,24.17,24.15,73972
2023-04-18,24.155,24.16,24.18,24.155,112117
2023-04-19,24.11,24.12,24.15,24.1052,329422
2023-04-20,24.16,24.17,24.18,24.15,75766
2023-04-21,24.2101,24.10216,24.22,24.1423,183466
2023-04-24,24.1299,24.14,24.14,24.12,60752
2023-04-25,24.215,24.24,24.24,24.19,192767
2023-04-26,24.25,24.2,24.255,24.15,86256
2023-04-27,24.1501,24.15,24.16,24.15,50000
2023-04-28,24.21,24.19,24.21,24.18,28736
2023-05-01,24.17,24.11,24.17,24.11,147888
2023-05-02,24.13,24.19,24.21,24.12,55513
2023-05-03,24.25,24.276,24.28,24.24,78607
2023-05-04,24.26,24.31,24.35,24.25,30880
2023-05-05,24.25,24.215,24.265,24.2,254616
2023-05-08,24.16,24.16,24.2,24.1339,180742
2023-05-09,24.17,24.15,24.17,24.13,92839
2023-05-10,24.22,24.25,24.25,24.21,172812
2023-05-11,24.31,24.2685,24.31,24.26,54189
2023-05-12,24.29,24.205,24.29,24.19,79610
2023-05-15,24.18,24.18,24.19,24.17,95254
2023-05-16,24.17,24.13,24.17,24.13,429259
2023-05-17,24.15,24.1,24.15,24.09,221266
2023-05-18,24.09,24.02,24.09,23.99,439485
2023-05-19,24.01,23.92425,24.04,23.9601,116618
2023-05-22,23.93,23.92,23.94,23.91,33977
2023-05-23,23.9,23.9298,23.94,23.89,53032
2023-05-24,23.94,23.8804,23.94,23.87,181207
2023-05-25,23.85,23.79,23.86,23.78,72144
2023-05-26,23.78,23.808,23.82,23.77,75898
2023-05-30,23.85,23.91,23.92,23.85,249050
2023-05-31,23.95,23.95,23.961,23.8,344442
2023-06-01,23.99,24.005,24.02,23.98,91412
2023-06-02,23.99,23.92,23.99,23.87,120668
2023-06-05,23.88,23.92,23.95,23.75,28651
2023-06-06,23.9299,23.9,23.9299,23.89,23324
2023-06-07,23.9,23.81,23.9,23.8,132632
2023-06-08,23.88,23.885,23.89,23.87,41627
2023-06-09,23.84,23.825,23.851,23.82,29193
2023-06-12,23.85,23.865,23.8683,23.82,93218
2023-06-13,23.9,23.8083,23.9,23.76,348424
2023-06-14,23.8,23.815,23.87,23.765,115291
2023-06-15,23.87,23.915,23.915,23.851,54394
2023-06-16,23.86,23.77984,23.88,23.82,48870
2023-06-20,23.79,23.815,23.827,23.72,494696
2023-06-21,23.771,23.8143,23.83,23.77,337386
2023-06-22,23.83,23.78,23.83,23.76,34982
2023-06-23,23.85,23.785,23.85,23.77,44494
2023-06-26,23.82,23.82,23.8279,23.8,21743
2023-06-27,23.83,23.775,23.835,23.7684,11776
2023-06-28,23.81,23.82,23.82,23.78,52667
2023-06-29,23.74,23.75,23.75,23.73,13398
2023-06-30,23.75,23.7722,23.785,23.7409,26952
2023-07-03,23.77,23.74,23.8003,23.74,5705
2023-07-05,23.73,23.6871,23.74,23.6753,8916
2023-07-06,23.59,23.6,23.6,23.54,31491
2023-07-07,23.62,23.62,23.6522,23.6,21041
2023-07-10,23.61,23.6949,23.695,23.61,8288
2023-07-11,23.71,23.73,23.7393,23.7,19504
2023-07-12,23.82,23.85,23.87,23.82,11238
2023-07-13,23.92,23.96,23.96,23.91,97536
2023-07-14,23.92,23.84,23.9201,23.84,8490
2023-07-17,23.87,23.87,23.9,23.85,74694
2023-07-18,23.93,23.895,23.93,23.895,21472
2023-07-19,23.93,23.9192,23.93,23.89,105560
2023-07-20,23.88,23.8603,23.88,23.79,32854
2023-07-21,23.87,23.80224,23.88,23.855,19571
2023-07-24,23.82,23.78,23.825,23.77,75116
2023-07-25,23.74,23.755,23.76,23.74,75716
2023-07-26,23.78,23.8315,23.8315,23.7603,64544
2023-07-27,23.81,23.7283,23.81,23.715,13632
2023-07-28,23.79,23.8,23.8,23.77,19286
2023-07-31,23.81,23.825,23.84,23.81,10521
2023-08-01,23.78,23.75,23.79,23.745,23382
2023-08-02,23.7248,23.725,23.74,23.69,20090
2023-08-03,23.68,23.691,23.7162,23.68,43389
2023-08-04,23.794,23.8069,23.809,23.79,15828
2023-08-07,23.805,23.8138,23.82,23.7901,16203
2023-08-08,23.845,23.83,23.845,23.82,151578
2023-08-09,23.84,23.812,23.841,23.81,50438
2023-08-10,23.83,23.7554,23.855,23.755,51792
2023-08-11,23.7,23.7037,23.735,23.7,1599
2023-08-14,23.67,23.67,23.6991,23.65,28449
2023-08-15,23.66,23.6505,23.6986,23.65,2194
2023-08-16,23.671,23.6005,23.671,23.595,5605
2023-08-17,23.6047,23.595,23.6047,23.58,6520
2023-08-18,23.65,23.56638,23.6723,23.645,8670
2023-08-21,23.53,23.5141,23.53,23.509,4498
2023-08-22,23.5,23.505,23.53,23.5,36016
2023-08-23,23.62,23.6208,23.63,23.605,10470
2023-08-24,23.61,23.59,23.61,23.585,4087
2023-08-25,23.58,23.58,23.6,23.545,10614
2023-08-28,23.58,23.61,23.61,23.5706,14638
2023-08-29,23.66,23.705,23.705,23.66,21791
2023-08-30,23.72,23.6917,23.73,23.6917,5469
2023-08-31,23.71,23.7295,23.735,23.71,5749
2023-09-01,23.6938,23.69,23.6938,23.67,62637
2023-09-05,23.65,23.63,23.65,23.62,8539
2023-09-06,23.581,23.5707,23.581,23.56,8289
2023-09-07,23.6,23.6348,23.6377,23.6,4529
2023-09-08,23.665,23.6322,23.665,23.63,24107
2023-09-11,23.63,23.625,23.631,23.61,14229
2023-09-12,23.61,23.595,23.62,23.58,7892
2023-09-13,23.605,23.63,23.64,23.6,11909
2023-09-14,23.66,23.615,23.66,23.615,4566
2023-09-15,23.6001,23.53097,23.61,23.595,5102
2023-09-18,23.5301,23.545,23.5499,23.5301,3787
2023-09-19,23.53,23.51,23.53,23.5,30056
2023-09-20,23.54,23.4801,23.565,23.48,12528
2023-09-21,23.43,23.445,23.4591,23.3497,18064
2023-09-22,23.49,23.485,23.51,23.48,28235
2023-09-25,23.47,23.4687,23.49,23.45,11253
2023-09-26,23.4601,23.43,23.4601,23.42,11460
2023-09-27,23.46,23.375,23.46,23.3505,27828
2023-09-28,23.381,23.44,23.44,23.3713,36192
2023-09-29,23.51,23.435,23.51,23.4201,12915
2023-10-02,23.38,23.36,23.405,23.36,13020
2023-10-03,23.3402,23.265,23.3402,23.2601,10120
2023-10-04,23.3,23.3603,23.3603,23.29,9055
2023-10-05,23.3775,23.365,23.388,23.365,4317
2023-10-06,23.272,23.35,23.3599,23.272,14159
2023-10-09,23.4699,23.4899,23.4899,23.45,8724
2023-10-10,23.4601,23.488,23.51,23.4601,7733
2023-10-11,23.51,23.41,23.51,23.41,53688
2023-10-12,23.435,23.41,23.465,23.41,2658
2023-10-13,23.47,23.455,23.48,23.4442,9687
2023-10-16,23.43,23.3899,23.44,23.3899,9085
2023-10-17,23.315,23.2873,23.315,23.28,2825
2023-10-18,23.2905,23.225,23.2905,23.22,7386
2023-10-19,23.225,23.2249,23.2668,23.207,5638
2023-10-20,23.26,23.22459,23.305,23.26,38184
2023-10-23,23.2065,23.28,23.29,23.2065,7631
2023-10-24,23.2731,23.3,23.3,23.2647,5413
2023-10-25,23.26,23.23,23.27,23.2005,11845
2023-10-26,23.24,23.28,23.305,23.21,61067
2023-10-27,23.29,23.305,23.32,23.2843,22593
2023-10-30,23.28,23.28,23.29,23.26,11241
2023-10-31,23.26,23.2798,23.3086,23.26,4666
2023-11-01,23.29,23.425,23.425,23.29,6063
2023-11-02,23.4801,23.4646,23.49,23.46,4726
2023-11-03,23.608,23.5648,23.62,23.5629,5291
2023-11-06,23.54,23.4775,23.54,23.47,12377
2023-11-07,23.521,23.5525,23.562,23.5177,2552
2023-11-08,23.5785,23.57,23.58,23.5435,5108
2023-11-09,23.5477,23.48,23.56,23.4727,4898
2023-11-10,23.52,23.495,23.52,23.48,3386
2023-11-13,23.48,23.515,23.515,23.48,11608
2023-11-14,23.68,23.69,23.69,23.68,5962
2023-11-15,23.62,23.63,23.6395,23.61,6494
2023-11-16,23.7163,23.715,23.7198,23.7,9890
2023-11-17,23.74,23.63131,23.74,23.7002,5313
2023-11-20,23.62,23.66,23.66,23.62,2008
2023-11-21,23.6827,23.6831,23.694,23.6823,1777
2023-11-22,23.67,23.71,23.71,23.67,27036
2023-11-24,23.68,23.6635,23.69,23.66,3150
2023-11-27,23.704,23.745,23.745,23.69,2561
2023-11-28,23.7468,23.823,23.823,23.7468,4517
2023-11-29,23.8834,23.9049,23.9049,23.8714,4282
2023-11-30,23.8501,23.84,23.88,23.8323,10536
2023-12-01,23.92,23.98,23.98,23.92,6982
2023-12-04,23.9206,23.9128,23.9206,23.8906,2717
2023-12-05,23.94,23.9761,23.985,23.94,6270
2023-12-06,23.98,23.9812,24.0,23.98,10343
2023-12-07,23.999,24.01,24.03,23.999,1743
2023-12-08,23.9393,23.915,23.9393,23.902,126990
2023-12-11,23.8751,23.905,23.91,23.8731,2652
2023-12-12,23.9347,23.945,23.945,23.9202,3427
2023-12-13,23.9801,24.165,24.165,23.975,4358
2023-12-14,24.22,24.22,24.27,24.2,66462
2023-12-15,24.2352,24.12065,24.2499,24.2,22421
2023-12-18,24.14,24.125,24.14,24.1131,11605
2023-12-19,24.15,24.135,24.159,24.1303,4095
2023-12-20,24.1672,24.1805,24.1805,24.1579,3373
2023-12-21,24.2308,24.2031,24.2308,24.19,4368
2023-12-22,24.25,24.215,24.25,24.194,3294
2023-12-26,24.21,24.21,24.2299,24.2,2933
2023-12-27,24.2603,24.3,24.305,24.2603,4157
2023-12-28,24.28,24.299,24.299,24.2799,1666
2023-12-29,24.27,24.285,24.304,24.265,4905
2024-01-02,24.22,24.2054,24.22,24.1805,7327
2024-01-03,24.1805,24.195,24.22,24.155,5532
2024-01-04,24.1517,24.15,24.16,24.13,2964
2024-01-05,24.19,24.14,24.19,24.1311,2321
2024-01-08,24.2164,24.1829,24.2164,24.1808,4467
2024-01-09,24.164,24.1922,24.2,24.1601,3986
2024-01-10,24.22,24.19,24.22,24.19,2193
2024-01-11,24.2,24.285,24.285,24.2,2127
2024-01-12,24.33,24.345,24.345,24.32,1932
2024-01-16,24.29,24.2643,24.31,24.2438,11597
2024-01-17,24.21,24.1989,24.21,24.18,4513
2024-01-18,24.21,24.21,24.2297,24.19,7583
2024-01-19,24.1647,24.09684,24.18,24.159,1416
2024-01-22,24.1237,24.125,24.141,24.11,2792
2024-01-23,24.09,24.11,24.11,24.09,5863
2024-01-24,24.12,24.095,24.12,24.095,4261
2024-01-25,24.14,24.155,24.16,24.14,3452
2024-01-26,24.16,24.13,24.16,24.12,38957
2024-01-29,24.1682,24.19,24.19,24.16,3852
2024-01-30,24.18,24.1608,24.18,24.13,6711
2024-01-31,24.26,24.2351,24.264,24.2351,1961
2024-02-01,24.29,24.31,24.31,24.2601,23826
2024-02-02,24.16,24.195,24.195,24.16,3695
2024-02-05,24.0859,24.1075,24.1105,24.0859,8345
2024-02-06,24.15,24.1705,24.1844,24.14,3142
2024-02-07,24.18,24.1415,24.1897,24.14,3108
2024-02-08,24.15,24.1072,24.15,24.1001,10213
2024-02-09,24.0907,24.1277,24.13,24.0907,18106
2024-02-12,24.12,24.13,24.145,24.1,5055
2024-02-13,24.0208,23.9905,24.0311,23.99,3633
2024-02-14,24.0286,24.0458,24.06,24.0286,83333
2024-02-15,24.0801,24.0841,24.1054,24.0799,8533
2024-02-16,24.0116,23.95043,24.0399,24.0116,8352
2024-02-20,23.98,24.0046,24.02,23.98,26649
2024-02-21,24.035,23.98,24.035,23.96,447072
2024-02-22,23.965,23.945,23.965,23.93,5158
2024-02-23,23.95,23.965,23.99,23.945,8015
2024-02-26,23.9484,23.93,23.96,23.93,4457
2024-02-27,23.9548,23.94,23.9548,23.94,1413
2024-02-28,23.9546,23.96,23.97,23.9433,4341
2024-02-29,23.99,23.9586,24.0,23.9586,27474
2024-03-01,23.9799,24.055,24.058,23.9799,16557
2024-03-04,24.01,24.0109,24.0314,24.0,5562
2024-03-05,24.07,24.06,24.07,24.05,1497
2024-03-06,24.12,24.075,24.12,24.075,2580
2024-03-07,24.0851,24.125,24.13,24.0851,2006
2024-03-08,24.16,24.15,24.18,24.14,2660
2024-03-11,24.15,24.135,24.15,24.13,1860
2024-03-12,24.1,24.09,24.13,24.07,12771
2024-03-13,24.08,24.07,24.11,24.07,4234
2024-03-14,24.035,24.025,24.0363,24.0208,3425
2024-03-15,23.99,23.92293,24.03,23.99,2748
2024-03-18,23.9072,23.9118,23.9118,23.89,1182
2024-03-19,23.9516,23.9603,23.9609,23.9516,1682
2024-03-20,23.94,23.9955,23.9955,23.94,2359
2024-03-21,24.03,24.006,24.03,24.0,4342
2024-03-22,24.06,24.0516,24.08,24.04,7532
2024-03-25,24.0409,24.0274,24.05,24.01,5945
2024-03-26,24.0,24.03,24.0356,24.0,6626
2024-03-27,24.04,24.08,24.08,24.04,1541
2024-03-28,24.07,24.0617,24.0882,24.06,3905
2024-04-01,23.98,23.963,23.999,23.93,5009
2024-04-02,23.97,23.9716,23.98,23.9353,4459
2024-04-03,23.96,24.0,24.0,23.9599,6938
2024-04-04,23.99,24.01,24.01,23.98,2342
2024-04-05,23.975,23.975,23.985,23.9607,1875
2024-04-08,23.91,23.9307,23.9465,23.91,12275
2024-04-09,23.9978,23.9798,23.9978,23.96,6673
2024-04-10,23.87,23.7915,23.87,23.7804,8018
2024-04-11,23.7836,23.795,23.8037,23.7836,1545
2024-04-12,23.85,23.845,23.86,23.836,3572
2024-04-15,23.78,23.74,23.78,23.74,33936
2024-04-16,23.73,23.72,23.7395,23.715,6986
2024-04-17,23.7717,23.78,23.79,23.76,9203
2024-04-18,23.74,23.745,23.75,23.73,5483
2024-04-19,23.7999,23.69108,23.7999,23.76,2812
2024-04-22,23.715,23.72,23.724,23.7,2364
2024-04-23,23.73,23.7696,23.79,23.73,1285
2024-04-24,23.71,23.73,23.73,23.71,2067
2024-04-25,23.6639,23.69,23.72,23.6639,3332
2024-04-26,23.76,23.7306,23.76,23.71,2852
2024-04-29,23.74,23.775,23.7856,23.74,3756
2024-04-30,23.72,23.7202,23.76,23.71,3097
2024-05-01,23.7321,23.7897,23.8,23.715,2084
2024-05-02,23.825,23.8599,23.87,23.81,4534
2024-05-03,23.95,23.937,23.95,23.91,2663
2024-05-06,23.95,23.932,23.96,23.91,8097
2024-05-07,23.97,23.955,23.975,23.94,2294
2024-05-08,23.9325,23.9449,23.9568,23.9325,1078
2024-05-09,23.962,23.9605,23.9676,23.95,1983
2024-05-10,23.925,23.91,23.93,23.9,11658
2024-05-13,23.9324,23.915,23.94,23.915,1796
2024-05-14,23.9481,23.955,23.97,23.9401,2214
2024-05-15,24.0558,24.0494,24.0558,24.0301,5548
2024-05-16,24.036,24.0199,24.0416,24.0199,43570
2024-05-17,24.0237,23.92349,24.0237,24.0,1536
2024-05-20,23.9101,23.9198,23.93,23.91,18055
2024-05-21,23.937,23.9396,23.94,23.93,1157
2024-05-22,23.9212,23.9117,23.937,23.91,5180
2024-05-23,23.8431,23.859,23.87,23.84,2840
2024-05-24,23.87,23.88,23.88,23.85,7060
2024-05-28,23.8701,23.83,23.8999,23.82,11936
2024-05-29,23.8112,23.8,23.8112,23.78,4990
2024-05-30,23.8475,23.85,23.8643,23.8475,15276
2024-05-31,23.92,23.91,23.93,23.9,2682
2024-06-03,23.93,23.9862,23.99,23.93,6099
2024-06-04,24.0,24.025,24.03,24.0,3247
2024-06-05,24.03,24.0549,24.06,24.025,3277
2024-06-06,24.05,24.04,24.07,24.04,4175
2024-06-07,23.95,23.95,23.97,23.95,1128
2024-06-10,23.9301,23.935,23.9399,23.93,2883
2024-06-11,23.94,23.985,23.985,23.94,6880
2024-06-12,24.12,24.0665,24.15,24.06,5736
2024-06-13,24.09,24.1182,24.121,24.09,1662
2024-06-14,24.1074,24.1,24.11,24.09,3126
2024-06-17,24.075,24.07,24.09,24.066,2673
2024-06-18,24.12,24.11,24.13,24.09,1492
2024-06-20,24.08,24.0862,24.1193,24.07,17204
2024-06-21,24.1029,24.01789,24.1029,24.07,1767
2024-06-24,24.0255,24.0202,24.0469,24.0103,3183
2024-06-25,24.02,24.015,24.02,24.006,1814
2024-06-26,23.98,23.9699,23.988,23.9501,11805
2024-06-27,23.9937,23.99,24.03,23.98,7999
2024-06-28,24.02,23.9831,24.02,23.97,5707
2024-07-01,23.95,23.9344,23.95,23.91,1986
2024-07-02,23.98,23.985,24.0,23.97,1875
2024-07-03,24.0593,24.055,24.07,24.04,2079
2024-07-05,24.1,24.1285,24.13,24.09,1704
2024-07-08,24.1388,24.133,24.1388,24.129,963
2024-07-09,24.0818,24.12,24.13,24.0818,14419
2024-07-10,24.136,24.1303,24.136,24.1162,4432
2024-07-11,24.21,24.215,24.24,24.205,2073
2024-07-12,24.2456,24.26,24.26,24.2301,11045
2024-07-15,24.265,24.2499,24.265,24.23,982
2024-07-16,24.25,24.28,24.28,24.24,2963
2024-07-17,24.2755,24.27,24.28,24.24,11449
2024-07-18,24.2743,24.2584,24.29,24.2584,993
2024-07-19,24.2202,24.1302,24.2368,24.21,1240
2024-07-22,24.1522,24.14,24.17,24.14,3932
2024-07-23,24.1732,24.1704,24.174,24.15,952
2024-07-24,24.19,24.15,24.19,24.15,4162
2024-07-25,24.16,24.14,24.1867,24.13,11867
2024-07-26,24.21,24.22,24.23,24.19,8745
2024-07-29,24.24,24.2404,24.2404,24.22,4655
2024-07-30,24.24,24.26,24.26,24.221,1800
2024-07-31,24.29,24.3113,24.3113,24.2538,5447
2024-08-01,24.38,24.38,24.395,24.3701,1872
2024-08-02,24.5,24.54,24.57,24.5,5872
2024-08-05,24.57,24.5147,24.6,24.51,6868
2024-08-06,24.4871,24.47,24.4871,24.461,1758
2024-08-07,24.465,24.4267,24.465,24.411,1744
2024-08-08,24.41,24.42,24.42,24.3846,1112
2024-08-09,24.47,24.45,24.48,24.44,5168
2024-08-12,24.46,24.4762,24.486,24.455,1318
2024-08-13,24.5357,24.5589,24.56,24.53,2799
2024-08-14,24.589,24.58,24.589,24.57,3040
2024-08-15,24.52,24.51,24.52,24.5,7015
2024-08-16,24.54,24.48188,24.57,24.47,6128
2024-08-19,24.46,24.47,24.47,24.44,2429
2024-08-20,24.4975,24.5105,24.5105,24.4804,6232
2024-08-21,24.5369,24.5604,24.5604,24.5369,1300
2024-08-22,24.52,24.5051,24.52,24.5,2331
2024-08-23,24.56,24.5993,24.5993,24.56,1440
2024-08-26,24.6,24.58,24.6099,24.57,2634
2024-08-27,24.5703,24.6008,24.6008,24.566,2429
2024-08-28,24.6099,24.6,24.62,24.59,11853
2024-08-29,24.5625,24.6,24.61,24.5625,4245
2024-08-30,24.5999,24.57,24.5999,24.57,1870
2024-09-03,24.6,24.6054,24.6295,24.59,5087
2024-09-04,24.61,24.6833,24.7,24.61,2579
2024-09-05,24.72,24.7303,24.7303,24.6601,5563
2024-09-06,24.77,24.767,24.78,24.745,2133
2024-09-09,24.77,24.772,24.774,24.7601,1778
2024-09-10,24.7867,24.8297,24.8297,24.7867,2240
2024-09-11,24.78,24.8142,24.85,24.78,3085
2024-09-12,24.81,24.8196,24.825,24.785,1941
2024-09-13,24.85,24.8546,24.8546,24.8401,1954
2024-09-16,24.88,24.8882,24.9,24.88,4861
2024-09-17,24.8799,24.8703,24.8799,24.85,2254
2024-09-18,24.837,24.8528,24.88,24.8314,1379
2024-09-19,24.8501,24.86,24.8627,24.8501,4217
2024-09-20,24.86,24.81335,24.8995,24.85,972
2024-09-23,24.7601,24.7898,24.7999,24.7601,3751
2024-09-24,24.8096,24.815,24.815,24.805,866
2024-09-25,24.76,24.7698,24.7801,24.76,1675
2024-09-26,24.746,24.7441,24.746,24.73,991
2024-09-27,24.78,24.8058,24.8058,24.78,1361
2024-09-30,24.81,24.7598,24.81,24.74,6970
2024-10-01,24.81,24.81,24.8151,24.7903,9904
2024-10-02,24.7649,24.7985,24.7985,24.7649,2502
2024-10-03,24.7432,24.74,24.7548,24.739,788
2024-10-04,24.6339,24.6,24.6339,24.5999,781
2024-10-07,24.55,24.565,24.565,24.55,5721
2024-10-08,24.57,24.5733,24.5733,24.55,3640
2024-10-09,24.553,24.5432,24.553,24.53,3060
2024-10-10,24.55,24.58,24.58,24.55,839
2024-10-11,24.58,24.59,24.59,24.58,3007
2024-10-14,24.5505,24.58,24.58,24.52,2268
2024-10-15,24.6,24.6,24.6,24.5903,1817
2024-10-16,24.61,24.6396,24.641,24.61,2211
2024-10-17,24.6,24.59,24.6,24.579,1418
2024-10-18,24.6,24.51853,24.6114,24.6,763
2024-10-21,24.46,24.4236,24.4687,24.4236,8310
2024-10-22,24.3953,24.425,24.425,24.3953,1723
2024-10-23,24.375,24.3788,24.3838,24.37,1405
2024-10-24,24.4002,24.4,24.422,24.4,2445
2024-10-25,24.44,24.38,24.44,24.3752,2978
2024-10-28,24.38,24.3561,24.38,24.33,4009
2024-10-29,24.3208,24.3803,24.3803,24.32,5859
2024-10-30,24.3503,24.3306,24.37,24.3306,4805
2024-10-31,24.2963,24.3185,24.34,24.2963,6508
2024-11-01,24.3113,24.2978,24.3113,24.29,4779
2024-11-04,24.346,24.33,24.35,24.3258,3612
2024-11-05,24.2937,24.34,24.34,24.2845,1913
2024-11-06,24.31,24.2832,24.31,24.28,1689
2024-11-07,24.355,24.39,24.4259,24.355,11207
2024-11-08,24.35,24.3799,24.4191,24.35,4243
2024-11-11,24.3514,24.355,24.3599,24.3514,1223
2024-11-12,24.3,24.285,24.3,24.25,7232
2024-11-13,24.325,24.3,24.325,24.2801,2637
2024-11-14,24.3032,24.2409,24.34,24.24,16298
2024-11-15,24.245,24.21388,24.33,24.245,9080
2024-11-18,24.2,24.2379,24.24,24.2,2684
2024-11-19,24.2507,24.25,24.27,24.25,3304
2024-11-20,24.245,24.25,24.265,24.23,2319
2024-11-21,24.27,24.21,24.27,24.21,4704
2024-11-22,24.23,24.2099,24.23,24.205,1325
2024-11-25,24.32,24.3264,24.3264,24.2901,3139
2024-11-26,24.3,24.3002,24.3002,24.27,4453
2024-11-27,24.3299,24.3453,24.3492,24.3299,2110
2024-11-29,24.405,24.3949,24.405,24.38,1169
2024-12-02,24.38,24.42,24.42,24.38,5264
2024-12-03,24.45,24.3975,24.51,24.39,7190
2024-12-04,24.4109,24.4494,24.4494,24.4109,2118
2024-12-05,24.4,24.439,24.439,24.4,4145
2024-12-06,24.51,24.49,24.515,24.455,4681
2024-12-09,24.4649,24.47,24.48,24.4649,1816
2024-12-10,24.4435,24.44,24.45,24.4301,2411
2024-12-11,24.47,24.44,24.47,24.4381,1692
2024-12-12,24.41,24.39,24.42,24.39,61637
2024-12-13,24.38,24.34,24.38,24.34,7481
2024-12-16,24.36,24.35,24.38,24.35,7490
2024-12-17,24.3509,24.3576,24.3576,24.3466,1625
2024-12-18,24.3699,24.2187,24.3699,24.2187,1942
2024-12-19,24.21,24.2096,24.2112,24.17,3514
2024-12-20,24.225,24.16611,24.27,24.225,2749
2024-12-23,24.17,24.1448,24.17,24.13,2983
2024-12-24,24.1318,24.17,24.179,24.1318,633
2024-12-26,24.12,24.1782,24.1828,24.12,2439
2024-12-27,24.2,24.175,24.2,24.175,2230
2024-12-30,24.2,24.22,24.24,24.2,3882
2024-12-31,24.2356,24.2125,24.2356,24.2036,929
2025-01-02,24.2,24.22,24.2283,24.2,1510
2025-01-03,24.2162,24.1937,24.2265,24.19,22337
2025-01-06,24.21,24.2006,24.21,24.1943,1317
2025-01-07,24.17,24.16,24.17,24.1502,2460
2025-01-08,24.2,24.1917,24.2018,24.161,9751
2025-01-10,24.12,24.08,24.125,24.0201,4424
2025-01-13,24.07,24.07,24.07,24.07,576
2025-01-14,24.097,24.09,24.097,24.07,2068
2025-01-15,24.1929,24.215,24.218,24.1929,2759
2025-01-16,24.2299,24.2446,24.245,24.2201,2299
2025-01-17,24.2409,24.14617,24.2478,24.2203,5500
2025-01-21,24.18,24.1705,24.1897,24.07,6484
2025-01-22,24.1729,24.16,24.1729,24.155,1614
2025-01-23,24.1507,24.15,24.165,24.1336,4785
2025-01-24,24.19,24.19,24.2059,24.18,7324
2025-01-27,24.235,24.2611,24.27,24.23,9317
2025-01-28,24.2437,24.26,24.27,24.2342,1958
2025-01-29,24.27,24.255,24.27,24.2281,1759
2025-01-30,24.265,24.265,24.2681,24.26,1511
2025-01-31,24.27,24.2626,24.295,24.2626,2530
2025-02-03,24.25,24.25,24.2656,24.239,11407
2025-02-04,24.2877,24.29,24.2955,24.2709,2246
2025-02-05,24.34,24.34,24.3597,24.34,1182
2025-02-06,24.3248,24.315,24.34,24.2955,10769
2025-02-07,24.2508,24.275,24.28,24.2508,2571
2025-02-10,24.28,24.2828,24.3,24.28,715328
2025-02-11,24.256,24.28,24.28,24.25,6094
2025-02-12,24.19,24.2113,24.2113,24.19,998
2025-02-13,24.26,24.2728,24.2728,24.26,1041
2025-02-14,24.3405,24.35,24.36,24.3405,3998
2025-02-18,24.3206,24.29,24.3206,24.29,3859
2025-02-19,24.3,24.305,24.31,24.2911,1976
2025-02-20,24.34,24.3352,24.34,24.3352,1483
2025-02-21,24.3908,24.30386,24.3908,24.3902,868
2025-02-24,24.315,24.315,24.315,24.315,334
2025-02-25,24.38,24.3994,24.3999,24.38,456
2025-02-26,24.39,24.4197,24.4197,24.38,840
2025-02-27,24.3974,24.42,24.42,24.39,7735
2025-02-28,24.46,24.4617,24.4617,24.46,491
2025-03-03,24.46,24.49,24.4989,24.46,2085
2025-03-04,24.54,24.49,24.54,24.48,8206
2025-03-05,24.52,24.455,24.52,24.4505,2520
2025-03-06,24.45,24.43,24.45,24.39,17089
2025-03-07,24.51,24.42,24.51,24.411,4211
2025-03-10,24.47,24.4893,24.4897,24.47,3798
2025-03-11,24.485,24.43,24.485,24.421,1496
2025-03-12,24.4005,24.395,24.4199,24.395,1763
2025-03-13,24.37,24.411,24.44,24.3599,11965
2025-03-14,24.45,24.42,24.45,24.401,20454
2025-03-17,24.44,24.415,24.4425,24.41,5790
2025-03-18,24.43,24.431,24.44,24.43,576
2025-03-19,24.44,24.495,24.495,24.42,1072
2025-03-20,24.52,24.501,24.5471,24.501,1040
2025-03-21,24.5327,24.43268,24.5327,24.51,1419
2025-03-24,24.41,24.385,24.41,24.3801,3898
2025-03-25,24.38,24.381,24.4,24.38,616
2025-03-26,24.38,24.3931,24.3931,24.38,837
2025-03-27,24.4099,24.391,24.41,24.37,4122
2025-03-28,24.45,24.5,24.5,24.44,50392
2025-03-31,24.53,24.5,24.53,24.472,40683
2025-04-01,24.528,24.5257,24.528,24.5198,1666
2025-04-02,24.53,24.5254,24.53,24.51,3053
2025-04-03,24.64,24.63,24.6566,24.625,3943
2025-04-04,24.68,24.6083,24.715,24.595,30708
2025-04-07,24.45,24.4552,24.48,24.42,21974
2025-04-08,24.4356,24.3448,24.47,24.342,17396
2025-04-09,24.245,24.4772,24.4772,24.2127,4736
2025-04-10,24.34,24.365,24.365,24.32,6000
2025-04-11,24.23,24.2372,24.26,23.92,28838
