2018-07-27,9.9,10.0,10.0,9.1192,34491
2018-07-30,10.0,9.83,10.94,9.82,114487
2018-07-31,9.82,9.9,9.975,9.75,44461
2018-08-01,9.63,9.75,9.81,9.51,193268
2018-08-02,9.75,9.68,9.76,9.51,6305
2018-08-03,9.75,9.74,9.75,9.5,7452
2018-08-06,9.7225,9.69,9.7225,9.6253,1648
2018-08-07,9.67,9.73,9.73,9.6594,5640
2018-08-08,9.75,9.5,9.75,9.5,221110
2018-08-09,9.5,9.41,9.65,9.41,93579
2018-08-10,9.34,9.84,10.495,9.255,452808
2018-08-13,9.9,9.87,10.045,9.84,12828
2018-08-14,9.9,9.8,9.99,9.8,66855
2018-08-15,9.8,9.68,9.82,9.6643,2188
2018-08-16,9.72,9.6,9.89,9.6,1400
2018-08-17,9.67,9.67,9.67,9.4324,1664
2018-08-20,9.76,9.76,9.76,9.25,3662
2018-08-21,9.74,9.74,10.05,9.4,54563
2018-08-22,9.73,9.43,9.73,9.43,613
2018-08-23,9.42,9.41,9.65,9.41,4740
2018-08-24,9.6,9.53,9.76,9.53,6596
2018-08-27,9.74,9.97,10.0,9.06,141876
2018-08-28,9.9,9.6,9.9,9.5,20185
2018-08-29,9.71,9.8,9.8,9.7,4278
2018-08-30,9.61,9.5,9.73,9.5,4090
2018-08-31,9.5,9.8,9.8,9.3153,20390
2018-09-04,9.93,9.96,9.98,9.8464,409868
2018-09-05,9.96,9.84,9.96,9.84,36413
2018-09-06,9.83,9.66,10.03,9.66,41493
2018-09-07,10.01,9.99,10.03,9.9,172143
2018-09-10,10.03,10.03,10.03,9.95,170696
2018-09-11,10.0,10.44,10.6,10.0,120167
2018-09-12,10.5,10.51,10.849,10.4243,156179
2018-09-13,10.53,10.5,10.6,10.49,139033
2018-09-14,10.49,10.56,10.63,10.47,69094
2018-09-17,10.56,10.76,10.92,10.485,51973
2018-09-18,10.91,11.15,11.58,10.75,175375
2018-09-19,11.08,11.0,11.44,10.95,100200
2018-09-20,11.05,11.33,11.5,11.05,270482
2018-09-21,11.41,11.17,11.63,11.0,362605
2018-09-24,11.18,11.0,11.22,10.95,170299
2018-09-25,11.01,11.03,11.47,11.01,125762
2018-09-26,11.07,11.36,11.47,11.07,45230
2018-09-27,11.42,11.48,11.5,11.2,49261
2018-09-28,11.49,12.02,12.02,11.25,92394
2018-10-01,12.08,11.73,12.08,11.56,26302
2018-10-02,11.7,11.88,12.0,11.695,459761
2018-10-03,11.95,12.19,12.37,11.8417,243135
2018-10-04,12.13,12.1,12.17,11.96,243200
2018-10-05,12.18,12.44,13.2,12.11,296014
2018-10-08,12.4,12.48,12.73,12.4,139262
2018-10-09,12.57,12.5,12.8459,12.12,144489
2018-10-10,12.46,12.26,12.48,11.8,151046
2018-10-11,12.2,12.18,12.25,11.79,204892
2018-10-12,12.49,12.46,12.65,12.3552,118923
2018-10-15,12.41,12.45,12.59,12.2501,53359
2018-10-16,12.38,12.67,12.7,12.37,39940
2018-10-17,12.64,12.58,12.64,12.27,8644
2018-10-18,12.65,12.4,12.65,12.26,26001
2018-10-19,12.5,12.21,12.5,12.19,32634
2018-10-22,12.2,12.17,12.3025,12.1,41834
2018-10-23,12.096,12.01,12.15,11.94,33513
2018-10-24,12.02,11.85,12.16,11.6,81072
2018-10-25,11.85,12.01,12.2432,11.85,49669
2018-10-26,12.0,11.9,12.24,11.8,9813
2018-10-29,12.05,11.96,12.05,11.2,69699
2018-10-30,12.0,11.73,12.0,11.73,24151
2018-10-31,11.93,12.09,12.49,11.89,46179
2018-11-01,12.2,12.31,12.4,12.025,38815
2018-11-02,12.4,11.95,12.48,11.95,37042
2018-11-05,12.0,12.11,12.33,12.0,31942
2018-11-06,12.11,12.2,12.22,12.01,22806
2018-11-07,12.27,12.15,12.48,12.0,50609
2018-11-08,11.61,12.03,12.235,11.61,38703
2018-11-09,12.1,12.59,13.3775,12.1,189496
2018-11-12,12.59,12.5,12.84,12.33,33577
2018-11-13,12.6,12.5,12.6,12.45,25876
2018-11-14,12.5,12.73,13.04,12.5,131504
2018-11-15,12.7,12.51,12.7,12.4,37732
2018-11-16,12.4,12.25,12.52,12.08,52778
2018-11-19,12.26,12.21,12.49,12.19,29196
2018-11-20,12.15,11.26,12.2108,11.0,46516
2018-11-21,11.14,12.04,12.26,10.8,36089
2018-11-23,11.77,11.74,12.425,11.57,9000
2018-11-26,11.76,11.89,12.745,10.9746,22387
2018-11-27,11.89,12.0,12.52,11.58,12085
2018-11-28,12.19,12.24,12.24,11.97,3896
2018-11-29,12.31,12.15,12.35,11.81,9290
2018-11-30,12.31,12.12,12.31,12.12,18149
2018-12-03,12.43,12.48,12.5,12.19,17335
2018-12-04,12.15,12.2,12.4,11.7,16413
2018-12-06,11.93,12.07,12.27,11.84,16019
2018-12-07,12.07,11.67,12.19,11.54,9972
2018-12-10,11.505,11.59,11.855,11.25,9464
2018-12-11,11.75,11.46,12.16,11.44,9002
2018-12-12,11.83,11.8,12.0,11.55,6118
2018-12-13,11.68,11.68,11.68,11.39,1151
2018-12-14,11.47,11.43,11.62,11.0,25615
2018-12-17,11.4,11.24,11.4,10.81,89722
2018-12-18,11.24,11.06,11.5999,10.9,24459
2018-12-19,11.06,11.13,12.35,10.97,98093
2018-12-20,11.11,11.1,11.1655,10.88,28082
2018-12-21,11.35,11.33,11.83,11.18,572532
2018-12-24,11.11,11.07,11.43,11.05,5352
2018-12-26,11.07,11.49,11.71,11.07,17260
2018-12-27,11.4,11.53,11.75,11.05,104305
2018-12-28,11.63,12.02,12.07,10.96,113573
2018-12-31,12.1,11.96,12.25,11.71,61253
2019-01-02,11.91,11.96,12.22,11.68,53390
2019-01-03,11.86,11.92,11.99,11.25,16166
2019-01-04,12.16,12.01,12.36,11.81,47065
2019-01-07,11.9899,11.85,12.25,11.6,65318
2019-01-08,11.9,12.1,12.2,11.75,130055
2019-01-09,12.0,12.05,12.2,11.97,35161
2019-01-10,11.98,11.88,12.08,11.875,181875
2019-01-11,11.86,11.87,12.15,11.75,132928
2019-01-14,12.195,11.89,12.195,11.67,17564
2019-01-15,11.47,11.8,11.97,11.41,14918
2019-01-16,11.8,11.81,12.2,11.52,6173
2019-01-17,11.8,11.65,12.1982,11.43,13456
2019-01-18,11.77,11.74,12.01,11.5101,21560
2019-01-22,11.69,11.6,12.0,11.54,45488
2019-01-23,11.7933,11.75,11.7933,11.55,10003
2019-01-24,11.71,11.5,11.71,11.32,212730
2019-01-25,11.57,11.4,11.595,11.2,43904
2019-01-28,11.31,11.55,11.77,11.3,39252
2019-01-29,11.59,11.39,11.8,11.39,7758
2019-01-30,11.43,11.4,11.51,10.99,30715
2019-01-31,11.4,11.5,12.01,11.4,110153
2019-02-01,11.47,11.36,11.68,11.32,39721
2019-02-04,11.54,11.49,11.89,11.37,194255
2019-02-05,11.61,11.36,11.98,11.36,209686
2019-02-06,11.24,11.4,11.59,11.24,44713
2019-02-07,11.22,11.35,11.395,11.1,21421
2019-02-08,11.2,11.5,11.58,11.2,27305
2019-02-11,11.877,11.47,11.89,11.09,27364
2019-02-12,11.54,11.36,11.67,11.27,9622
2019-02-13,11.6,11.45,11.67,11.32,25022
2019-02-14,11.4,11.32,11.55,11.32,28802
2019-02-15,11.41,11.45,11.98,11.355,35017
2019-02-19,11.44,11.5,11.59,11.325,49299
2019-02-20,11.49,11.09,11.5,11.0,77614
2019-02-21,11.09,10.96,11.205,10.82,85193
2019-02-22,10.99,11.25,11.35,10.88,22324
2019-02-25,11.29,11.14,11.35,11.01,23571
2019-02-26,11.24,11.1,11.35,11.07,18009
2019-02-27,11.03,10.9,11.04,10.83,19454
2019-02-28,10.91,10.33,11.035,10.33,194619
2019-03-01,10.49,11.0,11.0,10.31,18309
2019-03-04,11.0,10.78,11.0,10.66,105921
2019-03-05,10.77,10.88,10.97,10.6,9991
2019-03-06,10.62,10.85,10.99,10.49,29187
2019-03-07,10.85,10.87,10.98,10.8,12053
2019-03-08,10.505,10.84,10.86,10.5,11637
2019-03-11,10.87,10.765,10.87,10.65,101718
2019-03-12,10.8,11.05,11.13,10.78,166703
2019-03-13,11.29,11.44,11.65,10.505,203816
2019-03-14,11.43,10.68,11.43,10.68,205591
2019-03-15,10.68,11.01,11.42,10.68,82959
2019-03-18,11.0,10.51,11.04,10.51,93170
2019-03-19,10.52,10.78,11.14,10.52,44715
2019-03-20,10.73,10.48,10.94,10.48,12316
2019-03-21,10.44,10.85,10.98,10.44,18851
2019-03-22,10.78,10.82,10.99,10.65,10349
2019-03-25,10.65,10.94,10.98,10.65,65337
2019-03-26,10.93,10.85,10.94,10.65,20476
2019-03-27,10.84,10.94,11.0,10.54,45003
2019-03-28,10.93,10.87,11.01,10.72,124029
2019-03-29,10.92,11.66,11.75,10.51,273677
2019-04-01,11.74,11.72,11.9,11.03,57327
2019-04-02,11.75,11.76,11.97,11.4,122246
2019-04-03,11.83,11.7,12.32,11.4,146340
2019-04-04,11.7,11.6,11.88,11.42,42722
2019-04-05,11.65,11.49,11.75,11.38,26970
2019-04-08,11.5,11.6,11.77,11.45,23626
2019-04-09,11.5,11.59,11.7,11.5,29431
2019-04-10,11.57,11.56,11.7,11.29,74397
2019-04-11,11.5,11.63,11.64,11.47,10222
2019-04-12,11.66,11.93,12.48,11.65,169164
2019-04-15,12.06,12.13,12.24,11.62,123533
2019-04-16,12.09,11.9,12.18,11.52,472404
2019-04-17,11.96,11.85,12.13,11.62,286863
2019-04-18,11.89,11.91,12.0,11.72,35231
2019-04-22,11.85,11.99,12.08,11.77,97110
2019-04-23,12.0,11.85,12.035,11.68,266863
2019-04-24,11.84,11.83,12.0,11.65,384269
2019-04-25,11.85,11.99,12.11,11.69,77337
2019-04-26,12.0,12.06,12.26,11.51,81231
2019-04-29,12.05,12.23,12.44,11.91,36982
2019-04-30,12.21,12.07,12.475,11.57,48077
2019-05-01,12.12,12.12,12.21,12.07,51120
2019-05-02,12.08,12.17,12.33,11.87,58929
2019-05-03,12.24,12.13,12.43,12.01,76442
2019-05-06,12.05,12.18,12.345,12.01,125441
2019-05-07,12.08,12.0,12.25,11.67,70766
2019-05-08,11.96,11.77,12.01,11.025,66249
2019-05-09,11.8,11.9,12.06,11.61,46672
2019-05-10,11.9,12.03,12.205,11.8,87422
2019-05-13,11.9,11.93,12.2001,11.57,153465
2019-05-14,11.97,11.93,12.01,11.635,71999
2019-05-15,11.99,12.13,12.37,11.0,229980
2019-05-16,11.17,11.9,12.39,11.17,364941
2019-05-17,11.9,12.22,12.3,11.815,144494
2019-05-20,12.22,12.44,12.58,12.2,219406
2019-05-21,12.56,13.21,13.61,12.45,222799
2019-05-22,13.27,13.47,13.54,13.25,136046
2019-05-23,13.45,13.38,13.5,13.14,49959
2019-05-24,13.44,13.62,13.8118,13.08,60357
2019-05-28,13.79,13.74,14.15,13.5,76510
2019-05-29,13.69,13.62,13.75,13.355,74468
2019-05-30,13.6,13.75,13.91,13.5,63748
2019-05-31,13.71,13.57,13.8,13.3605,55016
2019-06-03,13.7,13.6,13.79,13.415,81452
2019-06-04,13.72,13.85,13.95,13.1951,105547
2019-06-05,13.91,13.82,14.0,13.59,97089
2019-06-06,13.84,13.79,14.04,13.69,122977
2019-06-07,13.77,13.83,14.1,13.53,97638
2019-06-10,13.9,13.82,14.0,13.6,80789
2019-06-11,13.92,13.75,14.03,13.56,71298
2019-06-12,13.825,13.75,13.84,13.601,155950
2019-06-13,13.8,13.93,14.05,13.7,113106
2019-06-14,13.94,13.75,14.095,13.665,52235
2019-06-17,13.66,13.96,13.97,13.47,76743
2019-06-18,14.07,14.2,14.56,13.97,170070
2019-06-19,14.21,14.15,14.32,13.905,137067
2019-06-20,14.25,14.47,14.6,14.2,224650
2019-06-21,14.7985,14.87,15.11,14.29,149878
2019-06-24,14.9,14.86,15.05,14.56,225267
2019-06-25,14.83,14.4,14.83,14.18,161300
2019-06-26,14.33,14.14,14.48,14.0,206503
2019-06-27,13.8,14.16,14.275,13.8,162048
2019-06-28,14.24,14.1,14.46,13.96,1797635
2019-07-01,14.1,14.65,14.79,14.0469,349560
2019-07-02,14.6,14.6,14.72,14.46,125308
2019-07-03,14.69,14.62,14.69,14.4,26954
2019-07-05,14.24,14.52,14.6,14.24,51424
2019-07-08,14.52,14.48,14.55,14.398,124958
2019-07-09,14.5,14.57,14.68,14.39,200435
2019-07-10,14.58,14.3,14.66,14.26,120994
2019-07-11,14.255,14.39,14.5,14.03,103297
2019-07-12,14.4,14.43,14.64,14.25,229175
2019-07-15,14.41,14.42,14.66,14.18,120464
2019-07-16,14.49,14.44,14.5,14.28,122730
2019-07-17,14.55,14.28,14.555,14.27,84711
2019-07-18,14.3,14.31,14.42,14.16,64943
2019-07-19,14.28,14.09,14.28,14.02,129292
2019-07-22,14.02,14.08,14.3,13.92,87981
2019-07-23,13.99,14.12,14.14,13.81,166586
2019-07-24,14.07,14.33,14.36,13.95,72806
2019-07-25,14.06,14.1,14.29,13.98,145419
2019-07-26,14.11,14.07,14.32,13.9801,58076
2019-07-29,14.11,14.08,14.19,13.89,65855
2019-07-30,13.88,13.85,14.13,13.5238,148903
2019-07-31,13.85,13.84,14.33,13.84,66357
2019-08-01,13.84,13.84,14.3468,13.75,252859
2019-08-02,13.82,13.69,13.915,13.51,85506
2019-08-05,13.52,13.41,13.61,13.26,148310
2019-08-06,13.42,13.38,13.63,13.32,106759
2019-08-07,13.28,13.38,13.57,13.1,76168
2019-08-08,13.45,13.98,14.1,13.45,172305
2019-08-09,14.75,14.43,14.75,13.7585,123628
2019-08-12,14.4,14.38,14.4,14.09,86480
2019-08-13,14.39,14.49,14.6499,14.12,253643
2019-08-14,14.43,14.16,14.43,13.93,60016
2019-08-15,14.16,14.11,14.6409,13.96,50785
2019-08-16,14.19,14.3,14.43,14.0,190731
2019-08-19,14.43,14.5,14.7,14.36,238756
2019-08-20,14.56,14.41,14.68,14.34,41483
2019-08-21,14.5,14.15,14.5,14.0,118840
2019-08-22,14.1,13.97,14.2,13.82,28929
2019-08-23,13.8,13.58,13.99,13.42,62512
2019-08-26,13.23,13.53,13.6,13.0,119434
2019-08-27,13.85,13.85,14.0999,13.65,188622
2019-08-28,13.8,13.62,14.1,13.43,84638
2019-08-29,13.56,13.09,13.64,13.02,90836
2019-08-30,13.23,13.04,13.3,12.87,63170
2019-09-03,12.99,12.97,13.02,12.58,83660
2019-09-04,13.27,13.48,13.657,12.93,276500
2019-09-05,13.58,14.2,14.35,13.05,283407
2019-09-06,14.21,14.15,14.45,13.95,204944
2019-09-09,14.14,13.6,14.56,13.27,425990
2019-09-10,11.95,12.48,12.63,11.5,703953
2019-09-11,12.5,13.0,13.02,12.2,463788
2019-09-12,14.0,14.0,14.45,13.49,2660889
2019-09-13,14.0,13.91,14.05,13.644,427663
2019-09-16,13.8,13.86,13.95,13.6,251789
2019-09-17,13.8,13.95,14.0,13.75,361630
2019-09-18,13.86,13.74,13.89,13.55,243488
2019-09-19,13.72,13.78,14.05,13.6,205680
2019-09-20,13.77,13.86,13.98,13.57,552465
2019-09-23,13.8,14.46,14.54,13.8,809305
2019-09-24,14.53,14.16,14.88,14.08,308444
2019-09-25,14.09,14.01,14.26,13.94,290826
2019-09-26,14.01,13.99,14.27,13.88,234991
2019-09-27,14.04,14.1,14.275,13.84,559094
2019-09-30,14.11,13.74,14.39,13.55,139309
2019-10-01,13.76,13.52,13.91,13.2,317474
2019-10-02,13.44,13.19,13.53,13.14,151442
2019-10-03,13.2,13.09,13.2,12.7921,176719
2019-10-04,13.15,13.53,13.69,13.12,280050
2019-10-07,13.41,13.72,13.75,13.37,153180
2019-10-08,13.6,13.59,13.67,13.33,176893
2019-10-09,13.62,13.5,13.62,12.93,284280
2019-10-10,13.54,13.555,13.68,13.32,136298
2019-10-11,13.69,13.75,13.99,13.62,154885
2019-10-14,13.71,14.0,14.02,13.71,62788
2019-10-15,14.03,14.44,14.53,13.89,96493
2019-10-16,14.32,14.52,14.61,14.27,75737
2019-10-17,14.61,14.6,14.85,14.49,131401
2019-10-18,14.46,14.19,14.8,14.12,84847
2019-10-21,14.24,14.57,14.63,14.13,129683
2019-10-22,14.7,14.76,14.84,14.47,126771
2019-10-23,14.66,14.83,15.0,14.65,175074
2019-10-24,14.83,14.78,14.99,14.585,108223
2019-10-25,14.73,14.54,15.03,14.5,130184
2019-10-28,14.58,14.63,14.7,14.38,214716
2019-10-29,14.64,15.11,15.24,14.6,128801
2019-10-30,15.1,15.4,15.64,15.1,136072
2019-10-31,15.31,15.32,15.67,15.22,106447
2019-11-01,15.4,15.42,15.86,15.07,115994
2019-11-04,15.46,15.76,15.925,15.26,162591
2019-11-05,15.72,15.03,15.93,14.9,121496
2019-11-06,15.0,15.16,15.54,14.85,87362
2019-11-07,15.34,15.17,15.37,15.0,72974
2019-11-08,15.14,15.25,15.53,15.071,105628
2019-11-11,15.1,15.21,15.49,15.09,101152
2019-11-12,16.1,13.79,16.1,13.17,936272
2019-11-13,13.93,13.97,14.325,13.81,341852
2019-11-14,13.84,13.34,13.91,13.175,272723
2019-11-15,13.49,13.17,13.7213,13.015,245539
2019-11-18,13.18,13.52,13.55,13.01,222501
2019-11-19,13.5,13.68,13.95,13.5,205835
2019-11-20,13.65,13.47,13.98,13.32,203410
2019-11-21,13.82,13.2,13.82,12.91,190709
2019-11-22,13.28,12.805,13.34,12.56,181775
2019-11-25,12.96,13.11,13.34,12.96,553064
2019-11-26,13.19,13.09,13.36,12.98,553352
2019-11-27,13.12,13.58,13.89,13.05,169731
2019-11-29,13.53,13.59,13.84,13.53,59081
2019-12-02,13.5,13.58,13.66,13.18,162268
2019-12-03,13.51,13.18,13.51,12.94,151449
2019-12-04,13.24,12.965,13.44,12.96,153656
2019-12-05,13.01,12.81,13.1,12.78,181736
2019-12-06,12.88,12.69,13.05,12.46,301024
2019-12-09,12.7,12.84,13.02,12.6661,118298
2019-12-10,12.86,12.69,12.91,12.56,110586
2019-12-11,12.68,12.54,12.77,12.34,233844
2019-12-12,12.65,13.02,13.09,12.26,620226
2019-12-13,13.06,12.84,13.24,12.76,200126
2019-12-16,12.79,12.44,13.3222,12.36,226431
2019-12-17,12.55,12.48,12.57,12.3,150685
2019-12-18,12.5,12.215,12.555,12.14,156089
2019-12-19,12.22,11.83,12.36,11.75,145910
2019-12-20,11.85,11.77,11.86,11.5,825533
2019-12-23,11.79,12.05,12.25,11.76,124029
2019-12-24,12.06,11.93,12.21,11.8,74155
2019-12-26,11.92,12.15,12.3,11.92,119375
2019-12-27,12.1,11.99,12.23,11.94,191063
2019-12-30,11.98,11.89,12.01,11.83,329822
2019-12-31,11.86,12.04,12.26,11.83,290913
2020-01-02,12.14,12.3,12.33,11.95,205235
2020-01-03,12.12,12.07,12.3,11.9,83411
2020-01-06,11.99,11.98,12.15,11.8217,89457
2020-01-07,11.95,11.81,12.07,11.7,391510
2020-01-08,11.76,11.8,11.94,11.75,157751
2020-01-09,11.74,12.02,12.16,11.74,240110
2020-01-10,12.04,12.35,12.41,11.91,272433
2020-01-13,12.34,12.45,12.81,12.34,222671
2020-01-14,12.45,12.51,12.59,12.35,123866
2020-01-15,12.5,12.29,12.7265,12.22,97739
2020-01-16,12.04,12.3,12.36,11.74,712393
2020-01-17,12.41,12.26,12.7,12.14,639156
2020-01-21,12.3,12.235,12.57,12.1,722690
2020-01-22,12.35,12.4,12.52,12.17,380456
2020-01-23,12.47,12.1,12.51,11.99,426577
2020-01-24,12.08,11.95,12.22,11.86,184508
2020-01-27,11.83,11.53,11.92,11.5,179038
2020-01-28,11.59,10.98,11.59,10.95,208748
2020-01-29,10.22,10.87,10.94,10.11,153403
2020-01-30,10.83,10.86,11.06,10.66,357447
2020-01-31,10.86,10.58,10.87,10.4404,469342
2020-02-03,10.64,10.71,10.74,10.47,235473
2020-02-04,10.83,11.12,11.38,10.8,271706
2020-02-05,11.23,11.37,12.0378,11.1,135854
2020-02-06,11.5,11.58,11.81,11.45,301728
2020-02-07,11.57,11.31,11.76,11.2,228209
2020-02-10,11.29,11.11,11.3,11.02,216224
2020-02-11,11.11,11.105,11.29,11.03,196762
2020-02-12,11.2,11.07,11.32,11.05,134233
2020-02-13,11.01,11.15,11.21,10.95,136155
2020-02-14,11.15,10.94,11.19,10.87,130654
2020-02-18,11.0,10.74,11.0,10.6,111601
2020-02-19,10.77,10.99,11.14,10.71,145722
2020-02-20,10.99,11.09,11.17,10.82,205576
2020-02-21,11.09,11.02,11.12,10.93,67362
2020-02-24,10.69,10.74,10.85,10.46,96150
2020-02-25,10.78,10.39,10.8157,10.3,224335
2020-02-26,10.47,10.015,10.7,9.76,203630
2020-02-27,9.81,9.715,9.98,9.29,269036
2020-02-28,9.49,9.42,9.72,9.14,299601
2020-03-02,9.45,9.64,9.65,9.12,170398
2020-03-03,9.69,9.62,9.97,9.53,212899
2020-03-04,9.73,10.07,10.13,9.68,75486
2020-03-05,9.89,9.93,10.03,9.75,172998
2020-03-06,9.74,9.79,9.9,9.44,145686
2020-03-09,8.85,9.18,9.49,8.78,327492
2020-03-10,7.71,9.3,9.34,7.51,764597
2020-03-11,8.96,9.12,9.455,8.6951,461915
2020-03-12,8.66,8.49,9.1,8.24,578888
2020-03-13,8.89,8.93,9.19,8.19,315332
2020-03-16,8.05,8.21,8.36,7.0001,325227
2020-03-17,8.39,8.17,8.52,7.89,206044
2020-03-18,7.83,7.16,7.83,6.62,310126
2020-03-19,7.19,8.22,8.46,6.46,120958
2020-03-20,8.2,8.0,8.5318,7.6,370564
2020-03-23,8.04,7.75,8.07,7.16,135585
2020-03-24,7.8,8.02,8.5,7.72,144010
2020-03-25,8.03,8.69,9.01,7.92,213929
2020-03-26,8.73,9.58,9.81,8.73,115241
2020-03-27,9.29,8.99,9.8,8.84,170834
2020-03-30,8.84,9.1,9.41,8.735,98401
2020-03-31,9.08,9.13,9.39,8.83,133927
2020-04-01,8.85,8.4,9.1,8.2,117690
2020-04-02,8.48,8.27,9.0,8.0,290295
2020-04-03,8.27,7.89,8.49,7.29,113553
2020-04-06,8.1,8.57,8.77,7.905,173429
2020-04-07,8.72,7.61,8.83,6.85,198638
2020-04-08,7.6,8.08,8.3,7.6,159092
2020-04-09,8.08,8.3,8.65,8.08,120137
2020-04-13,8.25,8.1,8.75,7.87,51070
2020-04-14,8.27,8.62,8.68,8.2,87049
2020-04-15,8.39,8.21,8.45,7.69,67558
2020-04-16,8.24,7.74,8.31,7.51,103575
2020-04-17,8.0,8.25,8.53,7.95,100559
2020-04-20,8.11,7.91,8.25,7.65,44406
2020-04-21,7.7,7.67,8.22,7.6301,78702
2020-04-22,7.84,7.81,8.06,7.67,80454
2020-04-23,7.81,7.74,8.13,7.67,98444
2020-04-24,7.8,7.57,7.815,7.44,66440
2020-04-27,7.68,7.83,7.89,7.4471,56091
2020-04-28,7.9,8.46,8.67,7.88,180001
2020-04-29,8.73,8.91,9.06,8.46,372596
2020-04-30,8.81,8.08,8.9,8.0,103088
2020-05-01,8.63,10.0,11.3835,8.63,1047620
2020-05-04,10.08,9.53,10.15,9.0,192585
2020-05-05,9.46,9.65,10.2461,9.36,500547
2020-05-06,9.88,9.87,10.2,9.6101,186639
2020-05-07,10.06,9.91,10.33,9.86,118853
2020-05-08,9.99,10.08,10.32,9.7787,85544
2020-05-11,9.9,9.89,10.25,9.81,115045
2020-05-12,9.83,9.05,9.9,8.93,106865
2020-05-13,8.93,8.98,9.24,8.73,111282
2020-05-14,8.65,9.17,9.41,8.5,146079
2020-05-15,9.23,10.02,10.12,8.99,217752
2020-05-18,10.15,10.73,10.85,10.11,128413
2020-05-19,10.62,10.48,11.0,10.45,89452
2020-05-20,10.61,11.04,11.14,10.61,92968
2020-05-21,11.0,10.54,11.15,10.46,56852
2020-05-22,10.61,10.59,10.665,10.1,49400
2020-05-26,11.03,11.0,11.4,10.92,115582
2020-05-27,11.22,11.55,11.65,10.94,120072
2020-05-28,11.67,11.23,11.74,11.2,81985
2020-05-29,11.13,11.03,11.439,10.99,118347
2020-06-01,11.08,11.18,11.44,11.03,94945
2020-06-02,11.22,11.84,12.14,11.22,243031
2020-06-03,12.14,11.85,12.2,11.71,206340
2020-06-04,11.74,11.86,12.24,11.49,122445
2020-06-05,12.11,12.45,12.99,12.11,132188
2020-06-08,12.8,12.88,13.17,12.54,163389
2020-06-09,12.73,12.47,12.88,12.36,89902
2020-06-10,12.42,12.8,13.31,12.2,149009
2020-06-11,12.37,12.28,12.39,11.68,169189
2020-06-12,12.63,12.11,12.76,11.86,156701
2020-06-15,11.76,12.24,12.425,11.76,242237
2020-06-16,12.64,12.27,12.69,12.075,79344
2020-06-17,12.33,11.86,12.38,11.8,70594
2020-06-18,11.75,11.89,12.04,11.61,70164
2020-06-19,12.04,11.91,12.11,11.75,163382
2020-06-22,11.88,11.9,12.115,11.81,74399
2020-06-23,12.01,12.02,12.1,11.2141,66711
2020-06-24,11.9,11.58,12.01,11.51,140110
2020-06-25,11.55,11.94,12.08,11.55,121360
2020-06-26,11.82,12.45,12.5,11.75,594977
2020-06-29,12.58,12.14,12.63,11.93,111857
2020-06-30,12.19,12.46,12.86,12.04,148551
2020-07-01,12.57,12.41,12.76,12.12,107976
2020-07-02,12.52,12.4,12.89,12.265,94765
2020-07-06,12.59,12.49,12.85,12.2,117635
2020-07-07,12.53,12.4,12.675,12.3914,94545
2020-07-08,12.43,12.55,12.67,12.3,65127
2020-07-09,12.52,12.52,12.7,12.43,269644
2020-07-10,12.57,12.84,12.85,12.36,99494
2020-07-13,12.85,12.47,13.33,12.42,107300
2020-07-14,12.5,12.56,12.59,12.2901,55782
2020-07-15,12.77,13.32,13.35,12.73,118996
2020-07-16,13.32,13.22,13.39,13.0,145775
2020-07-17,13.16,13.2,13.26,13.0,65614
2020-07-20,13.25,13.3,13.41,13.15,104552
2020-07-21,13.44,13.52,13.7371,13.08,110247
2020-07-22,13.49,13.7,13.8284,13.43,79624
2020-07-23,13.63,13.65,13.93,13.51,51480
2020-07-24,13.7,13.35,13.7,13.24,48473
2020-07-27,13.35,13.28,13.69,13.1,56113
2020-07-28,13.31,13.27,13.5,13.26,69446
2020-07-29,13.28,13.275,13.58,13.155,184760
2020-07-30,13.17,13.39,13.64,13.085,56251
2020-07-31,13.45,13.48,13.54,13.16,95988
2020-08-03,13.62,13.98,14.13,13.57,62209
2020-08-04,13.85,14.2,14.44,13.14,132554
2020-08-05,15.5,16.54,17.414,15.4,384179
2020-08-06,16.7,16.76,16.95,16.5,169935
2020-08-07,16.6,17.59,17.875,16.52,216196
2020-08-10,17.78,17.4,18.08,17.29,185462
2020-08-11,17.5,16.94,17.5,16.8,210186
2020-08-12,17.13,16.97,17.2,16.88,228675
2020-08-13,16.84,16.63,16.93,16.565,193499
2020-08-14,16.5,18.13,18.25,16.0101,1096909
2020-08-17,18.48,17.67,18.48,17.25,488956
2020-08-18,18.1,17.79,18.69,17.735,273597
2020-08-19,17.7,17.64,18.0,17.41,206977
2020-08-20,17.46,18.01,18.23,17.44,220869
2020-08-21,17.89,18.24,18.39,17.76,286047
2020-08-24,18.6,17.41,18.63,17.26,172883
2020-08-25,17.38,17.795,17.85,17.38,111842
2020-08-26,17.59,17.21,17.66,17.07,83294
2020-08-27,17.22,17.2,17.4,17.05,68648
2020-08-28,17.38,17.29,17.41,17.13,153619
2020-08-31,17.33,16.92,17.33,16.59,330043
2020-09-01,16.72,16.99,17.3,16.54,303202
2020-09-02,17.22,17.35,17.4,16.86,222609
2020-09-03,17.29,16.22,17.38,16.15,199151
2020-09-04,16.46,16.57,16.8,16.09,196104
2020-09-08,16.14,16.58,16.87,16.14,295500
2020-09-09,16.85,16.93,17.02,16.4,486565
2020-09-10,17.06,16.55,17.26,16.375,265305
2020-09-11,16.53,16.54,16.9766,16.47,408849
2020-09-14,16.7,16.71,18.36,16.6784,1500294
2020-09-15,16.77,15.09,17.56,14.6609,1276950
2020-09-16,15.21,15.15,15.535,14.8,386744
2020-09-17,15.07,15.14,15.58,14.87,509827
2020-09-18,15.27,14.98,15.595,14.845,1581377
2020-09-21,14.77,14.95,15.02,14.375,439259
2020-09-22,15.0,15.33,15.37,14.935,218738
2020-09-23,15.27,14.88,15.48,14.72,313171
2020-09-24,14.9,14.8,15.18,14.62,189036
2020-09-25,14.77,15.0,15.13,14.64,170805
2020-09-28,15.04,15.41,15.455,15.04,152056
2020-09-29,15.44,15.815,15.99,15.23,323521
2020-09-30,14.51,14.365,14.72,13.68,1035234
2020-10-01,14.0,13.94,14.67,13.85,2584417
2020-10-02,13.85,14.16,14.36,13.6,476783
2020-10-05,14.23,14.49,14.6,14.1348,195755
2020-10-06,14.52,14.03,14.65,13.95,773271
2020-10-07,14.21,14.115,14.44,13.94,401795
2020-10-08,14.21,14.23,14.36,14.15,215598
2020-10-09,14.4,14.19,14.445,13.96,392229
2020-10-12,14.21,14.34,14.5,14.1,175578
2020-10-13,14.28,14.61,14.85,14.031,350495
2020-10-14,14.62,14.91,15.02,14.35,268813
2020-10-15,14.34,14.93,15.085,14.34,225612
2020-10-16,14.89,15.02,15.25,14.805,261684
2020-10-19,15.19,15.11,15.42,15.05,257625
2020-10-20,15.27,15.4,15.67,15.07,187745
2020-10-21,15.45,15.56,15.83,15.25,355753
2020-10-22,15.53,14.99,15.8944,14.83,167445
2020-10-23,15.15,15.25,15.44,14.9301,159688
2020-10-26,15.15,14.57,15.21,14.41,236280
2020-10-27,14.305,14.49,14.83,14.12,156831
2020-10-28,14.32,14.13,14.33,13.96,145209
2020-10-29,14.18,14.54,14.61,14.1,270950
2020-10-30,14.54,13.91,14.6,13.7,227454
2020-11-02,13.94,14.05,14.33,13.75,199893
2020-11-03,14.26,15.06,15.13,14.01,361407
2020-11-04,14.71,15.66,16.06,13.9211,383186
2020-11-05,15.82,15.69,16.5,15.56,361425
2020-11-06,15.73,15.97,16.075,15.54,236305
2020-11-09,15.96,16.37,16.855,15.68,315611
2020-11-10,16.45,16.01,16.51,15.98,250797
2020-11-11,16.16,16.25,16.4,15.97,95995
2020-11-12,15.95,15.9,16.2,15.77,117990
2020-11-13,16.24,16.06,16.32,15.96,187543
2020-11-16,16.395,16.09,16.395,16.01,126225
2020-11-17,16.0,15.86,16.08,15.65,160677
2020-11-18,15.95,15.68,16.19,15.62,209975
2020-11-19,15.76,15.89,15.95,15.61,121494
2020-11-20,15.75,15.78,16.05,15.5,134168
2020-11-23,15.91,16.05,16.115,15.91,431444
2020-11-24,16.19,16.17,16.8706,16.02,262502
2020-11-25,16.13,16.02,16.25,15.9,127572
2020-11-27,16.11,16.0,16.14,15.72,92941
2020-11-30,15.93,15.74,16.02,15.67,235242
2020-12-01,15.85,15.885,16.29,15.7381,253634
2020-12-02,15.54,15.82,16.04,15.54,309706
2020-12-03,15.84,15.5,15.97,15.5,162098
2020-12-04,15.6,15.6,15.91,15.44,173165
2020-12-07,15.56,16.05,16.15,15.5,176411
2020-12-08,15.92,16.43,16.48,15.77,124027
2020-12-09,16.53,16.32,16.62,16.105,171145
2020-12-10,16.18,16.61,16.74,15.98,126065
2020-12-11,16.49,16.72,16.8,16.36,129988
2020-12-14,16.75,16.62,17.25,16.51,125573
2020-12-15,16.62,16.72,16.755,16.31,167035
2020-12-16,16.73,16.78,17.0,16.73,162359
2020-12-17,16.9,16.87,17.2,16.8,171673
2020-12-18,16.95,16.44,17.2,16.38,1018173
2020-12-21,16.085,16.1,16.75,15.92,137691
2020-12-22,16.1,15.72,16.2,15.62,122060
2020-12-23,15.81,15.58,15.85,15.52,150307
2020-12-24,16.16,15.85,16.16,15.51,43803
2020-12-28,15.94,15.66,15.94,15.63,79222
2020-12-29,15.7,15.68,15.83,15.5,100269
2020-12-30,15.67,15.68,15.9,15.66,134726
2020-12-31,15.68,15.52,15.68,15.33,91125
2021-01-04,15.55,15.53,15.67,15.03,185666
2021-01-05,15.915,15.68,15.915,15.48,249277
2021-01-06,15.77,16.11,16.63,15.65,229176
2021-01-07,16.12,15.84,16.3,15.77,133387
2021-01-08,15.92,16.03,16.15,15.76,204182
2021-01-11,15.89,15.46,16.1,15.4,85582
2021-01-12,15.59,16.01,16.18,15.59,218154
2021-01-13,16.09,15.89,16.47,15.79,121814
2021-01-14,15.87,15.67,15.93,15.6,95927
2021-01-15,15.5,15.33,15.55,15.28,159404
2021-01-19,15.48,15.76,15.8,15.31,354447
2021-01-20,15.88,15.75,16.11,15.64,181501
2021-01-21,15.75,15.23,15.75,15.2,114997
2021-01-22,15.16,15.12,15.26,14.91,127666
2021-01-25,15.09,14.9,15.185,14.75,108039
2021-01-26,15.02,14.94,15.77,14.79,185824
2021-01-27,14.99,14.4,14.99,14.31,162250
2021-01-28,14.52,14.48,14.7334,14.35,253310
2021-01-29,14.53,14.28,14.745,14.035,165889
2021-02-01,14.53,14.76,14.9,14.31,125174
2021-02-02,14.96,14.82,15.21,14.75,83736
2021-02-03,14.78,15.05,15.08,14.46,127534
2021-02-04,15.11,15.6,15.61,15.0,62609
2021-02-05,15.76,15.57,15.76,15.37,117824
2021-02-08,15.385,15.99,16.02,15.385,97406
2021-02-09,15.93,16.42,16.57,15.885,159109
2021-02-10,16.45,16.37,16.7,16.31,128244
2021-02-11,16.44,15.68,16.48,15.67,55052
2021-02-12,15.68,15.85,16.09,15.68,179618
2021-02-16,16.0,15.49,16.06,15.48,71035
2021-02-17,15.46,15.39,15.46,15.19,69010
2021-02-18,15.29,15.45,15.63,15.15,190100
2021-02-19,15.47,15.47,15.75,15.35,109209
2021-02-22,15.44,14.99,15.6,14.91,104094
2021-02-23,14.72,15.0,15.12,14.515,94352
2021-02-24,14.99,15.25,15.29,14.95,74775
2021-02-25,15.2,15.09,15.5,14.97,108075
2021-02-26,15.08,14.73,15.08,14.66,99519
2021-03-01,15.03,15.25,15.6,14.78,242984
2021-03-02,15.28,15.04,15.86,15.0,125342
2021-03-03,14.99,14.83,15.15,14.71,175806
2021-03-04,15.075,14.17,15.075,14.04,128589
2021-03-05,14.29,14.8,14.84,13.85,168821
2021-03-08,14.71,14.8,15.13,14.55,222568
2021-03-09,14.99,15.31,15.48,14.93,99567
2021-03-10,15.6,16.54,16.615,15.42,219367
2021-03-11,17.0,17.14,17.5,16.65,274312
2021-03-12,17.06,17.09,17.44,16.77,360737
2021-03-15,17.06,17.28,17.57,16.605,319660
2021-03-16,17.28,16.66,17.28,16.58,179827
2021-03-17,16.57,16.3,16.57,15.87,198378
2021-03-18,16.09,15.64,16.135,15.0928,137821
2021-03-19,15.79,15.76,16.01,15.28,471612
2021-03-22,15.81,15.55,16.48,15.24,75875
2021-03-23,15.62,15.42,15.66,15.22,230671
2021-03-24,15.745,15.42,15.745,15.27,131746
2021-03-25,15.33,15.01,15.3771,14.78,126893
2021-03-26,15.17,15.28,15.28,14.75,100754
2021-03-29,15.21,14.91,15.41,14.87,73924
2021-03-30,14.84,14.93,14.98,14.47,100219
2021-03-31,15.13,15.01,15.32,14.95,180515
2021-04-01,14.9,15.33,15.5,14.9,106921
2021-04-05,15.57,15.17,15.57,15.1,206650
2021-04-06,15.14,15.09,15.32,15.0,195871
2021-04-07,15.14,14.65,15.3,14.615,86456
2021-04-08,14.72,14.73,15.11,14.6,132996
2021-04-09,14.85,14.97,15.1087,14.83,77986
2021-04-12,14.97,14.85,14.99,14.68,70283
2021-04-13,15.265,14.77,15.265,14.61,127621
2021-04-14,14.73,14.66,15.03,14.6,151823
2021-04-15,14.68,15.01,15.01,14.61,94301
2021-04-16,15.13,14.87,15.13,14.69,66226
2021-04-19,14.77,14.68,14.8477,14.455,88840
2021-04-20,14.57,14.52,14.66,14.35,121679
2021-04-21,14.55,14.56,14.925,14.33,147209
2021-04-22,14.66,14.75,15.1,14.51,371832
2021-04-23,14.79,15.36,15.78,14.79,466470
2021-04-26,15.45,16.1,16.5,15.32,580649
2021-04-27,16.15,15.81,16.15,15.64,338077
2021-04-28,15.81,15.77,15.895,15.445,230523
2021-04-29,15.87,16.01,16.15,15.61,300595
2021-04-30,15.95,15.78,16.07,15.565,308481
2021-05-03,15.615,15.82,15.98,15.615,201343
2021-05-04,15.77,15.45,15.77,15.25,185651
2021-05-05,15.46,14.76,15.5,14.38,375148
2021-05-06,14.52,14.11,14.95,13.14,403189
2021-05-07,14.11,14.5,14.64,14.11,749078
2021-05-10,14.41,14.62,14.89,14.29,455424
2021-05-11,14.5,14.39,14.5,13.89,276688
2021-05-12,14.24,13.88,14.325,13.82,263581
2021-05-13,14.28,13.84,14.28,13.55,192724
2021-05-14,13.98,14.4,14.43,13.9,186400
2021-05-17,14.32,14.1,14.32,13.93,93253
2021-05-18,14.1,14.09,14.27,14.035,156234
2021-05-19,13.91,13.98,14.01,13.78,235210
2021-05-20,14.13,14.26,14.33,13.86,111004
2021-05-21,14.44,14.22,14.46,14.16,99836
2021-05-24,14.28,14.54,14.57,14.19,87954
2021-05-25,14.55,14.97,15.04,14.54,298180
2021-05-26,15.375,14.94,15.375,14.88,87276
2021-05-27,14.97,15.25,15.27,14.91,176061
2021-05-28,15.05,15.27,15.35,14.99,456533
2021-06-01,15.33,15.08,15.4,14.74,256249
2021-06-02,15.13,15.75,15.9,14.81,372936
2021-06-03,15.6,15.67,15.8,15.26,261629
2021-06-04,15.76,15.36,15.79,15.24,103400
2021-06-07,15.32,15.39,15.57,15.18,228378
2021-06-08,15.4,15.26,15.64,15.16,208752
2021-06-09,15.27,15.13,15.38,15.01,184863
2021-06-10,15.16,15.07,15.16,14.85,102160
2021-06-11,15.585,15.18,15.585,15.1,70038
2021-06-14,15.26,15.02,15.33,14.99,83015
2021-06-15,15.08,14.82,15.085,14.76,112782
2021-06-16,14.86,14.81,15.065,14.64,164348
2021-06-17,14.8,15.04,15.12,14.8,117101
2021-06-18,14.98,15.53,15.61,14.97,417525
2021-06-21,15.67,15.48,15.685,15.44,269241
2021-06-22,15.42,15.33,15.51,15.01,187377
2021-06-23,15.53,15.25,15.53,15.2,157159
2021-06-24,15.32,15.55,15.56,15.16,139761
2021-06-25,15.58,15.45,15.84,15.3,438054
2021-06-28,15.47,15.04,15.61,15.0,140488
2021-06-29,14.77,15.0,15.05,14.77,130160
2021-06-30,15.0,14.85,15.7901,14.8,197738
2021-07-01,15.145,15.27,15.3,14.9,110456
2021-07-02,15.32,15.56,15.758,15.22,175305
2021-07-06,15.96,15.55,15.96,15.41,95395
2021-07-07,15.54,15.74,15.86,15.26,171402
2021-07-08,15.64,15.83,15.9,15.4,96030
2021-07-09,15.91,16.16,16.19,15.805,125331
2021-07-12,16.11,15.8,16.18,15.75,115053
2021-07-13,15.76,15.69,15.79,15.45,133896
2021-07-14,15.65,15.62,15.83,15.53,202360
2021-07-15,15.63,15.7,15.93,15.55,62345
2021-07-16,15.79,15.66,15.835,15.57,83621
2021-07-19,15.5,15.49,15.755,15.31,228955
2021-07-20,15.56,15.54,15.845,15.345,267532
2021-07-21,15.56,15.63,15.895,15.46,319395
2021-07-22,15.66,15.64,15.82,15.63,81453
2021-07-23,15.66,15.98,16.16,15.66,125839
2021-07-26,16.04,15.84,16.14,15.79,108974
2021-07-27,15.85,15.74,15.85,15.53,135908
2021-07-28,15.75,15.83,15.89,15.56,132065
2021-07-29,15.86,16.43,16.6,15.81,115129
2021-07-30,16.33,16.19,16.375,16.145,92418
2021-08-02,16.22,16.04,16.44,15.94,83002
2021-08-03,15.98,15.9,16.11,15.71,103146
2021-08-04,16.19,16.29,16.91,15.91,293017
2021-08-05,16.44,16.62,16.98,16.22,428961
2021-08-06,16.99,17.13,17.62,16.81,527515
2021-08-09,17.1,17.1,17.407,16.9,244379
2021-08-10,17.02,16.99,17.42,16.8001,244192
2021-08-11,16.9,17.27,17.35,16.9,177154
2021-08-12,17.35,17.76,17.8,17.03,158037
2021-08-13,17.71,17.42,17.89,17.36,101289
2021-08-16,17.36,17.4,17.562,17.06,507131
2021-08-17,17.39,17.49,17.66,16.9,282745
2021-08-18,17.6,17.13,17.7,17.07,167333
2021-08-19,17.02,17.37,17.4,16.93,99021
2021-08-20,17.3,17.7,17.82,17.18,153259
2021-08-23,17.81,17.85,18.07,17.81,74751
2021-08-24,17.84,17.75,17.97,17.66,70000
2021-08-25,17.81,17.75,17.97,17.73,106575
2021-08-26,17.78,17.78,17.93,17.5425,147911
2021-08-27,17.84,17.95,18.05,17.82,239605
2021-08-30,18.2,18.05,18.96,17.77,77106
2021-08-31,18.11,18.24,18.34,18.05,106792
2021-09-01,18.35,18.4,18.585,18.15,129498
2021-09-02,18.41,18.34,18.5939,18.25,104097
2021-09-03,18.32,18.14,18.3608,18.07,104874
2021-09-07,18.06,18.08,18.38,18.02,111421
2021-09-08,18.39,18.23,18.39,17.68,178102
2021-09-09,18.25,17.89,18.39,17.58,673891
2021-09-10,17.99,17.65,18.08,17.6,118984
2021-09-13,17.76,17.63,17.76,17.25,129628
2021-09-14,17.67,17.23,17.67,17.1301,99622
2021-09-15,17.28,17.16,18.3717,17.02,203665
2021-09-16,17.13,17.0,17.26,16.95,166921
2021-09-17,16.71,16.44,17.1,16.39,537183
2021-09-20,16.18,16.12,16.27,15.94,234892
2021-09-21,16.24,16.14,16.37,16.0,417770
2021-09-22,16.26,16.5,16.6,16.23,262715
2021-09-23,16.53,16.1,16.74,16.03,418275
2021-09-24,16.03,16.31,16.445,15.85,459647
2021-09-27,16.31,16.78,16.885,16.26,233827
2021-09-28,16.66,16.46,16.68,16.46,118750
2021-09-29,16.52,16.27,16.59,16.22,85045
2021-09-30,16.33,16.7,16.74,16.23,232806
2021-10-01,16.8,16.84,17.06,16.54,329520
2021-10-04,16.8,16.37,16.8,16.33,137626
2021-10-05,16.34,16.63,16.75,16.1549,130930
2021-10-06,16.5,16.64,16.79,16.43,152741
2021-10-07,16.78,16.75,17.0,16.73,88864
2021-10-08,16.85,16.93,17.07,16.65,307432
2021-10-11,17.02,16.47,17.09,16.47,64322
2021-10-12,16.52,16.69,16.79,16.26,85575
2021-10-13,16.75,17.0,17.0,16.66,78657
2021-10-14,16.975,16.95,17.27,16.91,138920
2021-10-15,17.21,17.01,17.21,16.92,191094
2021-10-18,17.0,16.9,17.0796,16.87,49564
2021-10-19,16.93,16.9,16.93,16.72,71511
2021-10-20,16.92,16.98,17.1042,16.8,78254
2021-10-21,16.94,16.89,16.99,16.79,127330
2021-10-22,16.93,16.57,16.93,16.48,73245
2021-10-25,16.5,16.86,16.89,16.44,131155
2021-10-26,16.85,16.96,17.0,16.74,77917
2021-10-27,17.1,16.39,17.1,16.375,109300
2021-10-28,16.44,16.39,16.56,16.245,97437
2021-10-29,16.29,16.74,16.8,16.29,153301
2021-11-01,16.79,16.96,17.37,16.69,263578
2021-11-02,17.225,16.43,17.225,16.3,110341
2021-11-03,17.38,17.01,17.38,16.45,476973
2021-11-04,17.16,16.68,17.21,16.555,144486
2021-11-05,16.98,17.0,17.099,16.64,194115
2021-11-08,17.05,16.7,17.18,16.67,100822
2021-11-09,16.67,16.67,16.7,16.4,113971
2021-11-10,16.62,16.43,16.8599,16.39,89776
2021-11-11,16.52,16.47,16.645,16.26,145588
2021-11-12,16.54,16.74,16.79,16.44,282386
2021-11-15,16.435,16.39,16.7,16.3,121812
2021-11-16,16.3,16.02,16.3,15.99,137762
2021-11-17,16.02,15.6,16.07,15.52,193328
2021-11-18,15.73,15.14,15.8,14.93,321502
2021-11-19,15.06,15.08,15.33,15.06,232758
2021-11-22,15.09,15.02,15.11,14.66,208593
2021-11-23,15.15,15.29,15.37,14.81,222087
2021-11-24,15.21,15.69,15.85,15.2,220304
2021-11-26,15.48,15.05,15.66,14.78,164701
2021-11-29,15.27,14.83,15.32,14.74,411941
2021-11-30,15.025,15.11,15.16,14.77,200849
2021-12-01,15.3,15.35,15.51,15.16,315176
2021-12-02,15.38,15.53,15.57,14.76,273068
2021-12-03,15.66,15.38,15.67,15.18,169173
2021-12-06,15.45,15.74,15.8253,15.36,98897
2021-12-07,15.85,15.96,16.125,15.84,100221
2021-12-08,15.8574,16.35,16.44,15.675,131970
2021-12-09,16.25,16.26,16.48,16.1,109472
2021-12-10,16.27,16.12,16.27,16.09,74678
2021-12-13,16.06,16.09,16.24,15.82,106425
2021-12-14,16.0,15.94,16.25,15.78,125883
2021-12-15,15.89,16.09,16.2,15.68,144603
2021-12-16,16.23,15.99,16.23,15.86,219701
2021-12-17,15.99,15.79,16.19,15.73,339260
2021-12-20,15.5,15.39,15.7142,15.26,96721
2021-12-21,15.52,15.66,15.75,15.49,91823
2021-12-22,15.68,15.79,15.8822,15.54,81789
2021-12-23,15.82,15.75,15.89,15.68,125602
2021-12-27,16.06,15.89,16.06,15.36,117802
2021-12-28,15.95,15.98,16.085,15.81,177747
2021-12-29,16.0,16.0,16.21,15.95,162465
2021-12-30,15.99,15.82,16.13,15.78,126670
2021-12-31,15.85,15.96,16.06,15.83,108778
2022-01-03,16.02,16.39,16.41,15.84,375684
2022-01-04,16.305,16.56,16.73,16.3,255352
2022-01-05,16.59,16.51,16.88,16.42,188140
2022-01-06,16.61,16.29,16.61,16.25,115974
2022-01-07,16.24,16.11,16.3,16.065,98897
2022-01-10,16.0,15.85,16.01,15.58,138680
2022-01-11,15.85,15.97,16.03,15.76,154352
2022-01-12,15.99,16.18,16.32,15.81,210017
2022-01-13,16.325,16.48,16.67,16.3,276867
2022-01-14,16.34,16.69,16.71,16.3001,150816
2022-01-18,16.475,15.99,16.67,15.97,345556
2022-01-19,15.95,15.98,16.11,15.81,126781
2022-01-20,15.94,16.0,16.4,15.94,173776
2022-01-21,15.86,15.78,16.29,15.775,197419
2022-01-24,15.63,16.05,16.19,15.54,304353
2022-01-25,15.87,15.98,16.28,15.56,251678
2022-01-26,16.02,15.7,16.18,15.52,247137
2022-01-27,15.73,15.49,15.95,15.4,137952
2022-01-28,15.5,15.81,15.96,15.25,231502
2022-01-31,15.74,16.01,16.02,15.73,163502
2022-02-01,15.99,16.0,16.24,15.83,203416
2022-02-02,15.98,15.96,16.13,15.84,143089
2022-02-03,15.83,15.56,15.85,15.4581,118839
2022-02-04,15.48,15.47,15.585,15.07,194418
2022-02-07,15.45,15.71,15.79,15.45,124257
2022-02-08,15.68,15.65,15.83,15.61,103066
2022-02-09,15.73,15.8,15.855,15.54,222816
2022-02-10,15.62,15.68,16.09,15.62,196460
2022-02-11,15.71,15.46,15.95,15.38,153180
2022-02-14,15.47,15.66,15.75,15.47,75868
2022-02-15,15.73,16.07,16.23,15.73,226564
2022-02-16,16.07,16.13,16.17,15.98,224083
2022-02-17,16.07,15.97,16.26,15.935,134796
2022-02-18,15.9,15.85,16.07,15.75,189998
2022-02-22,15.85,16.15,16.22,15.79,280117
2022-02-23,16.27,15.98,16.41,15.88,172833
2022-02-24,15.67,16.0,16.015,15.59,218509
2022-02-25,16.06,15.98,16.28,15.8703,145372
2022-02-28,15.84,16.06,16.115,15.76,213432
2022-03-01,16.06,15.62,16.16,15.39,281993
2022-03-02,15.73,15.99,16.11,15.66,151485
2022-03-03,16.07,15.8,16.13,15.77,149546
2022-03-04,15.73,15.74,15.75,15.45,165983
2022-03-07,17.24,16.93,18.1,16.81,825547
2022-03-08,17.22,18.4,18.87,17.19,907567
2022-03-09,18.4,17.88,18.4698,17.78,618291
2022-03-10,17.7,17.77,17.95,17.35,427735
2022-03-11,17.79,17.98,18.29,17.58,859594
2022-03-14,18.09,18.0,18.47,17.78,644457
2022-03-15,18.01,18.34,18.36,17.945,349760
2022-03-16,18.49,20.3,20.63,18.48,1037335
2022-03-17,20.46,21.65,21.8,20.1,1134523
2022-03-18,21.61,21.63,21.94,21.1313,537944
2022-03-21,21.61,21.74,21.95,20.8901,417590
2022-03-22,21.73,21.51,21.98,21.47,416190
2022-03-23,21.47,21.45,21.76,21.08,491950
2022-03-24,21.68,21.12,21.79,21.03,376065
2022-03-25,21.02,21.07,21.32,20.91,350590
2022-03-28,21.02,21.38,21.42,20.84,542945
2022-03-29,21.5,21.07,21.71,20.99,347527
2022-03-30,21.11,21.0,21.7,20.81,443723
2022-03-31,21.0,20.61,21.3197,20.55,266570
2022-04-01,20.55,21.01,21.11,20.55,323549
2022-04-04,21.16,21.52,21.54,21.09,218540
2022-04-05,21.51,21.21,21.73,21.09,394250
2022-04-06,21.12,21.4,21.6,21.0527,367723
2022-04-07,21.46,20.31,21.66,20.26,507847
2022-04-08,20.35,20.04,20.65,20.015,290760
2022-04-11,19.92,19.82,20.1415,19.655,325580
2022-04-12,19.88,20.43,20.91,19.88,606952
2022-04-13,20.23,20.14,20.29,20.01,222268
2022-04-14,20.18,20.54,20.675,20.09,358471
2022-04-18,20.51,20.5,21.1,20.45,224737
2022-04-19,20.42,20.54,20.73,20.4,193648
2022-04-20,20.71,20.74,20.955,20.51,191191
2022-04-21,20.8,20.51,21.215,20.42,214626
2022-04-22,20.32,19.72,20.45,19.67,167385
2022-04-25,19.02,19.98,19.99,19.02,379105
2022-04-26,19.91,19.38,19.91,19.35,192641
2022-04-27,19.35,19.48,19.55,19.22,183304
2022-04-28,19.65,20.02,20.04,19.36,321617
2022-04-29,19.98,19.87,20.28,19.65,619487
2022-05-02,19.75,19.46,19.8188,19.0406,279717
2022-05-03,19.48,19.87,19.9,19.32,558404
2022-05-04,20.0,21.42,22.86,19.51,1060624
2022-05-05,21.43,20.87,21.43,20.08,344138
2022-05-06,20.8,20.3,20.8,20.09,279864
2022-05-09,20.01,19.91,20.2925,19.79,395093
2022-05-10,20.11,19.73,20.4603,19.64,296103
2022-05-11,19.84,19.8,20.27,19.56,318876
2022-05-12,19.61,19.38,20.04,19.03,412731
2022-05-13,19.4,19.61,19.87,19.4,241709
2022-05-16,19.565,19.11,19.735,19.05,217574
2022-05-17,19.39,19.57,19.68,19.245,314001
2022-05-18,19.41,19.84,20.0825,19.41,326708
2022-05-19,19.83,19.32,20.01,19.29,291347
2022-05-20,19.43,18.95,19.4329,18.65,566112
2022-05-23,19.23,19.63,19.71,18.97,275381
2022-05-24,19.63,19.43,19.77,19.21,216274
2022-05-25,19.35,19.51,19.55,19.08,250792
2022-05-26,19.51,19.69,19.89,19.48,396559
2022-05-27,19.81,20.17,20.24,19.76,147246
2022-05-31,20.15,20.62,20.72,19.88,370729
2022-06-01,20.72,20.93,21.03,19.881,231677
2022-06-02,20.92,20.85,21.0436,20.5,188723
2022-06-03,20.69,20.95,21.04,20.5539,107808
2022-06-06,21.07,20.34,21.38,20.25,225787
2022-06-07,20.3,20.72,20.82,20.165,327375
2022-06-08,20.61,19.97,20.74,19.9,236670
2022-06-09,20.08,19.63,20.08,19.56,183046
2022-06-10,19.47,19.17,19.53,19.14,160993
2022-06-13,18.69,19.06,19.08,18.0939,355220
2022-06-14,18.93,19.39,19.46,18.5,372311
2022-06-15,19.41,19.76,19.91,19.265,390066
2022-06-16,19.47,18.93,19.98,18.882,416900
2022-06-17,19.19,19.61,19.84,18.805,708276
2022-06-21,20.01,19.92,20.1699,19.56,293549
2022-06-22,19.67,19.49,19.87,19.255,231785
2022-06-23,19.53,19.21,19.66,19.08,203384
2022-06-24,19.27,20.17,20.18,19.27,458271
2022-06-27,20.32,20.51,21.05,20.32,324405
2022-06-28,20.56,20.32,20.87,19.9326,242002
2022-06-29,20.49,20.15,20.8,19.94,234204
2022-06-30,20.02,20.47,20.73,20.01,276304
2022-07-01,20.47,21.77,22.09,20.27,2052452
2022-07-05,21.77,21.93,21.98,20.2809,1000009
2022-07-06,22.17,22.52,22.68,21.525,747090
2022-07-07,22.73,22.5,22.94,22.03,834940
2022-07-08,22.44,22.48,22.72,21.86,353647
2022-07-11,22.45,21.99,22.69,21.95,383359
2022-07-12,21.92,22.01,22.41,21.88,398276
2022-07-13,21.8,21.91,21.96,20.52,843506
2022-07-14,21.64,21.34,21.7399,20.89,343489
2022-07-15,21.56,21.4,21.69,21.09,682268
2022-07-18,21.78,21.82,22.62,21.78,427693
2022-07-19,21.9,22.48,22.5,21.9,364236
2022-07-20,22.5,22.5,22.6999,22.18,408404
2022-07-21,22.5,23.1,23.52,22.2704,813553
2022-07-22,23.09,23.14,23.37,22.691,575103
2022-07-25,23.012,22.88,23.39,22.7038,320425
2022-07-26,22.88,22.97,23.11,22.66,337079
2022-07-27,23.11,23.64,23.73,22.66,767618
2022-07-28,23.8,24.19,24.28,23.42,506124
2022-07-29,24.3,24.04,24.43,23.97,504532
2022-08-01,24.09,24.44,24.4863,23.7239,548330
2022-08-02,24.29,24.93,25.14,24.12,700212
2022-08-03,24.92,24.99,25.25,23.17,690035
2022-08-04,25.23,24.38,25.2532,23.8512,433317
2022-08-05,24.36,24.98,25.09,24.1,419157
2022-08-08,25.11,26.04,26.11,25.11,877627
2022-08-09,25.98,25.11,26.05,24.76,821958
2022-08-10,25.71,25.39,25.9181,24.94,942307
2022-08-11,25.34,24.31,25.53,24.01,771634
2022-08-12,24.3,24.53,24.74,24.26,474771
2022-08-15,24.41,24.9,25.05,24.26,315236
2022-08-16,24.68,25.0,25.1,24.52,386780
2022-08-17,25.12,25.35,25.37,24.69,326042
2022-08-18,25.51,25.99,26.23,25.31,486146
2022-08-19,25.6,25.45,25.88,25.35,361650
2022-08-22,25.65,25.24,25.65,25.032,331292
2022-08-23,25.27,24.59,25.37,24.47,339183
2022-08-24,24.5,24.6,24.775,24.05,324641
2022-08-25,24.71,24.79,24.9,24.56,229911
2022-08-26,24.8,24.11,24.88,24.04,266026
2022-08-29,24.0,23.69,24.05,23.44,525141
2022-08-30,23.49,23.18,23.69,22.93,398128
2022-08-31,23.15,22.4,23.27,22.345,1041446
2022-09-01,22.24,22.28,22.3,21.88,617145
2022-09-02,22.49,22.2,22.49,21.995,474503
2022-09-06,22.14,22.51,22.67,22.14,362665
2022-09-07,22.46,22.51,22.58,22.1662,295342
2022-09-08,22.51,22.7,22.79,22.11,220509
2022-09-09,22.81,23.3,23.32,22.67,295348
2022-09-12,23.34,23.6,23.66,23.29,314270
2022-09-13,23.11,23.35,23.43,22.92,312693
2022-09-14,23.52,23.27,23.64,23.0,321723
2022-09-15,23.16,23.26,23.32,22.85,381877
2022-09-16,23.19,23.58,23.7,22.965,609987
2022-09-19,23.09,23.37,23.4692,22.94,435907
2022-09-20,23.35,23.58,23.81,23.15,406474
2022-09-21,23.67,24.16,24.83,23.63,338722
2022-09-22,24.31,23.72,24.34,23.66,379532
2022-09-23,23.49,23.3,23.53,22.9595,574996
2022-09-26,23.1,22.23,23.44,22.1,320093
2022-09-27,22.42,22.75,22.86,22.125,445426
2022-09-28,22.79,23.48,23.65,22.63,425773
2022-09-29,23.38,23.21,23.54,22.84,317686
2022-09-30,23.17,22.79,23.45,22.55,543738
2022-10-03,22.98,23.63,23.73,22.77,324711
2022-10-04,23.9,24.02,24.155,23.76,291964
2022-10-05,23.99,24.15,24.197,23.6,232938
2022-10-06,24.15,23.92,24.4,23.86,207877
2022-10-07,23.7,23.63,23.855,23.38,233123
2022-10-10,23.63,23.68,23.8,23.37,169959
2022-10-11,23.69,23.37,23.745,23.08,344126
2022-10-12,23.39,23.69,23.75,23.16,285561
2022-10-13,23.33,24.3,24.359,23.15,440032
2022-10-14,24.37,23.56,24.42,23.54,309973
2022-10-17,23.88,24.59,24.68,23.88,363372
2022-10-18,25.09,25.09,25.45,24.535,382866
2022-10-19,24.86,25.0,25.17,24.75,276464
2022-10-20,25.06,24.62,25.1664,24.59,220978
2022-10-21,24.59,25.58,25.75,24.4,619702
2022-10-24,25.77,26.67,26.805,25.31,1153916
2022-10-25,26.8,26.52,27.22,26.47,488832
2022-10-26,26.52,26.38,26.94,26.1,381393
2022-10-27,26.46,26.65,27.14,26.2809,350476
2022-10-28,26.65,26.62,27.1,26.42,278198
2022-10-31,26.66,27.03,27.2299,26.32,355431
2022-11-01,27.07,26.75,27.81,26.59,417758
2022-11-02,26.68,25.65,26.78,25.62,523104
2022-11-03,25.312,24.91,25.33,22.78,1021361
2022-11-04,25.16,24.57,25.33,24.23,468870
2022-11-07,24.49,24.7,24.99,24.01,325951
2022-11-08,24.75,24.72,25.19,24.54,241647
2022-11-09,24.7,20.91,24.7,20.82,1522934
2022-11-10,21.92,20.64,22.72,20.26,925361
2022-11-11,20.45,20.53,21.42,20.38,710657
2022-11-14,20.43,19.75,20.725,19.51,693920
2022-11-15,20.19,20.63,20.99,19.9097,685700
2022-11-16,20.52,20.25,20.82,19.975,382973
2022-11-17,20.1,20.3,20.587,19.87,392064
2022-11-18,20.57,20.46,20.76,20.26,472817
2022-11-21,20.52,20.42,20.725,20.295,507141
2022-11-22,20.57,20.65,20.91,20.23,308199
2022-11-23,20.46,21.36,21.4,20.46,260193
2022-11-25,21.39,21.03,21.78,21.02,131195
2022-11-28,21.01,21.32,21.59,20.845,322780
2022-11-29,21.19,21.3,21.46,21.02,293230
2022-11-30,21.27,21.72,21.73,21.0299,414395
2022-12-01,21.78,22.07,22.145,21.68,268431
2022-12-02,21.82,22.14,22.315,21.82,263431
2022-12-05,21.94,21.16,22.01,21.095,317179
2022-12-06,21.22,21.05,21.36,20.84,415312
2022-12-07,20.89,21.18,21.22,20.74,280234
2022-12-08,21.27,21.06,21.32,20.91,254116
2022-12-09,20.99,21.06,21.2,20.71,245602
2022-12-12,21.29,21.1,21.32,20.88,233213
2022-12-13,21.65,21.51,21.8,21.085,368709
2022-12-14,21.48,21.46,21.67,21.16,306438
2022-12-15,21.3,21.51,21.52,21.16,306228
2022-12-16,21.45,21.36,21.91,21.3,436433
2022-12-19,21.3,21.11,21.56,20.73,426348
2022-12-20,21.12,21.58,21.8,21.02,240685
2022-12-21,21.66,22.34,22.45,21.515,280340
2022-12-22,22.17,22.4,22.42,21.83,591767
2022-12-23,22.39,22.45,22.75,22.261,223296
2022-12-27,22.52,22.96,23.04,22.245,255997
2022-12-28,22.91,23.44,23.5,22.87,380360
2022-12-29,23.52,24.02,24.44,23.52,316544
2022-12-30,23.88,24.37,24.5,23.62,610214
2023-01-03,24.46,23.9,24.96,23.35,586454
2023-01-04,23.98,22.6,23.98,22.53,535828
2023-01-05,22.45,22.87,23.0,21.93,291392
2023-01-06,22.86,22.81,23.03,22.655,352728
2023-01-09,22.86,22.85,23.14,22.39,464789
2023-01-10,22.76,22.76,22.88,22.4,343702
2023-01-11,22.93,23.08,23.17,22.71,275896
2023-01-12,23.05,23.01,23.31,22.805,341010
2023-01-13,23.21,23.55,23.79,22.94,332214
2023-01-17,23.5,23.97,24.055,23.28,262917
2023-01-18,24.05,24.36,24.49,24.05,325276
2023-01-19,24.42,24.23,24.55,24.16,225975
2023-01-20,24.48,24.05,25.01,23.98,307030
2023-01-23,24.08,23.94,24.42,23.81,198298
2023-01-24,23.96,23.72,24.08,23.67,156614
2023-01-25,23.63,23.81,23.84,23.19,155996
2023-01-26,23.95,23.7,24.1029,23.59,162107
2023-01-27,23.69,23.29,23.755,23.26,198382
2023-01-30,23.27,22.77,23.36,22.69,269045
2023-01-31,22.85,22.76,23.07,22.67,360159
2023-02-01,22.78,23.28,23.61,22.75,388106
2023-02-02,23.42,23.62,23.87,23.2,436985
2023-02-03,23.38,23.77,23.87,23.24,288783
2023-02-06,23.75,23.37,23.88,23.285,201951
2023-02-07,23.3,23.43,23.64,23.0101,195485
2023-02-08,23.44,22.75,23.61,22.4,765168
2023-02-09,22.87,22.62,23.61,22.58,381823
2023-02-10,22.66,23.56,23.57,22.57,364917
2023-02-13,23.58,24.14,24.26,23.5,288123
2023-02-14,24.04,24.64,24.67,23.97,813576
2023-02-15,24.53,25.45,25.46,24.29,292252
2023-02-16,25.19,24.98,25.8,24.96,496538
2023-02-17,25.04,25.16,25.325,24.88,237795
2023-02-21,25.0,24.91,25.39,24.85,341788
2023-02-22,24.9,24.99,25.38,24.79,317158
2023-02-23,25.06,24.99,25.2603,24.76,204477
2023-02-24,24.77,24.94,25.08,24.59,170081
2023-02-27,25.03,25.22,25.29,24.9,309299
2023-02-28,25.21,25.55,25.74,25.065,529974
2023-03-01,25.46,25.98,26.07,25.46,346675
2023-03-02,25.91,26.23,26.5,25.74,344226
2023-03-03,26.3,25.7,26.39,25.57,877638
2023-03-06,25.77,25.32,25.81,25.17,427382
2023-03-07,25.3,25.69,25.825,25.18,348252
2023-03-08,25.64,25.02,28.24,24.69,930948
2023-03-09,25.5,26.14,27.19,25.5,704253
2023-03-10,26.14,24.56,26.23,24.37,632621
2023-03-13,24.18,24.19,24.9626,23.88,499284
2023-03-14,24.55,24.38,25.1,24.0088,369629
2023-03-15,24.18,24.26,24.625,23.94,424365
2023-03-16,24.05,24.08,24.495,23.6,321340
2023-03-17,24.1,23.33,24.22,23.1719,574553
2023-03-20,23.58,23.38,23.84,23.24,285670
2023-03-21,23.74,24.62,24.62,23.44,340703
2023-03-22,24.57,24.53,24.93,24.29,297696
2023-03-23,24.55,24.88,25.21,24.34,379842
2023-03-24,24.71,24.92,25.19,24.47,270466
2023-03-27,25.07,25.3,25.53,25.03,319933
2023-03-28,25.29,25.15,25.43,24.94,290859
2023-03-29,25.3,25.7,25.7,25.06,276298
2023-03-30,25.78,25.75,26.06,25.49,246527
2023-03-31,25.96,25.78,26.44,25.55,513274
2023-04-03,25.8,25.35,26.02,25.22,292689
2023-04-04,25.45,25.15,25.65,24.89,248860
2023-04-05,24.97,24.58,25.17,24.11,232531
2023-04-06,24.58,24.88,25.3,24.58,281741
2023-04-10,24.9,25.18,25.36,24.6966,189914
2023-04-11,25.26,25.37,25.72,25.17,221236
2023-04-12,25.46,25.62,25.88,25.46,157161
2023-04-13,25.69,25.85,26.15,25.5901,197412
2023-04-14,25.94,26.27,26.305,25.91,192921
2023-04-17,26.31,25.84,26.4085,25.8,319930
2023-04-18,25.94,25.57,26.05,25.2377,273339
2023-04-19,25.58,25.54,26.3,25.35,266984
2023-04-20,25.38,25.5,25.845,25.245,163252
2023-04-21,25.41,25.3,25.58,25.03,164771
2023-04-24,25.33,25.2,25.6999,25.09,148855
2023-04-25,25.06,24.77,25.25,24.71,112457
2023-04-26,25.1,25.16,25.415,24.63,199721
2023-04-27,25.2,25.19,25.61,25.046,169281
2023-04-28,25.26,25.78,25.9229,25.05,200021
2023-05-01,25.71,25.66,26.075,25.48,185361
2023-05-02,25.51,24.75,25.51,24.41,151506
2023-05-03,24.72,25.44,25.84,24.72,248831
2023-05-04,25.14,25.04,25.965,24.0,417719
2023-05-05,25.57,26.33,26.4525,24.8201,297497
2023-05-08,26.44,25.6,26.71,25.54,268956
2023-05-09,25.51,24.98,25.655,24.74,365134
2023-05-10,25.15,24.34,25.3464,24.25,207937
2023-05-11,24.14,24.05,24.48,23.92,184414
2023-05-12,24.22,23.17,24.67,23.12,369474
2023-05-15,23.17,23.0,23.67,22.64,685947
2023-05-16,22.86,23.02,23.41,22.79,431051
2023-05-17,23.02,22.81,23.14,22.5,392779
2023-05-18,22.69,23.41,23.54,22.62,370434
2023-05-19,23.69,23.99,24.19,23.58,223352
2023-05-22,24.0,23.69,24.12,23.59,276300
2023-05-23,23.65,23.4,23.81,23.15,158063
2023-05-24,23.23,22.99,23.28,22.79,205260
2023-05-25,22.91,22.4,22.98,22.06,470168
2023-05-26,22.44,23.05,23.24,22.44,302429
2023-05-30,23.12,23.08,23.19,22.54,362844
2023-05-31,23.09,23.3,23.3875,22.8,637740
2023-06-01,23.35,23.63,23.8475,23.075,195293
2023-06-02,23.7,23.61,24.165,23.49,422210
2023-06-05,23.5,23.76,24.0,23.44,318438
2023-06-06,23.76,24.71,24.85,23.75,311148
2023-06-07,24.85,25.0,25.23,24.85,278122
2023-06-08,24.98,24.65,25.12,24.645,241100
2023-06-09,24.68,24.44,24.86,24.43,254237
2023-06-12,24.47,24.11,24.7,23.96,259403
2023-06-13,24.17,24.53,24.61,24.09,224816
2023-06-14,24.55,24.57,25.18,24.41,375066
2023-06-15,24.47,25.05,25.11,24.455,246016
2023-06-16,25.29,24.63,25.29,24.59,468119
2023-06-20,24.56,24.57,24.76,24.13,226506
2023-06-21,24.57,24.44,24.695,24.15,182104
2023-06-22,24.39,24.64,24.67,24.195,191572
2023-06-23,24.42,24.5,24.8,24.27,261239
2023-06-26,24.42,24.23,24.875,24.2,234509
2023-06-27,24.25,24.39,24.61,24.09,163539
2023-06-28,24.41,24.2,24.455,23.91,222791
2023-06-29,24.26,24.74,24.865,24.19,194710
2023-06-30,24.81,24.53,25.08,24.46,321127
2023-07-03,24.55,24.91,24.98,24.48,83144
2023-07-05,24.87,25.07,25.13,24.635,128905
2023-07-06,24.87,24.61,24.885,24.34,132369
2023-07-07,24.6,24.86,24.9765,24.44,141877
2023-07-10,24.78,25.18,25.25,24.73,160159
2023-07-11,25.27,25.42,25.46,25.17,152127
2023-07-12,25.53,25.75,25.84,25.41,110427
2023-07-13,25.79,26.0,26.22,25.79,138318
2023-07-14,25.95,25.9,26.21,25.78,106734
2023-07-17,25.95,25.88,26.25,25.86,216240
2023-07-18,25.9,25.8,26.08,25.535,137236
2023-07-19,25.88,25.85,26.0478,25.7,166490
2023-07-20,25.79,25.52,25.79,25.415,205042
2023-07-21,25.65,25.46,25.84,25.4,216653
2023-07-24,25.5,25.26,25.5,25.145,231235
2023-07-25,25.19,25.46,25.64,25.19,314092
2023-07-26,25.34,24.04,25.545,23.78,501807
2023-07-27,24.25,24.47,24.92,24.2,410031
2023-07-28,24.61,24.28,24.62,24.27,193777
2023-07-31,24.38,24.23,24.6,24.15,160748
2023-08-01,24.12,23.96,24.53,23.83,464940
2023-08-02,20.2,19.41,21.05,18.69,1400634
2023-08-03,19.04,17.7,19.04,17.625,919772
2023-08-04,18.1,19.15,19.17,17.64,666660
2023-08-07,19.25,18.14,19.25,18.12,455685
2023-08-08,18.11,18.49,18.55,17.78,361275
2023-08-09,18.44,17.72,18.63,17.645,531509
2023-08-10,17.78,17.76,18.21,17.57,707687
2023-08-11,17.68,17.93,18.0,17.62,226523
2023-08-14,17.79,17.74,17.96,17.585,260068
2023-08-15,17.7,18.2,18.39,17.65,406312
2023-08-16,18.13,17.59,18.13,17.58,322638
2023-08-17,17.46,17.35,17.56,17.3,210732
2023-08-18,17.15,17.47,17.63,17.11,213137
2023-08-21,17.62,17.41,17.62,17.215,185309
2023-08-22,17.43,17.79,17.88,17.375,207775
2023-08-23,17.79,17.87,17.96,17.5,238265
2023-08-24,17.82,17.43,18.0,17.25,271732
2023-08-25,17.48,17.59,17.7,17.33,195437
2023-08-28,17.62,17.39,17.62,17.13,322921
2023-08-29,17.37,17.65,17.71,17.31,316836
2023-08-30,17.6,17.56,17.84,17.51,183839
2023-08-31,17.56,17.3,17.66,17.25,189641
2023-09-01,17.39,17.8,18.05,17.22,239799
2023-09-05,17.68,17.61,17.939,17.56,169657
2023-09-06,17.68,17.6,17.81,17.5,154175
2023-09-07,17.56,17.66,17.69,17.51,231495
2023-09-08,17.73,17.53,17.79,17.52,163091
2023-09-11,17.49,17.49,17.49,17.49,25251
2023-09-12,17.52,17.78,17.83,17.4787,228609
2023-09-13,17.85,17.89,18.0699,17.81,292432
2023-09-14,17.95,17.75,17.99,17.69,157490
2023-09-15,17.76,17.51,17.91,17.42,529999
2023-09-18,17.51,17.655,17.84,17.27,246807
2023-09-19,17.69,17.36,17.9,17.25,379899
2023-09-20,17.36,17.04,17.53,17.0,248729
2023-09-21,17.0,17.04,17.255,16.67,373452
2023-09-22,17.06,16.9,17.32,16.86,216303
2023-09-25,16.87,16.78,16.98,16.71,205596
2023-09-26,16.77,16.74,16.93,16.58,242415
2023-09-27,16.86,16.9,17.07,16.67,206967
2023-09-28,16.86,16.85,17.0,16.69,257365
2023-09-29,17.0,16.93,17.21,16.69,452431
2023-10-02,16.9,17.03,17.17,16.79,175925
2023-10-03,17.01,16.52,17.16,16.43,235851
2023-10-04,16.53,16.54,16.7,16.38,190729
2023-10-05,16.54,16.45,16.665,16.35,322770
2023-10-06,16.42,17.01,17.12,16.42,209160
2023-10-09,16.91,17.19,17.4,16.9,250139
2023-10-10,17.17,17.29,17.54,17.17,200825
2023-10-11,17.4,17.13,17.575,16.96,134055
2023-10-12,17.14,16.68,17.15,16.53,175047
2023-10-13,16.61,16.25,17.195,15.88,417236
2023-10-16,16.37,16.6,16.63,16.3,374352
2023-10-17,16.5,16.72,16.72,16.39,383380
2023-10-18,16.58,16.24,16.89,16.105,253498
2023-10-19,16.18,16.56,16.615,16.18,383365
2023-10-20,16.55,16.33,16.62,16.28,254882
2023-10-23,16.33,16.35,16.505,16.04,254637
2023-10-24,16.41,16.28,16.58,16.13,171755
2023-10-25,16.14,16.64,16.68,16.065,236051
2023-10-26,16.7,16.47,16.86,16.41,403214
2023-10-27,16.54,16.2,16.54,16.04,258456
2023-10-30,16.38,15.87,16.39,15.78,293748
2023-10-31,15.95,15.96,16.09,15.8,283646
2023-11-01,16.01,15.99,16.06,15.76,295474
2023-11-02,16.21,16.55,16.58,15.978,376885
2023-11-03,16.8,16.75,17.18,16.6,505718
2023-11-06,16.84,16.93,17.025,16.58,275854
2023-11-07,17.775,18.84,19.37,17.42,750197
2023-11-08,19.03,19.53,19.78,18.765,1002604
2023-11-09,19.53,19.32,19.72,19.235,484128
2023-11-10,19.45,20.04,20.175,19.36,495777
2023-11-13,20.03,20.15,20.265,19.91,216148
2023-11-14,20.25,20.59,20.8545,20.23,294154
2023-11-15,20.59,21.03,21.15,20.48,362646
2023-11-16,20.99,20.73,21.22,20.44,292367
2023-11-17,20.91,21.15,21.16,20.68,297706
2023-11-20,21.14,21.52,21.71,20.97,324008
2023-11-21,21.51,21.27,21.88,21.12,413223
2023-11-22,21.31,21.26,21.36,21.073,148323
2023-11-24,21.17,21.3,21.48,21.17,56184
2023-11-27,21.27,21.18,21.4,21.09,187226
2023-11-28,21.25,21.0,21.43,20.98,188026
2023-11-29,21.2,20.9,21.31,20.84,192501
2023-11-30,21.0,20.85,21.2,20.56,260536
2023-12-01,20.94,20.99,21.05,20.54,219436
2023-12-04,21.19,21.1,21.4,20.92,431966
2023-12-05,21.52,21.04,21.52,20.94,214681
2023-12-06,21.12,20.43,21.2132,20.4,178514
2023-12-07,20.74,20.81,20.83,20.48,615106
2023-12-08,20.81,20.83,21.135,20.71,161288
2023-12-11,20.81,20.53,20.98,20.45,169598
2023-12-12,20.58,20.78,20.91,20.45,190117
2023-12-13,20.75,21.24,21.3,20.4929,330476
2023-12-14,21.45,20.89,21.45,20.69,285055
2023-12-15,21.05,21.07,21.31,20.71,487619
2023-12-18,21.23,21.27,21.32,20.95,158982
2023-12-19,21.41,21.74,21.85,20.78,219337
2023-12-20,21.82,22.02,22.545,21.74,209663
2023-12-21,22.1,22.39,22.43,22.04,200399
2023-12-22,22.37,22.05,22.41,22.0,288101
2023-12-26,22.07,22.05,22.33,21.98,124974
2023-12-27,22.01,22.14,22.36,21.97,107277
2023-12-28,22.16,22.19,22.45,21.97,102806
2023-12-29,22.22,22.09,22.28,22.04,136627
2024-01-02,21.93,21.97,22.06,21.6848,137575
2024-01-03,21.94,21.42,21.94,21.42,180649
2024-01-04,21.53,21.78,22.57,21.38,309326
2024-01-05,21.65,21.42,21.84,21.4,160697
2024-01-08,21.42,21.6,21.6,21.25,382953
2024-01-09,21.41,20.61,21.41,20.52,225949
2024-01-10,20.46,20.81,20.83,20.34,436285
2024-01-11,20.87,20.85,21.005,20.42,272202
2024-01-12,21.08,20.58,21.265,20.54,197194
2024-01-16,20.58,21.42,21.42,20.5,573952
2024-01-17,21.23,21.25,21.47,20.98,287920
2024-01-18,21.41,21.0,21.67,20.95,166360
2024-01-19,21.12,20.91,21.12,20.82,128397
2024-01-22,21.03,21.0,21.22,20.75,191178
2024-01-23,21.18,20.85,21.31,20.8,145496
2024-01-24,21.06,20.57,21.07,20.51,218362
2024-01-25,20.74,20.81,20.96,20.63,162796
2024-01-26,20.94,20.79,21.09,20.77,112003
2024-01-29,20.76,21.15,21.16,20.7,162701
2024-01-30,21.05,20.89,21.295,20.86,205809
2024-01-31,20.83,20.6,21.08,20.55,122766
2024-02-01,20.58,20.84,21.18,20.58,144793
2024-02-02,20.76,20.89,21.07,20.62,135795
2024-02-05,20.69,20.77,20.95,20.6796,113255
2024-02-06,20.74,20.95,20.99,20.645,127025
2024-02-07,21.0,20.85,21.107,20.83,212659
2024-02-08,20.8,20.24,20.97,20.185,367376
2024-02-09,20.38,21.03,21.15,20.38,280937
2024-02-12,21.04,21.41,21.625,21.04,238900
2024-02-13,20.96,20.51,21.2,20.44,312884
2024-02-14,20.75,20.82,20.87,20.235,191584
2024-02-15,20.91,21.27,21.36,20.75,146702
2024-02-16,21.27,20.83,21.41,20.81,136118
2024-02-20,20.6,20.89,20.98,20.58,110373
2024-02-21,20.73,20.99,21.11,20.53,320822
2024-02-22,20.99,21.18,21.23,20.83,287564
2024-02-23,21.31,21.96,22.14,21.25,217137
2024-02-26,22.04,21.5,22.07,21.47,306000
2024-02-27,19.9,19.91,20.09,18.006,759594
2024-02-28,19.8,19.5,20.255,19.24,325517
2024-02-29,19.58,19.7,19.88,19.43,344475
2024-03-01,19.8,19.27,19.8,19.175,273351
2024-03-04,19.27,19.77,20.17,19.21,361231
2024-03-05,19.85,19.9,20.46,19.81,235548
2024-03-06,20.4,20.57,20.88,20.08,315169
2024-03-07,20.65,21.01,21.3,20.65,237129
2024-03-08,21.11,20.72,21.11,20.7,200336
2024-03-11,20.65,20.12,20.72,20.05,278847
2024-03-12,20.17,20.31,20.52,20.01,185140
2024-03-13,20.36,20.22,20.39,20.02,178955
2024-03-14,20.38,20.53,20.77,20.24,320106
2024-03-15,20.31,21.0,21.37,20.31,385518
2024-03-18,21.14,20.86,21.14,20.72,257911
2024-03-19,20.79,21.36,21.42,20.75,191805
2024-03-20,21.69,22.29,22.33,21.58,235558
2024-03-21,22.48,22.14,22.67,22.06,289635
2024-03-22,22.18,22.0,22.3694,21.98,180700
2024-03-25,22.05,22.32,22.4,22.0,126337
2024-03-26,22.33,22.33,22.8,22.3,225746
2024-03-27,22.47,22.82,22.82,22.41,108716
2024-03-28,22.86,22.83,23.18,22.74,180938
2024-04-01,23.2,22.58,23.28,22.47,312079
2024-04-02,22.39,22.47,22.79,22.04,204966
2024-04-03,22.31,22.8,22.96,22.242,236280
2024-04-04,22.95,22.34,23.02,22.29,167056
2024-04-05,22.19,22.49,22.63,22.18,118180
2024-04-08,22.48,22.65,22.83,22.48,90025
2024-04-09,22.66,22.34,22.76,22.3,96979
2024-04-10,22.02,21.95,22.2,21.7,169316
2024-04-11,21.94,22.04,22.12,21.71,107112
2024-04-12,22.04,21.71,22.17,21.58,128010
2024-04-15,21.9,21.49,22.0658,21.39,110485
2024-04-16,21.44,21.27,21.58,21.24,130493
2024-04-17,21.46,21.31,21.65,21.26,124819
2024-04-18,21.3,21.35,21.83,21.245,163327
2024-04-19,21.23,21.35,21.65,21.23,121543
2024-04-22,21.52,21.55,21.71,21.24,136463
2024-04-23,21.62,21.89,21.89,21.61,137874
2024-04-24,21.86,22.15,22.225,21.66,229183
2024-04-25,22.04,21.19,22.05,21.17,179773
2024-04-26,21.2,21.36,21.575,21.12,108503
2024-04-29,21.37,20.98,21.6799,20.85,178671
2024-04-30,20.87,20.23,21.04,20.15,237041
2024-05-01,20.35,20.05,20.526,20.04,172436
2024-05-02,20.26,20.0,20.33,19.95,427369
2024-05-03,20.25,20.15,20.64,20.14,259390
2024-05-06,20.19,19.35,20.455,19.31,474630
2024-05-07,19.55,19.59,19.67,19.22,685993
2024-05-08,20.53,20.02,21.285,19.43,506464
2024-05-09,20.16,21.12,21.32,20.14,678178
2024-05-10,20.99,20.7,21.01,20.31,277425
2024-05-13,20.62,20.39,20.895,20.22,240521
2024-05-14,20.64,20.81,20.84,20.33,431047
2024-05-15,20.9,20.42,20.9,20.39,234709
2024-05-16,20.31,20.82,20.85,20.21,439087
2024-05-17,20.99,20.75,21.06,20.71,140519
2024-05-20,20.75,20.72,20.99,20.695,138479
2024-05-21,20.66,20.86,20.88,20.6338,139738
2024-05-22,20.75,20.76,21.0799,20.65,198343
2024-05-23,20.76,20.88,20.945,20.5,164091
2024-05-24,20.96,20.95,21.31,20.9,129792
2024-05-28,21.03,20.86,21.06,20.6711,121662
2024-05-29,20.65,20.66,20.85,20.64,112985
2024-05-30,20.71,20.77,20.9799,20.7011,140336
2024-05-31,20.85,20.86,20.94,20.575,115159
2024-06-03,21.11,21.05,21.18,20.86,117253
2024-06-04,20.93,21.02,21.1,20.7633,110897
2024-06-05,21.04,21.39,21.455,20.89,142842
2024-06-06,21.23,21.02,21.25,20.905,106935
2024-06-07,21.03,21.4,21.43,20.885,182526
2024-06-10,21.19,21.33,21.61,20.98,344919
2024-06-11,21.24,21.31,21.73,21.15,246471
2024-06-12,21.57,21.43,21.84,21.43,250083
2024-06-13,21.44,21.13,21.5,21.02,131479
2024-06-14,20.91,20.88,21.13,20.51,193112
2024-06-17,20.79,20.71,20.93,20.43,114004
2024-06-18,20.77,20.51,20.77,20.36,150537
2024-06-20,20.45,20.03,20.59,19.94,160282
2024-06-21,20.15,20.39,20.59,20.065,414130
2024-06-24,20.37,20.43,20.62,20.331,160563
2024-06-25,20.45,20.25,20.45,20.12,118181
2024-06-26,20.13,20.25,20.29,19.9941,111793
2024-06-27,20.25,20.37,20.545,20.23,133127
2024-06-28,20.51,20.84,21.28,20.51,923630
2024-07-01,20.9,20.27,21.04,20.0407,113564
2024-07-02,20.26,20.38,20.55,20.24,85967
2024-07-03,20.37,20.51,20.76,20.37,53398
2024-07-05,20.39,20.22,20.39,20.0623,127926
2024-07-08,20.4,20.26,20.485,20.09,105646
2024-07-09,20.34,19.88,20.34,19.86,136830
2024-07-10,19.9,19.51,19.97,19.36,150416
2024-07-11,19.7,19.99,20.15,19.48,303208
2024-07-12,20.19,19.85,20.23,19.79,250052
2024-07-15,19.89,20.05,20.26,19.6,395180
2024-07-16,20.22,21.11,21.22,20.14,582401
2024-07-17,21.02,20.91,21.25,20.82,262470
2024-07-18,20.74,20.73,21.035,20.62,182995
2024-07-19,20.78,20.74,20.85,20.3738,113480
2024-07-22,20.79,20.89,20.965,20.54,164947
2024-07-23,20.9,20.91,20.97,20.75,221896
2024-07-24,20.81,21.0,21.18,20.59,195594
2024-07-25,21.02,21.01,21.23,20.945,149008
2024-07-26,21.25,21.49,21.59,21.165,148286
2024-07-29,21.5,21.46,21.56,21.22,96236
2024-07-30,21.57,22.09,22.23,21.54,175282
2024-07-31,22.06,22.21,22.32,21.83,245610
2024-08-01,22.2,22.3,22.33,22.13,387632
2024-08-02,22.22,21.6,22.38,21.566,379451
2024-08-05,20.92,21.08,21.21,20.46,297477
2024-08-06,21.07,21.92,22.24,21.07,463760
2024-08-07,18.0,17.5,20.0,17.07,2175220
2024-08-08,17.51,17.4,18.08,17.17,799051
2024-08-09,17.27,16.71,17.32,16.17,597275
2024-08-12,16.91,16.56,17.09,16.5,597442
2024-08-13,16.68,16.53,16.919,16.42,325826
2024-08-14,16.65,16.5,16.8,16.42,546097
2024-08-15,16.5,17.07,17.1,16.5,249865
2024-08-16,17.08,16.92,17.37,16.79,369085
2024-08-19,16.91,16.96,16.97,16.71,198204
2024-08-20,16.96,16.6,17.01,16.51,233020
2024-08-21,16.79,17.04,17.175,16.57,279687
2024-08-22,17.02,17.09,17.18,16.9399,203860
2024-08-23,17.24,17.7,17.72,17.09,259183
2024-08-26,17.91,17.91,18.045,17.72,281409
2024-08-27,17.91,17.73,18.17,17.73,292088
2024-08-28,17.79,17.68,17.965,17.58,272287
2024-08-29,17.86,17.69,17.96,17.58,157064
2024-08-30,17.97,18.15,18.34,17.83,355218
2024-09-03,17.94,18.13,18.36,17.92,300963
2024-09-04,18.15,17.97,18.2799,17.96,353972
2024-09-05,18.04,17.7,18.11,17.65,177007
2024-09-06,17.79,18.05,18.31,17.72,380415
2024-09-09,18.05,18.32,18.572,17.98,472737
2024-09-10,18.25,17.79,18.4,17.55,279704
2024-09-11,17.77,17.79,17.92,17.555,176351
2024-09-12,17.89,18.17,18.315,17.82,175837
2024-09-13,18.23,18.46,18.76,18.21,204028
2024-09-16,18.49,18.72,18.82,18.49,286065
2024-09-17,18.88,18.86,19.025,18.81,264427
2024-09-18,18.81,18.94,19.45,18.81,234449
2024-09-19,19.27,19.12,19.375,19.06,240048
2024-09-20,19.14,19.24,19.515,19.03,512667
2024-09-23,19.24,18.95,19.435,18.84,205641
2024-09-24,18.92,18.87,19.12,18.81,206127
2024-09-25,18.82,18.44,18.82,18.435,252584
2024-09-26,18.6,18.73,18.95,18.59,207298
2024-09-27,18.93,18.64,19.35,18.64,376364
2024-09-30,18.6,18.49,18.8234,18.451,273868
2024-10-01,18.35,17.57,18.49,17.44,406919
2024-10-02,17.69,17.32,17.69,17.16,266366
2024-10-03,17.36,17.16,17.725,17.16,181261
2024-10-04,17.38,17.51,17.57,17.28,199846
2024-10-07,17.45,17.29,17.61,17.26,223152
2024-10-08,17.39,17.21,17.585,17.2,212222
2024-10-09,17.22,17.29,17.505,17.07,218787
2024-10-10,17.16,17.41,17.45,17.16,140898
2024-10-11,17.4,17.65,17.71,17.4,137834
2024-10-14,17.65,17.65,17.7799,17.57,232511
2024-10-15,17.69,17.84,18.04,17.63,199375
2024-10-16,18.04,18.38,18.51,18.0,191601
2024-10-17,18.4,18.37,18.435,18.18,163367
2024-10-18,18.47,18.17,18.5,18.145,138298
2024-10-21,18.16,17.93,18.215,17.92,129055
2024-10-22,17.89,17.62,18.005,17.58,275340
2024-10-23,17.58,17.77,17.83,17.56,158420
2024-10-24,17.87,17.58,17.97,17.46,159782
2024-10-25,17.71,17.64,17.85,17.55,118779
2024-10-28,17.77,17.83,18.075,17.65,135654
2024-10-29,17.69,17.64,17.86,17.61,174492
2024-10-30,17.64,17.53,17.845,17.49,139913
2024-10-31,17.65,17.59,17.75,17.48,177354
2024-11-01,17.65,17.54,17.71,17.48,267070
2024-11-04,17.49,17.49,17.705,17.46,147281
2024-11-05,17.49,17.97,17.97,17.38,273829
2024-11-06,19.0,18.39,19.185,17.915,700230
2024-11-07,18.33,18.5,18.855,18.25,331628
2024-11-08,20.07,20.7,21.275,20.01,1496749
2024-11-11,21.18,21.6,21.79,20.825,578971
2024-11-12,21.49,21.75,21.78,21.16,586188
2024-11-13,21.91,21.59,22.37,21.59,716866
2024-11-14,21.59,21.21,21.65,21.0,298448
2024-11-15,21.32,20.87,21.34,20.615,230040
2024-11-18,20.9,20.69,21.14,20.68,202641
2024-11-19,20.56,20.94,21.1,20.545,347317
2024-11-20,20.95,21.17,21.21,20.7,215984
2024-11-21,21.22,21.2,21.49,21.06,178136
2024-11-22,21.27,21.32,21.555,21.1,185407
2024-11-25,21.53,21.29,21.65,21.27,326177
2024-11-26,21.28,21.03,21.48,20.97,252514
2024-11-27,21.04,21.1,21.36,20.82,161880
2024-11-29,21.18,21.07,21.275,20.93,86207
2024-12-02,21.16,21.2,21.27,20.8,153816
2024-12-03,21.19,21.32,21.4,20.89,131949
2024-12-04,21.17,21.58,21.62,21.16,145022
2024-12-05,21.58,21.21,21.68,21.14,113906
2024-12-06,21.29,21.11,21.4,21.03,116566
2024-12-09,21.11,21.33,21.43,21.01,93322
2024-12-10,21.42,21.42,21.68,21.005,172981
2024-12-11,21.41,21.49,21.66,21.185,175015
2024-12-12,21.55,21.59,21.73,21.41,102833
2024-12-13,21.49,21.3,21.68,21.05,127957
2024-12-16,21.25,21.37,21.585,21.11,125781
2024-12-17,21.31,21.87,21.928,21.25,172511
2024-12-18,21.93,21.03,22.3,20.86,230682
2024-12-19,21.13,20.79,21.22,20.61,154209
2024-12-20,20.56,20.68,21.18,20.55,390127
2024-12-23,20.55,20.37,20.7391,20.26,123986
2024-12-24,20.37,20.7,20.72,20.285,68929
2024-12-26,20.56,20.9,21.0,20.49,103522
2024-12-27,20.79,20.64,21.06,20.44,102978
2024-12-30,20.42,20.59,20.63,20.05,131957
2024-12-31,20.64,20.83,20.92,20.5475,99622
2025-01-02,20.84,20.61,20.9295,20.27,109947
2025-01-03,20.62,20.52,20.7,20.29,148669
2025-01-06,20.48,20.41,20.66,20.285,115266
2025-01-07,20.41,20.53,20.58,20.22,277484
2025-01-08,20.34,20.58,20.64,20.2,99637
2025-01-10,20.28,19.91,20.28,19.7375,121118
2025-01-13,19.73,20.12,20.18,19.73,86891
2025-01-14,20.17,20.34,20.38,19.965,85735
2025-01-15,20.76,21.09,21.09,20.645,124430
2025-01-16,21.03,21.21,21.305,20.925,102116
2025-01-17,21.28,21.04,21.4045,20.91,110322
2025-01-21,21.2,20.6,21.29,20.59,108874
2025-01-22,20.49,20.11,20.51,19.89,140004
2025-01-23,19.44,19.62,19.75,19.32,231486
2025-01-24,19.56,19.59,19.78,19.3125,121226
2025-01-27,19.26,19.45,19.86,19.26,234154
2025-01-28,19.38,19.41,19.6,19.11,143591
2025-01-29,19.29,18.97,19.495,18.685,246339
2025-01-30,19.13,19.15,19.41,19.02,198332
2025-01-31,19.11,18.91,19.28,18.82,179214
2025-02-03,18.52,18.74,18.91,18.39,160960
2025-02-04,18.71,18.91,19.03,18.7,227995
2025-02-05,19.03,18.91,19.235,18.87,191785
2025-02-06,18.99,18.47,18.995,18.36,195622
2025-02-07,18.45,18.14,18.4625,17.97,250814
2025-02-10,18.22,18.43,18.8,18.185,401178
2025-02-11,18.41,18.45,18.55,18.215,247144
2025-02-12,18.23,18.14,18.53,18.08,224445
2025-02-13,18.32,18.57,18.61,18.09,163595
2025-02-14,18.59,18.43,18.685,18.39,161466
2025-02-18,18.4,18.32,18.54,18.21,212302
2025-02-19,18.24,18.41,18.43,18.04,223419
2025-02-20,18.38,18.1,18.39,18.07,181292
2025-02-21,18.48,17.99,18.48,17.86,368495
2025-02-24,18.11,17.78,18.13,17.76,289960
2025-02-25,17.88,18.32,18.47,17.65,531640
2025-02-26,15.38,15.26,15.95,14.99,1334978
2025-02-27,15.26,15.93,15.98,15.09,451353
2025-02-28,15.8,15.32,15.875,15.28,495493
2025-03-03,15.29,15.05,15.98,15.04,498981
2025-03-04,15.03,14.7,15.15,14.67,585563
2025-03-05,14.68,14.23,14.68,14.1,418571
2025-03-06,14.11,14.22,14.5,13.99,664421
2025-03-07,14.27,14.24,14.49,14.04,498208
2025-03-10,14.19,13.65,14.4494,13.64,518152
2025-03-11,13.71,13.37,13.8,13.25,499227
2025-03-12,13.43,12.95,13.495,12.82,596886
2025-03-13,13.0,12.96,13.3,12.83,467016
2025-03-14,12.97,13.25,13.38,12.97,342637
2025-03-17,13.22,13.07,13.38,12.975,288904
2025-03-18,13.07,13.07,13.21,13.01,389501
2025-03-19,13.15,13.45,13.55,13.15,261234
2025-03-20,13.33,13.58,13.69,13.33,202141
2025-03-21,13.45,13.06,13.59,13.02,545033
2025-03-24,13.24,13.4,13.465,13.21,226437
2025-03-25,13.36,13.47,13.5,13.28,213657
2025-03-26,13.46,13.47,13.62,13.455,143000
2025-03-27,13.47,13.54,13.57,13.38,205301
2025-03-28,13.57,12.95,13.725,12.87,315947
2025-03-31,12.83,12.62,12.9013,12.57,499583
2025-04-01,12.63,12.78,12.805,12.42,530471
2025-04-02,12.73,13.02,13.1144,12.73,225179
2025-04-03,12.55,12.13,12.855,11.975,294702
2025-04-04,11.82,12.26,12.32,11.78,406322
2025-04-07,11.96,11.67,12.76,11.59,557826
2025-04-08,11.88,11.46,11.98,11.27,517860
2025-04-09,11.36,12.34,12.54,11.31,329953
2025-04-10,12.23,11.9,12.39,11.675,241756
2025-04-11,11.81,11.76,11.93,11.465,243324
