2020-11-09,10.9,10.5,11.2,10.5,3148
2020-11-10,10.5,10.79,10.79,10.35,10960
2020-11-11,10.951,10.99,11.0,10.5,29173
2020-11-12,11.4,10.62,11.45,10.52,13403
2020-11-13,10.9,10.71,10.9,10.62,3246
2020-11-16,10.9,10.7,11.25,10.66,26534
2020-11-17,10.75,10.6,11.14,10.58,198245
2020-11-18,10.74,10.62,10.96,10.6,47725
2020-11-19,10.81,10.65,10.97,10.61,456714
2020-11-20,10.61,10.75,10.95,10.6,295021
2020-11-23,11.19,10.75,11.2875,10.65,176468
2020-11-24,11.38,10.89,11.38,10.87,130991
2020-11-25,11.24,10.93,11.24,10.8741,95207
2020-11-27,11.09,11.25,11.38,11.0,87511
2020-11-30,12.0,11.25,12.0,11.01,216173
2020-12-01,11.42,11.0,11.42,10.9,103840
2020-12-02,11.26,11.02,11.26,10.82,75619
2020-12-03,11.22,11.0,11.22,10.98,128683
2020-12-04,11.2,11.0885,11.2,10.71,190369
2020-12-07,11.2,11.07,11.28,11.0,204887
2020-12-08,11.2,11.11,11.46,11.05,260914
2020-12-09,11.39,11.29,11.48,11.2,1011545
2020-12-10,11.35,11.21,11.39,11.14,596705
2020-12-11,11.3,11.22,11.38,11.12,828710
2020-12-14,11.24,11.15,11.39,10.99,654443
2020-12-15,11.23,11.18,11.23,11.06,335118
2020-12-16,11.24,11.11,11.26,11.0601,244835
2020-12-17,11.06,11.12,11.18,11.06,283068
2020-12-18,11.22,11.3,11.35,11.08,152680
2020-12-21,11.39,11.3,11.55,11.25,807141
2020-12-22,11.55,11.56,11.7,11.39,444048
2020-12-23,11.65,11.7,11.77,11.6,398693
2020-12-24,11.88,11.75,11.98,11.63,295640
2020-12-28,12.14,11.84,12.27,11.73,678221
2020-12-29,11.9,11.53,11.9,11.31,625193
2020-12-30,11.3,11.36,11.53,11.22,361234
2020-12-31,11.44,11.56,11.56,11.3,319726
2021-01-04,11.75,11.59,11.88,11.4,361133
2021-01-05,11.78,11.47,11.88,11.37,216267
2021-01-06,11.63,11.17,11.7,11.11,597096
2021-01-07,11.3,11.47,11.5,11.21,900636
2021-01-08,11.52,11.75,11.8999,11.5,730684
2021-01-11,11.75,11.79,11.83,11.6,391598
2021-01-12,11.66,11.97,11.99,11.62,909461
2021-01-13,12.13,12.17,12.58,12.09,965698
2021-01-14,12.5,12.22,12.63,12.02,882705
2021-01-15,12.35,11.9,12.3999,11.85,667162
2021-01-19,12.12,12.1,12.25,12.02,1080005
2021-01-20,12.24,13.52,13.66,12.23,1514754
2021-01-21,13.3,13.71,13.9,12.9,1281958
2021-01-22,13.7,13.95,13.99,13.5,1058430
2021-01-25,13.91,13.45,14.1801,13.1,1026369
2021-01-26,13.44,12.74,13.815,12.55,1200643
2021-01-27,12.25,12.12,12.51,11.58,1380475
2021-01-28,12.21,12.19,12.42,11.83,799201
2021-01-29,12.03,12.26,12.35,11.8,483684
2021-02-01,12.4,12.78,12.93,12.23,1499177
2021-02-02,13.0,12.81,13.06,12.67,1012985
2021-02-03,12.96,13.02,13.1399,12.81,561438
2021-02-04,13.03,12.73,13.39,12.6,814117
2021-02-05,12.75,13.02,13.2,12.75,2092272
2021-02-08,14.27,13.94,14.4,13.3,6329922
2021-02-09,13.9,13.69,14.08,13.4,1783254
2021-02-10,13.7,13.43,13.8,13.08,1047373
2021-02-11,13.85,13.64,13.98,13.52,2440516
2021-02-12,14.86,14.49,15.49,14.0,5621457
2021-02-16,15.78,15.7,17.0,15.0,4004581
2021-02-17,16.1,15.33,16.15,15.07,1897896
2021-02-18,15.1,14.93,15.2999,14.65,1863769
2021-02-19,15.02,15.12,15.5,14.71,1551441
2021-02-22,15.26,14.63,15.71,14.5101,1535485
2021-02-23,13.64,12.94,13.9,12.66,3276395
2021-02-24,14.12,13.46,14.2265,12.8,25003862
2021-02-25,13.45,12.0,13.46,11.87,9221993
2021-02-26,12.4,11.74,12.42,11.41,6967237
2021-03-01,12.39,11.9,12.78,11.85,4919790
2021-03-02,12.0,11.29,12.08,11.28,3686959
2021-03-03,11.35,10.71,11.3895,10.7,5735550
2021-03-04,10.73,10.65,10.81,10.26,4705103
2021-03-05,10.68,11.02,11.02,10.41,4118914
2021-03-08,11.22,10.69,11.27,10.55,2313444
2021-03-09,10.97,10.85,11.0,10.49,2745023
2021-03-10,10.89,10.98,11.1,10.65,2205030
2021-03-11,11.2,11.28,11.39,11.11,1626096
2021-03-12,10.99,11.01,11.1717,10.95,817804
2021-03-15,11.13,10.89,11.13,10.82,1080931
2021-03-16,10.97,10.73,10.97,10.63,1098954
2021-03-17,10.65,10.93,11.0,10.53,928374
2021-03-18,10.63,10.67,10.89,10.53,1006214
2021-03-19,10.65,10.55,10.75,10.53,1427603
2021-03-22,10.74,10.59,10.77,10.54,976947
2021-03-23,10.61,10.35,10.61,10.335,1215841
2021-03-24,10.4,10.18,10.43,9.95,4226314
2021-03-25,9.97,10.1,10.18,9.86,3540199
2021-03-26,10.13,10.18,10.3,9.96,1639354
2021-03-29,10.3,10.29,10.34,10.15,1170469
2021-03-30,10.35,10.19,10.4,10.14,1122558
2021-03-31,10.2,10.15,10.29,10.115,1301244
2021-04-01,10.3,10.17,10.35,10.145,1174198
2021-04-05,10.22,10.12,10.2423,10.1,1189592
2021-04-06,10.13,10.15,10.22,10.1,756837
2021-04-07,10.19,10.11,10.24,10.1,1204851
2021-04-08,10.23,10.29,10.29,10.12,952512
2021-04-09,10.27,10.17,10.3,10.15,852160
2021-04-12,10.16,10.12,10.19,10.05,1164002
2021-04-13,10.1,10.12,10.15,10.08,952997
2021-04-14,10.11,10.11,10.17,10.08,916712
2021-04-15,10.15,10.1,10.15,10.04,1426953
2021-04-16,10.05,10.07,10.08,10.01,920400
2021-04-19,10.02,9.99,10.02,9.91,1249301
2021-04-20,10.0,9.95,10.0,9.93,914593
2021-04-21,9.98,10.01,10.01,9.945,1066825
2021-04-22,10.1,10.03,10.1075,9.98,678280
2021-04-23,10.05,9.98,10.07,9.96,558882
2021-04-26,9.96,10.04,10.1,9.96,627039
2021-04-27,10.04,10.07,10.105,10.03,378913
2021-04-28,10.11,9.98,10.11,9.98,671879
2021-04-29,9.97,9.94,10.01,9.93,731574
2021-04-30,9.96,9.9,9.97,9.895,1152981
2021-05-03,9.92,9.95,9.98,9.91,929885
2021-05-04,9.95,9.91,9.98,9.89,840711
2021-05-05,9.9,9.91,9.92,9.89,297712
2021-05-06,9.9,9.9,9.94,9.88,1474158
2021-05-07,9.89,9.9,9.97,9.89,1394917
2021-05-10,9.89,9.89,9.93,9.85,1931062
2021-05-11,9.79,9.87,9.89,9.75,1256114
2021-05-12,9.87,9.85,9.9,9.83,1309060
2021-05-13,9.85,9.84,9.905,9.84,1079316
2021-05-14,9.84,9.88,9.89,9.83,1147477
2021-05-17,9.88,9.92,9.965,9.87,530177
2021-05-18,9.88,9.91,9.95,9.88,214808
2021-05-19,9.9,9.91,9.93,9.88,1510714
2021-05-20,9.93,9.91,9.93,9.89,982578
2021-05-21,9.94,9.91,9.94,9.9,536022
2021-05-24,9.92,9.91,9.93,9.9,359844
2021-05-25,9.93,9.91,9.93,9.9,270520
2021-05-26,9.92,9.92,9.94,9.91,279790
2021-05-27,9.96,9.95,9.96,9.94,469216
2021-05-28,9.96,9.95,10.03,9.935,639105
2021-06-01,10.0,9.95,10.0183,9.94,658363
2021-06-02,9.98,9.98,9.98,9.96,522773
2021-06-03,9.98,10.0,10.0,9.97,726785
2021-06-04,10.05,10.01,10.1,9.99,1112171
2021-06-07,10.015,10.0,10.03,9.97,1324840
2021-06-08,10.03,10.1,10.17,9.99,1308670
2021-06-09,10.19,10.08,10.32,10.01,2708248
2021-06-10,10.11,10.02,10.12,10.01,1291622
2021-06-11,10.05,10.02,10.05,10.01,745156
2021-06-14,10.1,10.02,10.1,10.02,621153
2021-06-15,10.04,9.99,10.04,9.935,1546928
2021-06-16,9.99,9.97,9.99,9.91,454799
2021-06-17,9.97,10.0,10.0364,9.95,382147
2021-06-18,9.95,9.96,10.0,9.95,369905
2021-06-21,9.98,10.0,10.0,9.94,853692
2021-06-22,10.0,9.95,10.0,9.94,461918
2021-06-23,9.99,9.96,9.99,9.94,316748
2021-06-24,9.97,9.98,9.99,9.95,247935
2021-06-25,10.0,10.02,10.21,9.96,2163580
2021-06-28,10.1,10.0,10.12,9.9801,584980
2021-06-29,10.02,9.97,10.03,9.95,448045
2021-06-30,10.0,9.98,10.01,9.98,356632
2021-07-01,10.0,10.0,10.01,9.99,341442
2021-07-02,10.05,10.0,10.05,9.98,311387
2021-07-06,10.0,10.0,10.01,9.98,331494
2021-07-07,10.03,9.96,10.03,9.9401,567959
2021-07-08,9.93,9.98,9.99,9.93,695045
2021-07-09,9.95,9.95,9.9879,9.94,233880
2021-07-12,9.99,9.98,9.99,9.95,374646
2021-07-13,10.0,9.94,10.0,9.94,261196
2021-07-14,9.96,9.94,9.96,9.93,432307
2021-07-15,9.95,9.94,9.95,9.93,598840
2021-07-16,9.95,9.95,9.96,9.93,392597
2021-07-19,9.95,9.96,9.97,9.95,2066826
2021-07-20,9.95,9.95,9.97,9.95,935806
2021-07-21,9.95,9.96,9.97,9.95,1041810
2021-07-22,9.96,9.97,9.97,9.96,579336
2021-07-23,9.96,9.97,9.97,9.96,1062256
2021-07-26,9.99,9.98,9.99,9.97,1875346
2021-07-27,9.96,9.95,9.98,9.95,5309076
2021-07-28,9.96,9.97,9.97,9.95,7613751
2021-07-29,9.97,9.98,9.98,9.96,9382172
2021-07-30,9.98,9.98,9.98,9.96,1732598
2021-08-02,9.9,9.9,9.9299,9.61,1905805
2021-08-03,9.9,9.94,9.95,9.71,1057189
2021-08-04,9.8,9.31,9.94,9.26,1458033
2021-08-05,9.49,10.33,10.68,9.33,1999332
2021-08-06,10.22,9.59,10.57,9.53,1544701
2021-08-09,10.05,10.5,10.645,10.01,2551197
2021-08-10,10.2,10.03,10.34,10.02,1497593
2021-08-11,10.62,13.4,14.33,10.61,8938063
2021-08-12,13.32,11.31,13.4,11.0,4761364
2021-08-13,11.67,9.5,11.67,9.41,4795603
2021-08-16,10.02,9.98,10.0882,9.65,2725785
2021-08-17,11.5,9.29,11.5,8.9,3682280
2021-08-18,9.38,8.81,9.38,8.72,3390236
2021-08-19,8.82,8.48,8.96,8.25,2277094
2021-08-20,8.55,9.93,10.4447,8.55,3269293
2021-08-23,10.05,10.3,10.41,9.96,1379935
2021-08-24,10.46,10.9,10.92,10.25,1257072
2021-08-25,10.99,11.04,11.48,10.8,1262256
2021-08-26,11.28,11.48,11.57,10.83,954775
2021-08-27,11.69,12.78,13.3,11.6,3709642
2021-08-30,13.03,12.57,13.23,12.31,1485116
2021-08-31,12.52,12.71,12.72,12.25,1243508
2021-09-01,12.38,12.48,12.59,12.37,1257694
2021-09-02,12.65,11.93,12.7,11.32,2001031
2021-09-03,10.14,10.16,10.59,9.5,15591712
2021-09-07,10.34,9.57,10.39,9.52,8883821
2021-09-08,9.77,9.4,9.79,9.31,5914676
2021-09-09,9.5,9.32,9.72,9.3,4910435
2021-09-10,9.51,9.3,9.89,9.24,3907511
2021-09-13,9.4,8.88,9.43,8.71,4332967
2021-09-14,8.94,8.14,9.25,7.88,5309191
2021-09-15,8.41,8.21,8.4199,7.83,5128892
2021-09-16,8.2,8.6,8.86,8.2,3661066
2021-09-17,8.76,9.26,9.61,8.71,19412775
2021-09-20,8.74,9.11,9.27,8.67,2352110
2021-09-21,9.23,9.36,9.71,8.9801,2470682
2021-09-22,9.57,9.67,10.0,9.57,2197826
2021-09-23,10.47,10.57,11.105,10.3,11965009
2021-09-24,10.65,10.3,10.82,10.12,4122471
2021-09-27,10.36,10.06,10.45,9.89,2698717
2021-09-28,10.0,9.95,10.11,9.56,3024260
2021-09-29,10.02,9.67,10.62,9.64,7637874
2021-09-30,9.95,10.06,10.191,9.93,2751938
2021-10-01,10.15,10.14,10.22,9.77,1861962
2021-10-04,10.06,9.07,10.115,9.01,3344078
2021-10-05,9.23,9.2,9.6,9.0701,2628624
2021-10-06,9.0,9.19,9.22,8.77,1716388
2021-10-07,9.25,9.13,9.32,9.1,1077237
2021-10-08,9.13,9.12,9.3,9.07,1216472
2021-10-11,9.17,9.03,9.32,8.99,907873
2021-10-12,9.06,9.2,9.27,9.0,824946
2021-10-13,9.28,9.09,9.35,9.0,1220011
2021-10-14,9.15,9.34,9.41,9.13,2030002
2021-10-15,9.41,8.66,9.45,8.58,3837690
2021-10-18,8.7,8.65,8.92,8.64,2472928
2021-10-19,8.82,9.01,9.13,8.74,2251934
2021-10-20,9.1,9.09,9.29,8.97,1713179
2021-10-21,9.1,8.75,9.1571,8.69,2177378
2021-10-22,8.76,8.99,9.0,8.72,1629277
2021-10-25,9.0,9.16,9.2796,8.85,2075382
2021-10-26,9.16,9.07,9.21,8.765,3485787
2021-10-27,9.0,8.8,9.13,8.78,1730173
2021-10-28,8.8,8.78,8.88,8.67,2228063
2021-10-29,8.88,8.68,8.9,8.67,2080697
2021-11-01,8.74,9.49,9.49,8.71,3365188
2021-11-02,9.37,9.81,10.2,9.37,2756064
2021-11-03,9.78,9.59,9.82,9.47,1632281
2021-11-04,9.6,9.67,9.91,9.53,1513376
2021-11-05,9.7,9.96,10.18,9.68,1795809
2021-11-08,10.0,9.45,10.0696,9.35,2434852
2021-11-09,9.54,9.46,9.67,9.25,2004387
2021-11-10,9.33,9.24,9.62,9.2,1836546
2021-11-11,9.305,9.29,9.415,9.21,1227597
2021-11-12,9.35,9.1,9.5,9.0,1818010
2021-11-15,9.13,9.39,9.56,9.13,2820900
2021-11-16,9.39,9.4,9.45,9.26,2583998
2021-11-17,9.45,8.8,9.48,8.73,3300558
2021-11-18,8.87,8.29,8.9,8.23,4986638
2021-11-19,8.42,8.49,8.57,8.331,2177560
2021-11-22,8.52,8.14,8.56,8.105,2305022
2021-11-23,8.25,7.92,8.27,7.82,3068995
2021-11-24,7.87,8.22,8.27,7.75,2340776
2021-11-26,8.02,8.39,8.46,7.9,1469605
2021-11-29,8.37,8.09,8.43,7.92,2831427
2021-11-30,7.98,7.93,8.1,7.77,2261351
2021-12-01,8.02,7.31,8.13,7.27,3270943
2021-12-02,7.36,7.62,7.65,7.239,3196042
2021-12-03,7.65,7.06,7.68,6.85,4323820
2021-12-06,7.08,6.85,7.12,6.66,3750017
2021-12-07,7.06,7.07,7.245,6.98,2228223
2021-12-08,7.09,7.18,7.235,7.06,2256249
2021-12-09,7.18,6.88,7.19,6.8629,2263826
2021-12-10,6.9,6.79,7.0,6.755,1619732
2021-12-13,6.77,6.41,7.05,6.27,3898355
2021-12-14,6.31,6.37,6.515,6.3,2001382
2021-12-15,6.4,6.37,6.455,6.06,4056842
2021-12-16,6.61,6.52,7.04,6.52,4244223
2021-12-17,6.61,6.98,7.13,6.41,8052292
2021-12-20,6.79,6.79,6.87,6.58,2786655
2021-12-21,6.81,7.12,7.28,6.81,2428856
2021-12-22,7.12,7.1,7.24,6.96,1880051
2021-12-23,7.13,7.37,7.46,7.11,1959258
2021-12-27,7.37,7.28,7.52,7.17,1779246
2021-12-28,7.24,7.28,7.59,7.12,1965296
2021-12-29,7.31,6.98,7.35,6.96,1978881
2021-12-30,6.98,7.38,7.53,6.93,3348164
2021-12-31,7.33,7.3,7.45,7.2599,1447997
2022-01-03,7.35,7.48,7.6,7.18,1852714
2022-01-04,7.53,7.24,7.59,7.15,1435133
2022-01-05,7.23,6.97,7.54,6.935,1773272
2022-01-06,6.97,6.35,7.05,6.315,3642641
2022-01-07,6.39,6.3,6.58,6.2,3256934
2022-01-10,6.25,5.94,6.28,5.83,4559150
2022-01-11,6.0,6.32,6.44,5.91,2487747
2022-01-12,6.4,6.33,6.44,6.22,1885336
2022-01-13,6.35,5.82,6.39,5.765,3876405
2022-01-14,5.77,5.71,5.97,5.56,4195085
2022-01-18,5.59,5.12,5.64,5.0622,6634748
2022-01-19,5.25,4.81,5.27,4.8,5059202
2022-01-20,4.96,4.88,5.27,4.85,5511468
2022-01-21,4.88,4.47,4.88,4.39,7142716
2022-01-24,4.35,4.33,4.35,3.95,10079684
2022-01-25,4.28,4.27,4.3799,4.185,5785853
2022-01-26,4.42,4.03,4.48,3.99,4801325
2022-01-27,4.06,3.83,4.1,3.8,4625422
2022-01-28,3.89,3.78,3.89,3.64,6381306
2022-01-31,3.85,4.15,4.28,3.78,7622329
2022-02-01,4.2,4.1,4.27,4.06,5484868
2022-02-02,4.11,3.9,4.19,3.87,4585267
2022-02-03,3.84,3.63,3.89,3.615,5396229
2022-02-04,3.68,3.81,3.845,3.61,4835761
2022-02-07,3.91,3.84,4.08,3.78,6586548
2022-02-08,3.85,4.65,4.69,3.825,10438301
2022-02-09,4.72,4.98,5.09,4.54,11509262
2022-02-10,4.81,5.11,5.4758,4.8,9701333
2022-02-11,5.09,4.79,5.18,4.7201,6532143
2022-02-14,4.8,4.76,5.019,4.7,4750537
2022-02-15,5.15,6.04,6.17,5.135,18367488
2022-02-16,6.18,5.55,6.2,5.53,10404509
2022-02-17,5.13,5.05,5.42,4.935,7569858
2022-02-18,5.12,4.76,5.44,4.73,8530098
2022-02-22,4.73,4.92,5.265,4.67,9718139
2022-02-23,4.98,4.49,5.05,4.43,9114080
2022-02-24,4.15,4.74,4.76,4.12,9026722
2022-02-25,4.78,4.8,4.96,4.57,4514537
2022-02-28,4.79,5.14,5.405,4.78,5919463
2022-03-01,5.07,5.12,5.245,4.99,4656578
2022-03-02,5.08,5.01,5.12,4.82,4523137
2022-03-03,5.05,4.68,5.0767,4.55,4131619
2022-03-04,4.66,4.63,4.87,4.58,4454272
2022-03-07,4.71,4.84,5.12,4.71,7741598
2022-03-08,4.81,4.88,5.1,4.6601,6619987
2022-03-09,5.01,4.9,5.2691,4.86,5074677
2022-03-10,4.85,4.74,4.948,4.665,4557320
2022-03-11,4.8,4.51,4.96,4.465,6189234
2022-03-14,4.51,4.26,4.595,4.21,5218862
2022-03-15,4.28,4.87,4.97,4.28,6801388
2022-03-16,4.92,5.12,5.3,4.8554,8705932
2022-03-17,5.01,5.5,5.57,4.98,6722918
2022-03-18,5.46,5.66,5.84,5.45,7869533
2022-03-21,5.58,5.5,5.675,5.41,5422231
2022-03-22,5.58,5.72,5.96,5.5784,5498927
2022-03-23,5.74,5.56,5.83,5.4512,5410139
2022-03-24,5.68,5.33,5.76,5.21,7576582
2022-03-25,5.57,5.98,6.56,5.53,22324233
2022-03-28,6.07,5.71,6.09,5.54,7292328
2022-03-29,5.8,6.74,6.82,5.8,11767179
2022-03-30,6.58,6.81,7.0393,6.23,7899102
2022-03-31,6.8,6.62,6.86,6.59,4081318
2022-04-01,6.74,6.47,6.79,6.415,5798243
2022-04-04,6.53,6.19,6.55,6.03,6508631
2022-04-05,6.46,5.91,6.64,5.81,12395450
2022-04-06,5.74,5.64,6.0475,5.57,8003486
2022-04-07,5.6,5.43,5.7599,5.225,5788386
2022-04-08,5.45,5.27,5.49,5.24,5503087
2022-04-11,5.17,5.15,5.43,5.07,4484153
2022-04-12,5.22,5.05,5.28,4.95,6143041
2022-04-13,5.1,5.38,5.41,5.0896,4842890
2022-04-14,5.33,5.2,5.43,5.08,5792307
2022-04-18,5.36,5.32,5.46,5.18,6279341
2022-04-19,5.4,5.39,5.475,5.1201,4165629
2022-04-20,5.4,5.48,5.49,5.33,4387856
2022-04-21,5.6,5.18,5.69,5.145,5246337
2022-04-22,5.16,4.97,5.23,4.88,6104471
2022-04-25,4.97,5.31,5.41,4.93,6474596
2022-04-26,5.23,4.95,5.33,4.95,6057468
2022-04-27,5.02,5.16,5.25,4.97,5282910
2022-04-28,5.21,5.34,5.38,4.91,6709414
2022-04-29,5.29,5.24,5.4788,5.2,5052427
2022-05-02,5.23,5.36,5.3812,5.095,4757629
2022-05-03,5.32,5.43,5.4992,5.28,3509949
2022-05-04,5.41,5.53,5.55,5.17,4223350
2022-05-05,5.43,5.28,5.62,5.19,3891239
2022-05-06,5.2,5.33,5.34,4.995,5861775
2022-05-09,5.15,4.67,5.2,4.64,8481216
2022-05-10,4.89,4.57,4.92,4.3716,7582026
2022-05-11,4.42,4.16,4.6,4.1,9847496
2022-05-12,4.15,4.43,4.55,3.94,8785077
2022-05-13,4.6,5.33,5.43,4.6,10358735
2022-05-16,5.16,5.49,5.71,5.12,9597097
2022-05-17,5.5,5.63,5.65,5.32,8129719
2022-05-18,5.44,5.46,5.69,5.38,5242311
2022-05-19,5.43,5.47,5.66,5.36,6747227
2022-05-20,5.49,5.26,5.51,4.98,6110337
2022-05-23,5.24,5.32,5.32,4.935,4794877
2022-05-24,5.17,5.16,5.245,4.97,5351741
2022-05-25,5.14,5.25,5.3192,5.115,2675510
2022-05-26,5.65,5.67,5.69,5.31,14974065
2022-05-27,5.6,6.01,6.08,5.55,7631235
2022-05-31,6.0,5.9,6.07,5.87,5832968
2022-06-01,5.94,5.91,5.985,5.74,4097528
2022-06-02,5.95,6.09,6.205,5.91,7475729
2022-06-03,6.01,5.92,6.09,5.775,4927646
2022-06-06,6.01,5.09,6.05,5.09,11013206
2022-06-07,5.18,5.15,5.28,5.01,5412619
2022-06-08,5.23,5.29,5.66,5.23,6995752
2022-06-09,5.3,4.95,5.305,4.94,6087524
2022-06-10,4.88,4.97,5.05,4.82,5158221
2022-06-13,4.8,4.83,4.98,4.63,8027780
2022-06-14,4.89,4.82,4.92,4.71,5807196
2022-06-15,4.81,4.88,5.06,4.76,7205515
2022-06-16,4.75,4.64,4.8912,4.6,6404288
2022-06-17,4.68,4.99,5.03,4.67,8588154
2022-06-21,5.0,5.01,5.375,4.98,6635509
2022-06-22,4.95,5.08,5.2,4.92,4986366
2022-06-23,5.1,5.36,5.37,5.06,3935320
2022-06-24,5.43,5.2,5.53,5.2,31984634
2022-06-27,5.21,5.02,5.25,4.96,4335329
2022-06-28,5.02,5.16,5.18,4.905,3178531
2022-06-29,5.09,4.69,5.11,4.69,6218422
2022-06-30,4.75,4.91,4.93,4.67,4130843
2022-07-01,4.87,4.9,4.94,4.75,2446207
2022-07-05,4.9,5.11,5.12,4.7,3502095
2022-07-06,5.06,5.04,5.18,4.99,2466283
2022-07-07,5.07,5.1,5.175,5.025,3549898
2022-07-08,5.04,5.11,5.21,5.0,2582215
2022-07-11,5.06,4.89,5.15,4.85,2638208
2022-07-12,4.92,5.11,5.13,4.86,2918466
2022-07-13,4.97,5.14,5.2,4.92,2382618
2022-07-14,5.04,5.14,5.2688,4.99,3074171
2022-07-15,5.28,5.26,5.28,4.99,2393694
2022-07-18,5.4,5.3,5.57,5.29,3981038
2022-07-19,5.32,5.65,5.67,5.275,3629870
2022-07-20,5.6,5.53,5.67,5.42,2870021
2022-07-21,5.53,5.53,5.595,5.43,2460991
2022-07-22,5.54,5.23,5.555,5.17,2648177
2022-07-25,5.33,5.3,5.35,5.14,2488707
2022-07-26,5.25,5.17,5.27,5.135,1659869
2022-07-27,5.26,5.42,5.44,5.2208,2096107
2022-07-28,5.43,5.58,5.67,5.41,3281502
2022-07-29,5.54,5.54,5.58,5.415,2580194
2022-08-01,5.47,5.47,5.5,5.335,2245515
2022-08-02,5.4,5.87,5.95,5.35,4616755
2022-08-03,5.93,6.16,6.22,5.85,3610356
2022-08-04,6.16,6.96,7.03,6.13,7801987
2022-08-05,6.74,6.67,7.03,6.59,6265497
2022-08-08,6.76,6.4,7.15,6.38,5182897
2022-08-09,6.38,6.06,6.5185,6.0,4089461
2022-08-10,6.2,5.96,6.26,5.86,7270223
2022-08-11,6.08,6.16,6.58,5.95,6991943
2022-08-12,6.33,6.55,6.65,6.11,5429686
2022-08-15,6.52,6.19,6.75,6.14,5147972
2022-08-16,6.1,6.09,6.27,5.92,5530720
2022-08-17,5.96,5.99,6.12,5.86,3881978
2022-08-18,5.97,5.93,6.02,5.88,2684312
2022-08-19,5.76,5.64,5.815,5.61,4107186
2022-08-22,5.55,5.51,5.63,5.43,3626280
2022-08-23,5.5,5.3,5.59,5.26,3891096
2022-08-24,5.36,5.38,5.46,5.29,2893214
2022-08-25,5.5,5.52,5.55,5.4,2221894
2022-08-26,5.53,5.42,5.54,5.2812,3493326
2022-08-29,5.31,5.44,5.48,5.31,3328946
2022-08-30,5.48,5.51,5.65,5.39,3182665
2022-08-31,5.62,5.3,5.64,5.3,3166174
2022-09-01,5.24,5.34,5.35,5.16,2149690
2022-09-02,5.36,5.23,5.41,5.195,2256024
2022-09-06,5.25,5.27,5.38,5.22,2104812
2022-09-07,5.21,5.45,5.5,5.19,1884937
2022-09-08,5.36,5.47,5.47,5.31,1423230
2022-09-09,5.5,5.65,5.7,5.49,2329630
2022-09-12,5.69,5.84,5.85,5.63,4337626
2022-09-13,5.54,5.63,5.82,5.51,2612722
2022-09-14,5.63,5.76,5.83,5.47,2853479
2022-09-15,5.72,5.76,6.06,5.591,3365384
2022-09-16,5.62,5.48,5.63,5.46,3359499
2022-09-19,5.39,5.43,5.505,5.37,1393529
2022-09-20,5.4,5.35,5.505,5.31,1546331
2022-09-21,5.34,5.27,5.495,5.26,2163466
2022-09-22,5.26,5.02,5.31,4.945,3696675
2022-09-23,4.92,4.95,5.01,4.79,3278225
2022-09-26,4.92,4.83,5.04,4.81,2596687
2022-09-27,4.93,4.86,5.03,4.78,2655918
2022-09-28,4.86,5.0,5.04,4.83,2285951
2022-09-29,4.9,4.55,4.96,4.51,3606087
2022-09-30,4.51,4.33,4.65,4.33,4018047
2022-10-03,4.39,4.29,4.398,4.14,4487072
2022-10-04,4.45,4.6,4.74,4.45,4830732
2022-10-05,4.49,4.27,4.63,4.135,4733602
2022-10-06,4.33,4.24,4.45,4.19,2255139
2022-10-07,4.16,3.91,4.19,3.86,4875863
2022-10-10,3.95,3.85,3.97,3.74,3358575
2022-10-11,4.39,4.14,4.45,3.94,16475116
2022-10-12,4.18,4.35,4.42,4.02,5083529
2022-10-13,4.14,4.11,4.185,4.0,5155806
2022-10-14,4.15,3.99,4.225,3.99,3438704
2022-10-17,4.12,4.48,4.54,4.08,5216199
2022-10-18,4.63,4.34,4.675,4.29,3882021
2022-10-19,4.3,4.29,4.34,4.22,2301184
2022-10-20,4.29,4.25,4.495,4.21,2371193
2022-10-21,4.25,4.38,4.39,4.14,2016509
2022-10-24,4.4,4.26,4.41,4.22,1912417
2022-10-25,4.25,4.64,4.68,4.25,3740185
2022-10-26,4.54,4.54,4.665,4.5101,2418366
2022-10-27,4.6,4.59,4.7499,4.5501,2251794
2022-10-28,4.56,4.7,4.7,4.5,2154900
2022-10-31,4.68,4.82,4.835,4.615,2584795
2022-11-01,4.89,4.73,4.935,4.7,2244903
2022-11-02,4.75,4.53,4.84,4.525,3617331
2022-11-03,4.48,4.43,4.59,4.38,2993845
2022-11-04,4.55,4.58,4.6,4.42,2489704
2022-11-07,4.6,4.32,4.61,4.25,4030313
2022-11-08,4.33,4.19,4.34,4.1,4491093
2022-11-09,4.17,3.9,4.18,3.86,4691177
2022-11-10,4.22,4.25,4.445,4.1501,5480363
2022-11-11,4.29,4.5,4.57,4.23,3699253
2022-11-14,4.5,4.32,4.53,4.31,2690549
2022-11-15,4.51,4.5,4.74,4.4415,2562967
2022-11-16,4.46,4.27,4.47,4.255,2079314
2022-11-17,4.21,4.19,4.24,4.12,2440921
2022-11-18,4.32,4.2,4.32,4.18,1401725
2022-11-21,4.21,4.05,4.225,4.0212,2056315
2022-11-22,4.07,4.04,4.12,3.95,1824239
2022-11-23,4.06,4.07,4.14,4.03,1456618
2022-11-25,4.07,4.1,4.11,4.0285,1093243
2022-11-28,4.05,3.93,4.1,3.91,2103571
2022-11-29,3.99,3.99,4.0628,3.95,1756946
2022-11-30,4.11,4.12,4.15,3.94,6290631
2022-12-01,4.07,4.08,4.22,4.061,2113164
2022-12-02,4.04,4.13,4.15,3.985,2736350
2022-12-05,4.14,3.91,4.165,3.89,4141728
2022-12-06,3.94,3.66,3.95,3.66,5521634
2022-12-07,3.64,3.5,3.695,3.48,5019778
2022-12-08,3.53,3.49,3.56,3.4339,4593275
2022-12-09,3.5,3.51,3.57,3.425,3546535
2022-12-12,3.52,3.69,3.72,3.49,3137033
2022-12-13,3.88,3.69,3.97,3.6001,3149516
2022-12-14,3.7,3.72,3.83,3.65,3330813
2022-12-15,3.65,3.66,3.71,3.59,3071213
2022-12-16,3.62,3.62,3.72,3.41,6272940
2022-12-19,3.62,3.47,3.625,3.44,3444125
2022-12-20,3.45,3.45,3.545,3.4,2638520
2022-12-21,3.51,3.54,3.61,3.435,2792242
2022-12-22,3.52,3.42,3.526,3.37,3470710
2022-12-23,3.41,3.35,3.43,3.33,2686285
2022-12-27,3.33,3.18,3.34,3.15,3408230
2022-12-28,3.19,3.19,3.295,3.15,3654020
2022-12-29,3.23,3.39,3.46,3.18,3495290
2022-12-30,3.33,3.35,3.44,3.28,2019972
2023-01-03,3.42,3.42,3.5685,3.34,3564735
2023-01-04,3.44,3.46,3.545,3.3785,1977600
2023-01-05,3.45,3.31,3.5,3.3,2506825
2023-01-06,3.35,3.37,3.37,3.22,2381805
2023-01-09,3.43,3.56,3.61,3.39,2927066
2023-01-10,3.53,3.62,3.62,3.4,2638528
2023-01-11,3.62,3.74,3.75,3.6016,2672411
2023-01-12,3.75,4.06,4.08,3.74,5900513
2023-01-13,3.96,4.21,4.25,3.89,4432496
2023-01-17,4.22,4.44,4.49,4.18,4629815
2023-01-18,4.48,4.27,4.64,4.25,4896988
2023-01-19,4.16,3.95,4.17,3.93,3232454
2023-01-20,4.02,3.97,4.07,3.84,3815492
2023-01-23,3.97,4.11,4.12,3.93,2939813
2023-01-24,4.11,4.08,4.19,4.03,1681115
2023-01-25,4.02,4.13,4.14,3.95,1826694
2023-01-26,4.2,4.12,4.2591,4.03,2376284
2023-01-27,4.11,4.34,4.44,4.09,4300352
2023-01-30,4.27,4.22,4.37,4.18,2825319
2023-01-31,4.25,4.42,4.43,4.22,4128735
2023-02-01,4.39,4.44,4.48,4.24,5583320
2023-02-02,4.54,4.66,4.76,4.501,4178878
2023-02-03,4.54,4.7,4.77,4.52,3697567
2023-02-06,4.65,4.42,4.67,4.39,3110247
2023-02-07,4.46,4.42,4.48,4.21,2898930
2023-02-08,4.38,4.36,4.44,4.305,1875276
2023-02-09,4.47,4.22,4.575,4.21,2250177
2023-02-10,4.21,4.2,4.2192,4.095,1599396
2023-02-13,4.23,4.21,4.255,4.11,1443310
2023-02-14,4.16,4.3,4.32,4.12,2138349
2023-02-15,4.3,4.62,4.64,4.27,2895540
2023-02-16,4.54,4.46,4.655,4.46,1934073
2023-02-17,4.43,4.45,4.475,4.33,1933830
2023-02-21,4.38,4.26,4.43,4.225,2466784
2023-02-22,4.3,4.29,4.34,4.16,2224856
2023-02-23,4.49,4.75,5.01,4.48,6726629
2023-02-24,4.65,4.4,4.67,4.38,3186584
2023-02-27,4.54,4.55,4.67,4.5,2284798
2023-02-28,4.54,4.7,4.77,4.5,3078184
2023-03-01,4.65,4.45,4.71,4.39,2377948
2023-03-02,4.4,4.35,4.42,4.265,1976175
2023-03-03,4.4,4.56,4.58,4.39,1785843
2023-03-06,4.65,4.5,4.705,4.46,2029195
2023-03-07,4.27,4.19,4.35,4.05,4795903
2023-03-08,4.21,4.2,4.21,4.1,2061111
2023-03-09,4.21,4.02,4.25,4.02,1706596
2023-03-10,4.02,3.96,4.11,3.92,2988959
2023-03-13,3.7,3.95,3.995,3.68,3317430
2023-03-14,4.04,3.88,4.1,3.8435,2868649
2023-03-15,3.76,3.79,3.82,3.685,4084364
2023-03-16,3.79,4.0,4.0,3.76,2554406
2023-03-17,3.96,3.89,3.99,3.81,3334113
2023-03-20,3.9,3.85,3.92,3.81,2460681
2023-03-21,3.94,3.97,4.01,3.915,2315852
2023-03-22,4.02,3.83,4.05,3.82,1917425
2023-03-23,3.9,3.87,3.97,3.8,1771371
2023-03-24,3.83,3.88,3.88,3.76,1514314
2023-03-27,3.94,3.84,3.9492,3.83,2558445
2023-03-28,3.86,3.81,3.87,3.755,2838518
2023-03-29,3.87,4.04,4.04,3.845,2155024
2023-03-30,4.12,4.12,4.2,4.06,2486836
2023-03-31,4.17,4.34,4.35,4.14,2788369
2023-04-03,4.27,4.15,4.34,4.08,2002451
2023-04-04,4.17,4.25,4.26,4.095,2213369
2023-04-05,4.21,4.25,4.255,4.14,1780208
2023-04-06,4.25,4.19,4.25,4.14,1695845
2023-04-10,4.17,4.33,4.34,4.135,1515162
2023-04-11,4.31,4.28,4.37,4.25,1951739
2023-04-12,4.34,4.13,4.36,4.1,2157656
2023-04-13,4.16,4.05,4.17,4.03,2053992
2023-04-14,4.07,3.95,4.1,3.9,2619105
2023-04-17,3.98,4.0,4.0719,3.95,1874312
2023-04-18,4.03,4.05,4.05,3.97,1926328
2023-04-19,4.0,4.13,4.14,3.985,1639115
2023-04-20,4.06,3.83,4.1,3.8,2672020
2023-04-21,3.85,3.84,3.88,3.77,2460270
2023-04-24,3.87,3.85,3.935,3.78,1778516
2023-04-25,3.88,3.76,3.89,3.72,2156255
2023-04-26,3.82,3.82,3.885,3.74,1856291
2023-04-27,3.88,3.96,3.99,3.83,1729336
2023-04-28,3.95,4.33,4.365,3.93,4457217
2023-05-01,4.3,4.4,4.58,4.3,6021501
2023-05-02,4.4,4.04,4.405,4.01,3997847
2023-05-03,4.06,4.1,4.225,3.995,3970102
2023-05-04,4.18,4.26,4.545,4.059,5185633
2023-05-05,4.28,4.49,4.55,4.255,3758228
2023-05-08,4.45,4.37,4.48,4.25,4038696
2023-05-09,4.32,4.44,4.57,4.3,3169310
2023-05-10,4.54,4.48,4.63,4.465,3413087
2023-05-11,4.55,4.74,4.83,4.5,7518052
2023-05-12,4.75,4.66,4.995,4.59,5361094
2023-05-15,4.68,4.91,4.92,4.63,2876950
2023-05-16,4.86,4.88,5.02,4.8,4055099
2023-05-17,4.92,5.23,5.25,4.915,5947215
2023-05-18,5.23,5.53,5.54,5.2,5260316
2023-05-19,5.58,5.11,5.79,4.96,10230030
2023-05-22,5.21,5.45,5.52,5.08,5032117
2023-05-23,5.4,5.53,5.755,5.36,5735415
2023-05-24,5.44,5.42,5.55,5.24,5065754
2023-05-25,5.51,5.45,5.6,5.3,3974122
2023-05-26,5.49,5.36,5.65,5.28,4041084
2023-05-30,5.4,5.72,5.755,5.33,4592119
2023-05-31,5.64,5.62,5.73,5.46,3745682
2023-06-01,5.64,5.73,5.875,5.57,3683164
2023-06-02,5.84,5.69,5.88,5.51,4052565
2023-06-05,5.72,5.99,6.09,5.76,6306127
2023-06-06,5.91,6.34,6.385,5.88,6466451
2023-06-07,6.49,6.35,6.78,6.34,7292110
2023-06-08,6.36,6.26,6.38,5.96,7030220
2023-06-09,6.48,6.96,7.055,6.4001,9420728
2023-06-12,7.12,7.18,7.22,6.85,7840052
2023-06-13,7.31,7.81,7.83,7.21,9750753
2023-06-14,7.86,7.86,8.02,7.65,8078180
2023-06-15,7.79,7.93,7.995,7.55,7414473
2023-06-16,8.02,7.4,8.04,7.39,10767815
2023-06-20,7.37,7.31,7.5788,7.12,7199148
2023-06-21,7.29,6.86,7.3,6.845,6768827
2023-06-22,6.74,6.66,6.8885,6.63,5443422
2023-06-23,6.51,6.32,6.525,6.24,13322133
2023-06-26,6.32,6.34,6.505,6.26,3356253
2023-06-27,6.41,6.39,6.44,6.19,3908690
2023-06-28,7.0,8.96,9.17,6.9,48327104
2023-06-29,10.75,9.98,11.98,9.57,94180685
2023-06-30,10.11,10.26,11.0,9.93,30003536
2023-07-03,10.44,10.23,11.3,10.14,15275650
2023-07-05,10.23,10.69,11.065,10.04,16598366
2023-07-06,10.59,9.26,10.6,9.15,19649009
2023-07-07,9.72,9.54,9.79,9.15,13725442
2023-07-10,9.5,10.18,10.23,9.11,11717068
2023-07-11,9.95,10.02,10.13,9.555,10328195
2023-07-12,10.29,10.47,10.71,10.03,11770321
2023-07-13,10.66,10.56,10.96,10.305,9343429
2023-07-14,10.54,9.85,10.57,9.77,9327257
2023-07-17,9.93,10.19,10.36,9.8102,8271242
2023-07-18,10.1,10.06,10.68,9.62,15638399
2023-07-19,9.27,8.47,9.5477,8.2,31645707
2023-07-20,8.54,8.71,8.71,8.175,12964859
2023-07-21,8.73,8.26,8.7484,8.14,8548118
2023-07-24,8.1,8.21,8.33,8.03,5902426
2023-07-25,8.21,8.27,8.3,8.01,5535183
2023-07-26,8.21,7.99,8.34,7.96,6318817
2023-07-27,8.18,7.79,8.32,7.76,7260869
2023-07-28,7.87,8.15,8.18,7.795,6063347
2023-07-31,8.29,8.95,8.985,8.23,11979346
2023-08-01,8.58,8.75,8.94,8.53,6308127
2023-08-02,8.31,8.29,8.36,7.94,9232516
2023-08-03,7.93,8.24,8.405,7.66,8380424
2023-08-04,8.3,8.16,8.42,7.925,4814499
2023-08-07,8.18,8.12,8.2999,7.87,5755619
2023-08-08,7.92,8.28,8.28,7.9,5339329
2023-08-09,8.32,7.92,8.32,7.83,4740689
2023-08-10,8.04,7.89,8.235,7.84,5233950
2023-08-11,7.79,7.67,7.87,7.57,6330976
2023-08-14,7.58,7.69,7.82,7.47,4931307
2023-08-15,7.57,7.5,7.77,7.49,4465732
2023-08-16,7.45,7.27,7.635,7.27,4859994
2023-08-17,7.3,7.03,7.4,6.96,6109169
2023-08-18,6.85,7.12,7.21,6.81,5824958
2023-08-21,7.13,7.1,7.25,6.98,4027873
2023-08-22,7.27,7.06,7.295,6.97,3557485
2023-08-23,7.08,7.31,7.41,7.03,3168346
2023-08-24,7.35,6.97,7.37,6.94,3873818
2023-08-25,7.0,6.91,7.09,6.8,3364703
2023-08-28,7.05,7.22,7.275,7.0,3230339
2023-08-29,7.16,7.47,7.525,7.09,4080388
2023-08-30,7.41,7.43,7.53,7.25,3382309
2023-08-31,7.48,7.45,7.56,7.33,3684392
2023-09-01,7.51,7.33,7.52,7.3,2946414
2023-09-05,7.27,7.41,7.51,7.18,3475127
2023-09-06,7.38,7.31,7.44,7.19,3219623
2023-09-07,7.17,7.25,7.37,7.01,3142623
2023-09-08,7.25,7.3,7.355,7.19,2969145
2023-09-11,7.39,7.28,7.47,7.27,3526606
2023-09-12,7.2,6.99,7.31,6.98,3565644
2023-09-13,6.96,6.88,7.045,6.87,4684693
2023-09-14,6.9,6.94,7.0,6.78,4972062
2023-09-15,6.85,6.54,6.915,6.45,12290300
2023-09-18,6.72,6.83,7.05,6.55,10071300
2023-09-19,6.69,6.77,6.88,6.61,4860199
2023-09-20,6.83,6.62,6.9682,6.59,3020005
2023-09-21,6.41,6.26,6.495,6.22,4984861
2023-09-22,6.38,6.22,6.49,6.175,4331294
2023-09-25,6.5,6.48,6.83,6.35,13567076
2023-09-26,6.33,6.21,6.555,6.16,7364842
2023-09-27,6.29,6.47,6.565,6.27,6288552
2023-09-28,6.47,6.41,6.55,6.35,4078112
2023-09-29,6.58,6.45,6.69,6.37,4057915
2023-10-02,6.4,6.19,6.5,6.1,4391926
2023-10-03,6.09,6.13,6.22,6.025,4664040
2023-10-04,6.16,6.25,6.3599,6.1,4248884
2023-10-05,6.22,6.37,6.4,6.21,3300952
2023-10-06,6.23,6.47,6.565,6.16,3930667
2023-10-09,6.27,6.48,6.55,6.23,3677337
2023-10-10,6.16,6.56,6.75,6.12,9194565
2023-10-11,6.57,6.12,6.58,6.06,8023394
2023-10-12,6.17,6.17,6.24,6.03,8075663
2023-10-13,6.18,6.22,6.27,6.06,5308018
2023-10-16,6.2,6.27,6.38,6.045,6346375
2023-10-17,6.2,6.35,6.42,6.125,4402109
2023-10-18,6.28,6.27,6.37,6.19,5557491
2023-10-19,6.24,6.25,6.35,6.105,4955432
2023-10-20,6.17,5.75,6.17,5.7,8681303
2023-10-23,5.69,5.69,5.84,5.44,5946797
2023-10-24,5.75,5.98,5.98,5.73,4458768
2023-10-25,5.95,5.59,5.96,5.58,4031985
2023-10-26,5.57,5.4,5.647,5.31,6336525
2023-10-27,5.43,5.24,5.44,5.2,5976957
2023-10-30,5.31,5.15,5.33,5.09,6676997
2023-10-31,5.2,5.27,5.3175,5.08,3818611
2023-11-01,5.3,5.36,5.39,5.215,5657315
2023-11-02,6.01,6.06,6.665,5.95,17561528
2023-11-03,6.25,6.24,6.34,6.08,6260918
2023-11-06,6.32,5.96,6.425,5.9,5297831
2023-11-07,5.95,5.84,6.055,5.78,4043637
2023-11-08,5.89,5.57,5.97,5.57,4556470
2023-11-09,5.6,5.3,5.6105,5.295,4666922
2023-11-10,5.3,5.19,5.3,5.16,4654782
2023-11-13,5.28,5.46,5.485,5.14,7078939
2023-11-14,5.86,5.78,6.05,5.615,8671500
2023-11-15,5.88,6.13,6.3,5.811,9985042
2023-11-16,6.09,5.99,6.23,5.88,7720240
2023-11-17,6.16,6.14,6.245,5.98,5588482
2023-11-20,6.17,6.15,6.38,6.11,4431841
2023-11-21,6.11,5.59,6.125,5.59,6355685
2023-11-22,5.7,5.74,5.85,5.69,4378344
2023-11-24,5.76,5.78,5.86,5.68,2096737
2023-11-27,5.69,5.67,5.77,5.61,3760345
2023-11-28,5.61,5.94,5.96,5.61,3229706
2023-11-29,6.09,6.07,6.21,5.84,5903546
2023-11-30,6.11,5.96,6.1397,5.92,3770842
2023-12-01,5.97,6.58,6.63,5.89,8711252
2023-12-04,6.39,6.5,6.62,6.345,5145795
2023-12-05,6.38,6.3,6.52,6.26,3785219
2023-12-06,6.34,6.31,6.59,6.3,4640698
2023-12-07,6.38,6.36,6.455,6.25,3189783
2023-12-08,6.36,6.57,6.64,6.31,5768327
2023-12-11,6.57,6.51,6.59,6.37,3644045
2023-12-12,6.53,6.41,6.5986,6.36,4387058
2023-12-13,6.43,6.75,6.79,6.12,7123084
2023-12-14,6.92,7.1,7.59,6.92,12103371
2023-12-15,7.15,6.87,7.21,6.81,10257583
2023-12-18,6.96,6.83,7.05,6.75,4611503
2023-12-19,6.86,6.98,7.04,6.82,5952534
2023-12-20,6.87,6.57,7.0193,6.57,4953955
2023-12-21,6.78,6.93,6.98,6.74,4314025
2023-12-22,6.92,6.9,6.96,6.78,3341936
2023-12-26,6.94,6.99,7.08,6.88,4285659
2023-12-27,7.0,7.0,7.12,6.89,3122531
2023-12-28,6.95,6.9,7.02,6.83,3691272
2023-12-29,6.89,6.65,6.929,6.61,4007262
2024-01-02,6.62,6.18,6.62,6.12,7377726
2024-01-03,6.1,5.98,6.11,5.94,5570468
2024-01-04,6.0,6.05,6.225,5.94,4209967
2024-01-05,6.0,6.09,6.19,5.97,3071212
2024-01-08,6.16,6.37,6.42,6.09,3759619
2024-01-09,6.27,6.15,6.31,6.11,3313723
2024-01-10,6.15,6.07,6.17,5.99,3132931
2024-01-11,6.06,5.99,6.1,5.865,3640254
2024-01-12,5.97,5.89,6.135,5.85,3212698
2024-01-16,5.8,5.69,5.81,5.67,4645693
2024-01-17,5.58,5.69,5.7,5.53,3200535
2024-01-18,5.82,5.6,5.88,5.48,4879476
2024-01-19,5.65,5.63,5.675,5.425,4571943
2024-01-22,5.79,5.87,6.27,5.72,7450724
2024-01-23,6.14,5.96,6.18,5.878,4896702
2024-01-24,6.06,5.76,6.08,5.74,3444038
2024-01-25,5.83,5.72,5.845,5.7,4388701
2024-01-26,5.73,5.63,5.9,5.61,2781347
2024-01-29,5.63,6.13,6.19,5.625,4971415
2024-01-30,6.0,5.73,6.01,5.71,4936234
2024-01-31,5.71,5.46,5.81,5.45,5291245
2024-02-01,5.54,5.68,5.71,5.47,4404249
2024-02-02,5.55,5.72,5.74,5.45,4171790
2024-02-05,5.6,5.52,5.63,5.43,3945060
2024-02-06,5.54,5.85,5.85,5.51,3423984
2024-02-07,5.8,5.65,5.801,5.5,4030737
2024-02-08,5.65,5.78,5.88,5.64,3882203
2024-02-09,6.0,5.93,6.0003,5.78,4663433
2024-02-12,6.48,6.31,6.52,6.1,11900151
2024-02-13,5.95,5.98,6.08,5.85,8479284
2024-02-14,6.1,6.24,6.26,5.99,6242096
2024-02-15,6.24,6.37,6.49,6.2,4270306
2024-02-16,6.25,6.2,6.33,6.13,4157027
2024-02-20,6.2,6.21,6.3,6.06,4148781
2024-02-21,6.48,6.07,6.48,5.96,7857411
2024-02-22,5.88,5.46,6.06,5.45,11105423
2024-02-23,5.64,5.42,5.64,5.41,5363154
2024-02-26,5.45,5.47,5.565,5.35,5100766
2024-02-27,5.53,5.69,5.89,5.53,5185543
2024-02-28,5.59,5.51,5.63,5.47,5970154
2024-02-29,5.63,5.62,5.82,5.57,4752732
2024-03-01,5.58,5.47,5.64,5.385,4575947
2024-03-04,5.55,5.36,5.57,5.27,5674998
2024-03-05,5.31,5.14,5.36,5.12,5854697
2024-03-06,5.25,5.27,5.39,5.15,4570283
2024-03-07,5.34,5.35,5.465,5.23,3549468
2024-03-08,5.42,5.41,5.595,5.34,4351716
2024-03-11,5.41,5.46,5.595,5.3888,4664944
2024-03-12,5.42,5.42,5.505,5.335,5470025
2024-03-13,5.4,5.35,5.5471,5.34,5195477
2024-03-14,5.3,5.11,5.38,5.04,6805243
2024-03-15,5.07,5.08,5.215,5.04,12623478
2024-03-18,5.13,5.12,5.19,5.0301,4505991
2024-03-19,5.07,5.03,5.115,4.96,4510457
2024-03-20,5.03,5.18,5.27,4.99,6351626
2024-03-21,5.26,5.26,5.315,5.195,4530764
2024-03-22,5.24,5.22,5.4,5.13,4989319
2024-03-25,5.22,5.24,5.43,5.2,4745690
2024-03-26,5.32,5.37,5.43,5.29,5716116
2024-03-27,5.38,5.42,5.43,5.26,3387212
2024-03-28,5.4,5.36,5.44,5.34,3786076
2024-04-01,5.39,5.14,5.39,5.13,4143870
2024-04-02,5.03,4.92,5.08,4.92,6131930
2024-04-03,4.9,4.93,4.985,4.85,4417654
2024-04-04,5.0,4.9,5.11,4.87,4543547
2024-04-05,4.87,4.92,5.02,4.8212,3231104
2024-04-08,4.96,4.91,4.99,4.8817,2638009
2024-04-09,4.92,4.94,5.0,4.89,2339298
2024-04-10,4.8,4.72,4.825,4.685,4871036
2024-04-11,4.75,4.83,4.92,4.7,4300703
2024-04-12,4.76,4.62,4.79,4.58,4748245
2024-04-15,4.65,4.68,4.76,4.61,4235675
2024-04-16,4.61,4.6,4.72,4.5432,3381003
2024-04-17,4.63,4.61,4.72,4.61,3558913
2024-04-18,4.59,4.57,4.7,4.54,3805808
2024-04-19,4.54,4.54,4.68,4.53,3592362
2024-04-22,4.55,4.7,4.73,4.5,3885628
2024-04-23,4.71,4.87,5.025,4.69,4336749
2024-04-24,4.9,4.88,5.0,4.74,5178240
2024-04-25,4.84,5.1,5.11,4.79,6184042
2024-04-26,5.09,5.35,5.37,5.06,6288838
2024-04-29,5.35,5.19,5.43,5.13,4420627
2024-04-30,5.13,5.05,5.225,5.01,3664815
2024-05-01,5.0,5.22,5.465,4.99,4793482
2024-05-02,5.36,5.38,5.41,5.105,4661109
2024-05-03,5.5,5.38,5.57,5.3,4227209
2024-05-06,5.44,5.53,5.59,5.43,3949174
2024-05-07,5.48,5.37,5.52,5.35,3938362
2024-05-08,5.23,4.89,5.345,4.85,8500483
2024-05-09,4.92,5.19,5.21,4.915,4807436
2024-05-10,5.22,5.06,5.31,4.99,4078820
2024-05-13,5.115,5.05,5.26,5.03,4423116
2024-05-14,5.16,5.39,5.52,5.16,8119104
2024-05-15,5.47,5.14,5.47,5.13,4255373
2024-05-16,5.14,5.02,5.195,5.02,3305951
2024-05-17,5.03,5.04,5.06,4.99,2946091
2024-05-20,5.03,4.95,5.1154,4.91,5166964
2024-05-21,4.95,4.89,5.18,4.885,5787241
2024-05-22,4.91,4.87,4.94,4.81,3494916
2024-05-23,4.92,4.81,4.9305,4.76,3853438
2024-05-24,4.84,4.91,4.95,4.79,3236605
2024-05-28,4.96,4.86,5.015,4.85,3597329
2024-05-29,4.79,4.7,4.805,4.67,4868302
2024-05-30,4.75,4.81,4.865,4.71,3312977
2024-05-31,4.87,4.87,5.0,4.78,3834968
2024-06-03,4.96,4.87,5.025,4.83,3615720
2024-06-04,4.87,4.87,4.935,4.82,3299038
2024-06-05,4.92,5.16,5.245,4.89,5299869
2024-06-06,5.17,5.15,5.21,5.04,3399175
2024-06-07,5.05,4.99,5.13,4.95,3349050
2024-06-10,4.95,5.09,5.205,4.9324,3434530
2024-06-11,5.025,5.09,5.145,5.025,3213568
2024-06-12,5.25,5.14,5.43,5.135,5625020
2024-06-13,5.16,5.0,5.24,4.96,3758320
2024-06-14,4.955,4.88,5.02,4.84,4292261
2024-06-17,4.91,4.92,4.99,4.87,2872943
2024-06-18,4.92,5.0,5.02,4.89,3844495
2024-06-20,5.0,4.8,5.02,4.78,5556470
2024-06-21,4.85,5.19,5.2,4.77,11114617
2024-06-24,5.11,5.11,5.35,5.05,6136736
2024-06-25,5.08,4.84,5.11,4.82,5704664
2024-06-26,4.88,5.0,5.0,4.79,5059618
2024-06-27,5.01,5.1,5.105,4.955,10016769
2024-06-28,5.1,5.1,5.15,4.98,27584136
2024-07-01,5.1,4.87,5.1,4.78,8354801
2024-07-02,4.94,4.96,5.315,4.87,11028752
2024-07-03,5.0,5.15,5.24,4.98,5772590
2024-07-05,5.19,5.16,5.19,5.04,4445032
2024-07-08,5.12,5.21,5.25,5.09,3929781
2024-07-09,5.2,5.11,5.23,5.09,3686204
2024-07-10,5.13,5.19,5.22,5.0649,3551991
2024-07-11,5.38,6.21,6.26,5.35,21450743
2024-07-12,6.12,6.61,6.66,6.08,14505036
2024-07-15,6.82,6.95,7.04,6.605,10670444
2024-07-16,6.96,7.46,7.69,6.78,13835066
2024-07-17,7.11,7.06,7.485,6.92,11946514
2024-07-18,7.1,6.97,7.54,6.91,10836918
2024-07-19,6.9,6.53,6.9,6.34,10042034
2024-07-22,6.57,6.47,6.91,6.35,8849239
2024-07-23,6.44,6.68,6.76,6.42,5119312
2024-07-24,6.66,6.18,6.85,6.17,9804237
2024-07-25,6.1,6.18,6.4,6.05,6357573
2024-07-26,6.32,6.3,6.57,6.235,6311282
2024-07-29,6.4,6.21,6.53,6.17,4784621
2024-07-30,6.23,6.09,6.265,6.03,5624087
2024-07-31,6.09,5.98,6.325,5.955,6316361
2024-08-01,5.96,5.43,5.98,5.3842,9329197
2024-08-02,5.17,5.05,5.24,5.03,7525596
2024-08-05,4.71,5.08,5.16,4.66,9457901
2024-08-06,5.3,5.14,5.305,5.05,5700688
2024-08-07,5.24,4.91,5.35,4.885,7383632
2024-08-08,5.03,5.2,5.31,5.02,7139367
2024-08-09,5.19,5.02,5.23,5.0,6239687
2024-08-12,5.07,5.01,5.11,4.93,4800960
2024-08-13,5.07,5.07,5.1199,5.014,4180953
2024-08-14,5.12,4.96,5.18,4.96,4239757
2024-08-15,5.09,5.21,5.27,5.06,5397738
2024-08-16,5.19,5.15,5.34,5.11,4321783
2024-08-19,5.19,5.18,5.23,5.1,2796353
2024-08-20,5.2,5.05,5.2,5.04,3253771
2024-08-21,5.11,5.24,5.3,5.11,3455848
2024-08-22,5.25,4.98,5.285,4.97,6155921
2024-08-23,5.05,5.11,5.17,5.01,4719668
2024-08-26,5.16,5.21,5.245,5.1,4356673
2024-08-27,5.16,5.06,5.18,5.02,4506163
2024-08-28,5.07,4.94,5.09,4.94,5069325
2024-08-29,5.04,5.14,5.32,5.01,7237013
2024-08-30,5.16,5.0,5.209,4.98,5227978
2024-09-03,5.01,4.92,5.07,4.89,6769398
2024-09-04,4.9,4.88,5.07,4.855,4673328
2024-09-05,4.96,4.83,5.02,4.82,4879523
2024-09-06,4.84,4.77,4.8599,4.7,5015113
2024-09-09,4.8,4.99,5.01,4.8,4835647
2024-09-10,5.02,5.15,5.16,4.864,3700265
2024-09-11,5.09,5.32,5.35,5.05,6581579
2024-09-12,5.28,5.35,5.39,5.13,4612837
2024-09-13,5.4,5.43,5.48,5.345,4239781
2024-09-16,5.4,5.32,5.41,5.27,3940761
2024-09-17,5.39,5.26,5.44,5.25,4150436
2024-09-18,5.2,5.2,5.5,5.14,5730495
2024-09-19,5.38,5.18,5.43,5.13,4971660
2024-09-20,5.24,5.16,5.24,5.1,9899164
2024-09-23,5.18,5.12,5.255,5.1,3567869
2024-09-24,5.16,5.15,5.245,5.1,4781332
2024-09-25,5.15,5.05,5.21,5.0,4892085
2024-09-26,5.17,5.11,5.22,5.05,5091700
2024-09-27,5.16,5.22,5.41,5.16,6785137
2024-09-30,5.2,5.03,5.218,5.0,6089115
2024-10-01,5.04,4.8,5.07,4.78,8969204
2024-10-02,5.69,6.14,6.32,5.19,70823149
2024-10-03,5.99,5.61,6.04,5.52,20840518
2024-10-04,5.78,5.95,6.13,5.7,18240520
2024-10-07,5.95,5.98,6.2,5.74,13419472
2024-10-08,5.95,5.67,6.0,5.61,9335623
2024-10-09,5.67,5.66,5.79,5.6,6457259
2024-10-10,5.55,5.49,5.56,5.35,7151391
2024-10-11,5.42,5.69,5.7,5.41,4561710
2024-10-14,5.68,5.54,5.69,5.51,6992930
2024-10-15,5.54,5.42,5.61,5.36,5557680
2024-10-16,5.5,5.55,5.63,5.44,5152802
2024-10-17,5.45,5.51,5.53,5.375,5357848
2024-10-18,5.55,5.61,5.76,5.52,6300038
2024-10-21,5.6,5.49,5.94,5.4,9921345
2024-10-22,5.5,6.18,6.26,5.4413,25287871
2024-10-23,6.38,6.24,6.59,6.0,18828732
2024-10-24,6.4,6.04,6.47,5.93,16555721
2024-10-25,5.155,5.16,5.34,5.07,81265132
2024-10-28,5.27,5.27,5.37,5.2,20698956
2024-10-29,5.25,5.01,5.25,4.96,25443509
2024-10-30,4.99,4.99,5.06,4.93,12250285
2024-10-31,4.95,4.8,4.9699,4.8,15549436
2024-11-01,4.9,4.87,4.99,4.8,12200108
2024-11-04,4.91,5.04,5.11,4.87,13784957
2024-11-05,5.04,5.1,5.115,4.94,13085413
2024-11-06,5.2,5.07,5.29,5.0,16138840
2024-11-07,4.94,5.1,5.15,4.87,17276975
2024-11-08,5.1,5.21,5.3,5.05,14270384
2024-11-11,5.38,6.27,6.28,5.34,40828849
2024-11-12,6.01,6.32,6.4,5.95,24746758
2024-11-13,6.28,5.9,6.295,5.78,19162151
2024-11-14,5.95,5.91,6.27,5.88,13369813
2024-11-15,5.88,5.73,5.9,5.58,13164810
2024-11-18,5.64,5.61,5.795,5.42,11739915
2024-11-19,5.58,6.33,6.33,5.58,20809822
2024-11-20,6.24,6.2,6.41,6.005,15725168
2024-11-21,6.2,6.8,7.08,6.1,31336966
2024-11-22,6.98,7.09,7.29,6.8658,23924865
2024-11-25,7.33,8.2,8.43,7.23,41970505
2024-11-26,7.805,7.9,8.1294,7.67,21516699
2024-11-27,8.03,8.0,8.62,7.84,19435441
2024-11-29,8.3,8.95,9.33,8.21,23550135
2024-12-02,9.3,8.11,9.32,7.81,38245891
2024-12-03,7.51,7.85,8.22,7.44,20553623
2024-12-04,7.85,8.11,8.48,7.7,14785467
2024-12-05,8.19,8.09,8.785,8.045,17963681
2024-12-06,8.32,8.84,8.89,8.06,17921561
2024-12-09,9.0,8.53,9.14,8.37,20064806
2024-12-10,8.5,8.54,8.8687,8.38,13561744
2024-12-11,8.07,7.94,8.25,7.68,22544953
2024-12-12,7.85,7.63,7.8665,7.57,12317383
2024-12-13,7.73,7.78,8.0198,7.582,15531669
2024-12-16,7.85,7.98,8.27,7.4,24330850
2024-12-17,8.02,8.24,8.29,7.78,16226683
2024-12-18,8.19,7.94,9.08,7.81,34718703
2024-12-19,8.0,7.23,8.07,7.22,21058394
2024-12-20,7.12,7.69,8.09,7.04,27706945
2024-12-23,7.73,7.62,7.88,7.5,11966483
2024-12-24,7.62,8.26,8.45,7.43,16261106
2024-12-26,8.26,9.16,9.29,8.11,28297868
2024-12-27,9.03,8.93,9.15,8.61,14205223
2024-12-30,8.685,8.39,8.785,8.09,15912988
2024-12-31,8.44,8.13,8.565,8.03,11619088
2025-01-02,8.24,8.09,8.27,7.83,12454559
2025-01-03,8.205,9.77,9.82,8.1,29087847
2025-01-06,9.79,9.83,10.05,9.56,19151735
2025-01-07,10.1,10.27,10.72,9.81,26857654
2025-01-08,10.0,9.49,10.105,9.33,18302183
2025-01-10,8.98,8.74,9.22,8.635,19939543
2025-01-13,8.34,7.96,8.4,7.73,20088455
2025-01-14,8.23,7.86,8.44,7.76,11738562
2025-01-15,8.3,8.1,8.49,8.04,12795445
2025-01-16,8.19,8.37,8.59,8.04,12254544
2025-01-17,8.45,8.17,8.68,8.16,9891655
2025-01-21,8.36,9.06,9.19,8.2701,13610281
2025-01-22,9.04,8.77,9.04,8.75,10807579
2025-01-23,8.58,8.67,8.71,8.4,9055020
2025-01-24,8.75,8.76,9.29,8.72,12537825
2025-01-27,8.5,8.23,8.73,8.102,13238811
2025-01-28,8.33,8.37,8.49,8.085,7473299
2025-01-29,8.35,8.33,8.54,8.12,6650688
2025-01-30,8.39,8.23,8.53,8.13,7157232
2025-01-31,8.34,8.26,8.77,8.1912,11808982
2025-02-03,7.92,8.06,8.17,7.68,11799352
2025-02-04,8.03,8.02,8.2499,7.93,9250934
2025-02-05,8.1,8.05,8.36,7.92,7533338
2025-02-06,8.15,7.86,8.3,7.75,9170025
2025-02-07,7.9,7.78,8.13,7.68,10094081
2025-02-10,7.79,7.83,8.115,7.623,18483698
2025-02-11,7.73,7.36,7.8,7.33,14194642
2025-02-12,7.28,7.33,7.51,7.21,9505895
2025-02-13,7.4,7.58,7.6601,7.33,9783747
2025-02-14,7.6,7.83,7.91,7.56,14025948
2025-02-18,7.9,7.94,8.35,7.81,17338471
2025-02-19,7.94,7.59,7.965,7.55,12683470
2025-02-20,7.59,7.47,7.62,7.23,12649445
2025-02-21,7.565,6.98,7.64,6.96,13492716
2025-02-24,6.99,6.76,7.01,6.5709,13879978
2025-02-25,6.66,6.5,6.83,6.37,16322744
2025-02-26,6.71,6.7,6.89,6.605,17476874
2025-02-27,7.09,6.75,7.2,6.56,19121236
2025-02-28,6.46,7.0,7.0791,6.39,15996827
2025-03-03,7.05,6.46,7.1672,6.36,13116840
2025-03-04,6.27,6.6,6.775,6.23,11107012
2025-03-05,6.66,6.79,6.79,6.505,9285604
2025-03-06,6.54,6.64,7.08,6.43,12141159
2025-03-07,6.51,6.62,6.66,6.31,9784318
2025-03-10,6.37,6.15,6.3975,5.9501,15546104
2025-03-11,6.09,6.03,6.24,5.88,11377323
2025-03-12,6.21,6.31,6.325,6.06,11679995
2025-03-13,6.3,5.99,6.3,5.93,8241247
2025-03-14,6.12,6.24,6.25,6.055,8325919
2025-03-17,6.29,6.43,6.525,6.25,10234401
2025-03-18,6.33,6.17,6.38,6.14,10804150
2025-03-19,6.21,6.49,6.56,6.21,9754395
2025-03-20,6.4,6.33,6.46,6.27,7076418
2025-03-21,6.22,6.64,6.675,6.11,17615348
2025-03-24,6.72,6.77,6.8555,6.67,10237756
2025-03-25,6.74,6.66,6.74,6.5543,6391760
2025-03-26,6.66,6.57,6.81,6.505,9429640
2025-03-27,6.5,6.43,6.62,6.395,7400628
2025-03-28,6.33,6.11,6.4155,6.05,9324129
2025-03-31,5.935,6.02,6.09,5.855,10106279
2025-04-01,6.08,5.93,6.0976,5.765,10547208
2025-04-02,5.79,6.04,6.16,5.77,13137354
2025-04-03,5.67,5.66,5.75,5.55,14022927
2025-04-04,5.43,5.36,5.56,5.02,16425436
2025-04-07,5.0,5.58,5.93,4.96,17260505
2025-04-08,5.86,5.33,5.88,5.26,15275444
2025-04-09,5.345,6.26,6.381,5.32,19013875
2025-04-10,5.96,6.02,6.115,5.775,12520537
2025-04-11,5.72,5.93,5.98,5.56,16656458
