2021-10-05,25.696667,25.574367,25.933333,25.574367,3906
2021-10-06,25.0,23.76,25.003333,23.313333,31779
2021-10-07,23.826667,23.8701,23.993333,23.333333,9324
2021-10-08,23.536667,22.881667,23.539967,22.8,5913
2021-10-11,23.333367,23.231667,23.333367,23.231667,3684
2021-10-12,23.175467,23.221667,23.336667,23.175467,8400
2021-10-13,23.173333,23.236567,23.236567,22.97,15885
2021-10-14,24.126667,24.288233,24.343333,24.093333,5382
2021-10-15,24.17,23.0275,24.17,22.932733,21369
2021-10-18,23.163333,22.5543,23.163333,22.5543,7548
2021-10-19,21.933333,21.841667,21.946667,21.666667,7839
2021-10-20,22.333333,22.83,22.913333,22.333333,11460
2021-10-21,23.025333,22.84,23.066667,22.84,3636
2021-10-22,23.493333,23.483333,23.493333,23.483333,3186
2021-10-25,23.116667,23.386667,23.433333,23.116667,8601
2021-10-26,23.625,23.544633,23.633333,23.421667,8724
2021-10-27,23.52,23.5646,23.666667,23.333333,8760
2021-10-28,23.12,23.25,23.366667,22.833333,9621
2021-10-29,23.3,22.941667,23.3,22.941667,6432
2021-11-01,23.166667,22.293333,23.166667,22.293333,9126
2021-11-02,23.57,23.39,23.57,23.316667,5619
2021-11-03,23.63,23.4664,23.63,23.4664,20304
2021-11-04,23.676667,23.3254,23.858333,23.21,9066
2021-11-05,23.283333,23.298333,23.298333,23.0,2658
2021-11-08,23.671667,23.8968,23.9,23.48,7179
2021-11-09,24.01,23.766567,24.01,23.766567,1683
2021-11-10,24.44,24.446667,24.56,24.2215,5904
2021-11-11,24.483333,24.6973,24.82,24.483333,4524
2021-11-12,24.7,24.538133,24.7,24.453333,5982
2021-11-15,25.033333,25.761667,25.863333,25.033333,6225
2021-11-16,25.666667,25.9158,26.0333,25.666667,10071
2021-11-17,26.106667,25.617933,26.106667,25.416667,6069
2021-11-18,25.956667,26.521667,26.633333,25.956667,9624
2021-11-19,26.74,26.776767,26.866667,26.721667,5829
2021-11-22,26.966667,26.538433,26.966667,26.538433,5475
2021-11-23,26.666667,26.468333,26.666667,26.468333,2226
2021-11-24,27.686667,27.681167,27.766667,27.54,12663
2021-11-26,28.023333,27.995,28.223333,27.696667,43770
2021-11-29,28.553333,28.1412,28.553333,28.1412,14412
2021-11-30,29.033333,28.978167,29.056633,28.666667,5523
2021-12-01,29.626667,28.950367,29.626667,28.950367,23490
2021-12-02,30.756667,30.704767,30.829967,30.4,30645
2021-12-03,30.186667,30.0958,30.323333,29.743367,13383
2021-12-06,31.328333,31.3858,31.506667,31.328333,4953
2021-12-07,32.006667,32.571133,32.63,31.768333,37740
2021-12-08,34.56,34.674167,34.906667,34.073333,47472
2021-12-09,32.72,30.94,32.72,30.73,135894
2021-12-10,31.783333,32.325,32.376667,31.669333,43575
2021-12-13,32.47,31.43,32.54,31.31,23844
2021-12-14,31.06,30.7878,31.06,30.37,24190
2021-12-15,30.46,31.16,31.1799,30.46,37298
2021-12-16,31.1,32.83,32.86,31.1,13436
2021-12-17,29.7,28.26,29.8,28.07,31139
2021-12-20,30.14,31.5,31.5,29.77,41040
2021-12-21,31.0,30.41,31.425,30.3,26453
2021-12-22,29.36,29.92,29.926,29.19,9628
2021-12-23,29.02,28.74,29.1999,28.5301,23589
2021-12-27,29.32,29.73,29.77,29.3098,17663
2021-12-28,30.14,30.375,30.658,30.14,7069
2021-12-29,31.0,31.0208,31.19,30.51,19746
2021-12-30,30.9,30.8053,31.03,30.69,6170
2021-12-31,31.23,31.2042,31.52,31.03,13105
2022-01-03,31.86,32.412,32.59,31.51,25273
2022-01-04,33.0,33.39,33.53,32.82,26326
2022-01-05,33.16,33.8384,34.11,33.16,29888
2022-01-06,33.6,33.35,33.6,32.86,6443
2022-01-07,33.53,32.95,33.53,32.75,7286
2022-01-10,32.08,31.4897,32.08,30.82,83472
2022-01-11,31.661,31.78,31.9799,31.12,27374
2022-01-12,31.58,31.2604,31.63,30.75,17795
2022-01-13,31.15,31.5153,31.78,30.7501,19189
2022-01-14,32.14,32.26,32.27,31.75,28922
2022-01-18,31.75,32.11,32.18,31.52,61280
2022-01-19,31.52,31.5,31.7,31.01,23253
2022-01-20,32.0,32.94,33.26,32.0,31301
2022-01-21,32.63,32.6055,32.8,32.01,62121
2022-01-24,32.46,32.5,32.59,32.03,34841
2022-01-25,33.36,33.76,33.85,33.2701,44256
2022-01-26,34.35,34.0,34.57,33.69,67446
2022-01-27,33.89,34.05,34.2965,33.68,62605
2022-01-28,34.25,33.65,34.25,33.5451,27976
2022-01-31,34.0,34.54,34.54,33.82,43497
2022-02-01,34.05,34.434,34.71,33.8,46459
2022-02-02,36.18,36.5,36.63,35.78,37972
2022-02-03,36.44,36.85,37.07,35.9001,92682
2022-02-04,37.69,37.67,37.6932,37.315,72002
2022-02-07,37.5,37.3,37.5,37.11,50959
2022-02-08,37.54,37.21,38.0799,37.02,75261
2022-02-09,36.88,35.77,36.88,35.01,145249
2022-02-10,34.8901,35.43,35.7,34.76,59246
2022-02-11,35.82,36.2006,36.3,35.625,58298
2022-02-14,35.19,35.32,35.5,34.9,46403
2022-02-15,35.16,34.91,35.37,34.641,96354
2022-02-16,34.7104,34.56,34.74,34.32,17207
2022-02-17,33.21,33.01,33.39,32.83,92163
2022-02-18,34.22,34.39,34.4673,33.955,14822
2022-02-22,34.4,34.5,34.745,34.27,30534
2022-02-23,36.76,36.5,36.76,35.94,63646
2022-02-24,33.06,33.13,33.71,32.6401,81794
2022-02-25,34.03,33.53,34.03,33.4501,52248
2022-02-28,32.43,31.21,32.43,31.01,78920
2022-03-01,28.64,26.12,28.73,25.04,175265
2022-03-02,26.15,25.89,26.96,25.0,70689
2022-03-03,25.41,24.9,25.41,24.6201,32307
2022-03-04,24.78,24.72,24.78,23.8,153831
2022-03-07,21.49,21.29,21.9198,21.01,119599
2022-03-08,24.18,25.23,25.65,24.0,55705
2022-03-09,26.71,27.35,27.7,26.05,36699
2022-03-10,28.51,28.05,28.74,27.82,22572
2022-03-11,28.88,28.7,28.88,28.5,22439
2022-03-14,29.6,29.09,29.83,28.76,27028
2022-03-15,25.52,29.45,29.95,28.11,13406
2022-03-16,29.25,29.83,29.83,28.1436,13962
2022-03-17,29.67,30.32,30.3644,29.67,13207
2022-03-18,30.09,29.6521,30.09,29.31,9951
2022-03-21,29.4,29.72,29.76,29.395,8930
2022-03-22,30.2,30.01,30.49,30.01,7046
2022-03-23,30.09,28.76,30.09,28.45,15981
2022-03-24,29.0,29.6,29.6,28.59,7651
2022-03-25,29.11,29.17,29.4565,28.96,4733
2022-03-28,30.1154,30.0683,30.22,29.9,3414
2022-03-29,30.73,30.66,31.12,30.65,22958
2022-03-30,29.69,29.61,29.81,29.49,4579
2022-03-31,29.24,28.88,29.5,28.4868,11104
2022-04-01,29.58,29.2,29.58,29.2,7017
2022-04-04,29.32,29.31,29.6409,28.51,11356
2022-04-05,28.89,29.0309,29.3651,28.89,10935
2022-04-06,28.9,28.66,28.9,28.572,3732
2022-04-07,29.47,29.666,29.806,29.47,21600
2022-04-08,29.53,29.65,29.9,29.53,12314
2022-04-11,29.12,28.93,29.12,28.8,8031
2022-04-12,29.14,29.06,29.45,29.04,7134
2022-04-13,28.81,28.97,28.97,28.55,23224
2022-04-14,29.43,29.5001,29.65,29.35,6864
2022-04-18,29.6,29.34,29.74,29.34,9220
2022-04-19,29.46,29.515,29.8,29.39,10123
2022-04-20,31.69,31.96,32.57,31.66,30318
2022-04-21,32.5,31.8438,32.5,31.841,6377
2022-04-22,32.76,32.7087,33.0062,32.435,20727
2022-04-25,30.59,30.6362,31.03,30.228,20045
2022-04-26,31.33,29.8789,31.33,29.83,9305
2022-04-27,29.43,29.5198,29.69,29.35,9972
2022-04-28,29.89,30.4038,30.65,29.51,19621
2022-04-29,30.72,30.42,31.155,30.41,4339
2022-05-02,30.03,30.26,30.378,30.02,8765
2022-05-03,32.0,32.24,32.45,31.92,19844
2022-05-04,32.1,32.1723,32.23,31.65,37717
2022-05-05,33.0,32.26,33.0,32.171,35568
2022-05-06,33.09,33.3982,33.55,33.09,16150
2022-05-09,32.51,31.42,32.51,31.42,14624
2022-05-10,32.1,31.8062,32.39,31.58,5176
2022-05-11,31.74,32.3607,33.02,31.685,9847
2022-05-12,31.49,32.0717,32.15,31.4,20867
2022-05-13,32.1,31.74,32.12,31.74,9687
2022-05-16,32.04,32.865,32.9399,32.04,8356
2022-05-17,33.2,32.95,33.66,32.04,43127
2022-05-18,30.26,30.6516,30.9,30.04,63285
2022-05-19,29.64,30.2073,30.28,29.56,12983
2022-05-20,29.8418,29.1,29.86,29.021,23761
2022-05-23,28.46,28.38,28.7,28.29,5051
2022-05-24,29.52,29.6158,29.9972,29.27,10457
2022-05-25,29.59,29.77,29.77,29.59,2080
2022-05-26,30.42,31.2014,31.2014,30.42,5713
2022-05-27,31.19,30.69,31.24,30.6702,16310
2022-05-31,30.61,30.68,30.9,30.6,18047
2022-06-01,31.0,31.455,31.77,30.91,22235
2022-06-02,31.37,31.575,31.575,31.37,1352
2022-06-03,31.71,31.95,31.95,31.71,5952
2022-06-06,30.1501,30.01,30.2523,29.84,6827
2022-06-07,29.79,29.59,29.98,29.53,3009
2022-06-08,29.48,29.3272,29.48,29.2,1240
2022-06-09,29.95,29.4001,29.95,29.4001,3050
2022-06-10,29.48,29.9342,30.0,29.48,19885
2022-06-13,29.495,29.3947,29.69,29.27,2187
2022-06-14,30.09,30.1863,30.23,30.05,25236
2022-06-15,30.45,31.12,31.216,30.45,19832
2022-06-16,29.91,30.1574,30.1574,29.76,4004
2022-06-17,29.9,29.582,30.02,29.45,38119
2022-06-21,30.58,30.55,30.75,30.48,2058
2022-06-22,30.0,29.6,30.0,29.54,3318
2022-06-23,30.04,30.3559,30.38,30.04,25694
2022-06-24,30.25,30.3989,30.4,30.25,4376
2022-06-27,30.63,30.63,30.7986,30.44,2406
2022-06-28,31.205,31.7049,31.79,31.0,10582
2022-06-29,31.7301,31.8708,31.98,31.7301,7835
2022-06-30,31.99,32.37,32.4,31.99,10583
2022-07-01,30.87,31.2653,31.2653,30.87,2730
2022-07-05,29.69,29.8415,29.99,29.54,5903
2022-07-06,29.8,30.0965,30.36,29.67,3143
2022-07-07,30.19,30.2287,30.7,30.19,3991
2022-07-08,29.794,29.5684,29.794,29.52,1001
2022-07-11,29.84,29.85,30.1916,29.84,11409
2022-07-12,30.5,30.6655,30.6655,30.4,3478
2022-07-13,30.22,29.8338,30.22,29.7688,3045
2022-07-14,29.74,29.95,29.99,29.52,6935
2022-07-15,30.22,30.28,30.4,30.21,6342
2022-07-18,30.75,30.206,30.75,30.206,4452
2022-07-19,29.95,29.881,29.95,29.881,552
2022-07-20,29.04,28.01,29.04,27.97,9552
2022-07-21,27.64,27.978,27.978,27.64,2365
2022-07-22,27.3098,27.2335,27.3098,27.2335,414
2022-07-25,27.68,27.431,27.722,27.431,3490
2022-07-26,27.38,27.2756,27.54,27.2756,2323
2022-07-27,27.14,27.4319,27.44,26.8,2501
2022-07-28,28.06,28.2762,28.54,28.02,10284
2022-07-29,27.6,28.1864,28.24,27.6,2963
2022-08-01,28.7,28.8951,29.02,28.7,2341
2022-08-02,29.25,29.2982,29.3525,29.2,2737
2022-08-03,29.97,29.8899,29.97,29.7001,3186
2022-08-04,30.0,30.2885,30.38,30.0,2234
2022-08-05,30.06,30.405,30.405,30.06,1381
2022-08-08,30.235,30.1235,30.235,30.02,2505
2022-08-09,30.54,30.51,30.79,30.4101,7417
2022-08-10,30.88,31.0041,31.11,30.8,3919
2022-08-11,31.89,31.4768,31.89,31.42,3906
2022-08-12,31.8,32.16,32.17,31.8,3869
2022-08-15,31.94,32.265,32.4,31.94,2595
2022-08-16,32.77,33.075,33.24,32.77,6454
2022-08-17,33.84,34.6,34.75,33.84,25126
2022-08-18,34.3,34.173,34.36,34.07,1460
2022-08-19,34.5,34.6889,34.89,34.5,11114
2022-08-22,32.4701,32.31,32.54,32.02,12444
2022-08-23,31.535,31.5781,31.76,31.39,4740
2022-08-24,31.0,31.5188,31.55,30.91,2795
2022-08-25,30.9601,31.2055,31.57,30.92,4087
2022-08-26,31.62,31.6608,31.82,31.62,3235
2022-08-29,30.62,30.3769,30.999,30.19,28226
2022-08-30,29.02,28.6821,29.02,28.1494,7478
2022-08-31,28.3188,28.5777,28.5777,28.16,1499
2022-09-01,27.88,28.4327,28.56,27.5,10190
2022-09-02,27.63,27.2576,27.69,27.08,5574
2022-09-06,24.59,24.24,24.59,24.15,38276
2022-09-07,24.13,24.3973,24.43,24.13,8693
2022-09-08,23.82,23.5832,23.82,23.291,33832
2022-09-09,23.435,23.3194,23.58,23.2,9098
2022-09-12,24.66,25.6339,25.88,24.66,12749
2022-09-13,24.83,24.6,24.86,24.5,13396
2022-09-14,25.54,25.2335,25.5899,25.03,9768
2022-09-15,25.24,25.3764,25.3764,25.18,1316
2022-09-16,25.41,25.6895,25.82,25.41,7130
2022-09-19,24.885,24.691,24.885,24.68,1323
2022-09-20,24.73,24.885,25.007,24.73,9548
2022-09-21,24.42,24.1471,24.42,24.0,8191
2022-09-22,24.27,24.2449,24.42,24.16,10157
2022-09-23,22.91,22.5865,22.91,22.52,5386
2022-09-26,22.57,23.6778,24.35,22.38,6997
2022-09-27,23.02,23.0263,23.0263,23.005,927
2022-09-28,22.0,22.3377,22.42,21.88,3170
2022-09-29,22.28,22.7471,22.81,22.28,1992
2022-09-30,22.83,22.83,23.29,22.82,627
2022-10-03,22.3,22.8998,22.97,22.09,1749
2022-10-04,23.58,23.25,23.58,23.15,6021
2022-10-05,23.21,23.2498,23.2498,23.11,1983
2022-10-06,23.431,23.8409,23.98,23.431,1849
2022-10-07,23.78,23.6052,24.47,23.575,11078
2022-10-10,22.73,22.8694,22.9,22.54,7523
2022-10-11,22.66,22.6326,22.89,22.6,1624
2022-10-12,22.5,22.6091,22.6091,22.44,1915
2022-10-13,23.78,23.7038,23.78,23.7038,1067
2022-10-14,23.265,23.2654,23.35,23.265,669
2022-10-17,23.21,23.3468,23.3468,23.21,680
2022-10-18,23.41,23.4401,23.4401,23.41,2112
2022-10-19,23.33,23.1528,23.33,23.125,3509
2022-10-20,22.99,22.8713,23.2127,22.8713,1849
2022-10-21,23.33,23.99,23.99,23.33,1012
2022-10-24,24.45,25.1408,25.2,24.45,7016
2022-10-25,26.98,26.9443,27.27,26.88,12542
2022-10-26,27.46,26.7926,27.46,26.67,7230
2022-10-27,27.91,28.5285,28.65,27.91,15256
2022-10-28,28.75,28.8749,28.8749,28.51,11477
2022-10-31,28.14,27.7682,28.14,27.59,2944
2022-11-01,26.555,26.797,26.95,26.35,1861
2022-11-02,26.58,26.589,26.94,26.58,552
2022-11-03,26.23,26.3082,26.3304,26.12,3552
2022-11-04,27.0,26.9715,27.19,26.66,16420
2022-11-07,27.19,27.6291,27.654,27.18,2716
2022-11-08,27.14,27.2665,27.2665,27.0399,847
2022-11-09,26.0,25.795,26.0,25.75,2718
2022-11-10,26.5,26.4894,26.5,26.33,2294
2022-11-11,27.9325,27.9218,27.9766,27.92,3316
2022-11-14,27.49,27.7818,27.7818,27.49,985
2022-11-15,27.7,28.3,28.47,27.7,1401
2022-11-16,27.59,27.4621,27.59,27.11,6067
2022-11-17,26.75,26.8226,26.91,26.58,3598
2022-11-18,26.69,26.6108,26.7005,26.6,1751
2022-11-21,27.19,27.1062,27.265,27.1062,295
2022-11-22,27.05,27.22,27.22,27.05,3231
2022-11-23,28.14,28.294,28.38,28.14,1744
2022-11-25,28.77,29.21,29.3,28.6505,17814
2022-11-28,28.7,29.0854,29.21,28.69,1251
2022-11-29,29.841,29.8958,29.91,29.841,3681
2022-11-30,31.0,31.6111,31.6111,30.875,9101
2022-12-01,32.35,30.88,32.35,30.805,779
2022-12-02,32.26,32.583,32.583,31.785,18695
2022-12-05,33.0,32.5014,33.0,32.4301,5700
2022-12-06,33.25,33.0137,33.33,32.925,93944
2022-12-07,32.9,32.9038,32.97,32.04,2514
2022-12-08,33.16,33.3904,33.45,33.04,12321
2022-12-09,32.81,33.04,33.179,32.801,17912
2022-12-12,33.5,33.755,33.8225,33.5,4262
2022-12-13,33.63,33.6621,33.76,33.22,6869
2022-12-14,32.62,32.9627,32.99,32.62,4326
2022-12-15,32.35,32.22,32.385,32.2101,4422
2022-12-16,31.9,31.6259,31.9,31.615,2856
2022-12-19,31.91,31.7494,31.91,31.53,7156
2022-12-20,32.9,32.73,33.24,32.73,5352
2022-12-21,32.41,31.905,32.41,31.7701,35323
2022-12-22,32.63,32.465,32.63,32.29,2758
2022-12-23,32.4899,32.5,32.5,32.31,4161
2022-12-27,32.1,32.2528,32.42,31.8,162866
2022-12-28,31.33,31.4906,31.68,31.33,1299
2022-12-29,31.0,31.1278,31.2,30.81,68036
2022-12-30,30.4,30.35,30.46,29.61,225930
2023-01-03,30.47,30.463,30.53,30.27,23415
2023-01-04,29.44,28.5,29.44,28.18,402694
2023-01-05,28.39,28.656,29.0,28.27,187443
2023-01-06,28.5,28.1823,28.53,28.0801,252866
2023-01-09,29.14,29.98,30.02,29.14,347716
2023-01-10,29.6599,29.6331,29.6599,29.46,3887
2023-01-11,29.25,28.9,29.25,28.85,220108
2023-01-12,29.3001,29.74,29.87,29.3001,156137
2023-01-13,29.17,29.5911,29.65,28.94,28102
2023-01-17,29.35,29.21,29.73,29.19,45758
2023-01-18,30.45,30.88,31.01,30.45,109904
2023-01-19,31.27,31.2122,31.27,30.98,5241
2023-01-20,31.36,31.6493,31.67,31.33,38630
2023-01-23,31.51,31.47,31.76,31.34,16590
2023-01-24,30.84,30.46,30.84,30.39,86288
2023-01-25,30.9,31.8,31.8,30.9,17605
2023-01-26,33.09,33.4807,33.49,32.85,27184
2023-01-27,33.55,33.26,33.74,33.08,68330
2023-01-30,33.48,33.22,33.611,33.22,9422
2023-01-31,34.04,34.6,34.8,34.04,104268
2023-02-01,35.37,36.19,36.38,35.37,75406
2023-02-02,35.15,35.0,35.17,34.29,85293
2023-02-03,34.85,34.65,35.24,34.64,20707
2023-02-06,33.95,33.3948,34.0,33.25,161185
2023-02-07,32.98,33.2126,33.28,32.61,48452
2023-02-08,33.05,32.9503,33.15,32.74,24509
2023-02-09,33.52,33.4568,33.67,33.36,13052
2023-02-10,33.84,34.01,34.18,33.7,54456
2023-02-13,33.8,33.7288,33.8,33.49,9717
2023-02-14,33.46,33.5872,33.79,33.335,4472
2023-02-15,34.0,34.425,34.5,34.0,8522
2023-02-16,35.025,35.56,35.79,35.025,8530
2023-02-17,34.93,35.0967,35.3,34.86,27182
2023-02-21,36.28,36.3275,36.64,36.26,68626
2023-02-22,35.61,34.6789,35.82,34.64,139495
2023-02-23,35.2,35.04,35.34,34.77,129634
2023-02-24,35.29,35.1033,35.45,35.0,11401
2023-02-27,35.52,36.19,36.35,35.48,82878
2023-02-28,36.07,35.6,36.07,35.6,8557
2023-03-01,35.0,35.23,35.34,34.89,162367
2023-03-02,34.12,33.4542,34.12,33.43,105071
2023-03-03,33.38,33.5,34.4999,33.04,153027
2023-03-06,33.82,33.6073,33.8899,33.44,116799
2023-03-07,34.9,34.26,34.9,34.191,87487
2023-03-08,34.59,35.0257,35.18,34.59,45262
2023-03-09,35.14,35.55,35.5668,35.13,62914
2023-03-10,35.76,35.99,36.27,35.5,50572
2023-03-13,35.21,34.78,35.44,34.58,59515
2023-03-14,34.15,33.77,34.31,33.68,29899
2023-03-15,32.23,32.05,32.26,31.75,71006
2023-03-16,31.07,31.56,31.84,30.96,95193
2023-03-17,31.48,31.92,32.04,31.03,19385
2023-03-20,31.49,31.79,32.34,31.34,42272
2023-03-21,33.04,33.0821,33.5,32.77,22647
2023-03-22,32.58,32.9781,33.3389,32.57,56074
2023-03-23,34.2,34.34,34.79,34.16,42702
2023-03-24,31.87,32.04,32.27,31.6901,24954
2023-03-27,31.83,32.25,32.36,31.76,56282
2023-03-28,32.58,32.86,32.96,32.56,20129
2023-03-29,32.99,33.15,33.2,32.97,11552
2023-03-30,33.5,33.58,33.88,33.5,12596
2023-03-31,34.06,34.06,34.205,33.8611,17232
2023-04-03,35.15,35.36,35.56,35.035,100777
2023-04-04,35.47,35.11,35.563,35.06,10907
2023-04-05,35.62,35.965,36.06,35.57,8399
2023-04-06,35.85,35.29,36.0,35.06,5450
2023-04-10,35.82,35.75,35.82,35.5,58443
2023-04-11,36.13,36.05,36.2152,36.05,7284
2023-04-12,35.63,35.82,35.95,35.58,15888
2023-04-13,35.58,35.5052,35.81,35.395,13699
2023-04-14,35.28,35.1,35.33,34.87,11166
2023-04-17,34.54,34.42,34.54,34.1,81187
2023-04-18,35.12,35.51,35.65,35.12,22353
2023-04-19,35.97,35.1825,35.97,35.08,12114
2023-04-20,34.17,34.24,34.26,34.0601,18768
2023-04-21,33.81,33.49,33.81,33.47,6319
2023-04-24,32.96,33.45,33.46,32.78,26944
2023-04-25,32.97,32.32,33.02,32.2501,9241
2023-04-26,32.41,32.39,32.41,32.05,3171
2023-04-27,32.31,32.76,32.76,32.14,24644
2023-04-28,32.73,32.9153,32.9153,32.68,8424
2023-05-01,32.34,31.88,32.34,31.871,10800
2023-05-02,33.49,33.16,33.58,32.97,26733
2023-05-03,31.8,32.17,32.32,31.8,12511
2023-05-04,32.12,31.8,32.12,31.6508,11072
2023-05-05,31.89,32.01,32.03,31.89,2303
2023-05-08,32.1,32.05,32.1899,32.05,2841
2023-05-09,32.19,32.73,32.8,32.13,26782
2023-05-10,33.5,33.38,33.5,33.15,3738
2023-05-11,32.98,32.875,32.98,32.84,855
2023-05-12,32.84,32.752,32.915,32.7,3446
2023-05-15,32.2,32.1998,32.24,32.0901,5782
2023-05-16,32.61,32.7848,32.7848,32.61,1584
2023-05-17,32.25,32.492,32.492,32.25,1280
2023-05-18,32.6,32.7806,32.8299,32.59,3131
2023-05-19,33.16,32.795,33.25,32.76,6054
2023-05-22,32.072,32.104,32.115,32.072,630
2023-05-23,31.41,31.2,31.41,31.15,9106
2023-05-24,31.24,30.99,31.24,30.88,15618
2023-05-25,30.3,30.1531,30.3,29.96,28222
2023-05-26,29.95,30.253,30.253,29.79,10909
2023-05-30,29.32,29.2402,29.3899,29.1075,9778
2023-05-31,29.18,29.3023,29.44,29.1,8113
2023-06-01,29.01,28.8031,29.05,28.5001,5864
2023-06-02,29.16,28.6333,29.16,28.6333,1482
2023-06-05,29.86,28.6333,30.2,29.72,4533
2023-06-06,29.66,29.63,29.72,29.55,5479
2023-06-07,29.98,30.35,30.47,29.98,4937
2023-06-08,30.32,30.5679,30.57,30.32,3781
2023-06-09,31.48,31.466,31.81,31.33,21660
2023-06-12,31.76,32.2372,32.26,31.76,6827
2023-06-13,32.72,33.2473,33.2473,32.72,3275
2023-06-14,34.21,34.49,34.65,34.18,13227
2023-06-15,34.39,34.5808,34.5808,34.37,3747
2023-06-16,34.37,34.1708,34.37,34.13,2061
2023-06-20,35.38,35.0402,35.61,35.02,5950
2023-06-21,33.98,33.83,34.25,33.71,16093
2023-06-22,33.55,33.9239,33.95,33.44,5587
2023-06-23,32.86,32.4188,32.86,32.33,5394
2023-06-26,32.131,32.0371,32.131,31.94,25903
2023-06-27,32.73,33.2227,33.2227,32.72,1601
2023-06-28,32.44,32.6914,32.8,32.44,1223
2023-06-29,32.59,32.5077,32.73,32.45,3051
2023-06-30,33.02,33.2403,33.3123,33.02,1430
2023-07-03,32.63,32.5387,32.63,32.325,2764
2023-07-05,32.19,31.8237,32.19,31.8237,4987
2023-07-06,31.75,32.0097,32.0097,31.75,2281
2023-07-07,32.04,32.22,32.22,32.04,4058
2023-07-10,32.09,32.4799,32.4799,32.071,12688
2023-07-11,32.59,32.7469,32.7469,32.59,6427
2023-07-12,32.78,32.6893,32.975,32.6893,3928
2023-07-13,32.87,33.06,33.0883,32.83,12105
2023-07-14,33.511,33.1821,33.511,33.1,1006
2023-07-17,33.0701,33.3963,33.42,33.0701,2077
2023-07-18,33.4,33.8689,33.8689,33.3501,4520
2023-07-19,34.03,34.0811,34.11,34.03,3796
2023-07-20,34.79,34.4639,34.8,34.3,10952
2023-07-21,34.7,34.844,34.8899,34.66,3291
2023-07-24,34.3,34.57,34.58,34.3,2321
2023-07-25,34.721,34.833,34.86,34.22,22876
2023-07-26,34.36,34.2628,34.47,34.2628,1871
2023-07-27,34.15,33.9348,34.1504,33.9348,4036
2023-07-28,33.3,33.3236,33.3236,33.3,922
2023-07-31,32.74,32.5817,32.74,32.5,2775
2023-08-01,32.28,31.7395,32.28,31.61,8639
2023-08-02,31.3,31.0651,31.3,31.01,14445
2023-08-03,31.6,31.6044,31.72,31.58,4071
2023-08-04,31.55,31.3131,31.55,31.3131,5306
2023-08-07,31.15,31.127,31.2,31.0,2866
2023-08-08,31.33,31.5512,31.58,31.325,2660
2023-08-09,31.4957,31.4957,31.4957,31.4957,322
2023-08-10,31.96,31.7252,31.96,31.63,2581
2023-08-11,32.02,32.4282,32.44,32.02,8683
2023-08-14,32.35,32.6757,32.78,32.35,4360
2023-08-15,32.57,32.3023,32.57,32.3023,1715
2023-08-16,33.0,32.7445,33.149,32.66,5699
2023-08-17,33.14,32.87,33.14,32.86,2423
2023-08-18,32.52,32.65,32.65,32.52,1518
2023-08-21,32.591,32.6241,32.64,32.59,1948
2023-08-22,33.33,33.04,33.35,33.031,6836
2023-08-23,32.34,32.6105,32.6105,32.34,2792
2023-08-24,31.69,31.4,32.04,31.4,3419
2023-08-25,31.51,31.4107,31.56,31.12,8614
2023-08-28,31.41,31.5301,31.56,31.41,3773
2023-08-29,31.37,31.5449,31.5449,31.31,1901
2023-08-30,31.9174,32.02,32.21,31.8901,8932
2023-08-31,31.79,31.7813,31.81,31.7,7883
2023-09-01,31.29,31.4539,31.4539,31.29,1937
2023-09-05,30.68,30.605,30.68,30.54,9904
2023-09-06,30.705,30.59,30.705,30.49,8723
2023-09-07,30.33,30.3274,30.33,30.12,4556
2023-09-08,30.06,29.7102,30.1,29.67,3826
2023-09-11,30.0,29.9648,30.0,29.9648,410
2023-09-12,29.75,29.6527,29.75,29.59,1902
2023-09-13,30.2799,30.6301,30.67,30.06,20781
2023-09-14,30.08,30.015,30.21,30.015,8448
2023-09-15,29.8301,29.7317,29.8301,29.7317,735
2023-09-18,29.37,29.46,29.59,29.37,3949
2023-09-19,29.41,29.5297,29.5297,29.41,1380
2023-09-20,30.06,29.9423,30.2,29.9423,3132
2023-09-21,30.36,30.525,30.545,30.36,2705
2023-09-22,30.97,30.8297,31.01,30.72,11452
2023-09-25,30.53,30.4945,30.68,30.4945,2534
2023-09-26,30.04,29.6605,30.04,29.62,2418
2023-09-27,29.22,29.19,29.41,29.19,2637
2023-09-28,29.61,29.7907,29.7907,29.61,1156
2023-09-29,29.12,29.1869,29.1869,29.12,4353
2023-10-02,29.0,28.884,29.0,28.74,6763
2023-10-03,28.51,28.4765,28.51,28.405,1309
2023-10-04,29.16,29.31,29.39,29.16,11035
2023-10-05,28.91,29.1256,29.1256,28.85,9911
2023-10-06,28.6901,29.1928,29.1928,28.6901,3185
2023-10-09,29.321,29.5,29.5,29.285,17159
2023-10-10,30.62,30.62,30.74,30.62,21671
2023-10-11,30.81,30.37,30.835,30.361,2294
2023-10-12,30.6,30.7258,30.73,30.6,4951
2023-10-13,30.53,30.7757,30.9,30.53,7051
2023-10-16,30.0,30.2153,30.23,29.95,4677
2023-10-17,29.73,29.8978,29.8978,29.71,3447
2023-10-18,29.38,29.4358,29.4358,29.37,669
2023-10-19,29.55,29.649,29.8,29.52,11139
2023-10-20,29.38,29.605,29.63,29.37,4727
2023-10-23,29.07,29.308,29.34,29.07,3690
2023-10-24,29.32,29.31,29.32,29.229,3667
2023-10-25,28.88,28.8142,28.88,28.75,773
2023-10-26,28.73,28.6857,28.7301,28.65,685
2023-10-27,28.69,28.6501,28.76,28.65,2001
2023-10-30,28.65,28.58,28.65,28.43,2162
2023-10-31,28.54,28.7484,28.8,28.53,8420
2023-11-01,28.244,28.4386,28.4386,28.24,718
2023-11-02,27.91,28.65,28.73,27.89,6576
2023-11-03,28.7,28.3225,28.7,28.3109,1772
2023-11-06,28.04,27.8824,28.05,27.8,4948
2023-11-07,27.6312,27.6312,27.6312,27.6312,235
2023-11-08,27.801,27.7095,27.801,27.7095,6533
2023-11-09,28.14,28.2392,28.39,28.14,11225
2023-11-10,28.41,28.7306,28.75,28.41,5615
2023-11-13,28.3,28.2626,28.3148,28.24,1788
2023-11-14,29.06,29.3847,29.3847,29.06,10788
2023-11-15,29.71,29.6721,29.71,29.62,3275
2023-11-16,28.7945,28.77,28.7945,28.73,1189
2023-11-17,28.6164,28.6164,28.6164,28.6164,19
2023-11-20,28.88,28.8782,28.99,28.7,4174
2023-11-21,28.18,28.2571,28.2571,28.18,530
2023-11-22,28.08,28.1613,28.1613,28.08,13554
2023-11-24,28.92,28.7925,28.92,28.7925,572
2023-11-27,27.75,27.5586,27.831,27.48,7443
2023-11-28,27.7,27.4343,27.7,27.4343,10694
2023-11-29,27.25,26.7555,27.25,26.68,6620
2023-11-30,26.7,26.4451,26.7,26.41,3490
2023-12-01,27.1,27.0671,27.13,26.981,3242
2023-12-04,26.22,26.2374,26.29,26.14,7272
2023-12-05,25.71,25.5182,25.73,25.4,6321
2023-12-06,25.41,25.45,25.52,25.41,7019
2023-12-07,25.7,25.9449,25.99,25.7,509
2023-12-08,25.502,25.3449,25.502,25.22,4577
2023-12-11,24.65,24.86,24.9701,24.65,11771
2023-12-12,25.15,25.235,25.25,25.15,6251
2023-12-13,25.48,25.8177,25.8177,25.44,2390
2023-12-14,25.75,25.2626,25.75,25.17,6654
2023-12-15,24.95,23.526584,25.25,24.89,4989
2023-12-18,24.55,24.2854,24.55,24.1904,27237
2023-12-19,24.42,24.4316,24.4316,24.4,4237
2023-12-20,25.21,25.4478,25.78,25.21,12510
2023-12-21,26.67,26.7232,26.81,26.48,28237
2023-12-22,26.98,27.0,27.07,26.98,11198
2023-12-26,27.13,27.05,27.14,27.0406,3612
2023-12-27,27.54,27.5874,27.63,27.53,2817
2023-12-28,27.49,27.4912,27.6,27.4701,15380
2023-12-29,27.625,27.5642,27.71,27.51,4657
2024-01-02,26.3,26.155,26.3,25.76,23911
2024-01-03,26.41,26.646,26.646,26.41,2619
2024-01-04,26.13,26.14,26.19,26.09,2607
2024-01-05,26.31,26.2074,26.31,26.14,544
2024-01-08,25.23,24.8333,25.2398,24.77,19967
2024-01-09,24.92,24.92,24.92,24.72,11215
2024-01-10,24.21,24.33,24.34,23.98,12096
2024-01-11,23.74,23.68,23.74,23.3,15823
2024-01-12,22.76,22.7943,22.91,22.54,36148
2024-01-16,22.62,22.5226,22.675,22.5,5058
2024-01-17,21.82,21.87,21.87,21.5703,7872
2024-01-18,21.59,21.72,21.79,21.59,5323
2024-01-19,21.92,21.89,21.96,21.8114,3970
2024-01-22,21.1,21.38,21.5,21.1,16423
2024-01-23,21.44,21.6902,21.72,21.44,7066
2024-01-24,22.63,22.5782,22.71,22.55,3540
2024-01-25,21.75,21.75,21.75,21.71,2591
2024-01-26,21.65,21.605,21.68,21.5413,1752
2024-01-29,21.35,21.2,21.35,21.001,4891
2024-01-30,21.39,21.87,21.899,21.39,894
2024-01-31,21.93,21.9,22.0001,21.9,2619
2024-02-01,21.62,21.4093,21.62,21.39,10708
2024-02-02,21.9,21.6511,21.9,21.6511,787
2024-02-05,21.23,21.19,21.23,21.11,2621
2024-02-06,21.55,21.53,21.58,21.46,3786
2024-02-07,21.27,21.18,21.28,21.101,2345
2024-02-08,20.74,20.645,20.78,20.55,30654
2024-02-09,20.05,19.99,20.05,19.8313,8428
2024-02-12,19.35,19.3789,19.415,19.24,10496
2024-02-13,19.1,19.1,19.1113,18.815,8504
2024-02-14,19.06,19.1,19.16,18.92,5306
2024-02-15,19.87,19.722,19.91,19.591,10534
2024-02-16,19.131,19.3948,19.46,19.131,16340
2024-02-20,18.25,18.46,18.75,18.25,19209
2024-02-21,18.5,18.58,18.6495,18.36,57226
2024-02-22,18.02,17.94,18.1,17.84,61618
2024-02-23,17.73,17.96,18.0,17.64,29984
2024-02-26,18.18,18.41,18.51,18.18,20842
2024-02-27,18.75,19.185,19.27,18.75,7503
2024-02-28,20.08,19.5992,20.2,19.57,11260
2024-02-29,19.21,19.3,19.37,19.09,11446
2024-03-01,19.32,19.36,19.41,19.115,23185
2024-03-04,18.98,19.62,19.72,18.98,10678
2024-03-05,20.61,20.645,20.93,20.61,35419
2024-03-06,20.95,20.32,20.95,20.29,6007
2024-03-07,20.61,20.64,20.69,20.36,3751
2024-03-08,20.35,20.28,20.39,20.28,2881
2024-03-11,19.45,19.4715,19.48,19.34,23190
2024-03-12,19.25,19.7575,19.85,19.25,2635
2024-03-13,19.55,19.41,19.55,19.36,5995
2024-03-14,19.43,20.26,20.36,19.43,29314
2024-03-15,20.7,20.59,20.7,20.18,11287
2024-03-18,21.18,21.13,21.28,20.98,3536
2024-03-19,20.51,21.092,21.11,20.5,808
2024-03-20,20.8101,20.795,21.08,20.76,16247
2024-03-21,20.52,20.325,20.52,20.27,1078
2024-03-22,20.96,20.97,21.14,20.9,2037
2024-03-25,22.21,22.165,22.22,22.06,12702
2024-03-26,21.8,21.5385,21.8,21.2911,3001
2024-03-27,21.38,21.43,21.43,21.3612,833
2024-03-28,21.23,21.245,21.245,21.09,3883
2024-04-01,21.32,21.22,21.32,21.11,2574
2024-04-02,20.1,20.2,20.2,20.095,1305
2024-04-03,19.6,19.71,19.71,19.57,3245
2024-04-04,20.05,19.975,20.07,19.975,1901
2024-04-05,20.33,20.91,20.96,20.21,1556
2024-04-08,21.61,21.7726,21.8399,21.61,1082
2024-04-09,22.14,21.97,22.145,21.97,5790
2024-04-10,21.69,21.325,21.7,21.285,4661
2024-04-11,22.92,23.29,23.32,22.86,9237
2024-04-12,23.635,23.94,23.96,23.635,5297
2024-04-15,23.69,23.43,23.69,23.37,4049
2024-04-16,24.59,24.7861,24.91,24.59,23422
2024-04-17,23.46,23.6205,23.6205,23.2616,4360
2024-04-18,23.79,23.925,24.1,23.75,27240
2024-04-19,23.43,22.97,23.44,22.93,3479
2024-04-22,22.2,22.295,22.295,22.2,873
2024-04-23,22.11,22.3473,22.36,22.11,2101
2024-04-24,22.3201,22.505,22.505,22.3201,678
2024-04-25,23.13,23.1225,23.15,23.02,3986
2024-04-26,22.69,22.7452,22.78,22.66,3498
2024-04-29,22.05,22.24,22.31,22.05,1898
2024-04-30,23.27,23.275,23.33,23.15,11049
2024-05-01,22.77,22.865,22.95,22.7,1975
2024-05-02,24.25,24.56,24.62,24.24,5883
2024-05-03,24.91,24.455,24.92,24.43,2995
2024-05-06,24.85,25.085,25.16,24.85,1657
2024-05-07,24.36,24.04,24.36,24.04,1855
2024-05-08,24.51,24.3918,24.51,24.35,3482
2024-05-09,25.152,25.1094,25.152,25.1094,496
2024-05-10,24.44,24.42,24.4899,24.42,1123
2024-05-13,23.65,23.875,23.94,23.65,1988
2024-05-14,24.37,24.005,24.37,23.941,1038
2024-05-15,23.91,23.8648,23.91,23.8648,12922
2024-05-16,24.36,24.421,24.49,24.2,1822
2024-05-17,24.22,24.2851,24.4,24.22,5583
2024-05-20,25.4,25.57,25.78,25.4,9079
2024-05-21,26.0701,26.16,26.25,26.0701,5575
2024-05-22,26.2,26.2586,26.3,26.2,1416
2024-05-23,26.42,26.08,26.42,25.93,4376
2024-05-24,25.86,26.055,26.06,25.86,3276
2024-05-28,25.58,25.68,25.8599,25.58,2486
2024-05-29,25.21,25.24,25.33,25.2,2733
2024-05-30,25.4809,25.8948,25.98,25.4809,6468
2024-05-31,25.84,25.52,25.85,25.52,1022
2024-06-03,26.0,25.815,26.0,25.725,958
2024-06-04,25.05,25.08,25.145,25.011,4179
2024-06-05,25.0,24.81,25.08,24.7215,2374
2024-06-06,24.94,24.778,24.94,24.63,3879
2024-06-07,24.39,24.39,24.6099,24.39,7394
2024-06-10,23.87,24.16,24.21,23.79,3154
2024-06-11,23.9344,23.9344,23.9344,23.9344,128
2024-06-12,24.41,24.045,24.48,24.045,13167
2024-06-13,24.3501,24.045,24.3501,23.98,3307
2024-06-14,23.0918,23.1909,23.1909,23.0918,4627
2024-06-17,23.0701,23.139,23.15,23.051,1444
2024-06-18,23.1419,23.205,23.205,23.1419,454
2024-06-20,23.64,23.3849,23.64,23.35,1267
2024-06-21,22.88,22.9808,23.02,22.88,5288
2024-06-24,22.71,22.9,22.9,22.67,2826
2024-06-25,22.96,22.9,22.96,22.86,1211
2024-06-26,22.76,22.6017,22.76,22.6007,2313
2024-06-27,22.4301,22.445,22.445,22.4301,447
2024-06-28,22.79,22.76,22.8,22.71,998
2024-07-01,22.97,23.04,23.04,22.97,292
2024-07-02,23.73,23.985,24.0099,23.73,729
2024-07-03,23.96,23.9857,23.9857,23.95,1080
2024-07-05,23.92,23.9,23.92,23.88,638
2024-07-08,23.66,23.4151,23.66,23.4,2178
2024-07-09,23.29,23.21,23.29,23.21,418
2024-07-10,23.04,23.05,23.095,23.04,614
2024-07-11,23.32,23.39,23.39,23.32,1359
2024-07-12,23.23,23.79,23.7993,23.23,11153
2024-07-15,23.11,23.1035,23.18,23.1,1274
2024-07-16,23.18,23.31,23.31,23.18,1817
2024-07-17,22.9,22.865,22.9,22.85,727
2024-07-18,22.8,22.5964,22.86,22.54,7674
2024-07-19,22.6,22.5834,22.6,22.5201,2193
2024-07-22,22.32,22.195,22.32,22.06,7626
2024-07-23,22.4,22.435,22.435,22.4,232
2024-07-24,23.4,23.475,23.49,23.4,651
2024-07-25,23.0,22.8739,23.05,22.81,3446
2024-07-26,23.11,23.1,23.11,23.04,1093
2024-07-29,23.23,23.38,23.38,23.23,797
2024-07-30,23.0,23.2818,23.2818,23.0,1869
2024-07-31,23.4,23.5728,23.63,23.4,903
2024-08-01,24.1,24.131,24.2,24.04,2756
2024-08-02,24.14,24.2041,24.23,24.075,6019
2024-08-05,24.05,23.88,24.05,23.52,5523
2024-08-06,24.11,24.063,24.11,24.02,926
2024-08-07,24.38,24.37,24.4,24.3112,1283
2024-08-08,24.54,24.3743,24.54,24.25,1629
2024-08-09,24.1458,24.1458,24.1458,24.1458,64
2024-08-12,25.06,25.1316,25.1316,25.05,1569
2024-08-13,24.75,24.825,24.825,24.75,751
2024-08-14,25.145,25.03,25.145,25.03,1212
2024-08-15,24.98,24.9984,25.0,24.87,2039
2024-08-16,25.05,25.174,25.23,25.0,1695
2024-08-19,25.5,25.63,25.7099,25.5,4005
2024-08-20,25.79,25.8091,25.96,25.79,1866
2024-08-21,25.52,25.6422,25.71,25.36,11557
2024-08-22,25.06,25.2306,25.2306,25.06,385
2024-08-23,25.07,25.305,25.305,25.07,1752
2024-08-26,24.89,24.87,25.02,24.87,1026
2024-08-27,25.06,25.54,25.54,25.06,2598
2024-08-28,25.25,24.895,25.269,24.88,909
2024-08-29,24.71,24.8531,24.9787,24.71,511
2024-08-30,24.64,24.5308,24.7,24.5308,576
2024-09-03,23.95,23.8,24.08,23.75,5060
2024-09-04,23.76,23.4161,23.76,23.32,950
2024-09-05,23.21,23.24,23.24,23.21,227
2024-09-06,23.5,23.32,23.5,23.23,1463
2024-09-09,23.27,23.17,23.27,23.17,1749
2024-09-10,22.8111,22.8111,22.8111,22.8111,116
2024-09-11,23.1158,23.1158,23.1158,23.1158,61
2024-09-12,22.855,22.9156,22.9156,22.855,256
2024-09-13,22.6514,22.805,22.805,22.6514,560
2024-09-16,22.64,22.345,22.64,22.345,1123
2024-09-17,22.87,22.63,22.9798,22.63,780
2024-09-18,22.47,22.4408,22.57,22.33,2311
2024-09-19,22.2,22.305,22.305,22.1,1174
2024-09-20,22.3701,22.4716,22.59,22.3701,1548
2024-09-23,22.4,22.605,22.65,22.36,2769
2024-09-24,22.4,22.73,22.73,22.4,936
2024-09-25,22.7,23.0348,23.1,22.7,3967
2024-09-26,23.27,23.3924,23.46,23.24,4757
2024-09-27,23.51,23.505,23.51,23.46,842
2024-09-30,23.45,23.065,23.45,23.065,956
2024-10-01,22.43,22.5,22.58,22.23,9120
2024-10-02,22.19,22.15,22.19,22.15,536
2024-10-03,22.08,21.9665,22.08,21.5128,2780
2024-10-04,22.01,21.785,22.1,21.68,991
2024-10-07,21.62,22.07,22.07,21.62,2204
2024-10-08,21.5,21.325,21.5,21.325,592
2024-10-09,21.715,22.135,22.135,21.715,900
2024-10-10,22.91,22.905,22.97,22.905,582
2024-10-11,22.82,22.88,22.9,22.78,1532
2024-10-14,23.08,23.1688,23.23,23.08,3468
2024-10-15,22.87,22.885,22.885,22.821,441
2024-10-16,22.22,22.0791,22.22,22.04,1000
2024-10-17,21.99,21.945,21.999,21.89,729
2024-10-18,21.875,21.875,21.875,21.875,15
2024-10-21,21.4506,21.5,21.5,21.4506,356
2024-10-22,21.58,21.6071,21.6747,21.58,9151
2024-10-23,22.55,22.55,22.55,22.55,201
2024-10-24,23.291,23.1952,23.31,23.19,1448
2024-10-25,23.28,23.1703,23.28,23.1703,1633
2024-10-28,22.8801,23.147,23.147,22.8801,548
2024-10-29,23.36,23.2608,23.36,23.25,261
2024-10-30,22.99,23.01,23.01,22.99,186
2024-10-31,22.89,22.375,22.89,22.31,693
2024-11-01,22.275,22.3242,22.39,22.22,21986
2024-11-04,22.94,22.97,22.97,22.93,2647
2024-11-05,22.8,22.635,22.8,22.56,3401
2024-11-06,21.71,22.1305,22.15,21.633,4250
2024-11-07,22.64,22.9778,23.02,22.5,7000
2024-11-08,23.36,23.2879,23.5,23.27,811
2024-11-11,23.17,23.12,23.17,23.0,705
2024-11-12,22.95,22.8414,22.95,22.75,1876
2024-11-13,22.2674,22.3537,22.36,22.2674,2544
2024-11-14,22.84,22.9291,22.9291,22.84,2550
2024-11-15,22.91,22.6673,22.91,22.6509,1760
2024-11-18,23.53,23.58,23.58,23.5115,1689
2024-11-19,23.26,23.1657,23.26,23.04,404
2024-11-20,22.96,22.9801,22.9801,22.96,1537
2024-11-21,23.56,23.54,23.67,23.51,4936
2024-11-22,23.05,22.9074,23.05,22.87,540
2024-11-25,23.6,23.4204,23.6,23.39,905
2024-11-26,23.1,23.0008,23.17,22.9145,2052
2024-11-27,22.97,23.1149,23.1149,22.97,196
2024-11-29,23.0594,23.0594,23.0594,23.0594,14
2024-12-02,22.8113,22.9817,22.9817,22.8113,724
2024-12-03,23.04,22.915,23.08,22.915,827
2024-12-04,22.81,22.79,22.9,22.79,3923
2024-12-05,22.6973,22.7722,22.7722,22.6973,2852
2024-12-06,22.94,23.165,23.165,22.935,6542
2024-12-09,22.41,22.45,22.56,22.38,3130
2024-12-10,22.83,23.05,23.05,22.83,1753
2024-12-11,22.94,23.0373,23.06,22.94,682
2024-12-12,21.87,21.915,21.915,21.87,2654
2024-12-13,21.76,21.6058,21.76,21.6058,1386
2024-12-16,21.29,19.568417,21.29,21.2,1749
2024-12-17,19.5,19.3401,19.5,19.235,9630
2024-12-18,19.48,19.02,19.48,19.02,10336
2024-12-19,19.9,19.955,19.955,19.89,1149
2024-12-20,20.0,20.0694,20.0694,19.96,11952
2024-12-23,20.63,20.64,20.67,20.58,8825
2024-12-24,20.61,20.604,20.61,20.604,1142
2024-12-26,20.58,20.695,20.7499,20.58,7841
2024-12-27,21.12,21.26,21.3,21.12,319
2024-12-30,21.195,21.275,21.275,21.195,1798
2024-12-31,21.52,21.705,21.72,21.52,1575
2025-01-02,22.0,22.28,22.28,22.0,1959
2025-01-03,22.46,22.48,22.48,22.41,2921
2025-01-06,22.04,21.9597,22.09,21.86,2317
2025-01-07,21.76,21.94,21.94,21.76,1019
2025-01-08,21.43,21.2,21.43,21.2,2971
2025-01-10,21.88,21.83,21.88,21.8,1568
2025-01-13,22.3,22.41,22.41,22.3,1345
2025-01-14,22.251,22.6885,22.695,22.241,3488
2025-01-15,23.0,23.015,23.0499,22.7,3497
2025-01-16,22.915,22.915,22.915,22.915,424
2025-01-17,23.31,23.3,23.31,23.3,2346
2025-01-21,23.5,23.7764,23.85,23.5,16123
2025-01-22,23.3801,23.48,23.49,23.3801,893
2025-01-23,24.03,24.03,24.03,24.03,818
2025-01-24,24.32,24.45,24.47,24.29,10207
2025-01-27,23.805,23.735,23.805,23.6701,773
2025-01-28,23.88,23.945,23.945,23.88,1382
2025-01-29,24.48,24.71,24.94,24.48,4487
2025-01-30,24.5769,24.47,24.5769,24.45,904
2025-01-31,24.93,24.7905,24.98,24.7905,711
2025-02-03,23.59,23.9551,23.97,23.59,1420
2025-02-04,24.13,23.9708,24.13,23.9708,133
2025-02-05,24.085,24.0548,24.09,24.0001,826
2025-02-06,24.17,24.245,24.26,24.17,1101
2025-02-07,24.28,24.2356,24.28,24.1819,1622
2025-02-10,24.44,24.42,24.461,24.38,2028
2025-02-11,24.36,24.285,24.36,24.19,406
2025-02-12,23.88,24.045,24.045,23.72,7847
2025-02-13,23.33,23.29,23.45,23.09,7543
2025-02-14,23.86,23.918,23.918,23.86,3399
2025-02-18,23.87,22.605,23.87,22.34,3006
2025-02-19,21.85,21.915,21.915,21.85,398
2025-02-20,21.77,21.69,21.801,21.62,2588
2025-02-21,22.0,22.02,22.1,21.9501,6106
2025-02-24,21.97,22.07,22.07,21.76,3563
2025-02-25,21.46,21.4751,21.4751,21.46,1259
2025-02-26,21.41,21.35,21.41,21.28,5553
2025-02-27,21.7,21.6723,21.72,21.6,982
2025-02-28,21.185,21.0715,21.25,20.97,3851
2025-03-03,21.39,21.3201,21.45,21.3,887
2025-03-04,20.6,20.7637,20.7637,20.58,4463
2025-03-05,21.08,21.0671,21.2199,20.96,2721
2025-03-06,20.83,20.6851,20.83,20.65,489
2025-03-07,21.07,21.1524,21.1999,21.07,647
2025-03-10,21.4,21.33,21.4,21.31,977
2025-03-11,21.08,21.351,21.395,21.075,3942
2025-03-12,21.5,21.5716,21.6581,21.5,2737
2025-03-13,22.0,21.8055,22.2,21.74,8750
2025-03-14,22.24,22.02,22.24,21.525,5386
2025-03-17,21.97,21.8989,21.97,21.79,1677
2025-03-18,22.15,22.2499,22.2499,22.1,8229
2025-03-19,22.74,23.0651,23.0651,22.74,3303
2025-03-20,22.5825,22.635,22.69,22.5301,1678
2025-03-21,22.36,21.98,22.36,21.98,1322
2025-03-24,22.04,22.0752,22.0752,21.9726,798
2025-03-25,22.005,21.6807,22.005,21.65,3180
2025-03-26,21.68,21.7202,21.78,21.68,16412
2025-03-27,21.09,21.0,21.15,21.0,1664
2025-03-28,21.08,21.26,21.351,21.08,1362
2025-03-31,20.92,21.07,21.125,20.77,9069
2025-04-01,21.65,21.61,21.65,20.89,26029
2025-04-02,21.24,21.24,21.29,21.22,1744
2025-04-03,20.56,20.57,20.72,20.4801,19534
2025-04-04,19.485,19.8298,19.89,19.48,2505
2025-04-07,19.46,19.28,20.04,19.17,2179
2025-04-08,19.4614,19.2078,19.4614,19.12,3298
2025-04-09,19.08,19.82,19.82,19.08,12534
2025-04-10,19.75,19.8084,19.9,19.55,3454
2025-04-11,20.665,20.9,20.93,20.665,2216
