2018-10-04,10.0,10.16,11.1,9.72,2409436
2018-10-05,10.35,10.43,10.79,10.1,192292
2018-10-08,10.5,10.02,10.5,9.25,117958
2018-10-09,9.9,9.9,9.994,9.61,44275
2018-10-10,9.96,9.7,10.0,9.65,79973
2018-10-11,9.95,9.9,9.99,9.66,30689
2018-10-12,10.1,10.05,10.1,9.9,52096
2018-10-15,10.05,9.98,10.05,9.9,28175
2018-10-16,10.2,9.97,10.2,9.9,34365
2018-10-17,9.85,9.89,9.945,9.81,22333
2018-10-18,9.84,9.74,9.93,9.501,118871
2018-10-19,9.85,9.7,9.9367,9.28,50498
2018-10-22,9.76,9.88,10.1273,9.6,75516
2018-10-23,9.75,9.61,9.99,9.5,42626
2018-10-24,9.64,9.27,9.95,9.25,134393
2018-10-25,9.25,9.56,9.94,9.25,42866
2018-10-26,9.59,9.98,10.13,9.4573,37467
2018-10-29,9.99,9.75,10.2,9.33,93875
2018-10-30,9.73,9.88,9.99,9.325,146831
2018-10-31,9.94,9.91,9.99,9.75,152746
2018-11-01,9.9,9.99,10.13,9.71,172189
2018-11-02,10.0,9.79,10.07,9.56,45062
2018-11-05,9.82,9.39,10.03,9.39,59953
2018-11-06,9.3,9.13,9.86,8.98,54302
2018-11-07,8.96,8.82,9.105,8.14,88736
2018-11-08,8.71,8.85,8.99,8.7,32974
2018-11-09,8.36,8.64,9.0,8.36,68066
2018-11-12,8.64,8.0,8.64,7.82,53387
2018-11-13,8.0,8.15,8.265,8.0,50963
2018-11-14,8.17,8.64,9.4009,8.17,90720
2018-11-15,8.59,8.7,9.28,8.59,37865
2018-11-16,8.54,9.56,9.69,8.26,74958
2018-11-19,9.6,8.79,9.6,8.72,57348
2018-11-20,8.04,7.77,8.935,7.76,113176
2018-11-21,7.8,9.77,9.77,7.8,39209
2018-11-23,9.7,9.5,9.7,9.05,7965
2018-11-26,9.1203,9.28,9.4,9.0,90816
2018-11-27,9.32,9.38,9.56,9.04,27455
2018-11-28,9.35,9.22,9.4,8.7401,32447
2018-11-29,9.23,9.01,9.23,8.89,45464
2018-11-30,9.07,9.25,9.45,8.65,37242
2018-12-03,9.37,7.95,9.68,7.95,106526
2018-12-04,7.93,7.6,8.28,7.38,61670
2018-12-06,7.54,9.3,9.315,7.2501,87360
2018-12-07,9.33,10.0,10.5,8.2201,142863
2018-12-10,10.0,8.45,10.0,8.36,35732
2018-12-11,8.46,8.66,8.75,8.205,29658
2018-12-12,8.56,8.23,8.56,7.775,38434
2018-12-13,8.07,7.71,8.26,7.51,30290
2018-12-14,7.65,7.01,7.65,6.74,51936
2018-12-17,7.1,6.66,7.3,6.5,53311
2018-12-18,6.75,6.82,8.0085,6.75,100497
2018-12-19,6.76,6.68,6.93,6.55,106153
2018-12-20,6.51,6.52,6.87,5.95,164460
2018-12-21,6.55,6.11,6.55,5.65,930906
2018-12-24,6.41,7.34,7.67,6.15,60623
2018-12-26,7.42,8.22,9.34,6.64,126481
2018-12-27,8.06,7.25,8.19,7.035,93176
2018-12-28,7.23,6.62,7.25,6.5,157712
2018-12-31,6.65,7.1,7.32,6.5,62539
2019-01-02,7.06,7.34,7.86,6.5526,66545
2019-01-03,7.32,7.93,7.95,6.84,66730
2019-01-04,8.07,7.55,8.07,7.08,73589
2019-01-07,7.61,8.16,8.25,7.56,24920
2019-01-08,8.24,8.93,8.95,7.72,56921
2019-01-09,8.91,9.44,9.7,8.78,50284
2019-01-10,9.37,9.08,10.0,8.7,18541
2019-01-11,9.05,9.0,9.3644,8.5101,28084
2019-01-14,8.8931,8.6,8.8931,8.2812,29173
2019-01-15,8.62,8.39,8.62,8.15,34241
2019-01-16,8.4,8.61,8.77,8.3449,100450
2019-01-17,8.57,8.39,8.6245,8.11,12116
2019-01-18,8.43,8.5,8.88,8.37,65591
2019-01-22,8.47,8.19,8.83,8.13,53743
2019-01-23,8.15,7.92,8.59,7.74,15929
2019-01-24,7.9,7.86,8.4758,7.6,26482
2019-01-25,8.14,8.0,8.54,7.8,13123
2019-01-28,8.0,8.13,8.4995,8.0,10691
2019-01-29,8.15,7.99,8.21,7.94,18905
2019-01-30,7.91,7.99,8.115,7.91,12768
2019-01-31,8.0,7.68,8.14,7.5,19478
2019-02-01,7.34,7.86,8.03,7.34,20864
2019-02-04,7.59,7.5,7.99,7.32,36313
2019-02-05,7.32,7.5,7.8497,7.2001,22568
2019-02-06,7.5,7.5,8.22,7.47,79326
2019-02-07,7.5,7.15,8.1434,7.13,19050
2019-02-08,7.14,7.0,7.44,6.86,24098
2019-02-11,7.05,6.75,7.19,6.52,37324
2019-02-12,6.98,7.0,7.2796,6.8027,61617
2019-02-13,6.99,6.9,8.0,6.745,31429
2019-02-14,6.91,6.76,7.05,6.74,56041
2019-02-15,6.9,6.85,7.05,6.85,114280
2019-02-19,6.95,6.83,7.6752,6.77,84318
2019-02-20,7.13,7.0,8.27,6.9,117972
2019-02-21,7.08,6.76,7.1,6.75,45177
2019-02-22,6.9,7.0,7.27,6.9,53664
2019-02-25,7.05,6.89,7.4,6.83,69630
2019-02-26,6.93,6.98,7.12,6.88,59136
2019-02-27,6.91,6.99,7.2367,6.9,218179
2019-02-28,7.0,7.0,7.3143,6.94,187494
2019-03-01,7.15,7.07,7.32,6.91,198651
2019-03-04,7.07,6.99,7.17,6.9,141164
2019-03-05,7.0,6.96,7.095,6.9,43189
2019-03-06,6.94,6.99,7.07,6.81,62141
2019-03-07,6.98,6.47,7.0155,6.24,108940
2019-03-08,6.46,6.51,6.805,6.35,62355
2019-03-11,6.65,6.78,6.93,6.47,94234
2019-03-12,6.87,6.66,7.09,6.45,44384
2019-03-13,6.81,6.95,7.15,6.725,136584
2019-03-14,7.01,7.0,7.055,6.79,88527
2019-03-15,7.01,6.97,7.18,6.86,102601
2019-03-18,6.97,6.99,7.09,6.8039,66181
2019-03-19,7.0,7.02,7.15,6.95,90071
2019-03-20,7.05,6.99,7.23,6.99,144441
2019-03-21,7.0,6.83,7.11,6.815,36989
2019-03-22,6.75,6.6,6.97,6.39,55068
2019-03-25,6.61,6.43,6.7,6.26,48744
2019-03-26,6.43,7.0,7.046,6.407,62650
2019-03-27,6.99,6.67,7.0099,6.54,46401
2019-03-28,6.55,6.62,7.23,6.47,32137
2019-03-29,6.75,6.53,6.75,6.4709,33458
2019-04-01,6.53,6.45,6.685,6.375,82089
2019-04-02,6.47,6.2,6.47,5.86,164219
2019-04-03,6.2,6.31,6.55,6.01,91564
2019-04-04,6.32,6.85,6.97,6.32,77762
2019-04-05,6.95,6.5,7.15,6.475,199449
2019-04-08,6.92,6.92,7.25,6.65,265804
2019-04-09,6.95,7.06,7.18,6.845,27247
2019-04-10,7.0,6.99,7.12,6.85,36418
2019-04-11,6.94,7.155,7.2159,6.9,90851
2019-04-12,7.15,7.06,7.16,6.8222,36114
2019-04-15,7.1527,6.98,7.1527,6.9222,35843
2019-04-16,6.91,7.02,7.1,6.9,50526
2019-04-17,7.0,6.98,7.15,6.92,159372
2019-04-18,6.98,7.35,7.38,6.88,48272
2019-04-22,7.34,7.16,7.4473,6.95,53839
2019-04-23,7.163,7.2,7.28,7.1,28303
2019-04-24,7.2,7.42,7.5,7.08,139893
2019-04-25,7.24,7.35,7.5,7.24,42396
2019-04-26,7.3968,7.41,7.49,7.2275,15619
2019-04-29,7.41,7.3,7.5,7.2,20001
2019-04-30,7.24,7.42,7.46,7.1724,40899
2019-05-01,7.37,7.45,7.45,7.2,27314
2019-05-02,7.5,7.43,7.5,7.2225,50604
2019-05-03,7.45,7.55,7.6,7.36,75696
2019-05-06,7.5,7.49,7.5,7.41,51709
2019-05-07,7.36,7.25,7.5,7.1207,67409
2019-05-08,7.25,7.44,7.5,7.22,37035
2019-05-09,7.35,7.47,7.5,7.31,48518
2019-05-10,7.39,7.49,7.5,7.39,59301
2019-05-13,7.4,7.47,7.5,7.32,49009
2019-05-14,7.49,7.5,7.5,7.42,38625
2019-05-15,7.64,7.72,8.3,7.4025,201674
2019-05-16,7.89,8.66,8.89,7.4252,158412
2019-05-17,8.69,9.01,9.407,8.63,269801
2019-05-20,9.0,8.86,9.11,8.8,111083
2019-05-21,8.96,9.1,9.1,8.96,95446
2019-05-22,9.12,10.24,10.7065,9.12,145901
2019-05-23,10.21,10.0,10.25,9.48,129436
2019-05-24,10.0,9.53,10.13,9.425,55505
2019-05-28,9.53,9.6,9.9,9.42,31725
2019-05-29,9.48,9.94,10.105,9.48,78381
2019-05-30,10.0,9.57,10.1,9.42,86932
2019-05-31,9.34,9.88,9.98,8.9461,130147
2019-06-03,9.83,10.13,10.31,9.72,166791
2019-06-04,10.32,10.35,10.5,10.15,121132
2019-06-05,10.4,10.22,10.43,10.09,116952
2019-06-06,10.3,10.29,10.49,9.98,68351
2019-06-07,10.325,10.29,10.34,9.83,108349
2019-06-10,10.34,11.6,11.735,10.34,388193
2019-06-11,11.76,11.17,11.76,10.9,228348
2019-06-12,11.17,11.8,12.16,11.17,155957
2019-06-13,11.88,11.95,13.0,11.6279,271057
2019-06-14,11.78,11.97,12.0,11.43,149267
2019-06-17,12.0,12.0,12.07,11.84,145082
2019-06-18,12.03,11.7,12.1,11.55,151399
2019-06-19,11.76,11.95,12.435,11.705,252022
2019-06-20,12.1,11.99,12.31,11.5807,236125
2019-06-21,11.62,12.0,12.42,11.2284,345955
2019-06-24,11.91,11.49,12.0447,11.42,187126
2019-06-25,11.55,11.4,11.94,11.33,257129
2019-06-26,11.52,11.46,11.73,11.38,100284
2019-06-27,11.53,11.21,11.71,11.1976,250494
2019-06-28,11.21,11.7,11.75,11.03,2098266
2019-07-01,11.75,12.58,12.83,11.75,226343
2019-07-02,12.64,12.7,12.967,12.3,142066
2019-07-03,12.62,13.56,13.69,12.33,149077
2019-07-05,13.56,13.22,13.72,12.995,152960
2019-07-08,13.2,12.89,13.2,12.74,135547
2019-07-09,12.8,13.23,13.25,12.8,283674
2019-07-10,13.31,13.18,14.16,12.8854,375773
2019-07-11,13.15,13.22,13.6,12.8956,377820
2019-07-12,13.32,14.0,14.45,13.15,237244
2019-07-15,14.01,14.05,14.39,13.64,106775
2019-07-16,14.05,14.23,14.58,13.94,87900
2019-07-17,14.44,13.9,14.55,13.24,131036
2019-07-18,13.89,14.17,14.335,13.79,76228
2019-07-19,14.14,14.55,14.88,14.125,153131
2019-07-22,14.64,14.97,15.18,14.36,139411
2019-07-23,15.22,14.2,15.22,14.08,126854
2019-07-24,14.25,14.43,14.58,14.01,82630
2019-07-25,14.44,12.05,14.44,11.62,381607
2019-07-26,12.1,12.7,12.9283,11.9706,126986
2019-07-29,12.5,12.8,13.035,11.9,121317
2019-07-30,12.71,12.79,13.08,12.71,73880
2019-07-31,12.79,12.31,13.03,12.07,135182
2019-08-01,12.32,12.85,13.2799,12.1782,117179
2019-08-02,12.77,12.42,12.77,12.09,51749
2019-08-05,12.27,11.46,12.48,11.03,105358
2019-08-06,11.53,11.89,12.0863,11.21,82413
2019-08-07,11.75,11.7,12.1,11.12,81809
2019-08-08,11.76,11.72,12.15,11.5,87894
2019-08-09,11.68,11.57,11.84,11.235,50946
2019-08-12,11.5,11.24,11.54,11.0254,54107
2019-08-13,11.29,11.48,11.77,10.97,63045
2019-08-14,11.29,10.34,11.29,10.28,71533
2019-08-15,10.36,10.24,10.54,10.07,50504
2019-08-16,10.27,11.03,11.06,10.25,105359
2019-08-19,11.11,11.56,11.67,10.31,104500
2019-08-20,11.44,11.6,11.79,11.16,42447
2019-08-21,11.8,12.07,12.45,11.28,81096
2019-08-22,12.16,11.8,12.405,11.62,52036
2019-08-23,11.69,11.28,12.145,11.14,81977
2019-08-26,11.51,11.24,11.71,11.015,65997
2019-08-27,11.32,10.65,11.4,10.37,55223
2019-08-28,10.57,10.94,11.21,9.47,119043
2019-08-29,11.25,11.24,11.25,10.99,28422
2019-08-30,11.19,11.0,11.39,10.81,63232
2019-09-03,10.93,10.89,11.165,10.61,60403
2019-09-04,11.0,10.99,11.0,10.643,33869
2019-09-05,11.0,11.9,12.17,10.87,113414
2019-09-06,12.08,11.6,12.15,11.49,105649
2019-09-09,11.69,12.0,12.36,11.47,130561
2019-09-10,11.96,13.56,14.37,11.62,268307
2019-09-11,13.6,13.9,14.05,13.5,176088
2019-09-12,13.9,14.05,14.18,13.59,104549
2019-09-13,14.24,14.99,15.25,13.9,203978
2019-09-16,15.23,17.57,18.07,15.23,1002317
2019-09-17,17.11,17.32,17.7,16.5,414663
2019-09-18,17.03,16.8,17.26,16.68,206063
2019-09-19,16.34,16.66,16.94,15.9313,256173
2019-09-20,16.64,16.64,16.91,16.4242,570771
2019-09-23,16.65,16.42,16.9799,16.07,249276
2019-09-24,16.49,15.85,16.82,15.55,275134
2019-09-25,15.82,14.95,16.15,14.86,324984
2019-09-26,14.84,14.21,15.1,14.15,238822
2019-09-27,14.18,14.08,14.3902,13.715,194415
2019-09-30,14.25,14.38,14.68,13.85,207003
2019-10-01,14.38,14.96,15.2356,14.38,269251
2019-10-02,14.9,14.85,15.33,14.675,118313
2019-10-03,14.82,14.56,15.3,14.28,152652
2019-10-04,14.61,13.9,14.79,13.39,306298
2019-10-07,13.8,14.57,14.79,13.67,165478
2019-10-08,14.32,14.67,15.3053,14.11,109945
2019-10-09,14.79,15.51,15.72,14.54,166682
2019-10-10,15.51,16.91,17.58,15.51,284558
2019-10-11,17.58,18.2,18.62,16.9535,432107
2019-10-14,18.59,17.64,18.59,16.26,1073452
2019-10-15,17.52,18.85,19.849,17.43,461606
2019-10-16,18.75,20.08,21.12,18.6112,430521
2019-10-17,20.23,20.13,21.25,19.86,335794
2019-10-18,20.19,19.76,20.4,19.08,250996
2019-10-21,19.62,20.11,21.057,18.4086,362028
2019-10-22,20.07,20.735,20.9,19.5557,256497
2019-10-23,20.75,20.3,21.0,20.025,270548
2019-10-24,20.41,20.13,20.44,18.82,1365577
2019-10-25,19.98,21.42,22.25,19.53,370574
2019-10-28,21.63,21.8,22.25,21.5403,191082
2019-10-29,21.85,21.69,22.1,21.4,461339
2019-10-30,21.73,20.49,22.2,20.175,334807
2019-10-31,20.27,20.71,20.98,18.52,588501
2019-11-01,20.9,22.0,22.2,20.5996,272406
2019-11-04,22.0,21.71,22.35,20.68,394404
2019-11-05,21.96,21.22,22.36,20.565,249237
2019-11-06,21.19,21.74,22.07,20.8449,140263
2019-11-07,21.9,22.0,22.34,21.4,801131
2019-11-08,21.97,21.9,22.3771,21.5,228268
2019-11-11,21.79,23.28,23.75,21.63,415850
2019-11-12,23.31,21.86,24.25,21.76,615209
2019-11-13,21.8,23.38,23.7,20.94,283025
2019-11-14,22.25,25.02,25.55,20.8062,449865
2019-11-15,25.37,29.18,29.47,25.36,494259
2019-11-18,29.82,28.9,30.7199,28.18,485338
2019-11-19,28.94,30.36,30.65,28.907,347014
2019-11-20,30.33,32.25,32.26,29.68,545939
2019-11-21,32.3,28.93,32.4212,28.62,588364
2019-11-22,28.11,25.625,28.65,24.52,687528
2019-11-25,25.86,26.385,26.42,24.41,415434
2019-11-26,26.63,27.55,27.94,25.836,502214
2019-11-27,27.82,27.27,27.83,26.1398,381291
2019-11-29,27.17,29.6,29.83,27.17,92889
2019-12-02,35.0,51.05,72.9743,35.0,5063999
2019-12-03,46.52,49.2,61.0,46.52,2737215
2019-12-04,55.38,73.41,74.5,53.0,4987713
2019-12-05,65.7,64.41,67.0,60.11,2223563
2019-12-06,64.0,64.47,65.5,58.76,956205
2019-12-09,65.0,67.89,70.78,62.895,1086692
2019-12-10,66.5,61.36,66.5,57.36,900016
2019-12-11,61.0,62.81,63.13,60.05,442378
2019-12-12,62.47,62.89,63.7825,60.865,484999
2019-12-13,62.79,63.45,64.5,60.75,389615
2019-12-16,64.0,67.14,71.24,63.95,844797
2019-12-17,67.5,71.2,71.7599,66.0,654322
2019-12-18,71.13,65.86,72.26,65.31,752633
2019-12-19,66.73,66.79,69.88,66.0,664084
2019-12-20,66.82,67.03,68.53,65.9,1568557
2019-12-23,67.49,66.1,67.67,64.51,465427
2019-12-24,67.59,76.65,77.15,67.56,912808
2019-12-26,76.9,75.89,81.0,74.18,694666
2019-12-27,76.13,73.23,77.98,71.98,816041
2019-12-30,73.5,73.51,75.02,71.47,309135
2019-12-31,72.69,71.95,74.67,71.01,361250
2020-01-02,72.84,68.14,72.9,65.13,431954
2020-01-03,68.59,67.67,69.48,66.37,427621
2020-01-06,66.85,67.7,70.48,65.12,321521
2020-01-07,67.7,67.31,68.81,66.01,222084
2020-01-08,68.53,67.32,68.7733,66.2978,216628
2020-01-09,67.58,66.98,70.21,65.85,436956
2020-01-10,66.81,69.39,71.54,66.2,400721
2020-01-13,71.19,65.35,71.2,64.3029,314347
2020-01-14,64.68,62.72,65.02,61.4845,477161
2020-01-15,62.7,63.5,65.66,62.3008,345847
2020-01-16,64.13,64.91,65.2365,61.72,225503
2020-01-17,65.26,66.06,67.68,64.8776,241204
2020-01-21,65.92,63.3,67.0,62.8,243339
2020-01-22,63.69,64.1,64.964,63.16,186633
2020-01-23,63.73,65.96,67.88,60.87,285956
2020-01-24,66.17,62.65,67.01,61.18,320357
2020-01-27,60.18,63.89,64.88,58.945,280424
2020-01-28,64.55,64.88,67.44,63.86,204158
2020-01-29,65.25,63.9,65.69,62.01,230868
2020-01-30,63.2,62.44,64.38,60.72,246584
2020-01-31,61.88,61.07,63.01,59.72,251450
2020-02-03,61.0,62.94,63.55,57.699,379642
2020-02-04,63.91,67.2,67.28,63.91,278839
2020-02-05,67.2,64.84,68.28,63.7223,301374
2020-02-06,66.98,69.35,71.4512,66.0,452446
2020-02-07,69.47,73.95,74.74,68.89,530761
2020-02-10,74.54,70.92,82.7492,70.45,1139775
2020-02-11,70.23,63.6,70.425,62.84,626914
2020-02-12,64.0,64.26,65.1,62.94,290229
2020-02-13,63.33,62.77,64.47,62.51,258600
2020-02-14,62.91,60.0,63.42,59.68,287574
2020-02-18,59.42,58.92,59.78,56.73,428991
2020-02-19,59.24,59.9,60.985,57.36,306552
2020-02-20,59.73,58.1,59.8247,57.28,361619
2020-02-21,58.0,58.28,59.545,57.03,248157
2020-02-24,55.87,60.78,61.43,55.05,570270
2020-02-25,61.03,57.61,61.56,56.6,739335
2020-02-26,57.62,62.39,63.0,57.12,540450
2020-02-27,61.94,57.59,62.37,57.03,381022
2020-02-28,56.07,63.97,64.48,55.32,554077
2020-03-02,64.9,67.71,68.385,61.35,470304
2020-03-03,68.45,67.01,69.4,65.15,333559
2020-03-04,68.27,69.52,71.24,67.89,348212
2020-03-05,67.82,65.82,70.5,64.76,261643
2020-03-06,63.61,63.92,65.5,60.5,390028
2020-03-09,57.93,60.29,63.8,57.7501,686050
2020-03-10,62.36,58.71,62.4383,54.1,681981
2020-03-11,56.57,53.85,58.39,53.08,478306
2020-03-12,50.34,49.92,52.255,47.11,576808
2020-03-13,52.0,53.18,53.99,43.35,485611
2020-03-16,42.47,40.33,49.1527,38.03,748701
2020-03-17,41.8,41.56,44.31,38.67,585637
2020-03-18,39.5,38.18,41.54,35.4939,624107
2020-03-19,40.01,42.97,44.5,38.61,518193
2020-03-20,43.21,45.02,49.2499,41.32,1433487
2020-03-23,45.08,46.4,48.5075,42.75,325502
2020-03-24,48.8,47.8,49.0,45.1,362283
2020-03-25,48.06,46.42,50.18,45.24,298555
2020-03-26,46.84,48.75,49.4341,46.6858,222484
2020-03-27,46.89,47.84,49.42,44.08,324870
2020-03-30,48.36,50.05,50.38,47.03,205706
2020-03-31,50.8,47.7,51.69,45.06,408242
2020-04-01,45.52,42.74,46.0442,41.0801,502919
2020-04-02,41.97,43.72,44.37,41.97,337935
2020-04-03,43.31,43.13,44.38,41.13,179925
2020-04-06,44.95,46.92,48.58,44.5481,274123
2020-04-07,48.79,43.05,49.9321,42.51,308405
2020-04-08,43.58,46.55,46.98,42.02,362181
2020-04-09,47.74,50.67,51.13,46.94,340191
2020-04-13,50.37,50.14,50.7915,48.91,192119
2020-04-14,51.71,53.22,53.48,50.9671,347217
2020-04-15,51.74,49.98,51.8708,48.93,252775
2020-04-16,50.32,50.57,52.3925,48.84,290261
2020-04-17,51.88,52.97,53.49,49.39,349229
2020-04-20,52.63,53.94,56.52,51.23,240202
2020-04-21,52.91,51.63,53.4184,48.35,202803
2020-04-22,52.35,51.09,53.82,50.46,222607
2020-04-23,50.87,48.57,52.33,48.5,251310
2020-04-24,48.64,52.94,52.98,48.03,258307
2020-04-27,54.0,52.62,56.92,52.35,242605
2020-04-28,53.6,51.94,53.6,50.53,228982
2020-04-29,53.9,56.65,58.78,52.69,307625
2020-04-30,55.91,54.55,56.7,53.41,221711
2020-05-01,52.77,50.88,53.2,49.16,272344
2020-05-04,50.16,51.6,51.76,49.41,212109
2020-05-05,52.17,55.43,57.38,52.0,243750
2020-05-06,55.37,55.06,57.0,54.13,166411
2020-05-07,55.62,55.4,56.756,53.3,218235
2020-05-08,55.41,56.99,57.94,54.53,347022
2020-05-11,55.28,58.45,59.22,55.25,411277
2020-05-12,58.47,55.71,61.916,55.71,486021
2020-05-13,55.28,53.67,57.58,52.11,315181
2020-05-14,52.21,54.79,54.93,51.2877,279864
2020-05-15,54.89,56.62,56.99,53.56,148699
2020-05-18,58.81,58.45,59.0,56.46,256238
2020-05-19,57.88,58.26,60.56,57.86,310995
2020-05-20,58.72,61.93,62.37,58.5,220216
2020-05-21,62.23,61.58,62.805,60.06,166953
2020-05-22,61.81,61.6,62.8,59.33,240978
2020-05-26,63.2,60.44,65.0,60.17,276618
2020-05-27,60.71,64.52,64.63,57.3,324312
2020-05-28,64.58,62.71,65.31,62.39,233981
2020-05-29,62.75,64.61,64.98,61.04,255762
2020-06-01,64.83,64.22,65.57,63.4661,333336
2020-06-02,64.56,65.39,67.57,64.3,505971
2020-06-03,64.54,66.05,67.5,64.41,195435
2020-06-04,65.28,66.25,66.73,64.4,240081
2020-06-05,67.34,61.35,68.5,61.07,394128
2020-06-08,61.93,62.5,63.43,60.03,212266
2020-06-09,62.09,64.37,65.7,62.09,165680
2020-06-10,65.1,64.61,67.25,64.2,224154
2020-06-11,63.26,58.96,64.3,58.86,238339
2020-06-12,61.44,58.06,62.15,56.6,323972
2020-06-15,57.07,63.0,63.1,56.02,257872
2020-06-16,64.74,64.42,66.42,63.54,174429
2020-06-17,64.67,63.46,66.0,62.85,261202
2020-06-18,62.72,64.27,64.7,62.35,280925
2020-06-19,64.69,64.42,66.575,63.76,1204304
2020-06-22,64.36,59.05,65.92,58.2,626160
2020-06-23,59.5,61.53,63.79,59.44,387172
2020-06-24,60.96,56.92,61.6,56.7,252052
2020-06-25,56.57,57.11,58.58,55.51,227755
2020-06-26,56.65,52.96,57.4,52.8301,503493
2020-06-29,53.73,53.69,55.0,51.76,288241
2020-06-30,53.91,54.12,56.34,53.14,260407
2020-07-01,54.61,50.25,55.72,48.5,697620
2020-07-02,51.31,48.59,51.7367,46.5,740048
2020-07-06,49.79,50.35,52.62,49.75,376843
2020-07-07,50.4,50.24,51.97,49.77,147179
2020-07-08,50.42,51.66,52.12,48.54,279488
2020-07-09,51.84,53.44,54.34,50.7,274609
2020-07-10,53.55,52.75,53.91,51.7,268420
2020-07-13,53.63,48.55,54.0879,48.32,607334
2020-07-14,48.36,48.77,49.83,46.51,298594
2020-07-15,50.2,51.48,52.33,49.04,223490
2020-07-16,50.99,48.05,52.04,47.28,253406
2020-07-17,47.78,49.11,50.27,47.63,224083
2020-07-20,49.01,51.26,51.325,48.89,179995
2020-07-21,51.76,47.8,51.7624,47.36,325517
2020-07-22,47.81,47.86,49.18,47.0,256180
2020-07-23,47.7,45.1,47.86,44.61,301094
2020-07-24,45.15,45.05,45.96,42.97,247283
2020-07-27,45.39,47.0,47.103,44.25,266413
2020-07-28,47.05,46.38,47.6,46.34,291721
2020-07-29,47.46,46.25,47.7,45.16,281983
2020-07-30,46.72,47.49,48.17,45.74,222543
2020-07-31,47.65,46.33,48.15,45.93,316289
2020-08-03,46.68,47.19,47.3875,45.54,240168
2020-08-04,47.04,46.75,47.2,45.77,146173
2020-08-05,46.68,46.91,47.445,46.14,273306
2020-08-06,46.98,48.07,48.27,46.56,207186
2020-08-07,48.25,48.1,49.025,47.45,155240
2020-08-10,48.12,48.71,50.0,46.4249,196022
2020-08-11,48.83,48.69,51.1,47.41,237359
2020-08-12,49.08,48.59,51.4,47.9,225893
2020-08-13,48.63,48.2,49.3899,47.89,139604
2020-08-14,47.88,47.88,49.02,47.58,104620
2020-08-17,47.83,48.57,48.9425,47.64,222773
2020-08-18,48.73,46.44,48.73,46.37,167424
2020-08-19,46.44,46.9,47.7053,46.26,155723
2020-08-20,46.43,47.95,48.045,45.91,206958
2020-08-21,47.99,49.29,49.46,47.2508,327349
2020-08-24,51.88,52.4,53.77,50.94,301056
2020-08-25,51.66,53.5,53.69,50.95,175373
2020-08-26,53.71,50.985,54.48,50.96,183176
2020-08-27,50.98,50.79,51.165,49.98,146377
2020-08-28,50.71,51.13,51.78,50.11,85637
2020-08-31,51.26,52.59,53.17,50.79,195693
2020-09-01,52.34,50.65,52.51,50.125,188217
2020-09-02,50.37,49.77,50.97,49.12,201128
2020-09-03,49.52,47.5,50.08,46.9,387169
2020-09-04,47.92,47.51,48.25,45.02,338907
2020-09-08,46.83,47.5,48.435,45.45,334630
2020-09-09,49.88,51.58,52.33,49.78,293868
2020-09-10,51.43,49.44,52.26,48.94,251068
2020-09-11,49.64,49.06,51.0,48.21,154483
2020-09-14,50.22,52.54,52.75,50.22,323848
2020-09-15,53.0,53.2,55.075,51.53,254370
2020-09-16,54.07,55.52,56.795,53.88,266652
2020-09-17,54.8,54.52,55.835,53.4901,131053
2020-09-18,56.44,57.01,58.249,55.24,452721
2020-09-21,56.75,51.21,56.96,51.11,452081
2020-09-22,51.45,52.26,52.4229,49.6,259568
2020-09-23,52.26,52.4,53.28,51.7,429888
2020-09-24,52.38,52.6,53.849,51.28,323834
2020-09-25,54.6039,58.33,58.4,54.0006,453177
2020-09-28,59.5,57.59,59.7345,55.44,224628
2020-09-29,57.69,59.27,60.18,57.69,372189
2020-09-30,59.17,59.21,60.68,58.64,315712
2020-10-01,59.5,62.07,62.24,59.36,342684
2020-10-02,60.28,60.78,63.0999,60.0,250076
2020-10-05,61.12,62.43,62.905,60.46,215735
2020-10-06,62.59,64.33,66.0,61.8201,284780
2020-10-07,65.43,67.26,67.35,63.99,173135
2020-10-08,67.5,69.36,70.03,67.21,249367
2020-10-09,69.82,71.25,73.03,69.02,470427
2020-10-12,71.89,72.94,73.75,70.5,410447
2020-10-13,74.25,76.48,76.5,73.3545,397715
2020-10-14,76.25,74.9,76.79,74.23,420692
2020-10-15,74.27,76.07,77.83,72.56,473707
2020-10-16,75.87,76.49,78.0,75.26,243454
2020-10-19,77.03,77.51,77.74,75.24,247187
2020-10-20,77.6,78.0,79.73,76.07,258698
2020-10-21,78.36,78.78,79.85,77.0,257482
2020-10-22,79.36,84.81,85.34,79.09,371198
2020-10-23,85.2,96.63,96.8294,85.05,1155682
2020-10-26,88.0,96.66,96.94,87.5,528305
2020-10-27,96.95,97.74,102.7399,94.835,463152
2020-10-28,96.42,95.86,99.92,94.04,459171
2020-10-29,97.07,99.76,101.77,92.176,308644
2020-10-30,98.9,90.81,98.9,89.84,312681
2020-11-02,91.66,91.04,95.4,88.24,299687
2020-11-03,92.42,94.01,94.98,90.55,218300
2020-11-04,93.59,103.35,104.99,93.59,271010
2020-11-05,104.34,107.63,108.25,99.29,249809
2020-11-06,107.82,108.59,109.67,103.26,216133
2020-11-09,109.66,113.17,126.42,107.065,445479
2020-11-10,112.55,117.27,119.41,110.07,461695
2020-11-11,119.99,119.99,121.9999,115.5,266560
2020-11-12,119.36,122.63,131.01,117.66,306439
2020-11-13,116.01,116.795,120.7547,109.7,508012
2020-11-16,115.49,113.56,120.72,112.01,360339
2020-11-17,107.5,114.24,116.05,104.26,762356
2020-11-18,120.17,127.01,141.5,120.0,2516804
2020-11-19,127.5,137.92,139.48,127.5,1167620
2020-11-20,138.7,140.0,141.98,132.835,843683
2020-11-23,136.13,125.52,139.61,124.52,592008
2020-11-24,128.61,121.99,130.0,117.11,516730
2020-11-25,123.66,132.2,133.39,122.46,473807
2020-11-27,132.85,135.0,140.13,130.17,175247
2020-11-30,130.32,136.67,136.68,127.39,528601
2020-12-01,138.88,130.17,138.88,125.1,525054
2020-12-02,130.52,130.73,132.75,126.03,218598
2020-12-03,131.0,127.05,131.0,126.22,277820
2020-12-04,127.2,124.37,127.7115,122.74,210697
2020-12-07,124.26,124.7,129.17,121.48,336543
2020-12-08,124.72,130.59,133.47,124.55,402110
2020-12-09,131.84,124.11,131.85,122.08,282542
2020-12-10,121.64,126.74,128.355,121.1033,455795
2020-12-11,126.75,125.82,136.11,125.09,305811
2020-12-14,129.04,130.1,135.99,128.79,331470
2020-12-15,131.43,133.06,134.69,127.23,201969
2020-12-16,133.95,134.96,140.99,131.74,368425
2020-12-17,137.02,138.71,139.47,132.05,232988
2020-12-18,139.26,140.48,144.5,136.38,1025419
2020-12-21,139.99,149.47,150.69,137.5,460300
2020-12-22,151.72,151.71,153.5799,146.05,235699
2020-12-23,152.82,153.31,156.11,145.98,164282
2020-12-24,153.39,154.03,156.22,151.3,71610
2020-12-28,156.35,151.07,159.18,150.7,281420
2020-12-29,150.82,146.26,152.95,140.03,273658
2020-12-30,148.44,151.33,152.7254,147.01,166620
2020-12-31,151.33,146.91,151.33,144.16,205194
2021-01-04,146.64,137.73,150.01,136.94,391166
2021-01-05,137.5,134.79,143.62,134.0,242279
2021-01-06,132.92,136.7,139.46,129.24,290332
2021-01-07,137.6,147.28,149.98,137.6,317551
2021-01-08,147.53,153.79,157.17,147.53,270488
2021-01-11,150.96,151.15,156.47,150.01,217569
2021-01-12,151.84,157.9,158.98,149.895,274881
2021-01-13,158.45,153.67,163.48,152.49,222188
2021-01-14,154.77,162.35,165.35,154.77,276717
2021-01-15,162.35,158.54,169.98,155.895,279040
2021-01-19,158.54,164.47,166.69,156.745,252491
2021-01-20,165.15,158.6,168.96,158.53,272291
2021-01-21,160.02,158.02,160.02,151.97,193351
2021-01-22,156.27,164.33,165.0,155.495,171831
2021-01-25,157.85,155.89,162.9,152.373,215817
2021-01-26,156.81,145.91,158.13,144.52,284930
2021-01-27,144.0,134.21,144.88,131.79,564445
2021-01-28,135.0,128.27,136.43,127.6,344549
2021-01-29,126.27,126.31,130.595,119.4374,499601
2021-02-01,128.21,131.11,133.61,121.8184,377371
2021-02-02,131.8,140.3,141.74,130.36,232879
2021-02-03,139.34,138.04,147.35,136.46,260645
2021-02-04,138.48,144.79,145.66,135.8992,230395
2021-02-05,145.92,149.93,150.07,144.7101,166950
2021-02-08,150.74,158.84,160.18,150.43,204388
2021-02-09,158.56,160.43,161.85,153.995,235219
2021-02-10,162.71,160.15,171.21,158.93,299907
2021-02-11,162.96,160.57,167.37,154.67,228200
2021-02-12,161.39,157.03,164.99,156.09,267593
2021-02-16,157.04,145.58,164.73,142.82,528737
2021-02-17,136.26,138.08,138.99,131.23,565206
2021-02-18,136.59,134.1,141.2,132.0,255277
2021-02-19,132.57,131.44,136.2,127.91,361287
2021-02-22,129.32,122.61,129.595,120.8,372489
2021-02-23,119.64,125.65,129.8,112.51,537196
2021-02-24,122.37,129.95,132.25,120.0,222334
2021-02-25,128.68,121.08,132.0,120.86,247528
2021-02-26,122.5,129.01,133.34,120.38,363898
2021-03-01,123.22,134.79,137.595,123.07,295849
2021-03-02,132.63,125.16,134.61,124.66,253901
2021-03-03,125.0,115.28,125.0,114.3,356804
2021-03-04,114.54,111.67,118.14,108.1,398395
2021-03-05,114.99,120.49,120.72,108.57,334600
2021-03-08,119.79,116.59,124.53,115.7,198386
2021-03-09,122.02,127.32,129.91,120.05,305025
2021-03-10,129.65,126.89,131.99,124.4774,247791
2021-03-11,130.62,132.27,136.03,125.14,301647
2021-03-12,130.96,126.99,131.39,124.52,259501
2021-03-15,126.28,127.56,128.68,123.9,247245
2021-03-16,129.6,129.08,134.6,125.98,310791
2021-03-17,127.07,134.41,135.33,126.6,213799
2021-03-18,131.86,125.01,137.05,123.475,304314
2021-03-19,124.83,129.94,132.46,122.22,715248
2021-03-22,130.89,131.14,133.69,128.89,179981
2021-03-23,130.15,120.68,130.15,119.71,280675
2021-03-24,122.54,115.0,123.69,114.14,304101
2021-03-25,112.56,119.45,119.69,110.66,300101
2021-03-26,120.03,116.33,121.48,114.34,305240
2021-03-29,115.17,112.74,116.16,111.01,418250
2021-03-30,112.29,110.45,112.76,108.44,290606
2021-03-31,112.16,113.39,117.7,108.9,742368
2021-04-01,116.39,109.1,117.77,107.305,399583
2021-04-05,109.38,115.56,116.5,108.77,236328
2021-04-06,113.4,110.38,116.2,108.9,283419
2021-04-07,109.42,107.46,114.145,106.74,219123
2021-04-08,109.26,110.27,114.77,108.74,229151
2021-04-09,109.84,109.07,110.82,106.83,170039
2021-04-12,108.42,106.2,109.82,103.6201,355764
2021-04-13,107.09,113.02,113.755,106.68,306087
2021-04-14,113.24,115.68,122.89,113.24,591760
2021-04-15,116.44,115.71,118.75,113.01,156050
2021-04-16,116.53,114.89,117.86,112.28,176903
2021-04-19,113.81,112.27,116.91,110.0,140696
2021-04-20,111.88,113.73,117.13,108.74,243502
2021-04-21,113.76,117.48,117.822,112.89,157278
2021-04-22,117.99,121.31,123.73,115.52,210519
2021-04-23,123.12,120.43,124.52,117.9,179352
2021-04-26,121.64,126.54,127.29,119.47,223051
2021-04-27,126.97,121.19,127.75,120.3,192300
2021-04-28,120.73,122.21,123.58,118.77,151502
2021-04-29,123.65,122.71,124.88,119.74,169789
2021-04-30,121.47,120.84,128.33,119.25,191321
2021-05-03,122.26,116.75,123.59,116.41,166328
2021-05-04,118.8,110.52,118.8,108.6301,316429
2021-05-05,111.79,107.24,114.01,106.0156,142780
2021-05-06,106.41,101.84,106.615,99.78,398142
2021-05-07,103.82,101.62,103.94,99.66,189880
2021-05-10,83.54,88.41,95.5,81.86,2212907
2021-05-11,76.0,81.7,86.0,73.19,1788885
2021-05-12,79.8,79.42,84.53,79.05,561341
2021-05-13,78.5,80.32,84.4899,76.55,324686
2021-05-14,80.44,84.05,85.1,80.11,326421
2021-05-17,85.29,84.6,85.62,81.34,250976
2021-05-18,84.77,82.72,88.07,82.52,295058
2021-05-19,81.0,81.33,83.28,79.45,225497
2021-05-20,82.08,80.55,83.11,80.2,286210
2021-05-21,81.85,80.62,82.67,79.5,571497
2021-05-24,81.38,81.3,81.825,79.36,342560
2021-05-25,81.42,82.67,83.83,80.46,411864
2021-05-26,83.06,85.5,85.7,82.6162,235980
2021-05-27,85.9,84.18,87.67,83.79,483214
2021-05-28,85.0,83.62,87.8439,83.21,185353
2021-06-01,81.0,79.22,81.2,78.76,322700
2021-06-02,79.05,80.88,82.2,77.928,424341
2021-06-03,80.11,78.23,80.75,77.13,215167
2021-06-04,78.98,77.2,79.85,76.2,269486
2021-06-07,76.58,81.01,82.3138,75.75,317818
2021-06-08,81.96,78.4,83.18,77.69,232154
2021-06-09,79.33,78.59,80.54,76.36,334433
2021-06-10,78.63,79.97,81.91,76.71,310546
2021-06-11,80.97,83.62,83.87,79.08,259769
2021-06-14,84.14,84.87,88.32,83.585,466796
2021-06-15,84.75,82.32,86.37,81.12,231221
2021-06-16,80.9,81.87,83.94,79.8,149441
2021-06-17,81.44,83.07,83.94,79.88,132537
2021-06-18,81.64,83.15,84.54,80.06,620771
2021-06-21,82.17,85.44,86.52,81.46,341122
2021-06-22,84.63,85.15,85.82,83.0,177063
2021-06-23,84.5,84.58,86.2,83.515,175342
2021-06-24,85.54,88.02,88.17,85.54,182851
2021-06-25,88.59,90.2,90.55,86.8,426220
2021-06-28,91.8,91.7,93.6047,90.13,261105
2021-06-29,91.72,90.89,93.03,89.36,566957
2021-06-30,90.82,93.0,93.54,88.518,452563
2021-07-01,95.05,95.61,99.55,93.55,389369
2021-07-02,96.15,96.31,97.16,94.46,251370
2021-07-06,96.86,92.06,97.1697,91.86,203331
2021-07-07,92.0,92.58,93.53,90.03,246664
2021-07-08,89.5,92.74,93.28,88.845,211218
2021-07-09,93.43,95.36,95.55,92.56,170511
2021-07-12,95.64,95.34,97.77,93.54,368314
2021-07-13,94.51,93.16,94.835,92.82,274594
2021-07-14,94.09,89.07,94.09,88.82,262531
2021-07-15,88.55,87.57,89.37,84.7887,292703
2021-07-16,88.94,87.75,89.69,86.55,223388
2021-07-19,86.41,85.14,86.41,83.54,282337
2021-07-20,85.6,86.26,87.59,84.67,398539
2021-07-21,86.82,88.11,88.48,84.33,263562
2021-07-22,87.89,84.77,88.6,84.57,224045
2021-07-23,85.03,85.78,85.79,82.0,184481
2021-07-26,85.96,85.9,88.115,84.99,135718
2021-07-27,86.27,86.04,86.89,83.57,479728
2021-07-28,86.7,91.88,92.0,85.62,200363
2021-07-29,92.69,87.87,94.4,87.84,259719
2021-07-30,87.29,83.84,88.2,83.47,292207
2021-08-02,84.34,81.97,85.09,81.705,249223
2021-08-03,82.47,82.82,83.875,80.0,238385
2021-08-04,82.88,83.97,85.78,82.88,183193
2021-08-05,83.94,87.05,88.52,82.35,155841
2021-08-06,87.25,83.72,88.33,83.51,215981
2021-08-09,84.34,86.07,86.745,83.71,163869
2021-08-10,85.43,84.92,86.77,83.74,150474
2021-08-11,85.91,88.12,88.57,83.75,299088
2021-08-12,88.69,88.21,89.32,85.3001,152572
2021-08-13,88.96,88.9,89.865,87.87,243937
2021-08-16,89.95,86.2,90.2855,86.085,257752
2021-08-17,83.2,89.63,89.76,83.17,173399
2021-08-18,89.87,87.75,90.93,87.43,208944
2021-08-19,87.13,88.1,88.43,86.5,265893
2021-08-20,87.66,91.51,93.13,87.66,214995
2021-08-23,93.11,92.5,97.435,92.04,244716
2021-08-24,92.18,91.61,92.9122,89.77,103315
2021-08-25,91.85,99.89,100.15,91.6642,292176
2021-08-26,100.43,93.59,100.43,92.77,460961
2021-08-27,94.07,97.53,100.955,92.97,284124
2021-08-30,98.29,96.04,99.45,95.27,241774
2021-08-31,97.01,94.18,97.13,94.03,196014
2021-09-01,96.5,96.85,98.77,94.61,397358
2021-09-02,97.24,94.45,97.67,93.59,326951
2021-09-03,93.34,91.93,94.01,90.76,437441
2021-09-07,93.11,98.26,98.57,91.14,316950
2021-09-08,98.05,95.91,98.12,95.58,143041
2021-09-09,95.5,97.46,99.865,95.13,141243
2021-09-10,99.65,96.39,103.6,96.32,271064
2021-09-13,96.82,94.35,99.3464,90.99,187611
2021-09-14,94.24,93.91,97.4,93.66,163124
2021-09-15,93.31,94.52,94.94,93.0001,175869
2021-09-16,94.79,97.26,97.26,94.0601,118956
2021-09-17,97.5,102.75,103.3,96.13,435240
2021-09-20,100.96,99.89,102.2,98.3415,253368
2021-09-21,100.0,102.02,103.98,99.33,252028
2021-09-22,102.49,102.7,103.69,100.59,197889
2021-09-23,103.06,105.2,105.34,101.09,153262
2021-09-24,104.37,102.0,105.55,100.21,243594
2021-09-27,101.92,106.94,107.3,100.54,212916
2021-09-28,104.78,100.49,105.745,99.27,318543
2021-09-29,101.16,97.52,102.42,97.0,161289
2021-09-30,98.34,95.98,98.34,95.05,294572
2021-10-01,95.83,97.0,97.55,93.195,259818
2021-10-04,97.4,98.49,100.0,95.8,210276
2021-10-05,99.0,100.16,101.15,98.1196,128009
2021-10-06,98.43,101.13,101.5,98.06,168473
2021-10-07,101.47,103.73,105.91,100.67,229307
2021-10-08,103.84,103.0,104.69,102.035,138062
2021-10-11,102.81,104.33,106.27,102.61,113581
2021-10-12,104.13,105.85,108.79,104.13,110345
2021-10-13,105.76,106.76,107.62,104.76,127383
2021-10-14,108.32,109.66,109.96,107.2701,150344
2021-10-15,111.32,111.97,113.445,109.38,190187
2021-10-18,111.71,111.77,115.36,109.055,367771
2021-10-19,111.14,112.85,115.65,111.14,189823
2021-10-20,113.16,112.69,113.83,111.0,138506
2021-10-21,113.32,113.35,115.995,112.22,126838
2021-10-22,113.21,116.0,116.24,110.75,137886
2021-10-25,115.59,114.0,115.85,110.04,148908
2021-10-26,114.68,111.63,115.47,111.07,128999
2021-10-27,111.15,111.9,114.46,111.15,114979
2021-10-28,112.5,117.26,117.34,111.12,153075
2021-10-29,117.57,117.09,119.12,115.75,249088
2021-11-01,117.84,125.98,127.69,117.405,288098
2021-11-02,125.23,126.34,126.65,122.105,224078
2021-11-03,126.84,128.49,128.74,125.1,198618
2021-11-04,129.41,128.49,130.5,127.79,130088
2021-11-05,129.26,123.46,131.97,122.72,256411
2021-11-08,124.19,121.81,126.3178,120.96,259757
2021-11-09,122.27,117.78,127.7,116.71,182342
2021-11-10,116.29,111.73,116.78,110.0201,352925
2021-11-11,111.77,112.12,113.125,110.38,170423
2021-11-12,112.89,112.33,112.89,109.61,264178
2021-11-15,111.5,104.58,111.5,103.47,257939
2021-11-16,103.37,107.96,108.78,103.31,174570
2021-11-17,108.14,102.1,108.5,102.04,249804
2021-11-18,103.07,100.66,103.07,98.57,330241
2021-11-19,100.36,98.66,100.36,96.85,259824
2021-11-22,99.39,98.64,102.345,96.28,279544
2021-11-23,97.98,97.91,98.2,94.42,160803
2021-11-24,97.33,99.88,100.15,95.72,155687
2021-11-26,97.1,94.3,100.17,90.27,195046
2021-11-29,96.71,94.29,96.71,93.19,222782
2021-11-30,93.17,91.84,94.07,90.13,270196
2021-12-01,94.12,87.91,94.66,87.9,238484
2021-12-02,87.97,89.62,89.84,86.08,238171
2021-12-03,89.91,83.99,89.91,83.13,388525
2021-12-06,83.78,83.54,85.55,81.43,337219
2021-12-07,85.0,90.0,92.31,84.19,243850
2021-12-08,90.09,91.28,92.25,86.78,224681
2021-12-09,90.46,87.47,91.98,87.18,282814
2021-12-10,87.99,82.71,90.105,82.38,309079
2021-12-13,82.12,83.71,84.3,80.685,380672
2021-12-14,83.42,81.57,84.8,80.32,188256
2021-12-15,81.51,82.77,82.905,79.0,530651
2021-12-16,83.0,80.85,84.18,79.8695,276167
2021-12-17,80.49,89.95,90.66,79.56,517805
2021-12-20,87.86,88.63,89.79,85.19,366907
2021-12-21,89.85,94.01,94.51,87.76,325000
2021-12-22,93.31,94.15,96.33,92.16,229450
2021-12-23,94.12,94.91,96.0,92.28,149412
2021-12-27,94.86,90.74,94.86,90.22,155481
2021-12-28,90.54,91.26,92.91,90.49,163578
2021-12-29,91.04,88.16,91.06,87.47,93316
2021-12-30,87.81,88.95,91.192,86.2038,95013
2021-12-31,88.95,84.78,89.7,83.88,218307
2022-01-03,85.62,89.45,89.71,83.1091,205009
2022-01-04,89.38,85.56,90.24,83.65,247940
2022-01-05,85.76,77.9,88.16,77.89,254608
2022-01-06,77.42,76.73,80.1,74.06,234350
2022-01-07,76.88,72.21,78.0,71.04,175742
2022-01-10,71.35,69.42,71.35,66.65,321316
2022-01-11,69.42,67.41,69.87,65.56,419697
2022-01-12,68.0,65.2,70.5899,65.0,399737
2022-01-13,65.94,62.82,65.94,61.37,422555
2022-01-14,62.35,65.13,65.65,59.58,505807
2022-01-18,64.47,62.77,65.75,61.63,455591
2022-01-19,63.61,62.72,65.78,62.13,331472
2022-01-20,64.11,60.44,67.33,60.2,487986
2022-01-21,59.48,57.8,60.88,56.19,644370
2022-01-24,56.54,62.1,62.82,55.01,1251072
2022-01-25,60.79,59.96,62.29,57.5,445932
2022-01-26,62.0,55.16,63.0,54.33,568355
2022-01-27,56.2,51.88,57.245,51.18,699586
2022-01-28,51.84,54.65,54.67,49.34,582730
2022-01-31,54.58,58.7,58.985,53.055,632234
2022-02-01,60.45,62.27,62.6668,59.52,478891
2022-02-02,64.01,60.15,64.12,58.88,970564
2022-02-03,58.51,61.93,63.86,57.12,854190
2022-02-04,61.78,63.78,64.81,60.95,546340
2022-02-07,59.88,63.68,64.97,59.88,777374
2022-02-08,63.47,64.54,64.84,61.54,416539
2022-02-09,65.09,65.23,66.99,63.47,475336
2022-02-10,63.39,59.87,65.69,58.635,585172
2022-02-11,60.92,56.79,61.455,55.05,563223
2022-02-14,56.77,53.37,57.49,52.95,449425
2022-02-15,54.77,56.24,56.57,53.86,378283
2022-02-16,55.26,55.41,56.1887,53.5,528125
2022-02-17,54.74,54.08,55.535,53.65,850521
2022-02-18,54.6413,52.59,55.63,51.87,766796
2022-02-22,51.84,50.35,53.6,50.0,604136
2022-02-23,10.92,9.86,11.44,9.8,26802527
2022-02-24,8.76,9.17,9.49,8.57,8760809
2022-02-25,9.2,8.82,9.4,8.7,4942780
2022-02-28,8.8,8.64,9.2189,8.52,4308403
2022-03-01,8.6,8.84,8.97,8.56,3976410
2022-03-02,8.5,8.85,9.03,8.19,3097637
2022-03-03,8.89,8.65,8.89,8.28,2313946
2022-03-04,8.49,7.7,8.658,7.55,3612203
2022-03-07,7.64,7.425,7.93,7.41,1629006
2022-03-08,7.44,7.66,7.93,6.81,2258984
2022-03-09,7.87,8.34,8.38,7.68,1892805
2022-03-10,8.32,8.28,8.47,7.99,1411178
2022-03-11,8.36,7.98,8.42,7.95,1076383
2022-03-14,8.02,7.09,8.02,6.98,1961852
2022-03-15,7.08,7.28,7.305,6.885,1883353
2022-03-16,7.48,8.01,8.065,7.35,2687551
2022-03-17,7.98,8.31,8.36,7.73,1679035
2022-03-18,8.3,8.41,8.87,8.17,3288270
2022-03-21,8.48,8.26,8.6,8.13,1729213
2022-03-22,8.31,8.49,8.8291,8.25,1475301
2022-03-23,8.45,8.11,8.57,8.08,915687
2022-03-24,8.24,8.16,8.24,7.88,794499
2022-03-25,8.19,7.7,8.19,7.61,1360463
2022-03-28,7.84,7.77,8.05,7.48,1225323
2022-03-29,7.89,7.98,8.19,7.81,1154140
2022-03-30,7.94,7.73,8.17,7.67,1007978
2022-03-31,7.79,7.72,7.86,7.59,1121837
2022-04-01,7.85,7.88,7.98,7.71,1079264
2022-04-04,7.87,7.9,8.06,7.805,1301425
2022-04-05,7.87,7.54,7.98,7.46,1124378
2022-04-06,7.37,7.51,7.62,7.16,755045
2022-04-07,7.47,7.37,7.575,7.21,789838
2022-04-08,7.36,7.21,7.38,7.07,742065
2022-04-11,7.15,7.06,7.26,6.9804,805974
2022-04-12,7.14,6.96,7.29,6.81,924737
2022-04-13,6.87,7.2,7.33,6.87,827309
2022-04-14,7.25,6.94,7.25,6.91,795174
2022-04-18,6.94,6.47,6.94,6.37,862278
2022-04-19,6.48,6.74,6.93,6.39,940236
2022-04-20,6.8,6.75,6.85,6.57,641472
2022-04-21,6.82,6.42,6.93,6.395,802991
2022-04-22,6.39,6.36,6.55,6.28,684493
2022-04-25,6.27,6.31,6.5,6.15,787913
2022-04-26,6.24,5.89,6.25,5.84,960903
2022-04-27,5.89,5.84,6.09,5.82,1258680
2022-04-28,5.92,6.05,6.09,5.55,1129164
2022-04-29,6.02,6.02,6.2581,5.95,808114
2022-05-02,6.03,6.44,6.46,5.94,982489
2022-05-03,6.47,6.39,6.66,6.23,1093363
2022-05-04,6.46,6.39,6.5,5.93,664967
2022-05-05,6.37,5.92,6.37,5.82,660540
2022-05-06,5.92,5.72,5.92,5.58,700410
2022-05-09,5.61,5.3,5.7,5.22,1146687
2022-05-10,5.48,5.45,5.63,5.0822,1014734
2022-05-11,5.33,5.035,5.37,4.91,1291046
2022-05-12,4.93,5.36,5.38,4.9,1145254
2022-05-13,5.57,5.53,5.7499,5.45,718865
2022-05-16,5.53,5.7,5.82,5.44,495215
2022-05-17,5.82,6.11,6.11,5.8,1178199
2022-05-18,5.94,6.0,6.1199,5.86,912005
2022-05-19,6.5,6.71,6.89,6.25,1664210
2022-05-20,6.76,6.96,6.97,6.58,952314
2022-05-23,7.03,6.85,7.0645,6.615,793766
2022-05-24,6.78,6.52,6.78,6.45,705130
2022-05-25,6.53,6.68,6.7398,6.45,588334
2022-05-26,6.68,6.72,6.84,6.5,560424
2022-05-27,6.74,6.92,6.92,6.4975,751214
2022-05-31,7.04,7.24,7.33,6.96,1083537
2022-06-01,7.24,7.53,8.16,7.24,4211471
2022-06-02,7.43,7.85,7.98,7.3126,1056125
2022-06-03,7.87,7.98,8.16,7.81,831009
2022-06-06,8.07,7.84,8.14,7.57,1118171
2022-06-07,8.08,9.03,9.129,8.02,1834523
2022-06-08,8.91,9.48,9.6196,8.88,1713639
2022-06-09,9.39,8.51,9.3939,8.5,949856
2022-06-10,8.25,8.07,8.45,7.97,722004
2022-06-13,7.74,7.32,7.87,7.205,837350
2022-06-14,7.38,7.175,7.442,6.9399,404446
2022-06-15,7.21,7.13,7.36,6.79,1081155
2022-06-16,6.87,7.01,7.04,6.6,982761
2022-06-17,7.02,7.91,8.13,7.02,1245665
2022-06-21,8.0,8.1,8.39,8.0,769603
2022-06-22,7.97,8.21,8.6973,7.9,839905
2022-06-23,8.28,8.99,8.99,8.21,622322
2022-06-24,9.05,9.04,9.3351,8.69,1884957
2022-06-27,9.0,8.41,9.0,8.34,397056
2022-06-28,8.44,8.02,8.56,7.92,373929
2022-06-29,8.13,7.92,8.13,7.79,385404
2022-06-30,7.87,7.64,7.91,7.57,445748
2022-07-01,7.73,7.75,7.87,7.54,395123
2022-07-05,7.63,8.03,8.27,7.55,513452
2022-07-06,8.05,8.15,8.55,8.0,516106
2022-07-07,8.29,10.05,10.25,8.05,4062358
2022-07-08,9.92,9.38,9.92,9.25,1018077
2022-07-11,9.46,8.72,9.46,8.54,627429
2022-07-12,8.73,9.28,9.42,8.295,900242
2022-07-13,8.94,9.14,9.78,8.94,806905
2022-07-14,9.11,9.1,9.27,8.95,471718
2022-07-15,9.21,9.1,9.25,8.7201,455856
2022-07-18,9.29,9.13,9.465,8.945,554165
2022-07-19,9.26,9.74,10.1882,9.2527,844204
2022-07-20,9.78,9.94,10.13,9.65,478066
2022-07-21,9.93,9.9,10.0399,9.585,586189
2022-07-22,9.77,9.54,9.9799,9.25,538742
2022-07-25,9.54,9.24,9.56,9.19,439787
2022-07-26,9.17,9.4,9.8797,9.0466,504620
2022-07-27,9.42,9.79,10.07,9.305,823951
2022-07-28,9.71,9.89,9.93,9.15,564267
2022-07-29,9.86,9.95,10.0,9.44,535629
2022-08-01,9.87,9.55,9.97,9.46,1213218
2022-08-02,8.57,8.31,8.92,7.89,1599332
2022-08-03,8.55,8.62,9.27,8.5,722092
2022-08-04,8.82,9.16,9.3,8.59,736425
2022-08-05,9.0,9.74,9.78,8.9,962994
2022-08-08,11.48,11.11,11.7899,10.022,4073928
2022-08-09,10.9,10.92,11.81,10.61,1681388
2022-08-10,10.91,12.5,12.515,10.76,1464743
2022-08-11,12.57,11.77,12.8,11.3,1043314
2022-08-12,11.92,12.2,12.5162,11.86,650811
2022-08-15,12.05,12.05,12.38,11.71,755733
2022-08-16,11.98,11.81,12.05,11.41,648321
2022-08-17,11.53,11.59,11.865,11.41,497578
2022-08-18,11.57,11.39,11.57,11.09,369936
2022-08-19,11.23,10.46,11.37,10.43,527906
2022-08-22,10.31,10.32,10.52,10.05,429826
2022-08-23,10.35,10.63,10.71,10.24,287923
2022-08-24,10.56,11.27,11.39,10.38,502216
2022-08-25,11.36,11.28,11.56,11.19,248737
2022-08-26,11.23,11.15,11.34,11.0112,341706
2022-08-29,10.95,10.84,11.16,10.6,319039
2022-08-30,10.91,10.5,11.11,10.37,357982
2022-08-31,10.59,10.01,11.006,10.01,470617
2022-09-01,9.94,10.59,10.76,9.78,637307
2022-09-02,10.79,10.15,10.79,10.03,468543
2022-09-06,10.13,9.4,10.18,9.3,744872
2022-09-07,9.29,9.53,9.59,9.27,382584
2022-09-08,9.38,9.87,10.0115,9.3201,594612
2022-09-09,9.96,10.24,10.385,9.825,366493
2022-09-12,10.23,10.11,10.23,9.82,367607
2022-09-13,9.8,9.35,9.89,9.27,309010
2022-09-14,9.38,9.23,9.38,9.09,370058
2022-09-15,9.26,9.47,9.595,9.26,417907
2022-09-16,9.28,9.11,9.28,8.82,715898
2022-09-19,9.04,9.26,9.28,8.66,535691
2022-09-20,9.15,9.3,9.45,9.02,442774
2022-09-21,9.33,8.83,9.42,8.81,438976
2022-09-22,8.71,8.53,8.71,8.17,424858
2022-09-23,8.43,7.98,8.43,7.91,397544
2022-09-26,7.88,7.57,8.26,7.5,665807
2022-09-27,7.74,7.61,7.89,7.46,772139
2022-09-28,7.82,8.04,8.445,7.82,773842
2022-09-29,7.81,7.6,8.02,7.31,590440
2022-09-30,7.67,7.74,8.0,7.54,461936
2022-10-03,7.91,7.6,7.91,7.34,396034
2022-10-04,7.77,8.05,8.06,7.67,392999
2022-10-05,7.85,7.99,8.07,7.52,271951
2022-10-06,7.91,7.87,8.15,7.74,250750
2022-10-07,7.72,7.45,7.81,7.41,375561
2022-10-10,7.5,7.02,7.5,7.02,245192
2022-10-11,7.06,7.26,7.41,6.89,340363
2022-10-12,7.28,6.96,7.29,6.87,294349
2022-10-13,7.04,7.11,7.22,6.71,385017
2022-10-14,7.16,6.765,7.25,6.71,269238
2022-10-17,6.94,7.09,7.11,6.89,424137
2022-10-18,7.35,7.04,7.45,6.97,319201
2022-10-19,6.91,6.52,6.91,6.49,426335
2022-10-20,6.48,6.77,7.01,6.48,304610
2022-10-21,6.79,6.89,6.92,6.57,313256
2022-10-24,6.94,6.88,6.94,6.64,306955
2022-10-25,6.94,6.93,7.18,6.9015,273818
2022-10-26,6.93,7.26,7.45,6.83,360241
2022-10-27,7.34,7.01,7.45,6.98,224384
2022-10-28,7.01,7.27,7.3,6.81,159192
2022-10-31,7.19,7.18,7.435,7.16,247389
2022-11-01,7.29,7.09,7.42,7.02,192670
2022-11-02,7.1,6.93,7.33,6.86,253894
2022-11-03,6.76,7.01,7.12,6.65,267261
2022-11-04,7.09,7.0,7.09,6.71,381448
2022-11-07,7.02,7.03,7.25,6.84,347154
2022-11-08,7.06,6.85,7.24,6.7,326242
2022-11-09,6.78,6.73,7.06,6.67,403439
2022-11-10,6.69,7.12,7.45,6.69,519175
2022-11-11,7.19,7.56,7.69,7.13,388743
2022-11-14,7.52,7.25,7.59,7.21,264396
2022-11-15,7.74,8.01,8.37,7.71,586437
2022-11-16,7.95,7.68,8.05,7.61,258141
2022-11-17,7.52,7.61,7.66,7.36,242324
2022-11-18,7.84,7.58,7.85,7.52,230943
2022-11-21,7.52,7.41,7.53,6.98,286597
2022-11-22,7.45,7.51,7.559,7.2,160874
2022-11-23,7.55,7.39,7.67,7.32,183180
2022-11-25,7.45,7.54,7.665,7.25,75340
2022-11-28,7.47,7.15,7.64,7.1,212411
2022-11-29,7.16,7.14,7.42,7.05,151666
2022-11-30,7.21,7.38,7.49,7.035,285283
2022-12-01,7.41,7.29,7.5183,7.19,175508
2022-12-02,7.15,7.46,7.56,7.02,220207
2022-12-05,7.44,7.26,7.56,7.14,161705
2022-12-06,7.25,7.28,7.29,7.14,194409
2022-12-07,7.27,7.2,7.34,7.145,160741
2022-12-08,7.26,7.19,7.39,7.06,157938
2022-12-09,7.11,6.84,7.21,6.83,481020
2022-12-12,6.85,7.06,7.08,6.32,330234
2022-12-13,7.34,7.28,7.57,7.1218,204722
2022-12-14,7.25,7.29,7.45,7.145,179636
2022-12-15,7.13,7.03,7.2,6.99,161315
2022-12-16,6.9,6.92,7.04,6.83,394175
2022-12-19,6.95,6.68,7.0677,6.57,393593
2022-12-20,6.7,6.99,7.09,6.63,490342
2022-12-21,7.07,7.16,7.31,7.0,190939
2022-12-22,7.07,7.07,7.11,6.83,282884
2022-12-23,6.99,7.03,7.065,6.73,331061
2022-12-27,7.0,6.6,7.09,6.51,311837
2022-12-28,6.53,6.53,6.725,6.37,245111
2022-12-29,6.62,6.87,6.93,6.56,258482
2022-12-30,6.75,7.16,7.2,6.68,328395
2023-01-03,7.25,7.77,7.8,7.21,285603
2023-01-04,7.79,8.5,8.71,7.79,415484
2023-01-05,8.43,8.61,8.7,8.1,247693
2023-01-06,8.55,8.885,9.005,8.4944,183874
2023-01-09,8.95,8.23,8.95,8.21,284483
2023-01-10,8.24,8.24,8.435,8.06,199198
2023-01-11,8.3,8.04,8.3499,7.94,167632
2023-01-12,8.11,8.15,8.15,7.77,250950
2023-01-13,8.12,8.28,8.35,8.03,104933
2023-01-17,8.3,8.17,8.31,8.11,119715
2023-01-18,8.24,7.48,8.36,7.44,201273
2023-01-19,7.45,7.65,7.75,7.365,155105
2023-01-20,7.79,7.9,7.92,7.71,164389
2023-01-23,7.93,8.08,8.08,7.83,131434
2023-01-24,8.01,8.05,8.2353,7.94,87103
2023-01-25,7.96,8.06,8.07,7.79,194377
2023-01-26,8.15,7.91,8.2355,7.81,77439
2023-01-27,7.91,7.88,8.0282,7.77,172221
2023-01-30,7.83,7.78,7.95,7.685,136009
2023-01-31,7.81,8.08,8.48,7.81,207733
2023-02-01,8.11,8.23,8.34,8.0,219989
2023-02-02,8.34,8.47,8.51,8.02,306220
2023-02-03,8.37,8.58,8.75,8.26,182638
2023-02-06,8.53,7.98,8.58,7.96,172681
2023-02-07,7.96,7.71,8.0803,7.52,207210
2023-02-08,7.65,7.39,7.7,7.25,219799
2023-02-09,7.49,7.47,7.87,7.43,150317
2023-02-10,7.45,7.16,7.45,7.09,210619
2023-02-13,7.2,7.22,7.3,7.01,149814
2023-02-14,7.13,7.28,7.91,7.12,230814
2023-02-15,7.25,7.38,7.39,7.05,161641
2023-02-16,7.2,7.17,7.24,7.0379,227235
2023-02-17,7.21,7.42,7.44,7.08,180651
2023-02-21,7.28,7.25,7.41,7.0357,253497
2023-02-22,7.26,7.25,7.495,7.015,233049
2023-02-23,7.3,7.31,7.31,7.12,168108
2023-02-24,7.16,6.75,7.172,6.55,421578
2023-02-27,6.82,6.56,6.94,6.46,244256
2023-02-28,6.5,6.5,6.65,6.49,460149
2023-03-01,6.57,6.4,6.64,6.13,355593
2023-03-02,6.35,6.39,6.445,6.03,620299
2023-03-03,6.41,6.5,6.65,6.24,415446
2023-03-06,6.53,6.43,6.61,6.32,162251
2023-03-07,6.41,6.38,6.52,6.24,216502
2023-03-08,6.4,6.4,6.47,6.305,328624
2023-03-09,6.44,5.99,6.44,5.9032,308524
2023-03-10,5.94,5.65,5.95,5.43,463028
2023-03-13,5.56,5.9,6.1699,5.39,505884
2023-03-14,6.04,5.97,6.14,5.86,273472
2023-03-15,5.85,5.55,5.9,5.4,433615
2023-03-16,5.46,5.3,5.59,5.12,440187
2023-03-17,5.21,5.12,5.22,4.93,756375
2023-03-20,5.29,5.03,5.29,4.94,363780
2023-03-21,5.15,5.24,5.38,4.965,354154
2023-03-22,5.18,4.96,5.37,4.94,440552
2023-03-23,5.06,4.89,5.165,4.81,660163
2023-03-24,4.8,4.81,4.85,4.62,687758
2023-03-27,4.9,4.93,5.095,4.8,347124
2023-03-28,4.89,4.9,5.02,4.8,469031
2023-03-29,5.0,6.04,6.11,5.0,1669980
2023-03-30,6.1,6.085,6.44,5.975,666079
2023-03-31,6.08,6.2,6.29,5.9615,570206
2023-04-03,5.76,5.435,6.11,5.4,728409
2023-04-04,5.43,4.97,5.44,4.84,600039
2023-04-05,4.91,4.79,4.965,4.75,361271
2023-04-06,4.76,4.76,4.84,4.67,241034
2023-04-10,4.69,4.66,4.725,4.5019,338051
2023-04-11,4.76,4.85,4.87,4.66,399518
2023-04-12,4.96,4.97,5.33,4.84,656692
2023-04-13,4.97,5.26,5.53,4.97,651736
2023-04-14,5.27,5.0,5.27,4.87,305770
2023-04-17,5.04,4.93,5.17,4.87,321779
2023-04-18,4.97,4.71,4.97,4.66,292750
2023-04-19,4.65,4.82,4.95,4.57,374361
2023-04-20,4.82,4.92,5.1816,4.8001,215464
2023-04-21,5.04,5.15,5.21,4.91,263347
2023-04-24,5.13,4.96,5.15,4.9,145283
2023-04-25,4.9,4.6,4.97,4.58,297056
2023-04-26,4.59,4.45,4.67,4.43,276183
2023-04-27,4.51,4.59,4.68,4.395,194945
2023-04-28,4.57,4.38,4.66,4.36,394691
2023-05-01,4.39,4.54,4.6,4.39,262186
2023-05-02,4.49,4.3,4.53,4.28,240677
2023-05-03,4.35,4.41,4.54,4.32,216144
2023-05-04,4.5,4.44,4.5,4.25,229141
2023-05-05,4.48,4.71,4.78,4.48,196957
2023-05-08,4.75,4.87,4.93,4.63,238886
2023-05-09,4.83,4.89,4.98,4.69,242168
2023-05-10,4.97,4.96,5.025,4.82,302876
2023-05-11,4.92,4.7,5.042,4.62,226273
2023-05-12,4.67,4.68,4.74,4.4701,267376
2023-05-15,4.71,5.27,5.41,4.66,611467
2023-05-16,5.27,5.82,5.92,5.2,738627
2023-05-17,5.82,5.63,5.99,5.42,515070
2023-05-18,5.63,5.34,5.68,5.1772,452049
2023-05-19,5.44,5.91,6.08,5.37,902685
2023-05-22,6.02,6.81,7.26,6.02,1304718
2023-05-23,6.81,6.79,7.24,6.64,980582
2023-05-24,6.7,6.43,6.7,6.23,404570
2023-05-25,6.43,5.98,6.43,5.85,367862
2023-05-26,6.01,6.01,6.1353,5.9,302900
2023-05-30,6.02,5.71,6.2099,5.57,494583
2023-05-31,5.71,5.93,6.15,5.63,1177850
2023-06-01,5.98,6.35,6.44,5.67,607251
2023-06-02,6.53,7.84,8.11,6.4568,1410889
2023-06-05,7.86,8.36,8.49,7.62,2048309
2023-06-06,8.36,9.24,9.49,8.22,1983490
2023-06-07,9.33,9.25,9.8,8.5002,1424547
2023-06-08,9.22,8.75,9.22,8.53,622523
2023-06-09,8.82,9.145,9.75,8.82,720539
2023-06-12,9.17,9.06,9.61,8.7815,787273
2023-06-13,9.18,9.48,9.62,9.16,913350
2023-06-14,9.42,9.03,9.67,8.98,631821
2023-06-15,9.0,9.21,9.32,8.7701,471060
2023-06-16,9.23,9.0,9.29,8.905,740012
2023-06-20,8.98,8.19,9.0,8.18,577389
2023-06-21,8.15,7.29,8.15,7.22,1226302
2023-06-22,7.21,6.915,7.4325,6.8102,870781
2023-06-23,6.8,7.24,7.25,6.54,1550528
2023-06-26,7.34,6.79,7.41,6.43,1396714
2023-06-27,6.78,6.76,6.98,6.47,563114
2023-06-28,6.75,7.29,7.84,6.66,936296
2023-06-29,7.28,6.735,7.3,6.63,759864
2023-06-30,6.84,6.9,7.69,6.65,660018
2023-07-03,6.92,6.95,7.21,6.89,218634
2023-07-05,7.02,6.92,7.23,6.87,416969
2023-07-06,6.97,6.74,6.97,6.55,520634
2023-07-07,6.72,6.81,6.98,6.71,552492
2023-07-10,6.82,7.49,7.8373,6.79,942091
2023-07-11,7.51,7.27,7.6088,7.1815,635740
2023-07-12,7.57,7.3,7.635,7.27,423894
2023-07-13,7.38,7.23,7.52,7.08,495295
2023-07-14,7.3,6.85,7.3,6.825,450594
2023-07-17,6.94,6.5,7.01,6.44,689736
2023-07-18,6.51,6.95,7.2,6.51,764038
2023-07-19,7.01,7.23,7.52,6.91,543574
2023-07-20,7.26,7.08,7.2984,6.97,392736
2023-07-21,7.18,7.29,7.41,6.9,502643
2023-07-24,3.03,3.945,4.0685,2.765,20545770
2023-07-25,3.74,3.63,3.82,3.46,4351853
2023-07-26,3.57,3.24,3.6388,3.195,1813142
2023-07-27,3.28,2.9,3.2899,2.9,2594575
2023-07-28,2.92,2.87,2.95,2.77,1930827
2023-07-31,2.89,2.99,3.25,2.83,2106735
2023-08-01,2.97,3.0,3.135,2.9515,721016
2023-08-02,2.97,3.16,3.18,2.97,1010980
2023-08-03,3.16,3.26,3.32,3.12,1196729
2023-08-04,3.27,3.26,3.32,3.2086,647504
2023-08-07,3.2,3.03,3.22,3.0,646084
2023-08-08,2.98,3.0,3.04,2.89,1051845
2023-08-09,2.92,2.93,3.04,2.87,670035
2023-08-10,2.95,3.17,3.215,2.89,845815
2023-08-11,3.11,3.23,3.46,3.0749,844403
2023-08-14,3.16,3.01,3.2296,2.94,703267
2023-08-15,2.85,2.71,2.96,2.6,1053623
2023-08-16,2.66,2.59,2.71,2.51,760657
2023-08-17,2.58,2.59,2.66,2.45,583653
2023-08-18,2.55,2.49,2.6,2.47,544322
2023-08-21,2.5,2.37,2.5,2.35,1073151
2023-08-22,2.38,2.34,2.399,2.24,796055
2023-08-23,2.37,2.37,2.43,2.32,566129
2023-08-24,2.37,2.26,2.37,2.23,655081
2023-08-25,2.3,2.27,2.365,2.22,698823
2023-08-28,2.3,2.37,2.4,2.27,645207
2023-08-29,2.37,2.27,2.38,2.26,583391
2023-08-30,2.28,2.25,2.31,2.225,418798
2023-08-31,2.25,2.2,2.33,2.18,468549
2023-09-01,2.24,2.4,2.47,2.22,676409
2023-09-05,2.39,2.26,2.43,2.25,349748
2023-09-06,2.26,2.21,2.33,2.15,572714
2023-09-07,2.32,2.16,2.34,2.075,874345
2023-09-08,2.15,2.105,2.17,2.03,379263
2023-09-11,2.22,2.22,2.22,2.22,42934
2023-09-12,2.22,2.17,2.34,2.14,773291
2023-09-13,2.16,2.15,2.19,2.1,662960
2023-09-14,2.17,2.21,2.255,2.17,548565
2023-09-15,2.22,2.17,2.26,2.17,883922
2023-09-18,2.18,2.14,2.19,2.07,723151
2023-09-19,2.14,2.1,2.16,2.07,304683
2023-09-20,2.1,2.09,2.14,2.07,401016
2023-09-21,2.08,1.99,2.08,1.955,517793
2023-09-22,2.0,1.95,2.02,1.95,483607
2023-09-25,1.95,2.04,2.05,1.9125,494598
2023-09-26,2.05,2.04,2.16,2.02,274836
2023-09-27,2.06,1.96,2.075,1.93,284741
2023-09-28,1.97,1.84,1.97,1.82,388175
2023-09-29,1.9,1.8,1.92,1.78,420419
2023-10-02,1.81,1.68,1.84,1.66,515670
2023-10-03,1.68,1.61,1.69,1.585,632589
2023-10-04,1.63,1.645,1.655,1.53,1162216
2023-10-05,1.69,1.77,1.81,1.605,484874
2023-10-06,1.79,1.73,1.8,1.6788,296818
2023-10-09,1.73,1.77,1.77,1.65,290720
2023-10-10,1.77,1.86,1.9,1.75,378342
2023-10-11,1.86,1.79,1.88,1.77,313972
2023-10-12,1.8,1.66,1.8411,1.525,847109
2023-10-13,1.66,1.71,1.765,1.55,336203
2023-10-16,1.69,1.725,1.74,1.605,425862
2023-10-17,1.66,1.655,1.72,1.58,538223
2023-10-18,1.63,1.57,1.65,1.56,382204
2023-10-19,1.53,1.6,1.64,1.51,608133
2023-10-20,1.64,1.7,1.73,1.555,540485
2023-10-23,1.7,1.56,1.7,1.525,407543
2023-10-24,1.6,1.45,1.62,1.45,368209
2023-10-25,1.43,1.4,1.45,1.395,242440
2023-10-26,1.39,1.45,1.48,1.38,228570
2023-10-27,1.44,1.42,1.48,1.37,274758
2023-10-30,1.45,1.42,1.4801,1.4,185268
2023-10-31,1.4,1.45,1.46,1.38,209800
2023-11-01,1.46,1.54,1.55,1.43,441723
2023-11-02,1.54,2.11,2.26,1.54,13177767
2023-11-03,2.0,2.36,2.37,1.98,3534576
2023-11-06,2.1,2.04,2.36,1.96,3340581
2023-11-07,1.91,1.99,2.14,1.9,812859
2023-11-08,1.95,1.98,2.025,1.91,567540
2023-11-09,1.91,1.83,1.945,1.775,649528
2023-11-10,1.84,1.72,1.84,1.615,616049
2023-11-13,1.59,1.8,1.82,1.59,533440
2023-11-14,1.75,1.92,1.93,1.75,967857
2023-11-15,1.86,2.02,2.29,1.86,1019230
2023-11-16,2.0,1.92,2.02,1.895,336089
2023-11-17,2.1,2.49,2.59,2.08,5172135
2023-11-20,2.54,2.43,2.7,2.39,1754918
2023-11-21,2.36,2.25,2.435,2.235,767457
2023-11-22,2.32,2.4,2.47,2.28,720289
2023-11-24,2.41,2.67,2.68,2.373,656696
2023-11-27,2.61,2.54,2.76,2.475,1022037
2023-11-28,2.54,2.66,2.7,2.46,671304
2023-11-29,2.65,2.49,2.745,2.46,748033
2023-11-30,2.57,2.42,2.63,2.36,535016
2023-12-01,2.4,2.57,2.63,2.31,776165
2023-12-04,2.62,2.89,2.975,2.5999,1010297
2023-12-05,2.87,2.77,2.9299,2.76,310665
2023-12-06,2.83,3.07,3.1699,2.76,947145
2023-12-07,3.07,3.07,3.17,3.0087,540837
2023-12-08,3.04,3.16,3.355,2.97,817567
2023-12-11,3.0,2.55,3.04,2.44,1234649
2023-12-12,2.57,2.73,2.73,2.5,667875
2023-12-13,2.73,2.9,2.9,2.6,731856
2023-12-14,3.05,3.08,3.22,3.01,719825
2023-12-15,3.06,3.01,3.185,2.95,1001853
2023-12-18,3.05,2.85,3.05,2.82,449776
2023-12-19,2.83,2.99,3.08,2.8,389228
2023-12-20,3.06,2.79,3.06,2.78,479635
2023-12-21,2.93,2.94,2.95,2.73,409399
2023-12-22,2.96,3.04,3.23,2.96,468037
2023-12-26,3.07,3.04,3.12,2.995,291847
2023-12-27,3.07,3.17,3.23,3.0,397590
2023-12-28,3.14,3.24,3.4301,3.14,422790
2023-12-29,3.21,3.04,3.21,2.995,352882
2024-01-02,2.99,3.18,3.32,2.8762,465615
2024-01-03,3.16,3.02,3.17,3.0,298412
2024-01-04,3.01,3.04,3.09,2.98,304790
2024-01-05,3.0,3.01,3.09,2.87,386068
2024-01-08,3.0,3.03,3.08,2.98,338019
2024-01-09,2.97,3.16,3.24,2.95,368605
2024-01-10,3.28,3.19,3.28,3.05,660563
2024-01-11,3.31,3.25,3.57,3.1,917087
2024-01-12,3.3,3.3,3.68,3.275,639241
2024-01-16,3.31,3.31,3.4,3.18,447108
2024-01-17,3.23,3.25,3.28,3.145,264396
2024-01-18,3.27,3.07,3.27,3.03,323960
2024-01-19,3.09,3.12,3.13,3.0,481749
2024-01-22,3.15,3.27,3.3,3.08,309137
2024-01-23,3.34,3.61,3.68,3.34,837983
2024-01-24,3.68,3.74,3.865,3.545,624849
2024-01-25,3.8,4.81,5.11,3.8,3491614
2024-01-26,4.83,4.98,5.07,4.62,1381777
2024-01-29,5.02,4.78,5.02,4.545,868055
2024-01-30,4.73,4.37,4.745,4.335,649507
2024-01-31,4.35,4.01,4.36,3.95,569915
2024-02-01,4.09,4.39,4.47,4.04,1455999
2024-02-02,4.35,4.03,4.4,3.86,1075452
2024-02-05,3.96,4.19,4.21,3.6907,898008
2024-02-06,4.19,4.79,4.83,4.11,1382799
2024-02-07,4.88,4.71,4.88,4.44,655489
2024-02-08,4.71,5.27,5.27,4.67,944587
2024-02-09,5.36,5.38,5.435,5.0,701851
2024-02-12,5.4,5.41,5.6306,5.12,1449043
2024-02-13,5.12,4.85,5.15,4.73,738662
2024-02-14,4.86,4.85,5.11,4.805,557103
2024-02-15,4.97,5.42,5.44,4.855,709364
2024-02-16,5.28,5.41,5.65,5.2097,711774
2024-02-20,5.4,5.41,5.55,5.19,515515
2024-02-21,5.38,5.21,5.46,4.99,558111
2024-02-22,5.25,5.27,5.36,5.025,570137
2024-02-23,5.3,5.3,5.58,5.155,529242
2024-02-26,5.3,5.96,6.0,5.3,685156
2024-02-27,6.0,6.14,6.27,5.81,764026
2024-02-28,6.06,5.85,6.2,5.785,528225
2024-02-29,5.89,6.01,6.21,5.89,506429
2024-03-01,6.03,6.01,6.26,5.9225,509378
2024-03-04,6.12,5.95,6.12,5.39,859895
2024-03-05,5.9,5.87,6.49,5.82,932255
2024-03-06,5.9,5.91,6.19,5.69,774903
2024-03-07,5.96,6.21,6.23,5.725,585741
2024-03-08,6.24,6.18,6.59,6.11,594131
2024-03-11,6.18,5.9,6.32,5.83,528599
2024-03-12,5.9,5.93,6.05,5.6697,495491
2024-03-13,5.92,6.32,6.34,5.8273,474625
2024-03-14,6.29,5.625,6.33,5.56,633144
2024-03-15,5.79,5.86,5.88,5.505,789189
2024-03-18,5.93,5.67,5.995,5.575,903881
2024-03-19,5.59,5.35,5.83,5.31,1614312
2024-03-20,5.3,5.78,5.9,4.92,1192453
2024-03-21,5.9,5.76,6.0,5.49,1104086
2024-03-22,5.96,6.25,6.51,5.74,1611500
2024-03-25,6.232,6.12,6.625,6.04,1167835
2024-03-26,6.23,7.1,7.165,6.195,2158176
2024-03-27,7.16,7.45,7.77,7.09,2883760
2024-03-28,6.81,5.26,6.8805,5.125,3500034
2024-04-01,5.39,4.45,5.39,4.43,1831353
2024-04-02,4.44,4.33,4.5336,4.1835,1039215
2024-04-03,4.25,4.27,4.48,4.2,953523
2024-04-04,4.39,4.08,4.5,4.065,764471
2024-04-05,4.16,4.12,4.26,3.96,597701
2024-04-08,4.1,4.29,4.34,4.03,872676
2024-04-09,4.31,4.47,4.515,4.25,403226
2024-04-10,4.27,4.48,4.525,4.25,551461
2024-04-11,4.53,4.46,4.64,4.37,524482
2024-04-12,4.42,4.41,4.48,4.32,577014
2024-04-15,4.45,3.87,4.45,3.85,583657
2024-04-16,3.84,3.89,3.95,3.68,372226
2024-04-17,3.93,3.6,3.93,3.58,607767
2024-04-18,3.58,3.47,3.65,3.45,566652
2024-04-19,3.47,3.36,3.56,3.3,604281
2024-04-22,3.42,3.42,3.5076,3.29,314299
2024-04-23,3.43,3.33,3.56,3.325,327654
2024-04-24,3.33,3.38,3.46,3.26,455004
2024-04-25,3.3,3.185,3.3,3.17,322041
2024-04-26,3.2,3.28,3.37,3.17,252121
2024-04-29,3.3,3.37,3.48,3.255,314271
2024-04-30,3.31,3.21,3.34,3.2,272631
2024-05-01,3.24,3.53,3.6201,3.22,507168
2024-05-02,3.59,3.7,3.71,3.47,243800
2024-05-03,3.85,3.77,4.06,3.73,305707
2024-05-06,3.82,3.94,4.055,3.75,557995
2024-05-07,3.94,3.98,4.08,3.8416,425463
2024-05-08,3.91,3.83,3.97,3.75,269914
2024-05-09,3.85,3.8,3.965,3.76,415341
2024-05-10,3.86,3.61,3.91,3.59,252320
2024-05-13,3.62,3.83,3.88,3.62,252973
2024-05-14,3.92,3.84,4.06,3.77,284036
2024-05-15,3.94,3.74,4.03,3.72,347866
2024-05-16,3.77,3.74,3.89,3.62,265899
2024-05-17,3.77,3.3,3.77,3.25,442495
2024-05-20,3.3,3.26,3.3399,3.105,473814
2024-05-21,3.25,3.21,3.33,3.14,252217
2024-05-22,3.21,3.26,3.3801,3.1899,570747
2024-05-23,3.24,3.11,3.37,3.1,656895
2024-05-24,3.15,3.07,3.185,3.04,128295
2024-05-28,3.11,3.0,3.14,2.98,760951
2024-05-29,2.98,2.95,3.01,2.9,565778
2024-05-30,3.02,3.02,3.1,2.96,614102
2024-05-31,3.05,3.18,3.21,3.05,300254
2024-06-03,3.2,3.24,3.42,3.13,288713
2024-06-04,3.2,2.97,3.2,2.95,305576
2024-06-05,3.01,3.15,3.15,2.92,245198
2024-06-06,3.17,3.01,3.17,2.975,246480
2024-06-07,2.95,2.89,3.0,2.87,247627
2024-06-10,2.85,2.78,2.86,2.75,465259
2024-06-11,2.79,2.82,2.89,2.67,143088
2024-06-12,2.92,2.79,3.06,2.77,149527
2024-06-13,2.79,2.76,2.82,2.735,128237
2024-06-14,2.73,2.81,2.87,2.69,194133
2024-06-17,2.75,2.69,2.75,2.5601,304041
2024-06-18,2.69,2.61,2.69,2.59,143914
2024-06-20,2.61,2.52,2.62,2.49,176199
2024-06-21,2.55,2.64,2.6638,2.55,229568
2024-06-24,2.66,2.73,2.825,2.64,278605
2024-06-25,2.72,2.53,2.72,2.52,251218
2024-06-26,2.54,2.29,2.56,2.28,440145
2024-06-27,2.31,2.43,2.45,2.25,484431
2024-06-28,2.44,2.35,2.44,2.31,1248159
2024-07-01,2.39,2.37,2.43,2.31,238271
2024-07-02,2.35,2.24,2.35,2.23,183771
2024-07-03,2.24,2.2,2.26,2.185,167198
2024-07-05,2.23,2.35,2.39,2.22,358066
2024-07-08,2.37,2.46,2.49,2.36,289989
2024-07-09,2.47,2.53,2.56,2.38,314691
2024-07-10,2.55,2.52,2.58,2.37,276539
2024-07-11,2.6,2.76,2.78,2.5701,438347
2024-07-12,2.79,3.0,3.0,2.79,473357
2024-07-15,3.01,2.96,3.065,2.9,365174
2024-07-16,3.01,3.24,3.26,2.985,501517
2024-07-17,3.2,3.01,3.202,2.9,444480
2024-07-18,2.98,3.0,3.2081,2.9201,313080
2024-07-19,3.01,2.87,3.085,2.86,167034
2024-07-22,2.88,2.99,3.0,2.76,213495
2024-07-23,3.0,3.12,3.19,2.99,195677
2024-07-24,3.06,3.02,3.24,3.0,179701
2024-07-25,3.05,3.22,3.32,3.01,223060
2024-07-26,3.25,3.25,3.33,3.19,136079
2024-07-29,3.25,3.0,3.26,2.9,404758
2024-07-30,3.04,2.88,3.17,2.825,321394
2024-07-31,2.9,2.91,3.01,2.76,375672
2024-08-01,2.94,2.89,2.96,2.78,242903
2024-08-02,2.83,2.68,2.84,2.66,284875
2024-08-05,2.54,2.49,2.65,2.37,272559
2024-08-06,2.49,2.5,2.62,2.47,140136
2024-08-07,2.56,2.33,2.62,2.33,151736
2024-08-08,2.38,2.45,2.49,2.3113,140883
2024-08-09,2.44,2.44,2.47,2.36,122239
2024-08-12,2.46,2.47,2.5,2.4213,108654
2024-08-13,2.5,2.62,2.65,2.41,160677
2024-08-14,2.57,2.55,2.62,2.5075,210868
2024-08-15,2.7,2.59,2.75,2.42,243492
2024-08-16,2.57,2.47,2.59,2.46,124194
2024-08-19,2.55,2.65,2.68,2.46,145060
2024-08-20,2.62,2.62,2.63,2.53,163832
2024-08-21,2.62,2.79,2.8,2.53,196325
2024-08-22,2.79,2.68,2.81,2.66,134517
2024-08-23,2.73,2.87,2.88,2.7,162938
2024-08-26,2.89,2.92,2.96,2.83,135536
2024-08-27,2.91,2.64,2.91,2.62,128175
2024-08-28,2.61,2.64,2.69,2.57,130281
2024-08-29,2.66,2.48,2.67,2.48,159930
2024-08-30,2.51,2.51,2.69,2.45,128050
2024-09-03,2.47,2.42,2.56,2.39,143824
2024-09-04,2.41,2.42,2.51,2.35,120726
2024-09-05,2.45,2.48,2.53,2.36,335120
2024-09-06,2.45,2.31,2.45,2.29,151653
2024-09-09,2.33,2.38,2.44,2.29,68449
2024-09-10,2.4,2.44,2.45,2.32,112487
2024-09-11,2.44,2.47,2.52,2.355,123513
2024-09-12,2.49,2.38,2.49,2.37,86196
2024-09-13,2.44,2.71,2.71,2.43,295203
2024-09-16,2.72,2.68,2.72,2.58,187215
2024-09-17,2.7,2.68,2.81,2.6501,100681
2024-09-18,2.67,2.66,2.835,2.545,133590
2024-09-19,2.79,2.58,2.798,2.53,130820
2024-09-20,2.53,2.64,2.71,2.48,319016
2024-09-23,2.62,2.51,2.66,2.5,208339
2024-09-24,2.54,2.61,2.61,2.33,203007
2024-09-25,2.6,2.6,2.64,2.48,234616
2024-09-26,2.65,2.71,2.74,2.58,171817
2024-09-27,2.71,2.66,2.8,2.655,135679
2024-09-30,2.65,2.61,2.74,2.57,138709
2024-10-01,2.56,2.6,2.625,2.508,267047
2024-10-02,2.54,2.62,2.635,2.5,97994
2024-10-03,2.57,2.6,2.64,2.52,161213
2024-10-04,2.65,2.66,2.75,2.625,93663
2024-10-07,2.64,2.66,2.68,2.6,83596
2024-10-08,2.64,2.65,2.6793,2.61,103829
2024-10-09,2.65,2.62,2.68,2.57,90498
2024-10-10,2.57,2.69,2.72,2.54,125483
2024-10-11,2.66,2.84,2.84,2.655,188967
2024-10-14,2.84,2.89,2.93,2.7201,148098
2024-10-15,2.89,2.88,2.915,2.8,145163
2024-10-16,2.92,3.0,3.0,2.852,232510
2024-10-17,3.0,3.3,3.3,2.96,354168
2024-10-18,3.26,3.62,3.75,3.22,540567
2024-10-21,3.62,3.67,3.735,3.46,435181
2024-10-22,3.64,3.65,3.75,3.55,355424
2024-10-23,3.61,3.54,3.62,3.3901,309366
2024-10-24,3.56,3.43,3.588,3.4,271003
2024-10-25,3.44,3.74,3.84,3.42,424495
2024-10-28,3.75,3.73,3.84,3.68,307561
2024-10-29,3.74,3.93,4.05,3.66,391530
2024-10-30,3.92,3.95,4.09,3.83,386313
2024-10-31,3.94,3.8,3.96767,3.725,357899
2024-11-01,3.86,3.84,3.94,3.79,146857
2024-11-04,3.89,3.9,3.98,3.805,204496
2024-11-05,3.89,4.38,4.4,3.89,598377
2024-11-06,4.57,4.76,4.83,4.51,610213
2024-11-07,4.77,4.81,4.92,4.7307,375765
2024-11-08,4.79,4.92,4.925,4.75,268106
2024-11-11,5.0,5.34,5.39,4.87,570333
2024-11-12,5.34,5.08,5.363876,5.06,345966
2024-11-13,5.15,5.5,5.5796,5.15,650278
2024-11-14,5.49,5.3,5.63,5.18,499122
2024-11-15,5.34,5.53,5.815,5.08,596873
2024-11-18,5.51,5.66,6.0,5.4152,828276
2024-11-19,5.55,5.64,5.715,5.5,359053
2024-11-20,5.65,5.79,5.915,5.6,355921
2024-11-21,5.79,5.9,6.03,5.66,251008
2024-11-22,5.9,6.19,6.28,5.79,267467
2024-11-25,6.3,6.43,6.66,6.24,348048
2024-11-26,6.43,6.56,6.58,6.07,339624
2024-11-27,6.63,6.55,6.95,6.43,390070
2024-11-29,6.47,6.67,6.81,6.47,74325
2024-12-02,6.78,7.43,7.54,6.645,514200
2024-12-03,7.58,7.27,7.75,7.107,552589
2024-12-04,7.33,7.29,7.5746,7.15,387792
2024-12-05,7.25,7.35,7.43,7.08,234675
2024-12-06,7.37,7.83,8.1,7.37,251513
2024-12-09,8.92,10.15,11.5999,8.775,1985847
2024-12-10,10.29,10.0,10.45,9.65,818725
2024-12-11,9.79,8.94,10.1399,8.93,488647
2024-12-12,8.81,8.37,8.96,8.12,483078
2024-12-13,8.43,8.47,8.781,8.18,325702
2024-12-16,8.5,8.12,9.01,8.1,639899
2024-12-17,8.12,8.87,9.18,8.03,390631
2024-12-18,8.87,8.75,9.55,8.55,618603
2024-12-19,8.87,8.68,8.9917,8.49,231088
2024-12-20,8.44,8.65,8.95,8.33,355247
2024-12-23,9.0,9.25,9.74,8.88,456606
2024-12-24,9.45,9.87,9.88,9.25,253985
2024-12-26,9.88,10.9,11.42,9.78,589995
2024-12-27,10.71,9.98,10.9,9.88,459213
2024-12-30,9.86,9.97,10.09,9.52,364311
2024-12-31,10.0,9.95,10.3388,9.75,822007
2025-01-02,9.94,8.62,9.94,8.3503,691540
2025-01-03,8.68,9.12,9.33,8.645,440319
2025-01-06,9.11,9.32,9.84,9.02,388963
2025-01-07,9.29,9.57,9.815,9.1,500121
2025-01-08,9.46,9.2,9.46,8.99,300366
2025-01-10,8.98,8.32,9.02,8.1,443941
2025-01-13,8.13,7.81,8.28,7.21,553155
2025-01-14,7.87,7.6,7.96,7.5,333056
2025-01-15,7.8,9.03,9.14,7.63,787508
2025-01-16,9.01,7.64,9.01,7.58,404958
2025-01-17,7.72,7.17,7.84,7.16,303231
2025-01-21,7.24,7.5,7.54,6.97,397782
2025-01-22,7.54,8.06,8.17,7.5,331428
2025-01-23,8.0,8.31,8.4,7.775,312800
2025-01-24,8.29,8.01,8.42,7.97,288402
2025-01-27,7.8,7.54,8.19,7.34,502999
2025-01-28,7.54,7.02,7.54,6.83,481665
2025-01-29,7.01,6.75,7.14,6.52,426865
2025-01-30,6.87,6.8,7.135,6.74,337413
2025-01-31,6.81,6.4,6.85,6.36,316538
2025-02-03,6.16,5.82,6.37,5.785,402074
2025-02-04,5.8,5.77,5.9283,5.55,420039
2025-02-05,5.81,5.85,5.9965,5.7,480932
2025-02-06,6.26,5.66,6.26,5.59,332074
2025-02-07,5.64,5.38,5.67,5.26,450422
2025-02-10,5.35,5.34,5.615,5.26,400838
2025-02-11,5.25,5.34,5.36,5.11,309776
2025-02-12,5.12,4.99,5.28,4.9213,313972
2025-02-13,5.05,5.1,5.2653,4.85,298817
2025-02-14,5.05,5.26,5.32,5.05,194877
2025-02-18,5.24,5.15,5.53,5.12,196028
2025-02-19,5.06,5.01,5.24,4.98,234159
2025-02-20,5.17,4.74,5.17,4.71,330471
2025-02-21,4.8,4.45,4.825,4.43,224660
2025-02-24,4.47,4.23,4.502,4.21,278141
2025-02-25,4.32,3.84,4.33,3.8194,438779
2025-02-26,3.76,4.14,4.19,3.76,552756
2025-02-27,4.16,4.01,4.245,3.99,243033
2025-02-28,3.98,4.11,4.255,3.955,318547
2025-03-03,4.15,3.9,4.305,3.84,294268
2025-03-04,3.85,3.78,3.95,3.59,382892
2025-03-05,3.81,3.88,4.097,3.73,194966
2025-03-06,3.75,3.76,3.87,3.61,307559
2025-03-07,3.75,3.62,3.825,3.6,225757
2025-03-10,3.54,3.72,3.85,3.4176,671049
2025-03-11,3.7,3.65,3.73,3.4204,350978
2025-03-12,3.71,3.8,3.89,3.685,393922
2025-03-13,3.79,3.45,3.817,3.395,226899
2025-03-14,3.5,3.64,3.697,3.49,236059
2025-03-17,3.62,3.45,3.665,3.4,331963
2025-03-18,3.37,3.24,3.47,3.1416,482536
2025-03-19,3.29,3.35,3.38,3.17,265574
2025-03-20,3.29,3.21,3.397,3.18,293765
2025-03-21,3.12,3.28,3.3,3.01,563416
2025-03-24,3.37,3.52,3.59,3.3,214813
2025-03-25,3.49,3.205,3.49,3.125,358398
2025-03-26,3.21,3.01,3.265,2.9701,285032
2025-03-27,3.02,3.06,3.14,2.99,320826
2025-03-28,2.97,2.91,3.14,2.85,385172
2025-03-31,2.81,2.805,2.85,2.67,718536
2025-04-01,2.79,2.56,2.855,2.56,419605
2025-04-02,2.48,2.67,2.74,2.48,274759
2025-04-03,2.47,2.4,2.5318,2.4,304382
2025-04-04,2.31,2.35,2.36,2.1,541891
2025-04-07,2.19,2.18,2.35,2.035,586990
2025-04-08,2.31,2.06,2.31,2.01,487556
2025-04-09,2.0,2.3,2.33,1.92,926682
2025-04-10,2.2,2.095,2.24,2.015,274790
2025-04-11,2.1,2.18,2.21,2.02,175204
