2020-11-17,19.9,19.9867,20.2,19.9,102875
2020-11-18,20.1,19.8883,20.1,19.8832,8957
2020-11-19,19.8,19.8194,19.82,19.755,2046
2020-11-20,19.89,19.8405,19.89,19.8275,3059
2020-11-23,19.99,19.9892,19.99,19.9492,3898
2020-11-24,20.2391,20.4136,20.43,20.2391,2986
2020-11-25,20.45,20.2514,20.45,20.15,23699
2020-11-27,20.19,20.1508,20.19,20.1508,2886
2020-11-30,20.0798,19.8627,20.0798,19.8627,1112
2020-12-01,20.26,20.2345,20.26,20.2345,1044
2020-12-02,20.22,20.2667,20.2667,20.22,1343
2020-12-03,20.57,20.4882,20.57,20.47,2217
2020-12-04,20.7,20.7424,20.78,20.7,1691
2020-12-07,20.66,20.5567,20.67,20.5567,1982
2020-12-08,20.6,20.6319,20.67,20.6,1685
2020-12-09,20.73,20.755,20.755,20.6408,1722
2020-12-10,20.58,20.6778,20.71,20.58,3645
2020-12-11,20.66,20.6687,20.7,20.561,25250
2020-12-14,20.705,20.4045,20.705,20.4045,4138
2020-12-15,20.5491,20.6973,20.74,20.5491,4452
2020-12-16,20.718,20.66,20.72,20.61,1030
2020-12-17,20.62,20.5994,20.62,20.5808,1402
2020-12-18,20.69,20.5071,20.72,20.434,8040
2020-12-21,20.26,20.3906,20.45,20.26,810
2020-12-22,20.3502,20.3125,20.46,20.3125,2951
2020-12-23,20.64,20.681,20.71,20.64,1813
2020-12-24,20.587,20.6591,20.7191,20.587,600
2020-12-28,20.76,20.6843,20.77,20.66,5297
2020-12-29,20.81,20.6125,20.81,20.555,8153
2020-12-30,20.66,20.653,20.69,20.653,2460
2020-12-31,20.66,20.8413,20.88,20.66,3517
2021-01-04,21.0798,20.8363,21.0798,20.83,3170
2021-01-05,20.94,21.0331,21.0331,20.94,1039
2021-01-06,21.39,21.6387,21.68,21.3206,1427
2021-01-07,21.58,21.5605,21.69,21.517,3700
2021-01-08,21.35,21.3805,21.3805,21.28,2050
2021-01-11,21.35,21.3902,21.439,21.35,702
2021-01-12,21.455,21.5191,21.5191,21.455,270
2021-01-13,21.435,21.4994,21.54,21.405,1853
2021-01-14,21.81,21.6759,21.81,21.6759,307
2021-01-15,21.49,21.5059,21.62,21.49,2187
2021-01-19,21.6699,21.4945,21.6699,21.4945,1092
2021-01-20,21.56,21.5556,21.57,21.5,1489
2021-01-21,21.33,21.3538,21.3538,21.32,1393
2021-01-22,21.36,21.3625,21.3625,21.36,104
2021-01-25,21.18,21.2014,21.2614,21.18,2493
2021-01-26,21.16,21.002,21.16,21.002,2726
2021-01-27,20.71,20.4745,20.71,20.4745,112
2021-01-28,20.73,20.74,20.85,20.2208,34793
2021-01-29,20.63,20.46,20.63,20.3415,5301
2021-02-01,20.545,20.7332,20.7332,20.54,1533
2021-02-02,20.85,20.8979,20.8979,20.85,335
2021-02-03,20.9738,20.9738,20.9738,20.9738,135
2021-02-04,20.9892,20.9892,20.9892,20.9892,27
2021-02-05,21.16,21.1272,21.16,21.1272,267
2021-02-08,21.205,21.2664,21.2664,21.205,603
2021-02-09,21.06,21.1619,21.1619,21.06,1426
2021-02-10,21.33,21.32,21.33,21.32,505
2021-02-11,21.315,21.2766,21.34,21.2766,494
2021-02-12,21.3776,21.3776,21.3776,21.3776,9
2021-02-16,21.459,21.4647,21.4647,21.459,100
2021-02-17,21.5,21.4827,21.5,21.4708,252
2021-02-18,21.29,21.29,21.29,21.29,1
2021-02-19,21.4999,21.4494,21.4999,21.4494,231
2021-02-22,21.45,21.5744,21.6344,21.45,241
2021-02-23,21.67,21.6317,21.67,21.6317,5614
2021-02-24,21.9075,21.9075,21.9075,21.9075,28
2021-02-25,21.6217,21.4646,21.6217,21.4646,294
2021-02-26,21.295,21.2698,21.295,21.2698,488
2021-03-01,21.645,21.6196,21.645,21.6196,726
2021-03-02,21.7403,21.7403,21.7403,21.7403,15
2021-03-03,21.8367,21.8367,21.8367,21.8367,10
2021-03-04,21.87,21.6585,21.905,21.6,13262
2021-03-05,22.1981,22.1981,22.1981,22.1981,121
2021-03-08,22.325,22.506,22.506,22.325,156
2021-03-09,22.43,22.2793,22.43,22.2793,243
2021-03-10,22.607,22.6265,22.6265,22.607,107
2021-03-11,22.6361,22.6361,22.6361,22.6361,21
2021-03-12,22.88,22.8715,22.88,22.8581,206
2021-03-15,22.9881,22.9881,22.9881,22.9881,7
2021-03-16,22.8919,22.8919,22.8919,22.8919,93
2021-03-17,22.9607,22.9607,22.9607,22.9607,0
2021-03-18,23.04,22.7253,23.04,22.7253,45717
2021-03-19,22.66,22.6154,22.66,22.6154,303
2021-03-22,22.4897,22.4897,22.4897,22.4897,104
2021-03-23,22.42,22.0363,22.42,22.0363,2572
2021-03-24,22.1992,22.1992,22.1992,22.1992,83
2021-03-25,22.25,22.4906,22.5506,22.25,1033
2021-03-26,22.7,22.9643,22.9643,22.7,1706
2021-03-29,23.04,22.9232,23.04,22.9232,292
2021-03-30,22.9107,22.9107,22.9107,22.9107,18
2021-03-31,22.8513,22.8513,22.8513,22.8513,289
2021-04-01,22.88,23.0068,23.0068,22.88,286
2021-04-05,23.183,23.1837,23.23,23.18,1290
2021-04-06,23.1893,23.1893,23.1893,23.1893,5
2021-04-07,23.1624,23.1624,23.1624,23.1624,37
2021-04-08,23.44,22.9974,23.44,22.9601,726
2021-04-09,23.02,23.0497,23.0497,23.02,282
2021-04-12,23.058,23.058,23.058,23.058,29
2021-04-13,22.83,22.9384,22.9384,22.83,406
2021-04-14,23.1857,23.1857,23.1857,23.1857,79
2021-04-15,23.3,23.3118,23.3118,23.3,1082
2021-04-16,23.505,23.505,23.505,23.505,2
2021-04-19,23.5033,23.5033,23.5033,23.5033,69
2021-04-20,23.2513,23.2513,23.2513,23.2513,47
2021-04-21,23.4,23.4613,23.4613,23.4,544
2021-04-22,23.325,23.329,23.329,23.325,211
2021-04-23,23.4801,23.5679,23.5679,23.4801,341
2021-04-26,23.68,23.5722,23.68,23.6322,2223
2021-04-27,23.7051,23.7051,23.7051,23.7051,4
2021-04-28,23.709,23.709,23.709,23.709,0
2021-04-29,23.89,23.8744,23.89,23.855,2490
2021-04-30,23.72,23.6855,23.76,23.6855,379
2021-05-03,24.0564,24.0564,24.0564,24.0564,98
2021-05-04,24.1601,24.2506,24.2506,24.16,2481
2021-05-05,24.4418,24.4418,24.4418,24.4418,1
2021-05-06,24.31,24.6456,24.6456,24.31,125
2021-05-07,24.8106,24.8707,24.8707,24.8106,311
2021-05-10,25.18,25.1039,25.38,25.1039,4717
2021-05-11,24.95,24.7812,24.95,24.7812,371
2021-05-12,24.8399,24.4816,24.84,24.4816,443
2021-05-13,25.04,24.9549,25.04,24.9549,104
2021-05-14,25.19,25.1384,25.19,25.1384,965
2021-05-17,25.14,25.2758,25.2758,25.09,1857
2021-05-18,25.31,24.9991,25.31,24.9991,517
2021-05-19,24.6,24.7431,24.7431,24.6,1031
2021-05-20,24.71,24.7081,24.71,24.7,913
2021-05-21,24.95,24.9431,24.95,24.9431,137
2021-05-24,24.91,24.7628,24.91,24.8228,856
2021-05-25,24.59,24.52,24.59,24.52,4094
2021-05-26,24.56,24.5148,24.56,24.5148,135
2021-05-27,24.6342,24.6342,24.6342,24.6342,24
2021-05-28,24.6281,24.6281,24.6281,24.6281,4
2021-06-01,24.63,24.9051,24.92,24.63,1649
2021-06-02,24.7488,24.7488,24.7488,24.7488,46
2021-06-03,24.93,24.956,24.956,24.9099,1313
2021-06-04,24.91,24.94,24.94,24.88,1718
2021-06-07,24.78,24.7101,24.82,24.7101,2077
2021-06-08,24.61,24.6262,24.6262,24.61,265
2021-06-09,24.545,24.6201,24.69,24.545,343
2021-06-10,24.6926,24.6926,24.6926,24.6926,5
2021-06-11,24.62,24.67,24.67,24.62,284
2021-06-14,24.5,24.3523,24.5,24.29,869
2021-06-15,24.33,24.4754,24.4754,24.32,1120
2021-06-16,24.26,24.2692,24.44,24.26,5394
2021-06-17,24.18,23.5921,24.18,23.51,27014
2021-06-18,23.25,23.18,23.25,23.18,234
2021-06-21,23.6,23.6307,23.6307,23.6,501
2021-06-22,23.54,23.507,23.565,23.507,1300
2021-06-23,23.5,23.335,23.5,23.335,296
2021-06-24,23.24,23.3216,23.3816,23.24,201
2021-06-25,23.38,23.49,23.49,23.38,1235
2021-06-28,23.1854,23.1854,23.1854,23.1854,97
2021-06-29,23.1111,23.1347,23.1347,23.1111,306
2021-06-30,23.2172,23.2172,23.2172,23.2172,27
2021-07-01,23.3995,23.3995,23.3995,23.3995,59
2021-07-02,23.49,23.49,23.49,23.49,137
2021-07-06,23.25,23.1222,23.25,23.05,4765
2021-07-07,23.2777,23.2777,23.2777,23.2777,85
2021-07-08,23.0208,23.0208,23.0208,23.0208,0
2021-07-09,23.41,23.47,23.47,23.3,462
2021-07-12,23.49,23.4611,23.52,23.4611,636
2021-07-13,23.26,23.2488,23.26,23.2488,108
2021-07-14,23.25,23.3952,23.3952,23.25,1004
2021-07-15,23.53,23.406,23.53,23.406,653
2021-07-16,23.14,23.14,23.14,23.14,225
2021-07-19,22.47,22.5224,22.5224,22.47,346
2021-07-20,22.99,22.8031,22.99,22.8031,102
2021-07-21,23.14,23.0383,23.14,23.0383,1026
2021-07-22,22.8,22.9139,22.9139,22.8,1828
2021-07-23,23.023,23.023,23.023,23.023,14
2021-07-26,23.14,23.08,23.14,23.14,140
2021-07-27,23.24,23.1516,23.24,23.119,719
2021-07-28,23.33,23.287,23.33,23.287,279
2021-07-29,23.52,23.4468,23.52,23.44,2152
2021-07-30,23.38,23.38,23.38,23.38,141
2021-08-02,23.38,23.2251,23.41,23.2251,906
2021-08-03,23.345,23.4646,23.4646,23.345,337
2021-08-04,23.1861,23.1861,23.1861,23.1861,0
2021-08-05,23.1647,23.1647,23.1647,23.1647,2
2021-08-06,23.4655,23.4655,23.4655,23.4655,0
2021-08-09,23.42,23.3798,23.42,23.3798,103
2021-08-10,23.6055,23.6055,23.6055,23.6055,77
2021-08-11,23.775,23.84,23.84,23.775,235
2021-08-12,23.8701,23.8701,23.8701,23.8701,12
2021-08-13,23.9207,23.9207,23.9207,23.9207,6
2021-08-16,23.9779,23.9779,23.9779,23.9779,4
2021-08-17,23.89,23.871,23.89,23.871,149
2021-08-18,23.6383,23.6383,23.6383,23.6383,9
2021-08-19,23.3907,23.4211,23.44,23.3907,504
2021-08-20,23.51,23.572,23.572,23.51,405
2021-08-23,23.6657,23.6657,23.6657,23.6657,0
2021-08-24,23.71,23.7158,23.7158,23.71,114
2021-08-25,23.7681,23.7681,23.7681,23.7681,2
2021-08-26,23.6,23.6126,23.6126,23.58,1055
2021-08-27,23.82,23.918,24.0,23.82,614
2021-08-30,23.79,23.7843,23.82,23.7843,3104
2021-08-31,23.92,23.9204,23.9204,23.8999,1791
2021-09-01,23.86,23.826,23.86,23.826,1001
2021-09-02,23.95,24.0,24.0,23.95,733
2021-09-03,23.8717,23.8717,23.8717,23.8717,38
2021-09-07,23.65,23.5727,23.65,23.5727,102
2021-09-08,23.54,23.54,23.54,23.54,87
2021-09-09,23.3502,23.3502,23.3502,23.3502,3
2021-09-10,23.2393,23.1475,23.2393,23.1475,108
2021-09-13,23.3481,23.3481,23.3481,23.3481,0
2021-09-14,23.15,23.1011,23.15,23.1011,111
2021-09-15,23.3897,23.3897,23.3897,23.3897,5
2021-09-16,23.2141,23.2141,23.2141,23.2141,0
2021-09-17,23.0909,23.0909,23.0909,23.0909,3
2021-09-20,22.8272,22.8272,22.8272,22.8272,28
2021-09-21,22.815,22.815,22.815,22.815,0
2021-09-22,23.16,23.0266,23.16,23.0266,121
2021-09-23,23.321,23.321,23.321,23.321,0
2021-09-24,23.43,23.33,23.4357,23.39,225
2021-09-27,23.59,23.5371,23.59,23.5371,601
2021-09-28,23.66,23.6025,23.71,23.6025,312
2021-09-29,23.7755,23.7755,23.7755,23.7755,2
2021-09-30,23.655,23.4637,23.655,23.4637,506
2021-10-01,23.7749,23.7749,23.7749,23.7749,48
2021-10-04,23.96,23.9526,23.96,23.9526,101
2021-10-05,23.9838,23.9838,23.9838,23.9838,1
2021-10-06,23.67,23.9006,23.9006,23.67,500
2021-10-07,23.9353,23.9353,23.9353,23.9353,0
2021-10-08,23.9,23.8745,23.9,23.8745,733
2021-10-11,23.7563,23.7563,23.7563,23.7563,0
2021-10-12,23.7326,23.7326,23.7326,23.7326,0
2021-10-13,23.64,23.6236,23.64,23.6236,342
2021-10-14,23.9254,23.9254,23.9254,23.9254,1
2021-10-15,23.8855,23.8855,23.8855,23.8855,4
2021-10-18,23.675,23.6814,23.6814,23.675,100
2021-10-19,23.7871,23.7871,23.7871,23.7871,1
2021-10-20,24.06,24.071,24.12,24.05,335
2021-10-21,23.8924,23.8924,23.8924,23.8924,1
2021-10-22,24.0659,24.0659,24.0659,24.0659,20
2021-10-25,24.0182,23.9582,24.0182,24.0182,1
2021-10-26,23.85,23.774,23.85,23.774,745
2021-10-27,23.57,23.4854,23.57,23.4854,102
2021-10-28,23.5,23.6251,23.6251,23.5,210
2021-10-29,23.4991,23.4991,23.4991,23.4991,3
2021-11-01,23.6135,23.6135,23.6135,23.6135,34
2021-11-02,23.5418,23.5418,23.5418,23.5418,91
2021-11-03,23.78,23.7675,23.78,23.7675,2268
2021-11-04,24.02,23.4664,24.02,23.4664,120
2021-11-05,23.7312,23.7312,23.7312,23.7312,0
2021-11-08,23.8126,23.8126,23.8126,23.8126,0
2021-11-09,23.804,23.804,23.804,23.804,3
2021-11-10,23.94,23.9304,23.94,23.9304,700
2021-11-11,23.99,23.99,23.99,23.99,126
2021-11-12,23.9068,23.9068,23.9068,23.9068,3
2021-11-15,23.874,23.874,23.874,23.874,0
2021-11-16,23.7015,23.7015,23.7015,23.7015,55
2021-11-17,23.575,23.6554,23.6554,23.575,200
2021-11-18,23.5275,23.5275,23.5275,23.5275,0
2021-11-19,23.23,23.2539,23.3,23.23,1203
2021-11-22,23.58,23.5238,23.58,23.5238,100
2021-11-23,23.7404,23.6754,23.7404,23.7404,123
2021-11-24,23.5728,23.5728,23.5728,23.5728,0
2021-11-26,22.983,22.983,22.983,22.983,5
2021-11-29,22.9626,22.9626,22.9626,22.9626,4
2021-11-30,22.6,22.4686,22.6,22.4686,227
2021-12-01,22.3741,22.3741,22.3741,22.3741,34
2021-12-02,22.8311,22.8311,22.8311,22.8311,55
2021-12-03,23.1199,23.1358,23.1358,23.1199,244
2021-12-06,23.62,23.5465,23.62,23.5465,236
2021-12-07,23.4727,23.4727,23.4727,23.4727,58
2021-12-08,23.4098,23.4098,23.4098,23.4098,23
2021-12-09,23.4,23.3951,23.4,23.37,888
2021-12-10,23.5563,23.5563,23.5563,23.5563,25
2021-12-13,23.31,23.6117,23.6117,23.31,648
2021-12-14,23.6221,23.6221,23.6221,23.6221,0
2021-12-15,23.6899,23.6899,23.6899,23.6899,3
2021-12-16,24.1784,24.1784,24.1784,24.1784,9
2021-12-17,23.8213,23.8213,23.8213,23.8213,4
2021-12-20,23.5987,23.5987,23.5987,23.5987,25
2021-12-21,23.84,23.8305,23.84,23.8305,202
2021-12-22,23.9796,23.9796,23.9796,23.9796,0
2021-12-23,24.1306,24.1357,24.1357,24.1306,194
2021-12-27,24.3106,24.2456,24.3106,24.3106,69
2021-12-28,24.39,24.4531,24.4531,24.39,129
2021-12-29,24.5739,24.5739,24.5739,24.5739,0
2021-12-30,24.53,24.5335,24.5335,24.53,1003
2021-12-31,24.695,24.695,24.695,24.695,33
2022-01-03,24.6893,24.6893,24.6893,24.6893,31
2022-01-04,25.12,25.0397,25.18,25.0397,1623
2022-01-05,25.09,25.1067,25.115,25.09,1875
2022-01-06,25.2463,25.2463,25.2463,25.2463,47
2022-01-07,25.54,25.5406,25.6,25.54,911
2022-01-10,25.49,25.5327,25.5327,25.49,505
2022-01-11,25.7297,25.7297,25.7297,25.7297,0
2022-01-12,25.76,25.8021,25.8021,25.7599,559
2022-01-13,26.07,26.0564,26.17,26.0564,5277
2022-01-14,26.065,26.2651,26.29,26.065,1545
2022-01-18,26.67,26.4176,26.67,26.255,4909
2022-01-19,26.2022,26.3829,26.5,26.19,5356
2022-01-20,26.19,25.9983,26.32,25.9983,2621
2022-01-21,26.0192,26.0192,26.0192,26.0192,120
2022-01-24,25.6,25.9584,25.9584,25.57,1863
2022-01-25,25.5799,26.0294,26.0944,25.5799,350
2022-01-26,25.8204,25.8204,25.8204,25.8204,59
2022-01-27,25.99,25.899,25.99,25.8851,5025
2022-01-28,25.8,26.007,26.01,25.8,3640
2022-01-31,25.8,25.8991,25.9,25.8,4634
2022-02-01,25.88,25.9942,25.9942,25.8377,7844
2022-02-02,26.12,26.2621,26.28,26.12,10747
2022-02-03,26.35,26.3378,26.35,26.28,12652
2022-02-04,26.34,26.1435,26.35,25.98,7959
2022-02-07,25.95,26.1585,26.31,25.95,4288
2022-02-08,26.29,26.3323,26.4,26.27,4483
2022-02-09,26.42,26.3627,26.43,26.347,1225
2022-02-10,26.64,26.1817,26.64,26.18,6946
2022-02-11,26.16,26.2601,26.39,26.1501,2399
2022-02-14,25.89,26.0773,26.0773,25.834,2382
2022-02-15,26.16,26.1525,26.2,26.1525,1775
2022-02-16,26.37,26.316,26.37,26.27,3870
2022-02-17,26.242,26.3363,26.48,26.242,2203
2022-02-18,26.515,26.3683,26.52,26.3683,5126
2022-02-22,26.51,26.3139,26.59,26.3789,10982
2022-02-23,26.43,26.1538,26.43,26.1538,1931
2022-02-24,26.15,26.0841,26.15,25.77,6585
2022-02-25,26.498,26.6017,26.66,26.42,806805
2022-02-28,26.4,26.3177,26.4,26.15,4971
2022-03-01,26.5,26.1998,26.5,26.1209,4149
2022-03-02,26.54,26.6587,26.77,26.52,5024
2022-03-03,26.81,26.9513,26.9513,26.67,9792
2022-03-04,26.87,27.1881,27.1881,26.87,3585
2022-03-07,27.2,27.0621,27.34,26.975,41241
2022-03-08,27.08,26.6818,27.08,26.6818,4285
2022-03-09,26.82,26.8002,26.9,26.795,1849
2022-03-10,26.8,26.9319,26.9319,26.72,26840
2022-03-11,27.0,26.8544,27.07,26.8544,4294
2022-03-14,26.87,26.8808,27.08,26.75,11430
2022-03-15,27.06,26.9334,27.06,26.8,11795
2022-03-16,27.08,26.8353,27.08,26.6301,10435
2022-03-17,26.96,27.0314,27.06,26.83,73979
2022-03-18,27.63,26.9782,27.63,26.75,9431
2022-03-21,27.3499,27.3164,27.42,27.25,5029
2022-03-22,27.41,27.2776,27.47,27.2776,3574
2022-03-23,27.28,27.1375,27.28,27.1375,38785
2022-03-24,27.37,27.1795,27.37,27.13,2434
2022-03-25,27.47,27.6204,27.69,27.47,6276
2022-03-28,27.5099,27.4381,27.52,27.41,3679
2022-03-29,27.26,27.4369,27.4369,27.215,4166
2022-03-30,27.49,27.5088,27.5088,27.42,3468
2022-03-31,27.64,27.4265,27.64,27.4265,10290
2022-04-01,27.56,27.7249,27.73,27.45,5957
2022-04-04,27.73,27.2664,27.73,27.165,60064
2022-04-05,27.63,27.4685,27.67,27.46,64477
2022-04-06,27.23,27.8038,27.93,27.23,83451
2022-04-07,27.83,28.0311,28.07,27.775,6159
2022-04-08,28.41,28.34,28.41,28.19,17240
2022-04-11,28.18,28.1862,28.47,28.18,15050
2022-04-12,28.2,28.23,28.46,28.17,15719
2022-04-13,28.25,28.22,28.25,28.045,176368
2022-04-14,28.36,28.4528,28.609,28.36,5976
2022-04-18,28.72,28.4,28.72,28.305,13985
2022-04-19,28.5,28.5522,28.62,28.495,13423
2022-04-20,28.859,29.0934,29.13,28.82,102881
2022-04-21,29.36,28.9309,29.36,28.9309,73150
2022-04-22,28.78,28.2896,28.78,28.26,23482
2022-04-25,28.25,28.1444,28.25,27.73,17867
2022-04-26,28.19,27.9232,28.28,27.92,22593
2022-04-27,28.34,28.234,28.49,27.94,7140
2022-04-28,28.31,28.1771,28.31,28.03,6076
2022-04-29,28.02,27.5603,28.028,27.5603,10352
2022-05-02,27.78,27.35,27.78,27.1,36352
2022-05-03,27.73,27.7867,27.919,27.43,5038
2022-05-04,28.0,28.2673,28.33,27.89,43450
2022-05-05,28.37,28.09,28.4,27.9786,47525
2022-05-06,28.37,28.16,28.37,27.89,60257
2022-05-09,28.08,27.76,28.08,27.665,23846
2022-05-10,27.84,27.6496,27.955,27.53,17536
2022-05-11,27.91,28.23,28.41,27.894,19913
2022-05-12,28.21,28.16,28.32,27.8411,25684
2022-05-13,28.25,28.1799,28.25,28.0,21703
2022-05-16,28.4,28.5454,28.6,28.18,30890
2022-05-17,28.93,28.9208,28.989,28.53,47200
2022-05-18,28.91,28.46,28.91,28.41,63202
2022-05-19,28.43,28.34,28.43,28.06,25931
2022-05-20,28.52,28.5,28.52,28.1394,17085
2022-05-23,28.83,29.01,29.13,28.795,14542
2022-05-24,29.005,29.3618,29.45,28.835,26538
2022-05-25,29.49,29.24,29.49,29.16,45914
2022-05-26,29.38,29.1266,29.43,29.08,39718
2022-05-27,29.08,29.1983,29.199,29.01,23635
2022-05-31,29.44,29.22,29.44,28.871,58028
2022-06-01,29.27,29.12,29.28,28.8708,14284
2022-06-02,29.04,29.37,29.37,29.01,16753
2022-06-03,29.45,29.37,29.45,29.26,27252
2022-06-06,29.58,29.31,29.58,29.3,89660
2022-06-07,29.34,29.41,29.42,29.21,21822
2022-06-08,29.35,29.04,29.35,29.0,43436
2022-06-09,29.05,28.66,29.06,28.65,40256
2022-06-10,28.5,28.43,28.6,28.27,32856
2022-06-13,28.2,27.74,28.2,27.58,85413
2022-06-14,27.85,27.49,27.85,27.34,46252
2022-06-15,27.6,27.49,27.76,27.1901,30151
2022-06-16,27.26,26.9,27.26,26.77,187243
2022-06-17,26.95,26.69,26.95,26.68,19293
2022-06-21,26.93,27.17,27.22,26.8101,45219
2022-06-22,26.86,27.12,27.23,26.86,12488
2022-06-23,27.18,26.78,27.21,26.5901,58079
2022-06-24,26.7,27.215,27.28,26.7,57094
2022-06-27,27.21,27.46,27.46,27.21,2858
2022-06-28,27.58,27.42,27.7499,27.39,6033
2022-06-29,27.56,27.3761,27.56,27.2913,13737
2022-06-30,27.21,27.25,27.3499,27.02,30419
2022-07-01,27.125,27.54,27.54,27.0001,7391
2022-07-05,27.8,26.78,27.8,26.611,18413
2022-07-06,26.83,26.8,26.9,26.5801,83445
2022-07-07,26.96,26.8403,27.01,26.7701,11469
2022-07-08,27.02,26.7874,27.02,26.76,7113
2022-07-11,26.75,26.8098,26.928,26.75,3682
2022-07-12,26.76,26.6978,26.95,26.6701,10577
2022-07-13,26.49,26.6206,26.6708,26.49,57893
2022-07-14,26.2699,26.2887,26.32,26.09,24990
2022-07-15,26.4,26.53,26.62,26.4,3171
2022-07-18,26.63,26.4116,26.7,26.34,18631
2022-07-19,26.5,26.9336,26.9499,26.5,24026
2022-07-20,26.695,26.7115,26.7899,26.66,4691
2022-07-21,26.5099,26.6454,26.66,26.48,4087
2022-07-22,26.8543,26.7262,26.93,26.7,14919
2022-07-25,26.92,26.935,27.0805,26.86,16794
2022-07-26,27.125,27.1393,27.19,27.0526,5438
2022-07-27,27.0,27.1406,27.16,26.88,4853
2022-07-28,27.18,27.276,27.32,27.02,77738
2022-07-29,27.3699,27.54,27.54,27.33,4565
2022-08-01,27.5,27.3454,27.5,27.2101,10130
2022-08-02,27.43,27.1202,27.43,27.12,4183
2022-08-03,27.0694,26.94,27.119,26.9,16090
2022-08-04,27.05,26.89,27.05,26.82,22936
2022-08-05,26.5,26.8525,26.8525,26.5,13961
2022-08-08,26.995,26.895,26.995,26.84,16288
2022-08-09,27.01,27.1183,27.215,27.01,8322
2022-08-10,27.3,27.3861,27.4264,27.3,11410
2022-08-11,27.4601,27.6126,27.69,27.4601,7223
2022-08-12,27.74,27.85,27.85,27.625,10416
2022-08-15,27.64,27.91,27.98,27.64,7021
2022-08-16,27.9,28.0991,28.0991,27.9,8697
2022-08-17,28.0,27.9505,28.07,27.921,17535
2022-08-18,27.96,28.0117,28.09,27.96,11456
2022-08-19,27.95,27.9991,28.099,27.92,17927
2022-08-22,27.95,27.7404,27.95,27.72,8968
2022-08-23,27.69,27.8367,27.9,27.69,7980
2022-08-24,27.87,27.7918,27.87,27.66,11350
2022-08-25,28.1099,28.09732,28.1676,28.01,2677
2022-08-26,28.185,27.819,28.25,27.819,15436
2022-08-29,27.72,27.8057,27.94,27.6301,118197
2022-08-30,27.71,27.4006,27.75,27.4,54137
2022-08-31,27.45,27.322,27.5489,27.3,15013
2022-09-01,27.11,27.3299,27.4,27.11,29558
2022-09-02,27.53,27.2658,27.6688,27.2658,17149
2022-09-06,27.24,27.0112,27.25,27.011,17743
2022-09-07,26.97,27.3229,27.325,26.97,4631
2022-09-08,27.2,27.333,27.41,27.152,9433
2022-09-09,27.58,27.5834,27.65,27.445,16244
2022-09-12,27.7202,27.7545,27.83,27.71,10284
2022-09-13,27.65,27.2427,27.65,27.2427,5666
2022-09-14,27.33,27.1268,27.33,27.1268,3076
2022-09-15,27.13,26.9,27.13,26.9,14987
2022-09-16,26.6901,26.66,26.7868,26.585,9534
2022-09-19,26.49,27.0,27.0,26.49,12756
2022-09-20,26.84,26.7248,26.85,26.58,12617
2022-09-21,26.8,26.5128,26.91,26.51,14604
2022-09-22,26.4459,26.46,26.58,26.4,13256
2022-09-23,26.2,25.9523,26.2,25.75,12744
2022-09-26,25.85,25.5102,25.85,25.46,20247
2022-09-27,25.62,25.3523,25.62,25.2807,16401
2022-09-28,25.4,25.76,25.87,25.4,33582
2022-09-29,25.72,25.66,25.72,25.53,3321
2022-09-30,25.67,25.4876,25.76,25.4876,3235
2022-10-03,25.78,26.0,26.08,25.7532,11694
2022-10-04,26.18,26.6285,26.6285,26.18,9359
2022-10-05,26.54,26.57,26.71,26.44,15234
2022-10-06,26.56,26.4216,26.59,26.3947,72776
2022-10-07,26.16,26.23,26.329,26.05,37648
2022-10-10,26.28,26.269,26.39,26.185,13368
2022-10-11,26.25,26.2608,26.52,26.21,15982
2022-10-12,26.22,26.1308,26.28,26.1308,2443
2022-10-13,26.1224,26.7315,26.78,26.1224,4456
2022-10-14,26.54,26.3081,26.54,26.3081,38779
2022-10-17,26.64,26.4857,26.66,26.46,17938
2022-10-18,26.84,26.7388,26.84,26.67,20150
2022-10-19,26.74,26.5801,26.74,26.5,18188
2022-10-20,26.69,26.5631,26.8493,26.5631,2405
2022-10-21,26.8245,27.0707,27.11,26.8245,10612
2022-10-24,27.43,27.2958,27.43,27.215,5863
2022-10-25,27.2104,27.3713,27.4367,27.2104,123073
2022-10-26,27.45,27.6765,27.79,27.45,18675
2022-10-27,27.8107,27.8706,27.9998,27.8,9378
2022-10-28,27.9,28.0331,28.0331,27.87,5620
2022-10-31,28.02,27.9941,28.06,27.91,21820
2022-11-01,28.14,28.0329,28.14,27.9199,4903
2022-11-02,27.885,27.605,27.92,27.56,14596
2022-11-03,27.23,27.2441,27.5,27.1,13782
2022-11-04,27.47,27.7874,27.86,27.47,20421
2022-11-07,27.98,28.1123,28.15,27.92,10730
2022-11-08,28.14,28.2451,28.43,28.077,15242
2022-11-09,28.15,27.8739,28.2,27.85,7883
2022-11-10,28.405,28.4731,28.48,28.245,13525
2022-11-11,28.61,28.39,28.61,28.29,7491
2022-11-14,28.42,28.2714,28.58,28.27,10530
2022-11-15,28.395,28.351,28.42,28.25,14126
2022-11-16,28.52,28.3664,28.56,28.325,11791
2022-11-17,28.19,28.3829,28.39,28.18,8494
2022-11-18,28.6199,28.695,28.75,28.59,4494
2022-11-21,28.7918,28.9874,29.04,28.7918,17897
2022-11-22,29.125,29.3577,29.3892,29.125,27028
2022-11-23,29.31,29.2499,29.4,29.2581,17251
2022-11-25,29.29,29.3665,29.42,29.24,4147
2022-11-28,29.37,29.04,29.37,28.94,15003
2022-11-29,29.159,29.22,29.22,29.06,14840
2022-11-30,29.0599,29.4664,29.4721,28.9,43953
2022-12-01,29.71,29.4851,29.71,29.455,26983
2022-12-02,29.36,29.5659,29.59,29.36,9376
2022-12-05,29.5,29.29,29.5,29.2617,23791
2022-12-06,29.29,29.142,29.4048,29.0324,17927
2022-12-07,29.28,29.3276,29.37,29.27,7498
2022-12-08,29.54,29.2684,29.55,29.23,108104
2022-12-09,29.36,29.2,29.39,29.175,38614
2022-12-12,29.2,29.4595,29.47,29.13,28573
2022-12-13,29.99,29.55,29.99,29.47,114933
2022-12-14,29.47,29.4776,29.68,29.33,18956
2022-12-15,29.265,29.1046,29.33,29.0,13295
2022-12-16,29.04,29.05,29.09,28.7901,85110
2022-12-19,29.3,28.9,29.3,28.74,72554
2022-12-20,28.9,29.08,29.13,28.89,48719
2022-12-21,29.165,29.2437,29.32,29.135,35379
2022-12-22,29.43,29.27,29.43,28.935,215752
2022-12-23,29.3,29.435,29.51,29.3,50647
2022-12-27,29.7,29.6548,29.7,29.486,56654
2022-12-28,29.9,29.36,29.9,29.3387,100572
2022-12-29,29.41,29.47,29.58,29.36,179132
2022-12-30,29.43,29.36,29.46,29.2261,72152
2023-01-03,29.45,29.35,29.46,29.22,95497
2023-01-04,29.55,29.5767,29.72,29.5016,74055
2023-01-05,29.58,29.5551,29.64,29.515,47967
2023-01-06,29.845,30.04,30.1,29.84,55632
2023-01-09,30.18,29.81,30.18,29.74,102259
2023-01-10,29.94,29.84,29.94,29.66,73234
2023-01-11,29.96,29.89,29.96,29.69,86629
2023-01-12,29.97,29.89,30.0,29.77,62768
2023-01-13,29.69,29.85,29.86,29.65,83812
2023-01-17,29.69,29.57,29.8999,29.57,219123
2023-01-18,29.57,29.11,29.57,29.11,49829
2023-01-19,29.12,29.14,29.21,29.0,30558
2023-01-20,29.05,29.2752,29.29,29.03,26046
2023-01-23,29.35,29.25,29.35,29.13,46873
2023-01-24,29.35,29.31,29.35,29.1,25652
2023-01-25,29.27,29.305,29.38,29.11,17145
2023-01-26,29.35,29.48,29.48,29.27,9728
2023-01-27,29.35,29.1799,29.3936,29.09,30008
2023-01-30,29.14,29.1512,29.33,29.1,28018
2023-01-31,29.26,29.47,29.47,29.0816,17194
2023-02-01,29.23,29.37,29.519,29.185,14576
2023-02-02,29.1,29.0,29.1,28.8,41874
2023-02-03,28.86,28.83,29.0,28.7401,16108
2023-02-06,28.75,28.62,28.78,28.51,8919
2023-02-07,28.73,28.75,28.75,28.54,9062
2023-02-08,28.68,28.51,28.7,28.51,13545
2023-02-09,28.61,28.38,28.62,28.37,78797
2023-02-10,28.4,28.87,28.87,28.4,19797
2023-02-13,28.67,28.77,28.79,28.6,28272
2023-02-14,28.8,28.52,28.81,28.52,13323
2023-02-15,28.3047,28.33,28.349,28.28,21727
2023-02-16,28.34,28.42,28.54,28.27,80568
2023-02-17,28.27,28.45,28.52,28.27,21032
2023-02-21,28.23,28.23,28.46,28.23,51781
2023-02-22,28.19,28.1445,28.37,28.18,78197
2023-02-23,28.25,28.0348,28.25,27.93,33567
2023-02-24,27.93,28.0,28.02,27.81,11585
2023-02-27,28.03,27.9,28.1794,27.9,30825
2023-02-28,27.86,27.7823,27.88,27.77,21695
2023-03-01,27.63,27.8166,27.87,27.63,4360
2023-03-02,27.799,27.92,27.94,27.79,68330
2023-03-03,27.92,28.07,28.1,27.88,14184
2023-03-06,28.11,28.12,28.13,27.995,32449
2023-03-07,28.0112,27.6753,28.06,27.665,11116
2023-03-08,27.63,27.5997,27.74,27.5,11346
2023-03-09,27.63,27.36,27.68,27.36,6693
2023-03-10,27.37,27.14,27.38,27.035,13118
2023-03-13,26.721,26.831,27.08,26.72,133007
2023-03-14,27.25,27.2912,27.39,27.15,32077
2023-03-15,26.87,26.8431,26.91,26.7,23301
2023-03-16,26.69,26.8989,26.94,26.5103,32228
2023-03-17,26.7101,26.5893,26.75,26.55,8555
2023-03-20,26.92,26.9737,27.04,26.91,12981
2023-03-21,27.13,27.0456,27.13,26.9,7628
2023-03-22,26.9456,26.5846,26.965,26.5846,16955
2023-03-23,26.57,26.3121,26.6599,26.27,15233
2023-03-24,26.24,26.6,26.63,26.18,11718
2023-03-27,26.68,26.7158,26.8937,26.68,8715
2023-03-28,26.67,26.8349,26.9,26.67,8537
2023-03-29,26.865,26.9987,26.9987,26.83,7449
2023-03-30,27.09,27.0505,27.09,26.95,68786
2023-03-31,27.22,27.2701,27.2701,27.15,15103
2023-04-03,27.4224,27.464,27.53,27.4224,6600
2023-04-04,27.4296,27.3335,27.46,27.29,29976
2023-04-05,27.52,27.5643,27.57,27.48,5142
2023-04-06,27.5401,27.57,27.66,27.54,7216
2023-04-10,27.62,27.59,27.6759,27.5175,29904
2023-04-11,27.71,27.7758,27.86,27.671,7027
2023-04-12,27.85,27.8329,28.0,27.81,9105
2023-04-13,27.95,28.0286,28.0286,27.715,12062
2023-04-14,27.905,27.92,27.921,27.85,6318
2023-04-17,27.81,27.92,27.9399,27.81,13949
2023-04-18,27.87,27.9026,27.9599,27.83,12041
2023-04-19,27.81,27.9743,28.02,27.81,21512
2023-04-20,27.84,27.8753,27.8753,27.79,11345
2023-04-21,28.0,27.8214,28.0,27.76,72453
2023-04-24,27.8981,27.815,27.94,27.77,15971
2023-04-25,27.76,27.6416,27.76,27.58,9459
2023-04-26,27.52,27.1593,27.52,27.0967,9613
2023-04-27,27.09,27.2379,27.275,27.01,20270
2023-04-28,27.38,27.35,27.4272,27.3201,3091
2023-05-01,27.3789,27.273,27.402,27.241,9002
2023-05-02,27.16,26.94,27.2,26.801,12814
2023-05-03,27.08,26.81,27.09,26.75,37674
2023-05-04,26.64,26.614,26.64,26.5,17949
2023-05-05,26.52,26.78,26.8212,26.52,44110
2023-05-08,26.75,26.6905,26.79,26.68,3890
2023-05-09,26.61,26.592,26.6502,26.56,4500
2023-05-10,26.53,26.5752,26.5752,26.39,5388
2023-05-11,26.42,26.4025,26.42,26.3,5996
2023-05-12,26.5,26.5019,26.5019,26.39,4567
2023-05-15,26.42,26.5652,26.57,26.42,10282
2023-05-16,26.32,26.2009,26.32,26.2,60743
2023-05-17,26.06,26.16,26.25,26.06,7398
2023-05-18,26.26,26.0945,26.26,25.9,57087
2023-05-19,26.06,26.2105,26.31,26.06,195179
2023-05-22,26.06,26.0901,26.155,26.02,99175
2023-05-23,26.06,25.8669,26.06,25.86,24911
2023-05-24,25.78,25.5838,25.78,25.631,27098
2023-05-25,25.6,25.3778,25.6,25.22,21651
2023-05-26,25.42,25.324,25.42,25.24,7773
2023-05-30,25.23,25.22,25.26,25.11,20626
2023-05-31,25.14,25.2701,25.34,25.14,13207
2023-06-01,25.186,25.3014,25.39,25.186,17609
2023-06-02,25.44,25.6219,25.6303,25.43,15821
2023-06-05,25.7,25.6219,25.56,25.48,9549
2023-06-06,25.455,25.44,25.48,25.33,21480
2023-06-07,25.42,25.75,25.78,25.42,8394
2023-06-08,25.71,25.7847,25.7881,25.63,14038
2023-06-09,25.77,25.67,25.77,25.621,11050
2023-06-12,25.59,25.5616,25.64,25.46,55997
2023-06-13,25.52,25.71,25.8,25.52,11993
2023-06-14,25.995,25.86,25.995,25.83,36623
2023-06-15,25.94,26.0746,26.12,25.94,24432
2023-06-16,26.2983,26.3163,26.3394,26.29,12948
2023-06-20,26.13,26.054,26.18,26.03,9757
2023-06-21,26.021,26.0648,26.12,26.021,2329
2023-06-22,26.0689,26.0959,26.13,25.99,3415
2023-06-23,26.17,25.9607,26.17,25.94,6899
2023-06-26,25.88,25.919,26.03,25.875,12601
2023-06-27,25.8909,26.014,26.014,25.8909,7057
2023-06-28,25.88,25.8639,25.88,25.8311,5250
2023-06-29,25.73,26.135,26.16,25.73,7472
2023-06-30,26.35,26.411,26.42,26.295,9668
2023-07-03,26.35,26.3926,26.44,26.315,69978
2023-07-05,26.24,26.3719,26.4294,26.24,15595
2023-07-06,26.25,26.2357,26.29,26.1,6877
2023-07-07,26.18,26.2084,26.3301,26.12,22617
2023-07-10,26.09,26.19,26.44,26.09,16891
2023-07-11,26.37,26.4278,26.4278,26.35,10544
2023-07-12,26.42,26.5535,26.68,26.42,5924
2023-07-13,26.545,26.5556,26.56,26.5,5730
2023-07-14,26.451,26.4636,26.55,26.39,18498
2023-07-17,26.4601,26.35,26.4601,26.35,8050
2023-07-18,26.57,26.4779,26.57,26.42,9731
2023-07-19,26.56,26.5274,26.5999,26.49,6737
2023-07-20,26.755,26.9302,26.95,26.755,3790
2023-07-21,26.895,26.98,26.9951,26.895,1609
2023-07-24,27.06,27.0,27.065,26.95,4906
2023-07-25,27.07,27.155,27.23,27.07,10596
2023-07-26,27.1477,27.1,27.1994,27.05,7323
2023-07-27,27.1,27.0754,27.1,27.0202,8822
2023-07-28,27.02,26.9749,27.04,26.95,14768
2023-07-31,26.93,26.9111,27.0099,26.9111,6306
2023-08-01,26.9,26.91,26.9101,26.8513,47506
2023-08-02,26.979,26.92,27.0899,26.92,81931
2023-08-03,26.775,26.8209,26.885,26.74,169573
2023-08-04,26.98,26.8743,27.05,26.8743,25632
2023-08-07,27.0364,27.0424,27.1,27.01,14533
2023-08-08,26.86,26.9163,26.94,26.78,13324
2023-08-09,27.0206,26.99,27.18,26.99,10864
2023-08-10,27.005,26.88,27.005,26.88,6545
2023-08-11,26.9477,26.9011,26.9477,26.9011,1158
2023-08-14,26.81,26.8239,26.87,26.79,23434
2023-08-15,26.661,26.575,26.661,26.55,10633
2023-08-16,26.62,26.5137,26.645,26.49,17451
2023-08-17,26.66,26.5215,26.67,26.51,7251
2023-08-18,26.49,26.4788,26.52,26.4614,1050
2023-08-21,26.38,26.36,26.4,26.32,23792
2023-08-22,26.47,26.3213,26.47,26.3213,2312
2023-08-23,26.28,26.236,26.355,26.2102,2532
2023-08-24,26.275,26.2963,26.42,26.275,8638
2023-08-25,26.39,26.2692,26.4001,26.3442,9775
2023-08-28,26.385,26.4173,26.43,26.385,2314
2023-08-29,26.31,26.3772,26.3801,26.28,6204
2023-08-30,26.445,26.42,26.445,26.41,4234
2023-08-31,26.345,26.2309,26.36,26.22,4313
2023-09-01,26.3676,26.3202,26.3676,26.29,4430
2023-09-05,26.14,25.969,26.1715,25.969,26001
2023-09-06,25.98,26.01,26.03,25.9404,72122
2023-09-07,26.01,26.07,26.1869,26.01,10522
2023-09-08,26.22,26.221,26.2485,26.1901,1808
2023-09-11,26.3955,26.3207,26.3955,26.28,68496
2023-09-12,26.39,26.3692,26.43,26.3692,2419
2023-09-13,26.34,26.36,26.39,26.32,8200
2023-09-14,26.33,26.67,26.6898,26.33,7121
2023-09-15,26.75,26.631,26.75,26.63,2915
2023-09-18,26.71,26.77,26.8119,26.71,2646
2023-09-19,26.81,26.7678,26.83,26.7367,3167
2023-09-20,26.83,26.72,26.9448,26.72,1907
2023-09-21,26.63,26.5578,26.63,26.5578,6210
2023-09-22,26.58,26.4672,26.61,26.4672,1120
2023-09-25,26.41,26.3603,26.44,26.4,3650
2023-09-26,26.26,26.1282,26.26,26.12,5276
2023-09-27,26.07,26.0807,26.14,25.99,2977
2023-09-28,26.1,26.0878,26.14,26.0878,2981
2023-09-29,26.01,25.7712,26.01,25.74,5368
2023-10-02,25.53,25.453,25.53,25.4102,14409
2023-10-03,25.39,25.3167,25.3901,25.2474,2709
2023-10-04,25.21,25.36,25.36,25.1801,4769
2023-10-05,25.3098,25.2976,25.31,25.26,1760
2023-10-06,25.21,25.3276,25.4,25.11,4232
2023-10-09,25.45,25.5436,25.6,25.42,4423
2023-10-10,25.53,25.5833,25.6231,25.53,8198
2023-10-11,25.5,25.3839,25.5,25.33,1232
2023-10-12,25.3476,25.1295,25.355,25.08,3131
2023-10-13,25.29,25.3857,25.3857,25.29,3220
2023-10-16,25.39,25.5816,25.5816,25.39,6203
2023-10-17,25.64,25.6748,25.72,25.6001,16494
2023-10-18,25.5582,25.55,25.5582,25.55,565
2023-10-19,25.51,25.3253,25.51,25.3253,1299
2023-10-20,25.16,25.1,25.29,25.1,11389
2023-10-23,25.0585,24.8752,25.0741,24.87,13006
2023-10-24,24.97,24.9419,24.97,24.91,4263
2023-10-25,24.86,24.9061,25.0199,24.86,2065
2023-10-26,25.0048,24.8988,25.0048,24.89,2235
2023-10-27,24.69,24.54,24.6999,24.52,973
2023-10-30,24.54,24.7551,24.77,24.54,3923
2023-10-31,24.76,24.8862,24.8862,24.76,3088
2023-11-01,24.98,25.02,25.03,24.96,9770
2023-11-02,24.98,25.29,25.325,24.98,20241
2023-11-03,25.34,25.5368,25.5979,25.34,32820
2023-11-06,25.4916,25.3435,25.4916,25.34,5381
2023-11-07,25.0033,24.9556,25.0033,24.9556,651
2023-11-08,24.91,24.826,24.911,24.77,10676
2023-11-09,24.93,24.7709,24.93,24.75,10446
2023-11-10,24.8,24.84,24.8601,24.8,7489
2023-11-13,24.73,24.8402,24.93,24.73,5618
2023-11-14,25.07,25.15,25.24,25.07,5161
2023-11-15,25.22,25.2556,25.295,25.22,4686
2023-11-16,25.3,25.297,25.31,25.26,3683
2023-11-17,25.2969,25.3441,25.3799,25.2969,2632
2023-11-20,25.32,25.3615,25.44,25.32,5699
2023-11-21,25.4201,25.4851,25.4851,25.4201,4275
2023-11-22,25.4719,25.5489,25.5489,25.4719,6081
2023-11-24,25.64,25.56,25.64,25.636,183
2023-11-27,25.45,25.4275,25.45,25.39,3799
2023-11-28,25.43,25.32,25.4838,25.32,4913
2023-11-29,25.36,25.3353,25.4,25.33,3443
2023-11-30,25.31,25.6,25.6,25.31,9172
2023-12-01,25.72,25.7954,25.7954,25.72,14923
2023-12-04,25.815,25.8107,25.8397,25.77,8905
2023-12-05,25.57,25.5141,25.6034,25.51,4244
2023-12-06,25.47,25.4232,25.47,25.38,8622
2023-12-07,25.59,25.48,25.61,25.47,20262
2023-12-08,25.53,25.498,25.55,25.43,6560
2023-12-11,25.51,25.6406,25.6406,25.51,8496
2023-12-12,25.47,25.5113,25.57,25.47,4276
2023-12-13,25.44,25.938,25.938,25.44,8932
2023-12-14,26.0,26.0881,26.22,26.0,5984
2023-12-15,26.09,25.8896,26.09,25.8,517667
2023-12-18,25.94,25.9501,26.0,25.94,11229
2023-12-19,26.02,26.0197,26.02,25.98,3745
2023-12-20,25.93,25.7021,25.99,25.7,10145
2023-12-21,25.79,25.81,25.81,25.7495,1262
2023-12-22,25.88,25.8849,26.0719,25.88,2893
2023-12-26,25.84,25.9206,25.98,25.84,6870
2023-12-27,25.92,25.89,25.93,25.85,5155
2023-12-28,25.9725,25.9773,26.01,25.92,26174
2023-12-29,26.02,25.9587,26.03,25.94,6872
2024-01-02,25.93,26.19,26.24,25.93,5973
2024-01-03,26.145,26.1914,26.23,26.145,2188
2024-01-04,26.2,26.1904,26.2001,26.19,2285
2024-01-05,26.15,26.21,26.32,26.1,9416
2024-01-08,26.14,26.3,26.3,26.09,3452
2024-01-09,26.21,26.0675,26.21,26.05,4147
2024-01-10,26.0,26.052,26.07,26.0,4472
2024-01-11,25.97,26.0007,26.0007,25.96,1933
2024-01-12,26.0499,26.0764,26.08,26.0499,1370
2024-01-16,25.95,25.8586,25.95,25.82,5791
2024-01-17,25.89,25.7005,25.91,25.69,5297
2024-01-18,25.64,25.7473,25.7473,25.63,1126
2024-01-19,25.7302,25.7302,25.7302,25.7302,240
2024-01-22,25.75,25.8093,25.8093,25.73,2154
2024-01-23,25.7285,25.7683,25.7683,25.7001,5136
2024-01-24,25.74,25.5,25.74,25.5,13220
2024-01-25,25.73,25.6324,25.73,25.5601,4788
2024-01-26,25.66,25.73,25.73,25.66,4049
2024-01-29,25.7,25.7773,25.78,25.69,1387
2024-01-30,25.7,25.8849,25.8999,25.7,2541
2024-01-31,25.97,25.7855,25.9795,25.765,2968
2024-02-01,25.844,25.99,26.02,25.8206,11095
2024-02-02,25.86,25.7059,25.86,25.7059,2036
2024-02-05,25.45,25.3826,25.4514,25.38,10739
2024-02-06,25.31,25.5092,25.52,25.31,2006
2024-02-07,25.4137,25.3868,25.4548,25.38,33632
2024-02-08,25.25,25.313,25.33,25.23,11916
2024-02-09,25.36,25.2972,25.36,25.19,5614
2024-02-12,25.35,25.57,25.6,25.35,12530
2024-02-13,25.5,25.34,25.5,25.29,3109
2024-02-14,25.35,25.3621,25.3621,25.35,541
2024-02-15,25.55,25.6967,25.6967,25.55,26851
2024-02-16,25.79,25.79,25.9,25.79,5514
2024-02-20,25.8,25.758,25.87,25.7572,6798
2024-02-21,25.85,25.91,25.91,25.84,1335
2024-02-22,25.78,25.94,25.98,25.78,1624
2024-02-23,25.94,25.9417,26.0177,25.94,2742
2024-02-26,25.87,25.8852,25.9,25.84,3703
2024-02-27,25.8,25.84,25.84,25.7631,4994
2024-02-28,25.83,25.8742,25.91,25.83,5822
2024-02-29,25.94,25.9775,25.9775,25.92,6146
2024-03-01,25.9676,25.9364,25.9676,25.9364,853
2024-03-04,25.79,25.9669,25.99,25.79,2706
2024-03-05,26.09,26.07,26.1065,26.02,3329
2024-03-06,26.23,26.18,26.23,26.18,2505
2024-03-07,26.21,26.1583,26.21,26.1537,3274
2024-03-08,26.16,26.22,26.28,26.16,1379
2024-03-11,26.19,26.4523,26.4523,26.19,975
2024-03-12,26.46,26.43,26.46,26.4,11013
2024-03-13,26.46,26.4015,26.46,26.4015,3158
2024-03-14,26.29,26.29,26.31,26.21,5644
2024-03-15,26.35,26.3136,26.35,26.3136,299
2024-03-18,26.31,26.3582,26.3582,26.31,2288
2024-03-19,26.49,26.4963,26.4963,26.49,1459
2024-03-20,26.48,26.52,26.52,26.4718,1674
2024-03-21,26.63,26.6436,26.6436,26.62,1447
2024-03-22,26.54,26.4693,26.54,26.4693,2483
2024-03-25,26.52,26.4249,26.52,26.48,1898
2024-03-26,26.4,26.52,26.52,26.4,17352
2024-03-27,26.75,26.871,26.871,26.75,3202
2024-03-28,26.96,27.0513,27.0731,26.96,1541
2024-04-01,27.06,26.9881,27.06,26.9,54274
2024-04-02,27.129,27.06,27.148,27.01,14634
2024-04-03,27.06,26.9873,27.06,26.9873,2912
2024-04-04,27.09,26.8727,27.09,26.835,568
2024-04-05,26.79,26.9758,26.9758,26.79,742
2024-04-08,26.95,26.9112,27.02,26.9112,2300
2024-04-09,26.92,26.9579,26.97,26.91,2955
2024-04-10,26.72,26.7259,26.7259,26.6699,2437
2024-04-11,26.55,26.5745,26.5745,26.55,391
2024-04-12,26.51,26.2782,26.51,26.22,3021
2024-04-15,26.485,26.2642,26.5,26.2,3755
2024-04-16,26.16,26.1094,26.16,26.1094,854
2024-04-17,26.21,26.1766,26.2384,26.14,821
2024-04-18,26.28,26.2738,26.295,26.18,2612
2024-04-19,26.47,26.55,26.55,26.47,3278
2024-04-22,26.4408,26.63,26.705,26.4408,2523
2024-04-23,26.6026,26.6026,26.6026,26.6026,55
2024-04-24,26.4092,26.4551,26.5311,26.4092,3736
2024-04-25,26.26,26.4101,26.4101,26.26,542
2024-04-26,26.295,26.2744,26.295,26.2744,338
2024-04-29,26.26,26.4076,26.44,26.26,5316
2024-04-30,26.21,26.1002,26.21,26.1002,4506
2024-05-01,26.31,26.3001,26.31,26.2,921
2024-05-02,26.43,26.3782,26.43,26.3782,751
2024-05-03,26.38,26.5801,26.59,26.38,4162
2024-05-06,26.59,26.5971,26.6,26.5501,17595
2024-05-07,26.75,26.7716,26.7716,26.75,2987
2024-05-08,26.8101,26.8118,26.83,26.81,3959
2024-05-09,26.87,26.922,26.922,26.8305,3378
2024-05-10,27.0,27.0947,27.0947,27.0,1221
2024-05-13,27.14,27.0977,27.1913,27.0977,2633
2024-05-14,27.1,27.0551,27.1155,26.95,970
2024-05-15,27.12,27.1006,27.12,27.1006,1990
2024-05-16,27.12,27.3314,27.3314,27.12,806
2024-05-17,27.29,27.4569,27.46,27.29,4103
2024-05-20,27.33,27.3201,27.41,27.32,5765
2024-05-21,27.28,27.2604,27.28,27.21,4670
2024-05-22,27.1743,27.1731,27.2744,27.16,3460
2024-05-23,26.97,26.7544,26.97,26.7544,3024
2024-05-24,26.78,26.77,26.78,26.765,1780
2024-05-28,26.74,26.4998,26.74,26.5201,3415
2024-05-29,26.24,26.1834,26.24,26.1834,3291
2024-05-30,26.1,26.2673,26.2673,26.1,1056
2024-05-31,26.5799,26.7233,26.7233,26.5799,419
2024-06-03,26.65,26.6509,26.736,26.5,15626
2024-06-04,26.59,26.6937,26.6937,26.59,985
2024-06-05,26.6,26.47,26.6,26.4213,1965
2024-06-06,26.38,26.6125,26.62,26.38,1620
2024-06-07,26.575,26.5368,26.575,26.53,2463
2024-06-10,26.37,26.5285,26.5285,26.37,1635
2024-06-11,26.26,26.3178,26.3178,26.26,1295
2024-06-12,26.41,26.1981,26.41,26.15,7474
2024-06-13,25.87,25.9903,26.0,25.87,5785
2024-06-14,25.9101,25.9203,25.9203,25.9101,217
2024-06-17,25.8,25.8519,25.87,25.76,5504
2024-06-18,25.89,25.8478,25.89,25.8478,3364
2024-06-20,25.8863,26.0516,26.0684,25.8863,6793
2024-06-21,26.1442,26.0772,26.1442,26.07,2720
2024-06-24,26.1,26.23,26.32,26.1,1426
2024-06-25,26.26,26.0344,26.26,26.07,2488
2024-06-26,25.93,25.9539,25.9539,25.87,3462
2024-06-27,25.93,25.88,25.96,25.85,6141
2024-06-28,25.986,25.78,25.99,25.78,3956
2024-07-01,26.034,25.47,26.06,25.47,89296
2024-07-02,25.59,25.66,25.66,25.52,8281
2024-07-03,25.85,25.709,25.85,25.709,9364
2024-07-05,25.61,25.64,25.64,25.54,3070
2024-07-08,25.7399,25.584,25.7399,25.58,2009
2024-07-09,25.51,25.403,25.525,25.403,1567
2024-07-10,25.44,25.56,25.56,25.44,5272
2024-07-11,25.997,25.9543,25.997,25.95,1343
2024-07-12,26.12,26.1482,26.1482,26.12,471
2024-07-15,26.15,26.0552,26.15,26.0552,402
2024-07-16,26.33,26.3735,26.3735,26.33,2154
2024-07-17,26.9252,26.9252,26.9252,26.9252,226
2024-07-18,26.84,26.7718,26.84,26.7718,313
2024-07-19,26.5,26.4787,26.5201,26.4787,1544
2024-07-22,26.385,26.4915,26.4915,26.385,334
2024-07-23,26.4497,26.3985,26.45,26.3985,934
2024-07-24,26.31,26.4734,26.4734,26.31,305
2024-07-25,26.45,26.6113,26.6873,26.45,383
2024-07-26,27.01,27.0662,27.08,27.01,1648
2024-07-29,27.05,27.0536,27.0536,26.988,1727
2024-07-30,27.06,27.3698,27.3698,27.06,3175
2024-07-31,27.2,27.0767,27.2,27.0767,4541
2024-08-01,27.17,27.1931,27.22,27.15,4097
2024-08-02,26.96,27.0722,27.0722,26.96,1031
2024-08-05,26.96,26.5675,26.96,26.55,4295
2024-08-06,26.5,26.64,26.76,26.5,729
2024-08-07,26.8,26.63,26.8,26.63,5794
2024-08-08,26.7,26.7875,26.7875,26.7,632
2024-08-09,26.68,26.73,26.75,26.68,1572
2024-08-12,26.68,26.6199,26.6801,26.59,3245
2024-08-13,26.64,26.689,26.6901,26.64,2533
2024-08-14,26.72,26.72,26.7401,26.69,5168
2024-08-15,26.7348,26.7348,26.7348,26.7348,35
2024-08-16,26.71,26.8555,26.8555,26.71,611
2024-08-19,26.89,27.0124,27.03,26.89,799
2024-08-20,26.96,26.9507,26.96,26.9507,990
2024-08-21,27.02,27.0167,27.02,27.0167,571
2024-08-22,27.01,27.0732,27.0732,27.0014,680
2024-08-23,27.12,27.3118,27.3118,27.12,1679
2024-08-26,27.55,27.4337,27.55,27.5097,3159
2024-08-27,27.47,27.4814,27.4814,27.47,901
2024-08-28,27.45,27.5125,27.57,27.42,4043
2024-08-29,27.66,27.6834,27.6989,27.66,3314
2024-08-30,27.66,27.8424,27.8424,27.66,2132
2024-09-03,27.75,27.8608,27.87,27.75,1693
2024-09-04,28.13,27.9321,28.13,27.8899,923
2024-09-05,27.74,27.7,27.74,27.68,5547
2024-09-06,27.6939,27.6553,27.6939,27.655,1158
2024-09-09,27.77,27.7764,27.92,27.68,18637
2024-09-10,27.77,27.7412,27.77,27.7,3891
2024-09-11,27.36,27.4283,27.4283,27.29,1025
2024-09-12,27.44,27.6163,27.6163,27.44,1472
2024-09-13,27.69,27.7918,27.7918,27.69,222
2024-09-16,27.89,27.9674,28.07,27.87,3705
2024-09-17,27.9,27.8806,27.9,27.8806,110
2024-09-18,27.81,27.8168,27.8298,27.8099,4119
2024-09-19,27.91,27.69,27.91,27.6699,1322
2024-09-20,27.47,27.4607,27.55,27.4607,840
2024-09-23,27.53,27.58,27.62,27.53,7780
2024-09-24,27.6824,27.6117,27.6824,27.6,2046
2024-09-25,27.31,27.2268,27.31,27.3028,4705
2024-09-26,27.38,27.4438,27.4438,27.38,2145
2024-09-27,27.51,27.6417,27.7184,27.51,748
2024-09-30,27.68,27.62,27.68,27.58,4197
2024-10-01,27.67,27.7098,27.78,27.67,3350
2024-10-02,27.71,27.6464,27.71,27.62,1431
2024-10-03,27.525,27.59,27.59,27.5,3202
2024-10-04,27.53,27.5541,27.5541,27.495,982
2024-10-07,27.4988,27.4988,27.4988,27.4988,126
2024-10-08,27.42,27.4895,27.4895,27.42,149
2024-10-09,27.49,27.4983,27.5,27.4899,2740
2024-10-10,27.42,27.4623,27.4623,27.42,7340
2024-10-11,27.6039,27.6275,27.6275,27.6039,588
2024-10-14,27.8,27.82,27.82,27.8,1875
2024-10-15,27.75,27.8252,27.8252,27.75,654
2024-10-16,27.8701,27.9123,27.9123,27.8701,578
2024-10-17,27.735,27.79,27.79,27.735,656
2024-10-18,27.73,27.9096,27.9096,27.73,1640
2024-10-21,27.64,27.6108,27.64,27.6108,634
2024-10-22,27.6298,27.6298,27.6298,27.6298,131
2024-10-23,27.55,27.6119,27.6119,27.55,436
2024-10-24,27.34,26.9997,27.34,26.97,5347
2024-10-25,26.82,26.6848,26.82,26.7608,1050
2024-10-28,26.8967,26.8967,26.8967,26.8967,131
2024-10-29,26.85,26.6099,26.85,26.6099,815
2024-10-30,26.64,26.7351,26.7358,26.64,641
2024-10-31,26.66,26.58,26.66,26.58,4377
2024-11-01,26.5276,26.5276,26.5276,26.5276,34
2024-11-04,26.69,26.6074,26.69,26.58,4645
2024-11-05,26.63,26.62,26.63,26.6,5516
2024-11-06,27.02,26.7443,27.02,26.74,852
2024-11-07,26.66,26.6229,26.68,26.6229,6875
2024-11-08,26.54,26.5423,26.55,26.54,2117
2024-11-11,26.45,26.4589,26.54,26.45,2506
2024-11-12,26.2,26.2315,26.248,26.13,1129
2024-11-13,26.16,26.2713,26.2713,26.16,9831
2024-11-14,26.26,26.16,26.26,26.16,6063
2024-11-15,26.26,26.2753,26.3,26.25,2262
2024-11-18,26.47,26.5002,26.5151,26.47,9091
2024-11-19,26.16,26.1349,26.16,26.12,869
2024-11-20,26.18,26.2192,26.2192,26.18,1078
2024-11-21,26.23,26.4515,26.4515,26.2,3751
2024-11-22,26.44,26.54,26.54,26.44,7774
2024-11-25,26.7107,26.509,26.7107,26.585,2338
2024-11-26,26.4,26.4753,26.49,26.4,4295
2024-11-27,26.55,26.6133,26.73,26.55,361
2024-11-29,26.6497,26.6076,26.66,26.6076,5610
2024-12-02,26.33,26.34,26.34,26.26,6321
2024-12-03,26.31,26.3146,26.39,26.31,3671
2024-12-04,26.24,26.0721,26.24,26.07,2000
2024-12-05,26.026,25.9526,26.03,25.85,3345
2024-12-06,25.905,25.76,25.905,25.76,4352
2024-12-09,25.8414,25.814,26.0,25.814,8069
2024-12-10,25.78,25.7286,25.78,25.71,8516
2024-12-11,25.51,25.4835,25.51,25.48,3900
2024-12-12,25.44,25.41,25.5259,25.41,3434
2024-12-13,25.16,25.2773,25.2773,25.1597,1419
2024-12-16,24.99,24.9367,24.99,24.9367,4096
2024-12-17,24.75,24.7813,24.7813,24.74,7572
2024-12-18,24.3412,24.3412,24.3412,24.3412,391
2024-12-19,24.12,23.91,24.12,23.91,21796
2024-12-20,24.17,24.1653,24.21,24.13,13254
2024-12-23,24.08,24.2441,24.2441,24.07,4856
2024-12-24,24.17,24.257,24.257,24.17,2955
2024-12-26,24.2,24.1906,24.305,24.15,17063
2024-12-27,24.18,24.2132,24.22,24.16,7497
2024-12-30,24.02,24.0498,24.06,24.02,8157
2024-12-31,24.2,24.1989,24.2,24.13,3384
2025-01-02,24.28,24.0616,24.2801,24.0616,5072
2025-01-03,23.9499,23.9645,23.9742,23.9499,4526
2025-01-06,23.92,23.69,23.92,23.69,1682
2025-01-07,23.83,23.7467,23.835,23.7,2608
2025-01-08,23.84,23.8688,23.8688,23.76,10079
2025-01-10,23.675,23.67,23.675,23.63,4867
2025-01-13,23.83,24.0431,24.0431,23.83,1939
2025-01-14,24.13,24.1676,24.1676,24.13,8366
2025-01-15,24.16,24.2442,24.245,24.16,1234
2025-01-16,24.12,24.2584,24.2584,24.12,5713
2025-01-17,24.36,24.3552,24.3661,24.3552,9408
2025-01-21,24.39,24.4129,24.4129,24.38,3733
2025-01-22,24.2,24.1018,24.205,24.1018,892
2025-01-23,24.21,24.3,24.3,24.21,806
2025-01-24,24.3394,24.2527,24.37,24.3,4012
2025-01-27,24.51,24.9715,24.9715,24.51,3062
2025-01-28,24.48,24.4681,24.48,24.4681,353
2025-01-29,24.43,24.3191,24.43,24.29,802
2025-01-30,24.29,24.2908,24.3142,24.2,2842
2025-01-31,24.3075,24.1884,24.3075,24.18,1684
2025-02-03,24.18,24.1653,24.18,24.1,2831
2025-02-04,24.1,24.0967,24.15,24.09,6497
2025-02-05,24.12,24.0484,24.12,24.0484,571
2025-02-06,24.1,24.1,24.11,24.1,1522
2025-02-07,24.14,24.0781,24.14,24.0781,268
2025-02-10,24.13,24.115,24.13,24.06,7404
2025-02-11,23.95,24.1799,24.1799,23.95,5338
2025-02-12,24.04,24.0646,24.0646,24.04,2205
2025-02-13,23.8304,24.0283,24.03,23.8304,1434
2025-02-14,24.0852,23.9506,24.09,23.9506,5104
2025-02-18,23.99,24.2342,24.24,23.99,5170
2025-02-19,24.18,24.315,24.34,24.18,6444
2025-02-20,24.47,24.5643,24.5643,24.46,7088
2025-02-21,24.64,24.8526,24.86,24.64,1068
2025-02-24,25.0,24.8972,25.0,24.88,625
2025-02-25,24.96,25.1235,25.1235,24.96,9336
2025-02-26,25.04,24.7363,25.04,24.8,4231
2025-02-27,24.7,24.695,24.77,24.645,11951
2025-02-28,24.86,24.9969,24.9969,24.735,7019
2025-03-03,25.01,25.075,25.18,24.99,6273
2025-03-04,25.05,24.7696,25.05,24.7696,6146
2025-03-05,24.92,24.9,24.935,24.88,5248
2025-03-06,24.88,25.3944,25.42,24.88,52001
2025-03-07,25.6604,25.7353,25.79,25.6604,2538
2025-03-10,26.0,25.841,26.27,25.73,7675
2025-03-11,25.81,25.31,25.81,25.2796,21517
2025-03-12,25.11,24.8801,25.11,24.79,35949
2025-03-13,25.12,25.0485,25.26,25.03,4198
2025-03-14,24.97,25.3,25.31,24.97,6940
2025-03-17,25.58,25.6207,25.64,25.58,3699
2025-03-18,25.75,25.7609,25.8179,25.7,6453
2025-03-19,25.68,25.701,25.701,25.59,1602
2025-03-20,25.66,25.58,25.67,25.58,15096
2025-03-21,25.44,25.3179,25.44,25.26,2069
2025-03-24,25.24,25.1202,25.25,25.17,2746
2025-03-25,25.27,25.1211,25.27,25.0978,2404
2025-03-26,25.4,25.4668,25.4668,25.4,6467
2025-03-27,25.58,25.7273,25.7273,25.58,2498
2025-03-28,25.64,25.55,25.75,25.545,4371
2025-03-31,25.608,25.7935,25.7935,25.608,3579
2025-04-01,25.74,25.6747,25.7611,25.6,3081
2025-04-02,25.44,25.518,25.518,25.44,5616
2025-04-03,25.36,25.3753,25.6,25.36,2104
2025-04-04,24.42,24.09,24.5086,24.09,5753
2025-04-07,23.84,23.6616,23.88,23.47,22726
2025-04-08,23.89,23.42,23.9501,23.22,7263
2025-04-09,23.15,24.1294,24.1294,23.15,865
2025-04-10,23.9199,23.8951,23.9199,23.8951,513
2025-04-11,24.13,24.4153,24.47,23.9799,1345
