2016-12-09,26.1,26.37,27.01,25.5,1429420
2016-12-12,26.6,25.6,26.94,25.46,2419240
2016-12-13,25.59,25.8,26.34,25.45,2587171
2016-12-14,25.8,25.72,26.14,25.54,1547672
2016-12-15,25.57,24.95,26.24,24.95,913563
2016-12-16,25.08,25.61,25.75,24.91,919606
2016-12-19,25.51,25.86,26.18,25.36,796520
2016-12-20,26.0,25.48,26.21,25.45,833508
2016-12-21,25.31,25.46,25.82,25.3,531798
2016-12-22,25.29,25.66,25.78,25.17,376610
2016-12-23,25.66,25.73,25.9,25.47,223438
2016-12-27,25.9,25.79,25.9,25.52,399271
2016-12-28,25.73,25.22,25.82,24.96,1176526
2016-12-29,25.1,25.02,25.33,24.82,586108
2016-12-30,24.97,24.54,25.28,24.46,824725
2017-01-03,24.41,24.4,24.87,23.93,1759154
2017-01-04,24.35,25.03,25.13,24.29,1360542
2017-01-05,24.6,25.65,25.68,24.6,1360707
2017-01-06,25.6,25.87,26.22,25.51,1305106
2017-01-09,25.72,26.01,26.27,25.35,1187789
2017-01-10,25.91,26.2,26.42,25.8514,818043
2017-01-11,26.39,26.41,26.76,26.1,712358
2017-01-12,26.27,26.18,26.45,26.09,702218
2017-01-13,26.29,26.36,26.57,26.18,534122
2017-01-17,26.45,26.2,26.59,26.04,643084
2017-01-18,26.14,26.11,26.59,26.0,983488
2017-01-19,25.85,25.94,26.22,25.83,575047
2017-01-20,25.76,26.01,26.07,25.65,704528
2017-01-23,25.8,26.03,26.29,25.75,792038
2017-01-24,25.87,26.59,26.66,25.83,580262
2017-01-25,26.55,26.73,26.9,26.42,437252
2017-01-26,26.58,27.05,27.06,26.561,365686
2017-01-27,27.1,26.76,27.14,26.69,606526
2017-01-30,26.76,26.65,26.84,26.51,747710
2017-01-31,26.6,26.79,26.98,26.41,654790
2017-02-01,26.84,26.65,26.89,26.39,675995
2017-02-02,26.69,26.6,26.69,26.43,385699
2017-02-03,26.5,26.62,26.68,26.38,327518
2017-02-06,26.45,26.54,26.56,26.14,388914
2017-02-07,26.43,26.36,26.71,26.32,607437
2017-02-08,26.12,25.98,26.2836,25.905,763521
2017-02-09,25.65,26.27,26.39,25.51,650807
2017-02-10,26.2,26.64,26.725,26.2,296624
2017-02-13,26.14,26.5,26.83,25.87,566099
2017-02-14,26.28,26.35,26.54,26.11,378917
2017-02-15,26.23,26.28,26.55,26.13,679752
2017-02-16,26.2,26.09,26.485,25.89,665131
2017-02-17,25.95,25.81,26.22,25.68,248101
2017-02-21,25.68,25.72,26.285,25.56,450163
2017-02-22,25.59,25.68,25.76,25.54,283846
2017-02-23,25.55,25.35,25.75,25.19,431512
2017-02-24,25.11,25.16,25.32,24.99,303054
2017-02-27,24.88,25.03,25.27,24.77,628514
2017-02-28,24.99,24.98,25.12,24.9,951729
2017-03-01,25.11,25.34,25.5,24.96,914438
2017-03-02,25.25,24.72,25.39,24.69,381257
2017-03-03,24.74,24.82,25.01,24.63,358780
2017-03-06,24.83,24.64,24.88,24.48,412507
2017-03-07,24.7,24.31,24.75,24.26,456362
2017-03-08,24.13,24.44,24.69,24.13,468847
2017-03-09,24.28,24.45,24.5,24.06,396908
2017-03-10,24.6,24.18,24.78,24.12,408166
2017-03-13,24.31,24.01,24.4,23.91,275733
2017-03-14,23.86,23.73,23.93,23.68,281046
2017-03-15,23.79,23.63,23.92,23.23,382007
2017-03-16,23.74,23.7,23.9,23.54,274743
2017-03-17,23.65,23.68,23.94,23.61,1037488
2017-03-20,23.21,23.5,23.61,22.87,373012
2017-03-21,23.6,22.98,23.65,22.72,606967
2017-03-22,22.87,23.2,23.31,22.7401,352493
2017-03-23,23.06,23.33,24.23,23.06,639277
2017-03-24,23.44,23.93,24.14,23.24,815946
2017-03-27,23.66,24.71,24.78,23.57,1240263
2017-03-28,24.5,24.51,24.75,24.34,486451
2017-03-29,24.52,24.63,24.85,24.49,370905
2017-03-30,24.48,24.53,24.68,24.37,223832
2017-03-31,24.52,24.38,24.62,24.28,379200
2017-04-03,24.32,24.3,24.4375,24.01,690652
2017-04-04,24.29,24.31,24.49,24.04,423383
2017-04-05,24.28,23.75,24.48,23.69,439842
2017-04-06,23.74,23.23,23.7953,23.15,351011
2017-04-07,23.17,23.28,23.31,22.855,984546
2017-04-10,23.12,23.16,23.31,23.02,527892
2017-04-11,22.97,23.2,23.51,22.97,486029
2017-04-12,23.26,23.28,23.42,23.11,243835
2017-04-13,23.14,23.32,23.63,23.14,407174
2017-04-17,23.28,23.54,23.58,23.18,400571
2017-04-18,23.56,23.63,23.76,23.48,298706
2017-04-19,23.82,23.73,23.91,23.69,261112
2017-04-20,23.77,23.89,24.07,23.7,498183
2017-04-21,23.82,23.9,24.16,23.81,347320
2017-04-24,24.11,23.78,24.11,23.67,225719
2017-04-25,23.88,23.98,24.2,23.7416,345425
2017-04-26,24.22,24.13,24.2299,23.94,383919
2017-04-27,24.18,24.0,24.385,23.96,478015
2017-04-28,23.89,23.85,23.99,23.5,513392
2017-05-01,23.97,23.83,24.09,23.66,462765
2017-05-02,23.85,23.55,23.93,23.36,623316
2017-05-03,23.43,22.89,23.43,22.85,742318
2017-05-04,22.9,23.03,23.06,22.59,668711
2017-05-05,23.01,22.85,23.1647,22.75,657285
2017-05-08,22.85,22.85,22.97,22.68,557324
2017-05-09,22.87,23.01,23.06,22.73,301461
2017-05-10,22.95,23.37,23.42,22.72,547460
2017-05-11,23.24,23.34,23.58,22.96,336953
2017-05-12,23.24,23.72,23.77,23.24,528394
2017-05-15,23.88,23.65,24.15,23.56,407879
2017-05-16,23.59,23.29,23.73,23.27,192036
2017-05-17,23.0,22.6,23.05,22.53,305534
2017-05-18,22.51,22.72,22.82,22.5,251445
2017-05-19,22.68,23.38,23.4699,22.68,492536
2017-05-22,23.3,23.82,24.0099,23.3,382731
2017-05-23,23.83,23.45,23.86,23.22,397524
2017-05-24,23.32,23.14,23.54,23.0,592293
2017-05-25,23.22,23.45,23.58,23.0,496955
2017-05-26,23.77,25.56,25.75,23.77,885997
2017-05-30,25.41,25.22,25.56,24.74,589507
2017-05-31,25.09,25.29,25.37,24.59,941947
2017-06-01,25.05,26.03,26.06,25.03,489652
2017-06-02,26.25,25.96,26.35,25.9,629587
2017-06-05,25.84,25.53,25.95,25.52,228911
2017-06-06,25.33,25.47,25.53,25.258,213008
2017-06-07,25.49,25.09,25.95,25.09,272523
2017-06-08,24.96,24.47,25.0,24.42,315650
2017-06-09,24.39,24.57,24.7469,24.26,1397289
2017-06-12,24.38,24.9,25.24,24.38,516079
2017-06-13,24.89,24.91,25.17,24.87,480426
2017-06-14,24.91,24.9,25.04,24.82,437565
2017-06-15,24.75,24.92,25.015,24.73,429304
2017-06-16,24.87,25.05,25.05,24.82,711870
2017-06-19,25.04,25.27,25.48,24.98,606061
2017-06-20,25.21,24.79,25.32,24.625,344839
2017-06-21,24.8,25.06,25.29,24.69,237470
2017-06-22,25.14,25.04,25.15,24.72,223557
2017-06-23,25.06,25.38,25.42,24.88,755266
2017-06-26,25.4,26.29,26.39,25.23,266468
2017-06-27,26.29,26.26,26.37,25.76,283135
2017-06-28,26.44,26.68,26.88,26.24,456723
2017-06-29,26.73,26.54,27.14,26.21,433444
2017-06-30,26.58,26.28,26.58,26.19,452318
2017-07-03,26.46,26.25,26.6,26.18,119300
2017-07-05,26.19,25.91,26.23,25.78,178494
2017-07-06,25.7,25.77,25.98,25.61,274173
2017-07-07,25.93,25.95,26.13,25.51,211463
2017-07-10,25.88,25.9,26.13,25.72,213845
2017-07-11,26.01,26.05,26.23,25.63,204645
2017-07-12,26.04,26.0,26.07,25.68,231772
2017-07-13,26.03,26.32,26.47,25.98,281192
2017-07-14,26.44,26.66,26.73,26.38,123918
2017-07-17,26.55,26.45,26.701,26.44,320177
2017-07-18,26.54,26.81,27.0,26.35,358203
2017-07-19,27.0,27.53,27.75,27.0,617451
2017-07-20,27.53,27.56,27.77,27.35,286091
2017-07-21,27.6,27.56,27.83,27.36,451435
2017-07-24,27.5,27.77,27.9,27.43,427277
2017-07-25,27.83,27.62,27.94,27.61,234062
2017-07-26,27.78,27.7,27.95,27.43,436348
2017-07-27,27.64,27.83,28.21,27.63,377295
2017-07-28,27.73,28.01,28.06,27.7,559790
2017-07-31,27.9,27.51,28.192,27.34,125838
2017-08-01,27.51,27.49,27.96,27.31,263939
2017-08-02,27.49,27.45,27.83,26.49,257857
2017-08-03,27.4,27.45,27.58,27.18,174282
2017-08-04,27.35,27.22,27.65,26.93,237090
2017-08-07,27.15,27.09,27.45,26.98,320767
2017-08-08,27.17,26.92,27.17,26.27,484916
2017-08-09,27.35,27.33,27.83,26.36,973947
2017-08-10,27.12,26.6,27.37,26.48,651648
2017-08-11,26.46,27.04,27.1,25.92,540840
2017-08-14,27.0,27.0,27.33,26.77,776599
2017-08-15,27.06,26.66,27.3,26.64,379782
2017-08-16,26.72,27.41,27.59,26.71,388913
2017-08-17,27.34,27.0,27.62,26.9601,217940
2017-08-18,26.93,27.22,27.35,26.73,273181
2017-08-21,27.25,27.32,27.4,27.06,188268
2017-08-22,27.49,27.56,27.65,27.33,346032
2017-08-23,27.41,27.4,27.71,27.33,247329
2017-08-24,27.36,27.64,27.72,27.36,198243
2017-08-25,27.62,27.96,28.055,27.51,428795
2017-08-28,28.09,27.78,28.21,27.69,263521
2017-08-29,27.54,27.41,27.6599,27.38,167319
2017-08-30,27.4,27.83,28.08,27.22,277372
2017-08-31,27.79,28.07,28.1,27.79,250375
2017-09-01,28.14,28.96,29.33,28.14,685285
2017-09-05,28.74,29.23,29.37,28.66,423966
2017-09-06,29.12,29.33,29.395,28.99,294630
2017-09-07,29.29,29.28,29.565,29.08,386287
2017-09-08,29.23,29.25,29.5,28.945,534481
2017-09-11,29.45,29.0,29.5,28.66,397209
2017-09-12,28.91,28.85,29.04,28.71,342244
2017-09-13,28.7,29.0,29.11,28.7,253518
2017-09-14,28.97,28.73,29.16,28.69,301602
2017-09-15,28.68,29.04,29.22,28.68,726141
2017-09-18,29.03,30.28,30.32,29.03,516995
2017-09-19,30.27,30.56,30.58,29.95,302642
2017-09-20,30.62,30.61,30.94,30.49,236907
2017-09-21,30.5,30.14,30.595,30.1,310180
2017-09-22,30.09,30.4,30.54,30.05,246717
2017-09-25,29.89,30.28,30.73,29.89,353427
2017-09-26,30.28,30.21,30.48,29.88,407732
2017-09-27,30.41,30.61,30.95,30.41,373247
2017-09-28,30.54,31.22,31.3,30.53,874116
2017-09-29,31.19,31.79,31.88,30.94,637174
2017-10-02,31.73,31.69,31.997,31.51,370589
2017-10-03,31.53,31.66,32.08,31.49,503410
2017-10-04,30.15,30.85,31.65,30.15,442977
2017-10-05,30.88,30.15,31.07,30.04,812341
2017-10-06,30.24,30.35,30.38,29.84,553829
2017-10-09,30.26,30.35,30.38,29.9201,4712927
2017-10-10,30.51,29.59,30.75,29.46,391404
2017-10-11,29.58,29.5,29.72,29.32,643009
2017-10-12,29.35,29.22,29.85,29.09,363324
2017-10-13,29.27,29.5,29.63,29.12,319104
2017-10-16,29.41,29.55,29.78,29.41,186511
2017-10-17,29.66,29.48,29.86,29.35,314452
2017-10-18,29.42,29.44,29.76,29.08,339065
2017-10-19,29.58,29.16,29.58,29.08,211048
2017-10-20,29.12,29.04,29.36,28.98,158009
2017-10-23,28.92,28.44,29.07,28.31,208009
2017-10-24,28.42,28.17,28.845,28.03,376728
2017-10-25,28.18,28.81,28.91,28.18,573167
2017-10-26,28.76,27.88,29.17,27.84,337376
2017-10-27,27.92,27.68,27.92,27.34,407351
2017-10-30,27.57,27.66,27.95,27.56,165179
2017-10-31,27.71,27.66,27.91,27.62,189485
2017-11-01,27.79,27.84,28.055,27.59,215667
2017-11-02,27.75,27.34,28.13,27.3,254103
2017-11-03,27.22,26.83,27.313,26.78,363337
2017-11-06,27.62,27.86,27.95,26.66,555385
2017-11-07,27.88,28.38,28.47,27.7,596666
2017-11-08,28.35,28.4,28.45,27.88,899902
2017-11-09,28.26,28.38,28.8,28.26,480766
2017-11-10,28.23,30.05,30.72,27.75,807890
2017-11-13,30.01,29.55,30.01,29.22,525481
2017-11-14,29.37,29.36,29.48,29.02,241893
2017-11-15,29.01,29.34,29.46,28.89,157024
2017-11-16,29.34,29.53,29.7,29.07,514521
2017-11-17,29.55,30.96,31.57,29.55,687695
2017-11-20,30.89,30.78,31.02,30.55,341344
2017-11-21,30.78,31.23,31.5,30.78,240063
2017-11-22,31.14,31.32,31.74,30.92,316343
2017-11-24,31.49,31.94,31.98,31.31,76695
2017-11-27,31.94,32.24,32.4,31.795,445271
2017-11-28,32.17,32.74,32.9,31.7,265559
2017-11-29,32.64,32.76,33.1,32.38,480809
2017-11-30,32.76,31.04,33.0,31.03,1260759
2017-12-01,31.22,31.74,32.05,30.66,481422
2017-12-04,31.91,31.56,32.36,31.12,531142
2017-12-05,31.35,30.43,31.85,30.35,365166
2017-12-06,30.17,30.08,30.64,29.88,210124
2017-12-07,29.99,30.06,30.7,29.91,348573
2017-12-08,30.2,29.96,30.2,29.81,183845
2017-12-11,30.0,29.68,30.24,29.34,465031
2017-12-12,29.76,29.5,29.88,29.39,283962
2017-12-13,29.41,29.37,29.6,29.11,390032
2017-12-14,29.5,30.56,30.82,29.37,1244537
2017-12-15,30.38,30.83,30.98,30.37,808185
2017-12-18,30.73,31.22,31.52,30.62,381369
2017-12-19,31.18,31.35,31.76,31.02,476073
2017-12-20,31.5,30.91,31.5864,30.64,254680
2017-12-21,31.02,31.67,31.79,30.94,438602
2017-12-22,31.82,31.28,31.83,30.94,437911
2017-12-26,31.26,31.26,31.38,31.15,80552
2017-12-27,31.2,31.63,31.815,31.02,164835
2017-12-28,31.52,31.36,31.69,31.24,192915
2017-12-29,31.19,31.74,31.8,31.19,341194
2018-01-02,31.29,30.7,31.811,30.67,781244
2018-01-03,30.76,30.58,31.08,30.4,313229
2018-01-04,30.66,29.87,30.73,29.74,357292
2018-01-05,29.9,29.97,30.23,29.83,287771
2018-01-08,29.94,29.84,30.085,29.52,342123
2018-01-09,29.7,29.9,30.14,29.62,396136
2018-01-10,29.78,29.85,30.56,29.71,502187
2018-01-11,29.91,30.97,31.0,29.78,338420
2018-01-12,31.0,31.45,31.5,30.8301,179106
2018-01-16,30.99,30.11,31.31,30.02,580068
2018-01-17,30.04,30.38,30.57,30.01,262336
2018-01-18,31.09,32.84,33.7,31.09,1532695
2018-01-19,32.71,33.4,33.68,32.65,592677
2018-01-22,33.36,33.41,33.567,32.77,478624
2018-01-23,33.41,33.14,33.4333,32.75,275537
2018-01-24,33.1,33.14,33.23,32.87,224021
2018-01-25,33.5,33.32,34.41,33.29,497724
2018-01-26,33.61,33.55,33.84,33.325,156195
2018-01-29,33.55,32.54,33.55,32.47,264114
2018-01-30,31.77,32.68,32.75,31.68,736975
2018-01-31,32.85,32.0,33.03,31.56,375205
2018-02-01,31.83,32.34,32.68,31.57,1373030
2018-02-02,32.18,31.29,32.34,31.21,333739
2018-02-05,31.09,30.94,31.8,30.84,314766
2018-02-06,30.36,30.82,31.17,30.24,416469
2018-02-07,30.74,29.89,31.03,29.85,395945
2018-02-08,29.97,29.27,29.97,28.75,835644
2018-02-09,25.54,25.54,26.32,24.63,2947920
2018-02-12,25.6,25.87,26.02,25.15,1009717
2018-02-13,25.9,26.61,27.45,25.51,935117
2018-02-14,26.56,27.16,27.34,25.84,845491
2018-02-15,27.22,27.36,27.46,26.5,298507
2018-02-16,27.15,27.94,28.12,27.15,256406
2018-02-20,27.72,27.28,27.99,27.26,301352
2018-02-21,27.06,27.03,27.32,26.6,674842
2018-02-22,27.2,26.78,27.39,26.67,360488
2018-02-23,26.98,27.2,27.24,26.6675,211473
2018-02-26,27.15,27.0,27.45,26.81,369740
2018-02-27,26.85,27.58,28.66,26.28,1022337
2018-02-28,27.89,26.84,27.99,26.82,417607
2018-03-01,26.72,27.11,27.78,26.38,476159
2018-03-02,26.96,28.26,28.44,26.58,638753
2018-03-05,28.03,27.4,28.46,27.285,524225
2018-03-06,27.37,28.12,28.19,27.17,595947
2018-03-07,28.05,27.64,28.05,27.13,349752
2018-03-08,27.6,27.66,28.02,27.57,398725
2018-03-09,28.09,27.86,28.09,27.51,418237
2018-03-12,27.84,27.93,28.23,27.685,246709
2018-03-13,28.02,27.62,28.2,27.54,799841
2018-03-14,27.75,27.19,27.875,27.17,1378782
2018-03-15,27.15,26.66,27.23,26.62,412863
2018-03-16,26.64,26.24,26.79,26.23,501917
2018-03-19,26.3,25.62,26.37,25.33,424333
2018-03-20,25.68,25.49,26.15,25.42,362714
2018-03-21,25.37,25.61,25.93,25.24,348297
2018-03-22,25.34,25.27,25.84,25.04,405135
2018-03-23,25.42,23.78,25.51,23.76,492243
2018-03-26,24.2,24.78,25.44,23.98,658248
2018-03-27,24.91,24.45,25.32,24.32,381927
2018-03-28,24.24,24.02,24.74,23.99,620400
2018-03-29,24.27,24.08,24.67,23.83,393132
2018-04-02,23.91,23.66,24.07,23.61,175811
2018-04-03,24.51,23.73,25.19,23.67,360877
2018-04-04,23.5,24.18,24.36,23.1,305026
2018-04-05,24.19,24.26,24.52,24.17,252372
2018-04-06,24.06,24.06,24.3,23.7265,185136
2018-04-09,24.04,23.98,24.5,23.91,243709
2018-04-10,24.16,24.28,24.4698,23.85,171615
2018-04-11,24.15,24.23,24.51,24.07,566123
2018-04-12,24.14,24.44,24.65,24.13,245209
2018-04-13,24.47,24.17,24.7294,24.1,232630
2018-04-16,24.25,24.22,24.51,23.84,360341
2018-04-17,24.49,24.71,24.95,24.21,1606968
2018-04-18,24.61,24.63,25.14,24.57,466435
2018-04-19,24.5,24.45,24.74,24.3304,527043
2018-04-20,24.38,23.88,24.43,23.81,258508
2018-04-23,23.91,24.16,24.37,23.84,227447
2018-04-24,24.29,23.98,24.38,23.77,324918
2018-04-25,24.16,24.15,24.25,23.92,267130
2018-04-26,24.2,24.04,24.31,23.92,139289
2018-04-27,24.11,23.21,24.11,23.01,635312
2018-04-30,23.11,23.02,23.26,22.96,366043
2018-05-01,22.93,22.06,23.22,22.03,353221
2018-05-02,22.0,20.8,22.02,20.79,1188513
2018-05-03,20.76,20.32,20.98,19.97,972819
2018-05-04,20.42,21.29,21.36,20.29,709822
2018-05-07,21.38,21.92,21.93,21.38,354676
2018-05-08,21.8,21.17,21.955,21.019,1002685
2018-05-09,21.34,20.86,21.34,20.71,1619692
2018-05-10,20.83,21.16,21.36,20.8,708771
2018-05-11,21.13,21.09,21.22,20.95,211601
2018-05-14,21.02,21.83,21.91,20.99,333535
2018-05-15,21.59,21.98,22.015,21.503,670438
2018-05-16,21.85,22.24,22.27,21.83,333717
2018-05-17,22.34,22.25,22.45,22.0,265731
2018-05-18,22.24,22.65,22.69,22.2,344435
2018-05-21,22.77,22.24,22.87,21.99,693800
2018-05-22,22.21,22.19,22.4,22.07,307079
2018-05-23,22.1,22.19,22.245,21.7,403535
2018-05-24,22.11,22.04,22.37,21.77,368311
2018-05-25,22.47,23.0,23.43,22.47,659158
2018-05-29,22.9,22.23,22.9,21.87,426211
2018-05-30,22.41,22.41,22.85,22.18,527340
2018-05-31,22.4,21.83,22.46,21.59,578758
2018-06-01,22.06,22.37,22.565,21.82,369690
2018-06-04,22.31,22.12,22.56,22.05,522880
2018-06-05,22.12,22.63,22.77,22.11,518391
2018-06-06,22.65,23.11,23.22,22.3,371369
2018-06-07,23.16,23.02,23.52,22.56,449613
2018-06-08,23.0,22.57,23.14,22.44,405913
2018-06-11,22.42,22.77,22.97,22.42,373362
2018-06-12,22.88,22.73,23.1,22.62,260975
2018-06-13,24.49,23.42,24.71,23.06,948394
2018-06-14,23.55,23.69,23.99,23.37,414766
2018-06-15,23.61,25.0,25.02,23.41,929332
2018-06-18,24.62,25.45,25.49,24.62,892367
2018-06-19,25.27,25.29,25.59,25.08,1141797
2018-06-20,25.57,26.16,26.3,25.57,578986
2018-06-21,26.36,24.95,26.515,24.84,540766
2018-06-22,24.99,25.73,25.77,24.99,1397492
2018-06-25,25.61,24.53,25.68,24.28,372643
2018-06-26,24.54,24.42,24.55,24.05,293201
2018-06-27,24.2,23.63,24.56,23.67,393170
2018-06-28,23.44,23.55,23.76,23.0,404333
2018-06-29,23.51,23.46,23.96,23.44,336766
2018-07-02,23.19,23.48,23.87,23.19,307591
2018-07-03,23.58,23.34,23.84,23.34,186837
2018-07-05,23.53,23.73,23.8105,23.435,287289
2018-07-06,23.81,24.05,24.2999,23.64,487102
2018-07-09,24.13,24.37,24.58,23.96,277792
2018-07-10,24.37,23.99,24.39,23.81,214821
2018-07-11,23.93,24.13,24.21,23.63,354201
2018-07-12,24.25,24.36,24.42,23.93,197481
2018-07-13,24.28,24.53,24.55,24.03,290475
2018-07-16,24.35,23.84,24.68,23.735,143252
2018-07-17,23.44,22.95,24.085,22.93,475868
2018-07-18,22.85,22.66,23.09,22.29,546247
2018-07-19,23.25,24.0,24.24,22.92,1077269
2018-07-20,23.91,23.91,24.08,23.45,546452
2018-07-23,23.91,23.63,23.91,23.49,366746
2018-07-24,23.74,23.07,23.7572,22.99,444627
2018-07-25,22.99,22.95,23.1,22.6,264025
2018-07-26,23.07,22.98,23.23,22.67,361417
2018-07-27,22.98,22.33,22.98,22.095,349401
2018-07-30,22.4,22.33,22.67,22.075,312956
2018-07-31,22.47,22.87,22.95,22.24,213173
2018-08-01,22.76,22.72,22.87,22.51,237579
2018-08-02,22.59,22.32,22.74,22.13,171586
2018-08-03,22.24,22.07,22.5587,21.83,313031
2018-08-06,22.05,22.2,22.54,22.03,192491
2018-08-07,22.43,22.28,22.6096,22.19,142666
2018-08-08,22.32,21.95,22.35,21.87,216314
2018-08-09,21.96,22.21,22.42,21.81,335024
2018-08-10,22.1,23.14,23.9,21.81,1304258
2018-08-13,23.29,22.61,23.29,22.27,472226
2018-08-14,22.49,23.6,23.67,22.49,467806
2018-08-15,23.47,22.1,23.47,21.98,515261
2018-08-16,22.22,21.97,22.54,21.85,284561
2018-08-17,22.0,21.87,22.09,21.7,173234
2018-08-20,21.91,21.76,22.1,21.7,276673
2018-08-21,22.02,22.01,22.1,21.83,162786
2018-08-22,22.03,22.17,22.31,21.97,121603
2018-08-23,22.08,21.78,22.175,21.75,184298
2018-08-24,21.82,22.15,22.22,21.82,307933
2018-08-27,22.37,22.32,22.575,22.16,320055
2018-08-28,22.45,22.91,22.98,22.25,587846
2018-08-29,23.36,22.87,23.36,22.53,382114
2018-08-30,22.68,22.14,22.7,22.11,190924
2018-08-31,22.09,22.45,22.48,22.02,194549
2018-09-04,22.42,22.33,22.45,21.88,512261
2018-09-05,22.17,22.14,22.35,22.0,338908
2018-09-06,22.13,21.7,22.13,21.67,312749
2018-09-07,21.66,21.55,21.87,21.335,216550
2018-09-10,21.81,21.3,21.81,21.16,190837
2018-09-11,21.31,21.37,21.86,21.26,341192
2018-09-12,21.49,22.17,22.24,21.35,373323
2018-09-13,22.26,22.35,23.0,22.26,302966
2018-09-14,22.41,21.72,22.41,21.71,391607
2018-09-17,21.66,21.19,21.7356,21.15,365601
2018-09-18,21.27,21.44,21.63,21.1,235825
2018-09-19,21.45,21.13,21.66,21.11,335745
2018-09-20,21.25,21.02,21.28,21.02,397684
2018-09-21,21.07,20.89,21.18,20.79,684746
2018-09-24,20.8,20.33,20.8,20.14,619197
2018-09-25,20.36,20.42,20.53,20.19,858598
2018-09-26,20.49,20.33,20.74,20.38,870778
2018-09-27,20.5,21.54,21.62,20.47,1336659
2018-09-28,21.9,23.3,23.9072,21.61,1179085
2018-10-01,23.39,22.4,23.93,22.24,668087
2018-10-02,22.37,23.29,23.46,22.23,459101
2018-10-03,23.4,23.47,23.72,23.17,363409
2018-10-04,23.2,23.06,23.36,22.675,451691
2018-10-05,22.9,21.99,23.12,21.86,600579
2018-10-08,21.72,21.98,22.0841,21.64,381329
2018-10-09,22.08,22.18,22.46,21.92,312437
2018-10-10,23.41,21.68,23.41,21.67,426933
2018-10-11,21.57,20.5,21.8,19.98,903158
2018-10-12,20.89,21.31,21.66,20.77,457404
2018-10-15,21.17,21.79,22.1,21.15,401514
2018-10-16,21.61,22.3,22.41,21.55,274092
2018-10-17,22.05,21.84,22.3,21.71,373872
2018-10-18,21.74,20.82,21.74,20.68,513544
2018-10-19,20.94,20.8,21.29,20.5,431757
2018-10-22,20.87,20.35,20.91,20.17,344178
2018-10-23,19.95,19.46,20.07,19.41,1352577
2018-10-24,19.59,17.71,19.7,17.68,591243
2018-10-25,17.79,18.61,18.76,17.79,670789
2018-10-26,18.29,17.77,18.51,17.71,417000
2018-10-29,18.11,17.08,18.24,16.82,413238
2018-10-30,17.0,17.12,17.539,16.83,412372
2018-10-31,17.44,17.79,18.1,17.33,597926
2018-11-01,17.94,17.84,18.0,17.46,983530
2018-11-02,17.92,17.61,18.0,17.17,649108
2018-11-05,17.66,18.02,18.23,17.56,757352
2018-11-06,18.01,17.98,18.225,17.79,509305
2018-11-07,18.09,18.09,18.205,17.57,1114314
2018-11-08,18.08,17.57,18.38,17.56,779144
2018-11-09,18.57,18.59,19.57,18.4,2492208
2018-11-12,18.41,18.11,18.6323,17.79,1603698
2018-11-13,17.97,18.55,18.96,17.97,790502
2018-11-14,18.77,18.29,18.92,18.22,759113
2018-11-15,18.12,18.71,18.95,17.98,763289
2018-11-16,18.9,19.0,19.1752,18.66,783801
2018-11-19,18.84,17.9,18.98,17.77,1136291
2018-11-20,17.56,16.84,17.81,16.8,804301
2018-11-21,16.97,17.73,17.84,16.94,503850
2018-11-23,17.6,17.47,17.81,17.29,214398
2018-11-26,17.7,17.62,17.92,17.325,711159
2018-11-27,17.63,17.5,17.9711,17.32,662056
2018-11-28,17.65,18.21,18.24,17.42,658163
2018-11-29,18.1,18.55,18.68,17.94,411638
2018-11-30,18.44,18.03,18.68,17.99,643458
2018-12-03,18.48,17.12,18.48,16.7,1128984
2018-12-04,16.97,16.27,17.315,16.25,1004277
2018-12-06,15.9,16.0,16.61,15.77,1401393
2018-12-07,15.91,16.26,16.8,15.87,964739
2018-12-10,16.23,16.09,16.31,15.39,702039
2018-12-11,16.28,15.24,16.28,15.18,1029199
2018-12-12,15.36,15.24,15.81,15.15,1192281
2018-12-13,15.31,14.6,15.37,14.48,1142227
2018-12-14,14.35,14.48,15.03,14.28,840419
2018-12-17,14.53,14.08,14.6593,13.99,737235
2018-12-18,14.21,14.18,14.63,14.08,938605
2018-12-19,14.13,13.74,14.27,13.6525,1330497
2018-12-20,13.55,13.34,13.6,12.85,1865620
2018-12-21,13.44,13.3,13.66,13.05,1647836
2018-12-24,13.39,13.72,14.04,13.28,820506
2018-12-26,13.78,14.85,14.85,13.69,1334011
2018-12-27,14.5,14.68,14.8,14.16,666929
2018-12-28,14.79,15.13,15.51,14.54,882754
2018-12-31,15.0,14.88,15.35,14.07,1433980
2019-01-02,14.82,15.42,15.43,14.52,582038
2019-01-03,15.26,15.27,15.78,15.13,515931
2019-01-04,15.52,16.21,16.39,15.52,421234
2019-01-07,16.32,16.67,16.91,15.92,692608
2019-01-08,16.9,16.78,16.94,16.68,868796
2019-01-09,16.75,17.01,17.21,16.75,584854
2019-01-10,16.91,17.13,17.27,16.91,376700
2019-01-11,17.08,17.92,18.04,16.99,1014766
2019-01-14,17.61,17.07,17.61,17.07,716903
2019-01-15,17.13,17.12,17.26,16.97,483647
2019-01-16,17.14,17.05,17.4,16.975,529667
2019-01-17,17.05,17.02,17.42,16.91,735852
2019-01-18,17.08,17.28,17.35,16.96,567958
2019-01-22,17.14,17.1,17.23,16.91,721435
2019-01-23,17.27,17.2,17.64,16.99,730125
2019-01-24,17.16,17.39,17.76,17.1,374173
2019-01-25,17.48,17.07,17.63,16.995,357830
2019-01-28,17.0,17.32,17.59,16.98,608559
2019-01-29,17.34,17.27,17.54,17.18,453936
2019-01-30,17.37,17.23,17.425,17.06,383260
2019-01-31,17.32,17.53,17.73,17.22,575380
2019-02-01,17.48,17.21,17.61,17.05,369525
2019-02-04,17.03,16.34,17.15,16.315,870559
2019-02-05,16.35,16.13,16.67,16.11,1110913
2019-02-06,16.12,15.79,16.33,15.77,468015
2019-02-07,15.7,15.37,15.75,15.33,787253
2019-02-08,15.31,15.7,15.78,14.76,769176
2019-02-11,15.74,14.94,15.74,14.91,902713
2019-02-12,14.91,15.01,15.34,14.91,1077312
2019-02-13,15.03,14.97,15.35,14.78,266865
2019-02-14,14.94,14.9,15.1,14.794,290676
2019-02-15,14.93,14.99,15.07,14.82,405325
2019-02-19,14.91,14.54,15.05,14.5,768298
2019-02-20,14.6,14.68,15.06,14.5041,807149
2019-02-21,14.65,14.48,14.73,14.27,605621
2019-02-22,14.43,14.25,14.75,14.18,628591
2019-02-25,14.21,13.94,14.43,13.92,706744
2019-02-26,13.93,14.26,14.31,13.93,1331226
2019-02-27,14.15,14.52,14.62,14.15,572546
2019-02-28,14.52,14.69,14.69,14.34,847576
2019-03-01,14.76,14.78,15.02,14.74,647001
2019-03-04,14.87,14.88,14.96,14.7,572915
2019-03-05,14.88,14.86,14.96,14.79,402636
2019-03-06,14.89,15.34,15.39,14.89,1097883
2019-03-07,15.32,15.3,15.48,15.105,360927
2019-03-08,15.04,14.8,15.19,14.54,508821
2019-03-11,14.86,14.92,14.96,14.62,624409
2019-03-12,14.99,14.86,15.0397,14.74,233856
2019-03-13,14.88,15.01,15.15,14.81,517091
2019-03-14,14.98,15.08,15.2277,14.93,379208
2019-03-15,15.15,15.29,15.41,15.08,827022
2019-03-18,15.31,15.27,15.42,15.19,402324
2019-03-19,15.31,14.98,15.35,14.87,818554
2019-03-20,14.76,14.79,14.87,14.489,691408
2019-03-21,14.71,15.16,15.21,14.71,355049
2019-03-22,15.07,14.54,15.23,14.44,500721
2019-03-25,14.45,14.38,14.5245,14.01,700263
2019-03-26,14.49,14.86,14.86,14.49,432486
2019-03-27,14.81,15.09,15.25,14.75,542104
2019-03-28,15.05,15.12,15.22,14.94,521060
2019-03-29,15.19,15.1,15.19,14.85,590030
2019-04-01,15.25,15.13,15.3,14.945,652416
2019-04-02,15.07,15.0,15.12,14.82,519137
2019-04-03,15.08,15.23,15.2735,15.015,308242
2019-04-04,15.24,15.38,15.72,15.23,360939
2019-04-05,15.45,15.45,15.6,15.36,388054
2019-04-08,15.5,15.8,15.96,15.44,434271
2019-04-09,15.77,15.69,15.77,15.455,534569
2019-04-10,15.72,16.02,16.04,15.72,316319
2019-04-11,16.06,16.3,16.43,16.06,348604
2019-04-12,16.46,15.84,16.55,15.7,295875
2019-04-15,15.88,15.25,15.88,15.18,447409
2019-04-16,15.3,15.14,15.35,15.12,326904
2019-04-17,15.18,14.92,15.21,14.85,346684
2019-04-18,14.95,14.99,15.2,14.92,265350
2019-04-22,14.99,14.52,15.09,14.51,375531
2019-04-23,14.53,14.54,14.72,14.41,433487
2019-04-24,14.5,14.51,14.74,14.35,364608
2019-04-25,14.5,14.2,14.5,14.15,328728
2019-04-26,14.21,14.37,14.48,14.1321,562806
2019-04-29,14.4,14.16,14.48,14.15,426958
2019-04-30,14.14,13.6,14.16,13.6,692798
2019-05-01,13.57,13.1,13.77,13.1,596117
2019-05-02,13.11,12.86,13.13,12.44,1081700
2019-05-03,12.94,13.3,13.41,12.84,757656
2019-05-06,13.07,13.28,13.39,12.9804,805304
2019-05-07,13.24,12.98,13.33,12.98,435673
2019-05-08,12.96,12.61,13.07,12.57,581090
2019-05-09,12.49,12.76,12.83,12.39,498595
2019-05-10,12.67,12.86,13.03,12.63,456555
2019-05-13,12.59,12.52,12.69,12.41,529345
2019-05-14,12.55,12.54,12.86,12.54,471216
2019-05-15,12.41,12.64,12.92,12.31,813699
2019-05-16,12.66,12.97,13.17,12.66,1020134
2019-05-17,12.82,14.59,14.9,12.78,1838834
2019-05-20,14.88,14.51,15.08,14.15,1625861
2019-05-21,14.65,14.87,15.26,14.65,689874
2019-05-22,14.87,15.2,15.505,14.87,690454
2019-05-23,14.98,15.07,15.15,14.86,532922
2019-05-24,14.37,14.09,14.71,13.5,874416
2019-05-28,14.01,13.96,14.34,13.9,649303
2019-05-29,13.93,13.24,13.95,13.01,630406
2019-05-30,13.13,13.07,13.3,12.78,416041
2019-05-31,12.81,13.76,13.89,12.81,1188763
2019-06-03,13.65,14.01,14.15,13.65,824714
2019-06-04,14.09,14.6,14.61,14.09,1459700
2019-06-05,14.6,13.87,15.07,13.8,574644
2019-06-06,13.68,13.61,13.81,13.42,589207
2019-06-07,13.58,13.25,13.74,13.2,475445
2019-06-10,13.29,13.1,13.43,13.08,652091
2019-06-11,13.2,12.54,13.29,12.51,958258
2019-06-12,12.45,11.83,12.57,11.83,1219477
2019-06-13,11.84,12.09,12.21,11.795,1039529
2019-06-14,12.09,11.32,12.19,11.32,1894772
2019-06-17,11.27,11.28,11.76,10.95,1942786
2019-06-18,11.31,11.18,11.65,11.18,993900
2019-06-19,11.17,11.39,11.48,11.04,1026409
2019-06-20,11.46,11.26,11.61,11.13,1198220
2019-06-21,11.2,11.36,11.5,11.02,1282105
2019-06-24,11.27,11.0,11.35,10.76,1315476
2019-06-25,11.02,11.18,11.31,10.97,1119905
2019-06-26,11.23,11.17,11.39,11.1054,1051459
2019-06-27,11.13,11.08,11.23,10.98,1216534
2019-06-28,11.08,11.61,11.765,11.08,1380601
2019-07-01,11.84,11.99,12.01,11.79,618727
2019-07-02,11.92,12.01,12.22,11.85,538406
2019-07-03,12.07,11.78,12.15,11.43,383641
2019-07-05,11.69,12.18,12.44,11.665,523041
2019-07-08,12.08,11.91,12.22,11.83,360209
2019-07-09,11.83,11.89,11.9707,11.68,356885
2019-07-10,11.91,11.91,12.1141,11.8,639538
2019-07-11,11.86,11.56,12.075,11.54,351959
2019-07-12,11.52,11.82,11.895,11.42,473987
2019-07-15,11.85,11.99,11.99,11.57,714758
2019-07-16,12.04,11.72,12.05,11.62,562928
2019-07-17,11.67,11.49,11.8,11.4101,585168
2019-07-18,11.45,11.02,11.51,10.96,563689
2019-07-19,11.01,11.4,11.46,10.86,552999
2019-07-22,11.45,11.35,11.59,11.2114,314050
2019-07-23,11.32,11.47,11.55,11.11,444477
2019-07-24,11.85,12.14,12.27,11.8,1196126
2019-07-25,12.33,12.25,12.36,12.04,695564
2019-07-26,12.3,12.22,12.44,12.11,350673
2019-07-29,12.27,11.94,12.31,11.73,450489
2019-07-30,11.94,12.14,12.19,11.69,693400
2019-07-31,12.17,12.19,12.56,12.03,546849
2019-08-01,12.17,11.83,12.5277,11.83,541705
2019-08-02,11.84,11.95,11.96,11.51,1150059
2019-08-05,11.7,11.88,11.89,11.5766,505030
2019-08-06,11.84,11.42,11.99,11.37,587856
2019-08-07,11.26,11.29,11.38,11.06,304766
2019-08-08,11.39,11.86,11.89,11.36,419736
2019-08-09,12.05,12.26,12.55,11.52,826445
2019-08-12,12.09,11.57,12.32,11.52,557892
2019-08-13,11.51,11.51,11.89,11.35,543902
2019-08-14,11.31,11.05,11.4,10.75,1287008
2019-08-15,11.08,10.5,11.08,10.45,859806
2019-08-16,10.53,10.51,10.68,10.31,740024
2019-08-19,10.56,10.45,10.79,10.22,821024
2019-08-20,10.54,10.25,10.6,10.25,407813
2019-08-21,10.19,10.17,10.35,10.03,458563
2019-08-22,10.13,10.19,10.33,10.04,458066
2019-08-23,10.11,9.84,10.22,9.83,864554
2019-08-26,9.91,9.94,10.12,9.86,505642
2019-08-27,9.98,9.54,10.021,9.53,531413
2019-08-28,9.47,9.33,9.49,9.18,622820
2019-08-29,9.4,8.92,9.4,8.92,1104433
2019-08-30,9.0,8.34,9.08,8.15,2328528
2019-09-03,8.32,8.81,8.87,8.26,3556601
2019-09-04,8.88,9.05,9.285,8.88,981340
2019-09-05,9.1,9.5,9.6,9.1,536112
2019-09-06,9.72,10.28,10.38,9.72,925380
2019-09-09,10.25,10.31,10.52,10.17,592186
2019-09-10,10.25,10.33,10.47,10.23,520427
2019-09-11,10.41,10.99,11.08,10.28,861348
2019-09-12,11.01,10.55,11.01,10.505,511515
2019-09-13,10.62,10.45,10.81,10.235,937466
2019-09-16,10.45,10.62,10.82,10.385,697668
2019-09-17,10.49,10.05,10.625,9.94,641043
2019-09-18,9.99,9.78,10.17,9.78,560647
2019-09-19,9.77,9.3,9.89,9.275,948970
2019-09-20,9.34,8.87,9.495,8.81,1256110
2019-09-23,8.77,8.99,9.19,8.76,521310
2019-09-24,9.14,8.96,9.3,8.83,1072307
2019-09-25,8.97,8.98,9.24,8.905,667719
2019-09-26,9.03,8.66,9.03,8.65,525389
2019-09-27,8.64,8.7,8.93,8.57,547917
2019-09-30,8.71,8.74,8.8,8.45,784219
2019-10-01,8.75,8.26,8.8348,8.13,1134589
2019-10-02,8.3,8.46,8.57,8.06,641743
2019-10-03,8.39,8.56,8.78,8.36,735618
2019-10-04,8.64,8.68,8.72,8.4,532298
2019-10-07,8.69,8.76,8.855,8.63,376685
2019-10-08,8.63,8.46,8.69,8.37,571328
2019-10-09,8.59,8.78,8.83,8.51,805328
2019-10-10,8.74,8.78,8.87,8.5051,771455
2019-10-11,8.82,8.97,9.17,8.79,821738
2019-10-14,8.89,8.47,8.89,8.41,396403
2019-10-15,8.45,8.49,8.62,8.3743,516082
2019-10-16,8.4,8.22,8.53,8.18,768592
2019-10-17,8.2,8.04,8.26,8.01,897924
2019-10-18,8.05,7.96,8.15,7.86,539203
2019-10-21,7.99,8.0,8.05,7.88,743528
2019-10-22,8.01,8.24,8.31,7.83,657353
2019-10-23,8.22,8.19,8.32,8.08,709989
2019-10-24,8.11,7.67,8.17,7.47,1067063
2019-10-25,7.62,7.66,7.8,7.55,567656
2019-10-28,7.66,7.51,7.79,7.48,658365
2019-10-29,7.43,7.48,7.59,7.34,539759
2019-10-30,7.41,7.43,7.565,7.21,630203
2019-10-31,7.36,7.49,7.505,7.27,531968
2019-11-01,7.48,7.43,7.805,7.31,1186088
2019-11-04,7.43,7.8,7.89,7.415,1220213
2019-11-05,7.79,7.69,7.98,7.675,903907
2019-11-06,7.63,7.62,7.81,7.52,851527
2019-11-07,7.74,7.86,8.0551,7.74,819851
2019-11-08,8.58,8.62,8.9601,8.18,1515249
2019-11-11,8.75,9.01,9.11,8.59,1484474
2019-11-12,9.08,9.08,9.28,8.91,1147030
2019-11-13,8.99,8.71,9.04,8.7,1290713
2019-11-14,8.7,8.71,8.96,8.64,921589
2019-11-15,8.9,9.06,9.29,8.84,1178608
2019-11-18,9.01,8.99,9.12,8.85,786290
2019-11-19,8.94,8.89,9.03,8.84,645998
2019-11-20,8.86,8.94,8.99,8.68,1039435
2019-11-21,8.92,8.62,9.0,8.6,925544
2019-11-22,8.56,8.7,8.77,8.3,537297
2019-11-25,8.73,8.64,8.75,8.57,674173
2019-11-26,8.5,8.74,9.07,8.4,1379189
2019-11-27,8.72,8.92,9.02,8.72,718650
2019-11-29,8.93,8.67,8.93,8.56,617156
2019-12-02,8.68,8.99,9.13,8.68,1027889
2019-12-03,8.77,8.8,8.92,8.7,609679
2019-12-04,8.83,8.92,9.05,8.83,734268
2019-12-05,8.91,8.74,9.11,8.67,1025685
2019-12-06,8.75,8.79,8.9,8.68,869358
2019-12-09,8.77,8.84,9.05,8.77,1088705
2019-12-10,8.85,8.6,8.92,8.54,1313838
2019-12-11,8.63,8.64,8.78,8.53,570184
2019-12-12,8.6,9.35,9.37,8.58,1163289
2019-12-13,9.29,9.0,9.57,8.98,791218
2019-12-16,9.09,8.96,9.24,8.95,1120167
2019-12-17,8.93,9.0,9.04,8.79,1000025
2019-12-18,8.99,8.87,9.05,8.75,1088616
2019-12-19,8.88,9.02,9.035,8.74,1031529
2019-12-20,9.04,9.46,9.46,8.9515,1403740
2019-12-23,10.07,10.16,10.6,9.865,1329970
2019-12-24,10.07,9.87,10.0845,9.82,493061
2019-12-26,9.78,9.78,9.86,9.64,863589
2019-12-27,9.85,9.66,9.89,9.635,765426
2019-12-30,9.62,9.57,9.66,9.49,824876
2019-12-31,9.45,9.93,10.02,9.45,804118
2020-01-02,10.03,10.16,10.21,9.8118,1357383
2020-01-03,10.03,10.02,10.14,9.89,559588
2020-01-06,9.97,10.26,10.26,9.94,585946
2020-01-07,10.32,10.38,10.52,10.15,538837
2020-01-08,10.37,10.32,10.47,10.2607,640081
2020-01-09,10.31,10.15,10.4,9.95,596248
2020-01-10,10.14,10.1,10.18,10.01,405149
2020-01-13,10.15,10.38,10.39,9.96,825862
2020-01-14,10.44,10.75,10.8,10.365,740000
2020-01-15,10.75,10.52,10.85,10.43,1140574
2020-01-16,10.54,10.63,10.75,10.54,496567
2020-01-17,10.73,10.32,10.73,10.21,599076
2020-01-21,10.11,10.17,10.21,9.855,814657
2020-01-22,10.18,9.96,10.18,9.95,389401
2020-01-23,9.94,9.84,9.94,9.68,499642
2020-01-24,9.82,9.62,9.93,9.41,540816
2020-01-27,9.41,9.56,9.64,9.36,520662
2020-01-28,9.63,9.56,9.74,9.52,471995
2020-01-29,9.67,9.57,9.69,9.5,460769
2020-01-30,9.44,9.61,9.675,9.37,616537
2020-01-31,9.56,9.33,9.56,9.11,765969
2020-02-03,9.35,9.25,9.47,9.2,643507
2020-02-04,9.35,9.51,9.59,9.32,573937
2020-02-05,9.57,9.4,10.28,9.36,1801953
2020-02-06,9.5,9.34,9.585,9.22,1282089
2020-02-07,9.43,9.87,10.32,9.3,1755352
2020-02-10,9.89,9.92,10.17,9.71,1642922
2020-02-11,9.91,9.87,9.98,9.49,976257
2020-02-12,9.91,9.88,10.225,9.82,1216018
2020-02-13,9.82,9.96,10.14,9.815,734141
2020-02-14,10.03,10.06,10.1,9.84,883552
2020-02-18,10.07,9.92,10.31,9.89,977362
2020-02-19,9.96,9.89,9.96,9.78,487673
2020-02-20,9.91,9.64,9.91,9.465,590412
2020-02-21,9.57,9.41,9.585,9.325,561746
2020-02-24,9.15,9.11,9.3167,8.98,790382
2020-02-25,9.0,8.75,9.17,8.5704,931811
2020-02-26,8.76,7.93,8.87,7.79,978142
2020-02-27,7.7,7.39,7.8,7.23,809245
2020-02-28,7.09,7.4,7.505,7.09,3013041
2020-03-02,7.45,7.6,7.6,7.06,1503258
2020-03-03,7.63,7.46,7.73,7.27,1411483
2020-03-04,7.56,7.44,7.57,7.31,873184
2020-03-05,7.31,7.0,7.31,6.94,794983
2020-03-06,6.64,6.52,6.91,6.42,1464496
2020-03-09,5.88,5.87,6.155,5.58,1099288
2020-03-10,6.12,5.73,6.23,5.56,2237585
2020-03-11,5.58,5.24,5.65,5.18,2015585
2020-03-12,4.92,4.37,5.03,4.35,1811592
2020-03-13,4.6,5.04,5.04,4.13,1280879
2020-03-16,4.08,4.35,4.78,4.08,865052
2020-03-17,4.43,4.9,4.93,3.87,1107631
2020-03-18,4.5,5.05,5.07,4.33,1174227
2020-03-19,5.03,6.3,6.5,4.94,3382778
2020-03-20,6.45,6.44,7.05,6.0102,2720855
2020-03-23,6.28,6.2,6.4,5.64,1401190
2020-03-24,6.57,6.43,6.745,6.18,1043554
2020-03-25,6.43,6.01,6.48,5.76,853155
2020-03-26,6.02,5.86,6.285,5.73,591991
2020-03-27,5.52,5.46,5.75,5.27,1280369
2020-03-30,5.44,5.3,5.48,5.045,629209
2020-03-31,5.29,5.58,5.69,5.29,671282
2020-04-01,5.28,5.38,5.68,5.1731,681628
2020-04-02,5.28,5.24,5.56,5.01,1282307
2020-04-03,5.14,4.99,5.191,4.76,639769
2020-04-06,5.18,5.5,5.585,5.15,1723312
2020-04-07,5.81,5.32,6.09,5.225,613183
2020-04-08,5.3,5.52,5.5632,5.25,1048832
2020-04-09,5.59,5.82,6.1297,5.59,759929
2020-04-13,5.87,6.21,6.27,5.52,1181571
2020-04-14,6.48,6.5,6.64,6.27,782089
2020-04-15,6.22,6.42,6.43,6.01,558620
2020-04-16,6.59,6.32,6.59,6.15,900470
2020-04-17,6.54,6.67,6.8099,6.47,905221
2020-04-20,6.41,6.65,6.81,6.41,674285
2020-04-21,6.36,6.75,6.8,6.33,701391
2020-04-22,6.88,6.29,6.9,6.281,367756
2020-04-23,6.33,6.53,6.65,6.29,1190824
2020-04-24,6.6,6.75,6.8,6.36,619739
2020-04-27,6.78,6.79,6.98,6.76,707805
2020-04-28,6.88,6.84,7.08,6.7,640587
2020-04-29,7.01,6.92,7.22,6.92,597782
2020-04-30,6.81,6.68,7.07,6.6075,612951
2020-05-01,6.48,6.67,6.68,6.42,658332
2020-05-04,6.55,6.57,6.79,6.44,734702
2020-05-05,6.63,6.76,6.88,6.485,957064
2020-05-06,6.83,6.61,6.91,6.5,945043
2020-05-07,6.73,7.13,7.21,6.73,539474
2020-05-08,7.29,7.42,7.47,7.08,736234
2020-05-11,7.37,7.17,7.43,7.17,583882
2020-05-12,7.19,7.18,7.29,7.08,890299
2020-05-13,7.2,6.9,7.2,6.59,447633
2020-05-14,6.77,6.82,7.3,6.64,587884
2020-05-15,6.71,6.98,7.01,6.68,305442
2020-05-18,7.24,7.44,7.58,7.11,537038
2020-05-19,7.43,7.45,7.615,7.27,1134701
2020-05-20,7.6,7.86,7.9957,7.565,611294
2020-05-21,7.93,8.03,8.26,7.77,1944056
2020-05-22,7.98,7.75,8.0,7.56,1007082
2020-05-26,8.09,7.59,8.21,7.58,684127
2020-05-27,7.81,8.11,8.19,7.62,1156174
2020-05-28,8.25,7.5,8.33,7.4842,1004764
2020-05-29,7.57,7.53,7.61,7.18,786138
2020-06-01,7.52,7.82,7.98,7.52,820581
2020-06-02,7.87,7.95,8.21,7.84,825256
2020-06-03,8.1,8.09,8.22,7.99,771405
2020-06-04,8.1,8.1,8.15,7.89,533742
2020-06-05,8.32,8.52,8.74,8.31,883535
2020-06-08,8.52,8.46,8.62,8.07,1454976
2020-06-09,8.38,7.76,8.38,7.76,1499016
2020-06-10,7.78,7.3,7.79,7.29,553380
2020-06-11,6.96,6.83,6.99,6.63,1222050
2020-06-12,7.13,6.94,7.26,6.74,773549
2020-06-15,6.76,6.62,6.96,6.58,1290479
2020-06-16,6.89,6.8,7.0066,6.6,635744
2020-06-17,6.89,6.84,7.04,6.81,717763
2020-06-18,6.93,7.01,7.14,6.83,549541
2020-06-19,7.15,7.01,7.26,6.95,643896
2020-06-22,6.94,7.07,7.13,6.85,696996
2020-06-23,7.02,6.94,7.17,6.84,623786
2020-06-24,6.79,6.83,6.91,6.69,543013
2020-06-25,6.75,6.75,6.9,6.655,408626
2020-06-26,6.67,6.6,6.73,6.53,1008506
2020-06-29,6.68,6.82,6.84,6.55,781463
2020-06-30,6.79,6.83,6.84,6.61,734216
2020-07-01,6.88,7.19,7.27,6.88,454684
2020-07-02,7.3,7.06,7.31,7.01,584733
2020-07-06,7.06,7.15,7.25,7.06,583283
2020-07-07,7.07,7.11,7.17,6.94,1258022
2020-07-08,7.02,7.05,7.14,6.82,1029319
2020-07-09,6.99,7.25,7.44,6.99,1113027
2020-07-10,7.24,7.25,7.32,7.12,1000553
2020-07-13,7.13,7.14,7.35,7.12,583193
2020-07-14,7.04,7.07,7.1518,6.96,987627
2020-07-15,7.15,7.55,7.605,7.11,603245
2020-07-16,7.41,7.8,7.86,7.36,1254871
2020-07-17,7.77,7.39,7.8389,7.35,549932
2020-07-20,7.38,7.4,7.51,7.31,315394
2020-07-21,7.37,7.31,7.531,7.25,558203
2020-07-22,7.27,7.19,7.3,7.05,392439
2020-07-23,7.16,7.35,7.38,7.065,634843
2020-07-24,7.2,7.42,7.47,7.2,364450
2020-07-27,7.39,7.37,7.41,7.24,647030
2020-07-28,7.28,7.43,7.47,7.27,693051
2020-07-29,7.45,7.05,7.45,6.96,543879
2020-07-30,6.89,7.11,7.21,6.84,573495
2020-07-31,7.11,7.11,7.12,6.92,415245
2020-08-03,7.11,7.34,7.4,6.96,357214
2020-08-04,7.34,7.49,7.54,7.3,306867
2020-08-05,7.54,7.42,7.6,7.36,423841
2020-08-06,7.31,7.28,7.42,7.22,389615
2020-08-07,7.5,7.35,7.83,7.34,1694354
2020-08-10,7.26,7.33,7.44,7.26,478375
2020-08-11,7.25,7.28,7.45,7.25,446515
2020-08-12,7.35,7.29,7.53,7.245,572649
2020-08-13,7.26,7.33,7.36,7.18,591123
2020-08-14,7.23,7.56,7.6,7.22,554753
2020-08-17,7.61,7.64,7.67,7.31,713205
2020-08-18,7.73,7.96,8.07,7.66,1439119
2020-08-19,7.99,7.9,7.99,7.515,788928
2020-08-20,7.85,8.04,8.11,7.81,776853
2020-08-21,8.14,8.17,8.27,8.11,707018
2020-08-24,8.28,8.42,8.47,8.17,580387
2020-08-25,8.42,8.55,8.6,8.36,448989
2020-08-26,8.67,8.81,9.035,8.62,1131167
2020-08-27,8.86,8.9,9.01,8.8,620250
2020-08-28,8.92,8.92,9.08,8.79,394039
2020-08-31,8.94,9.06,9.22,8.84,516776
2020-09-01,9.0,8.97,9.06,8.79,730000
2020-09-02,9.0,8.95,9.02,8.91,643302
2020-09-03,8.91,8.6,9.09,8.56,528570
2020-09-04,8.61,8.72,8.84,8.49,650079
2020-09-08,8.63,8.75,8.89,8.61,818591
2020-09-09,8.88,8.8,8.9,8.71,465995
2020-09-10,8.85,8.62,8.9,8.56,301467
2020-09-11,8.59,8.6,8.9,8.59,513917
2020-09-14,8.69,8.89,8.95,8.69,586924
2020-09-15,8.95,9.09,9.19,8.95,672426
2020-09-16,9.18,9.24,9.35,9.15,724540
2020-09-17,9.14,9.58,9.655,9.06,1428732
2020-09-18,9.74,9.63,9.76,9.52,939398
2020-09-21,9.51,9.02,9.51,8.89,1014835
2020-09-22,9.05,9.04,9.145,8.97,727447
2020-09-23,9.0,8.53,9.09,8.38,851643
2020-09-24,8.47,8.35,8.51,8.225,480819
2020-09-25,8.33,8.34,8.41,8.2,454986
2020-09-28,8.45,8.57,8.61,8.41,296135
2020-09-29,8.59,8.62,8.65,8.455,357041
2020-09-30,8.63,8.72,8.845,8.61,530714
2020-10-01,8.77,8.52,8.83,8.355,566096
2020-10-02,8.38,8.32,8.45,8.15,378059
2020-10-05,8.44,8.38,8.53,8.2,317950
2020-10-06,8.42,8.17,8.48,8.0599,440583
2020-10-07,8.19,8.05,8.194,7.84,703870
2020-10-08,8.11,8.04,8.11,7.86,519212
2020-10-09,8.09,8.19,8.23,8.06,455962
2020-10-12,8.14,8.14,8.24,7.95,444702
2020-10-13,8.2,8.08,8.2,7.84,538760
2020-10-14,8.05,7.92,8.12,7.775,877428
2020-10-15,7.87,7.78,7.87,7.66,410484
2020-10-16,7.77,7.75,7.81,7.63,519013
2020-10-19,7.76,7.39,7.81,7.39,834500
2020-10-20,7.44,7.12,7.44,7.11,856413
2020-10-21,7.13,6.95,7.13,6.93,741945
2020-10-22,6.9,7.01,7.05,6.78,856395
2020-10-23,7.03,6.95,7.07,6.8809,1083526
2020-10-26,6.94,6.77,6.94,6.57,1231623
2020-10-27,6.75,6.64,6.82,6.57,1226908
2020-10-28,6.53,6.57,6.72,6.51,882992
2020-10-29,6.55,6.55,6.59,6.36,809397
2020-10-30,6.47,6.27,6.53,6.17,1178002
2020-11-02,6.32,6.27,6.4,6.13,619960
2020-11-03,6.36,6.47,6.48,6.28,789214
2020-11-04,6.54,6.42,6.675,6.39,523288
2020-11-05,6.54,6.6,6.64,6.38,583498
2020-11-06,6.81,7.31,7.45,6.76,1726257
2020-11-09,7.72,7.82,8.19,7.72,1275488
2020-11-10,7.8,8.28,8.34,7.72,1099540
2020-11-11,8.29,8.55,8.58,8.25,1034894
2020-11-12,8.48,8.51,8.74,8.33,813480
2020-11-13,8.8,8.86,8.94,8.645,1028888
2020-11-16,8.91,8.81,8.99,8.75,1200099
2020-11-17,8.72,8.88,8.9,8.71,574756
2020-11-18,8.88,8.78,8.91,8.71,1690982
2020-11-19,8.73,8.74,8.91,8.67,790559
2020-11-20,8.7,8.81,8.89,8.6,610492
2020-11-23,8.85,9.12,9.26,8.77,1141930
2020-11-24,9.26,9.51,9.535,9.14,912849
2020-11-25,9.52,9.2,9.52,9.2,614574
2020-11-27,9.29,9.33,9.37,9.21,311875
2020-11-30,9.34,8.98,9.43,8.935,1327976
2020-12-01,9.03,9.08,9.21,9.01,603848
2020-12-02,9.09,9.0,9.11,8.89,930208
2020-12-03,8.97,9.09,9.22,8.97,604642
2020-12-04,9.09,9.36,9.39,9.03,690998
2020-12-07,9.29,9.09,9.35,9.09,359946
2020-12-08,8.95,8.96,9.15,8.88,920793
2020-12-09,8.96,8.84,9.09,8.69,868186
2020-12-10,8.75,8.97,8.99,8.673,673628
2020-12-11,8.87,8.74,9.025,8.69,507094
2020-12-14,8.73,8.4,8.8,8.325,696450
2020-12-15,8.34,8.58,8.67,8.34,552191
2020-12-16,8.56,8.48,8.56,8.27,692801
2020-12-17,8.46,8.69,8.69,8.4026,664663
2020-12-18,8.69,8.51,8.71,8.41,1083130
2020-12-21,8.38,8.41,8.53,8.275,666844
2020-12-22,8.43,8.45,8.45,8.26,830684
2020-12-23,8.4,9.67,9.72,8.4,1035175
2020-12-24,9.66,9.99,10.0,9.31,443060
2020-12-28,9.87,9.96,10.0,9.695,737947
2020-12-29,10.0,9.91,10.07,9.79,648550
2020-12-30,9.8,10.19,10.31,9.683,638149
2020-12-31,10.19,10.38,10.49,10.035,670200
2021-01-04,10.34,10.47,10.5,10.1,548776
2021-01-05,10.48,10.23,10.85,10.21,641175
2021-01-06,10.29,10.94,11.05,10.26,776664
2021-01-07,10.87,10.87,11.14,10.56,959601
2021-01-08,10.98,10.69,10.98,10.585,481695
2021-01-11,10.53,10.8,10.94,10.2,851173
2021-01-12,10.87,11.04,11.22,10.76,601522
2021-01-13,10.95,11.12,11.24,10.95,387127
2021-01-14,11.38,12.16,12.3,11.38,893484
2021-01-15,11.59,11.84,12.07,11.5,652907
2021-01-19,12.15,12.25,12.47,12.0,859535
2021-01-20,12.28,11.79,12.4,11.76,629317
2021-01-21,11.81,11.76,12.11,11.69,492129
2021-01-22,11.6,12.21,12.245,11.48,725714
2021-01-25,12.24,13.19,13.37,12.2,1706399
2021-01-26,13.12,13.29,13.4675,12.93,1152491
2021-01-27,13.4,13.7,14.65,13.28,3000562
2021-01-28,13.58,12.58,13.88,12.43,4041272
2021-01-29,12.26,12.36,13.1,12.21,1773091
2021-02-01,12.52,12.53,12.67,12.205,1270622
2021-02-02,12.73,12.25,12.73,11.949,1088850
2021-02-03,12.35,12.84,12.89,12.25,569195
2021-02-04,12.9,12.88,13.04,12.6,469559
2021-02-05,12.91,13.0,13.02,11.98,790889
2021-02-08,13.11,12.77,13.2,12.54,499271
2021-02-09,12.72,12.5,12.82,12.41,591392
2021-02-10,12.49,12.92,13.15,12.39,910322
2021-02-11,12.9,12.88,12.949,12.48,428929
2021-02-12,12.75,12.93,13.08,12.72,332501
2021-02-16,12.9,12.9,13.26,12.8,631563
2021-02-17,12.76,12.87,12.925,12.57,393138
2021-02-18,12.74,12.97,13.09,12.61,460163
2021-02-19,13.11,12.88,13.14,12.8,362469
2021-02-22,12.92,13.1,13.56,12.77,1129260
2021-02-23,13.1,12.92,13.2,12.55,1209818
2021-02-24,12.86,12.8,12.9,12.51,695742
2021-02-25,12.99,12.43,13.38,12.29,653009
2021-02-26,12.3,12.54,12.8,11.84,1139499
2021-03-01,12.71,13.5,13.58,12.635,661653
2021-03-02,13.62,13.83,14.05,13.27,939192
2021-03-03,13.88,14.43,14.52,13.81,915657
2021-03-04,14.28,14.69,14.81,14.1,1760862
2021-03-05,14.67,14.9,15.34,14.48,1170362
2021-03-08,14.93,14.9,15.19,14.61,811008
2021-03-09,14.97,14.34,15.05,14.25,587313
2021-03-10,14.35,14.76,14.96,14.11,546195
2021-03-11,14.96,15.56,15.62,14.67,613781
2021-03-12,15.44,15.96,16.09,15.18,915745
2021-03-15,16.29,15.84,16.76,15.76,723107
2021-03-16,15.73,15.72,16.055,15.41,336489
2021-03-17,15.68,15.75,15.89,15.23,650714
2021-03-18,15.75,15.42,15.85,15.32,671835
2021-03-19,15.32,15.61,15.68,15.265,1030765
2021-03-22,15.57,15.41,15.62,15.15,757740
2021-03-23,15.35,14.59,15.67,14.44,668550
2021-03-24,14.56,13.93,14.7,13.825,738015
2021-03-25,13.72,14.15,14.26,13.52,424036
2021-03-26,14.37,13.75,14.49,13.36,742583
2021-03-29,13.61,13.48,13.82,13.15,456112
2021-03-30,13.56,13.37,13.99,13.33,513648
2021-03-31,13.4,12.9,13.66,12.87,2412297
2021-04-01,13.0,13.51,13.59,12.91,414041
2021-04-05,13.51,13.32,13.62,13.11,414909
2021-04-06,13.35,13.68,13.74,13.28,402699
2021-04-07,13.82,13.85,13.96,13.65,414777
2021-04-08,13.86,13.74,13.949,13.37,344434
2021-04-09,13.78,13.81,13.84,13.46,376453
2021-04-12,13.74,13.65,13.84,13.5,409948
2021-04-13,13.5,13.32,13.64,13.15,344673
2021-04-14,13.31,13.47,13.83,13.15,538679
2021-04-15,13.49,13.54,13.65,13.39,232990
2021-04-16,13.56,13.7,13.92,13.355,576598
2021-04-19,13.79,13.83,14.0499,13.56,470432
2021-04-20,13.87,13.42,13.87,13.3,386622
2021-04-21,12.89,12.65,12.89,12.105,925005
2021-04-22,12.76,12.87,13.15,12.5599,392112
2021-04-23,12.99,12.99,13.11,12.79,502258
2021-04-26,12.9,12.67,12.925,12.54,351123
2021-04-27,12.63,12.67,12.87,12.57,533196
2021-04-28,12.62,12.84,12.89,12.5,501883
2021-04-29,12.85,12.81,13.06,12.81,509695
2021-04-30,12.77,12.6,12.9,12.55,328193
2021-05-03,12.67,12.94,13.2,12.67,378826
2021-05-04,12.92,12.58,13.05,12.43,381335
2021-05-05,12.67,12.9,13.015,12.64,282933
2021-05-06,13.06,13.16,13.19,12.75,546015
2021-05-07,13.09,13.44,13.98,13.0284,396444
2021-05-10,13.84,13.55,13.97,13.54,667786
2021-05-11,13.26,13.29,13.455,13.04,474582
2021-05-12,13.11,12.91,13.36,12.88,376424
2021-05-13,12.99,12.86,13.565,12.8,406668
2021-05-14,13.11,13.44,13.45,13.0,437372
2021-05-17,13.76,14.71,14.76,13.75,2535119
2021-05-18,15.0,16.02,16.16,14.76,1668922
2021-05-19,15.78,16.02,16.33,15.16,1150711
2021-05-20,15.84,16.55,16.63,15.805,1102697
2021-05-21,16.75,16.1,16.84,16.08,1034817
2021-05-24,16.1,16.65,16.76,16.0,703827
2021-05-25,16.88,16.48,17.39,16.48,1308638
2021-05-26,16.73,16.38,16.87,16.2,1048775
2021-05-27,16.45,16.7,16.94,16.32,2046423
2021-05-28,16.98,17.38,17.59,16.22,1135182
2021-06-01,17.64,17.15,17.75,16.91,875723
2021-06-02,16.89,17.94,18.02,16.8,1373230
2021-06-03,17.85,18.02,18.39,17.48,1095990
2021-06-04,18.1,17.61,18.2905,17.5,789353
2021-06-07,17.8,18.08,18.21,17.74,1002341
2021-06-08,17.96,18.15,18.36,17.82,1323651
2021-06-09,18.33,18.11,18.36,17.82,723815
2021-06-10,18.01,18.04,18.27,17.895,611795
2021-06-11,18.01,17.87,18.09,17.72,436828
2021-06-14,17.59,18.19,18.225,17.55,750615
2021-06-15,18.16,16.6,18.2,16.53,669044
2021-06-16,16.48,17.19,17.19,16.29,742894
2021-06-17,17.08,17.14,17.53,16.94,575765
2021-06-18,17.09,17.31,17.39,16.78,1154253
2021-06-21,17.5,17.81,17.86,17.21,962315
2021-06-22,17.8,17.95,18.64,17.62,854105
2021-06-23,18.15,18.14,18.39,17.63,986205
2021-06-24,18.12,18.45,18.575,17.97,1272143
2021-06-25,18.43,17.74,18.43,17.6,12750344
2021-06-28,17.52,18.61,18.62,17.5,691791
2021-06-29,18.26,17.88,18.77,17.81,818162
2021-06-30,17.73,18.3,18.37,17.53,607254
2021-07-01,18.42,18.23,18.55,18.03,377080
2021-07-02,18.29,18.23,18.34,17.94,502018
2021-07-06,18.24,17.89,18.32,17.4,373157
2021-07-07,17.8,17.59,18.21,17.43,439733
2021-07-08,17.17,16.77,17.17,16.63,514736
2021-07-09,16.965,17.21,17.27,16.78,275062
2021-07-12,16.97,17.09,17.16,16.44,865898
2021-07-13,16.88,16.36,16.99,16.31,380869
2021-07-14,16.5,16.07,16.6,16.05,360734
2021-07-15,16.1,15.58,16.24,15.39,462681
2021-07-16,15.69,15.3,15.71,15.11,425353
2021-07-19,14.85,14.61,14.9812,14.53,931130
2021-07-20,14.53,14.7,14.93,14.4,1289329
2021-07-21,14.75,14.76,15.07,14.69,769014
2021-07-22,14.56,13.93,14.58,13.63,776081
2021-07-23,14.07,13.6,14.07,13.51,553110
2021-07-26,13.76,13.84,14.13,13.5613,454585
2021-07-27,13.64,13.45,13.71,13.18,490777
2021-07-28,13.47,13.38,13.66,13.1,465831
2021-07-29,13.51,13.61,13.74,13.24,571848
2021-07-30,13.51,13.36,13.64,13.26,519840
2021-08-02,13.5,13.58,13.79,13.41,480824
2021-08-03,13.65,13.17,13.72,12.79,877393
2021-08-04,12.86,12.88,13.2539,12.86,409703
2021-08-05,13.02,13.2,13.46,12.96,414078
2021-08-06,13.04,12.89,13.28,12.08,876841
2021-08-09,12.79,12.61,12.91,12.43,477062
2021-08-10,12.44,12.11,12.84,12.11,649609
2021-08-11,12.02,12.03,12.265,11.79,956047
2021-08-12,12.19,12.0,12.38,11.7,795616
2021-08-13,11.87,11.72,11.99,11.63,931526
2021-08-16,11.62,11.33,11.69,11.31,723972
2021-08-17,11.11,11.41,11.495,11.11,1317576
2021-08-18,11.43,10.98,11.45,10.98,2523373
2021-08-19,10.84,10.8,10.96,10.53,1156403
2021-08-20,10.72,10.84,10.92,10.72,1474974
2021-08-23,10.75,11.16,11.24,10.74,1331653
2021-08-24,11.16,11.21,11.41,11.13,819774
2021-08-25,11.17,10.89,11.17,10.71,1353909
2021-08-26,10.86,11.26,11.37,10.86,1312537
2021-08-27,11.08,11.74,11.84,11.08,738082
2021-08-30,11.76,11.53,11.7786,11.46,826714
2021-08-31,11.53,11.76,12.0,11.53,1175239
2021-09-01,11.73,11.76,11.95,11.63,1296135
2021-09-02,11.81,11.78,11.99,11.72,1298622
2021-09-03,11.77,11.68,11.87,11.53,378497
2021-09-07,11.71,11.45,11.93,11.45,544309
2021-09-08,11.41,11.11,11.66,11.11,543010
2021-09-09,11.05,11.76,11.97,11.05,1134797
2021-09-10,11.74,12.04,12.2599,11.715,1391934
2021-09-13,12.11,12.28,12.37,12.0,955411
2021-09-14,12.39,12.09,12.39,11.97,1149394
2021-09-15,12.06,11.93,12.09,11.61,785746
2021-09-16,11.89,12.04,12.24,11.875,457131
2021-09-17,12.09,12.07,12.35,11.98,872738
2021-09-20,11.8,11.86,11.9,11.6,573651
2021-09-21,11.88,11.93,12.16,11.7,565628
2021-09-22,12.05,12.09,12.26,11.94,542995
2021-09-23,12.15,12.57,12.595,12.15,590214
2021-09-24,12.56,12.86,12.975,12.46,501817
2021-09-27,12.88,13.19,13.38,12.88,489234
2021-09-28,13.21,12.8,13.22,12.781,555807
2021-09-29,12.75,12.91,12.98,12.68,377126
2021-09-30,12.99,13.0,13.03,12.65,706608
2021-10-01,13.06,13.41,13.5,13.04,420660
2021-10-04,13.28,13.23,13.38,13.12,383243
2021-10-05,13.24,13.58,13.645,13.131,385520
2021-10-06,13.4,12.96,13.48,12.89,371392
2021-10-07,13.09,13.02,13.225,12.96,397294
2021-10-08,13.07,13.14,13.54,13.02,279407
2021-10-11,13.11,13.01,13.29,12.97,210225
2021-10-12,12.93,13.2,13.21,12.89,166606
2021-10-13,13.32,12.52,13.42,12.355,1414303
2021-10-14,12.53,12.94,13.12,12.53,485659
2021-10-15,13.3,13.23,13.48,13.08,579525
2021-10-18,13.14,12.76,13.26,12.68,415500
2021-10-19,12.81,12.97,12.99,12.46,535289
2021-10-20,13.05,13.38,13.52,12.87,416481
2021-10-21,13.32,13.16,13.51,13.05,386222
2021-10-22,13.1,13.1,13.112,12.75,400618
2021-10-25,13.11,12.93,13.19,12.92,342528
2021-10-26,12.98,12.6,12.98,12.43,402651
2021-10-27,12.49,11.51,12.5,11.26,2911280
2021-10-28,11.63,11.54,11.6775,11.295,1268115
2021-10-29,11.49,11.32,11.58,11.29,1345193
2021-11-01,11.26,12.0,12.33,11.195,1086934
2021-11-02,11.75,11.86,12.12,11.75,753512
2021-11-03,11.89,12.19,12.3,11.89,2065079
2021-11-04,12.23,12.2,12.26,11.96,964228
2021-11-05,12.94,15.43,15.5,12.94,3536394
2021-11-08,15.39,15.19,15.41,14.51,1252224
2021-11-09,15.3,15.31,15.66,15.19,1177733
2021-11-10,15.32,15.75,16.13,15.12,1602771
2021-11-11,15.79,16.22,16.315,15.7,898141
2021-11-12,16.16,15.97,16.33,15.95,570470
2021-11-15,16.21,16.74,16.7907,16.11,876568
2021-11-16,16.58,16.48,16.7,16.16,1278873
2021-11-17,16.41,16.6,16.8,16.29,941617
2021-11-18,16.57,16.63,16.77,16.29,1057649
2021-11-19,16.34,14.89,16.39,14.84,1155924
2021-11-22,14.91,15.06,15.2,14.39,752536
2021-11-23,14.96,14.24,14.96,14.24,813096
2021-11-24,14.27,14.23,14.43,13.83,749237
2021-11-26,13.66,13.66,13.67,12.93,811165
2021-11-29,13.9,13.62,13.95,13.255,825565
2021-11-30,13.42,13.65,13.685,13.09,1391373
2021-12-01,14.07,13.28,14.21,13.22,1368509
2021-12-02,13.43,13.79,13.97,13.18,682941
2021-12-03,13.56,13.82,13.9,13.445,508821
2021-12-06,13.89,14.07,14.51,13.71,787675
2021-12-07,14.23,14.66,14.77,14.23,633202
2021-12-08,14.775,15.04,15.41,14.72,845224
2021-12-09,15.0,14.55,15.1,14.38,582745
2021-12-10,14.48,14.57,14.63,14.165,452973
2021-12-13,14.5,14.5,14.575,14.12,655358
2021-12-14,14.26,14.36,14.65,14.0,963324
2021-12-15,14.48,14.41,14.48,13.86,724658
2021-12-16,14.59,14.39,14.68,14.15,804672
2021-12-17,14.32,14.25,14.82,14.17,961893
2021-12-20,13.98,14.0,14.08,13.6,663173
2021-12-21,14.28,14.67,14.73,14.24,532744
2021-12-22,14.67,14.7,14.78,14.38,466869
2021-12-23,14.87,15.24,15.28,14.78,381290
2021-12-27,15.12,14.96,15.24,14.77,359386
2021-12-28,14.9,14.96,15.23,14.745,288181
2021-12-29,14.65,14.85,14.98,14.6,346845
2021-12-30,14.855,14.88,15.26,14.81,392404
2021-12-31,14.86,15.39,15.515,14.84,502980
2022-01-03,15.64,15.85,16.16,15.565,763847
2022-01-04,16.66,16.35,17.29,16.1,968647
2022-01-05,16.44,16.0,16.91,15.93,840915
2022-01-06,16.06,15.63,16.27,15.46,379826
2022-01-07,15.73,16.04,16.2,15.71,459285
2022-01-10,16.07,15.73,16.07,15.5,372444
2022-01-11,15.82,16.54,16.59,15.77,497024
2022-01-12,16.83,16.79,17.13,16.61,644366
2022-01-13,17.07,16.7,17.13,16.63,320100
2022-01-14,16.32,16.73,16.74,16.315,282430
2022-01-18,16.25,16.17,16.67,16.09,520247
2022-01-19,16.1,15.89,16.25,15.48,1075677
2022-01-20,15.99,15.75,16.29,15.625,661424
2022-01-21,15.75,15.27,15.92,15.17,1307307
2022-01-24,14.92,15.56,15.64,14.31,687976
2022-01-25,15.26,15.52,15.695,14.87,397032
2022-01-26,15.78,14.69,15.9,14.41,499430
2022-01-27,14.92,14.14,14.98,14.0,1561388
2022-01-28,14.17,14.45,14.655,13.97,1186464
2022-01-31,14.36,14.58,14.8,14.31,875304
2022-02-01,14.85,14.74,15.15,14.4199,856311
2022-02-02,14.8,13.87,14.8,13.59,661100
2022-02-03,13.72,13.66,14.05,13.47,637316
2022-02-04,13.51,12.6,13.68,11.76,1599562
2022-02-07,12.4,12.39,12.56,11.93,1235197
2022-02-08,12.25,12.02,12.4,11.9,958393
2022-02-09,12.04,13.08,13.08,12.04,1134602
2022-02-10,12.88,12.93,13.405,12.73,767057
2022-02-11,12.75,12.61,13.15,12.56,634555
2022-02-14,12.55,12.48,12.8611,12.44,685075
2022-02-15,12.6,13.37,13.44,12.43,721659
2022-02-16,13.1,12.72,13.23,12.67,732208
2022-02-17,12.53,12.56,12.86,12.42,447135
2022-02-18,12.56,12.17,12.81,12.1,785757
2022-02-22,12.07,12.24,12.5,12.029,662691
2022-02-23,12.29,12.78,13.21,12.29,1123526
2022-02-24,12.38,14.05,14.08,12.38,1035473
2022-02-25,14.14,14.26,14.605,13.81,622610
2022-02-28,14.01,14.25,14.5309,14.01,513333
2022-03-01,14.22,14.07,14.51,13.78,928023
2022-03-02,14.23,14.38,14.44,13.87,891305
2022-03-03,14.46,14.29,14.555,13.96,446776
2022-03-04,14.1,13.76,14.2,13.58,591073
2022-03-07,13.96,13.92,14.15,13.8,494233
2022-03-08,14.03,13.95,14.35,13.8,634115
2022-03-09,14.22,14.44,14.72,14.1,422181
2022-03-10,14.15,14.23,14.31,13.985,273843
2022-03-11,14.4,14.36,14.5599,14.23,288638
2022-03-14,14.38,14.17,14.5,14.01,356852
2022-03-15,14.3,14.42,14.5943,14.11,293933
2022-03-16,14.6,14.71,14.84,14.28,420854
2022-03-17,14.53,14.98,14.98,14.53,386086
2022-03-18,15.04,14.83,15.09,14.58,897914
2022-03-21,14.81,15.07,15.19,14.7,677160
2022-03-22,15.15,14.92,15.19,14.765,465804
2022-03-23,14.87,14.9,15.08,14.69,413750
2022-03-24,14.86,14.87,14.91,14.61,412569
2022-03-25,14.97,15.1,15.24,14.89,283461
2022-03-28,14.95,14.93,15.13,14.64,418191
2022-03-29,15.21,15.23,15.465,15.02,732623
2022-03-30,15.22,15.03,15.4,14.94,484939
2022-03-31,14.84,15.03,15.185,14.775,436904
2022-04-01,15.14,15.15,15.17,14.53,575028
2022-04-04,15.01,15.3,15.36,14.9,439538
2022-04-05,15.22,14.83,15.46,14.69,562015
2022-04-06,14.59,14.75,14.83,14.2,740107
2022-04-07,14.71,14.68,14.71,14.3,515862
2022-04-08,14.8,14.69,14.852,14.51,575873
2022-04-11,14.51,14.26,14.62,14.07,751129
2022-04-12,14.47,14.27,14.91,14.255,874266
2022-04-13,14.23,14.41,14.53,14.1,574432
2022-04-14,14.45,13.91,14.51,13.86,335597
2022-04-18,13.81,13.79,14.06,13.66,243414
2022-04-19,13.87,13.81,14.055,13.67,433923
2022-04-20,13.67,13.26,13.68,12.41,1074990
2022-04-21,13.47,13.04,13.48,12.915,490909
2022-04-22,12.95,12.76,13.0,12.49,623937
2022-04-25,12.76,13.15,13.2,12.71,565218
2022-04-26,13.31,13.06,13.45,13.01,671820
2022-04-27,12.97,12.97,13.22,12.78,627883
2022-04-28,13.04,12.76,13.12,12.33,660386
2022-04-29,12.61,12.57,12.9702,12.29,928524
2022-05-02,12.67,12.85,12.99,12.46,544741
2022-05-03,12.75,13.25,14.3,12.61,1227527
2022-05-04,13.25,12.93,13.25,12.35,949101
2022-05-05,12.67,12.5,12.815,12.08,1162616
2022-05-06,12.54,12.42,12.59,11.96,746224
2022-05-09,12.16,12.18,12.61,12.04,888739
2022-05-10,12.36,11.56,12.47,11.53,1065636
2022-05-11,11.63,10.24,11.63,10.23,873159
2022-05-12,10.23,10.53,10.89,9.98,858672
2022-05-13,10.68,10.94,10.96,10.565,464108
2022-05-16,10.84,10.63,11.09,10.52,525649
2022-05-17,10.99,11.72,11.72,10.88,513142
2022-05-18,11.37,11.87,12.03,11.37,422624
2022-05-19,11.73,11.7,12.08,11.53,645474
2022-05-20,11.86,11.23,12.03,11.05,520876
2022-05-23,11.6,11.14,11.6,10.99,362909
2022-05-24,11.07,10.38,11.07,10.15,639791
2022-05-25,10.12,10.03,10.52,10.02,695270
2022-05-26,10.13,9.68,10.13,9.34,1159345
2022-05-27,9.37,9.38,9.55,8.68,2452283
2022-05-31,9.4,9.39,9.63,9.05,1018473
2022-06-01,9.32,9.58,9.67,8.82,1619738
2022-06-02,9.7,9.0,9.75,8.92,1144521
2022-06-03,9.0,9.23,9.25,8.95,1062553
2022-06-06,9.34,9.66,9.81,9.24,949465
2022-06-07,9.56,9.57,9.78,9.4201,878103
2022-06-08,9.58,9.77,9.99,9.57,644198
2022-06-09,9.63,9.57,9.85,9.51,1050127
2022-06-10,9.58,8.95,9.58,8.93,877115
2022-06-13,8.7,8.57,8.75,8.41,1685529
2022-06-14,8.76,8.97,9.0,8.6,1812487
2022-06-15,9.07,9.01,9.23,8.63,1394788
2022-06-16,8.9,8.8,9.0,8.72,1118650
2022-06-17,8.95,8.92,9.02,8.71,898785
2022-06-21,9.04,8.88,9.11,8.7,693468
2022-06-22,8.65,8.94,9.16,8.65,810489
2022-06-23,8.9,9.02,9.14,8.85,634440
2022-06-24,9.11,9.65,9.695,9.1,1175538
2022-06-27,9.76,9.21,9.76,9.11,1089323
2022-06-28,9.19,8.89,9.37,8.835,1019333
2022-06-29,8.9,9.06,9.06,8.67,1248669
2022-06-30,8.95,8.83,9.04,8.72,637582
2022-07-01,8.72,8.51,8.94,8.45,1240448
2022-07-05,8.35,8.22,8.42,8.11,1297409
2022-07-06,8.21,7.95,8.55,7.885,1727146
2022-07-07,8.14,8.15,8.31,7.975,1392178
2022-07-08,8.05,8.09,8.38,8.04,881502
2022-07-11,8.0,7.42,8.0,7.405,978316
2022-07-12,7.35,7.72,7.76,7.35,909319
2022-07-13,7.59,7.52,7.685,7.42,1277532
2022-07-14,7.36,7.22,7.51,7.16,1082670
2022-07-15,7.38,7.98,8.03,7.33,1290462
2022-07-18,7.98,8.57,8.68,7.95,871538
2022-07-19,8.71,8.52,8.99,8.495,597020
2022-07-20,8.46,8.75,8.81,8.45,511347
2022-07-21,8.66,8.81,8.82,8.53,554853
2022-07-22,8.82,8.82,8.89,8.64,390252
2022-07-25,8.84,9.1,9.26,8.835,443416
2022-07-26,9.07,8.64,9.07,8.6,493553
2022-07-27,8.74,8.78,8.87,8.66,381164
2022-07-28,8.77,8.72,8.87,8.49,289125
2022-07-29,8.6,8.31,8.62,8.23,1018689
2022-08-01,8.23,8.68,8.72,8.08,760152
2022-08-02,8.66,8.86,8.95,8.63,387181
2022-08-03,8.85,9.13,9.2,8.85,446867
2022-08-04,9.14,9.16,9.33,9.04,447197
2022-08-05,9.36,10.32,10.37,9.18,1097750
2022-08-08,10.47,10.69,10.74,10.31,1112305
2022-08-09,10.6,10.31,10.73,10.12,610496
2022-08-10,10.36,10.52,10.59,10.31,497057
2022-08-11,10.45,10.72,10.99,10.44,622096
2022-08-12,10.81,10.65,10.94,10.495,608117
2022-08-15,10.47,10.5,10.89,10.37,1539296
2022-08-16,10.55,10.14,10.55,10.03,783539
2022-08-17,9.96,9.87,10.12,9.84,587608
2022-08-18,9.86,9.9,10.09,9.7,713206
2022-08-19,9.81,9.74,9.88,9.7,535648
2022-08-22,9.5,9.56,9.64,9.25,472080
2022-08-23,9.71,9.35,9.71,9.32,397761
2022-08-24,9.22,10.01,10.05,9.22,469429
2022-08-25,9.92,10.27,10.44,9.92,519311
2022-08-26,10.2,9.65,10.34,9.63,384106
2022-08-29,9.54,9.82,10.08,9.51,457135
2022-08-30,9.91,9.8,10.045,9.67,478466
2022-08-31,10.02,9.33,10.02,9.27,919311
2022-09-01,9.22,9.63,9.67,9.19,504291
2022-09-02,9.69,9.31,9.69,9.23,468741
2022-09-06,9.25,9.13,9.34,9.05,505441
2022-09-07,8.91,8.87,9.0502,8.86,618634
2022-09-08,8.76,8.8,8.87,8.43,506499
2022-09-09,8.93,9.47,9.5,8.91,392815
2022-09-12,9.51,10.13,10.2,9.51,775010
2022-09-13,9.73,9.68,9.91,9.595,408330
2022-09-14,9.6,9.51,9.6,9.18,655027
2022-09-15,9.4,9.92,10.08,9.4,548191
2022-09-16,9.79,9.99,10.0,9.61,854074
2022-09-19,9.99,10.02,10.05,9.64,527756
2022-09-20,9.84,9.96,10.15,9.8,295897
2022-09-21,10.01,9.21,10.01,9.2,904005
2022-09-22,9.2,8.76,9.31,8.69,547783
2022-09-23,8.6,8.39,8.6,8.02,759860
2022-09-26,8.31,7.86,8.51,7.84,769022
2022-09-27,7.98,7.74,8.058,7.61,731876
2022-09-28,7.75,7.49,7.95,7.48,997520
2022-09-29,7.33,6.88,7.39,6.5362,1317772
2022-09-30,6.74,6.95,7.17,6.74,902218
2022-10-03,7.14,7.33,7.4,6.7,850624
2022-10-04,7.55,8.31,8.32,7.55,860568
2022-10-05,8.06,7.35,8.18,7.34,1666283
2022-10-06,7.4,7.11,7.445,6.995,1038403
2022-10-07,7.13,6.91,7.15,6.73,1278802
2022-10-10,6.86,6.72,7.01,6.65,946828
2022-10-11,6.66,6.65,6.89,6.455,1063059
2022-10-12,6.62,6.63,6.72,6.47,911401
2022-10-13,6.43,6.75,6.9,6.3,1451194
2022-10-14,6.8,6.68,7.045,6.65,995202
2022-10-17,6.85,7.0,7.155,6.85,1030301
2022-10-18,7.21,6.82,7.3,6.78,1179356
2022-10-19,6.81,7.04,7.17,6.81,1061338
2022-10-20,7.02,7.19,7.25,6.95,533724
2022-10-21,7.27,7.32,7.385,7.11,786391
2022-10-24,7.32,7.2,7.39,6.99,407627
2022-10-25,7.24,7.54,7.738,7.24,627335
2022-10-26,7.58,7.3,7.76,7.3,690215
2022-10-27,7.33,7.25,7.56,7.225,729976
2022-10-28,7.22,7.68,7.7,7.1601,578932
2022-10-31,7.64,7.59,7.65,7.32,568844
2022-11-01,7.81,7.83,8.05,7.75,486124
2022-11-02,7.65,7.52,7.91,7.49,714555
2022-11-03,7.39,7.04,7.5,6.96,876574
2022-11-04,7.03,6.79,7.24,6.26,2109418
2022-11-07,6.93,6.58,6.94,6.37,1446837
2022-11-08,6.5,6.34,6.64,6.14,1718042
2022-11-09,6.22,5.89,6.45,5.83,1172957
2022-11-10,6.19,6.43,6.6,6.14,1156319
2022-11-11,6.39,7.05,7.2,6.39,1497483
2022-11-14,6.96,7.05,7.13,6.83,961780
2022-11-15,7.3,7.25,7.46,7.09,1065939
2022-11-16,7.23,6.25,7.26,6.195,1222022
2022-11-17,6.17,6.32,6.36,6.0,1368553
2022-11-18,6.47,6.34,6.62,6.21,1125540
2022-11-21,6.58,6.58,6.87,6.42,1276619
2022-11-22,6.63,6.52,6.63,6.23,867787
2022-11-23,6.61,7.01,7.17,6.61,867303
2022-11-25,7.07,7.1,7.32,7.0,685883
2022-11-28,7.09,7.07,7.33,6.75,834742
2022-11-29,7.13,7.13,7.255,6.9611,1068427
2022-11-30,7.06,7.12,7.2,6.83,1733728
2022-12-01,7.1,6.72,7.24,6.69,1028010
2022-12-02,6.51,7.24,7.25,6.43,1149140
2022-12-05,7.18,7.16,7.55,7.14,922079
2022-12-06,7.12,6.46,7.185,6.43,1101729
2022-12-07,6.21,5.54,6.22,5.53,2385246
2022-12-08,5.59,5.64,5.76,5.5,1308742
2022-12-09,5.59,5.72,6.035,5.53,1262330
2022-12-12,5.75,5.91,5.91,5.63,1037517
2022-12-13,6.17,6.16,6.53,6.0,1665710
2022-12-14,6.09,6.2,6.27,6.039,1619007
2022-12-15,6.1,5.84,6.19,5.82,1170130
2022-12-16,5.97,5.75,6.0,5.6,1749630
2022-12-19,5.67,5.47,5.73,5.455,799359
2022-12-20,5.4,5.41,5.505,5.25,805352
2022-12-21,5.65,5.86,5.94,5.57,1081783
2022-12-22,5.82,5.91,5.915,5.69,913440
2022-12-23,5.8,5.78,5.9,5.67,860339
2022-12-27,5.75,5.46,5.77,5.42,1256968
2022-12-28,5.46,5.26,5.59,5.22,980545
2022-12-29,5.31,5.44,5.575,5.19,840085
2022-12-30,5.3,5.43,5.45,5.2,1598034
2023-01-03,5.48,5.26,5.62,5.22,1551032
2023-01-04,5.29,6.08,6.1185,5.28,1360806
2023-01-05,6.04,6.28,6.32,5.77,1218400
2023-01-06,6.37,6.3,6.46,6.09,797767
2023-01-09,6.32,6.7,6.78,6.32,1200140
2023-01-10,6.69,6.79,6.81,6.57,802466
2023-01-11,6.9,6.92,6.99,6.78,680656
2023-01-12,7.03,7.06,7.14,6.9,530666
2023-01-13,7.0,7.15,7.23,6.9906,1026662
2023-01-17,7.085,7.02,7.085,6.74,1092475
2023-01-18,7.05,6.95,7.23,6.855,769867
2023-01-19,6.91,6.62,6.91,6.53,1653966
2023-01-20,6.68,6.79,6.945,6.44,1142586
2023-01-23,6.77,7.12,7.12,6.71,818032
2023-01-24,7.0,7.05,7.185,7.0,492157
2023-01-25,6.9,7.2,7.21,6.86,661072
2023-01-26,7.25,7.39,7.53,7.25,740356
2023-01-27,7.31,7.46,7.47,7.2,454175
2023-01-30,7.37,7.4,7.48,7.24,726362
2023-01-31,7.38,7.62,7.665,7.38,859545
2023-02-01,7.55,8.44,8.52,7.51,1959698
2023-02-02,8.49,8.81,8.85,8.43,1563748
2023-02-03,8.69,8.59,8.99,8.415,1147485
2023-02-06,8.47,8.31,8.68,8.11,1437464
2023-02-07,8.26,8.18,8.33,7.92,1477118
2023-02-08,8.18,8.18,8.33,8.02,740875
2023-02-09,8.31,7.71,8.35,7.61,993643
2023-02-10,7.93,9.69,9.715,7.67,3050462
2023-02-13,9.67,9.34,9.69,8.955,1279974
2023-02-14,9.22,9.41,9.61,9.07,1734879
2023-02-15,9.35,10.3,10.41,9.33,1441614
2023-02-16,10.04,10.0,10.16,9.84,1235299
2023-02-17,10.1,9.97,10.11,9.69,810107
2023-02-21,9.56,9.61,9.87,9.385,891430
2023-02-22,9.63,10.15,10.22,9.63,1364075
2023-02-23,10.15,10.27,10.34,9.93,813518
2023-02-24,9.98,9.87,10.115,9.765,826680
2023-02-27,9.95,10.03,10.105,9.95,666208
2023-02-28,10.03,9.95,10.17,9.8,1010267
2023-03-01,9.89,9.97,10.06,9.625,684987
2023-03-02,9.81,10.12,10.185,9.7196,423911
2023-03-03,10.18,9.84,10.27,9.82,823518
2023-03-06,9.9,9.83,10.06,9.79,548721
2023-03-07,9.88,9.71,9.99,9.59,543236
2023-03-08,9.69,9.82,9.99,9.6,394648
2023-03-09,9.8,9.04,9.93,8.95,1283561
2023-03-10,9.0,8.63,9.0,8.5,894764
2023-03-13,8.41,8.57,8.695,8.07,1396329
2023-03-14,9.0,8.48,9.0,8.4,1272139
2023-03-15,8.19,8.48,8.49,8.05,859790
2023-03-16,8.3,8.84,8.89,8.21,855713
2023-03-17,8.81,8.27,8.835,8.21,1218477
2023-03-20,8.33,8.67,8.77,8.3,810514
2023-03-21,8.91,9.17,9.3,8.89,520435
2023-03-22,9.26,8.9,9.35,8.9,652828
2023-03-23,8.96,9.01,9.33,8.82,589489
2023-03-24,8.89,9.18,9.2,8.66,765587
2023-03-27,9.59,9.43,9.78,9.33,883952
2023-03-28,9.36,9.5,9.515,9.33,511820
2023-03-29,9.66,9.51,9.8,9.44,549735
2023-03-30,9.6,9.89,9.93,9.57,774221
2023-03-31,9.91,10.38,10.48,9.91,1232238
2023-04-03,10.28,10.19,10.48,9.96,648285
2023-04-04,10.11,10.35,10.38,10.1,633230
2023-04-05,10.26,10.35,10.47,10.11,483109
2023-04-06,10.32,10.43,10.5,10.22,552946
2023-04-10,10.26,10.67,10.75,10.23,650219
2023-04-11,10.77,10.87,10.97,10.62,887979
2023-04-12,11.0,10.26,11.05,10.26,475598
2023-04-13,10.32,10.68,10.68,10.32,445348
2023-04-14,10.62,10.1,10.84,10.01,613189
2023-04-17,9.99,10.14,10.23,9.94,586463
2023-04-18,10.21,10.13,10.21,9.95,470379
2023-04-19,9.97,10.63,10.785,9.9,884880
2023-04-20,10.49,10.69,10.765,10.22,574535
2023-04-21,10.75,10.91,10.92,10.445,522239
2023-04-24,10.82,10.63,10.9,10.425,505797
2023-04-25,10.42,10.42,10.62,10.25,388968
2023-04-26,10.29,10.29,10.52,10.245,429562
2023-04-27,10.43,10.54,10.54,10.22,329012
2023-04-28,10.49,10.67,10.825,10.44,452146
2023-05-01,10.6,10.76,10.89,10.5,522212
2023-05-02,10.61,9.94,10.77,9.915,845460
2023-05-03,9.97,10.04,10.37,9.85,458847
2023-05-04,9.77,9.96,10.08,9.47,1096124
2023-05-05,10.28,10.14,10.28,9.95,479693
2023-05-08,10.24,10.6,10.655,10.24,753864
2023-05-09,10.41,10.48,10.61,10.31,398909
2023-05-10,10.78,10.01,10.78,9.9,667116
2023-05-11,9.8,9.87,10.13,9.79,456873
2023-05-12,10.01,9.8,10.01,9.65,349228
2023-05-15,9.97,10.17,10.26,9.75,437775
2023-05-16,9.9,10.06,10.11,9.79,303816
2023-05-17,10.25,10.46,10.72,10.23,861896
2023-05-18,10.37,10.24,10.5,10.1,836672
2023-05-19,10.3,10.23,10.41,10.1112,695023
2023-05-22,10.32,10.25,10.33,10.05,808071
2023-05-23,10.26,10.13,10.66,10.115,944610
2023-05-24,10.04,9.87,10.25,9.73,702377
2023-05-25,9.76,9.59,9.815,9.45,919422
2023-05-26,10.07,10.79,11.0,10.07,2136363
2023-05-30,10.97,10.45,11.33,10.345,712432
2023-05-31,10.07,9.69,10.35,9.545,1507244
2023-06-01,9.73,9.47,9.76,9.389,694251
2023-06-02,9.6,9.67,9.78,9.45,677885
2023-06-05,9.51,9.67,9.59,9.12,639095
2023-06-06,9.13,9.24,9.45,8.97,830949
2023-06-07,9.42,9.5,9.86,9.395,955693
2023-06-08,9.45,9.44,9.64,9.35,677182
2023-06-09,9.36,9.34,9.56,9.23,566142
2023-06-12,9.34,9.29,9.49,9.22,683633
2023-06-13,9.4,9.3,9.5401,9.23,674342
2023-06-14,9.33,9.12,9.38,9.02,637197
2023-06-15,9.07,9.27,9.27,8.95,595264
2023-06-16,9.39,8.85,9.39,8.84,1127035
2023-06-20,8.76,8.6,8.78,8.395,636259
2023-06-21,8.58,8.58,8.68,8.44,452321
2023-06-22,8.56,8.32,8.56,8.31,472547
2023-06-23,8.15,8.19,8.29,8.08,3932450
2023-06-26,8.25,8.5,8.66,8.225,834744
2023-06-27,8.56,8.54,8.765,8.41,598067
2023-06-28,8.57,8.39,8.64,8.34,601637
2023-06-29,8.34,8.55,8.71,8.32,701289
2023-06-30,8.62,8.35,8.7,8.31,695487
2023-07-03,8.28,8.34,8.53,8.235,344072
2023-07-05,8.27,8.29,8.32,7.99,524855
2023-07-06,8.16,8.22,8.25,7.98,552034
2023-07-07,8.17,8.48,8.64,8.17,496739
2023-07-10,8.41,8.47,8.69,8.41,851425
2023-07-11,8.48,8.22,8.505,8.05,1201702
2023-07-12,8.47,8.38,8.67,8.37,999226
2023-07-13,8.38,8.34,8.475,8.005,903204
2023-07-14,8.38,8.04,8.415,8.01,1023837
2023-07-17,7.92,7.07,7.92,7.025,1430087
2023-07-18,7.55,6.99,7.55,6.95,4278520
2023-07-19,7.02,7.41,7.49,7.0,1146180
2023-07-20,7.43,7.06,7.43,6.96,1063281
2023-07-21,7.105,6.86,7.17,6.79,1082111
2023-07-24,6.9,6.77,7.02,6.64,1225865
2023-07-25,6.73,6.84,6.925,6.69,1149532
2023-07-26,6.99,7.13,7.48,6.985,1157829
2023-07-27,7.2,7.11,7.46,7.095,1201964
2023-07-28,7.18,7.32,7.4785,7.18,867599
2023-07-31,7.35,7.32,7.6,7.295,740708
2023-08-01,7.32,7.57,7.635,7.19,620455
2023-08-02,7.44,7.66,7.745,7.37,598283
2023-08-03,7.77,7.49,7.85,7.275,896255
2023-08-04,7.48,7.33,7.6,7.28,736029
2023-08-07,7.32,7.66,7.665,7.22,501570
2023-08-08,7.6,7.59,7.72,7.35,679489
2023-08-09,7.59,7.24,7.59,7.22,788354
2023-08-10,7.75,6.94,8.42,6.68,1789062
2023-08-11,6.9,7.23,7.425,6.82,1197700
2023-08-14,7.12,7.16,7.51,7.065,790524
2023-08-15,7.03,7.01,7.09,6.795,639834
2023-08-16,6.89,6.87,7.095,6.8,632312
2023-08-17,6.91,6.86,7.09,6.85,932319
2023-08-18,6.73,6.85,7.0899,6.73,1159300
2023-08-21,6.79,6.81,6.89,6.63,586591
2023-08-22,6.8,6.75,6.845,6.665,588860
2023-08-23,6.79,7.08,7.2,6.785,822781
2023-08-24,6.95,6.88,7.13,6.84,756253
2023-08-25,6.84,6.83,7.06,6.73,667054
2023-08-28,6.9,7.28,7.33,6.811,1039565
2023-08-29,7.2,7.33,7.37,7.15,653267
2023-08-30,7.2,7.11,7.3,6.99,972549
2023-08-31,7.1,7.45,7.54,7.07,940634
2023-09-01,7.45,7.44,7.61,7.19,1433835
2023-09-05,7.22,7.49,7.57,7.2,778863
2023-09-06,7.57,7.64,7.74,7.43,1132036
2023-09-07,7.63,7.57,7.63,7.345,863125
2023-09-08,7.52,7.69,7.735,7.49,1011154
2023-09-11,7.81,7.88,7.91,7.62,578542
2023-09-12,7.8,7.65,7.89,7.56,616511
2023-09-13,7.6,7.63,7.705,7.49,812048
2023-09-14,7.73,7.92,8.0,7.73,861624
2023-09-15,7.88,8.29,8.345,7.88,2866050
2023-09-18,8.15,8.15,8.41,8.06,930792
2023-09-19,7.98,7.93,8.36,7.93,960540
2023-09-20,8.0,7.85,8.1,7.765,686687
2023-09-21,7.79,8.15,8.2,7.64,966440
2023-09-22,8.17,7.78,8.42,7.76,1479606
2023-09-25,7.66,7.85,7.87,7.57,690614
2023-09-26,7.75,7.71,8.11,7.63,753682
2023-09-27,7.8,7.82,8.03,7.67,978068
2023-09-28,7.73,7.88,7.97,7.69,706982
2023-09-29,7.95,7.87,8.09,7.86,888088
2023-10-02,7.83,7.56,7.89,7.42,577717
2023-10-03,7.48,7.23,7.52,7.195,707049
2023-10-04,7.26,7.23,7.27,7.09,550311
2023-10-05,7.23,7.07,7.28,7.03,1006586
2023-10-06,7.04,7.15,7.16,6.975,573730
2023-10-09,7.03,7.47,7.57,7.03,776538
2023-10-10,7.46,7.67,7.825,7.46,571502
2023-10-11,7.68,7.66,7.84,7.52,583411
2023-10-12,7.72,7.19,7.72,7.19,561815
2023-10-13,7.14,7.25,7.27,6.985,648382
2023-10-16,7.31,7.56,7.57,6.745,2649393
2023-10-17,7.45,7.62,7.77,7.44,683109
2023-10-18,7.54,7.56,7.74,7.46,1025428
2023-10-19,7.49,7.92,8.13,7.49,776686
2023-10-20,7.96,7.35,7.98,7.35,977890
2023-10-23,7.33,7.16,7.34,7.07,954228
2023-10-24,7.2,7.41,7.45,7.195,684053
2023-10-25,7.45,7.05,7.48,7.0,714524
2023-10-26,7.08,7.25,7.335,6.98,1040523
2023-10-27,7.25,7.13,7.42,7.12,761325
2023-10-30,7.3,7.25,7.4,7.03,640683
2023-10-31,7.32,7.46,7.645,7.32,699566
2023-11-01,7.43,7.52,7.54,7.22,570816
2023-11-02,7.72,8.13,8.2101,7.72,821152
2023-11-03,8.39,8.73,8.75,8.33,1161250
2023-11-06,8.59,8.66,8.93,8.59,844540
2023-11-07,8.66,9.11,9.12,8.53,963657
2023-11-08,9.1,8.66,9.1,8.62,1233776
2023-11-09,8.77,8.63,8.91,8.47,1374763
2023-11-10,8.75,8.61,9.39,8.45,1262415
2023-11-13,8.56,8.81,8.9,8.08,981667
2023-11-14,9.35,8.99,9.48,8.815,1005282
2023-11-15,8.99,8.85,9.11,8.84,574832
2023-11-16,8.79,8.78,8.935,8.69,339884
2023-11-17,8.88,8.88,8.93,8.662,492788
2023-11-20,8.76,8.86,9.0,8.72,482433
2023-11-21,8.81,9.07,9.1,8.76,355624
2023-11-22,9.04,8.8,9.2,8.8,485618
2023-11-24,8.82,8.89,8.99,8.76,153737
2023-11-27,8.81,8.94,9.31,8.68,652899
2023-11-28,8.91,8.36,8.95,8.36,625838
2023-11-29,8.46,8.46,8.7,8.11,557788
2023-11-30,8.51,8.36,8.75,8.26,1087044
2023-12-01,8.43,8.94,9.01,8.28,1168298
2023-12-04,8.89,9.16,9.43,8.89,1236875
2023-12-05,9.05,9.12,9.3,8.93,674762
2023-12-06,9.03,9.02,9.28,9.01,652034
2023-12-07,9.01,9.09,9.1486,8.92,446464
2023-12-08,9.05,9.64,9.64,9.05,1053073
2023-12-11,9.58,10.03,10.03,9.49,1147334
2023-12-12,9.9,9.74,10.09,9.73,681068
2023-12-13,9.59,9.84,9.87,9.3,802826
2023-12-14,10.14,10.15,10.26,9.92,967190
2023-12-15,10.12,10.04,10.17,9.785,1260226
2023-12-18,9.86,10.01,10.29,9.86,529610
2023-12-19,10.23,10.16,10.26,10.005,479558
2023-12-20,10.04,10.12,10.49,10.04,496582
2023-12-21,10.3,10.49,10.5,10.005,740564
2023-12-22,10.48,10.04,10.71,9.72,1054267
2023-12-26,10.1,9.75,10.13,9.67,671079
2023-12-27,9.77,9.8,9.87,9.48,770454
2023-12-28,9.6,10.29,10.29,9.6,977015
2023-12-29,10.06,10.19,10.52,10.06,974402
2024-01-02,10.06,10.21,10.39,9.9037,847060
2024-01-03,10.15,9.84,10.29,9.795,979312
2024-01-04,9.91,9.91,10.05,9.72,1492481
2024-01-05,9.76,9.88,10.125,9.76,824505
2024-01-08,10.02,10.02,10.08,9.8,2949968
2024-01-09,9.77,9.33,9.915,9.31,1029078
2024-01-10,9.24,9.79,9.94,9.21,1610823
2024-01-11,9.74,9.77,9.79,9.44,1219912
2024-01-12,9.97,9.73,10.01,9.68,2723082
2024-01-16,9.42,9.64,9.8,9.4,2942410
2024-01-17,9.51,9.72,9.785,9.51,2321795
2024-01-18,9.84,9.92,10.065,9.74,1838607
2024-01-19,9.98,9.97,9.98,9.67,735129
2024-01-22,10.02,9.87,10.06,9.82,1156330
2024-01-23,9.97,9.78,10.02,9.71,853251
2024-01-24,9.95,9.76,9.95,9.725,512727
2024-01-25,9.88,9.8,10.015,9.63,1139472
2024-01-26,9.9,9.92,9.97,9.8,669734
2024-01-29,9.86,9.96,10.08,9.835,1136007
2024-01-30,9.89,9.89,10.025,9.76,1168981
2024-01-31,9.9,9.7,10.1,9.69,934385
2024-02-01,9.64,9.92,9.97,9.57,705070
2024-02-02,9.79,9.95,10.035,9.69,569976
2024-02-05,9.8,9.72,9.895,9.7,525930
2024-02-06,9.76,9.82,9.945,9.755,434059
2024-02-07,9.81,9.87,9.925,9.57,777433
2024-02-08,9.9,10.1,10.12,9.9,974490
2024-02-09,9.58,8.81,9.77,8.535,3168687
2024-02-12,8.9,8.55,8.9,8.475,941372
2024-02-13,8.31,8.05,8.31,7.945,1277315
2024-02-14,8.23,8.39,8.54,8.08,1232368
2024-02-15,8.52,8.64,8.78,8.485,935644
2024-02-16,8.54,8.53,8.58,8.235,657367
2024-02-20,8.43,8.46,8.66,8.39,535117
2024-02-21,8.51,8.31,8.51,8.165,575987
2024-02-22,8.31,8.51,8.53,8.09,638747
2024-02-23,8.5,8.12,8.5,8.02,555857
2024-02-26,8.09,8.41,8.42,8.04,621927
2024-02-27,8.47,8.37,8.48,8.2,458919
2024-02-28,8.17,8.56,8.61,8.08,571624
2024-02-29,8.67,9.08,9.14,8.67,1103382
2024-03-01,9.12,9.17,9.255,8.97,934594
2024-03-04,9.14,9.27,9.319,9.05,550801
2024-03-05,9.21,9.07,9.27,8.93,1018086
2024-03-06,9.17,8.59,9.17,8.385,755077
2024-03-07,8.68,8.52,8.77,8.43,559129
2024-03-08,8.63,8.58,8.825,8.57,567108
2024-03-11,8.89,9.45,9.63,8.875,1096327
2024-03-12,9.45,9.27,9.535,9.21,669479
2024-03-13,9.28,9.15,9.43,9.035,682526
2024-03-14,9.14,8.96,9.14,8.825,665807
2024-03-15,8.9,8.96,9.08,8.885,1029480
2024-03-18,8.95,8.9,9.05,8.8,485579
2024-03-19,8.93,8.91,9.165,8.8825,878880
2024-03-20,8.87,8.98,8.99,8.69,942605
2024-03-21,9.05,9.17,9.255,8.95,620947
2024-03-22,9.2,8.9,9.3,8.85,634412
2024-03-25,8.99,8.94,9.17,8.855,400627
2024-03-26,9.0,8.75,9.05,8.715,439452
2024-03-27,8.85,9.12,9.15,8.8,435231
2024-03-28,9.13,9.31,9.54,9.1089,505393
2024-04-01,9.3,9.3,9.38,9.175,404542
2024-04-02,9.19,9.13,9.35,8.96,486232
2024-04-03,8.95,9.39,9.4,8.95,457351
2024-04-04,9.57,9.56,9.8899,9.515,714132
2024-04-05,9.58,9.44,9.64,9.31,427940
2024-04-08,9.48,9.57,9.76,9.47,481511
2024-04-09,9.54,9.98,9.99,9.51,722052
2024-04-10,9.68,10.09,10.115,9.66,1192129
2024-04-11,10.0,10.08,10.12,9.81,921994
2024-04-12,9.96,9.99,10.1,9.855,1004129
2024-04-15,9.97,9.8,10.2,9.8,753598
2024-04-16,9.72,9.48,9.84,9.47,705073
2024-04-17,9.52,9.41,9.71,9.4,537981
2024-04-18,9.44,9.31,9.63,9.3,785701
2024-04-19,9.32,9.57,9.58,9.315,737290
2024-04-22,9.66,9.47,9.66,9.29,884258
2024-04-23,9.52,9.94,10.06,9.52,1023708
2024-04-24,9.88,9.95,9.985,9.76,662650
2024-04-25,9.84,9.72,9.98,9.69,661627
2024-04-26,9.71,9.65,9.86,9.565,604402
2024-04-29,9.8,9.76,9.84,9.635,518901
2024-04-30,9.72,9.43,9.72,9.365,675049
2024-05-01,9.51,9.77,9.95,9.46,959820
2024-05-02,9.9,9.96,10.05,9.64,668844
2024-05-03,10.14,10.15,10.19,9.87,656636
2024-05-06,10.22,10.18,10.55,10.125,510542
2024-05-07,10.26,10.24,10.3863,10.13,833856
2024-05-08,10.08,9.77,10.26,9.7,1265049
2024-05-09,9.83,9.85,9.92,9.66,476584
2024-05-10,9.86,9.74,9.915,9.74,305683
2024-05-13,9.88,9.97,10.04,9.82,592001
2024-05-14,10.18,10.01,10.21,9.86,672214
2024-05-15,10.07,9.79,10.12,9.79,760630
2024-05-16,9.79,9.86,10.02,9.64,981141
2024-05-17,9.86,9.95,10.21,9.8,1245919
2024-05-20,10.0,9.82,10.2,9.82,1114792
2024-05-21,9.85,9.97,10.165,9.825,1387251
2024-05-22,9.98,9.75,10.12,9.73,1000532
2024-05-23,9.75,9.48,9.765,9.46,968203
2024-05-24,9.48,8.5,9.67,8.21,3429610
2024-05-28,8.37,8.19,8.55,8.16,2354653
2024-05-29,8.07,7.68,8.24,7.67,1408087
2024-05-30,7.66,7.46,7.76,7.33,1598959
2024-05-31,7.5,7.72,7.94,7.5,1460139
2024-06-03,7.56,7.28,7.81,7.19,1602301
2024-06-04,7.24,6.97,7.36,6.94,1347365
2024-06-05,6.96,6.88,7.02,6.79,880710
2024-06-06,6.86,7.17,7.26,6.775,1030302
2024-06-07,7.1,7.11,7.38,7.071,1212416
2024-06-10,7.12,7.32,7.5,7.11,995996
2024-06-11,7.28,7.1,7.48,7.1,756448
2024-06-12,7.32,7.32,7.45,7.17,832516
2024-06-13,7.33,7.41,7.64,7.28,1250958
2024-06-14,7.33,7.49,7.57,7.315,927990
2024-06-17,7.53,7.65,7.725,7.46,970374
2024-06-18,7.6,7.58,7.92,7.57,874982
2024-06-20,7.52,7.9,7.93,7.52,824018
2024-06-21,7.94,7.89,8.02,7.765,1381796
2024-06-24,7.93,7.97,8.05,7.84,558172
2024-06-25,7.9,8.0,8.08,7.83,706906
2024-06-26,7.98,8.53,8.54,7.945,839065
2024-06-27,8.56,8.45,8.59,8.23,950535
2024-06-28,8.47,8.57,8.69,8.37,5073631
2024-07-01,8.54,8.71,8.78,8.375,1760866
2024-07-02,8.72,8.51,8.98,8.485,2016617
2024-07-03,8.58,8.27,8.67,8.23,350713
2024-07-05,8.24,8.46,8.52,8.08,824998
2024-07-08,8.53,8.37,8.83,8.37,736448
2024-07-09,8.32,8.05,8.37,7.895,1558612
2024-07-10,8.04,8.23,8.24,7.97,818230
2024-07-11,8.41,8.38,8.73,8.3099,800749
2024-07-12,8.52,8.27,8.66,8.24,562266
2024-07-15,8.37,8.35,8.43,8.17,578147
2024-07-16,8.43,8.36,8.45,8.08,798028
2024-07-17,8.28,8.47,8.61,8.27,673437
2024-07-18,8.41,8.31,8.73,8.3,585234
2024-07-19,8.33,8.09,8.41,8.07,519278
2024-07-22,7.99,7.79,8.13,7.715,860257
2024-07-23,7.76,7.84,7.89,7.63,727326
2024-07-24,7.82,7.63,7.95,7.58,889750
2024-07-25,7.71,7.64,7.84,7.6199,564770
2024-07-26,7.71,7.88,7.905,7.61,638952
2024-07-29,7.91,7.89,7.99,7.8,493527
2024-07-30,7.96,7.81,8.28,7.61,2627042
2024-07-31,7.88,8.24,8.45,7.83,1584997
2024-08-01,8.19,7.94,8.37,7.78,964952
2024-08-02,7.76,7.88,7.98,7.75,579639
2024-08-05,7.45,7.69,7.75,7.4,821374
2024-08-06,7.66,7.87,7.91,7.6,1430463
2024-08-07,7.97,7.84,8.1,7.8,610789
2024-08-08,7.89,7.73,7.95,7.72,656058
2024-08-09,7.37,7.58,7.89,7.24,1299137
2024-08-12,7.5,6.96,7.65,6.815,1370586
2024-08-13,7.05,7.08,7.35,6.86,1201010
2024-08-14,7.01,6.9,7.07,6.82,962069
2024-08-15,7.03,6.99,7.08,6.795,1300466
2024-08-16,6.92,7.13,7.16,6.87,828378
2024-08-19,7.16,7.99,8.02,7.115,1388760
2024-08-20,7.94,7.21,7.98,7.165,1520203
2024-08-21,7.25,7.1,7.28,6.97,900960
2024-08-22,7.11,7.29,7.375,7.1,736771
2024-08-23,7.36,7.68,7.71,7.31,878433
2024-08-26,7.72,7.9,7.99,7.66,874505
2024-08-27,7.79,7.62,7.95,7.59,1415686
2024-08-28,7.6,6.92,7.6,6.9,1076586
2024-08-29,6.95,6.89,7.0,6.85,1137809
2024-08-30,6.9,6.92,6.98,6.86,735804
2024-09-03,6.9,6.9,7.16,6.89,1236573
2024-09-04,6.91,6.73,7.015,6.68,1868111
2024-09-05,6.7,6.84,6.85,6.61,1401014
2024-09-06,6.81,6.67,6.95,6.6,696695
2024-09-09,6.65,6.81,7.07,6.64,1152633
2024-09-10,6.79,6.8,6.89,6.715,1047928
2024-09-11,6.81,6.77,6.8408,6.695,876978
2024-09-12,6.77,6.76,6.92,6.71,885510
2024-09-13,6.92,7.0,7.055,6.88,566360
2024-09-16,7.05,6.94,7.1,6.865,528981
2024-09-17,7.04,6.95,7.13,6.92,591764
2024-09-18,6.93,7.02,7.29,6.87,654272
2024-09-19,7.29,7.19,7.4,7.12,831823
2024-09-20,7.18,7.09,7.22,7.04,1578687
2024-09-23,7.11,6.75,7.11,6.74,876998
2024-09-24,6.81,6.78,6.9251,6.71,1072433
2024-09-25,6.82,6.82,6.89,6.695,921398
2024-09-26,6.96,7.03,7.09,6.9,1224336
2024-09-27,7.12,7.09,7.34,7.05,664386
2024-09-30,7.07,6.92,7.19,6.875,653658
2024-10-01,6.86,6.79,6.88,6.74,568238
2024-10-02,6.77,6.93,6.995,6.77,489307
2024-10-03,6.8,6.8,6.89,6.74,628375
2024-10-04,6.92,6.82,7.0,6.77,410301
2024-10-07,6.8,6.83,6.85,6.73,620044
2024-10-08,6.78,6.81,6.87,6.7,703260
2024-10-09,6.75,6.76,6.915,6.745,508418
2024-10-10,6.75,6.75,6.83,6.7,617615
2024-10-11,6.75,6.75,6.805,6.73,706830
2024-10-14,6.75,6.75,6.785,6.5,1031880
2024-10-15,6.78,6.7,6.83,6.635,951625
2024-10-16,6.78,6.77,6.852,6.66,715294
2024-10-17,6.75,6.78,6.88,6.72,1356713
2024-10-18,6.86,6.97,7.015,6.84,635606
2024-10-21,7.0,6.75,7.03,6.73,776810
2024-10-22,6.75,6.75,6.83,6.74,630160
2024-10-23,6.75,6.75,6.77,6.575,769068
2024-10-24,6.78,6.75,6.82,6.58,1011412
2024-10-25,6.79,6.75,6.9,6.745,525820
2024-10-28,6.82,6.97,6.98,6.815,623405
2024-10-29,6.91,7.08,7.17,6.845,602567
2024-10-30,7.05,7.05,7.35,7.05,534283
2024-10-31,7.1,7.05,7.18,6.995,612960
2024-11-01,7.05,6.99,7.175,6.99,493194
2024-11-04,7.05,7.02,7.23,6.95,373494
2024-11-05,7.02,7.12,7.2,6.94,529588
2024-11-06,7.37,7.05,7.49,7.0,913082
2024-11-07,7.06,7.11,7.27,6.97,888160
2024-11-08,6.82,6.9,6.955,6.475,3200551
2024-11-11,7.05,7.41,7.5209,7.05,855513
2024-11-12,7.39,7.04,7.39,7.01,677514
2024-11-13,7.09,6.77,7.09,6.76,744764
2024-11-14,6.8,6.89,7.04,6.8,734455
2024-11-15,6.95,6.73,6.96,6.65,817860
2024-11-18,6.72,6.6,6.89,6.6,2036812
2024-11-19,6.59,6.77,6.79,6.54,2090223
2024-11-20,6.77,7.04,7.05,6.685,2150978
2024-11-21,7.07,7.22,7.245,6.92,1051589
2024-11-22,7.2,7.08,7.34,7.035,1756791
2024-11-25,7.06,7.15,7.51,7.06,1081736
2024-11-26,7.11,7.0,7.14,6.935,1104988
2024-11-27,7.08,7.43,7.46,7.08,804166
2024-11-29,7.47,7.37,7.52,7.275,385612
2024-12-02,7.39,7.49,7.53,7.26,758618
2024-12-03,7.53,7.12,7.53,7.075,879911
2024-12-04,7.1,7.13,7.25,7.015,1237049
2024-12-05,6.97,7.06,7.17,6.945,633026
2024-12-06,7.12,7.17,7.17,6.98,670721
2024-12-09,7.21,7.21,7.35,7.16,526354
2024-12-10,7.18,7.5,7.6,7.075,951204
2024-12-11,7.545,7.11,7.545,7.11,890073
2024-12-12,7.13,7.19,7.32,7.0801,581632
2024-12-13,7.14,7.42,7.44,7.095,690282
2024-12-16,7.41,7.24,7.54,7.23,1055898
2024-12-17,7.24,7.1,7.2877,7.05,1284116
2024-12-18,7.16,6.99,7.385,6.92,1299233
2024-12-19,7.05,6.88,7.27,6.85,1150252
2024-12-20,6.78,7.1,7.12,6.76,1313045
2024-12-23,7.04,7.05,7.1,6.9,688448
2024-12-24,7.04,7.0,7.04,6.895,342560
2024-12-26,6.98,7.28,7.29,6.96,655115
2024-12-27,7.23,7.17,7.3,7.095,727958
2024-12-30,7.06,7.1,7.29,6.93,682181
2024-12-31,7.12,7.55,7.69,7.115,1286631
2025-01-02,7.64,7.78,7.89,7.48,739276
2025-01-03,7.78,7.91,8.06,7.77,957848
2025-01-06,7.88,7.83,7.98,7.76,733431
2025-01-07,7.83,7.66,8.0,7.66,835944
2025-01-08,7.61,7.46,7.62,7.395,762444
2025-01-10,7.36,7.42,7.45,7.2742,766215
2025-01-13,7.39,7.3,7.64,7.07,966101
2025-01-14,7.32,7.25,7.325,7.06,601490
2025-01-15,7.35,7.03,7.44,6.915,874095
2025-01-16,7.02,6.69,7.09,6.685,1127913
2025-01-17,6.8,6.73,6.82,6.6795,775810
2025-01-21,6.82,6.89,6.92,6.705,569672
2025-01-22,6.91,6.73,6.95,6.73,827506
2025-01-23,6.71,6.99,7.02,6.71,537844
2025-01-24,6.98,7.37,7.395,6.94,889452
2025-01-27,7.44,7.43,7.68,7.345,591773
2025-01-28,7.47,7.31,7.47,7.3,384998
2025-01-29,7.3,7.35,7.55,7.255,459334
2025-01-30,7.4,7.09,7.436,7.01,626339
2025-01-31,7.09,7.02,7.22,6.95,1103276
2025-02-03,6.9,6.87,6.99,6.8,704402
2025-02-04,6.88,7.09,7.09,6.84,867455
2025-02-05,7.1,7.25,7.34,7.1,558338
2025-02-06,7.29,7.46,7.545,7.23,709170
2025-02-07,7.61,8.54,8.59,7.61,2650281
2025-02-10,8.56,8.96,9.04,8.35,1563579
2025-02-11,8.37,8.84,8.9,8.37,1921170
2025-02-12,8.69,8.76,8.965,8.66,842055
2025-02-13,8.83,9.02,9.15,8.76,1421268
2025-02-14,9.11,9.01,9.15,8.865,887634
2025-02-18,8.99,9.0,9.16,8.93,963657
2025-02-19,8.81,8.9,8.99,8.81,686876
2025-02-20,8.89,8.95,8.98,8.72,639416
2025-02-21,9.08,8.65,9.2,8.64,787217
2025-02-24,8.72,8.8,9.01,8.51,1243960
2025-02-25,8.87,8.62,8.88,8.515,906926
2025-02-26,8.6,8.53,8.725,8.52,754049
2025-02-27,8.48,8.57,8.62,8.39,672184
2025-02-28,8.63,8.81,8.835,8.53,780321
2025-03-03,8.82,8.62,8.995,8.514,1084561
2025-03-04,8.56,8.63,8.6816,8.495,1149409
2025-03-05,8.74,8.84,8.89,8.63,995771
2025-03-06,8.69,8.56,8.8,8.475,905968
2025-03-07,8.53,8.75,8.78,8.42,869539
2025-03-10,8.63,8.58,8.68,8.4,1021237
2025-03-11,8.59,8.39,8.77,8.2,930144
2025-03-12,8.42,8.39,8.4797,8.23,758498
2025-03-13,8.35,8.16,8.39,8.055,899248
2025-03-14,8.26,8.21,8.26,8.135,310957
2025-03-17,8.15,8.5,8.62,8.105,676115
2025-03-18,8.5,8.43,8.5,8.26,954735
2025-03-19,8.44,8.5,8.535,8.345,945062
2025-03-20,8.39,8.58,8.59,8.39,560259
2025-03-21,8.51,8.55,8.64,8.43,1357019
2025-03-24,8.66,7.84,8.69,7.84,1089394
2025-03-25,7.87,7.86,8.01,7.79,992950
2025-03-26,7.84,7.85,8.0,7.8,658442
2025-03-27,7.88,7.94,8.005,7.82,432503
2025-03-28,7.89,7.71,7.92,7.585,702297
2025-03-31,7.61,7.92,7.98,7.54,799042
2025-04-01,7.87,7.72,7.98,7.66,899578
2025-04-02,7.64,7.95,8.0,7.64,602459
2025-04-03,7.63,7.34,7.71,7.22,1324515
2025-04-04,7.07,6.86,7.25,6.6,1629455
2025-04-07,6.51,6.68,7.26,6.51,2525120
2025-04-08,6.98,6.66,7.02,6.62,2691750
2025-04-09,6.64,7.18,7.39,6.44,2003283
2025-04-10,7.01,6.95,7.12,6.75,951579
2025-04-11,6.95,6.9,7.0,6.685,1542752
