2022-04-29,58.98,56.06,61.23,55.86,408712
2022-05-02,54.51,58.11,58.11,54.51,500306
2022-05-03,58.11,58.83,59.26,56.93,629385
2022-05-04,60.07,59.0,60.07,55.53,859721
2022-05-05,57.61,55.18,58.5,53.87,1040688
2022-05-06,54.52,52.46,55.09,51.63,628091
2022-05-09,51.03,47.2,52.22,47.0,1486325
2022-05-10,47.86,47.66,50.32,46.35,1475633
2022-05-11,45.4,47.33,52.09,45.4,1213652
2022-05-12,46.2,48.67,49.76,45.32,864289
2022-05-13,49.75,51.53,53.16,49.75,886716
2022-05-16,50.89,48.24,51.8025,48.09,1613793
2022-05-17,53.65,52.76,53.665,50.27,1086772
2022-05-18,51.38,50.05,52.745,49.42,1014946
2022-05-19,49.46,49.61,51.4,49.425,1032691
2022-05-20,50.46,49.46,50.46,47.16,769520
2022-05-23,50.11,50.02,50.551,48.72,539480
2022-05-24,48.93,46.97,49.66,46.03,619383
2022-05-25,46.8,48.53,49.43,45.94,791953
2022-05-26,49.03,51.8,52.025,49.02,879141
2022-05-27,51.91,52.63,53.045,51.05,420352
2022-05-31,52.18,52.8,53.44,50.89,1625256
2022-06-01,53.28,53.45,53.97,51.49,560075
2022-06-02,53.25,54.71,55.97,52.09,1351588
2022-06-03,54.17,54.38,54.55,53.17,460736
2022-06-06,55.22,55.43,56.56,54.06,847870
2022-06-07,54.53,55.72,56.42,52.93,435780
2022-06-08,55.6,54.69,56.35,54.37,309060
2022-06-09,53.55,52.9,54.405,51.18,336495
2022-06-10,51.32,50.35,52.26,49.75,355155
2022-06-13,48.1,46.91,48.97,45.215,567709
2022-06-14,47.19,47.41,48.3,46.7,690538
2022-06-15,48.25,49.76,51.19,47.709,1557917
2022-06-16,47.79,46.76,48.15,46.5,806633
2022-06-17,47.95,47.01,48.19,46.21,1038396
2022-06-21,48.41,47.97,49.25,47.84,1147933
2022-06-22,47.1,47.98,49.12,46.185,654963
2022-06-23,47.93,47.22,48.3974,46.49,1256296
2022-06-24,47.34,50.61,50.95,47.29,3069339
2022-06-27,51.04,49.71,51.43,48.98,915151
2022-06-28,50.36,48.96,51.34,48.91,1450861
2022-06-29,48.6,47.17,48.68,46.38,651427
2022-06-30,45.99,46.99,47.38,45.0,1767970
2022-07-01,47.15,48.57,48.59,44.38,1109230
2022-07-05,46.88,49.27,49.576,45.905,693950
2022-07-06,49.36,48.46,50.235,48.31,767254
2022-07-07,48.91,47.88,49.79,47.77,424817
2022-07-08,47.46,46.41,47.565,45.53,410872
2022-07-11,45.75,44.3,46.025,43.22,661856
2022-07-12,43.79,43.69,44.83,42.76,794396
2022-07-13,42.27,43.42,43.73,41.51,328469
2022-07-14,42.12,42.58,42.85,41.48,452263
2022-07-15,43.94,44.49,44.79,42.73,362148
2022-07-18,45.36,45.07,46.37,44.78,299887
2022-07-19,46.14,47.48,48.02,46.14,368937
2022-07-20,47.51,49.39,49.69,47.18,418961
2022-07-21,48.88,50.58,50.66,47.85,397481
2022-07-22,50.52,49.46,51.06,48.76,362773
2022-07-25,49.65,49.49,50.045,48.48,261056
2022-07-26,49.04,49.0,49.1,47.24,285821
2022-07-27,49.54,50.23,50.54,48.96,388548
2022-07-28,50.39,51.07,51.13,49.43,292093
2022-07-29,51.0,50.94,51.0,48.66,477816
2022-08-01,49.89,49.12,50.14,47.27,479179
2022-08-02,48.5,50.98,51.0,48.02,514872
2022-08-03,50.99,53.73,54.16,50.63,671215
2022-08-04,53.37,52.51,53.73,51.9,421665
2022-08-05,51.82,52.88,53.53,51.62,414556
2022-08-08,53.08,53.57,54.86,53.08,611538
2022-08-09,53.04,52.66,53.6,51.31,863614
2022-08-10,53.61,55.24,55.84,52.88,816436
2022-08-11,56.1,56.07,56.8525,55.42,559203
2022-08-12,56.86,57.96,57.97,56.12,520804
2022-08-15,57.18,57.58,58.18,57.18,419454
2022-08-16,57.43,58.36,58.525,56.81,382276
2022-08-17,57.39,56.85,57.96,56.31,385150
2022-08-18,56.53,57.37,57.59,56.325,267596
2022-08-19,56.53,55.19,56.82,54.65,468355
2022-08-22,53.62,51.41,53.93,51.36,593137
2022-08-23,51.85,52.98,53.02,51.42,505506
2022-08-24,52.69,53.54,54.08,52.61,392841
2022-08-25,53.54,54.16,54.86,52.38,239118
2022-08-26,54.37,52.08,54.37,52.06,429982
2022-08-29,51.34,51.86,52.505,50.84,247566
2022-08-30,51.96,50.67,52.785,50.31,359336
2022-08-31,50.5,49.23,50.86,49.07,516848
2022-09-01,48.53,47.22,48.53,46.105,2694717
2022-09-02,48.07,46.19,48.18,46.09,821508
2022-09-06,46.17,45.28,46.44,44.11,654953
2022-09-07,45.21,47.23,47.54,44.89,571941
2022-09-08,46.23,47.76,47.8294,45.79,774289
2022-09-09,48.36,50.74,50.74,48.36,506452
2022-09-12,51.35,52.36,52.63,50.97,415060
2022-09-13,50.13,48.75,50.83,48.3,547557
2022-09-14,48.65,49.39,49.43,47.65,1487890
2022-09-15,49.15,48.81,50.615,48.17,1037895
2022-09-16,48.3,48.72,48.97,47.575,1751710
2022-09-19,47.56,49.47,49.745,47.56,887827
2022-09-20,49.43,48.3,49.62,47.93,2843600
2022-09-21,48.46,44.98,48.655,44.97,1205473
2022-09-22,44.86,41.97,45.17,41.04,730144
2022-09-23,41.12,41.23,41.66,40.1,601166
2022-09-26,41.42,41.14,43.03,41.02,602586
2022-09-27,42.04,43.27,44.56,42.04,695046
2022-09-28,43.82,45.24,45.51,43.445,1016921
2022-09-29,44.32,43.94,44.75,42.865,827184
2022-09-30,43.28,42.88,44.81,42.19,1095958
2022-10-03,43.72,43.68,44.4,42.82,504756
2022-10-04,45.18,47.23,47.74,44.785,511949
2022-10-05,45.94,48.22,48.63,45.71,430822
2022-10-06,47.97,47.44,49.31,47.35,370206
2022-10-07,46.66,47.11,47.38,45.8,458124
2022-10-10,47.02,46.19,47.335,45.42,589687
2022-10-11,46.01,46.03,46.84,43.49,990372
2022-10-12,45.94,46.17,46.64,45.14,453713
2022-10-13,44.7,47.39,48.2,43.445,555648
2022-10-14,47.69,46.0,48.44,45.84,665104
2022-10-17,47.74,48.66,49.015,47.59,807428
2022-10-18,50.14,50.57,51.15,49.63,514470
2022-10-19,49.62,49.58,50.71,48.7,510096
2022-10-20,49.79,49.53,51.74,49.41,487701
2022-10-21,49.72,50.66,51.14,47.135,327927
2022-10-24,50.29,50.76,51.15,49.76,339786
2022-10-25,50.94,53.34,53.54,50.94,528525
2022-10-26,53.44,53.76,55.19,53.05,427340
2022-10-27,54.42,53.84,55.3,53.7,282761
2022-10-28,54.19,55.43,55.76,53.57,405317
2022-10-31,55.62,56.14,56.93,55.1,469596
2022-11-01,57.17,56.7,57.8,56.0,290420
2022-11-02,56.07,54.59,58.0,54.56,526256
2022-11-03,53.31,54.18,54.93,52.855,323413
2022-11-04,55.08,55.35,56.53,53.98,1443376
2022-11-07,55.74,55.48,56.32,54.968,777316
2022-11-08,56.31,55.54,56.88,54.66,552887
2022-11-09,54.35,53.47,55.39,53.27,737255
2022-11-10,56.51,57.2,57.55,53.105,894382
2022-11-11,57.11,58.95,60.625,57.11,916034
2022-11-14,58.18,60.65,62.21,58.18,922411
2022-11-15,61.52,64.05,65.94,61.13,787042
2022-11-16,63.12,64.59,64.77,61.5465,527556
2022-11-17,63.04,63.72,64.41,62.42,585528
2022-11-18,65.4,64.47,65.91,63.93,493920
2022-11-21,63.86,63.58,64.48,62.75,672755
2022-11-22,63.58,65.85,65.95,63.29,694422
2022-11-23,65.01,65.14,65.625,64.59,418013
2022-11-25,64.54,65.45,65.68,64.195,232580
2022-11-28,64.65,64.49,65.535,64.17,477743
2022-11-29,64.49,64.56,65.15,63.54,877454
2022-11-30,64.71,64.77,65.055,63.35,880818
2022-12-01,64.77,64.26,65.595,63.975,605651
2022-12-02,62.92,63.73,64.37,62.5,667292
2022-12-05,63.63,63.62,64.055,63.18,475275
2022-12-06,63.34,62.39,63.856,61.79,437581
2022-12-07,62.02,61.87,62.59,60.7475,500609
2022-12-08,62.87,63.49,63.69,62.34,473461
2022-12-09,63.45,63.23,63.86,62.59,364029
2022-12-12,62.97,64.26,64.32,60.41,551873
2022-12-13,67.0,65.95,67.83,65.135,808133
2022-12-14,65.33,65.83,66.74,64.838,860575
2022-12-15,64.68,63.94,65.0,63.41,713411
2022-12-16,62.81,63.12,64.17,56.53,1595795
2022-12-19,62.59,59.57,63.2,59.4,1036043
2022-12-20,59.47,59.71,60.665,58.85,1137965
2022-12-21,60.09,59.26,60.93,58.37,713563
2022-12-22,58.68,58.25,58.72,56.85,466805
2022-12-23,58.13,59.29,59.31,57.6,426012
2022-12-27,59.32,59.32,60.11,57.3352,419531
2022-12-28,59.32,57.33,59.94,57.3,475095
2022-12-29,57.95,58.31,58.78,57.18,711200
2022-12-30,57.71,58.6,59.0,57.03,471232
2023-01-03,59.64,58.12,60.2,57.37,449488
2023-01-04,58.65,59.39,59.84,58.31,434152
2023-01-05,58.82,58.56,59.18,58.25,329600
2023-01-06,59.26,59.38,59.71,58.49,383374
2023-01-09,59.76,59.4,60.03,58.93,502797
2023-01-10,59.06,59.74,59.815,58.546,374189
2023-01-11,59.62,59.71,60.43,59.18,944428
2023-01-12,59.8,61.23,61.31,59.15,493466
2023-01-13,60.52,62.05,62.27,60.49,476841
2023-01-17,61.73,63.01,63.4,61.73,302070
2023-01-18,63.4,61.83,64.32,61.78,698725
2023-01-19,61.26,61.37,61.71,60.51,268321
2023-01-20,62.15,62.95,62.96,61.21,338844
2023-01-23,62.99,64.21,64.22,62.55,414064
2023-01-24,64.16,63.38,64.5,63.04,187629
2023-01-25,62.61,64.44,64.45,62.15,459870
2023-01-26,65.0,65.15,65.22,63.88,316725
2023-01-27,65.01,64.7,65.74,64.59,209830
2023-01-30,63.71,63.26,64.45,63.12,261777
2023-01-31,63.39,65.25,65.455,63.39,454579
2023-02-01,64.99,66.37,66.78,63.965,304637
2023-02-02,66.85,67.01,68.12,66.1,361237
2023-02-03,66.07,67.93,68.55,65.83,523464
2023-02-06,67.19,66.18,67.98,65.85,345672
2023-02-07,66.45,67.08,67.46,65.2,386708
2023-02-08,66.13,65.97,67.21,65.42,300774
2023-02-09,66.78,65.26,67.74,64.95,278554
2023-02-10,64.45,64.51,65.55,64.18,286591
2023-02-13,64.56,64.88,65.0,63.7,433708
2023-02-14,64.46,64.23,65.51,63.4,457558
2023-02-15,64.75,65.31,66.34,63.62,287769
2023-02-16,64.09,64.09,65.21,63.81,221951
2023-02-17,64.18,64.32,64.43,63.3,297053
2023-02-21,63.34,62.62,64.42,61.41,456066
2023-02-22,62.68,62.33,63.48,61.79,439738
2023-02-23,62.39,61.9,62.92,60.94,313451
2023-02-24,60.88,60.71,61.235,59.93,335075
2023-02-27,61.49,61.2,61.675,60.62,194186
2023-02-28,61.11,62.61,62.905,61.11,395621
2023-03-01,63.2,63.38,65.125,63.2,537557
2023-03-02,61.47,63.17,63.6,59.92,611397
2023-03-03,63.78,64.53,65.25,63.17,512829
2023-03-06,64.42,62.49,64.78,62.055,447056
2023-03-07,62.74,62.66,64.04,61.82,423561
2023-03-08,62.74,62.96,63.01,61.76,245225
2023-03-09,62.55,59.3,62.95,59.23,457006
2023-03-10,58.85,57.42,59.16,56.99,375830
2023-03-13,56.14,56.32,56.9,54.55,362690
2023-03-14,58.05,58.24,59.37,56.59,638874
2023-03-15,56.16,55.04,56.3,53.77,1026354
2023-03-16,53.96,57.89,58.98,53.96,657400
2023-03-17,57.73,58.01,58.16,56.1,1068490
2023-03-20,58.05,58.3,59.37,57.76,607136
2023-03-21,59.2,58.97,60.16,58.84,605080
2023-03-22,58.76,57.08,59.205,57.05,699063
2023-03-23,57.42,56.44,58.64,55.73,460660
2023-03-24,55.92,56.82,57.18,54.66,354737
2023-03-27,57.47,56.69,57.51,55.91,499134
2023-03-28,56.55,57.38,57.63,55.555,690551
2023-03-29,57.77,58.21,58.3,57.21,293535
2023-03-30,59.0,58.58,59.37,58.37,350097
2023-03-31,59.19,60.05,60.34,59.12,458334
2023-04-03,60.2,60.36,60.75,59.57,358138
2023-04-04,60.39,59.5,60.39,58.675,223473
2023-04-05,59.3,58.66,59.42,58.245,382012
2023-04-06,58.98,59.27,59.36,58.09,225940
2023-04-10,58.81,60.11,60.53,58.7,349442
2023-04-11,60.14,60.22,61.05,59.63,249380
2023-04-12,60.8,59.56,61.0499,59.52,210212
2023-04-13,60.13,60.6,60.9,59.955,235234
2023-04-14,60.36,61.07,61.46,60.04,258976
2023-04-17,60.89,61.48,61.805,60.89,212089
2023-04-18,61.94,61.54,62.4,61.12,233748
2023-04-19,61.3,61.84,62.1,60.82,244584
2023-04-20,61.38,59.96,61.5,59.48,371372
2023-04-21,59.82,60.72,60.83,59.68,260495
2023-04-24,60.48,59.97,61.03,59.49,226062
2023-04-25,59.92,58.48,59.92,58.43,340526
2023-04-26,58.18,57.5,59.04,57.23,382324
2023-04-27,58.11,59.55,59.74,57.7,252624
2023-04-28,59.24,60.29,60.48,59.24,299787
2023-05-01,60.32,61.37,61.72,60.32,252192
2023-05-02,60.79,59.92,61.07,58.56,320320
2023-05-03,60.1,59.43,60.92,59.28,374481
2023-05-04,59.26,57.78,59.76,57.4,274802
2023-05-05,59.03,59.5,60.04,57.83,344144
2023-05-08,59.69,59.18,60.46,57.96,299128
2023-05-09,58.75,59.83,60.19,58.71,366071
2023-05-10,62.5,60.64,62.5,59.075,555340
2023-05-11,60.56,60.94,61.95,60.23,391587
2023-05-12,61.3,61.76,61.9,60.75,336841
2023-05-15,61.79,62.43,62.85,61.33,441425
2023-05-16,61.88,60.2,62.09,60.12,484790
2023-05-17,60.65,61.84,62.31,60.35,364280
2023-05-18,61.55,62.87,63.0,61.1,555721
2023-05-19,63.0,62.63,63.54,62.14,674987
2023-05-22,62.7,62.2,63.04,61.905,528442
2023-05-23,61.84,60.36,63.26,60.28,546067
2023-05-24,60.36,59.53,60.36,58.5,330921
2023-05-25,59.53,59.06,60.13,58.28,221820
2023-05-26,59.22,59.56,59.8,58.65,240988
2023-05-30,59.54,57.51,59.84,57.37,332006
2023-05-31,57.44,58.29,58.74,56.01,810791
2023-06-01,58.73,60.26,60.75,58.73,618577
2023-06-02,61.27,62.68,62.82,60.0,1092949
2023-06-05,61.95,62.29,62.48,60.86,436719
2023-06-06,62.41,64.06,64.53,61.95,987811
2023-06-07,64.47,66.03,66.15,62.8,766930
2023-06-08,65.8,66.97,67.58,65.0,845049
2023-06-09,66.82,65.77,67.26,65.3,312635
2023-06-12,66.14,65.86,67.09,65.53,382968
2023-06-13,66.0,66.21,66.98,65.91,607481
2023-06-14,66.51,65.26,66.91,65.01,501259
2023-06-15,65.04,65.52,65.61,64.55,464368
2023-06-16,66.23,64.99,66.23,64.6,1328010
2023-06-20,64.77,66.79,67.36,64.49,2944409
2023-06-21,66.54,66.95,67.615,66.385,737165
2023-06-22,66.68,66.5,67.04,65.87,494368
2023-06-23,65.44,66.12,66.4,64.8,3323027
2023-06-26,65.66,66.73,67.28,65.55,577657
2023-06-27,66.98,68.39,68.51,66.98,583535
2023-06-28,68.38,68.0,68.55,67.69,308774
2023-06-29,67.79,68.25,68.52,67.79,557384
2023-06-30,68.78,68.76,69.22,68.51,695994
2023-07-03,68.38,68.99,69.53,68.31,268260
2023-07-05,67.92,64.68,68.415,64.57,958626
2023-07-06,63.68,63.09,64.6,62.16,519671
2023-07-07,63.12,63.69,64.42,63.09,446301
2023-07-10,63.52,64.86,64.93,63.52,411423
2023-07-11,65.5,66.2,66.38,64.76,347252
2023-07-12,67.57,67.17,68.055,67.04,399190
2023-07-13,67.79,67.47,68.51,67.19,241223
2023-07-14,67.19,68.82,68.84,67.01,328711
2023-07-17,68.6,70.16,70.34,68.565,524643
2023-07-18,70.72,71.01,71.86,70.05,596868
2023-07-19,71.1,69.23,71.31,68.8,538278
2023-07-20,69.07,69.31,70.1,68.64,887845
2023-07-21,70.0,69.24,70.245,69.08,823613
2023-07-24,69.12,69.67,70.36,69.03,836948
2023-07-25,69.43,70.1,70.575,69.43,381063
2023-07-26,70.24,70.79,71.3,70.24,447467
2023-07-27,71.36,70.35,71.69,70.03,362341
2023-07-28,71.21,70.3,71.325,70.2,332695
2023-07-31,70.32,70.3,70.87,70.08,265900
2023-08-01,69.81,70.28,70.42,69.36,315659
2023-08-02,69.31,69.17,69.69,68.1,675326
2023-08-03,68.73,69.61,69.7,68.08,391884
2023-08-04,69.99,70.67,70.7,69.725,380750
2023-08-07,71.01,71.78,72.11,70.905,492048
2023-08-08,71.05,71.15,71.48,70.55,414573
2023-08-09,69.08,73.51,76.43,69.08,3081516
2023-08-10,74.15,73.83,74.7346,73.075,594755
2023-08-11,73.58,74.61,74.81,73.58,501365
2023-08-14,74.52,75.52,75.79,74.13,644505
2023-08-15,74.66,74.95,75.5,74.66,531319
2023-08-16,75.04,74.65,75.9,74.64,622034
2023-08-17,75.02,73.2,75.68,73.09,1118654
2023-08-18,72.24,73.5,74.36,72.24,612441
2023-08-21,73.67,73.84,74.05,73.47,428484
2023-08-22,74.5,75.01,76.15,74.5,727210
2023-08-23,75.0,75.69,76.1,74.46,815344
2023-08-24,75.23,75.39,76.76,74.95,469144
2023-08-25,75.83,75.85,76.47,74.85,1220070
2023-08-28,76.06,76.92,77.41,75.85,902696
2023-08-29,76.63,77.27,77.93,76.19,1199868
2023-08-30,76.91,76.96,77.4989,76.45,652083
2023-08-31,76.97,76.67,77.18,76.65,382691
2023-09-01,76.95,77.27,77.52,76.63,408085
2023-09-05,76.56,75.84,76.81,75.42,1156019
2023-09-06,75.67,75.48,76.415,74.77,364941
2023-09-07,75.32,74.86,75.68,74.2768,461851
2023-09-08,75.11,76.42,76.99,75.11,607578
2023-09-11,77.58,77.58,77.58,77.58,66326
2023-09-12,77.46,77.67,78.47,77.23,395055
2023-09-13,77.57,76.88,77.83,76.48,709880
2023-09-14,77.66,78.51,78.6,77.21,1102446
2023-09-15,78.34,78.14,79.065,77.73,1016142
2023-09-18,77.99,77.9,78.53,77.51,356960
2023-09-19,77.76,76.49,78.38,76.46,374507
2023-09-20,76.64,76.28,77.57,76.11,657013
2023-09-21,75.55,74.42,75.55,74.105,456536
2023-09-22,74.45,73.35,75.24,73.155,486205
2023-09-25,72.72,71.31,73.3,71.08,546050
2023-09-26,70.95,70.48,71.61,70.43,720122
2023-09-27,70.8,71.33,71.68,70.53,414418
2023-09-28,71.18,71.65,72.3,70.7,507952
2023-09-29,72.09,71.33,72.25,71.21,548661
2023-10-02,71.42,70.87,71.89,70.59,263759
2023-10-03,70.58,69.55,70.65,69.22,462068
2023-10-04,69.55,68.88,69.86,68.64,355138
2023-10-05,68.68,68.34,69.49,67.71,410018
2023-10-06,68.2,70.95,71.2,68.17,416458
2023-10-09,70.62,72.85,72.86,69.925,418794
2023-10-10,73.02,72.42,74.5,72.33,450078
2023-10-11,72.71,72.92,73.27,72.15,215927
2023-10-12,73.18,72.17,74.39,71.63,447751
2023-10-13,72.48,76.25,76.9433,72.48,1087812
2023-10-16,76.98,75.25,77.25,74.83,955616
2023-10-17,74.51,75.58,76.405,74.47,888582
2023-10-18,75.35,74.87,76.09,74.47,602311
2023-10-19,74.91,74.98,75.49,73.555,1259192
2023-10-20,74.93,74.58,75.79,74.19,662597
2023-10-23,74.21,74.84,76.35,73.59,590390
2023-10-24,76.18,78.01,78.205,76.01,1093723
2023-10-25,77.55,73.97,78.96,73.65,1255803
2023-10-26,73.92,73.1,74.4,72.06,518643
2023-10-27,73.3,72.85,73.97,72.14,501651
2023-10-30,73.98,73.34,74.385,72.41,271705
2023-10-31,73.35,73.11,73.68,72.28,400839
2023-11-01,73.49,72.73,74.47,72.11,484595
2023-11-02,74.17,75.02,75.1,72.76,782442
2023-11-03,76.48,78.42,78.99,75.855,686022
2023-11-06,78.6,79.5,79.59,78.41,705703
2023-11-07,79.34,79.64,79.93,79.03,504683
2023-11-08,80.0,79.75,80.0,78.02,544299
2023-11-09,80.0,78.07,80.0,77.505,524941
2023-11-10,80.0,86.82,86.87,79.1881,1789234
2023-11-13,85.74,86.48,86.9999,85.49,1062499
2023-11-14,86.0,86.83,87.865,83.88,1041078
2023-11-15,86.85,85.43,87.37,84.825,907471
2023-11-16,85.43,85.33,86.035,84.49,800779
2023-11-17,85.94,86.2,86.54,85.41,625820
2023-11-20,86.18,86.11,87.04,85.545,500935
2023-11-21,86.06,85.94,86.77,85.74,532483
2023-11-22,86.47,87.39,87.5,86.22,496802
2023-11-24,88.125,87.27,88.125,86.96,256637
2023-11-27,86.59,86.95,87.56,86.25,435483
2023-11-28,86.52,87.09,87.49,85.96,685975
2023-11-29,87.56,86.9,87.92,86.505,460410
2023-11-30,87.16,88.42,88.593,86.64,891989
2023-12-01,88.52,88.39,89.0,87.74,1318903
2023-12-04,88.06,87.85,89.02,87.48,708452
2023-12-05,87.37,86.37,87.56,85.76,572623
2023-12-06,87.0,84.67,87.33,84.63,466484
2023-12-07,84.75,84.47,85.5477,83.93,385973
2023-12-08,84.06,84.03,85.15,83.56,552577
2023-12-11,84.21,83.65,84.75,83.18,625564
2023-12-12,83.52,82.54,83.52,82.23,638631
2023-12-13,82.55,84.49,84.5,81.39,978102
2023-12-14,85.65,83.45,87.33,82.51,960251
2023-12-15,83.8,83.85,84.79,83.23,2295454
2023-12-18,84.39,85.0,85.7975,83.98,779005
2023-12-19,85.85,86.82,86.95,85.26,669967
2023-12-20,86.3,84.09,86.61,84.04,837400
2023-12-21,84.53,84.34,85.2033,83.1,680754
2023-12-22,84.65,84.42,84.985,83.97,292821
2023-12-26,84.62,83.52,84.72,83.45,453575
2023-12-27,83.5,82.99,83.745,82.4,404912
2023-12-28,82.66,82.99,83.535,81.92,383914
2023-12-29,82.6,82.11,83.32,81.67,358093
2024-01-02,81.56,81.14,81.945,80.61,400806
2024-01-03,81.14,78.92,81.14,78.87,398818
2024-01-04,79.77,78.11,79.77,77.82,408594
2024-01-05,77.56,77.6,78.88,77.39,313018
2024-01-08,77.63,77.88,78.01,76.96,319633
2024-01-09,76.94,77.6,77.6,76.52,727885
2024-01-10,77.48,79.09,79.16,77.29,394905
2024-01-11,79.49,80.45,80.48,78.78,506970
2024-01-12,81.43,79.98,81.435,79.28,285338
2024-01-16,79.67,79.73,80.605,78.9,594505
2024-01-17,79.25,79.75,80.105,77.65,572605
2024-01-18,80.08,82.24,82.525,80.08,447236
2024-01-19,82.79,81.89,82.79,80.745,434014
2024-01-22,82.49,81.57,83.19,81.05,378063
2024-01-23,82.66,82.92,83.135,81.93,936787
2024-01-24,84.0,83.37,84.64,83.05,744726
2024-01-25,84.55,82.49,84.82,81.94,528836
2024-01-26,82.87,82.12,82.95,81.66,283808
2024-01-29,81.86,82.79,82.89,81.17,922153
2024-01-30,82.33,82.46,83.27,81.92,354998
2024-01-31,82.52,80.38,82.52,80.26,360634
2024-02-01,80.57,81.51,82.0,80.57,423133
2024-02-02,80.72,81.16,81.81,80.43,272819
2024-02-05,80.04,80.83,81.16,79.225,488472
2024-02-06,81.0,82.3,83.25,80.84,735470
2024-02-07,82.97,84.03,84.24,82.41,480618
2024-02-08,84.86,85.45,86.05,84.01,369717
2024-02-09,86.2,88.22,88.64,86.185,610263
2024-02-12,88.53,88.68,89.15,88.19,994000
2024-02-13,86.06,84.55,86.06,83.906,526919
2024-02-14,85.36,88.12,88.38,84.56,687349
2024-02-15,88.51,89.13,89.55,87.64,466810
2024-02-16,88.88,89.71,90.57,88.815,408740
2024-02-20,88.34,88.14,89.14,86.85,559691
2024-02-21,87.61,88.17,88.61,87.275,521966
2024-02-22,88.49,91.0,91.092,88.49,440901
2024-02-23,90.99,93.65,94.125,90.99,937791
2024-02-26,93.22,95.07,95.23,92.53,733583
2024-02-27,94.92,96.6,97.35,94.4,981914
2024-02-28,100.0,97.45,101.0,95.26,948996
2024-02-29,98.67,100.51,100.885,97.51,945562
2024-03-01,100.04,102.44,102.63,99.0,667332
2024-03-04,102.54,100.71,103.04,100.295,492489
2024-03-05,99.66,99.16,100.26,98.67,449050
2024-03-06,100.19,100.78,100.88,99.04,613436
2024-03-07,100.73,101.83,102.61,100.5,594667
2024-03-08,101.71,101.34,103.1107,100.77,578670
2024-03-11,100.5,100.3,100.68,98.68,531768
2024-03-12,100.18,101.83,102.227,99.67,746839
2024-03-13,101.63,102.11,103.1,101.415,637610
2024-03-14,101.82,100.6,102.27,99.73,770556
2024-03-15,99.83,99.81,101.29,99.05,1113503
2024-03-18,100.41,99.42,100.78,99.085,487623
2024-03-19,98.99,100.27,100.6,98.99,444258
2024-03-20,100.72,102.69,103.14,100.655,486291
2024-03-21,103.41,107.2,107.59,103.17,834386
2024-03-22,108.48,104.88,108.9,104.84,726710
2024-03-25,105.29,106.25,106.66,104.86,493710
2024-03-26,105.54,104.5,106.34,104.25,655836
2024-03-27,104.85,103.98,105.07,102.74,432761
2024-03-28,104.5,102.09,105.48,101.84,698559
2024-04-01,101.9,101.03,103.06,101.02,388195
2024-04-02,100.0,100.83,101.22,99.11,637399
2024-04-03,100.01,101.92,102.54,100.01,519412
2024-04-04,103.05,99.34,103.48,99.09,450080
2024-04-05,99.05,98.95,100.44,98.53,751320
2024-04-08,99.41,100.33,101.0,99.32,456299
2024-04-09,100.69,99.34,101.03,98.72,353832
2024-04-10,97.99,96.72,99.02,96.06,858009
2024-04-11,96.52,95.79,96.52,95.16,527479
2024-04-12,94.46,92.92,95.53,92.69,340589
2024-04-15,94.04,91.92,94.815,91.83,539704
2024-04-16,91.46,89.72,91.62,89.67,685856
2024-04-17,90.61,88.47,90.61,87.95,674750
2024-04-18,88.66,88.06,89.775,88.01,647229
2024-04-19,87.64,87.19,88.615,86.09,585558
2024-04-22,88.49,90.37,90.41,88.49,584728
2024-04-23,91.39,94.07,94.25,90.92,906914
2024-04-24,93.54,93.55,93.97,91.93,624319
2024-04-25,92.07,92.91,92.96,90.98,538783
2024-04-26,92.78,91.31,93.18,91.11,415664
2024-04-29,92.37,92.07,92.45,91.09,446679
2024-04-30,91.35,89.26,91.54,89.05,550573
2024-05-01,89.26,90.0,91.77,88.5,438597
2024-05-02,91.25,91.2,91.52,90.63,669488
2024-05-03,92.44,92.96,93.89,92.295,430376
2024-05-06,93.66,94.93,95.28,93.585,466559
2024-05-07,95.23,97.84,98.08,95.23,1044940
2024-05-08,97.1,96.52,97.24,95.75,658801
2024-05-09,97.28,91.55,99.55,89.535,1192278
2024-05-10,91.69,91.46,92.9,90.2,1157522
2024-05-13,92.37,92.06,92.57,91.06,644449
2024-05-14,93.22,92.99,93.73,91.86,778579
2024-05-15,94.32,94.68,95.36,93.68,716213
2024-05-16,95.0,94.83,95.005,93.6703,1148576
2024-05-17,95.0,93.12,95.35,92.25,820376
2024-05-20,93.52,93.25,94.445,92.3976,527421
2024-05-21,93.26,96.92,97.11,93.18,900510
2024-05-22,96.74,95.11,97.175,94.4,742911
2024-05-23,95.22,94.55,95.22,93.04,602952
2024-05-24,95.14,94.74,95.6,94.04,535697
2024-05-28,95.0,95.37,95.96,94.48,541115
2024-05-29,94.23,93.68,95.06,93.48,524941
2024-05-30,93.86,92.87,94.6,92.56,680148
2024-05-31,93.91,95.48,96.89,93.39,1173594
2024-06-03,96.41,97.21,97.22,94.965,693594
2024-06-04,96.8,96.8,98.45,96.04,792880
2024-06-05,97.23,99.59,99.95,97.23,670679
2024-06-06,99.15,99.87,100.903,98.99,590272
2024-06-07,98.96,97.66,99.365,97.16,399691
2024-06-10,97.14,96.88,97.88,96.31,437225
2024-06-11,96.45,95.74,96.815,94.8,472254
2024-06-12,97.72,93.81,99.45,93.38,971707
2024-06-13,93.61,92.35,94.42,91.36,799521
2024-06-14,92.91,92.88,93.78,91.73,943595
2024-06-17,92.83,93.75,94.06,92.8,621435
2024-06-18,94.0,98.54,99.47,93.46,958729
2024-06-20,99.17,99.38,101.44,98.91,617327
2024-06-21,100.14,102.06,103.45,100.14,1536078
2024-06-24,101.95,101.85,104.05,101.18,901575
2024-06-25,101.85,103.12,103.4,100.71,853035
2024-06-26,103.05,104.27,104.755,102.04,875102
2024-06-27,104.9,106.11,106.56,104.13,1000382
2024-06-28,106.7,104.88,108.2,104.09,12382213
2024-07-01,104.59,102.74,104.745,101.95,695497
2024-07-02,103.14,102.95,104.09,101.87,637011
2024-07-03,103.0,104.14,104.22,102.585,627883
2024-07-05,104.11,103.67,104.87,102.6,371910
2024-07-08,104.21,104.88,105.47,104.21,358050
2024-07-09,105.03,104.25,105.905,104.04,651777
2024-07-10,105.28,105.94,106.035,104.32,631495
2024-07-11,106.95,106.82,107.22,105.78,765274
2024-07-12,107.5,108.3,108.71,106.88,856561
2024-07-15,108.69,106.91,108.69,106.75,1005556
2024-07-16,107.12,105.14,107.9725,104.08,881623
2024-07-17,103.81,103.31,105.13,103.1,878006
2024-07-18,103.68,102.93,104.28,101.41,425395
2024-07-19,102.93,101.55,103.31,101.15,476107
2024-07-22,102.5,103.67,103.94,101.8,617198
2024-07-23,103.64,105.87,106.27,103.63,587873
2024-07-24,105.36,102.59,105.77,102.29,610742
2024-07-25,102.56,102.06,103.45,100.66,573748
2024-07-26,104.23,103.89,104.77,102.22,466044
2024-07-29,104.31,104.55,105.28,103.12,335562
2024-07-30,105.0,105.27,106.54,104.19,539208
2024-07-31,107.08,107.2,108.51,105.7,731705
2024-08-01,107.89,106.23,109.3,104.85,694435
2024-08-02,103.41,102.52,103.58,100.77,761723
2024-08-05,96.52,97.51,99.92,95.4599,590788
2024-08-06,98.0,100.71,101.92,98.0,674375
2024-08-07,101.61,100.5,103.635,100.27,1516357
2024-08-08,100.06,102.31,104.24,96.79,1000757
2024-08-09,102.31,101.73,103.23,100.08,430902
2024-08-12,102.15,100.26,103.39,100.085,672179
2024-08-13,101.36,102.63,102.69,101.02,535035
2024-08-14,102.72,102.01,103.45,100.94,471393
2024-08-15,103.5,101.64,104.11,100.77,547526
2024-08-16,101.78,105.55,105.63,101.6,470740
2024-08-19,105.32,107.15,107.19,104.57,335205
2024-08-20,107.43,105.69,107.43,105.45,342361
2024-08-21,106.17,109.07,109.11,105.61,328393
2024-08-22,109.03,108.13,109.37,107.83,235955
2024-08-23,109.43,108.14,110.57,107.99,635371
2024-08-26,109.05,107.81,110.315,107.27,530962
2024-08-27,106.93,108.21,108.93,106.79,404463
2024-08-28,107.7,107.2,107.95,106.28,402864
2024-08-29,108.12,108.52,109.64,107.52,674401
2024-08-30,109.09,109.82,109.93,107.83,414602
2024-09-03,109.53,108.7,111.0,108.09,672567
2024-09-04,108.0,107.8,109.21,107.32,319874
2024-09-05,107.66,107.51,107.99,106.48,461146
2024-09-06,107.21,105.0,107.99,104.755,345275
2024-09-09,105.0,105.94,106.32,104.54,395229
2024-09-10,106.47,106.79,107.03,104.33,630437
2024-09-11,106.3,109.62,109.78,105.31,662440
2024-09-12,111.49,110.48,111.55,109.56,956767
2024-09-13,110.54,111.47,112.97,110.21,749123
2024-09-16,111.47,110.82,111.48,109.78,385932
2024-09-17,111.99,112.03,114.0,111.225,486043
2024-09-18,113.05,112.68,114.16,111.595,780460
2024-09-19,115.0,112.48,115.0,111.95,375026
2024-09-20,112.0,112.57,113.95,111.255,1515497
2024-09-23,113.3,112.68,113.715,111.39,466719
2024-09-24,92.685,90.71,96.51,90.41,2933493
2024-09-25,91.51,91.61,93.14,90.18,1573369
2024-09-26,93.79,93.1,95.4,92.7,1093298
2024-09-27,93.45,92.38,93.52,90.985,884946
2024-09-30,92.06,90.73,92.06,89.44,1499807
2024-10-01,90.6,87.91,90.6,86.37,1658008
2024-10-02,87.7,87.74,89.56,87.01,903571
2024-10-03,88.21,89.46,89.99,88.21,1464975
2024-10-04,92.53,93.39,93.845,91.22,1008333
2024-10-07,93.11,94.17,94.44,92.13,888109
2024-10-08,95.07,96.04,96.55,94.85,1122026
2024-10-09,96.04,96.08,98.884,95.74,1031105
2024-10-10,95.52,94.97,96.05,94.58,436572
2024-10-11,94.97,95.7,96.37,94.97,329197
2024-10-14,96.0,94.53,96.02,94.44,921259
2024-10-15,94.59,94.21,96.56,93.647,923526
2024-10-16,94.71,95.23,95.59,94.18,672677
2024-10-17,95.5,94.61,95.5,93.57,441051
2024-10-18,94.54,93.33,94.77,93.22,864793
2024-10-21,93.13,91.68,93.39,91.15,323130
2024-10-22,91.3,92.31,92.79,91.05,486032
2024-10-23,91.85,93.05,94.22,91.85,597474
2024-10-24,93.27,93.43,93.9,92.79,571392
2024-10-25,94.61,95.13,95.23,94.015,330087
2024-10-28,96.0,95.69,96.88,94.66,616321
2024-10-29,95.66,96.82,97.085,95.06,433779
2024-10-30,96.65,94.25,97.285,94.08,445932
2024-10-31,94.25,93.78,95.65,93.25,512965
2024-11-01,93.78,94.22,95.35,93.47,402455
2024-11-04,93.49,94.36,95.15,93.36,294466
2024-11-05,94.43,95.8,96.395,94.43,300193
2024-11-06,98.75,99.62,100.44,98.01,667553
2024-11-07,99.87,102.06,103.145,99.595,489619
2024-11-08,102.29,102.89,103.13,101.85,396997
2024-11-11,103.94,103.55,104.91,103.27,442644
2024-11-12,102.89,102.5,104.28,102.17,500815
2024-11-13,91.57,92.28,97.87,90.46,1606165
2024-11-14,94.26,93.1,95.8799,92.83,898332
2024-11-15,93.1,93.24,94.52,93.08,986992
2024-11-18,93.18,92.8,94.37,92.63,825642
2024-11-19,91.0,91.37,92.75,89.85,884825
2024-11-20,90.78,92.48,93.07,90.78,999701
2024-11-21,92.72,94.41,94.99,92.67,966674
2024-11-22,94.89,96.42,96.49,94.76,696904
2024-11-25,96.89,98.45,100.02,96.89,944596
2024-11-26,98.08,97.94,99.34,97.62,629782
2024-11-27,97.72,97.08,99.16,96.93,428264
2024-11-29,97.47,95.04,97.9042,94.43,311965
2024-12-02,94.85,98.06,99.145,94.85,596255
2024-12-03,98.16,98.85,99.01,97.1801,686494
2024-12-04,98.03,99.88,100.59,98.02,490390
2024-12-05,99.88,97.63,100.44,97.54,512782
2024-12-06,98.74,97.63,99.58,97.55,262761
2024-12-09,97.19,94.33,97.975,93.89,430908
2024-12-10,95.27,93.14,95.27,92.92,240189
2024-12-11,93.63,93.17,94.13,92.35,342979
2024-12-12,93.12,93.41,94.24,93.12,248328
2024-12-13,93.7,91.59,93.7,91.21,319458
2024-12-16,91.4,91.17,92.86,91.03,381985
2024-12-17,90.81,89.8,91.15,89.23,610083
2024-12-18,90.27,86.27,91.22,85.825,470917
2024-12-19,86.71,86.54,87.9,86.25,475041
2024-12-20,86.48,85.42,87.71,85.08,1386839
2024-12-23,85.4,85.75,86.3,85.08,478717
2024-12-24,85.35,86.12,86.83,84.93,416309
2024-12-26,85.96,87.09,87.61,85.86,390906
2024-12-27,86.2,86.03,87.215,85.45,548940
2024-12-30,85.17,85.22,86.08,84.07,808952
2024-12-31,85.41,86.38,87.1,85.41,522207
2025-01-02,86.87,85.36,87.59,84.78,497223
2025-01-03,85.61,85.96,85.96,84.54,389767
2025-01-06,86.55,86.09,87.22,85.97,836106
2025-01-07,86.61,85.63,87.73,85.39,482444
2025-01-08,85.68,85.54,86.56,84.94,716535
2025-01-10,84.45,85.25,86.06,84.0,674709
2025-01-13,84.85,85.14,85.16,84.381,856316
2025-01-14,85.34,86.81,87.465,85.25,759593
2025-01-15,88.84,88.91,90.43,88.13,712108
2025-01-16,89.4,89.25,89.89,88.63,748911
2025-01-17,90.6,90.04,90.78,89.92,585405
2025-01-21,90.88,91.2,91.71,90.53,488678
2025-01-22,91.31,90.81,92.5,90.6,482228
2025-01-23,90.45,88.03,90.46,87.555,699492
2025-01-24,87.84,87.1,88.0,85.85,628810
2025-01-27,86.13,87.27,88.12,86.13,683508
2025-01-28,87.04,88.35,89.68,86.51,612619
2025-01-29,88.1,88.34,88.675,87.48,649268
2025-01-30,88.95,88.97,89.91,88.52,446046
2025-01-31,89.1,87.91,90.105,87.79,443224
2025-02-03,85.9,85.34,86.81,84.6,587048
2025-02-04,84.87,86.65,86.68,84.68,501977
2025-02-05,87.31,86.98,87.69,86.17,552674
2025-02-06,87.5,88.14,88.745,87.42,493004
2025-02-07,88.43,87.96,88.92,87.045,481286
2025-02-10,91.08,97.67,98.33,90.54,1446314
2025-02-11,96.01,94.36,96.405,93.59,1006801
2025-02-12,93.47,94.48,95.11,93.47,543545
2025-02-13,95.0,97.81,97.95,94.88,466783
2025-02-14,98.4,97.02,98.4,96.48,687040
2025-02-18,98.98,101.64,101.845,98.24,1042855
2025-02-19,103.33,105.99,106.95,103.33,2055118
2025-02-20,105.83,104.89,106.85,104.72,918051
2025-02-21,106.16,101.83,106.3,101.44,788115
2025-02-24,101.72,100.63,102.29,99.945,598953
2025-02-25,100.65,101.63,102.49,99.29,1037655
2025-02-26,106.81,108.62,110.3,105.66,1343409
2025-02-27,109.17,110.65,112.83,109.0,993445
2025-02-28,110.38,111.48,111.56,109.35,1024249
2025-03-03,112.35,109.65,113.945,108.96,646036
2025-03-04,108.72,106.6,108.72,103.66,789827
2025-03-05,106.6,108.44,108.55,105.94,526351
2025-03-06,106.97,104.02,107.22,103.85,495935
2025-03-07,103.66,105.1,105.51,100.67,795276
2025-03-10,103.15,102.99,104.22,101.89,777515
2025-03-11,102.88,102.015,104.13,101.36,416894
2025-03-12,102.67,101.94,103.5,101.48,548091
2025-03-13,102.15,101.52,102.74,101.05,661912
2025-03-14,102.48,103.67,104.38,101.76,342347
2025-03-17,103.18,104.71,105.11,102.88,489836
2025-03-18,104.41,103.47,104.84,103.195,480320
2025-03-19,103.21,104.5,104.7,101.0,739791
2025-03-20,103.8,104.33,106.66,103.32,1071054
2025-03-21,102.51,103.67,103.96,101.6152,1374115
2025-03-24,104.16,107.14,107.45,103.805,561564
2025-03-25,107.2,107.49,108.27,106.1067,567926
2025-03-26,107.05,105.49,107.48,104.55,376107
2025-03-27,104.35,99.36,104.35,99.125,649736
2025-03-28,96.81,89.09,96.81,86.66,1490481
2025-03-31,87.07,86.61,87.812,84.975,1254730
2025-04-01,85.78,87.87,88.43,85.57,885778
2025-04-02,90.01,91.95,93.18,89.51,1314856
2025-04-03,86.02,84.0,87.31,82.73,1489942
2025-04-04,80.03,79.78,82.58,75.455,1412594
2025-04-07,76.79,78.98,83.76,75.47,1216358
2025-04-08,80.12,77.8,82.875,76.39,1116799
2025-04-09,76.63,83.82,85.32,76.1,2064069
2025-04-10,81.83,78.09,82.335,76.27,1574392
2025-04-11,77.76,78.01,79.215,76.91,1359119
