2022-10-26,26.71,28.97,29.86,26.03,28655025
2022-10-27,26.95,27.4,29.59,26.55,5687420
2022-10-28,27.06,27.0,28.63,26.995,3214090
2022-10-31,27.0,26.38,27.12,26.0,3930918
2022-11-01,26.38,25.9,26.4,25.37,2362962
2022-11-02,25.84,25.49,26.32,25.245,2343148
2022-11-03,25.04,26.01,26.54,24.85,3110623
2022-11-04,26.38,25.89,26.78,25.77,842174
2022-11-07,25.84,25.89,26.03,25.0,1178649
2022-11-08,25.99,26.2,27.24,25.52,1100032
2022-11-09,26.36,25.89,26.58,25.705,717797
2022-11-10,26.48,28.09,28.24,26.3,1177613
2022-11-11,28.25,29.95,30.42,27.84,1660225
2022-11-14,30.54,29.39,31.88,28.78,2931874
2022-11-15,30.74,29.91,31.38,29.6,1844776
2022-11-16,29.74,28.81,29.99,27.72,1095913
2022-11-17,27.61,29.01,29.93,27.51,895502
2022-11-18,29.15,28.42,29.68,27.6,650996
2022-11-21,29.44,27.22,30.0,26.65,2369693
2022-11-22,27.22,29.55,29.84,27.02,1327485
2022-11-23,29.55,29.31,30.77,28.02,1267423
2022-11-25,29.5,29.4,30.4559,29.201,361536
2022-11-28,29.42,27.87,29.8,27.6,635535
2022-11-29,27.87,27.44,28.31,26.17,1659811
2022-11-30,27.62,28.51,29.38,27.41,879724
2022-12-01,29.15,29.77,30.6,28.41,1496481
2022-12-02,29.5,31.94,32.9,29.25,2060955
2022-12-05,32.43,31.5,33.39,31.28,2127997
2022-12-06,31.5,30.49,31.82,29.54,1495905
2022-12-07,32.43,32.13,33.9498,31.13,3768789
2022-12-08,33.5,31.59,33.5,31.3675,1723564
2022-12-09,31.6,33.7,34.3799,31.5738,2361288
2022-12-12,34.0,33.05,34.24,32.89,1028635
2022-12-13,35.0,34.66,36.0,33.2,2501180
2022-12-14,35.0,35.43,37.3099,34.5,2121316
2022-12-15,35.52,34.5,35.85,33.36,2300504
2022-12-16,34.33,33.81,35.41,32.59,5407681
2022-12-19,34.0,35.04,36.37,32.82,2879723
2022-12-20,35.04,33.72,35.7,33.6001,1455003
2022-12-21,34.2,35.47,35.8,33.5,1904215
2022-12-22,35.36,33.88,35.52,32.68,1227209
2022-12-23,34.1,33.98,35.29,33.32,1137757
2022-12-27,34.11,34.32,35.5,33.8058,1264494
2022-12-28,34.31,33.58,34.76,32.78,1460803
2022-12-29,33.74,34.51,34.54,32.17,1532319
2022-12-30,34.19,35.06,35.25,34.19,1566132
2023-01-03,35.64,32.71,36.49,32.39,1950697
2023-01-04,32.73,31.13,32.79,29.83,3412574
2023-01-05,31.1,30.04,31.1,29.44,2262308
2023-01-06,30.0,31.62,32.83,28.7265,3841620
2023-01-09,31.99,33.41,34.25,30.045,4723094
2023-01-10,33.41,33.43,34.5891,32.51,2619189
2023-01-11,33.86,33.15,34.18,31.4,2566281
2023-01-12,33.2,34.37,34.4,32.7,1686292
2023-01-13,33.99,32.98,34.15,31.96,1809184
2023-01-17,33.16,31.55,33.39,31.24,2669367
2023-01-18,32.35,33.48,34.8499,32.1,3854022
2023-01-19,33.48,32.68,33.78,32.1001,1196356
2023-01-20,33.09,34.36,34.73,32.91,1804712
2023-01-23,34.59,35.23,35.47,33.82,1710045
2023-01-24,35.0,34.12,36.62,33.85,2159993
2023-01-25,33.84,33.95,34.09,32.7001,2749086
2023-01-26,36.8488,35.97,39.19,33.61,6732341
2023-01-27,36.5,35.79,37.35,34.915,4278197
2023-01-30,35.5,36.12,36.99,35.405,2060086
2023-01-31,36.2,38.6,38.73,36.0,3687719
2023-02-01,39.0,41.06,41.95,38.26,4242500
2023-02-02,42.0,42.22,44.26,41.1,4323593
2023-02-03,41.68,42.78,44.28,41.65,2996262
2023-02-06,42.325,41.46,42.47,40.05,2772261
2023-02-07,41.66,42.8,43.0286,41.06,2491602
2023-02-08,42.98,42.08,43.53,41.9,1382336
2023-02-09,42.82,43.82,45.5,42.51,3213276
2023-02-10,43.47,41.9,43.47,41.62,2360638
2023-02-13,42.09,42.88,43.45,40.8,1341840
2023-02-14,42.82,46.95,47.15,42.57,2708300
2023-02-15,46.91,47.02,48.11,46.1,2317277
2023-02-16,45.96,44.76,45.96,44.56,1982858
2023-02-17,44.01,43.95,44.4399,42.82,1335129
2023-02-21,43.65,41.07,44.41,40.91,2012707
2023-02-22,41.1,40.95,41.9399,39.84,2051165
2023-02-23,42.16,41.43,42.89,40.4,1569503
2023-02-24,40.46,37.87,40.8299,37.35,4257352
2023-02-27,38.56,39.76,40.55,38.545,2596134
2023-02-28,39.81,39.51,40.18,39.23,1067308
2023-03-01,39.7,38.22,39.8966,38.11,1663831
2023-03-02,37.48,38.48,39.61,37.28,1998941
2023-03-03,39.0,41.78,42.43,38.93,2407893
2023-03-06,42.61,41.45,43.1799,41.19,1868276
2023-03-07,41.8,41.52,42.17,40.69,1493326
2023-03-08,41.5,40.77,41.55,40.35,1271187
2023-03-09,41.0,40.63,42.61,40.6,1899329
2023-03-10,40.47,39.27,40.58,38.42,1759626
2023-03-13,38.4,40.05,40.6,37.28,1559080
2023-03-14,40.77,41.76,41.83,40.58,929963
2023-03-15,40.99,40.93,41.3059,39.58,1728327
2023-03-16,40.86,43.27,43.38,40.72,1554922
2023-03-17,42.93,43.58,44.47,42.19,3635778
2023-03-20,42.69,43.24,44.77,42.67,1883341
2023-03-21,43.84,42.55,44.4799,41.94,1235711
2023-03-22,42.73,41.43,42.73,40.77,2154742
2023-03-23,41.5,42.99,43.5,41.25,1745313
2023-03-24,42.5,40.77,42.89,40.25,2085001
2023-03-27,40.95,40.31,42.49,40.26,2186622
2023-03-28,40.25,39.18,40.6397,38.5,2470968
2023-03-29,39.91,41.75,42.16,39.56,3593750
2023-03-30,42.45,41.62,42.77,41.39,1878962
2023-03-31,41.98,43.27,43.77,41.66,2067022
2023-04-03,43.0,43.39,44.6,42.6,1853633
2023-04-04,44.09,42.18,44.5999,41.88,2098225
2023-04-05,41.97,40.6,41.97,39.42,2596132
2023-04-06,40.11,40.13,40.73,39.22,1009831
2023-04-10,39.63,41.43,41.53,39.24,965019
2023-04-11,41.55,42.29,42.57,41.05,1026310
2023-04-12,42.82,41.37,43.49,41.14,2664272
2023-04-13,41.4,42.84,43.46,41.4,1967640
2023-04-14,42.5,41.68,43.345,41.45,1671945
2023-04-17,41.22,43.13,43.16,41.2,1415403
2023-04-18,43.58,46.01,46.45,43.58,5540466
2023-04-19,45.49,44.86,46.94,44.53,3636036
2023-04-20,43.62,44.54,45.26,43.512,1837765
2023-04-21,44.0,44.44,45.2,43.12,2771614
2023-04-24,45.18,45.83,46.155,44.55,2054935
2023-04-25,45.66,44.82,45.88,44.31,1312426
2023-04-26,45.78,43.09,45.8,42.42,2681227
2023-04-27,31.84,36.14,36.18,29.63,21315388
2023-04-28,36.91,37.64,38.4407,35.85,4972090
2023-05-01,37.71,37.46,38.33,36.67,1720430
2023-05-02,37.49,36.8,37.49,36.2,2302159
2023-05-03,36.25,36.05,37.235,35.69,2477993
2023-05-04,35.86,34.82,36.12,34.4,2505910
2023-05-05,35.66,37.61,37.805,35.5,2332693
2023-05-08,38.0,39.04,39.53,37.22,1768181
2023-05-09,40.01,40.07,42.58,38.91,4581998
2023-05-10,40.97,40.49,40.99,39.52,2747778
2023-05-11,40.2,38.9,40.2,38.25,1898675
2023-05-12,38.97,38.02,39.79,37.22,2179664
2023-05-15,38.19,38.29,38.47,37.49,1424802
2023-05-16,38.06,37.64,38.71,37.31,1713514
2023-05-17,37.6,38.27,38.43,37.05,2276694
2023-05-18,38.43,39.11,39.25,38.3,1358744
2023-05-19,39.6,40.83,40.87,39.2503,1803886
2023-05-22,40.72,41.07,41.07,40.15,1043197
2023-05-23,40.52,40.05,41.23,39.79,1203189
2023-05-24,39.94,40.38,40.54,39.53,1234090
2023-05-25,42.4,42.48,42.885,41.43,2011371
2023-05-26,42.5,45.14,46.48,42.5,3138881
2023-05-30,46.17,46.34,47.41,45.42,3860222
2023-05-31,45.17,44.57,45.43,43.5,3269730
2023-06-01,44.74,44.74,45.325,44.0,1619357
2023-06-02,45.37,43.56,45.72,43.38,1513442
2023-06-05,43.56,42.37,44.17,42.22,1418674
2023-06-06,41.0,42.32,42.56,40.4111,4932470
2023-06-07,43.11,43.52,46.0,42.53,5239943
2023-06-08,41.1301,41.78,41.9617,40.1,20138717
2023-06-09,42.0,41.77,42.23,41.43,6646582
2023-06-12,41.89,39.9,41.99,39.21,10126483
2023-06-13,40.45,40.31,41.14,39.77,5944580
2023-06-14,40.56,40.76,41.25,39.97,3831085
2023-06-15,40.44,39.73,40.44,39.42,3856241
2023-06-16,40.11,39.16,40.12,38.91,3682983
2023-06-20,39.16,37.23,39.58,37.11,3262934
2023-06-21,37.23,36.61,37.37,35.75,4542673
2023-06-22,36.5,37.41,38.08,36.18,3101042
2023-06-23,37.0,37.16,37.93,36.77,5293490
2023-06-26,37.39,36.0,37.67,35.83,3782152
2023-06-27,35.97,37.53,37.63,35.25,2648846
2023-06-28,37.45,38.12,38.135,36.96,2127133
2023-06-29,38.5,37.72,38.75,37.38,2171511
2023-06-30,38.34,38.42,38.66,38.04,1663091
2023-07-03,38.88,39.81,39.82,38.58,1496986
2023-07-05,39.76,39.42,40.22,39.33,2556154
2023-07-06,38.82,40.1,40.36,38.75,3172555
2023-07-07,40.37,40.61,41.25,40.19,2851989
2023-07-10,40.61,40.44,41.01,39.46,2634872
2023-07-11,40.64,40.84,40.91,39.76,3036998
2023-07-12,41.79,42.98,43.32,41.0347,4968620
2023-07-13,43.34,43.18,44.1,42.6,2420342
2023-07-14,43.2,42.02,44.04,41.8587,1865997
2023-07-17,42.44,43.36,43.37,41.87,1601874
2023-07-18,43.5,44.36,44.48,43.43,2060426
2023-07-19,44.55,43.49,45.1,42.83,2391410
2023-07-20,41.79,41.06,41.85,39.33,4768531
2023-07-21,41.8,40.64,42.0,40.34,2039512
2023-07-24,40.57,40.84,41.73,40.57,1704297
2023-07-25,40.55,40.39,41.21,40.37,1221642
2023-07-26,40.25,40.44,40.83,39.24,2775682
2023-07-27,39.06,38.01,40.18,37.43,8134617
2023-07-28,38.6,37.665,39.02,37.6,3256328
2023-07-31,38.16,38.18,39.19,37.75,3275123
2023-08-01,38.12,38.27,38.725,37.46,1988239
2023-08-02,38.09,37.21,38.09,36.69,2853972
2023-08-03,37.41,37.57,38.145,36.98,2891542
2023-08-04,37.74,37.81,38.12,36.45,2804882
2023-08-07,38.08,38.81,38.83,37.4,1755622
2023-08-08,38.32,38.61,38.85,37.61,1777771
2023-08-09,38.49,38.4,38.78,37.5201,2948886
2023-08-10,38.77,38.37,39.25,37.92,1955639
2023-08-11,37.97,38.35,38.43,37.53,1973664
2023-08-14,38.35,38.55,38.64,37.65,1268252
2023-08-15,38.55,38.1,38.565,37.43,1954405
2023-08-16,37.75,36.73,37.91,36.35,2768073
2023-08-17,37.0,35.77,37.15,35.61,1885082
2023-08-18,35.22,35.04,35.6778,34.5,2513097
2023-08-21,35.2,34.63,35.28,34.11,2684471
2023-08-22,35.15,34.74,35.54,34.01,2852211
2023-08-23,34.5,34.82,35.3,34.19,2620943
2023-08-24,35.0,34.13,35.08,34.12,2065591
2023-08-25,34.35,34.58,36.2999,34.26,3781558
2023-08-28,34.89,34.86,34.96,33.93,1978532
2023-08-29,34.85,34.79,35.56,34.415,1986645
2023-08-30,34.68,34.76,35.63,34.4,1583070
2023-08-31,34.9,35.51,35.83,34.83,1487375
2023-09-01,35.72,36.64,36.88,35.565,1781228
2023-09-05,36.58,37.37,37.55,36.45,1392782
2023-09-06,37.5,36.33,37.62,36.15,2398393
2023-09-07,35.74,35.83,36.17,35.2,1441570
2023-09-08,35.92,36.26,36.27,35.4,844029
2023-09-11,35.9899,35.9899,35.9899,35.9899,105
2023-09-12,35.8,35.46,36.3,35.37,1329516
2023-09-13,36.03,35.48,36.87,35.39,1471782
2023-09-14,35.81,36.24,36.36,35.3,1718552
2023-09-15,36.25,37.69,38.13,36.25,3927067
2023-09-18,37.12,38.35,39.42,37.06,3314294
2023-09-19,38.25,38.43,39.0,37.552,2925092
2023-09-20,39.02,40.48,41.7,39.02,6479530
2023-09-21,39.5,40.92,41.14,39.26,3656733
2023-09-22,41.37,40.03,41.88,39.92,1868852
2023-09-25,39.94,40.2,40.41,39.15,1266697
2023-09-26,40.0,40.44,40.7,39.91,1407495
2023-09-27,40.4,40.26,41.1225,39.45,3332114
2023-09-28,40.3,41.09,41.99,40.09,2212869
2023-09-29,41.44,41.55,42.04,41.12,1389314
2023-10-02,41.51,41.66,42.47,41.14,1694237
2023-10-03,41.11,39.78,41.23,39.4,2223704
2023-10-04,40.1,41.11,41.13,39.4254,1721002
2023-10-05,41.0,40.58,41.45,39.81,2513658
2023-10-06,40.11,41.49,41.81,39.87,3517897
2023-10-09,39.59,39.29,40.0,37.85,4506598
2023-10-10,39.35,39.79,40.6059,39.02,1853367
2023-10-11,39.95,36.98,40.2597,36.8825,3647428
2023-10-12,37.02,36.34,38.17,36.01,3502705
2023-10-13,36.36,34.56,36.61,33.26,4695601
2023-10-16,35.05,35.82,36.21,35.05,2088869
2023-10-17,35.68,36.61,37.05,35.11,2563790
2023-10-18,36.36,35.85,36.83,35.83,2870522
2023-10-19,35.8,35.01,36.19,34.304,1802254
2023-10-20,34.8,35.55,35.76,34.62,1627559
2023-10-23,35.05,34.92,35.745,34.8,1615355
2023-10-24,34.99,35.39,35.71,34.79,2229325
2023-10-25,34.87,33.96,35.39,33.75,3059158
2023-10-26,36.0,36.42,37.84,35.87,4992581
2023-10-27,36.58,35.05,36.81,34.79,2904299
2023-10-30,35.54,33.82,35.8596,33.01,3079061
2023-10-31,34.49,35.67,36.14,34.02,2520585
2023-11-01,35.8,35.77,36.35,34.86,1803675
2023-11-02,36.03,36.45,37.48,36.03,1280698
2023-11-03,37.87,36.8,38.07,36.15,2130516
2023-11-06,37.26,36.53,37.3,35.545,1171172
2023-11-07,36.85,36.97,37.28,36.03,1310350
2023-11-08,37.0,36.66,37.67,36.18,968803
2023-11-09,37.04,36.14,37.275,35.99,1325685
2023-11-10,36.88,37.34,37.49,36.4426,1440755
2023-11-13,37.55,38.37,38.49,36.685,1640068
2023-11-14,39.53,40.14,41.03,39.485,2193236
2023-11-15,40.38,40.74,41.33,39.97,1747706
2023-11-16,40.195,41.01,41.19,40.05,1833633
2023-11-17,41.17,41.5,41.77,40.69,1331449
2023-11-20,41.5,41.81,43.11,41.49,3116769
2023-11-21,41.43,42.68,42.9,40.985,1258513
2023-11-22,42.96,43.4,43.96,42.46,1397011
2023-11-24,43.0,43.56,43.8316,42.94,570827
2023-11-27,43.11,42.66,43.61,42.4975,1255894
2023-11-28,42.5,41.69,42.5,41.13,2274281
2023-11-29,42.41,41.38,42.41,41.03,1384821
2023-11-30,41.37,41.05,41.795,40.52,1674929
2023-12-01,40.69,39.27,40.974,39.18,2726041
2023-12-04,38.9,39.72,40.4,38.84,1778125
2023-12-05,39.62,39.89,40.575,39.5944,1764699
2023-12-06,40.62,39.75,41.35,39.65,1452174
2023-12-07,40.0,40.22,40.71,39.6,1610381
2023-12-08,40.62,40.21,41.98,40.11,5743632
2023-12-11,40.0,41.07,41.5,39.73,1688167
2023-12-12,41.05,40.35,41.19,40.03,1367891
2023-12-13,40.3,41.08,41.1,38.68,2227860
2023-12-14,41.1,42.3,42.37,41.1,2452787
2023-12-15,42.45,41.96,43.005,41.3,3161569
2023-12-18,42.0,41.49,42.005,40.56,2277721
2023-12-19,41.86,42.22,42.8125,41.75,1404762
2023-12-20,41.76,42.15,42.53,41.58,2504247
2023-12-21,42.47,42.91,42.95,41.66,1936621
2023-12-22,43.15,42.95,43.9,42.58,1343999
2023-12-26,43.0,43.85,43.885,42.8001,994527
2023-12-27,43.85,43.97,44.16,43.12,1340287
2023-12-28,43.97,43.84,44.48,43.22,1567612
2023-12-29,43.89,43.32,44.28,42.9845,1950975
2024-01-02,42.83,41.34,43.4,40.86,1709560
2024-01-03,40.01,39.72,40.58,39.335,2496047
2024-01-04,28.33,29.97,30.94,28.19,43103086
2024-01-05,30.92,30.49,31.25,29.38,19179446
2024-01-08,30.95,31.43,32.5,30.2,8928124
2024-01-09,31.24,31.89,32.71,30.77,7614977
2024-01-10,32.1,30.62,32.12,29.77,9165059
2024-01-11,30.1,31.03,31.1,30.1,6613677
2024-01-12,30.86,30.07,31.09,29.6,5782155
2024-01-16,30.0,29.79,30.31,29.43,4020839
2024-01-17,29.42,28.38,29.455,28.2,5304079
2024-01-18,28.85,28.07,28.85,27.29,4304299
2024-01-19,28.13,28.34,28.36,27.36,3938903
2024-01-22,29.0,28.89,29.81,28.75,5181772
2024-01-23,29.42,28.43,29.47,28.22,3551618
2024-01-24,28.6,27.62,28.685,27.365,5466225
2024-01-25,27.95,27.95,29.03,27.38,11922031
2024-01-26,28.1,28.38,28.89,28.0132,5115435
2024-01-29,28.31,27.75,28.38,27.08,5652912
2024-01-30,27.23,26.25,27.33,25.88,7951798
2024-01-31,26.0,25.86,26.47,25.77,4098595
2024-02-01,26.22,25.8,26.3099,25.32,3057980
2024-02-02,25.55,26.57,26.8,25.44,2996390
2024-02-05,26.6,26.95,27.22,26.33,3810275
2024-02-06,27.11,27.21,27.46,26.888,2118010
2024-02-07,27.32,26.65,27.4,26.58,2090716
2024-02-08,26.6,26.44,26.62,26.2,1687750
2024-02-09,26.74,27.71,28.0,26.74,4193910
2024-02-12,27.87,27.76,28.93,27.69,3589728
2024-02-13,26.8,26.25,27.325,26.205,2751820
2024-02-14,26.86,26.35,26.97,26.0224,3839624
2024-02-15,26.69,26.1,27.18,25.84,4271322
2024-02-16,26.0,25.63,26.085,25.2,2753784
2024-02-20,25.6,25.28,25.68,25.08,2748753
2024-02-21,25.11,24.5,25.22,24.48,2710387
2024-02-22,24.85,24.26,24.89,24.17,3048230
2024-02-23,24.06,23.74,24.17,23.49,2950972
2024-02-26,23.81,24.38,24.985,23.75,3535573
2024-02-27,24.95,25.36,26.49,24.8101,7821028
2024-02-28,25.15,26.1,26.31,24.83,5050107
2024-02-29,26.49,25.47,26.55,25.25,2577649
2024-03-01,25.83,27.05,27.555,25.68,4540934
2024-03-04,27.05,25.77,27.15,25.57,3042892
2024-03-05,25.6,24.96,25.61,24.78,2682334
2024-03-06,25.06,27.81,28.95,24.77,13351175
2024-03-07,27.93,28.38,28.59,27.79,4477461
2024-03-08,28.68,27.6,28.82,27.11,4712553
2024-03-11,27.89,27.72,28.43,27.345,2671071
2024-03-12,27.93,28.43,28.47,27.532,3664286
2024-03-13,27.88,28.75,29.4,27.88,2915932
2024-03-14,28.7,28.46,28.715,28.17,2189365
2024-03-15,27.85,27.74,28.0442,27.4,5222907
2024-03-18,28.42,28.94,29.2,27.88,2972191
2024-03-19,28.17,28.37,28.67,27.35,4758016
2024-03-20,29.9,30.5,30.55,28.75,6687926
2024-03-21,30.63,31.4,32.12,30.25,6246203
2024-03-22,31.67,31.57,31.79,30.69,2766113
2024-03-25,31.34,31.19,31.47,30.93,2194885
2024-03-26,31.27,31.35,31.8,31.2,1563605
2024-03-27,31.53,32.7,32.76,31.35,3163362
2024-03-28,32.95,32.15,33.6,32.01,3121520
2024-04-01,32.25,32.1,32.555,31.5,1806721
2024-04-02,31.3,32.71,32.775,31.03,2570150
2024-04-03,32.91,32.62,33.55,32.36,2531056
2024-04-04,32.89,31.78,34.0,31.691,3572908
2024-04-05,31.64,31.71,31.94,31.42,1538226
2024-04-08,31.65,31.255,31.83,31.16,1379123
2024-04-09,31.37,32.03,32.32,31.26,1449703
2024-04-10,31.15,30.91,31.51,30.43,2177386
2024-04-11,31.2,31.41,31.5,30.04,1973295
2024-04-12,31.65,31.72,32.705,31.04,2694217
2024-04-15,31.84,31.35,32.2,31.08,1918999
2024-04-16,30.98,30.13,31.08,30.065,2787220
2024-04-17,31.43,30.96,32.17,30.85,3234786
2024-04-18,30.55,30.98,31.11,30.28,2045723
2024-04-19,30.83,30.23,31.23,30.21,2184507
2024-04-22,30.24,30.12,30.72,29.66,1658427
2024-04-23,29.81,30.43,30.775,29.8,1594440
2024-04-24,30.9,31.12,31.59,30.86,3752884
2024-04-25,33.0,30.9,33.04,28.71,5446947
2024-04-26,29.9,29.2,30.43,28.24,5592193
2024-04-29,29.2,28.0,29.32,27.36,6060731
2024-04-30,27.5,27.55,28.1885,27.31,2871950
2024-05-01,28.0,28.87,29.09,27.76,2496349
2024-05-02,29.5,30.5,30.54,29.24,2554497
2024-05-03,30.63,30.03,30.915,28.96,2153881
2024-05-06,30.08,29.85,30.65,29.66,1415178
2024-05-07,29.96,29.1,30.12,29.1,2626933
2024-05-08,28.4,28.67,29.25,28.27,1370749
2024-05-09,28.7,28.04,28.86,28.01,1882956
2024-05-10,28.04,27.13,28.25,27.12,2071175
2024-05-13,27.18,28.0,28.88,27.18,1707571
2024-05-14,28.4,28.72,28.99,28.07,2399988
2024-05-15,29.36,28.91,29.5,28.35,1482723
2024-05-16,28.82,28.5,28.89,28.18,1181259
2024-05-17,28.61,28.58,28.69,28.21,1187690
2024-05-20,28.58,27.7,28.58,27.61,2054079
2024-05-21,27.5,27.51,28.045,27.24,2639126
2024-05-22,27.5,27.81,27.94,27.2199,2528502
2024-05-23,27.9,27.56,27.99,27.44,1834940
2024-05-24,27.55,25.66,27.72,25.61,4751345
2024-05-28,25.9,26.49,26.59,25.84,3064970
2024-05-29,26.05,26.02,26.255,25.69,1600618
2024-05-30,25.97,25.85,26.84,25.54,1553793
2024-05-31,25.87,25.66,25.95,25.01,2775306
2024-06-03,26.13,26.46,26.54,25.79,2121868
2024-06-04,26.15,25.39,26.1884,25.32,1779335
2024-06-05,25.67,25.94,26.145,25.05,4160402
2024-06-06,25.77,27.4,27.64,25.51,5355421
2024-06-07,27.97,31.68,32.18,27.705,17413414
2024-06-10,31.5,32.47,33.26,30.01,8864003
2024-06-11,32.05,30.11,32.23,30.0605,6425710
2024-06-12,30.5,29.34,31.32,29.2608,5212727
2024-06-13,29.64,29.09,30.17,28.61,4198854
2024-06-14,29.0,28.22,29.5,27.73,3325349
2024-06-17,28.3,27.6,28.66,27.56,3761652
2024-06-18,27.65,25.965,27.65,25.69,6096378
2024-06-20,25.97,26.14,26.8929,25.93,3839478
2024-06-21,25.95,26.89,27.105,25.19,6422250
2024-06-24,26.65,26.73,27.08,26.2,3265274
2024-06-25,26.67,26.08,26.74,25.84,2735825
2024-06-26,25.93,28.15,28.25,25.67,4407361
2024-06-27,27.7,28.02,28.05,27.11,4223874
2024-06-28,28.0,28.085,28.47,27.68,2226757
2024-07-01,28.25,27.61,28.49,26.84,2828023
2024-07-02,28.08,27.89,28.47,27.3,1820897
2024-07-03,27.81,27.43,27.88,27.12,1443837
2024-07-05,27.34,27.82,28.48,27.32,3558501
2024-07-08,28.0,27.82,28.73,27.51,2578826
2024-07-09,27.4,26.68,27.8,26.6,2628227
2024-07-10,26.97,26.75,27.4,26.07,2985599
2024-07-11,27.0,27.03,27.47,26.47,3671031
2024-07-12,26.68,26.46,27.68,26.41,4265149
2024-07-15,27.38,26.95,27.38,26.31,4995501
2024-07-16,27.0,26.99,27.12,26.15,3311004
2024-07-17,26.7,26.27,26.97,25.82,3276012
2024-07-18,26.34,26.44,27.25,26.22,4322899
2024-07-19,26.0,24.67,26.36,24.5905,4697572
2024-07-22,24.85,23.99,25.09,23.95,4065480
2024-07-23,23.75,23.31,24.21,23.1,5005806
2024-07-24,23.0,22.29,23.0778,22.05,4332704
2024-07-25,21.36,21.08,22.09,21.07,6138746
2024-07-26,21.16,21.22,21.67,21.16,3365488
2024-07-29,21.19,20.84,21.22,20.68,4160544
2024-07-30,20.85,20.0,20.99,19.6517,5547518
2024-07-31,20.02,21.0,21.1119,20.0108,7318204
2024-08-01,18.05,16.28,18.45,15.21,28139536
2024-08-02,15.9,15.96,17.21,15.5,11217270
2024-08-05,14.35,15.18,16.2,14.33,6290386
2024-08-06,16.08,15.615,16.1206,15.24,6777691
2024-08-07,16.0,15.0,16.17,14.9226,8171013
2024-08-08,14.98,15.89,15.95,14.96,4092127
2024-08-09,15.83,15.28,15.98,15.04,4413194
2024-08-12,15.21,14.6,15.24,14.4642,4708450
2024-08-13,14.5,14.84,15.06,14.32,5448947
2024-08-14,14.8,13.92,14.96,13.89,5994032
2024-08-15,14.11,14.27,14.49,13.83,6959460
2024-08-16,14.22,14.3,14.4799,14.05,3635390
2024-08-19,14.36,14.88,14.92,14.36,2928020
2024-08-20,14.8,14.92,15.27,14.56,4302576
2024-08-21,14.79,15.16,15.2799,14.72,3069015
2024-08-22,15.0,15.16,15.2895,14.945,3325317
2024-08-23,15.19,14.4,15.465,14.32,4415997
2024-08-26,14.4,14.05,14.51,14.03,4504149
2024-08-27,14.04,13.8,14.23,13.69,2998656
2024-08-28,13.7,13.51,13.73,13.16,3513386
2024-08-29,13.73,14.04,14.2635,13.69,2633436
2024-08-30,14.25,14.28,14.76,14.2,3855425
2024-09-03,14.02,13.62,14.25,13.6,3105219
2024-09-04,13.5,13.62,14.0,13.48,2686767
2024-09-05,13.53,12.62,13.925,12.51,6357935
2024-09-06,12.14,11.55,12.18,11.45,10422439
2024-09-09,11.615,11.15,12.09,11.055,7224341
2024-09-10,11.2,10.8,11.355,10.55,7632628
2024-09-11,10.88,10.84,11.11,10.48,6696028
2024-09-12,10.85,10.57,10.92,10.48,6197830
2024-09-13,10.54,10.91,11.02,10.5,5217960
2024-09-16,10.77,11.42,11.43,10.62,4520394
2024-09-17,12.1,11.84,12.3,11.67,7878728
2024-09-18,11.88,11.61,12.365,11.57,6163475
2024-09-19,12.85,13.35,13.79,12.65,18141409
2024-09-20,13.15,12.38,13.32,11.81,17404188
2024-09-23,12.7,12.34,13.06,12.29,8655878
2024-09-24,12.69,13.1,13.33,12.58,8291657
2024-09-25,12.91,12.47,13.09,12.44,5828213
2024-09-26,13.3,13.78,14.085,12.97,11503092
2024-09-27,14.12,14.39,14.85,13.93,8440177
2024-09-30,14.03,13.7,14.52,13.58,5021124
2024-10-01,13.79,13.44,14.04,13.23,5150731
2024-10-02,12.88,13.28,13.39,12.58,4910690
2024-10-03,13.13,12.39,13.17,12.23,7497033
2024-10-04,12.58,12.93,13.0,12.53,5163522
2024-10-07,12.28,12.33,12.61,12.04,5850749
2024-10-08,12.13,12.24,12.79,12.04,5946269
2024-10-09,12.2,12.07,12.645,12.04,4227777
2024-10-10,12.07,12.29,12.51,11.92,4798282
2024-10-11,11.79,12.89,13.045,11.76,8385771
2024-10-14,12.8,12.96,13.18,12.33,5672084
2024-10-15,12.51,12.17,13.39,12.02,7596435
2024-10-16,12.045,12.13,12.5,11.1212,7772690
2024-10-17,12.26,12.875,12.938,12.11,5560392
2024-10-18,13.24,12.79,13.35,12.62,3885397
2024-10-21,12.81,13.19,13.25,12.6203,3776623
2024-10-22,13.25,13.0,13.31,12.84,3158463
2024-10-23,12.95,12.57,13.01,12.25,3435456
2024-10-24,12.86,12.51,12.885,12.31,4555124
2024-10-25,12.62,12.67,12.885,12.52,3135409
2024-10-28,12.6,13.02,13.17,12.6,3480723
2024-10-29,13.04,13.265,13.47,12.81,5087936
2024-10-30,12.9,12.42,13.01,12.35,7684097
2024-10-31,14.1,13.61,14.88,12.7248,15803829
2024-11-01,13.98,15.57,15.83,13.64,17110626
2024-11-04,15.25,14.57,15.5,14.4,7514929
2024-11-05,14.65,15.23,15.33,14.63,5153139
2024-11-06,15.9,15.44,16.01,14.95,9391345
2024-11-07,16.436,16.51,17.39,16.25,12192070
2024-11-08,16.51,16.45,16.6,16.09,6266179
2024-11-11,16.56,16.64,16.75,15.8021,6480138
2024-11-12,16.73,16.93,17.295,16.31,6565979
2024-11-13,17.28,17.31,17.575,16.893,6153267
2024-11-14,17.29,15.49,17.37,15.3601,9429764
2024-11-15,15.69,14.99,15.7,14.8,5970521
2024-11-18,16.18,16.82,16.945,15.81,9793011
2024-11-19,16.6,16.76,16.87,16.1675,7262324
2024-11-20,16.8,16.92,17.565,16.72,5353086
2024-11-21,16.87,17.29,17.45,16.46,4231553
2024-11-22,17.22,17.97,18.14,17.21,6086167
2024-11-25,18.27,18.5,19.15,18.1299,8088160
2024-11-26,18.5,17.92,18.8,17.902,4817816
2024-11-27,18.17,18.03,18.87,17.71,3136735
2024-11-29,18.22,18.05,18.42,18.035,2051234
2024-12-02,18.29,17.39,18.36,17.28,3580775
2024-12-03,17.23,17.54,18.79,16.77,7204580
2024-12-04,17.39,17.08,17.5474,16.8,4718697
2024-12-05,18.44,17.1,18.79,16.97,9625046
2024-12-06,17.4,17.0,17.55,16.51,7963967
2024-12-09,17.35,17.51,18.845,17.19,9698359
2024-12-10,17.855,16.98,17.8599,16.365,9883200
2024-12-11,17.08,17.04,17.38,16.79,4928935
2024-12-12,17.09,17.72,18.3,16.73,6612040
2024-12-13,17.96,17.51,18.05,17.01,4483222
2024-12-16,17.59,18.8,18.885,17.34,8481503
2024-12-17,18.81,19.64,20.09,18.79,11100331
2024-12-18,19.63,17.35,19.7699,17.17,10626855
2024-12-19,17.82,17.72,17.83,16.8,7430181
2024-12-20,17.29,17.51,18.3589,16.91,6333590
2024-12-23,17.52,18.51,18.545,17.3,3653025
2024-12-24,18.68,18.94,19.21,18.54,2480275
2024-12-26,18.74,19.47,19.8697,18.55,4510740
2024-12-27,19.19,20.03,20.075,18.83,5554786
2024-12-30,19.57,20.07,20.48,18.9,6229646
2024-12-31,20.5,19.92,20.79,19.46,5787546
2025-01-02,20.01,20.02,20.425,19.34,6218633
2025-01-03,20.11,21.7,21.89,20.11,8095743
2025-01-06,22.0,21.845,22.37,21.45,10530351
2025-01-07,22.17,19.55,22.51,19.03,12266872
2025-01-08,19.0,16.95,19.2,16.56,21303358
2025-01-10,15.94,15.65,16.3961,15.5,13251502
2025-01-13,15.2,15.67,15.75,14.92,8902584
2025-01-14,16.48,16.13,17.25,16.01,7187406
2025-01-15,16.6,16.73,17.05,16.47,5385534
2025-01-16,17.2,16.51,17.67,16.5,6532457
2025-01-17,17.0,16.02,17.0911,16.01,6377054
2025-01-21,16.26,16.67,16.92,15.73,5582765
2025-01-22,16.48,17.0,17.086,16.48,4292647
2025-01-23,16.78,16.83,17.0,16.31,3347160
2025-01-24,16.93,16.54,17.34,16.485,5468411
2025-01-27,16.3,16.17,16.91,15.92,4879641
2025-01-28,16.07,16.71,16.74,15.58,4643297
2025-01-29,16.332,16.01,16.58,15.91,5177059
2025-01-30,14.675,16.31,16.8,14.5,20502038
2025-01-31,16.5,16.525,17.83,16.215,7747538
2025-02-03,15.75,16.03,16.4,15.52,5592312
2025-02-04,16.13,15.92,16.24,15.74,3034598
2025-02-05,15.7,16.15,16.35,15.55,5725212
2025-02-06,16.43,16.46,16.85,16.22,3369918
2025-02-07,16.6,16.07,16.62,15.96,2795953
2025-02-10,18.49,17.97,19.1944,17.88,13665283
2025-02-11,17.74,17.19,18.43,17.13,4465575
2025-02-12,16.93,16.72,17.03,16.18,7696109
2025-02-13,17.1,17.44,17.785,17.04,3385827
2025-02-14,17.83,17.97,18.22,17.675,3027239
2025-02-18,18.0,18.89,19.2249,17.84,4174474
2025-02-19,18.83,18.13,18.83,17.71,4020753
2025-02-20,18.17,17.77,18.3389,17.245,2701663
2025-02-21,17.82,16.51,17.99,16.31,4259674
2025-02-24,16.46,16.54,16.92,15.61,3658258
2025-02-25,16.52,16.08,16.86,15.785,4406174
2025-02-26,16.43,16.42,16.79,16.25,2570606
2025-02-27,16.675,16.15,17.11,15.94,3307917
2025-02-28,15.66,15.76,16.27,15.325,3805706
2025-03-03,16.025,14.45,16.15,14.2901,3566381
2025-03-04,14.09,14.39,15.01,13.46,6779716
2025-03-05,14.39,14.88,14.945,14.1,4537876
2025-03-06,14.51,14.82,15.085,14.335,3386823
2025-03-07,14.73,15.59,15.68,14.68,3738999
2025-03-10,15.32,15.05,15.9299,14.69,5372180
2025-03-11,15.02,14.83,15.48,14.74,2639091
2025-03-12,15.025,15.1,15.35,14.94,1860993
2025-03-13,14.95,14.47,15.22,14.41,2189597
2025-03-14,14.87,14.97,15.1,14.63,2175434
2025-03-17,14.64,14.96,15.03,14.6,2565630
2025-03-18,14.91,14.44,15.15,13.96,3982290
2025-03-19,14.43,14.54,14.89,14.1,2595529
2025-03-20,14.55,14.24,14.785,13.99,2540978
2025-03-21,13.97,14.56,14.575,13.87,2137127
2025-03-24,15.15,15.26,15.32,14.9,3148958
2025-03-25,17.3,16.58,17.3275,15.8,8867045
2025-03-26,16.5,16.1,16.5,15.67,4966025
2025-03-27,15.83,15.75,16.15,15.46,2995550
2025-03-28,15.38,15.11,15.86,14.9,3795845
2025-03-31,14.56,14.395,14.89,14.25,4730119
2025-04-01,14.4,14.49,14.69,13.54,4773037
2025-04-02,14.01,14.97,15.29,14.01,2258859
2025-04-03,13.94,14.26,14.71,13.9,4412601
2025-04-04,13.54,13.16,13.54,12.28,5157386
2025-04-07,12.24,13.645,14.67,12.24,7112781
2025-04-08,14.02,12.95,14.2399,12.63,4696912
2025-04-09,12.91,15.14,15.33,12.765,7399427
2025-04-10,14.29,13.2,14.415,12.77,7364776
2025-04-11,13.15,12.95,13.31,12.6524,5020076
