2022-11-17,19.74,19.7328,19.74,19.73,100112
2022-11-18,19.81,20.0904,20.1,19.81,873
2022-11-21,19.9402,19.9402,19.9402,19.9402,4
2022-11-22,20.1558,20.1558,20.1558,20.1558,44
2022-11-23,20.2648,20.2648,20.2648,20.2648,19
2022-11-25,20.3087,20.3087,20.3087,20.3087,35
2022-11-28,20.2591,20.2591,20.2591,20.2591,0
2022-11-29,20.1755,20.1755,20.1755,20.1755,13
2022-11-30,20.8082,20.8082,20.8082,20.8082,0
2022-12-01,20.879,20.879,20.879,20.879,22
2022-12-02,21.0251,21.0251,21.0251,21.0251,1
2022-12-05,20.57,20.5533,20.57,20.5533,146
2022-12-06,20.33,20.3626,20.3626,20.33,108
2022-12-07,20.4304,20.4304,20.4304,20.4304,48
2022-12-08,20.5996,20.5996,20.5996,20.5996,2
2022-12-09,20.38,20.2195,20.38,20.2195,287
2022-12-12,20.5335,20.5335,20.5335,20.5335,1
2022-12-13,20.79,20.6853,20.79,20.6853,260
2022-12-14,20.6645,20.6645,20.6645,20.6645,13
2022-12-15,20.3,20.26,20.3,20.24,496
2022-12-16,20.054,20.054,20.054,20.054,106
2022-12-19,19.8595,19.8595,19.8595,19.8595,15
2022-12-20,19.9849,19.9849,19.9849,19.9849,47
2022-12-21,20.34,20.3166,20.34,20.3166,104
2022-12-22,20.1816,20.1816,20.1816,20.1816,0
2022-12-23,20.1102,20.1102,20.1102,20.1102,5
2022-12-27,19.917,19.917,19.917,19.917,0
2022-12-28,19.8922,19.8922,19.8922,19.8922,0
2022-12-29,20.2973,20.2973,20.2973,20.2973,0
2022-12-30,20.07,20.2464,20.2464,19.99,1096
2023-01-03,20.43,20.123,20.43,20.0,10083
2023-01-04,20.22,20.1367,20.22,20.1367,49421
2023-01-05,19.8961,19.9121,19.9121,19.89,8500
2023-01-06,20.14,20.1481,20.1481,20.14,1600
2023-01-09,20.1,19.6174,20.1,19.6174,2701
2023-01-10,19.968,19.968,19.968,19.968,0
2023-01-11,20.24,20.2218,20.24,20.21,6052
2023-01-12,20.3806,20.3806,20.3806,20.3806,2
2023-01-13,20.51,20.449,20.51,20.449,3220
2023-01-17,20.5075,20.5075,20.5075,20.5075,13
2023-01-18,20.3214,20.3214,20.3214,20.3214,3
2023-01-19,20.4158,20.4158,20.4158,20.4158,3
2023-01-20,20.5003,20.5003,20.5003,20.5003,0
2023-01-23,20.51,20.5893,20.5893,20.51,1272
2023-01-24,20.5184,20.5184,20.5184,20.5184,0
2023-01-25,20.4866,20.4866,20.4866,20.4866,24
2023-01-26,20.6059,20.6059,20.6059,20.6059,0
2023-01-27,20.83,20.5685,20.83,20.5685,150
2023-01-30,20.5,20.3718,20.5,20.3718,120
2023-01-31,20.6842,20.6842,20.6842,20.6842,30
2023-02-01,20.78,20.769,20.78,20.769,441
2023-02-02,20.5554,20.5554,20.5554,20.5554,226
2023-02-03,20.515,20.4361,20.515,20.4361,540
2023-02-06,20.3678,20.3678,20.3678,20.3678,10
2023-02-07,20.465,20.6487,20.6487,20.465,125
2023-02-08,20.5705,20.5705,20.5705,20.5705,5
2023-02-09,20.61,20.5433,20.61,20.5433,338
2023-02-10,20.6519,20.6519,20.6519,20.6519,5
2023-02-13,20.7772,20.7772,20.7772,20.7772,0
2023-02-14,20.675,20.675,20.675,20.675,20
2023-02-15,20.6486,20.6486,20.6486,20.6486,0
2023-02-16,20.6847,20.5014,20.6847,20.5014,252
2023-02-17,20.7143,20.7143,20.7143,20.7143,0
2023-02-21,20.4586,20.3557,20.49,20.3557,272
2023-02-22,20.39,20.3856,20.39,20.3856,100
2023-02-23,20.647,20.647,20.647,20.647,26
2023-02-24,20.4391,20.4391,20.4391,20.4391,11
2023-02-27,20.4,20.3579,20.4,20.3579,306
2023-02-28,20.32,20.2999,20.32,20.2999,117
2023-03-01,20.4307,20.4307,20.4307,20.4307,10
2023-03-02,20.6533,20.6533,20.6533,20.6533,5
2023-03-03,20.9063,20.9063,20.9063,20.9063,1
2023-03-06,20.78,20.78,20.78,20.78,11
2023-03-07,20.4763,20.4763,20.4763,20.4763,19
2023-03-08,20.3834,20.3834,20.3834,20.3834,22
2023-03-09,20.26,20.1669,20.26,20.1669,100
2023-03-10,19.7346,19.7346,19.7346,19.7346,16
2023-03-13,19.9522,19.9522,19.9522,19.9522,5
2023-03-14,20.2342,20.2342,20.2342,20.2342,0
2023-03-15,20.0752,20.0752,20.0752,20.0752,10
2023-03-16,20.3878,20.3878,20.3878,20.3878,0
2023-03-17,19.9745,19.9745,19.9745,19.9745,0
2023-03-20,20.2397,20.2397,20.2397,20.2397,2
2023-03-21,20.3858,20.3858,20.3858,20.3858,36
2023-03-22,20.0659,20.0659,20.0659,20.0659,21
2023-03-23,19.9783,19.9783,19.9783,19.9783,0
2023-03-24,20.1463,20.1463,20.1463,20.1463,0
2023-03-27,20.4047,20.4047,20.4047,20.4047,0
2023-03-28,22.04,20.3012,22.04,20.3012,310
2023-03-29,20.3425,20.3425,20.3425,20.3425,0
2023-03-30,20.38,20.3853,20.3853,20.38,216
2023-03-31,20.5658,20.5658,20.5658,20.5658,9
2023-04-03,20.3105,20.3105,20.3105,20.3105,51
2023-04-04,20.34,20.2992,20.34,20.2992,296
2023-04-05,20.51,20.4867,20.52,20.4867,785
2023-04-06,20.6114,20.6114,20.6114,20.6114,0
2023-04-10,20.5,20.6933,20.6933,20.5,378
2023-04-11,20.9173,20.9168,20.9173,20.8899,1080
2023-04-12,21.09,20.9598,21.09,20.9598,603
2023-04-13,21.12,21.2049,21.2049,21.12,540
2023-04-14,20.9977,20.9977,20.9977,20.9977,44
2023-04-17,21.2984,21.2984,21.2984,21.2984,61
2023-04-18,21.1592,21.1592,21.1592,21.1592,44
2023-04-19,21.2051,21.2051,21.2051,21.2051,2
2023-04-20,21.4,21.0923,21.4,21.0923,127
2023-04-21,21.2743,21.2743,21.2743,21.2743,28
2023-04-24,21.284,21.284,21.284,21.284,6
2023-04-25,21.0655,21.0655,21.0655,21.0655,5
2023-04-26,20.7761,20.7285,20.7761,20.7285,2608
2023-04-27,20.9108,20.9108,20.9108,20.9108,151
2023-04-28,20.9118,21.0113,21.0113,20.9118,1379
2023-05-01,21.5174,21.5174,21.5174,21.5174,51
2023-05-02,21.3236,21.3038,21.34,21.3038,2141
2023-05-03,21.77,21.7023,21.77,21.7023,225
2023-05-04,21.5614,21.7403,21.78,21.5614,2557
2023-05-05,21.8899,21.8899,21.8899,21.8899,53
2023-05-08,21.82,21.8491,21.86,21.82,626
2023-05-09,21.7599,21.7599,21.7599,21.7599,46
2023-05-10,21.7633,21.7633,21.7633,21.7633,99
2023-05-11,21.7506,21.7506,21.7506,21.7506,155
2023-05-12,21.8236,21.8236,21.8236,21.8236,3
2023-05-15,21.8829,21.8829,21.8829,21.8829,12
2023-05-16,21.76,21.735,21.76,21.735,148
2023-05-17,21.7627,21.7627,21.7627,21.7627,73
2023-05-18,21.6382,21.6382,21.6382,21.6382,72
2023-05-19,21.7954,21.7954,21.7954,21.7954,0
2023-05-22,22.04,21.8013,22.04,21.8013,190
2023-05-23,21.5006,21.5006,21.5006,21.5006,2
2023-05-24,21.3361,21.3361,21.3361,21.3361,93
2023-05-25,21.2169,21.2169,21.2169,21.2169,1
2023-05-26,21.2835,21.2835,21.2835,21.2835,50
2023-05-30,21.1166,21.1166,21.1166,21.1166,17
2023-05-31,21.2307,21.2307,21.2307,21.2307,26
2023-06-01,21.4855,21.4855,21.4855,21.4855,51
2023-06-02,21.67,21.8089,21.8089,21.67,487
2023-06-05,22.24,21.8089,21.9217,21.9118,181
2023-06-06,21.92,21.9782,21.9782,21.92,507
2023-06-07,21.7881,21.7881,21.7881,21.7881,128
2023-06-08,21.9081,21.9081,21.9081,21.9081,16
2023-06-09,21.8768,21.8768,21.8768,21.8768,0
2023-06-12,21.97,21.9982,21.9982,21.97,259
2023-06-13,22.075,22.075,22.075,22.075,42
2023-06-14,21.89,21.7094,21.89,21.7094,304
2023-06-15,22.0379,22.0379,22.0379,22.0379,160
2023-06-16,21.9689,21.8966,21.9689,21.8966,168
2023-06-20,21.92,22.0498,22.0498,21.9199,949
2023-06-21,22.0364,22.0364,22.0364,22.0364,7
2023-06-22,22.0851,22.0851,22.0851,22.0851,4
2023-06-23,21.9512,21.9512,21.9512,21.9512,110
2023-06-26,21.9948,21.9948,21.9948,21.9948,151
2023-06-27,22.01,22.1401,22.1401,21.82,2472
2023-06-28,22.2039,22.0778,22.2039,22.0778,1215
2023-06-29,22.2189,22.2189,22.2189,22.2189,82
2023-06-30,22.55,22.5052,22.55,22.5052,359
2023-07-03,22.33,22.2189,22.33,22.2189,171
2023-07-05,22.1398,22.1595,22.1595,22.1398,120
2023-07-06,22.38,21.9608,22.38,21.9608,147
2023-07-07,21.8036,21.8036,21.8036,21.8036,158
2023-07-10,22.0422,22.0422,22.0422,22.0422,116
2023-07-11,22.04,21.9222,22.04,21.9222,472
2023-07-12,21.8226,21.8226,21.8226,21.8226,152
2023-07-13,21.6,21.8745,21.8745,21.6,174
2023-07-14,22.3178,22.3178,22.3178,22.3178,108
2023-07-17,22.3663,22.277,22.3663,22.277,170
2023-07-18,22.49,22.3303,22.49,22.3303,227
2023-07-19,22.4194,22.4194,22.4194,22.4194,24
2023-07-20,22.4363,22.4363,22.4363,22.4363,57
2023-07-21,22.57,22.5939,22.5939,22.57,1042
2023-07-24,22.3338,22.3338,22.3338,22.3338,7
2023-07-25,22.37,22.43,22.43,22.36,1238
2023-07-26,22.3566,22.3566,22.3566,22.3566,15
2023-07-27,22.3324,22.3324,22.3324,22.3324,21
2023-07-28,22.6214,22.6214,22.6214,22.6214,29
2023-07-31,22.3974,22.3974,22.3974,22.3974,49
2023-08-01,22.2981,22.2981,22.2981,22.2981,20
2023-08-02,22.2118,22.2118,22.2118,22.2118,27
2023-08-03,22.1299,22.1299,22.1299,22.1299,78
2023-08-04,22.0836,22.0836,22.0836,22.0836,0
2023-08-07,22.07,22.0109,22.07,22.0109,1582
2023-08-08,22.3148,22.3148,22.3148,22.3148,9
2023-08-09,22.3161,22.3161,22.3161,22.3161,55
2023-08-10,22.2477,22.2477,22.2477,22.2477,124
2023-08-11,22.2795,22.3582,22.3582,22.2795,216
2023-08-14,22.5547,22.5547,22.5547,22.5547,30
2023-08-15,22.5399,22.5399,22.5399,22.5399,1
2023-08-16,22.2633,22.2633,22.2633,22.2633,112
2023-08-17,21.8456,21.8456,21.8456,21.8456,20
2023-08-18,22.0,21.9998,22.04,21.9998,457
2023-08-21,22.0638,22.1303,22.1303,22.0638,402
2023-08-22,22.131,22.131,22.131,22.131,2
2023-08-23,22.1032,22.1032,22.1032,22.1032,1
2023-08-24,22.0218,22.0218,22.0218,22.0218,20
2023-08-25,22.1924,22.1924,22.1924,22.1924,58
2023-08-28,22.38,22.194,22.38,22.18,2204
2023-08-29,22.4238,22.4238,22.4238,22.4238,13
2023-08-30,22.5036,22.5036,22.5036,22.5036,6
2023-08-31,22.3358,22.3358,22.3358,22.3358,19
2023-09-01,22.62,22.451,22.62,22.451,908
2023-09-05,22.39,22.2386,22.39,22.2386,290
2023-09-06,22.35,22.354,22.354,22.33,1899
2023-09-07,22.3129,22.3129,22.3129,22.3129,55
2023-09-08,22.1252,22.1252,22.1252,22.1252,99
2023-09-11,22.42,22.3708,22.42,22.37,571
2023-09-12,22.46,22.4042,22.46,22.4042,115
2023-09-13,22.3929,22.3929,22.3929,22.3929,116
2023-09-14,22.6068,22.6068,22.6068,22.6068,21
2023-09-15,22.8226,22.8226,22.8226,22.8226,44
2023-09-18,22.7268,22.7268,22.7268,22.7268,130
2023-09-19,22.96,22.5877,22.96,22.5877,235
2023-09-20,22.5057,22.5057,22.5057,22.5057,26
2023-09-21,22.5,22.1091,22.5,22.035,295
2023-09-22,22.43,22.0536,22.43,22.0536,1213
2023-09-25,22.1,22.128,22.128,22.1,797
2023-09-26,22.0702,22.0702,22.0702,22.0702,53
2023-09-27,22.17,22.188,22.23,22.17,674
2023-09-28,22.3378,22.3378,22.3378,22.3378,46
2023-09-29,22.0796,22.0796,22.0796,22.0796,10
2023-10-02,22.34,21.935,22.34,21.79,879
2023-10-03,21.6699,21.5967,21.68,21.5967,930
2023-10-04,21.51,21.5742,21.64,21.51,2444
2023-10-05,21.61,21.8262,21.83,21.6,1435
2023-10-06,21.6425,22.0894,22.0894,21.6301,1518
2023-10-09,22.62,22.0733,22.62,21.9856,852
2023-10-10,22.3087,22.3087,22.3087,22.3087,103
2023-10-11,22.32,22.1701,22.32,22.1068,698
2023-10-12,21.8229,21.8229,21.8229,21.8229,31
2023-10-13,22.0215,22.0215,22.0215,22.0215,8
2023-10-16,22.25,22.3152,22.48,22.25,1068
2023-10-17,22.2888,22.2888,22.2888,22.2888,43
2023-10-18,22.2926,22.0675,22.3,22.0675,637
2023-10-19,22.0307,21.9171,22.0307,21.9171,162
2023-10-20,21.95,21.8282,21.9774,21.8282,1118
2023-10-23,21.5342,21.5342,21.5342,21.5342,26
2023-10-24,21.8469,21.8814,21.91,21.8,1416
2023-10-25,21.4446,21.4446,21.4446,21.4446,53
2023-10-26,21.17,21.2801,21.42,21.17,337
2023-10-27,21.1232,21.1232,21.1232,21.1232,22
2023-10-30,21.1623,21.1623,21.1623,21.1623,71
2023-10-31,21.0101,21.2704,21.2704,21.0101,182
2023-11-01,21.385,21.5054,21.5054,21.385,143
2023-11-02,21.64,21.6299,21.64,21.6299,123
2023-11-03,22.112,22.112,22.112,22.112,8
2023-11-06,22.1881,21.998,22.1881,21.998,1329
2023-11-07,22.1878,22.1878,22.1878,22.1878,63
2023-11-08,21.8833,21.9426,21.9426,21.8833,183
2023-11-09,21.489,21.489,21.489,21.489,134
2023-11-10,21.5809,21.5809,21.5809,21.5809,28
2023-11-13,21.65,21.8284,21.8284,21.37,1276
2023-11-14,22.3721,22.3721,22.3721,22.3721,118
2023-11-15,22.312,22.312,22.312,22.312,8
2023-11-16,22.3277,22.3277,22.3277,22.3277,33
2023-11-17,22.374,22.4269,22.4269,22.374,109
2023-11-20,22.4715,22.4715,22.4715,22.4715,26
2023-11-21,22.48,22.4364,22.48,22.4364,144
2023-11-22,22.6006,22.6006,22.6006,22.6006,95
2023-11-24,22.6867,22.6867,22.6867,22.6867,60
2023-11-27,22.6428,22.6428,22.6428,22.6428,4
2023-11-28,22.5999,22.4618,22.6,22.4618,723
2023-11-29,22.77,22.6321,22.77,22.6321,1658
2023-11-30,23.07,23.0086,23.07,22.9872,1954
2023-12-01,23.22,23.285,23.285,23.22,406
2023-12-04,23.3299,23.6133,23.6133,23.253,516
2023-12-05,23.84,23.6758,23.84,23.59,579
2023-12-06,23.66,23.7436,23.7436,23.66,335
2023-12-07,23.7819,23.9514,23.9514,23.75,3177
2023-12-08,24.02,23.9265,24.02,23.9265,302
2023-12-11,23.8942,23.8942,23.8942,23.8942,53
2023-12-12,23.88,24.2032,24.26,23.8799,4499
2023-12-13,24.44,24.7872,24.7872,24.435,658
2023-12-14,24.8517,24.7948,24.98,24.7722,3256
2023-12-15,24.94,24.7587,24.94,24.71,1186
2023-12-18,24.6,24.5912,24.6,24.5303,935
2023-12-19,24.34,24.8376,24.84,24.34,1233
2023-12-20,25.0,23.9568,25.0,24.4181,11088
2023-12-21,24.0839,24.2192,24.27,24.0839,3477
2023-12-22,24.42,24.487,24.487,24.3981,1834
2023-12-26,24.62,24.7457,24.7745,24.62,977
2023-12-27,26.73,24.8453,26.73,24.77,3217
2023-12-28,25.13,24.8942,25.13,24.8356,3023
2023-12-29,24.85,24.8036,24.85,24.79,1418
2024-01-02,24.77,24.9742,24.98,24.617,1224
2024-01-03,24.82,24.6681,24.91,24.6681,838
2024-01-04,24.8599,24.7798,24.91,24.7798,3381
2024-01-05,24.64,24.8413,24.85,24.6071,21680
2024-01-08,25.18,25.343,25.36,24.84,6478
2024-01-09,25.36,25.3052,25.37,25.2949,5018
2024-01-10,25.2,25.3232,25.33,25.1,4391
2024-01-11,25.14,25.185,25.2,25.14,3071
2024-01-12,25.11,24.8718,25.11,24.87,4220
2024-01-16,24.73,24.8304,24.85,24.73,424
2024-01-17,24.7501,24.805,24.82,24.75,2052
2024-01-18,24.5,24.6509,24.67,24.445,15105
2024-01-19,24.65,24.52,24.65,24.52,13469
2024-01-22,25.24,24.9371,25.24,24.7799,21570
2024-01-23,24.95,25.0848,25.0848,24.95,458
2024-01-24,25.1838,24.8447,25.1838,24.8447,1946
2024-01-25,24.68,24.5666,24.68,24.375,11050
2024-01-26,24.98,24.6765,24.98,24.6765,423
2024-01-29,24.94,24.9336,25.02,24.9336,502
2024-01-30,25.06,24.72,25.06,24.7,4060
2024-01-31,24.4,24.63,24.899,24.4,3004
2024-02-01,25.2869,25.2869,25.2869,25.2869,247
2024-02-02,25.13,25.17,25.326,25.13,3257
2024-02-05,25.449,25.566,25.63,25.3001,3151
2024-02-06,25.84,25.77,25.84,25.65,3438
2024-02-07,25.92,25.8058,25.92,25.8058,789
2024-02-08,26.07,25.9466,26.07,25.8231,3733
2024-02-09,26.1,26.0281,26.11,26.0,3664
2024-02-12,26.2,26.2184,26.22,25.9501,1571
2024-02-13,26.39,25.9643,26.39,25.9,4778
2024-02-14,26.1401,26.3077,26.3077,26.1401,324
2024-02-15,26.57,26.5104,26.57,26.3572,2100
2024-02-16,26.89,26.8453,26.89,26.8362,1048
2024-02-20,27.0,26.6333,27.0,26.61,8656
2024-02-21,26.38,26.5839,26.5839,26.38,1617
2024-02-22,27.01,27.0952,27.1,26.9222,4542
2024-02-23,27.2,27.2529,27.2529,27.1799,4010
2024-02-26,27.15,27.2858,27.47,27.15,3747
2024-02-27,27.32,27.341,27.48,27.285,17273
2024-02-28,27.44,26.7863,27.44,26.7768,11541
2024-02-29,26.65,26.6069,26.67,26.57,8189
2024-03-01,26.8035,27.0543,27.09,26.8035,12554
2024-03-04,27.42,26.7953,27.42,26.7953,8636
2024-03-05,26.83,26.63,26.83,26.54,17077
2024-03-06,26.76,26.69,26.9,26.69,10195
2024-03-07,26.875,26.8687,26.99,26.86,8366
2024-03-08,26.98,26.8046,26.98,26.8046,4999
2024-03-11,27.07,26.735,27.07,26.735,4054
2024-03-12,27.38,27.0439,27.38,27.005,1803
2024-03-13,26.89,27.0683,27.15,26.89,3514
2024-03-14,26.76,26.7697,26.8099,26.6201,1742
2024-03-15,26.78,26.5855,26.7801,26.5855,619
2024-03-18,26.7697,26.6495,26.82,26.6495,1598
2024-03-19,26.71,26.7617,26.7617,26.7,554
2024-03-20,26.5899,26.6552,26.6552,26.5,4478
2024-03-21,26.59,26.6843,26.8,26.59,1262
2024-03-22,26.58,26.6476,26.72,26.5001,3242
2024-03-25,26.8109,26.5816,26.8109,26.5816,3129
2024-03-26,26.77,26.8267,26.8267,26.77,286
2024-03-27,26.83,27.0099,27.0199,26.83,1760
2024-03-28,26.98,27.1492,27.1972,26.9367,3461
2024-04-01,26.91,26.9468,26.9468,26.8659,125291
2024-04-02,26.4,26.2795,26.4,26.2795,1529
2024-04-03,26.3122,26.3776,26.4,26.3122,52315
2024-04-04,26.45,25.9685,26.56,25.9685,2647
2024-04-05,25.95,26.34,26.37,25.95,10286
2024-04-08,26.25,26.29,26.29,26.25,1051
2024-04-09,26.32,26.5604,26.57,26.32,7593
2024-04-10,26.28,26.3357,26.37,26.22,1565
2024-04-11,26.4,26.2211,26.4,26.2211,1616
2024-04-12,26.48,25.5763,26.48,25.5763,1028
2024-04-15,25.67,25.4366,25.67,25.4366,1147
2024-04-16,25.43,25.3984,25.5267,25.3984,952
2024-04-17,25.5,25.3966,25.5,25.3966,4027
2024-04-18,25.61,25.3464,25.61,25.3464,217
2024-04-19,25.29,25.2747,25.29,25.2747,628
2024-04-22,25.4,25.59,25.6006,25.34,3080
2024-04-23,25.8,25.7901,25.8,25.7901,304
2024-04-24,25.6,25.42,25.8077,25.42,1316
2024-04-25,26.03,25.2704,26.03,25.25,4310
2024-04-26,25.1777,25.1558,25.2,25.13,2115
2024-04-29,25.4396,25.4013,25.54,25.3628,3593
2024-04-30,25.49,25.2497,25.49,25.2497,5410
2024-05-01,25.2442,25.4948,25.74,25.22,3277
2024-05-02,25.51,25.7182,25.7182,25.485,1643
2024-05-03,25.84,25.732,25.84,25.6865,6106
2024-05-06,25.68,25.6893,25.69,25.67,2820
2024-05-07,25.72,25.8976,25.9,25.72,3111
2024-05-08,25.68,25.343,25.68,25.343,683
2024-05-09,25.23,25.4604,25.4604,25.23,336
2024-05-10,25.3762,25.3023,25.39,25.28,937
2024-05-13,25.47,25.1942,25.47,25.1942,6100
2024-05-14,25.2101,25.1264,25.27,24.68,6171
2024-05-15,25.3917,25.4673,25.4673,25.3917,606
2024-05-16,25.4081,25.487,25.487,25.39,4090
2024-05-17,25.31,25.3201,25.3201,25.31,373
2024-05-20,25.2802,25.3268,25.4,25.2802,3031
2024-05-21,25.33,25.1916,25.33,25.13,1280
2024-05-22,25.19,25.4259,25.51,25.19,3168
2024-05-23,25.14,24.9319,25.2199,24.91,3392
2024-05-24,25.02,25.0384,25.14,25.02,1751
2024-05-28,24.9,24.8367,24.9,24.7515,1196
2024-05-29,24.72,24.8551,24.8551,24.68,1001
2024-05-30,25.0647,25.0647,25.0647,25.0647,4
2024-05-31,25.56,25.0854,25.58,25.0854,931
2024-06-03,25.38,25.2063,25.38,25.2063,869
2024-06-04,25.33,25.3106,25.33,25.26,799
2024-06-05,25.64,25.6953,25.6953,25.64,437
2024-06-06,25.6,25.8426,25.8426,25.6,1348
2024-06-07,25.64,25.6503,25.6503,25.64,115
2024-06-10,25.45,25.5194,25.53,25.45,1255
2024-06-11,25.32,25.384,25.384,25.3199,672
2024-06-12,25.5,25.547,25.547,25.45,2648
2024-06-13,25.2603,25.3225,25.3399,25.26,1056
2024-06-14,25.3,25.1615,25.3,25.1615,270
2024-06-17,24.9881,25.009,25.009,24.9881,1026
2024-06-18,25.26,24.91,25.26,24.91,2230
2024-06-20,24.9066,24.9066,24.9066,24.9066,283
2024-06-21,24.9782,25.2215,25.2215,24.9782,816
2024-06-24,25.4467,25.3957,25.45,25.3957,2932
2024-06-25,25.51,25.6018,25.6018,25.51,347
2024-06-26,25.48,25.4531,25.48,25.3897,1199
2024-06-27,25.46,25.5758,25.5758,25.46,240
2024-06-28,25.66,25.5161,25.66,25.4801,3288
2024-07-01,25.66,25.41,25.66,25.41,432
2024-07-02,25.15,25.1698,25.18,25.1349,635
2024-07-03,25.1222,25.1222,25.1222,25.1222,15
2024-07-05,24.96,25.3568,25.3568,24.96,397
2024-07-08,25.5201,25.4333,25.5201,25.4333,309
2024-07-09,25.42,25.4071,25.52,25.402,8043
2024-07-10,25.79,25.9077,25.9077,25.7233,493
2024-07-11,26.3599,26.3714,26.4,26.3599,570
2024-07-12,26.61,26.8497,26.8497,26.61,344
2024-07-15,26.97,26.7427,27.0,26.7427,3461
2024-07-16,27.23,27.302,27.302,27.2,674
2024-07-17,27.4618,27.26,27.4618,27.26,1483
2024-07-18,27.17,27.02,27.17,27.02,698
2024-07-19,26.9678,26.9678,26.9678,26.9678,389
2024-07-22,27.2,27.24,27.24,27.098,2263
2024-07-23,27.43,27.2552,27.43,27.2552,584
2024-07-24,27.3501,27.3016,27.3501,27.3016,307
2024-07-25,27.4089,27.4089,27.4089,27.4089,61
2024-07-26,27.45,27.17,27.45,27.1599,2463
2024-07-29,27.06,27.0709,27.225,27.03,897
2024-07-30,27.05,27.1618,27.1618,27.03,1521
2024-07-31,26.933,26.933,26.933,26.933,144
2024-08-01,27.13,27.0245,27.13,26.9299,2269
2024-08-02,26.46,26.81,26.81,26.46,4181
2024-08-05,26.15,25.8796,26.15,25.85,1926
2024-08-06,26.23,26.2184,26.32,26.2184,708
2024-08-07,26.0,26.0695,26.0695,26.0,507
2024-08-08,26.4111,26.6033,26.6033,26.4,5586
2024-08-09,26.61,26.5768,26.61,26.55,614
2024-08-12,26.75,26.6547,26.88,26.6547,657
2024-08-13,26.98,27.2163,27.2163,26.98,1408
2024-08-14,27.24,27.0232,27.24,27.0232,2348
2024-08-15,27.11,27.1359,27.1359,27.11,950
2024-08-16,27.21,27.2274,27.2274,27.04,364
2024-08-19,27.3,27.3802,27.39,27.292,1933
2024-08-20,27.32,27.3361,27.39,27.28,12930
2024-08-21,27.4423,27.4423,27.4423,27.4423,1
2024-08-22,27.54,27.44,27.54,27.34,1202
2024-08-23,27.45,27.5361,27.5361,27.45,304
2024-08-26,27.51,27.48,27.51,27.48,3364
2024-08-27,27.41,27.49,27.49,27.41,2007
2024-08-28,27.376,27.376,27.376,27.376,38
2024-08-29,27.52,27.3988,27.54,27.3988,3463
2024-08-30,27.5599,27.5599,27.5599,27.5599,382
2024-09-03,27.716,27.72,27.76,27.716,699
2024-09-04,27.1109,27.1109,27.1109,27.1109,200
2024-09-05,27.15,26.87,27.15,26.87,2183
2024-09-06,26.67,26.4291,26.6899,26.4291,1188
2024-09-09,26.605,26.79,26.79,26.605,546
2024-09-10,26.72,26.76,26.76,26.7,1335
2024-09-11,26.52,26.62,26.62,26.52,329
2024-09-12,26.83,26.8358,26.8358,26.83,272
2024-09-13,27.1125,27.1125,27.1125,27.1125,362
2024-09-16,27.86,27.91,28.07,27.86,906
2024-09-17,28.18,27.97,28.18,27.97,552
2024-09-18,27.98,28.0501,28.16,27.98,957
2024-09-19,28.3972,28.3972,28.3972,28.3972,58
2024-09-20,28.14,28.32,28.4,28.14,613
2024-09-23,28.0,27.8426,28.0001,27.8426,262
2024-09-24,27.6598,27.6598,27.6598,27.6598,94
2024-09-25,27.55,27.55,27.55,27.55,443
2024-09-26,27.6001,27.6001,27.6001,27.6001,80
2024-09-27,27.918,27.7695,27.918,27.7695,241
2024-09-30,27.87,28.0026,28.0026,27.795,5042
2024-10-01,27.6811,27.6811,27.6811,27.6811,46
2024-10-02,27.79,27.7931,27.84,27.65,11973
2024-10-03,27.5634,27.3538,27.7,27.3538,1356
2024-10-04,27.57,27.64,27.64,27.48,977
2024-10-07,27.57,27.45,27.57,27.45,940
2024-10-08,27.35,27.2876,27.35,27.2671,428
2024-10-09,27.24,27.4161,27.4161,27.24,307
2024-10-10,27.29,27.4346,27.4346,27.29,1345
2024-10-11,27.59,27.6358,27.6358,27.59,294
2024-10-14,27.63,27.7054,27.7054,27.63,409
2024-10-15,27.35,27.3023,27.35,27.2556,549
2024-10-16,27.57,27.5146,27.57,27.5146,230
2024-10-17,27.2597,27.2904,27.2904,27.2597,277
2024-10-18,27.1901,27.5186,27.5186,27.1901,1222
2024-10-21,27.1874,27.1874,27.1874,27.1874,161
2024-10-22,27.2963,27.2963,27.2963,27.2963,76
2024-10-23,27.285,26.9894,27.285,26.9894,384
2024-10-24,26.9699,26.9201,26.9699,26.9201,464
2024-10-25,26.8629,26.8629,26.8629,26.8629,70
2024-10-28,27.0282,27.053,27.053,27.0282,285
2024-10-29,26.8788,26.8788,26.8788,26.8788,2
2024-10-30,26.57,26.5,26.77,26.5,3318
2024-10-31,26.37,26.46,26.46,26.37,2010
2024-11-01,26.51,26.6345,26.6345,26.51,451
2024-11-04,26.69,26.6371,26.82,26.5936,6833
2024-11-05,26.74,26.94,26.96,26.74,2873
2024-11-06,26.87,26.9355,27.07,26.81,973
2024-11-07,26.87,26.77,26.92,26.77,2416
2024-11-08,26.86,26.84,26.93,26.84,2586
2024-11-11,26.92,26.76,26.92,26.76,1397
2024-11-12,26.52,26.53,26.6,26.52,1352
2024-11-13,26.2133,26.2133,26.2133,26.2133,254
2024-11-14,26.11,25.75,26.11,25.75,509
2024-11-15,25.44,25.2,25.4801,25.2,1554
2024-11-18,24.97,24.9069,25.1016,24.86,1960
2024-11-19,24.86,25.1419,25.1419,24.86,2143
2024-11-20,25.25,25.53,25.53,25.25,1158
2024-11-21,25.47,25.5313,25.5313,25.47,184
2024-11-22,25.7292,26.0561,26.0561,25.7292,635
2024-11-25,26.5,26.484,26.51,26.46,1466
2024-11-26,26.64,26.6928,26.6928,26.59,1012
2024-11-27,26.742,26.8964,26.8964,26.6718,1271
2024-11-29,26.92,26.8759,26.92,26.8759,270
2024-12-02,26.8601,26.8556,26.91,26.8556,719
2024-12-03,26.84,26.6321,26.84,26.6101,6326
2024-12-04,26.6814,26.6804,26.6885,26.6,1643
2024-12-05,26.36,26.26,26.36,26.26,921
2024-12-06,26.385,26.3626,26.385,26.335,435
2024-12-09,26.455,26.4749,26.4749,26.24,468
2024-12-10,26.18,26.1256,26.2301,26.1256,1560
2024-12-11,26.1599,26.189,26.2,26.1599,514
2024-12-12,26.0799,25.6972,26.0799,25.6972,1710
2024-12-13,25.4397,25.4715,25.4715,25.4397,262
2024-12-16,25.59,25.6747,25.81,25.59,6973
2024-12-17,25.6786,25.8866,25.9186,25.6786,1547
2024-12-18,25.82,25.2435,25.84,25.2435,683
2024-12-19,24.97,24.97455,25.18,24.97,568
2024-12-20,25.35,25.0339,25.35,25.0339,647
2024-12-23,25.02,25.2647,25.2647,25.02,7080
2024-12-24,25.09,25.19,25.19,25.05,1503
2024-12-26,25.3692,25.3692,25.3692,25.3692,171
2024-12-27,25.0133,25.0133,25.0133,25.0133,516
2024-12-30,24.8,24.803,24.8091,24.8,915
2024-12-31,24.78,24.8127,24.8127,24.66,2958
2025-01-02,25.0257,25.0257,25.0257,25.0257,49
2025-01-03,25.3799,25.4647,25.4647,25.24,9897
2025-01-06,25.635,25.41,25.635,25.36,2805
2025-01-07,25.44,25.3443,25.44,25.3443,510
2025-01-08,25.365,25.23,25.365,25.22,913
2025-01-10,24.79,25.05,25.06,24.79,11920
2025-01-13,24.9888,25.5463,25.5463,24.9888,3624
2025-01-14,25.2181,25.1426,25.2181,25.1426,509
2025-01-15,25.71,25.617,25.71,25.617,681
2025-01-16,25.55,25.4895,25.55,25.4895,441
2025-01-17,25.55,25.2779,25.58,25.2779,12246
2025-01-21,25.6659,25.9703,25.9703,25.62,955
2025-01-22,26.04,26.0279,26.04,25.85,1539
2025-01-23,26.3118,26.3118,26.3118,26.3118,189
2025-01-24,26.32,26.3902,26.45,26.32,1282
2025-01-27,26.4857,26.4857,26.4857,26.4857,164
2025-01-28,26.54,26.5353,26.5704,26.5353,1407
2025-01-29,26.5488,26.3882,26.58,26.3882,530
2025-01-30,26.69,26.65,26.82,26.65,52187
2025-01-31,26.7132,26.7132,26.7132,26.7132,107
2025-02-03,26.32,26.2975,26.455,26.2975,935
2025-02-04,26.52,26.4127,26.52,26.41,946
2025-02-05,26.907,26.907,26.907,26.907,24
2025-02-06,26.78,26.6,26.78,26.51,791
2025-02-07,26.57,26.18,26.61,26.16,2200
2025-02-10,26.03,26.0,26.09,25.98,2104
2025-02-11,25.82,25.76,25.86,25.76,10267
2025-02-12,25.9,26.0448,26.0448,25.9,2301
2025-02-13,26.58,26.65,26.73,26.5,4385
2025-02-14,26.5775,26.5775,26.5775,26.5775,95
2025-02-18,26.75,27.3124,27.3124,26.75,4909
2025-02-19,27.4299,27.4927,27.5,27.4,708
2025-02-20,27.465,27.4662,27.51,27.39,19143
2025-02-21,27.11,26.9474,27.17,26.9474,1339
2025-02-24,26.6598,26.6598,26.6598,26.6598,274
2025-02-25,26.495,26.5705,26.5705,26.46,2501
2025-02-26,26.995,26.9064,27.14,26.9064,9111
2025-02-27,27.06,26.6662,27.06,26.6662,2853
2025-02-28,26.5,26.8564,26.8564,26.5,203
2025-03-03,26.72,26.264,26.72,26.264,424
2025-03-04,26.2799,26.1368,26.2799,26.1368,552
2025-03-05,26.37,26.6241,26.6241,26.3473,1303
2025-03-06,26.59,26.1565,26.59,26.1565,1782
2025-03-07,25.73,25.7962,25.9209,25.7299,1260
2025-03-10,25.1,24.7739,25.1,24.7739,2717
2025-03-11,24.8245,25.3219,25.3592,24.8245,441
2025-03-12,25.45,25.721,25.81,25.4401,716
2025-03-13,25.6,25.4523,25.6,25.3,1096
2025-03-14,25.75,25.8019,25.8019,25.75,555
2025-03-17,26.51,26.63,26.63,26.5099,500
2025-03-18,26.535,26.3679,26.535,26.3679,966
2025-03-19,26.54,26.6991,26.6991,26.54,399
2025-03-20,26.67,26.7599,26.7599,26.67,229
2025-03-21,26.44,26.7091,26.7091,26.44,901
2025-03-24,27.0,27.1,27.1,26.95,1217
2025-03-25,26.88,26.54,26.91,26.54,2905
2025-03-26,26.39,26.1343,26.39,26.1126,1921
2025-03-27,26.28,26.2638,26.4294,26.2638,966
2025-03-28,26.22,25.9295,26.22,25.9295,2715
2025-03-31,25.375,25.375,25.375,25.375,272
2025-04-01,25.09,24.6189,25.09,24.56,17659
2025-04-02,24.9332,25.1256,25.13,24.92,10084
2025-04-03,24.4799,24.4,24.52,24.4,1318
2025-04-04,23.6,23.1872,23.6,23.0412,2439
2025-04-07,21.86,23.1107,23.24,21.86,1268
2025-04-08,23.99,22.81,23.99,22.4263,4373
2025-04-09,22.36,24.1513,24.22,22.0,3309
2025-04-10,23.4753,23.5636,23.5636,23.25,3632
2025-04-11,23.82,24.2847,24.2847,23.82,799
