2021-10-27,20.0,20.0,20.01,20.0,5438245
2021-10-28,20.0,20.0,20.04,20.0,689246
2021-10-29,20.0,20.01,20.01,19.75,694499
2021-11-01,20.0,20.05,20.06,20.0,278606
2021-11-02,20.05,20.04,20.05,20.01,125671
2021-11-03,20.05,20.03,20.08,20.0,275401
2021-11-04,20.0,20.0,20.0294,19.95,251752
2021-11-05,20.02,20.02,20.03,20.0,47479
2021-11-08,20.03,20.01,20.03,20.01,87548
2021-11-09,20.02,20.04,20.05,20.012,53944
2021-11-10,20.02,20.01,20.05,20.0,56724
2021-11-11,20.04,20.04,20.05,20.01,48190
2021-11-12,20.02,20.02,20.09,20.01,52507
2021-11-15,20.03,20.05,20.08,20.02,44976
2021-11-16,20.03,20.04,20.07,20.013,63563
2021-11-17,20.08,20.08,20.09,20.03,55614
2021-11-18,20.09,20.08,20.09,20.03,23703
2021-11-19,20.09,20.23,20.25,20.0578,61521
2021-11-22,20.25,20.28,20.35,20.08,66178
2021-11-23,20.35,20.3398,20.35,20.07,42574
2021-11-24,20.19,20.18,20.39,20.0901,43401
2021-11-26,20.18,20.24,20.3208,20.05,68918
2021-11-29,20.17,20.24,20.34,20.17,24817
2021-11-30,20.12,20.02,20.17,20.01,107183
2021-12-01,20.04,20.01,20.08,20.0,87233
2021-12-02,20.03,20.06,20.06,20.0,86167
2021-12-03,20.05,20.02,20.05,20.0,73885
2021-12-06,20.01,20.01,20.4422,20.0,82679
2021-12-07,20.01,20.0,20.04,20.0,63424
2021-12-08,20.01,20.0,20.148,20.0,136411
2021-12-09,20.05,20.0,20.4965,20.0,121700
2021-12-10,20.255,20.1,20.39,20.0401,46638
2021-12-13,20.14,19.79,20.14,19.53,55447
2021-12-14,19.74,19.1,19.74,18.72,78969
2021-12-15,19.0,18.37,19.01,18.08,104704
2021-12-16,18.35,18.01,18.673,17.86,282121
2021-12-17,17.6,18.09,18.24,17.41,419110
2021-12-20,17.99,17.55,18.0,17.355,400805
2021-12-21,17.59,18.42,18.45,17.59,214232
2021-12-22,18.28,18.48,18.64,18.2,298215
2021-12-23,18.63,18.94,19.7013,18.31,280955
2021-12-27,19.28,19.0,19.5,18.9,263020
2021-12-28,19.03,19.14,19.455,18.99,218981
2021-12-29,19.04,19.08,19.15,18.99,173532
2021-12-30,19.06,19.02,19.27,18.61,236331
2021-12-31,18.99,19.3,19.32,18.69,322554
2022-01-03,19.61,19.49,19.61,19.3,56000
2022-01-04,19.49,19.68,20.07,19.3176,68419
2022-01-05,19.75,19.3,19.95,18.8,52398
2022-01-06,19.15,19.69,19.97,18.99,73319
2022-01-07,19.81,19.695,19.94,19.52,63410
2022-01-10,19.7,19.46,19.7,19.01,69633
2022-01-11,19.59,19.8,19.95,19.4501,38429
2022-01-12,19.9,20.0817,20.44,19.76,100244
2022-01-13,20.15,19.85,20.2,19.7,57202
2022-01-14,19.85,20.24,20.35,19.675,252940
2022-01-18,20.15,19.93,20.25,19.71,230231
2022-01-19,20.02,20.01,20.15,19.86,152544
2022-01-20,20.0,19.84,20.14,19.66,174318
2022-01-21,19.96,19.59,20.11,19.18,872644
2022-01-24,19.45,19.64,19.93,19.03,118246
2022-01-25,19.41,19.15,19.9278,19.05,104308
2022-01-26,19.37,19.5,19.91,19.186,126664
2022-01-27,19.68,19.86,19.98,19.42,56813
2022-01-28,19.75,19.75,19.7616,19.45,76467
2022-01-31,19.81,19.96,20.0,19.522,98221
2022-02-01,20.0,20.0,20.0,19.81,208395
2022-02-02,20.0,20.0,20.0,19.83,121645
2022-02-03,19.92,19.65,19.9892,19.53,79744
2022-02-04,19.6821,19.61,19.7,19.4,61179
2022-02-07,19.53,19.46,19.74,19.31,72238
2022-02-08,19.5926,19.62,19.76,19.46,57152
2022-02-09,19.77,19.96,19.97,19.67,59021
2022-02-10,19.81,19.67,19.94,19.67,51353
2022-02-11,19.59,19.5717,19.9,19.53,46444
2022-02-14,19.63,19.14,19.63,19.05,46455
2022-02-15,19.17,19.11,19.4861,19.05,51620
2022-02-16,19.13,18.97,19.23,18.83,55489
2022-02-17,18.99,18.75,19.13,18.67,83458
2022-02-18,18.71,18.66,18.9757,18.53,64894
2022-02-22,18.73,18.48,18.805,18.23,105541
2022-02-23,18.36,18.18,18.4768,18.05,60407
2022-02-24,18.01,17.84,18.16,17.635,176956
2022-02-25,17.76,18.04,18.4795,17.75,153328
2022-02-28,18.31,18.2,18.48,17.85,110121
2022-03-01,18.2368,18.11,18.2966,17.85,75710
2022-03-02,18.37,18.84,19.0,18.17,96565
2022-03-03,18.99,18.77,18.99,18.7001,57613
2022-03-04,18.68,18.68,18.83,18.45,100125
2022-03-07,18.6,17.98,18.758,17.98,75604
2022-03-08,18.04,18.07,18.36,17.99,63929
2022-03-09,18.03,18.33,18.4597,17.99,60612
2022-03-10,18.23,18.08,18.2381,17.71,57741
2022-03-11,18.17,17.9617,18.17,17.855,32662
2022-03-14,18.06,17.66,18.12,17.42,102156
2022-03-15,17.63,17.605,17.7627,17.4301,85918
2022-03-16,17.72,17.56,17.8701,17.42,122191
2022-03-17,17.57,17.95,17.99,17.57,53278
2022-03-18,17.9254,18.06,18.17,17.87,16824
2022-03-21,17.945,17.84,18.05,17.69,135159
2022-03-22,17.9,18.06,18.1457,17.8029,69639
2022-03-23,17.99,17.97,18.13,17.78,43167
2022-03-24,17.94,18.08,18.22,17.8,172560
2022-03-25,18.15,17.94,18.2,17.85,67122
2022-03-28,17.94,17.87,17.99,17.72,126817
2022-03-29,18.0,18.33,18.33,17.91,134444
2022-03-30,18.4362,18.72,18.78,18.36,103202
2022-03-31,18.97,18.96,19.0,18.6802,206752
2022-04-01,18.93,19.0,19.0,18.7681,96825
2022-04-04,18.9,18.76,19.0,18.49,102141
2022-04-05,18.85,18.48,18.94,18.3,109545
2022-04-06,18.17,18.68,18.77,18.17,100106
2022-04-07,18.68,18.79,19.0,18.46,73617
2022-04-08,18.65,18.84,18.97,18.606,65115
2022-04-11,18.88,18.9,18.96,18.75,130096
2022-04-12,18.97,18.8417,19.0,18.85,169388
2022-04-13,18.87,18.76,18.9313,18.6725,77940
2022-04-14,18.81,18.76,18.91,18.6581,64925
2022-04-18,18.85,18.65,18.85,18.51,127160
2022-04-19,18.72,18.39,18.7429,18.3,80281
2022-04-20,18.52,18.32,18.55,18.29,199702
2022-04-21,18.41,18.63,18.75,18.36,139050
2022-04-22,18.56,18.52,18.6003,18.29,74387
2022-04-25,18.35,18.35,18.57,18.09,120603
2022-04-26,18.35,17.87,18.445,17.87,196931
2022-04-27,17.89,17.83,18.04,17.83,121179
2022-04-28,17.94,18.05,18.15,17.84,136248
2022-04-29,18.19,17.8,18.2,17.758,206420
2022-05-02,17.75,17.83,17.96,17.6,158633
2022-05-03,17.86,17.75,18.43,17.635,67995
2022-05-04,17.9,17.82,18.115,17.54,156479
2022-05-05,17.79,17.56,17.99,17.48,101548
2022-05-06,17.56,17.48,17.59,17.39,123701
2022-05-09,17.28,17.17,17.4224,16.95,189460
2022-05-10,17.22,16.8,17.25,16.75,168894
2022-05-11,16.94,16.57,17.055,16.56,136963
2022-05-12,16.56,16.4217,16.92,16.2,163508
2022-05-13,16.5,16.645,16.71,16.2,114086
2022-05-16,16.65,17.03,17.14,16.64,101600
2022-05-17,17.39,17.18,17.39,17.03,207386
2022-05-18,17.17,17.0,17.4,16.9,131294
2022-05-19,16.86,16.99,17.27,16.8,153710
2022-05-20,17.41,17.26,17.47,16.78,232477
2022-05-23,17.32,17.3,17.47,17.19,126934
2022-05-24,17.22,17.54,17.8518,17.22,133167
2022-05-25,17.48,18.0,18.26,17.48,166582
2022-05-26,18.32,18.39,18.55,17.71,211427
2022-05-27,18.25,18.75,18.9478,18.135,126569
2022-05-31,18.8,18.65,18.85,18.515,64247
2022-06-01,18.6,18.77,18.87,17.78,93706
2022-06-02,18.61,18.82,18.99,18.2601,184016
2022-06-03,18.75,18.66,18.79,18.65,63034
2022-06-06,18.72,18.41,18.74,18.16,88762
2022-06-07,18.4,18.46,18.47,18.19,90068
2022-06-08,18.54,18.27,18.54,18.2,69547
2022-06-09,18.29,17.94,18.29,17.7631,52014
2022-06-10,17.73,17.82,17.89,17.61,77141
2022-06-13,16.85,16.6417,17.135,16.66,130073
2022-06-14,16.64,16.28,16.94,16.15,121268
2022-06-15,16.37,16.19,16.54,16.0,324400
2022-06-16,15.93,15.54,16.06,15.54,158740
2022-06-17,15.63,15.41,15.69,15.28,170492
2022-06-21,15.55,15.42,15.74,15.3,155281
2022-06-22,15.38,15.09,15.5376,14.955,395967
2022-06-23,15.18,15.2,15.6435,14.8,193349
2022-06-24,15.32,15.61,15.61,15.13,248270
2022-06-27,15.6,15.5,15.81,15.35,166278
2022-06-28,15.83,15.84,16.17,15.58,467484
2022-06-29,15.88,15.89,16.19,15.645,249866
2022-06-30,15.57,15.89,16.23,15.33,408128
2022-07-01,15.78,16.22,16.25,15.7,157179
2022-07-05,15.9,16.32,16.5,15.855,227420
2022-07-06,16.32,15.85,16.77,15.75,179770
2022-07-07,16.07,16.03,16.1,15.8874,86825
2022-07-08,16.03,16.47,16.6,15.75,190978
2022-07-11,16.54,15.94,16.62,15.73,141314
2022-07-12,15.86,15.44,15.9,15.395,145975
2022-07-13,15.43,15.42,15.59,15.22,90749
2022-07-14,15.4,15.15,15.44,14.88,175913
2022-07-15,15.15,15.33,15.4,15.11,178564
2022-07-18,15.45,15.26,15.745,15.07,151226
2022-07-19,15.51,15.55,15.6261,15.4,79340
2022-07-20,15.41,15.44,15.74,15.35,149125
2022-07-21,15.53,15.7317,15.94,15.355,155533
2022-07-22,15.65,16.03,16.18,15.65,159001
2022-07-25,16.03,15.75,16.19,15.51,85621
2022-07-26,15.7,15.5,15.7,15.24,196749
2022-07-27,15.61,15.8,15.85,15.5,83249
2022-07-28,15.74,16.26,16.29,15.73,125146
2022-07-29,16.47,16.36,16.52,15.99,157986
2022-08-01,16.36,16.41,16.63,16.29,173676
2022-08-02,16.29,16.52,16.71,16.19,250081
2022-08-03,16.47,16.37,16.65,16.37,206147
2022-08-04,16.68,16.8,16.98,16.49,312046
2022-08-05,16.82,17.0,17.19,16.82,157818
2022-08-08,17.15,16.85,18.0,16.7,166125
2022-08-09,16.96,16.82,17.16,16.68,115417
2022-08-10,16.96,16.86,17.1,16.81,126051
2022-08-11,16.97,16.95,17.15,16.85,80302
2022-08-12,16.86,17.07,17.12,16.86,47208
2022-08-15,17.08,17.09,17.21,16.97,124969
2022-08-16,17.13,17.67,17.72,16.86,199237
2022-08-17,17.41,17.36,17.7891,17.315,90397
2022-08-18,17.41,17.0317,17.5789,17.11,53994
2022-08-19,17.06,16.8,17.365,16.77,114625
2022-08-22,16.77,16.42,17.26,16.4089,59996
2022-08-23,16.58,16.34,16.59,16.31,111893
2022-08-24,16.31,16.34,16.62,16.25,105613
2022-08-25,16.41,16.45,16.59,16.34,160686
2022-08-26,16.55,16.34,16.65,16.3,105467
2022-08-29,16.3,16.05,16.5,16.05,111371
2022-08-30,16.05,15.66,16.15,15.66,191363
2022-08-31,15.91,15.73,15.94,15.58,145323
2022-09-01,15.77,15.48,15.77,15.41,219962
2022-09-02,15.54,15.39,15.6477,15.31,129921
2022-09-06,15.52,15.44,15.86,15.3,167896
2022-09-07,15.5,15.47,15.6,15.31,157249
2022-09-08,15.37,15.69,15.7,15.26,111949
2022-09-09,15.71,15.68,15.87,15.5801,88050
2022-09-12,15.68,15.85,15.8899,15.68,205715
2022-09-13,15.75,15.47,15.79,15.45,118592
2022-09-14,15.64,15.55,15.7,15.45,131117
2022-09-15,15.56,15.75,15.75,15.45,161507
2022-09-16,15.57,15.61,15.61,15.28,102601
2022-09-19,15.55,15.43,15.65,15.31,64494
2022-09-20,15.28,15.25,15.49,15.2,66175
2022-09-21,15.39,14.84,15.48,14.84,182439
2022-09-22,14.78,14.4017,14.8126,14.4,115779
2022-09-23,14.14,13.83,14.18,13.785,153727
2022-09-26,13.7,13.43,13.73,13.42,187814
2022-09-27,13.44,12.88,13.505,12.88,211047
2022-09-28,12.9,13.05,13.23,12.8521,221588
2022-09-29,12.89,12.53,12.89,12.41,240548
2022-09-30,12.58,12.36,12.61,12.31,232299
2022-10-03,12.68,13.05,13.155,12.48,191647
2022-10-04,13.18,13.38,13.53,13.18,81575
2022-10-05,13.11,13.14,13.23,13.02,132933
2022-10-06,13.11,13.05,13.26,12.95,199144
2022-10-07,13.05,12.47,13.1,12.37,139156
2022-10-10,12.39,12.06,12.43,12.06,173465
2022-10-11,12.06,11.73,12.18,11.73,352035
2022-10-12,11.75,11.64,11.8153,11.59,372218
2022-10-13,11.56,12.01,12.06,11.43,228023
2022-10-14,12.05,11.88,12.18,11.8,144462
2022-10-17,11.92,12.04,12.2361,11.92,116578
2022-10-18,12.22,12.37,12.4923,12.14,174060
2022-10-19,12.15,12.39,12.41,12.15,87143
2022-10-20,12.26,12.1417,12.55,12.23,108154
2022-10-21,12.24,12.18,12.4,12.091,239841
2022-10-24,12.13,12.24,12.24,11.9501,121981
2022-10-25,12.14,12.32,12.54,12.14,287692
2022-10-26,12.29,12.73,12.82,12.29,199938
2022-10-27,12.7,12.81,13.1,12.7,218779
2022-10-28,12.76,12.955,13.04,12.7501,253129
2022-10-31,13.01,13.1,13.13,12.9,435612
2022-11-01,13.24,13.31,13.55,13.1865,215300
2022-11-02,13.35,13.09,13.57,13.09,292974
2022-11-03,13.05,13.15,13.21,12.85,106677
2022-11-04,13.19,13.48,13.5199,13.19,167387
2022-11-07,13.43,13.0,13.45,12.88,410388
2022-11-08,13.1,13.25,13.4,13.08,213629
2022-11-09,13.17,13.21,13.76,13.1,163962
2022-11-10,13.49,13.66,13.88,13.49,169403
2022-11-11,13.61,13.96,14.16,13.61,193639
2022-11-14,13.98,13.75,14.035,13.74,206137
2022-11-15,13.97,13.99,14.11,13.76,226507
2022-11-16,13.85,14.01,14.2,13.85,227316
2022-11-17,13.91,13.89,14.09,13.848,184955
2022-11-18,13.9,14.15,14.15,13.9,132381
2022-11-21,14.07,14.15,14.21,14.07,191168
2022-11-22,14.11,14.1917,14.3599,14.11,163684
2022-11-23,14.27,14.3,14.359,14.1801,173370
2022-11-25,14.3101,14.36,14.5,14.31,61167
2022-11-28,14.17,14.16,14.34,14.12,456198
2022-11-29,14.24,14.07,14.24,14.03,279767
2022-11-30,14.01,14.38,14.38,14.01,240440
2022-12-01,14.36,14.73,14.83,14.36,272860
2022-12-02,14.7,14.56,14.9,14.56,205153
2022-12-05,14.54,14.36,14.62,14.32,204022
2022-12-06,14.28,14.3,14.48,14.25,205844
2022-12-07,14.45,14.33,14.51,14.25,335075
2022-12-08,14.31,14.32,14.7,14.31,213377
2022-12-09,14.18,14.14,14.41,14.0,266292
2022-12-12,14.1,14.26,14.26,14.09,363129
2022-12-13,14.4,14.39,14.5836,14.29,412632
2022-12-14,14.44,14.32,14.57,14.21,346576
2022-12-15,14.18,14.05,14.2667,13.95,261342
2022-12-16,14.06,13.84,14.06,13.69,262043
2022-12-19,13.75,13.66,13.87,13.57,497077
2022-12-20,13.61,13.66,13.84,13.6,691793
2022-12-21,13.71,13.92,13.98,13.71,591510
2022-12-22,13.8,13.6517,13.8,13.54,471829
2022-12-23,13.59,13.76,13.8599,13.56,357225
2022-12-27,13.76,13.72,14.03,13.6675,394994
2022-12-28,13.68,13.48,13.82,13.43,476560
2022-12-29,13.55,13.69,13.76,13.52,477537
2022-12-30,13.55,13.65,13.72,13.53,494385
2023-01-03,13.71,13.79,13.8542,13.52,197500
2023-01-04,13.94,14.13,14.17,13.81,132604
2023-01-05,14.09,14.15,14.2,14.01,265628
2023-01-06,14.23,14.47,14.51,14.23,95317
2023-01-09,14.65,14.64,14.7214,14.59,65682
2023-01-10,14.66,14.74,14.74,14.54,111363
2023-01-11,14.83,15.06,15.06,14.83,101848
2023-01-12,14.98,15.11,15.15,14.84,473807
2023-01-13,15.02,15.05,15.0825,14.97,126150
2023-01-17,15.0,14.97,15.15,14.94,137308
2023-01-18,15.07,14.82,15.16,14.82,97584
2023-01-19,14.75,14.7917,14.93,14.75,111252
2023-01-20,14.81,14.82,14.94,14.7352,158147
2023-01-23,14.84,14.99,15.06,14.7,104063
2023-01-24,14.89,15.1,15.13,14.82,164136
2023-01-25,15.06,15.12,15.12,14.88,157366
2023-01-26,15.13,15.14,15.24,15.08,157878
2023-01-27,15.15,15.12,15.23,15.07,93923
2023-01-30,15.03,14.99,15.2,14.955,104491
2023-01-31,15.08,15.17,15.185,14.9,116203
2023-02-01,15.21,15.39,15.4037,15.13,177753
2023-02-02,15.46,15.43,15.5,15.3,106389
2023-02-03,15.35,15.16,15.35,14.99,202510
2023-02-06,15.05,14.93,15.05,14.81,88461
2023-02-07,14.82,14.99,14.995,14.7115,168098
2023-02-08,14.99,14.76,15.0,14.67,178394
2023-02-09,14.92,14.69,14.97,14.63,59336
2023-02-10,14.58,14.74,14.75,14.5474,70263
2023-02-13,14.79,14.99,14.99,14.79,51749
2023-02-14,15.01,14.99,15.2,14.8845,98918
2023-02-15,15.0,15.04,15.04,14.75,163932
2023-02-16,14.95,14.91,15.03,14.83,161605
2023-02-17,14.88,14.89,14.92,14.76,180377
2023-02-21,14.75,14.56,14.87,14.56,192757
2023-02-22,14.52,14.4617,14.63,14.495,93595
2023-02-23,14.53,14.46,14.56,14.44,75184
2023-02-24,14.42,14.2,14.42,14.1101,115456
2023-02-27,14.34,14.27,14.43,14.25,121470
2023-02-28,14.3,14.26,14.33,14.2273,131420
2023-03-01,14.31,14.35,14.35,14.2,190520
2023-03-02,14.28,14.26,14.29,14.1,130896
2023-03-03,14.34,14.45,14.4891,14.27,82330
2023-03-06,14.4,14.36,14.49,14.34,150610
2023-03-07,14.36,14.05,14.39,14.01,104048
2023-03-08,14.15,14.06,14.15,14.0,85164
2023-03-09,14.09,13.92,14.18,13.915,66829
2023-03-10,13.88,13.6,13.99,13.58,111628
2023-03-13,13.6,13.65,13.8,13.39,170831
2023-03-14,13.73,13.89,13.9545,13.73,100457
2023-03-15,13.61,13.58,13.67,13.5,203281
2023-03-16,13.55,13.65,13.65,13.51,293238
2023-03-17,13.65,13.42,13.65,13.39,96169
2023-03-20,13.35,13.5,13.62,13.35,129367
2023-03-21,13.69,13.89,13.94,13.67,298993
2023-03-22,14.0,13.7717,14.0,13.7904,270288
2023-03-23,13.7,13.58,13.87,13.58,114078
2023-03-24,13.48,13.56,13.57,13.39,105432
2023-03-27,13.56,13.63,13.765,13.56,113745
2023-03-28,13.65,13.47,13.73,13.45,182968
2023-03-29,13.55,13.65,13.72,13.51,215367
2023-03-30,13.78,13.9,13.93,13.7213,88127
2023-03-31,14.08,14.2,14.2,13.992,177458
2023-04-03,14.05,14.32,14.39,14.05,130191
2023-04-04,14.44,14.32,14.44,14.17,256606
2023-04-05,14.2,14.48,14.52,14.2,136447
2023-04-06,14.37,14.65,14.74,14.37,198080
2023-04-10,14.48,14.64,14.67,14.48,88196
2023-04-11,14.73,14.74,14.7751,14.67,85052
2023-04-12,14.75,14.7,14.86,14.7,474451
2023-04-13,14.71,14.79,14.85,14.71,120831
2023-04-14,14.8,14.67,14.8699,14.64,71072
2023-04-17,14.61,14.69,14.82,14.61,128893
2023-04-18,14.64,14.66,14.741,14.62,61399
2023-04-19,14.71,14.87,14.89,14.69,136048
2023-04-20,14.76,14.6317,14.86,14.69,75432
2023-04-21,14.61,14.44,14.64,14.36,110823
2023-04-24,14.4,14.5,14.54,14.37,118471
2023-04-25,14.42,14.15,14.42,14.15,53357
2023-04-26,14.09,14.03,14.31,13.99,129006
2023-04-27,14.16,14.27,14.28,14.06,106041
2023-04-28,14.39,14.45,14.46,14.265,99842
2023-05-01,14.43,14.43,14.59,14.43,80930
2023-05-02,14.36,14.11,14.36,14.06,76626
2023-05-03,14.09,14.05,14.25,14.05,58766
2023-05-04,14.05,14.14,14.2599,14.05,76711
2023-05-05,14.17,14.39,14.4667,14.17,68725
2023-05-08,14.45,14.34,14.49,14.3,69589
2023-05-09,14.35,14.32,14.4,14.25,104817
2023-05-10,14.4,14.37,14.53,14.28,118550
2023-05-11,14.41,14.21,14.41,14.18,136324
2023-05-12,14.21,14.2,14.32,14.19,125735
2023-05-15,14.34,14.24,14.34,14.1303,133921
2023-05-16,14.25,14.06,14.45,14.06,50843
2023-05-17,14.11,14.12,14.244,14.06,87248
2023-05-18,14.14,14.0117,14.22,13.98,175932
2023-05-19,14.01,13.99,14.24,13.98,120717
2023-05-22,14.0,13.97,14.0525,13.93,93368
2023-05-23,14.0,13.8,14.0,13.73,81688
2023-05-24,13.8,13.65,13.8,13.63,129215
2023-05-25,13.65,13.51,13.65,13.51,71401
2023-05-26,13.64,13.55,13.64,13.5,54107
2023-05-30,13.56,13.62,13.8,13.55,119955
2023-05-31,13.62,13.66,13.8,13.62,125461
2023-06-01,13.62,13.89,13.94,13.48,87182
2023-06-02,13.91,14.12,14.16,13.91,73576
2023-06-05,14.04,14.12,14.16,13.93,62746
2023-06-06,14.0,13.92,14.14,13.92,81550
2023-06-07,13.92,13.87,13.985,13.87,100112
2023-06-08,13.87,13.91,13.95,13.82,83112
2023-06-09,14.03,13.84,14.03,13.82,67906
2023-06-12,13.79,13.84,13.85,13.76,75642
2023-06-13,13.93,13.92,13.93,13.75,182737
2023-06-14,14.0,13.93,14.05,13.93,111984
2023-06-15,14.02,14.25,14.29,13.98,93004
2023-06-16,14.22,14.08,14.3525,14.05,68520
2023-06-20,14.0,13.87,14.075,13.85,132096
2023-06-21,13.79,13.83,13.9399,13.79,106589
2023-06-22,13.73,13.7017,13.88,13.65,178622
2023-06-23,13.62,13.65,13.77,13.52,81695
2023-06-26,13.75,13.61,13.79,13.61,95455
2023-06-27,13.61,13.66,13.73,13.54,152350
2023-06-28,13.64,13.68,13.73,13.54,103495
2023-06-29,13.66,13.68,13.68,13.57,118300
2023-06-30,13.81,13.7,13.81,13.605,96137
2023-07-03,13.7,13.75,13.82,13.67,113411
2023-07-05,13.66,13.72,13.88,13.66,128681
2023-07-06,13.6,13.54,13.65,13.5,132911
2023-07-07,13.5,13.52,13.71,13.425,95406
2023-07-10,13.41,13.5,13.52,13.41,132884
2023-07-11,13.53,13.62,13.64,13.53,99288
2023-07-12,13.7,13.9,13.94,13.67,67212
2023-07-13,13.91,14.05,14.05,13.91,97004
2023-07-14,14.05,13.99,14.05,13.9217,90686
2023-07-17,14.08,13.95,14.08,13.95,129642
2023-07-18,13.92,13.95,14.07,13.92,73486
2023-07-19,13.99,13.98,14.06,13.97,67412
2023-07-20,13.98,13.9517,14.1,13.98,72580
2023-07-21,13.96,14.14,14.19,13.88,172491
2023-07-24,14.16,14.11,14.19,14.05,117821
2023-07-25,14.1,14.1,14.15,14.02,81524
2023-07-26,14.09,14.12,14.22,14.07,163418
2023-07-27,14.22,14.21,14.35,14.1701,201307
2023-07-28,14.25,14.23,14.34,14.22,119832
2023-07-31,14.3,14.15,14.3199,14.07,179283
2023-08-01,14.04,14.01,14.21,13.98,111037
2023-08-02,13.84,13.85,13.95,13.705,183964
2023-08-03,13.73,13.64,13.82,13.64,90999
2023-08-04,13.62,13.5,13.705,13.49,118747
2023-08-07,13.69,13.75,13.88,13.65,252105
2023-08-08,13.78,13.55,13.78,13.52,127556
2023-08-09,13.55,13.63,13.71,13.55,125962
2023-08-10,13.69,13.72,13.85,13.69,108005
2023-08-11,13.71,13.51,13.78,13.51,133048
2023-08-14,13.5,13.51,13.57,13.46,101486
2023-08-15,13.58,13.36,13.58,13.33,135047
2023-08-16,13.36,13.08,13.36,13.03,170645
2023-08-17,13.09,12.95,13.14,12.95,74905
2023-08-18,12.94,12.94,13.03,12.9014,70553
2023-08-21,13.01,12.89,13.12,12.88,115646
2023-08-22,12.91,12.925,13.12,12.91,194391
2023-08-23,13.0,12.97,13.03,12.91,104154
2023-08-24,12.92,12.94,13.05,12.9,162380
2023-08-25,13.05,12.99,13.09,12.95,54732
2023-08-28,12.95,13.1,13.1588,12.95,113590
2023-08-29,13.1,13.13,13.17,13.05,119497
2023-08-30,13.14,13.19,13.24,13.14,126502
2023-08-31,13.28,13.14,13.2899,13.12,125702
2023-09-01,13.28,13.21,13.2966,13.15,168378
2023-09-05,13.2,12.96,13.2,12.95,218772
2023-09-06,12.96,12.82,12.96,12.8001,111091
2023-09-07,12.87,12.89,12.91,12.7801,98082
2023-09-08,12.94,13.03,13.04,12.87,103763
2023-09-11,13.07,13.01,13.18,13.0,120466
2023-09-12,12.95,12.96,13.01,12.9,200312
2023-09-13,12.98,12.82,12.99,12.75,200290
2023-09-14,13.07,12.85,13.07,12.81,137740
2023-09-15,12.9,12.95,13.06,12.82,230448
2023-09-18,12.93,12.9,12.94,12.85,78280
2023-09-19,12.96,12.88,12.99,12.85,96132
2023-09-20,12.96,12.96,13.07,12.91,116171
2023-09-21,12.77,12.525,12.86,12.64,96459
2023-09-22,12.56,12.59,12.682,12.56,64043
2023-09-25,12.45,12.45,12.51,12.4121,79584
2023-09-26,12.45,12.15,12.45,12.14,255242
2023-09-27,12.29,12.12,12.29,12.05,259633
2023-09-28,12.12,11.84,12.12,11.78,208583
2023-09-29,11.86,11.78,11.92,11.7101,155185
2023-10-02,11.71,11.46,11.73,11.28,428388
2023-10-03,11.45,11.13,11.54,11.05,163314
2023-10-04,11.07,11.02,11.13,10.91,132795
2023-10-05,10.94,10.81,10.95,10.77,239572
2023-10-06,10.71,11.0,11.04,10.69,252320
2023-10-09,10.96,11.06,11.08,10.91,241768
2023-10-10,11.13,11.25,11.3,11.13,173381
2023-10-11,11.34,11.4,11.48,11.3,150371
2023-10-12,11.46,11.25,11.48,11.2,122579
2023-10-13,11.29,11.18,11.45,11.165,100883
2023-10-16,11.18,11.32,11.37,11.18,153159
2023-10-17,11.26,11.32,11.37,11.24,183118
2023-10-18,11.21,11.03,11.25,11.0,223354
2023-10-19,10.96,10.725,11.0501,10.79,170052
2023-10-20,10.74,10.75,10.92,10.6576,422353
2023-10-23,10.79,10.7,10.8,10.63,266017
2023-10-24,10.8,10.79,11.11,10.76,330562
2023-10-25,10.78,10.79,10.87,10.75,246739
2023-10-26,10.75,10.79,10.89,10.75,204006
2023-10-27,10.87,10.84,11.0,10.77,199307
2023-10-30,10.89,11.01,11.05,10.81,174595
2023-10-31,11.12,11.04,11.1399,10.98,248058
2023-11-01,11.07,11.24,11.25,11.02,210103
2023-11-02,11.37,11.54,11.66,11.37,440770
2023-11-03,11.72,11.8,11.93,11.72,215155
2023-11-06,11.84,11.81,11.9,11.74,176171
2023-11-07,11.72,11.6,11.8004,11.6,134623
2023-11-08,11.57,11.63,11.64,11.54,156123
2023-11-09,11.69,11.54,11.949,11.53,690976
2023-11-10,11.61,11.65,11.7,11.54,195948
2023-11-13,11.56,11.65,11.7276,11.56,162858
2023-11-14,11.93,12.0,12.1,11.93,169788
2023-11-15,11.99,12.15,12.22,11.99,178885
2023-11-16,12.1,12.17,12.21,12.1,191070
2023-11-17,12.27,12.38,12.38,12.22,160857
2023-11-20,12.35,12.47,12.5,12.35,165131
2023-11-21,12.44,12.47,12.5,12.42,200864
2023-11-22,12.47,12.375,12.57,12.45,185272
2023-11-24,12.41,12.49,12.51,12.41,51747
2023-11-27,12.51,12.39,12.51,12.34,125201
2023-11-28,12.38,12.46,12.605,12.38,271956
2023-11-29,12.55,12.52,12.5823,12.47,323765
2023-11-30,12.64,12.74,12.78,12.5,386330
2023-12-01,12.74,12.83,12.83,12.62,283584
2023-12-04,12.78,12.85,12.85,12.7,190208
2023-12-05,12.77,12.74,12.8592,12.73,202341
2023-12-06,12.83,12.87,12.9283,12.83,181751
2023-12-07,12.91,12.81,12.95,12.81,176110
2023-12-08,12.82,12.69,12.85,12.66,185717
2023-12-11,12.64,12.66,12.77,12.63,271304
2023-12-12,12.69,12.71,12.822,12.56,182607
2023-12-13,12.72,12.98,13.03,12.72,241080
2023-12-14,13.21,13.2,13.34,13.17,299752
2023-12-15,13.17,12.96,13.17,12.95,289651
2023-12-18,13.04,13.05,13.1,13.0,208171
2023-12-19,13.01,13.15,13.22,13.01,314230
2023-12-20,13.14,13.07,13.19,12.98,300104
2023-12-21,13.15,12.905,13.17,13.005,241733
2023-12-22,12.94,13.09,13.189,12.94,289440
2023-12-26,13.08,13.19,13.285,13.07,234406
2023-12-27,13.16,13.1,13.2286,13.0612,357180
2023-12-28,13.1,13.09,13.19,13.02,424390
2023-12-29,13.09,12.98,13.09,12.9,389013
2024-01-02,13.03,13.06,13.1,13.0,178970
2024-01-03,13.09,13.09,13.15,12.98,225248
2024-01-04,13.17,13.25,13.28,13.12,211118
2024-01-05,13.34,13.41,13.43,13.23,167013
2024-01-08,13.46,13.49,13.55,13.3726,207813
2024-01-09,13.39,13.49,13.555,13.39,263225
2024-01-10,13.59,13.57,13.64,13.53,189487
2024-01-11,13.56,13.56,13.58,13.4,237182
2024-01-12,13.61,13.62,13.64,13.55,156615
2024-01-16,13.6,13.57,13.64,13.56,183485
2024-01-17,13.55,13.36,13.64,13.345,181802
2024-01-18,13.37,13.08,13.47,13.08,264241
2024-01-19,13.15,13.1,13.21,13.01,215067
2024-01-22,13.15,13.14,13.205,13.11,163492
2024-01-23,13.13,13.19,13.203,13.12,110646
2024-01-24,13.33,13.075,13.33,13.17,179735
2024-01-25,13.09,13.14,13.15,13.02,141575
2024-01-26,13.16,13.34,13.34,13.03,130956
2024-01-29,13.25,13.35,13.35,13.25,192979
2024-01-30,13.27,13.11,13.27,13.06,188463
2024-01-31,13.18,12.93,13.18,12.91,269492
2024-02-01,12.93,13.21,13.225,12.93,224219
2024-02-02,13.04,13.05,13.15,13.0264,230243
2024-02-05,13.0,12.86,13.0,12.8301,195908
2024-02-06,12.83,12.81,12.94,12.79,141694
2024-02-07,12.78,12.83,12.91,12.78,88102
2024-02-08,12.78,12.77,12.813,12.73,125575
2024-02-09,12.79,12.5,12.79,12.455,202289
2024-02-12,12.48,12.21,12.5597,12.1885,295960
2024-02-13,12.11,12.13,12.15,11.94,193585
2024-02-14,12.15,12.19,12.19,12.1,106699
2024-02-15,12.22,12.28,12.35,12.1853,134222
2024-02-16,12.27,12.42,12.5,12.22,176551
2024-02-20,12.48,12.5,12.52,12.4387,106853
2024-02-21,12.44,12.72,12.72,12.44,149148
2024-02-22,12.79,12.565,12.8122,12.68,110468
2024-02-23,12.62,12.65,12.668,12.58,114144
2024-02-26,12.6,12.37,12.6,12.37,120871
2024-02-27,12.35,12.28,12.35,12.27,153809
2024-02-28,12.22,12.16,12.29,12.14,196281
2024-02-29,12.25,12.3,12.31,12.229,131250
2024-03-01,12.29,12.65,12.67,12.2025,186705
2024-03-04,12.58,12.7,12.71,12.5684,87321
2024-03-05,12.72,12.44,12.74,12.25,222612
2024-03-06,12.64,12.45,12.68,12.38,175200
2024-03-07,12.56,12.66,12.665,12.46,101489
2024-03-08,12.76,12.72,12.81,12.63,107766
2024-03-11,12.72,12.71,12.75,12.643,69971
2024-03-12,12.67,12.64,12.71,12.55,157774
2024-03-13,12.57,12.57,12.6199,12.55,116380
2024-03-14,12.57,12.3,12.6,12.2601,241899
2024-03-15,12.26,12.305,12.35,12.26,70082
2024-03-18,12.31,12.27,12.37,12.23,125330
2024-03-19,12.27,12.3,12.34,12.27,119710
2024-03-20,12.28,12.42,12.45,12.28,115090
2024-03-21,12.48,12.315,12.5441,12.41,159704
2024-03-22,12.36,12.32,12.3964,12.3,97670
2024-03-25,12.35,12.45,12.455,12.26,279560
2024-03-26,12.43,12.52,12.59,12.39,119765
2024-03-27,12.52,12.5,12.53,12.38,173530
2024-03-28,12.61,12.57,12.655,12.54,171514
2024-04-01,12.56,12.51,12.605,12.5,109610
2024-04-02,12.48,12.42,12.51,12.38,184268
2024-04-03,12.38,12.23,12.4,12.22,315142
2024-04-04,12.27,12.29,12.38,12.23,151759
2024-04-05,12.28,12.33,12.35,12.22,93762
2024-04-08,12.31,12.29,12.35,12.24,121710
2024-04-09,12.33,12.332,12.42,12.29,92924
2024-04-10,12.27,12.15,12.37,12.1,170403
2024-04-11,12.15,12.07,12.18,12.0203,115147
2024-04-12,12.03,11.79,12.12,11.77,124245
2024-04-15,11.83,11.68,11.935,11.67,214588
2024-04-16,11.59,11.34,11.6,11.28,255614
2024-04-17,11.38,11.51,11.53,11.3726,113491
2024-04-18,11.54,11.485,11.65,11.51,163332
2024-04-19,11.47,11.65,11.67,11.47,85321
2024-04-22,11.65,11.755,11.76,11.61,173989
2024-04-23,11.76,11.98,11.99,11.735,143848
2024-04-24,11.79,12.04,12.08,11.79,148044
2024-04-25,11.99,12.11,12.15,11.92,161443
2024-04-26,12.18,12.055,12.19,12.02,102259
2024-04-29,12.16,12.1,12.18,12.06,134139
2024-04-30,12.09,12.01,12.11,12.0,103416
2024-05-01,12.02,12.13,12.25,12.0101,74968
2024-05-02,12.23,12.4,12.42,12.23,165046
2024-05-03,12.48,12.65,12.6589,12.48,115815
2024-05-06,12.68,12.75,12.781,12.6554,121685
2024-05-07,12.71,12.86,12.88,12.71,70373
2024-05-08,12.84,12.96,12.97,12.84,99237
2024-05-09,12.97,13.09,13.1,12.9401,120890
2024-05-10,13.05,13.18,13.27,13.05,129811
2024-05-13,13.18,13.22,13.37,13.18,80897
2024-05-14,13.2,13.23,13.3299,13.1801,156281
2024-05-15,13.3,13.39,13.42,13.295,65717
2024-05-16,13.45,13.42,13.54,13.42,87753
2024-05-17,13.35,13.46,13.52,13.34,104403
2024-05-20,13.44,13.35,13.4899,13.34,95968
2024-05-21,13.35,13.35,13.4,13.33,94146
2024-05-22,13.3,13.045,13.32,13.15,126597
2024-05-23,13.1,12.79,13.1151,12.765,150652
2024-05-24,12.8,12.73,12.9,12.73,160472
2024-05-28,12.71,12.8,12.84,12.71,127822
2024-05-29,12.76,12.62,12.76,12.61,155171
2024-05-30,12.53,12.84,12.86,12.53,128345
2024-05-31,12.92,13.02,13.02,12.84,67297
2024-06-03,13.04,12.99,13.11,12.9402,117279
2024-06-04,13.0,13.142,13.18,12.97,101484
2024-06-05,13.13,13.22,13.2517,13.1,82055
2024-06-06,13.18,13.165,13.27,13.0683,143511
2024-06-07,12.96,13.0,13.13,12.915,127093
2024-06-10,13.0,13.0,13.06,12.96,66358
2024-06-11,12.91,12.81,12.91,12.77,114781
2024-06-12,12.97,12.72,12.97,12.72,143796
2024-06-13,12.73,12.68,12.83,12.63,101913
2024-06-14,12.65,12.48,12.65,12.44,202481
2024-06-17,12.5,12.44,12.54,12.43,95792
2024-06-18,12.39,12.31,12.4296,12.27,234665
2024-06-20,12.37,12.42,12.61,12.3276,142547
2024-06-21,12.45,12.46,12.52,12.43,113162
2024-06-24,12.53,12.545,12.68,12.5,196641
2024-06-25,12.57,12.62,12.67,12.57,122608
2024-06-26,12.53,12.56,12.6,12.48,118742
2024-06-27,12.61,12.7,12.79,12.61,317259
2024-06-28,12.79,12.81,12.85,12.66,245043
2024-07-01,12.86,12.82,12.94,12.8,132422
2024-07-02,12.77,12.72,12.92,12.69,98734
2024-07-03,12.72,12.67,12.88,12.65,99214
2024-07-05,12.74,12.79,12.87,12.72,78569
2024-07-08,12.78,12.83,12.88,12.67,173778
2024-07-09,12.9,12.82,12.91,12.8,108359
2024-07-10,12.88,12.93,12.95,12.8,82576
2024-07-11,12.99,13.17,13.29,12.9,126887
2024-07-12,13.18,13.4,13.425,13.18,102249
2024-07-15,13.37,13.39,13.48,13.34,128721
2024-07-16,13.39,13.28,13.4225,13.27,126344
2024-07-17,13.2,13.35,13.4,13.2,122642
2024-07-18,13.39,13.23,13.48,13.21,108795
2024-07-19,13.31,13.32,13.39,13.23,286056
2024-07-22,13.32,13.48,13.5594,13.32,129611
2024-07-23,13.48,13.49,13.52,13.45,100100
2024-07-24,13.49,13.305,13.5599,13.39,91395
2024-07-25,13.36,13.24,13.4882,13.198,156566
2024-07-26,13.36,13.31,13.37,13.2824,56524
2024-07-29,13.32,13.28,13.39,13.2,105038
2024-07-30,13.31,13.4,13.42,13.26,144603
2024-07-31,13.51,13.54,13.5784,13.435,104474
2024-08-01,13.52,13.53,13.63,13.41,173594
2024-08-02,13.59,13.33,13.7,13.25,158752
2024-08-05,13.06,13.01,13.27,13.01,131704
2024-08-06,13.02,12.94,13.11,12.92,115424
2024-08-07,13.02,13.12,13.34,13.02,141222
2024-08-08,13.25,13.24,13.37,13.13,115691
2024-08-09,13.31,13.3,13.34,13.12,130640
2024-08-12,13.27,13.27,13.35,13.19,104885
2024-08-13,13.36,13.35,13.47,13.2635,86944
2024-08-14,13.34,13.37,13.46,13.34,50689
2024-08-15,13.48,13.36,13.5035,13.36,83850
2024-08-16,13.33,13.45,13.46,13.32,78378
2024-08-19,13.46,13.61,13.68,13.425,84881
2024-08-20,13.59,13.55,13.6499,13.42,114125
2024-08-21,13.57,13.52,13.62,13.5,103449
2024-08-22,13.56,13.61,13.61,13.53,50634
2024-08-23,13.63,13.745,13.89,13.63,103077
2024-08-26,13.82,14.0,14.0,13.7337,98174
2024-08-27,13.98,13.82,13.98,13.78,84153
2024-08-28,13.86,13.78,14.0,13.77,121617
2024-08-29,13.75,14.0,14.0,13.72,132151
2024-08-30,14.0,13.94,14.0,13.86,41537
2024-09-03,13.92,13.94,13.99,13.83,131955
2024-09-04,13.96,14.08,14.2,13.96,134614
2024-09-05,14.02,14.04,14.15,14.01,110047
2024-09-06,14.15,14.08,14.21,14.0026,53948
2024-09-09,14.18,14.14,14.18,14.01,107437
2024-09-10,14.12,14.2,14.26,14.12,78661
2024-09-11,14.15,14.22,14.22,14.05,85186
2024-09-12,14.19,14.38,14.39,14.14,61268
2024-09-13,14.4,14.37,14.44,14.32,94113
2024-09-16,14.45,14.56,14.57,14.38,114194
2024-09-17,14.55,14.6,14.63,14.47,95246
2024-09-18,14.67,14.6,14.68,14.539,126337
2024-09-19,14.69,14.46,14.7,14.3801,177373
2024-09-20,14.4,14.53,14.63,14.35,111312
2024-09-23,14.52,14.74,14.74,14.52,126359
2024-09-24,14.7,14.75,14.79,14.64,143189
2024-09-25,14.7,14.545,14.7099,14.58,109363
2024-09-26,14.61,14.54,14.665,14.54,126089
2024-09-27,14.65,14.71,14.77,14.65,113434
2024-09-30,14.79,14.91,14.95,14.6763,175584
2024-10-01,14.95,14.88,14.95,14.77,111679
2024-10-02,14.92,14.95,14.96,14.79,167090
2024-10-03,14.94,14.78,14.94,14.755,88346
2024-10-04,14.74,14.66,14.94,14.5948,83933
2024-10-07,14.65,14.38,14.67,14.36,139043
2024-10-08,14.45,14.36,14.6256,14.33,91003
2024-10-09,14.3,14.22,14.3765,14.13,157772
2024-10-10,14.18,14.1,14.27,14.08,146864
2024-10-11,14.12,14.06,14.1985,14.0216,144855
2024-10-14,14.05,14.26,14.27,14.03,123054
2024-10-15,14.27,14.44,14.5,14.27,179772
2024-10-16,14.56,14.8,14.84,14.5144,211237
2024-10-17,14.82,14.76,14.8828,14.72,80864
2024-10-18,14.75,14.76,14.8,14.7,97286
2024-10-21,14.76,14.68,14.8,14.6678,87324
2024-10-22,14.73,14.64,14.73,14.61,137366
2024-10-23,14.63,14.295,14.655,14.3,139740
2024-10-24,14.3,14.2295,14.4799,14.184,89615
2024-10-25,14.2581,14.23,14.42,14.16,88890
2024-10-28,14.32,14.36,14.4,14.319,93062
2024-10-29,14.3,14.07,14.322,14.02,125314
2024-10-30,14.01,13.99,14.06,13.96,153715
2024-10-31,14.0,13.95,14.1,13.9,118884
2024-11-01,14.0,13.94,14.0,13.88,115265
2024-11-04,13.95,13.812,14.0299,13.81,106178
2024-11-05,13.87,13.91,13.95,13.81,121529
2024-11-06,14.1,13.64,14.1999,13.6,181144
2024-11-07,13.65,13.81,13.81,13.61,128782
2024-11-08,13.85,13.85,13.8828,13.81,112162
2024-11-11,13.83,13.87,13.92,13.77,160593
2024-11-12,13.83,13.46,13.875,13.41,207812
2024-11-13,13.49,13.22,13.56,13.19,205058
2024-11-14,13.23,13.17,13.4,13.15,201084
2024-11-15,13.1,13.38,13.4,13.09,146316
2024-11-18,13.43,13.42,13.5188,13.4,110705
2024-11-19,13.32,13.43,13.46,13.3,81679
2024-11-20,13.37,13.37,13.41,13.3,152032
2024-11-21,13.39,13.5,13.5,13.3109,112095
2024-11-22,13.5,13.455,13.63,13.5,193070
2024-11-25,13.48,13.51,13.64,13.43,149757
2024-11-26,13.42,13.43,13.53,13.38,216684
2024-11-27,13.44,13.59,13.595,13.43,221467
2024-11-29,13.65,13.75,13.77,13.55,144456
2024-12-02,13.69,13.79,13.85,13.66,209567
2024-12-03,13.87,13.61,13.87,13.58,224527
2024-12-04,13.54,13.51,13.64,13.46,187255
2024-12-05,13.5,13.62,13.66,13.47,119390
2024-12-06,13.61,13.39,13.61,13.34,228589
2024-12-09,13.44,13.24,13.47,13.21,165968
2024-12-10,13.16,13.17,13.31,13.1301,290129
2024-12-11,13.31,13.28,13.33,13.17,208554
2024-12-12,13.14,13.0,13.29,13.0,285190
2024-12-13,13.02,12.95,13.1,12.92,203849
2024-12-16,12.93,12.56,12.97,12.54,443715
2024-12-17,12.4,12.51,12.65,12.32,442224
2024-12-18,12.53,12.21,12.5729,12.2,261080
2024-12-19,12.28,12.14,12.5115,12.11,349972
2024-12-20,12.11,12.085,12.36,12.07,416147
2024-12-23,12.03,12.1,12.16,12.02,427882
2024-12-24,12.11,12.21,12.25,12.04,217576
2024-12-26,12.13,12.22,12.33,12.08,214581
2024-12-27,12.13,12.15,12.28,12.1,448023
2024-12-30,12.05,12.14,12.15,12.01,517906
2024-12-31,12.13,12.17,12.2214,12.0861,478140
2025-01-02,12.3,12.62,12.65,12.3,495987
2025-01-03,12.71,12.66,12.71,12.5201,204551
2025-01-06,12.68,12.64,12.71,12.6,212072
2025-01-07,12.62,12.53,12.6757,12.52,87404
2025-01-08,12.52,12.45,12.52,12.31,102100
2025-01-10,12.45,12.19,12.45,12.17,112973
2025-01-13,12.18,12.14,12.24,12.01,155026
2025-01-14,12.09,12.12,12.19,12.08,186267
2025-01-15,12.2,12.35,12.41,12.2,159023
2025-01-16,12.35,12.66,12.67,12.34,214452
2025-01-17,12.66,12.81,12.925,12.66,159877
2025-01-21,12.91,13.05,13.07,12.82,322842
2025-01-22,13.0,12.71,13.0,12.645,147130
2025-01-23,12.61,12.68,12.75,12.5601,139723
2025-01-24,12.65,12.685,12.83,12.6385,140766
2025-01-27,12.62,12.4,12.655,12.35,381321
2025-01-28,12.44,12.49,12.599,12.4304,196736
2025-01-29,12.53,12.29,12.55,12.28,180373
2025-01-30,12.29,12.5,12.59,12.2801,252276
2025-01-31,12.5,12.49,12.8499,12.4158,182368
2025-02-03,12.28,12.43,12.5,12.28,167784
2025-02-04,12.4,12.38,12.53,12.3266,135732
2025-02-05,12.47,12.48,12.5691,12.38,94947
2025-02-06,12.51,12.46,12.56,12.44,149893
2025-02-07,12.5,12.46,12.57,12.4,182352
2025-02-10,12.57,12.55,12.57,12.45,92891
2025-02-11,12.52,12.5,12.54,12.39,117050
2025-02-12,12.46,12.41,12.495,12.32,171546
2025-02-13,12.43,12.52,12.54,12.32,167807
2025-02-14,12.53,12.48,12.65,12.48,207879
2025-02-18,12.53,12.55,12.64,12.5163,197860
2025-02-19,12.51,12.56,12.67,12.5,216960
2025-02-20,12.59,12.57,12.63,12.5306,107667
2025-02-21,12.59,12.525,12.68,12.56,261308
2025-02-24,12.53,12.51,12.65,12.46,187623
2025-02-25,12.57,12.57,12.58,12.48,159643
2025-02-26,12.58,12.45,12.63,12.42,188744
2025-02-27,12.48,12.37,12.53,12.35,136869
2025-02-28,12.45,12.47,12.49,12.42,119933
2025-03-03,12.55,12.55,12.75,12.53,259181
2025-03-04,12.55,12.46,12.602,12.43,142336
2025-03-05,12.49,12.62,12.7,12.4714,205856
2025-03-06,12.53,12.49,12.66,12.46,145159
2025-03-07,12.5,12.51,12.64,12.46,311684
2025-03-10,12.46,12.48,12.595,12.46,706322
2025-03-11,12.55,12.72,12.74,12.55,323356
2025-03-12,12.74,12.77,12.865,12.66,131985
2025-03-13,12.7,12.67,12.835,12.61,203268
2025-03-14,12.7,12.89,12.9,12.69,127020
2025-03-17,12.89,13.08,13.1465,12.86,205156
2025-03-18,13.08,13.11,13.22,13.022,177403
2025-03-19,13.15,13.18,13.24,13.12,111662
2025-03-20,13.26,13.26,13.26,13.17,72183
2025-03-21,13.19,13.055,13.2299,13.16,60842
2025-03-24,13.13,13.16,13.22,13.12,138764
2025-03-25,13.17,13.08,13.17,13.07,145847
2025-03-26,13.05,13.13,13.18,13.05,144809
2025-03-27,13.14,13.3,13.3,13.13,179275
2025-03-28,13.29,13.25,13.29,13.18,152597
2025-03-31,13.24,13.31,13.32,13.16,123216
2025-04-01,13.31,13.42,13.44,13.255,162938
2025-04-02,13.4,13.53,13.53,13.39,126899
2025-04-03,13.42,13.39,13.63,13.39,278479
2025-04-04,13.26,12.66,13.305,12.455,329775
2025-04-07,12.3,11.91,12.42,11.4,372529
2025-04-08,12.17,11.7,12.2145,11.6466,159937
2025-04-09,11.78,12.3,12.35,11.6008,234791
2025-04-10,12.36,12.45,12.95,12.2,466489
2025-04-11,12.63,12.69,12.7,12.3901,136894
