2023-03-27,4.88,4.81,4.91,4.74,148725
2023-03-28,4.9,4.97,5.06,4.9,204519
2023-03-29,5.0,5.1,5.175,4.9,179819
2023-03-30,5.15,5.25,5.3,5.15,156624
2023-03-31,5.19,5.4,5.44,5.19,159223
2023-04-03,5.43,5.62,5.69,5.4,121684
2023-04-04,5.63,5.51,5.63,5.39,117411
2023-04-05,5.43,5.09,5.43,5.04,72204
2023-04-06,5.1,5.2,5.22,5.0,96828
2023-04-10,5.21,5.22,5.335,5.15,93690
2023-04-11,5.25,5.21,5.3,5.15,122755
2023-04-12,5.3,5.22,5.37,5.18,65454
2023-04-13,5.17,5.17,5.3,5.04,73994
2023-04-14,5.17,5.35,5.36,5.1,72677
2023-04-17,5.46,5.28,5.46,5.16,51526
2023-04-18,5.27,5.23,5.27,5.135,49316
2023-04-19,5.15,5.29,5.31,5.0,89505
2023-04-20,5.26,5.06,5.26,4.97,52447
2023-04-21,5.06,5.01,5.13,4.925,75261
2023-04-24,4.96,5.12,5.15,4.96,41871
2023-04-25,5.18,4.9,5.18,4.88,154344
2023-04-26,4.88,4.75,4.91,4.745,68379
2023-04-27,4.85,4.78,4.884,4.75,50713
2023-04-28,4.74,4.76,4.9,4.74,39119
2023-05-01,4.83,5.09,5.12,4.78,76575
2023-05-02,5.05,5.12,5.15,5.04,56855
2023-05-03,5.1,5.2,5.24,5.095,72207
2023-05-04,5.13,5.12,5.14,5.0,66899
2023-05-05,5.17,5.45,5.56,5.17,95077
2023-05-08,5.54,5.4,5.54,5.25,97217
2023-05-09,5.45,5.6,5.75,5.36,98089
2023-05-10,5.63,5.56,5.65,5.325,75816
2023-05-11,5.53,5.43,5.57,5.36,60928
2023-05-12,5.44,5.62,5.63,5.4,62109
2023-05-15,5.64,6.32,6.32,5.57,251990
2023-05-16,6.24,5.88,6.41,5.76,210053
2023-05-17,5.92,5.82,5.97,5.65,62746
2023-05-18,5.5614,5.82,5.87,5.5614,74334
2023-05-19,5.83,5.92,5.93,5.83,31544
2023-05-22,5.97,5.85,6.04,5.83,72762
2023-05-23,5.67,5.51,5.84,5.4503,123095
2023-05-24,5.59,5.42,5.59,5.37,69071
2023-05-25,5.4,5.55,5.58,5.35,36520
2023-05-26,5.61,5.45,5.61,5.42,28225
2023-05-30,5.47,5.5,5.645,5.35,46556
2023-05-31,5.4,5.41,5.45,5.34,74098
2023-06-01,5.44,5.49,5.54,5.4,39405
2023-06-02,5.59,5.64,5.74,5.48,51562
2023-06-05,5.64,5.77,5.87,5.5277,33047
2023-06-06,5.71,5.81,5.84,5.58,41897
2023-06-07,6.04,5.9,6.04,5.88,24209
2023-06-08,5.93,5.9,5.93,5.7,49411
2023-06-09,5.92,5.81,5.92,5.79,48412
2023-06-12,5.82,5.78,5.92,5.7,28717
2023-06-13,5.9,5.86,5.91,5.81,36276
2023-06-14,5.87,5.77,5.92,5.63,68989
2023-06-15,5.7,5.91,6.01,5.7,36323
2023-06-16,5.97,5.55,5.97,5.47,47351
2023-06-20,5.52,5.57,5.68,5.381,65268
2023-06-21,5.63,5.34,5.63,5.3,43766
2023-06-22,5.4,5.4,5.9,5.35,38674
2023-06-23,5.42,5.56,5.56,5.37,43161
2023-06-26,5.5,5.56,5.62,5.5,36941
2023-06-27,5.6,5.63,5.9,5.53,88867
2023-06-28,5.6134,5.59,5.65,5.51,65797
2023-06-29,5.59,5.63,5.66,5.3463,82614
2023-06-30,5.68,5.89,5.98,5.57,61015
2023-07-03,5.91,5.84,5.91,5.74,19109
2023-07-05,5.86,5.66,5.86,5.6,64436
2023-07-06,5.59,5.64,5.68,5.5,88179
2023-07-07,5.61,6.0,6.038,5.55,146466
2023-07-10,6.05,6.25,6.3199,6.05,115976
2023-07-11,6.22,6.53,6.57,6.16,63370
2023-07-12,6.57,6.77,6.775,6.5,116097
2023-07-13,6.81,6.36,6.81,6.32,61003
2023-07-14,6.35,5.95,6.35,5.94,61349
2023-07-17,5.96,6.38,6.55,5.96,75541
2023-07-18,6.45,6.38,6.54,6.17,119292
2023-07-19,6.44,6.84,7.04,6.34,156316
2023-07-20,6.76,6.5,6.769,6.46,60513
2023-07-21,6.54,6.23,6.54,6.0,138693
2023-07-24,6.26,6.405,6.56,6.26,59349
2023-07-25,6.37,6.23,6.37,6.15,70709
2023-07-26,6.305,6.47,6.535,6.08,100925
2023-07-27,6.51,6.17,6.54,6.11,97451
2023-07-28,6.17,6.34,6.37,6.17,34452
2023-07-31,6.4,6.33,6.4,6.25,20799
2023-08-01,6.26,6.38,6.4376,6.15,63942
2023-08-02,6.3,6.5,6.776,6.25,60311
2023-08-03,6.53,6.59,6.7,6.5,32584
2023-08-04,6.7,6.79,6.85,6.62,45186
2023-08-07,6.9635,6.44,6.9635,6.44,58331
2023-08-08,6.4,6.6,6.7399,6.29,56846
2023-08-09,6.67,6.75,6.84,6.67,57071
2023-08-10,6.72,6.73,6.86,6.56,70209
2023-08-11,6.72,6.71,6.8637,6.5884,47263
2023-08-14,6.77,6.46,6.8,6.43,41577
2023-08-15,6.44,6.21,6.5917,6.17,58522
2023-08-16,6.03,6.3,6.34,6.02,45292
2023-08-17,6.39,6.26,6.5,6.02,44561
2023-08-18,6.25,6.38,6.39,6.21,20966
2023-08-21,6.32,6.39,6.53,6.29,49731
2023-08-22,6.85,7.87,8.2,6.69,495101
2023-08-23,7.73,7.74,8.0,7.62,150875
2023-08-24,7.7,7.89,7.9844,7.687,107909
2023-08-25,7.99,7.96,8.1799,7.9,198586
2023-08-28,8.11,8.36,8.4582,8.05,103092
2023-08-29,8.35,8.22,8.44,8.0819,78749
2023-08-30,8.21,8.53,8.61,8.0901,130220
2023-08-31,8.62,8.31,8.66,8.22,102027
2023-09-01,8.42,8.11,8.62,7.9,115013
2023-09-05,8.11,7.97,8.295,7.85,106195
2023-09-06,7.93,8.25,8.26,7.9,62182
2023-09-07,8.18,7.98,8.3699,7.8,57832
2023-09-08,7.87,8.0,8.065,7.75,41476
2023-09-11,8.88,8.88,8.88,8.88,280
2023-09-12,9.17,9.07,9.25,8.26,610637
2023-09-13,9.24,9.23,9.4,9.14,247318
2023-09-14,9.25,9.2,9.3599,9.01,120719
2023-09-15,9.16,9.13,9.18,8.78,267893
2023-09-18,9.22,9.35,9.45,9.16,130794
2023-09-19,9.41,9.39,9.45,9.18,110157
2023-09-20,9.5,9.71,9.81,9.11,179587
2023-09-21,9.75,10.11,10.295,9.4,239010
2023-09-22,10.1,10.45,10.53,9.955,184808
2023-09-25,10.41,10.69,10.75,10.2001,481847
2023-09-26,10.65,10.69,10.7,10.23,142529
2023-09-27,10.65,11.08,11.09,10.5,303980
2023-09-28,11.0,11.78,12.0,10.87,1129355
2023-09-29,12.0,11.8,12.19,11.69,463070
2023-10-02,11.99,11.27,11.99,10.6,534607
2023-10-03,11.31,11.18,11.65,11.01,266096
2023-10-04,11.19,10.99,11.24,10.42,322652
2023-10-05,10.88,11.78,11.96,10.7953,301731
2023-10-06,11.73,11.91,12.0277,11.3,254404
2023-10-09,11.8,12.18,12.3687,11.8,189615
2023-10-10,12.18,11.99,12.34,11.95,278257
2023-10-11,12.07,12.11,12.25,11.97,187556
2023-10-12,12.04,11.78,12.15,11.61,180437
2023-10-13,11.85,12.07,12.21,11.69,211344
2023-10-16,12.2,12.35,12.7,12.2,315566
2023-10-17,12.33,12.89,12.94,12.32,286134
2023-10-18,12.94,12.3,12.985,12.056,237866
2023-10-19,12.38,12.45,12.9636,12.22,242236
2023-10-20,12.45,11.9,12.45,11.61,292155
2023-10-23,11.83,12.07,12.25,11.82,182120
2023-10-24,12.19,11.93,12.37,11.92,212395
2023-10-25,11.81,11.7,12.11,11.51,218035
2023-10-26,11.72,12.0,12.07,11.645,237109
2023-10-27,11.97,11.35,12.2199,11.31,225937
2023-10-30,11.29,11.56,11.8,11.1,183713
2023-10-31,11.58,11.65,11.77,11.2907,114103
2023-11-01,11.65,11.47,11.765,11.33,133015
2023-11-02,11.59,11.86,11.95,11.5,243075
2023-11-03,11.91,11.75,12.1313,11.56,204547
2023-11-06,11.61,11.5,11.76,11.3001,215417
2023-11-07,11.5,11.09,11.5,10.93,211303
2023-11-08,11.14,10.87,11.27,10.83,522853
2023-11-09,11.12,11.33,11.63,10.67,292335
2023-11-10,11.5,11.55,11.785,11.29,317541
2023-11-13,11.39,10.9,11.39,10.9,229118
2023-11-14,10.9,10.49,11.135,10.49,371199
2023-11-15,10.46,10.26,10.68,10.19,358230
2023-11-16,10.24,9.89,10.31,9.82,428858
2023-11-17,9.84,10.42,10.43,9.7,482257
2023-11-20,10.42,10.07,10.71,10.02,264705
2023-11-21,9.92,9.99,10.25,9.92,194838
2023-11-22,9.92,9.92,10.275,9.89,155016
2023-11-24,9.82,9.99,10.079,9.82,53112
2023-11-27,9.9,9.76,10.02,9.76,182275
2023-11-28,9.86,9.75,10.0,9.68,173614
2023-11-29,9.73,9.89,10.01,9.73,168003
2023-11-30,9.94,9.96,10.06,9.931,117852
2023-12-01,9.95,10.14,10.15,9.94,188872
2023-12-04,10.14,10.49,10.62,10.14,253239
2023-12-05,10.42,10.12,10.42,10.03,222929
2023-12-06,10.37,9.51,10.37,9.51,200724
2023-12-07,9.52,9.58,9.77,9.45,216902
2023-12-08,9.47,9.53,9.63,9.41,116998
2023-12-11,9.5,9.42,9.57,9.41,94883
2023-12-12,9.45,9.33,9.45,9.1406,136220
2023-12-13,9.4,10.04,10.07,9.32,239284
2023-12-14,10.06,10.11,10.495,9.99,279622
2023-12-15,10.09,10.21,10.23,9.94,182808
2023-12-18,10.3,10.53,10.61,10.22,130286
2023-12-19,10.58,10.43,10.6999,10.21,159710
2023-12-20,10.41,10.13,10.41,10.04,236220
2023-12-21,10.15,10.26,10.42,10.15,201822
2023-12-22,10.29,10.09,10.4299,10.065,72929
2023-12-26,10.32,10.26,10.32,10.06,104397
2023-12-27,10.3,10.19,10.38,10.16,79878
2023-12-28,10.32,9.91,10.32,9.84,73427
2023-12-29,9.9,9.78,10.02,9.56,89492
2024-01-02,9.64,9.6,9.86,9.52,153287
2024-01-03,9.51,9.92,10.06,9.38,187057
2024-01-04,9.92,10.09,10.21,9.68,249154
2024-01-05,10.14,9.88,10.22,9.88,174067
2024-01-08,9.87,9.79,9.87,9.29,177144
2024-01-09,9.57,9.75,9.75,9.53,103830
2024-01-10,9.74,9.56,9.74,9.485,118497
2024-01-11,9.59,9.54,9.59,9.45,73827
2024-01-12,9.54,9.66,9.76,9.54,83168
2024-01-16,9.6,9.39,9.64,9.35,130436
2024-01-17,9.29,9.41,9.58,9.28,184481
2024-01-18,9.58,9.32,9.58,9.19,96649
2024-01-19,9.36,9.37,9.435,9.0,141797
2024-01-22,9.4,9.65,9.8,9.4,137058
2024-01-23,9.7,9.49,9.785,9.49,89044
2024-01-24,9.52,9.65,9.72,9.445,155563
2024-01-25,9.79,9.71,9.835,9.57,175492
2024-01-26,9.71,9.59,9.78,9.495,138401
2024-01-29,9.53,9.57,9.69,9.4784,124460
2024-01-30,9.38,9.61,9.66,9.38,226165
2024-01-31,9.67,9.28,9.67,9.28,143686
2024-02-01,9.42,9.1,9.42,9.0,136520
2024-02-02,9.0,9.03,9.18,8.92,94963
2024-02-05,8.92,8.95,9.05,8.81,248626
2024-02-06,8.97,9.41,9.41,8.97,142017
2024-02-07,9.38,9.21,9.76,9.175,355996
2024-02-08,9.75,11.34,11.6816,9.75,866653
2024-02-09,11.46,12.34,13.04,11.46,778199
2024-02-12,12.49,12.31,12.82,12.19,422046
2024-02-13,12.0,12.07,12.46,11.74,308333
2024-02-14,12.18,11.92,12.33,11.91,187850
2024-02-15,12.0,12.65,12.72,11.91,247018
2024-02-16,12.63,12.51,12.68,12.3,213744
2024-02-20,12.35,12.02,12.45,11.91,163753
2024-02-21,11.95,11.63,12.11,11.52,184078
2024-02-22,11.64,11.61,11.83,11.2,150850
2024-02-23,11.57,11.58,11.69,11.43,77398
2024-02-26,11.5,11.61,11.6882,11.38,192425
2024-02-27,11.65,11.67,11.894,11.565,140663
2024-02-28,11.72,11.67,11.9299,11.57,177303
2024-02-29,12.04,11.8,12.04,11.73,202971
2024-03-01,11.88,11.99,12.3,11.825,340234
2024-03-04,12.25,11.76,12.2699,11.75,122737
2024-03-05,11.82,12.31,12.69,11.6612,285523
2024-03-06,12.4,12.96,13.2,12.4,229791
2024-03-07,13.0,12.95,13.19,12.82,150140
2024-03-08,12.95,13.07,13.17,12.82,159194
2024-03-11,12.92,12.81,12.995,12.33,204271
2024-03-12,12.78,12.99,13.0103,12.57,159783
2024-03-13,13.0,13.13,13.51,12.87,231156
2024-03-14,13.15,13.09,13.5379,12.73,177633
2024-03-15,12.96,13.22,13.65,12.96,1472422
2024-03-18,13.25,13.08,13.49,12.88,207088
2024-03-19,12.81,12.99,13.04,12.62,154193
2024-03-20,12.87,13.22,13.3,12.85,150855
2024-03-21,13.21,12.94,13.2699,12.94,122180
2024-03-22,13.17,13.08,13.65,12.96,249709
2024-03-25,13.04,13.09,13.26,12.95,176671
2024-03-26,13.1,13.36,13.37,12.995,179066
2024-03-27,13.48,13.37,13.9,13.36,266568
2024-03-28,13.31,13.03,13.395,12.82,413940
2024-04-01,13.03,12.97,13.31,12.85,207706
2024-04-02,12.95,12.83,13.0,12.615,118404
2024-04-03,12.93,13.05,13.23,12.88,127059
2024-04-04,13.07,12.91,13.35,12.87,120878
2024-04-05,12.88,13.14,13.26,12.88,143556
2024-04-08,13.22,13.15,13.425,13.1,88688
2024-04-09,13.18,12.98,13.36,12.84,121268
2024-04-10,12.98,12.64,12.98,12.375,145729
2024-04-11,12.67,12.27,13.43,12.27,160455
2024-04-12,12.15,12.21,12.45,12.11,167826
2024-04-15,12.22,12.29,12.38,12.03,340951
2024-04-16,12.24,11.93,12.43,11.91,212056
2024-04-17,11.97,11.75,12.0533,11.6336,174559
2024-04-18,11.86,11.56,12.0,11.5,170622
2024-04-19,11.54,11.61,11.79,11.495,147644
2024-04-22,11.64,11.46,11.71,11.37,160372
2024-04-23,11.48,11.55,11.72,11.48,125446
2024-04-24,11.45,11.54,11.7,11.45,83192
2024-04-25,11.48,11.77,11.81,11.42,96101
2024-04-26,11.73,11.53,11.83,11.53,77636
2024-04-29,11.57,11.36,11.61,11.33,86040
2024-04-30,11.36,11.26,11.39,11.13,125987
2024-05-01,11.3,11.14,11.39,11.0,129418
2024-05-02,11.18,11.57,11.62,11.18,131439
2024-05-03,11.67,11.74,11.99,11.51,105304
2024-05-06,11.86,11.96,11.97,11.83,86469
2024-05-07,11.97,11.93,12.24,11.93,134844
2024-05-08,11.93,11.84,12.0,11.76,128208
2024-05-09,10.82,10.64,11.185,9.75,830334
2024-05-10,11.57,10.91,11.8,10.7,665130
2024-05-13,11.01,10.89,11.23,10.65,514758
2024-05-14,11.1,11.0,11.325,10.9175,320088
2024-05-15,11.1,11.53,11.63,11.08,345852
2024-05-16,11.56,11.05,11.83,11.0,179112
2024-05-17,11.03,11.21,11.25,10.88,219037
2024-05-20,11.24,11.4,11.63,11.14,241170
2024-05-21,11.38,11.31,11.43,11.18,172009
2024-05-22,11.27,11.34,11.43,11.15,108459
2024-05-23,11.37,11.1,11.44,10.96,158762
2024-05-24,11.17,11.28,11.4,11.04,155493
2024-05-28,11.35,10.95,11.35,10.86,277099
2024-05-29,11.09,11.38,11.46,10.995,349933
2024-05-30,11.41,11.92,11.98,11.41,173825
2024-05-31,12.0,12.08,12.14,11.76,152880
2024-06-03,12.25,11.92,12.3299,11.76,284868
2024-06-04,11.78,11.46,11.7825,11.18,311918
2024-06-05,11.56,11.56,11.71,11.32,186733
2024-06-06,11.53,11.33,11.58,11.17,147030
2024-06-07,11.19,10.84,11.385,10.8,220283
2024-06-10,10.75,11.18,11.3,10.61,120379
2024-06-11,11.05,10.94,11.13,10.9,161587
2024-06-12,11.13,10.91,11.4499,10.91,165784
2024-06-13,10.86,10.64,11.03,10.52,162278
2024-06-14,10.54,10.43,10.72,10.34,159316
2024-06-17,10.47,10.39,10.477,10.3,113908
2024-06-18,10.36,10.15,10.42,10.11,221219
2024-06-20,10.18,10.49,10.8,10.13,207721
2024-06-21,10.45,10.22,10.45,10.11,407505
2024-06-24,10.2,10.04,10.33,9.9,241725
2024-06-25,10.05,9.73,10.07,9.72,333909
2024-06-26,9.7,10.09,10.09,9.55,392924
2024-06-27,10.03,9.88,10.26,9.82,391311
2024-06-28,9.9,9.93,10.23,9.845,4067038
2024-07-01,9.95,9.46,10.12,9.43,373791
2024-07-02,9.31,9.4,9.44,9.2,321629
2024-07-03,9.4,9.2,9.535,9.12,203139
2024-07-05,9.04,8.765,9.17,8.66,410621
2024-07-08,8.78,8.87,8.92,8.62,183085
2024-07-09,8.8,8.78,8.96,8.66,219925
2024-07-10,8.8,8.83,8.95,8.61,172953
2024-07-11,9.03,9.25,9.33,8.92,243972
2024-07-12,9.34,9.47,9.51,9.28,231722
2024-07-15,9.55,9.75,9.97,9.49,188574
2024-07-16,9.83,10.2,10.26,9.74,263504
2024-07-17,10.1,10.04,10.315,9.98,164784
2024-07-18,9.92,10.14,10.185,9.92,179877
2024-07-19,10.16,10.26,10.31,9.97,149078
2024-07-22,10.31,10.71,10.85,10.16,226656
2024-07-23,10.61,10.91,11.08,10.53,281519
2024-07-24,10.87,10.38,10.98,10.36,222958
2024-07-25,10.32,10.4,10.67,10.32,140341
2024-07-26,10.55,10.44,10.64,10.402,97827
2024-07-29,10.41,10.1,10.435,10.02,114730
2024-07-30,10.18,10.06,10.31,10.02,135581
2024-07-31,10.11,10.12,10.36,9.96,114547
2024-08-01,10.15,10.03,10.21,9.75,287526
2024-08-02,9.67,9.35,9.75,9.26,140536
2024-08-05,9.11,8.92,9.11,8.65,259000
2024-08-06,8.96,8.9,9.2099,8.79,94511
2024-08-07,9.0,8.87,9.17,8.815,124806
2024-08-08,8.99,9.33,9.36,8.88,95963
2024-08-09,9.33,8.95,9.33,8.82,135009
2024-08-12,8.97,9.09,9.12,8.92,100445
2024-08-13,9.12,9.33,9.38,8.99,85499
2024-08-14,9.35,9.27,9.53,9.24,121253
2024-08-15,9.49,9.4,9.52,9.32,95794
2024-08-16,9.36,9.41,9.59,9.36,74935
2024-08-19,9.55,9.67,9.67,9.34,87928
2024-08-20,9.84,9.51,9.84,9.43,113583
2024-08-21,9.59,9.5,9.61,9.47,68656
2024-08-22,9.53,9.46,9.67,9.43,63558
2024-08-23,9.55,10.0,10.03,9.54,64481
2024-08-26,10.12,9.95,10.25,9.91,128056
2024-08-27,9.89,9.74,9.905,9.669,62578
2024-08-28,9.73,9.77,9.87,9.63,113316
2024-08-29,9.82,9.95,10.01,9.81,85662
2024-08-30,10.03,9.96,10.075,9.77,112179
2024-09-03,9.84,9.42,9.94,9.39,142809
2024-09-04,9.4,9.54,9.78,9.21,91039
2024-09-05,9.59,9.42,9.63,9.39,108706
2024-09-06,9.42,9.37,9.57,9.34,103368
2024-09-09,9.36,9.14,9.52,9.14,176378
2024-09-10,10.99,10.54,11.2,10.3444,1137957
2024-09-11,10.36,10.61,10.7,10.05,235313
2024-09-12,10.63,10.67,11.0,10.57,210450
2024-09-13,10.75,10.96,11.09,10.46,264259
2024-09-16,10.95,10.81,11.19,10.78,161983
2024-09-17,10.93,10.63,10.94,10.56,244685
2024-09-18,10.64,10.35,10.71,10.34,188563
2024-09-19,10.54,10.8,10.86,10.37,269205
2024-09-20,10.7,11.29,11.375,10.6609,856408
2024-09-23,11.42,11.42,11.59,11.27,274010
2024-09-24,11.51,11.51,11.68,11.38,281761
2024-09-25,11.51,11.07,11.52,11.06,264932
2024-09-26,11.0,10.98,11.07,10.745,503387
2024-09-27,11.11,11.55,11.64,11.03,290249
2024-09-30,11.5,11.53,11.685,11.37,251643
2024-10-01,11.63,11.85,11.89,11.45,178289
2024-10-02,11.89,11.81,12.145,11.76,124516
2024-10-03,11.73,11.42,11.79,11.36,152445
2024-10-04,11.57,11.57,11.69,11.5,133620
2024-10-07,11.49,11.34,11.55,11.2801,127336
2024-10-08,11.25,11.14,11.36,11.02,127690
2024-10-09,11.15,11.39,11.74,11.15,147480
2024-10-10,11.32,11.37,11.62,11.3,141363
2024-10-11,11.37,11.54,11.685,11.37,103024
2024-10-14,11.52,11.4,11.54,11.365,75969
2024-10-15,11.34,11.58,11.63,11.32,97199
2024-10-16,11.65,11.69,11.77,11.61,111650
2024-10-17,11.75,11.74,11.76,11.59,103336
2024-10-18,11.76,11.69,11.78,11.47,131121
2024-10-21,11.7,11.52,11.76,11.495,79146
2024-10-22,11.53,11.47,11.65,11.38,88715
2024-10-23,11.39,11.18,11.53,11.04,77519
2024-10-24,11.25,11.35,11.39,11.245,71898
2024-10-25,11.45,11.44,11.6,11.4,65228
2024-10-28,11.51,11.39,11.5342,11.36,64031
2024-10-29,11.32,11.21,11.32,11.12,83438
2024-10-30,11.23,11.35,11.44,11.23,70289
2024-10-31,11.35,11.23,11.35,11.08,87167
2024-11-01,11.34,11.24,11.43,11.19,120438
2024-11-04,11.29,11.14,11.345,11.04,111056
2024-11-05,11.17,11.27,11.29,11.12,128914
2024-11-06,11.88,12.91,12.94,11.88,252967
2024-11-07,12.95,12.75,12.95,11.76,477065
2024-11-08,12.83,13.01,13.33,12.1501,169735
2024-11-11,13.06,12.83,13.23,12.715,116808
2024-11-12,12.83,12.8,12.9,12.65,103424
2024-11-13,12.9,13.13,13.24,12.74,145778
2024-11-14,13.11,12.82,13.11,12.56,88990
2024-11-15,12.9,12.52,12.9,12.31,86221
2024-11-18,12.5,12.71,12.75,12.32,93518
2024-11-19,12.55,13.0,13.04,12.55,92155
2024-11-20,13.0,13.35,13.36,12.765,117990
2024-11-21,13.5,13.24,13.58,13.23,223784
2024-11-22,13.28,13.32,13.425,13.225,143151
2024-11-25,13.4,13.45,13.55,13.255,129247
2024-11-26,13.36,13.3,13.42,13.14,152053
2024-11-27,13.3,13.3,13.415,13.23,79387
2024-11-29,13.4,13.26,13.4,13.1,45479
2024-12-02,13.25,13.4,13.54,13.1301,134394
2024-12-03,13.36,13.09,13.51,12.95,127630
2024-12-04,13.14,13.18,13.21,12.98,109384
2024-12-05,13.04,13.34,13.42,13.04,142673
2024-12-06,13.4,12.88,13.45,12.76,101931
2024-12-09,12.96,12.62,12.98,12.6,75794
2024-12-10,12.62,12.71,12.87,12.46,158147
2024-12-11,12.87,13.06,13.11,12.59,134567
2024-12-12,13.03,12.9,13.07,12.81,72581
2024-12-13,12.86,13.04,13.06,12.745,54875
2024-12-16,13.1,13.32,13.39,13.04,78670
2024-12-17,13.25,13.09,13.25,12.715,212804
2024-12-18,13.18,12.3,13.295,12.205,159332
2024-12-19,12.45,12.12,12.84,12.0,102587
2024-12-20,11.96,12.16,12.42,11.835,598237
2024-12-23,12.17,12.03,12.2,11.99,73509
2024-12-24,12.09,12.1,12.415,11.95,52489
2024-12-26,12.03,12.23,12.24,11.91,79687
2024-12-27,12.22,11.94,12.39,11.805,77349
2024-12-30,11.76,12.03,12.045,11.6415,109596
2024-12-31,12.13,11.97,12.13,11.97,62412
2025-01-02,12.0,12.04,12.25,11.8226,112848
2025-01-03,12.12,12.55,12.57,12.05,107834
2025-01-06,12.53,12.99,13.23,12.53,165859
2025-01-07,13.01,12.84,13.01,12.47,123852
2025-01-08,12.72,12.54,12.72,12.29,87025
2025-01-10,12.3,12.03,12.52,11.9,128287
2025-01-13,11.83,12.3,12.35,11.74,133088
2025-01-14,12.45,12.91,12.95,12.32,174405
2025-01-15,13.28,13.43,13.5625,13.045,173101
2025-01-16,13.47,14.34,14.5,13.45,284271
2025-01-17,14.4,14.88,14.95,14.35,311482
2025-01-21,15.08,15.26,15.42,14.99,282494
2025-01-22,15.32,15.04,15.4499,15.02,272502
2025-01-23,14.9,15.06,15.1988,14.77,164588
2025-01-24,14.95,15.05,15.2,14.692,177689
2025-01-27,14.93,14.3,14.93,13.98,349210
2025-01-28,14.43,13.85,14.5552,13.56,174885
2025-01-29,13.85,13.75,14.12,13.6,118660
2025-01-30,13.91,14.03,14.2599,13.905,99984
2025-01-31,14.02,13.56,14.02,13.51,121595
2025-02-03,13.21,13.6,13.63,13.0,186687
2025-02-04,13.58,14.125,14.165,13.58,153552
2025-02-05,14.14,14.04,14.36,13.88,315427
2025-02-06,12.01,14.14,14.23,11.75,670785
2025-02-07,14.15,14.18,14.3928,12.75,234187
2025-02-10,14.28,15.07,15.38,14.28,355891
2025-02-11,15.32,15.48,15.75,15.03,366310
2025-02-12,15.23,15.37,15.45,15.0401,243916
2025-02-13,15.45,15.36,15.455,14.95,222264
2025-02-14,15.49,15.2,15.6,15.02,180075
2025-02-18,15.25,15.08,15.465,14.965,246588
2025-02-19,14.98,14.3,14.98,14.22,142167
2025-02-20,14.23,14.03,14.31,13.8,173069
2025-02-21,14.2,13.08,14.2,13.08,126216
2025-02-24,13.1,13.03,13.33,12.88,144279
2025-02-25,13.15,13.39,13.42,12.945,181918
2025-02-26,13.44,13.7,13.73,13.4,158354
2025-02-27,13.53,12.67,13.625,12.37,521482
2025-02-28,12.68,12.48,12.68,12.3501,166909
2025-03-03,12.54,12.06,12.68,11.89,262487
2025-03-04,11.89,11.86,12.24,11.66,259237
2025-03-05,11.86,12.05,12.07,11.65,202479
2025-03-06,12.15,12.02,12.27,11.64,235394
2025-03-07,11.98,11.78,12.11,11.6303,199061
2025-03-10,11.56,11.75,11.84,11.35,254821
2025-03-11,11.8,12.26,12.29,11.53,362798
2025-03-12,12.46,12.56,12.74,12.28,219740
2025-03-13,12.55,12.22,12.79,12.01,209755
2025-03-14,12.42,12.67,12.77,12.36,178770
2025-03-17,12.68,12.94,13.05,12.5,165810
2025-03-18,12.83,12.86,13.21,12.785,219657
2025-03-19,12.83,13.46,13.58,12.66,177772
2025-03-20,13.06,13.09,13.56,13.02,265841
2025-03-21,12.9,12.49,12.9,12.41,711599
2025-03-24,12.72,13.23,13.31,12.5783,203839
2025-03-25,13.2,13.04,13.25,13.02,132941
2025-03-26,13.03,12.61,13.14,12.58,168152
2025-03-27,12.62,12.3,12.65,12.21,159593
2025-03-28,12.34,12.53,12.86,12.2542,287804
2025-03-31,12.29,12.43,12.58,12.23,221393
2025-04-01,12.35,12.46,12.565,12.22,164026
2025-04-02,12.3,12.59,12.69,12.3,143289
2025-04-03,11.83,11.155,11.9864,11.15,293385
2025-04-04,11.07,10.05,11.07,9.83,340702
2025-04-07,9.61,10.095,10.76,9.3279,224653
2025-04-08,10.57,10.03,10.62,9.81,277345
2025-04-09,9.9,10.9,11.12,9.72,244764
2025-04-10,10.48,10.22,10.675,10.045,131405
2025-04-11,10.22,10.19,10.33,9.8587,122045
