2021-08-05,25.06,25.0595,25.06,25.05,100113
2021-08-06,25.22,25.1897,25.22,25.1897,90129
2021-08-09,25.1499,25.1127,25.15,25.1127,1181
2021-08-10,25.18,25.166,25.18,25.166,508
2021-08-11,25.26,25.2881,25.3,25.26,1910
2021-08-12,25.29,25.354,25.354,25.27,886
2021-08-13,25.3955,25.3972,25.3972,25.3955,257
2021-08-16,25.558,25.558,25.558,25.558,413
2021-08-17,25.4793,25.4793,25.4793,25.4793,123
2021-08-18,25.43,25.2923,25.55,25.2923,1288
2021-08-19,25.32,25.346,25.346,25.32,393
2021-08-20,25.55,25.5599,25.5602,25.54,3878
2021-08-23,25.85,25.595,25.85,25.595,2745
2021-08-24,25.61,25.5712,25.61,25.5712,684
2021-08-25,25.6523,25.6523,25.6523,25.6523,4
2021-08-26,25.53,25.53,25.53,25.53,50
2021-08-27,25.63,25.6575,25.67,25.6296,1705
2021-08-30,25.7599,25.726,25.76,25.726,853
2021-08-31,25.72,25.71,25.72,25.71,466
2021-09-01,25.669,25.669,25.669,25.669,125
2021-09-02,25.82,25.8255,25.83,25.8,683
2021-09-03,25.792,25.792,25.792,25.792,69
2021-09-07,25.64,25.6105,25.66,25.6105,30732
2021-09-08,25.6062,25.6062,25.6062,25.6062,2
2021-09-09,25.4899,25.444,25.4899,25.444,224
2021-09-10,25.37,25.2465,25.37,25.2465,170
2021-09-13,25.44,25.3255,25.45,25.31,490
2021-09-14,25.2456,25.1463,25.2456,25.1463,2313
2021-09-15,25.3685,25.3685,25.3685,25.3685,66
2021-09-16,25.3225,25.3225,25.3225,25.3225,0
2021-09-17,25.1899,25.116,25.2,25.116,1729
2021-09-20,24.9056,24.772,24.9056,24.772,2181
2021-09-21,24.7798,24.7798,24.7798,24.7798,140
2021-09-22,24.9,24.9653,25.0,24.9,403
2021-09-23,25.3,25.2205,25.32,25.2205,1133
2021-09-24,25.25,25.2423,25.28,25.2423,2200
2021-09-27,25.22,25.1168,25.22,25.1765,302
2021-09-28,24.87,24.7307,24.87,24.7307,1103
2021-09-29,24.813,24.813,24.813,24.813,56
2021-09-30,24.4696,24.4696,24.4696,24.4696,114
2021-10-01,24.8161,24.8161,24.8161,24.8161,94
2021-10-04,24.59,24.5902,24.63,24.55,358
2021-10-05,24.82,24.8525,24.8525,24.82,140
2021-10-06,24.9367,24.9367,24.9367,24.9367,139
2021-10-07,25.125,25.125,25.125,25.125,20
2021-10-08,25.15,25.089,25.15,25.089,211
2021-10-11,24.8923,24.8923,24.8923,24.8923,35
2021-10-12,24.8654,24.8654,24.8654,24.8654,10
2021-10-13,24.73,24.9208,24.9208,24.73,175
2021-10-14,25.371,25.371,25.371,25.371,67
2021-10-15,25.515,25.515,25.515,25.515,175
2021-10-18,25.4563,25.4563,25.4563,25.4563,155
2021-10-19,25.53,25.6815,25.6815,25.53,216
2021-10-20,25.87,25.881,25.881,25.85,6083
2021-10-21,25.9865,25.9865,25.9865,25.9865,0
2021-10-22,26.1205,26.1205,26.1205,26.1205,0
2021-10-25,26.09,26.09,26.09,26.09,4
2021-10-26,26.125,26.125,26.125,26.125,1
2021-10-27,26.05,25.9583,26.05,25.9583,503
2021-10-28,26.0999,26.102,26.102,26.05,200
2021-10-29,26.141,26.141,26.141,26.141,0
2021-11-01,26.03,26.0767,26.0767,26.03,159
2021-11-02,26.24,26.185,26.24,26.185,513
2021-11-03,26.16,26.3112,26.3112,26.16,425
2021-11-04,26.276,26.276,26.276,26.276,20
2021-11-05,26.372,26.372,26.372,26.372,0
2021-11-08,26.44,26.4202,26.44,26.4202,110
2021-11-09,26.44,26.456,26.456,26.44,424
2021-11-10,26.422,26.422,26.422,26.422,80
2021-11-11,26.4,26.379,26.4,26.379,166
2021-11-12,26.43,26.538,26.538,26.43,115
2021-11-15,26.54,26.522,26.54,26.522,103
2021-11-16,26.65,26.587,26.65,26.587,104
2021-11-17,26.63,26.5983,26.63,26.5983,302
2021-11-18,26.58,26.5555,26.58,26.5555,150
2021-11-19,26.43,26.43,26.43,26.43,10
2021-11-22,26.55,26.4631,26.67,26.4631,780
2021-11-23,26.52,26.5408,26.5408,26.5196,2300
2021-11-24,26.5758,26.5758,26.5758,26.5758,176
2021-11-26,26.19,25.9454,26.19,25.9454,773
2021-11-29,26.25,26.2197,26.25,26.21,973
2021-11-30,26.03,25.7345,26.07,25.7345,754
2021-12-01,26.2,25.6796,26.2,25.6796,135
2021-12-02,26.015,26.015,26.015,26.015,36
2021-12-03,26.04,25.9954,26.0402,25.91,2732
2021-12-06,26.4168,26.4168,26.4168,26.4168,75
2021-12-07,26.77,26.7394,26.7706,26.73,2289
2021-12-08,26.837,26.837,26.837,26.837,24
2021-12-09,26.78,26.7906,26.7906,26.78,270
2021-12-10,27.1145,27.1145,27.1145,27.1145,112
2021-12-13,27.01,27.0166,27.08,27.01,485
2021-12-14,26.85,26.8385,26.85,26.8385,115
2021-12-15,26.88,27.0814,27.18,26.82,4148
2021-12-16,27.24,27.1165,27.24,27.1165,601
2021-12-17,26.91,26.8195,26.91,26.8195,212
2021-12-20,26.54,26.54,26.54,26.54,30
2021-12-21,26.69,26.8437,26.8437,26.69,1524
2021-12-22,27.101,27.101,27.101,27.101,10
2021-12-23,27.27,27.2491,27.27,27.2491,100
2021-12-27,27.5817,27.5817,27.5817,27.5817,3
2021-12-28,27.6315,27.6315,27.6315,27.6315,0
2021-12-29,27.7545,27.7545,27.7545,27.7545,4
2021-12-30,27.8,27.6501,27.8,27.6501,212
2021-12-31,27.6678,27.6678,27.6678,27.6678,11
2022-01-03,27.6114,27.6187,27.6187,27.6114,450
2022-01-04,27.65,27.7318,27.7318,27.65,225
2022-01-05,27.4886,27.4646,27.4886,27.4646,454
2022-01-06,27.399,27.2795,27.399,27.2795,141
2022-01-07,27.2501,27.2066,27.2501,27.2066,351
2022-01-10,26.88,27.1634,27.1634,26.88,385
2022-01-11,27.3669,27.3669,27.3669,27.3669,0
2022-01-12,27.51,27.448,27.51,27.448,212
2022-01-13,27.1285,27.1285,27.1285,27.1285,92
2022-01-14,26.9,27.053,27.053,26.9,102
2022-01-18,26.5705,26.5705,26.5705,26.5705,63
2022-01-19,26.4271,26.4271,26.4271,26.4271,81
2022-01-20,26.2248,26.2248,26.2248,26.2248,12
2022-01-21,26.38,26.0437,26.43,26.0437,6254
2022-01-24,25.76,26.0197,26.0197,25.49,1732
2022-01-25,25.8714,25.8714,25.8714,25.8714,118
2022-01-26,26.0627,25.8204,26.07,25.7,810
2022-01-27,26.04,25.8065,26.24,25.75,6008
2022-01-28,26.013,26.2697,26.2697,26.013,238
2022-01-31,26.36,26.6093,26.6093,26.36,177
2022-02-01,26.6795,26.6795,26.6795,26.6795,0
2022-02-02,26.84,26.9255,26.9255,26.84,147
2022-02-03,26.63,26.489,26.63,26.489,469
2022-02-04,26.4,26.4671,26.4671,26.39,3710
2022-02-07,26.39,26.3557,26.39,26.3557,608
2022-02-08,26.6665,26.6665,26.6665,26.6665,0
2022-02-09,26.92,26.92,26.92,26.92,90
2022-02-10,26.4479,26.4479,26.4479,26.4479,150
2022-02-11,26.0418,26.0418,26.0418,26.0418,10
2022-02-14,25.75,25.9004,25.9004,25.75,2239
2022-02-15,26.1589,26.1589,26.1589,26.1589,54
2022-02-16,26.02,26.2033,26.2033,26.02,308
2022-02-17,25.7935,25.7935,25.7935,25.7935,12
2022-02-18,25.81,25.7315,25.81,25.69,2857
2022-02-22,25.78,25.5376,25.78,25.45,2608
2022-02-23,25.67,25.2075,25.67,25.2075,403
2022-02-24,24.72,25.3598,25.3598,24.72,2129
2022-02-25,25.93,25.9432,25.9432,25.84,615
2022-02-28,26.15,25.7329,26.15,25.55,2792
2022-03-01,25.279,25.2486,25.28,25.2486,400
2022-03-02,25.36,25.7696,25.7696,25.36,408
2022-03-03,25.86,25.731,25.86,25.731,400
2022-03-04,25.55,25.6397,25.6397,25.55,398
2022-03-07,25.61,24.9895,25.62,24.9895,510
2022-03-08,24.7901,24.7652,24.7901,24.76,444
2022-03-09,25.19,25.2903,25.41,25.19,3723
2022-03-10,25.05,25.2333,25.2333,24.9428,891
2022-03-11,25.42,24.9975,25.42,24.9975,2649
2022-03-14,25.12,24.9862,25.12,24.9862,545
2022-03-15,25.39,25.4686,25.4686,25.28,2064
2022-03-16,25.64,25.8779,25.8779,25.6,2060
2022-03-17,25.92,26.0902,26.0902,25.92,195
2022-03-18,26.1,26.3077,26.3077,26.1,215
2022-03-21,26.28,26.2127,26.29,26.2127,636
2022-03-22,26.42,26.3947,26.42,26.39,290
2022-03-23,26.14,26.0808,26.14,26.0808,160
2022-03-24,26.3897,26.3897,26.3897,26.3897,0
2022-03-25,26.57,26.5562,26.57,26.54,2080
2022-03-28,26.7014,26.6232,26.7014,26.7014,14
2022-03-29,26.9829,26.9829,26.9829,26.9829,0
2022-03-30,27.01,26.9049,27.12,26.89,8534
2022-03-31,26.89,26.6171,26.89,26.6171,539
2022-04-01,26.6674,26.6674,26.6674,26.6674,5
2022-04-04,26.6166,26.6673,26.6673,26.6166,252
2022-04-05,26.5293,26.5293,26.5293,26.5293,97
2022-04-06,26.36,26.4515,26.4515,26.36,2201
2022-04-07,26.5653,26.5653,26.5653,26.5653,0
2022-04-08,26.5383,26.5383,26.5383,26.5383,0
2022-04-11,26.164,26.164,26.164,26.164,36
2022-04-12,26.1022,26.1022,26.1022,26.1022,0
2022-04-13,26.295,26.295,26.295,26.295,51
2022-04-14,26.0868,26.0868,26.0868,26.0868,0
2022-04-18,26.074,25.9181,26.074,25.9181,1336
2022-04-19,26.28,26.349,26.349,26.28,255
2022-04-20,26.67,26.6008,26.67,26.6008,159
2022-04-21,26.73,26.3668,26.73,26.3668,741
2022-04-22,25.91,25.6156,25.91,25.6156,201
2022-04-25,25.42,25.72,25.72,25.42,404
2022-04-26,25.64,25.2034,25.64,25.2034,733
2022-04-27,25.33,25.3127,25.33,25.3127,211
2022-04-28,25.49,25.7805,25.7805,25.49,112
2022-04-29,25.615,24.9222,25.62,24.9222,752
2022-05-02,25.0173,25.0173,25.0173,25.0173,17
2022-05-03,25.24,25.1315,25.24,25.1315,200
2022-05-04,25.23,25.8085,25.8085,25.05,11732
2022-05-05,25.324,25.0599,25.324,24.9,4696
2022-05-06,24.9,24.9428,24.99,24.86,5567
2022-05-09,24.69,24.4197,24.69,24.4197,1119
2022-05-10,24.81,24.451,24.81,24.39,1400
2022-05-11,24.64,24.249,24.69,24.249,1804
2022-05-12,24.16,24.1791,24.1791,24.16,105
2022-05-13,24.66,24.6412,24.66,24.6412,100
2022-05-16,24.69,24.6256,24.69,24.6256,100
2022-05-17,24.91,24.9562,24.9562,24.8727,1550
2022-05-18,24.85,24.11,24.85,24.09,6705
2022-05-19,23.91,23.951,24.016,23.91,1283
2022-05-20,23.91,23.9492,23.9492,23.91,5011
2022-05-23,24.2178,24.3477,24.3477,24.2178,509
2022-05-24,24.23,24.3905,24.3905,24.23,710
2022-05-25,24.26,24.5758,24.58,24.26,14866
2022-05-26,25.02,24.9566,25.027,24.9566,1186
2022-05-27,25.4254,25.4254,25.4254,25.4254,0
2022-05-31,25.2183,25.2183,25.2183,25.2183,2
2022-06-01,25.0513,25.0513,25.0513,25.0513,1
2022-06-02,24.93,25.3734,25.3734,24.9266,1699
2022-06-03,25.0972,25.0972,25.0972,25.0972,37
2022-06-06,25.0983,25.0983,25.0983,25.0983,6
2022-06-07,25.303,25.303,25.303,25.303,16
2022-06-08,25.17,25.009,25.17,25.009,137
2022-06-09,24.5296,24.5296,24.5296,24.5296,3
2022-06-10,24.17,23.9766,24.17,23.9766,2366
2022-06-13,23.53,23.1623,23.53,23.16,29304
2022-06-14,23.24,23.0705,23.24,23.0705,3210
2022-06-15,23.27,23.2872,23.48,22.94,219401
2022-06-16,22.82,22.58,22.85,22.49,18877
2022-06-17,22.74,22.5991,22.74,22.45,2514
2022-06-21,22.87,23.0918,23.0918,22.87,720
2022-06-22,22.91,23.1796,23.26,22.91,2169
2022-06-23,23.27,23.2513,23.28,23.07,25756
2022-06-24,23.66,23.832,23.832,23.66,814
2022-06-27,23.8816,23.7242,23.93,23.8047,5586
2022-06-28,23.85,23.3781,23.85,23.3781,1501
2022-06-29,23.38,23.3974,23.3974,23.37,600
2022-06-30,23.35,23.1809,23.35,23.1809,184
2022-07-01,23.3,23.45,23.45,23.3,177
2022-07-05,23.21,23.3072,23.3072,22.95,401
2022-07-06,23.31,23.4157,23.4157,23.31,100
2022-07-07,23.56,23.6255,23.6255,23.5316,448
2022-07-08,23.63,23.6083,23.67,23.6083,301
2022-07-11,23.53,23.4257,23.585,23.4257,3460
2022-07-12,23.53,23.3068,23.53,23.3068,551
2022-07-13,23.05,23.22,23.28,23.05,9333
2022-07-14,22.9,23.092,23.092,22.7797,2832
2022-07-15,23.33,23.4974,23.4974,23.33,10110
2022-07-18,23.2795,23.2795,23.2795,23.2795,6
2022-07-19,23.77,23.8847,23.8847,23.7699,4005
2022-07-20,23.873,23.8482,23.925,23.8482,423
2022-07-21,23.8,24.0707,24.0707,23.8,2701
2022-07-22,24.2,24.0479,24.21,24.0479,12922
2022-07-25,24.09,24.1592,24.1592,24.09,100
2022-07-26,24.12,23.9755,24.12,23.9755,2139
2022-07-27,24.15,24.418,24.418,24.15,2321
2022-07-28,24.74,24.699,24.74,24.699,221
2022-07-29,24.77,24.8948,24.8948,24.74,5704
2022-08-01,24.77,24.814,24.88,24.77,824
2022-08-02,24.88,24.6533,24.88,24.6533,150
2022-08-03,24.68,25.0318,25.0318,24.68,1066
2022-08-04,24.95,24.9265,24.95,24.9265,100
2022-08-05,24.93,24.9645,24.9645,24.93,100
2022-08-08,25.1,24.986,25.1,24.96,389
2022-08-09,24.9303,24.9303,24.9303,24.9303,123
2022-08-10,25.25,25.3425,25.3425,25.25,992
2022-08-11,25.49,25.4045,25.56,25.4045,678
2022-08-12,25.6,25.7775,25.7775,25.54,985
2022-08-15,25.915,25.915,25.915,25.915,101
2022-08-16,26.08,25.997,26.08,25.94,330
2022-08-17,25.82,25.8758,25.97,25.8138,2727
2022-08-18,25.94,25.922,25.95,25.922,1348
2022-08-19,25.75,25.6963,25.79,25.6963,1827
2022-08-22,25.46,25.2063,25.46,25.2063,2094
2022-08-23,25.12,25.085,25.14,25.085,1796
2022-08-24,25.18,25.123,25.18,25.123,381
2022-08-25,25.4092,25.4092,25.4092,25.4092,0
2022-08-26,24.67,24.67,24.67,24.67,140
2022-08-29,24.5926,24.5926,24.5926,24.5926,1218
2022-08-30,24.34,24.3004,24.34,24.3,419
2022-08-31,24.35,24.1991,24.38,24.1991,3140
2022-09-01,24.1799,24.2401,24.2401,24.154,4870
2022-09-02,24.1,23.993,24.14,23.993,15277
2022-09-06,23.93,23.94,24.1022,23.93,6718
2022-09-07,24.44,24.4193,24.45,24.4193,953
2022-09-08,24.25,24.5406,24.5468,24.25,1437
2022-09-09,24.76,24.8217,24.8217,24.76,569
2022-09-12,25.0792,25.0792,25.0792,25.0792,174
2022-09-13,24.69,24.1792,24.71,24.1792,1096
2022-09-14,24.19,24.1067,24.21,24.05,6909
2022-09-15,23.87,23.8985,23.8985,23.85,2438
2022-09-16,23.8,23.7412,23.8,23.66,1552
2022-09-19,23.76,23.9058,23.9058,23.735,2026
2022-09-20,23.75,23.6848,23.75,23.6848,117
2022-09-21,23.87,23.3654,23.87,23.3654,40254
2022-09-22,23.23,23.2361,23.352,23.16,12206
2022-09-23,22.99,22.83,22.99,22.59,18800
2022-09-26,22.74,22.6243,22.74,22.6243,2110
2022-09-27,22.82,22.4079,23.05,22.39,20487
2022-09-28,22.41,22.8111,22.8111,22.35,10403
2022-09-29,22.65,22.395,22.65,22.395,2186
2022-09-30,22.28,22.0631,22.34,22.0631,2402
2022-10-03,22.38,22.6718,22.7799,22.26,10698
2022-10-04,22.96,23.3092,23.3092,22.96,211
2022-10-05,23.35,23.3155,23.37,23.3155,507
2022-10-06,23.13,23.0223,23.21,23.01,9702
2022-10-07,22.9,22.4759,22.9,22.4759,560
2022-10-10,22.43,22.3398,22.43,22.3398,2602
2022-10-11,22.21,22.2305,22.2305,22.21,6100
2022-10-12,22.1373,22.1373,22.1373,22.1373,86
2022-10-13,21.76,22.7401,22.7401,21.76,25518
2022-10-14,22.83,22.2476,22.83,22.2476,16404
2022-10-17,22.6,22.7268,22.7268,22.6,1164
2022-10-18,23.22,22.97,23.22,22.97,2301
2022-10-19,22.87,22.8167,22.9,22.8167,1820
2022-10-20,22.6899,22.6351,22.6899,22.6351,742
2022-10-21,23.1128,23.1128,23.1128,23.1128,50
2022-10-24,23.34,23.4188,23.51,23.34,15484
2022-10-25,23.7413,23.7413,23.7413,23.7413,1
2022-10-26,23.69,23.7648,23.7648,23.69,7271
2022-10-27,23.9,23.7718,23.9,23.7718,665
2022-10-28,24.281,24.4284,24.4284,24.2806,230
2022-10-31,24.2654,24.2654,24.2654,24.2654,52
2022-11-01,24.11,24.2061,24.2061,24.1027,323
2022-11-02,24.23,23.7395,24.44,23.7395,19629
2022-11-03,23.47,23.4013,23.54,23.4013,7400
2022-11-04,23.69,23.7338,23.7338,23.44,5067
2022-11-07,23.8,24.0294,24.0294,23.8,500
2022-11-08,24.1,24.1433,24.1433,24.1,445
2022-11-09,24.02,23.7632,24.02,23.7632,617
2022-11-10,24.32,24.7846,24.79,24.31,3302
2022-11-11,24.76,24.8696,24.8696,24.76,506
2022-11-14,24.6654,24.6654,24.6654,24.6654,0
2022-11-15,25.02,24.761,25.02,24.64,6117
2022-11-16,24.826,24.826,24.826,24.826,5
2022-11-17,24.63,24.7495,24.81,24.63,1144
2022-11-18,24.9868,24.9868,24.9868,24.9868,0
2022-11-21,25.0358,25.0358,25.0358,25.0358,2
2022-11-22,25.269,25.3666,25.3666,25.261,1741
2022-11-23,25.43,25.4572,25.48,25.43,4208
2022-11-25,25.4973,25.4973,25.4973,25.4973,0
2022-11-28,25.0982,25.0982,25.0982,25.0982,293
2022-11-29,25.12,25.1089,25.12,25.1089,294
2022-11-30,25.08,25.748,25.748,25.06,15300
2022-12-01,25.74,25.7186,25.7401,25.7186,1213
2022-12-02,25.55,25.7245,25.7245,25.55,334
2022-12-05,25.48,25.3663,25.49,25.3663,6903
2022-12-06,25.1116,25.1116,25.1116,25.1116,0
2022-12-07,25.1637,25.1637,25.1637,25.1637,0
2022-12-08,25.3301,25.3168,25.35,25.3168,744
2022-12-09,25.1382,25.1382,25.1382,25.1382,136
2022-12-12,25.14,25.5016,25.5016,25.14,20029
2022-12-13,25.98,25.6364,25.98,25.6364,2468
2022-12-14,25.69,25.4394,25.82,25.39,26988
2022-12-15,24.75,24.8304,24.8304,24.54,5666
2022-12-16,24.7,24.5803,24.7,24.3863,2558
2022-12-19,24.476,24.4039,24.476,24.4039,427
2022-12-20,24.4841,24.4841,24.4841,24.4841,132
2022-12-21,24.773,24.773,24.773,24.773,339
2022-12-22,24.38,24.5268,24.5268,24.38,1072
2022-12-23,24.6922,24.6922,24.6922,24.6922,213
2022-12-27,24.78,24.7237,24.78,24.7237,158
2022-12-28,24.71,24.4575,24.71,24.4575,602
2022-12-29,24.7844,24.7844,24.7844,24.7844,21
2022-12-30,24.6919,24.6919,24.6919,24.6919,5
2023-01-03,24.81,24.5903,24.81,24.44,1219
2023-01-04,24.72,24.69,24.72,24.69,814
2023-01-05,24.62,24.3935,24.62,24.3935,3269
2023-01-06,24.94,24.93,24.94,24.93,371
2023-01-09,24.89,24.8095,24.89,24.8095,139
2023-01-10,24.81,24.91,24.91,24.8,510
2023-01-11,25.06,25.0929,25.0929,25.06,157
2023-01-12,25.1235,25.1235,25.1235,25.1235,55
2023-01-13,25.173,25.173,25.173,25.173,130
2023-01-17,25.1495,25.0868,25.1495,25.08,1835
2023-01-18,24.6059,24.6059,24.6059,24.6059,5
2023-01-19,24.4199,24.3767,24.44,24.3767,1447
2023-01-20,24.55,24.7093,24.7093,24.55,205
2023-01-23,24.9082,24.9082,24.9082,24.9082,7
2023-01-24,24.95,25.0064,25.0064,24.95,299
2023-01-25,24.9519,24.9519,24.9519,24.9519,54
2023-01-26,25.1126,25.1126,25.1126,25.1126,115
2023-01-27,25.0486,25.0486,25.0486,25.0486,2
2023-01-30,24.8365,24.8365,24.8365,24.8365,93
2023-01-31,24.915,25.0995,25.0995,24.915,637
2023-02-01,25.2376,25.2376,25.2376,25.2376,11
2023-02-02,25.3752,25.3752,25.3752,25.3752,100
2023-02-03,25.25,25.2463,25.25,25.2463,390
2023-02-06,25.19,25.1838,25.21,25.1838,300
2023-02-07,25.4478,25.4478,25.4478,25.4478,94
2023-02-08,25.45,25.2471,25.45,25.2471,813
2023-02-09,25.367,25.0419,25.38,25.0419,525
2023-02-10,25.2097,25.2783,25.2783,25.13,667
2023-02-13,25.3,25.4853,25.52,25.3,1112
2023-02-14,25.428,25.428,25.428,25.428,70
2023-02-15,25.3699,25.4176,25.4176,25.3627,532
2023-02-16,25.2131,25.2131,25.2131,25.2131,46
2023-02-17,25.15,25.1775,25.1775,25.15,687
2023-02-21,24.77,24.7625,24.77,24.7625,110
2023-02-22,24.66,24.66,24.66,24.66,22
2023-02-23,24.69,24.7476,24.75,24.69,708
2023-02-24,24.635,24.5844,24.635,24.5844,211
2023-02-27,24.6782,24.6782,24.6782,24.6782,77
2023-02-28,24.669,24.6539,24.679,24.6539,754
2023-03-01,24.4899,24.4899,24.4899,24.4899,48
2023-03-02,24.6579,24.6579,24.6579,24.6579,10
2023-03-03,25.0387,25.0387,25.0387,25.0387,0
2023-03-06,25.16,25.0658,25.16,25.06,472
2023-03-07,24.724,24.7129,24.724,24.7129,180
2023-03-08,24.7347,24.7347,24.7347,24.7347,0
2023-03-09,24.2951,24.2951,24.2951,24.2951,63
2023-03-10,23.9415,23.9415,23.9415,23.9415,25
2023-03-13,23.8492,23.8492,23.8492,23.8492,33
2023-03-14,24.1757,24.1757,24.1757,24.1757,72
2023-03-15,23.85,23.9204,23.9204,23.85,325
2023-03-16,24.2805,24.2805,24.2805,24.2805,40
2023-03-17,23.9972,23.9972,23.9972,23.9972,4
2023-03-20,24.2672,24.2672,24.2672,24.2672,239
2023-03-21,24.4652,24.4652,24.4652,24.4652,172
2023-03-22,24.1472,24.1472,24.1472,24.1472,170
2023-03-23,24.1339,24.1339,24.1339,24.1339,1
2023-03-24,24.2638,24.2638,24.2638,24.2638,49
2023-03-27,24.407,24.407,24.407,24.407,59
2023-03-28,24.436,24.3099,24.436,24.3995,153
2023-03-29,24.5828,24.5828,24.5828,24.5828,107
2023-03-30,24.7023,24.7023,24.7023,24.7023,187
2023-03-31,24.9959,24.9959,24.9959,24.9959,7
2023-04-03,25.1437,25.1437,25.1437,25.1437,46
2023-04-04,24.9555,24.9555,24.9555,24.9555,37
2023-04-05,24.9759,24.9759,24.9759,24.9759,116
2023-04-06,25.0198,25.0177,25.0198,25.0177,420
2023-04-10,24.8,25.0457,25.0457,24.8,392
2023-04-11,25.0781,25.0781,25.0781,25.0781,55
2023-04-12,25.06,25.0375,25.06,25.0375,306
2023-04-13,25.3026,25.3026,25.3026,25.3026,181
2023-04-14,25.2149,25.2149,25.2149,25.2149,41
2023-04-17,25.3247,25.3247,25.3247,25.3247,64
2023-04-18,25.4149,25.4149,25.4149,25.4149,108
2023-04-19,25.41,25.41,25.41,25.41,129
2023-04-20,25.311,25.311,25.311,25.311,24
2023-04-21,25.3103,25.3103,25.3103,25.3103,2
2023-04-24,25.3459,25.3459,25.3459,25.3459,74
2023-04-25,25.0581,25.0581,25.0581,25.0581,168
2023-04-26,25.0284,24.8996,25.0284,24.8996,577
2023-04-27,25.2867,25.2867,25.2867,25.2867,15
2023-04-28,25.49,25.5324,25.5324,25.46,1480
2023-05-01,25.6316,25.5891,25.6316,25.5891,262
2023-05-02,25.3034,25.3034,25.3034,25.3034,0
2023-05-03,25.0623,25.0623,25.0623,25.0623,0
2023-05-04,24.85,24.9083,24.9083,24.85,220
2023-05-05,25.2358,25.2967,25.2967,25.2358,149
2023-05-08,25.2661,25.2661,25.2661,25.2661,46
2023-05-09,25.1916,25.1732,25.1916,25.1732,247
2023-05-10,25.2067,25.2067,25.2067,25.2067,1
2023-05-11,25.1,25.1314,25.1314,25.1,163
2023-05-12,25.1814,25.1814,25.1814,25.1814,0
2023-05-15,25.19,25.1931,25.1931,25.19,100
2023-05-16,24.9509,24.9509,24.9509,24.9509,57
2023-05-17,25.2104,25.2104,25.2104,25.2104,101
2023-05-18,25.4069,25.4069,25.4069,25.4069,0
2023-05-19,25.4205,25.4205,25.4205,25.4205,6
2023-05-22,25.3035,25.3035,25.3035,25.3035,0
2023-05-23,25.068,25.068,25.068,25.068,0
2023-05-24,24.8744,24.8744,24.8744,24.8744,87
2023-05-25,24.959,24.959,24.959,24.959,5
2023-05-26,25.324,25.324,25.324,25.324,22
2023-05-30,25.25,25.218,25.26,25.218,2628
2023-05-31,25.14,25.1311,25.14,25.1311,196
2023-06-01,25.1386,25.1386,25.1386,25.1386,31
2023-06-02,25.5945,25.5945,25.5945,25.5945,0
2023-06-05,25.4679,25.5945,25.4679,25.4679,0
2023-06-06,25.4167,25.4167,25.4167,25.4167,12
2023-06-07,25.4755,25.4755,25.4755,25.4755,32
2023-06-08,25.5334,25.5334,25.5334,25.5334,82
2023-06-09,25.521,25.521,25.521,25.521,0
2023-06-12,25.5,25.6665,25.6665,25.5,2344
2023-06-13,25.81,25.8273,25.8273,25.81,798
2023-06-14,25.7666,25.7666,25.7666,25.7666,1
2023-06-15,26.1312,26.1312,26.1312,26.1312,80
2023-06-16,26.0109,26.0109,26.0109,26.0109,0
2023-06-20,25.8429,25.8429,25.8429,25.8429,0
2023-06-21,25.8191,25.8191,25.8191,25.8191,12
2023-06-22,25.8517,25.8517,25.8517,25.8517,35
2023-06-23,25.6778,25.6778,25.6778,25.6778,0
2023-06-26,25.6857,25.6857,25.6857,25.6857,1
2023-06-27,25.9348,25.8434,25.9348,25.9348,0
2023-06-28,25.7608,25.7608,25.7608,25.7608,0
2023-06-29,26.0056,26.0056,26.0056,26.0056,10
2023-06-30,26.3235,26.3235,26.3235,26.3235,9
2023-07-03,26.33,26.3214,26.3399,26.3214,294
2023-07-05,26.26,26.2457,26.26,26.2457,304
2023-07-06,26.0789,26.0789,26.0789,26.0789,167
2023-07-07,25.947,25.947,25.947,25.947,67
2023-07-10,26.0867,26.0867,26.0867,26.0867,10
2023-07-11,26.2321,26.2321,26.2321,26.2321,18
2023-07-12,26.48,26.3566,26.54,26.3566,5392
2023-07-13,26.415,26.4667,26.4667,26.415,142
2023-07-14,26.495,26.4775,26.51,26.4775,1923
2023-07-17,26.63,26.5932,26.63,26.5932,272
2023-07-18,26.665,26.8024,26.8024,26.665,1610
2023-07-19,26.91,26.8443,26.91,26.8443,405
2023-07-20,26.95,26.9611,26.9611,26.95,422
2023-07-21,27.0153,27.0153,27.0153,27.0153,0
2023-07-24,27.08,27.07,27.08,27.07,415
2023-07-25,27.2553,27.2553,27.2553,27.2553,4
2023-07-26,27.0601,27.1001,27.1001,27.0601,481
2023-07-27,26.89,26.89,26.89,26.89,92
2023-07-28,26.9981,26.9981,26.9981,26.9981,1
2023-07-31,26.9974,26.9974,26.9974,26.9974,551
2023-08-01,27.1,27.0395,27.1,27.0395,285
2023-08-02,26.8516,26.8026,26.8516,26.8026,225
2023-08-03,26.6998,26.6998,26.6998,26.6998,103
2023-08-04,26.6868,26.3885,26.6868,26.3885,319
2023-08-07,26.596,26.596,26.596,26.596,0
2023-08-08,26.3633,26.3633,26.3633,26.3633,16
2023-08-09,26.2586,26.2586,26.2586,26.2586,74
2023-08-10,26.2621,26.2621,26.2621,26.2621,45
2023-08-11,26.3187,26.3187,26.3187,26.3187,2
2023-08-14,26.3898,26.3805,26.3898,26.3805,594
2023-08-15,26.1347,26.1347,26.1347,26.1347,63
2023-08-16,26.2203,26.0385,26.2203,26.0385,1309
2023-08-17,26.03,25.8444,26.03,25.8444,7756
2023-08-18,25.8533,25.8533,25.8533,25.8533,48
2023-08-21,25.98,25.969,25.98,25.969,832
2023-08-22,25.96,25.9272,25.98,25.9272,3962
2023-08-23,26.1323,26.1323,26.1323,26.1323,2
2023-08-24,25.8975,25.8975,25.8975,25.8975,1
2023-08-25,26.0678,26.0678,26.0678,26.0678,0
2023-08-28,26.2228,26.2228,26.2228,26.2228,1
2023-08-29,26.2416,26.4787,26.4787,26.2416,143
2023-08-30,26.584,26.584,26.584,26.584,0
2023-08-31,26.4989,26.4989,26.4989,26.4989,27
2023-09-01,26.5333,26.5333,26.5333,26.5333,0
2023-09-05,26.442,26.3704,26.442,26.3704,155
2023-09-06,26.2395,26.2395,26.2395,26.2395,50
2023-09-07,26.2407,26.2407,26.2407,26.2407,20
2023-09-08,26.2808,26.2808,26.2808,26.2808,0
2023-09-11,26.37,26.3684,26.38,26.3684,587
2023-09-12,26.308,26.2896,26.308,26.2896,613
2023-09-13,26.252,26.252,26.252,26.252,0
2023-09-14,26.5297,26.5297,26.5297,26.5297,0
2023-09-15,26.38,26.2702,26.38,26.2702,983
2023-09-18,26.3147,26.3147,26.3147,26.3147,25
2023-09-19,26.2855,26.2855,26.2855,26.2855,7
2023-09-20,26.1491,26.1491,26.1491,26.1491,5
2023-09-21,26.0,25.8021,26.0,25.8021,436
2023-09-22,25.7658,25.7658,25.7658,25.7658,2
2023-09-25,25.765,25.8126,25.8126,25.765,192
2023-09-26,25.52,25.3722,25.5273,25.4611,860
2023-09-27,25.37,25.3172,25.37,25.3172,162
2023-09-28,25.4087,25.4087,25.4087,25.4087,96
2023-09-29,25.298,25.298,25.298,25.298,14
2023-10-02,25.1669,25.1669,25.1669,25.1669,105
2023-10-03,24.8809,24.8809,24.8809,24.8809,120
2023-10-04,25.0227,25.0227,25.0227,25.0227,0
2023-10-05,24.915,24.915,24.915,24.915,1
2023-10-06,25.1316,25.1316,25.1316,25.1316,0
2023-10-09,25.15,25.3132,25.3132,25.15,204
2023-10-10,25.4287,25.4287,25.4287,25.4287,0
2023-10-11,25.4988,25.4988,25.4988,25.4988,0
2023-10-12,25.347,25.347,25.347,25.347,1
2023-10-13,25.35,25.3364,25.35,25.3364,149
2023-10-16,25.59,25.6225,25.6225,25.59,216
2023-10-17,25.5727,25.5727,25.5727,25.5727,63
2023-10-18,25.46,25.3569,25.54,25.34,4082
2023-10-19,25.1621,25.1621,25.1621,25.1621,94
2023-10-20,24.8707,24.8707,24.8707,24.8707,13
2023-10-23,24.8754,24.7241,24.8754,24.7241,185
2023-10-24,24.9293,24.9293,24.9293,24.9293,1
2023-10-25,24.7863,24.7863,24.7863,24.7863,2
2023-10-26,24.5873,24.5873,24.5873,24.5873,5
2023-10-27,24.328,24.328,24.328,24.328,25
2023-10-30,24.6773,24.6773,24.6773,24.6773,172
2023-10-31,24.74,24.8969,24.8969,24.73,440
2023-11-01,25.14,25.1153,25.14,25.1153,183
2023-11-02,25.5787,25.5787,25.5787,25.5787,2
2023-11-03,25.784,25.784,25.784,25.784,0
2023-11-06,25.7568,25.7568,25.7568,25.7568,0
2023-11-07,25.796,25.796,25.796,25.796,78
2023-11-08,25.8564,25.8564,25.8564,25.8564,1
2023-11-09,25.6809,25.6809,25.6809,25.6809,25
2023-11-10,26.0546,26.0546,26.0546,26.0546,0
2023-11-13,25.97,25.9873,26.05,25.97,4629
2023-11-14,26.45,26.42,26.49,26.4,5645
2023-11-15,26.53,26.47,26.56,26.45,9215
2023-11-16,26.46,26.54,26.54,26.42,8087
2023-11-17,26.54,26.5804,26.61,26.54,1046
2023-11-20,26.6,26.78,26.82,26.6,16752
2023-11-21,26.71,26.69,26.73,26.68,18511
2023-11-22,26.8008,26.8001,26.8008,26.8001,162
2023-11-24,26.83,26.8468,26.85,26.82,1481
2023-11-27,26.7977,26.7661,26.84,26.7661,14927
2023-11-28,26.67,26.76,26.78,26.67,1324
2023-11-29,26.87,26.7989,26.9,26.79,22944
2023-11-30,26.84,26.9823,26.9823,26.84,6207
2023-12-01,27.18,27.1757,27.19,27.1757,818
2023-12-04,27.138,27.138,27.138,27.138,47
2023-12-05,27.11,27.06,27.11,27.05,5931
2023-12-06,27.05,27.0075,27.1,27.0075,10723
2023-12-07,27.11,27.1165,27.14,27.08,6395
2023-12-08,27.1208,27.1822,27.23,27.1208,3032
2023-12-11,27.413,27.413,27.413,27.413,28
2023-12-12,27.51,27.5994,27.63,27.51,7065
2023-12-13,27.9452,27.8665,27.9452,27.9452,222
2023-12-14,27.94,27.9377,27.94,27.9377,226
2023-12-15,27.91,27.8828,27.91,27.88,1953
2023-12-18,27.9,27.92,27.94,27.85,28037
2023-12-19,27.99,28.02,28.02,27.96,10038
2023-12-20,27.98,27.61,28.02,27.61,7896
2023-12-21,27.76,27.8346,27.8346,27.76,6305
2023-12-22,27.96,27.9128,27.96,27.9128,13280
2023-12-26,27.95,27.9964,27.9964,27.94,18217
2023-12-27,28.0337,28.0337,28.0337,28.0337,22
2023-12-28,28.0983,28.0983,28.0983,28.0983,33
2023-12-29,28.09,28.05,28.09,27.97,15503
2024-01-02,28.04,28.011,28.05,28.011,28194
2024-01-03,27.86,27.7994,27.8831,27.7994,671
2024-01-04,27.7591,27.7591,27.7591,27.7591,23
2024-01-05,27.78,27.7206,27.78,27.7206,2571
2024-01-08,27.77,27.97,27.98,27.73,23859
2024-01-09,27.82,27.9016,27.9016,27.82,3509
2024-01-10,27.9897,27.9897,27.9897,27.9897,33
2024-01-11,27.9642,27.9642,27.9642,27.9642,6
2024-01-12,28.0238,28.0238,28.0238,28.0238,825
2024-01-16,27.95,27.8601,27.95,27.83,7030
2024-01-17,27.745,27.7405,27.745,27.74,520
2024-01-18,27.9116,27.9116,27.9116,27.9116,243
2024-01-19,27.97,28.1655,28.21,27.95,18695
2024-01-22,28.27,28.2532,28.28,28.2,23797
2024-01-23,28.3298,28.3298,28.3298,28.3298,0
2024-01-24,28.33,28.2,28.33,28.2,1185
2024-01-25,28.27,28.2933,28.2933,28.215,405
2024-01-26,28.3501,28.3403,28.3501,28.3403,360
2024-01-29,28.47,28.45,28.47,28.45,2677
2024-01-30,28.5211,28.5211,28.5211,28.5211,0
2024-01-31,28.42,28.2219,28.42,28.2219,184
2024-02-01,28.46,28.5633,28.5633,28.44,853
2024-02-02,28.6515,28.6515,28.6515,28.6515,25
2024-02-05,28.41,28.41,28.41,28.41,171
2024-02-06,28.5535,28.5535,28.5535,28.5535,30
2024-02-07,28.7253,28.7253,28.7253,28.7253,22
2024-02-08,28.72,28.72,28.72,28.72,116
2024-02-09,28.8194,28.8194,28.8194,28.8194,48
2024-02-12,28.7436,28.7436,28.7436,28.7436,0
2024-02-13,28.255,28.3643,28.3643,28.255,538
2024-02-14,28.4835,28.4835,28.4835,28.4835,0
2024-02-15,28.7508,28.7508,28.7508,28.7508,0
2024-02-16,28.69,28.655,28.69,28.655,102
2024-02-20,28.6232,28.6152,28.69,28.6112,851
2024-02-21,28.7572,28.7572,28.7572,28.7572,42
2024-02-22,29.1885,29.1885,29.1885,29.1885,120
2024-02-23,29.28,29.2233,29.28,29.2233,441
2024-02-26,29.1116,29.1116,29.1116,29.1116,0
2024-02-27,29.1006,29.1006,29.1006,29.1006,105
2024-02-28,29.1294,29.1294,29.1294,29.1294,27
2024-02-29,29.2156,29.2156,29.2156,29.2156,50
2024-03-01,29.3591,29.3591,29.3591,29.3591,0
2024-03-04,29.308,29.308,29.308,29.308,21
2024-03-05,29.0305,29.0305,29.0305,29.0305,1
2024-03-06,29.19,29.1668,29.21,29.1668,244
2024-03-07,29.31,29.3055,29.31,29.3055,172
2024-03-08,29.2293,29.2293,29.2293,29.2293,3
2024-03-11,29.175,29.2728,29.2728,29.175,236
2024-03-12,29.4261,29.4261,29.4261,29.4261,104
2024-03-13,29.3697,29.3697,29.3697,29.3697,0
2024-03-14,29.3474,29.3474,29.3474,29.3474,21
2024-03-15,29.1637,29.1637,29.1637,29.1637,12
2024-03-18,29.34,29.186,29.34,29.186,209
2024-03-19,29.37,29.4224,29.4224,29.37,664
2024-03-20,29.5783,29.5783,29.5783,29.5783,114
2024-03-21,29.6421,29.6421,29.6421,29.6421,72
2024-03-22,29.5521,29.5521,29.5521,29.5521,10
2024-03-25,29.377,29.2849,29.377,29.377,85
2024-03-26,29.3,29.2305,29.3,29.2305,184
2024-03-27,29.5082,29.5082,29.5082,29.5082,36
2024-03-28,29.552,29.6055,29.6055,29.552,245
2024-04-01,29.45,29.4497,29.45,29.4497,419
2024-04-02,29.24,29.2189,29.24,29.2189,209
2024-04-03,29.1821,29.1821,29.1821,29.1821,66
2024-04-04,29.37,28.9346,29.37,28.93,112970
2024-04-05,29.03,29.1701,29.1701,29.03,528
2024-04-08,29.19,29.1546,29.19,29.1546,398
2024-04-09,29.06,29.1778,29.1778,29.06,243
2024-04-10,28.795,28.8519,28.8519,28.7799,2345
2024-04-11,28.83,28.973,28.973,28.825,2618
2024-04-12,28.6402,28.5526,28.6402,28.5526,456
2024-04-15,28.63,28.3423,28.63,28.3423,234
2024-04-16,28.37,28.3394,28.44,28.33,9608
2024-04-17,28.41,28.26,28.41,28.2299,690
2024-04-18,28.2002,28.21,28.21,28.2002,375
2024-04-19,28.27,28.28,28.28,28.2,7159
2024-04-22,28.3505,28.4371,28.4371,28.3505,267
2024-04-23,28.625,28.625,28.625,28.625,63
2024-04-24,28.6,28.7472,28.7472,28.6,5246
2024-04-25,28.76,28.7275,28.76,28.7275,131
2024-04-26,28.8316,28.7777,28.8316,28.7777,377
2024-04-29,28.8376,28.8376,28.8376,28.8376,2
2024-04-30,28.7538,28.51,28.7538,28.5,608
2024-05-01,28.41,28.3644,28.41,28.3644,243
2024-05-02,28.36,28.4412,28.4412,28.36,784
2024-05-03,28.8424,28.8424,28.8424,28.8424,64
2024-05-06,28.91,28.9666,28.9666,28.91,831
2024-05-07,29.12,29.1193,29.12,29.1193,123
2024-05-08,29.2,29.2,29.21,29.16,2819
2024-05-09,29.3156,29.3696,29.37,29.3156,630
2024-05-10,29.4601,29.5191,29.5191,29.46,1239
2024-05-13,29.473,29.473,29.473,29.473,4
2024-05-14,29.59,29.63,29.63,29.59,1005
2024-05-15,29.9,29.9512,29.9512,29.88,1071
2024-05-16,30.08,29.95,30.08,29.95,1130
2024-05-17,29.99,29.99,29.99,29.99,163
2024-05-20,30.02,29.917,30.02,29.917,486
2024-05-21,29.95,29.9887,29.9887,29.9,12118
2024-05-22,29.98,29.87,29.98,29.81,8206
2024-05-23,29.52,29.5221,29.5221,29.52,628
2024-05-24,29.6,29.6,29.6,29.6,104
2024-05-28,29.335,29.4153,29.4153,29.335,254
2024-05-29,29.1943,29.14,29.22,29.14,1536
2024-05-30,29.23,29.21,29.23,29.21,305
2024-05-31,29.53,29.53,29.53,29.53,176
2024-06-03,29.375,29.4233,29.4233,29.375,217
2024-06-04,29.47,29.5238,29.5242,29.47,119242
2024-06-05,29.7684,29.7832,29.7832,29.7684,3367
2024-06-06,29.74,29.72,29.74,29.72,379
2024-06-07,29.74,29.72,29.741,29.72,864
2024-06-10,29.76,29.82,29.82,29.74,1924
2024-06-11,29.69,29.85,29.85,29.69,1235
2024-06-12,29.981,29.981,29.981,29.981,101
2024-06-13,30.0144,30.17,30.2,30.0144,733
2024-06-14,30.1582,30.1681,30.1681,30.1582,479
2024-06-17,30.47,30.47,30.47,30.47,263
2024-06-18,30.4,30.4,30.4,30.4,131
2024-06-20,30.45,30.45,30.45,30.45,145
2024-06-21,30.39,30.39,30.39,30.39,154
2024-06-24,30.59,30.52,30.59,30.52,305
2024-06-25,30.47,30.3916,30.47,30.3916,657
2024-06-26,30.37,30.2525,30.37,30.37,222
2024-06-27,30.28,30.2815,30.2815,30.28,800
2024-06-28,30.2628,30.2628,30.2628,30.2628,159
2024-07-01,30.27,30.2537,30.27,30.2537,391
2024-07-02,30.406,30.406,30.406,30.406,0
2024-07-03,30.5671,30.5671,30.5671,30.5671,0
2024-07-05,30.671,30.671,30.671,30.671,1
2024-07-08,30.67,30.68,30.68,30.67,240
2024-07-09,30.6142,30.6142,30.6142,30.6142,92
2024-07-10,30.61,30.9105,30.9105,30.61,212
2024-07-11,30.96,30.9878,30.9878,30.96,131
2024-07-12,31.15,31.15,31.15,31.15,154
2024-07-15,31.255,31.1816,31.255,31.1816,229
2024-07-16,31.46,31.488,31.488,31.46,103
2024-07-17,31.2789,31.2789,31.2789,31.2789,25
2024-07-18,31.09,31.0448,31.1,31.0448,957
2024-07-19,30.8611,30.8611,30.8611,30.8611,28
2024-07-22,31.1248,31.1248,31.1248,31.1248,156
2024-07-23,31.089,31.089,31.089,31.089,77
2024-07-24,30.825,30.6658,30.825,30.6658,503
2024-07-25,30.64,30.5937,30.6401,30.5937,234
2024-07-26,30.8938,30.8938,30.8938,30.8938,2
2024-07-29,30.965,30.965,30.965,30.965,38
2024-07-30,31.1597,31.1023,31.1597,31.1023,300
2024-07-31,31.41,31.4149,31.4149,31.41,338
2024-08-01,31.1711,31.1711,31.1711,31.1711,133
2024-08-02,30.83,30.9631,30.9631,30.83,411
2024-08-05,30.43,30.0951,30.43,30.0951,290
2024-08-06,30.66,30.4295,30.66,30.4295,216
2024-08-07,30.296,30.296,30.296,30.296,54
2024-08-08,30.7354,30.7354,30.7354,30.7354,0
2024-08-09,30.8258,30.8258,30.8258,30.8258,0
2024-08-12,30.84,30.786,30.84,30.786,152
2024-08-13,31.2331,31.2331,31.2331,31.2331,16
2024-08-14,31.39,31.451,31.451,31.39,100
2024-08-15,31.745,31.745,31.745,31.745,47
2024-08-16,31.8001,31.8001,31.8001,31.8001,39
2024-08-19,31.9766,31.9766,31.9766,31.9766,132
2024-08-20,31.97,31.9741,31.9741,31.946,609
2024-08-21,32.025,32.0573,32.0573,32.025,325
2024-08-22,31.8992,31.8992,31.8992,31.8992,38
2024-08-23,32.02,32.23,32.23,32.02,753
2024-08-26,32.174,32.1972,32.1972,32.174,1607
2024-08-27,32.3077,32.3077,32.3077,32.3077,143
2024-08-28,32.2069,32.2069,32.2069,32.2069,107
2024-08-29,32.336,32.2987,32.35,32.2987,301
2024-08-30,32.5528,32.5528,32.5528,32.5528,52
2024-09-03,32.117,32.117,32.117,32.117,151
2024-09-04,32.18,32.1704,32.2055,32.1704,621
2024-09-05,31.9899,32.004,32.004,31.9899,182
2024-09-06,31.6414,31.6414,31.6414,31.6414,27
2024-09-09,32.0263,32.0263,32.0263,32.0263,32
2024-09-10,32.13,32.1359,32.1359,32.13,308
2024-09-11,31.6599,32.3318,32.3318,31.6599,431
2024-09-12,32.5136,32.5136,32.5136,32.5136,36
2024-09-13,32.6964,32.6964,32.6964,32.6964,227
2024-09-16,32.7494,32.7494,32.7494,32.7494,187
2024-09-17,32.75,32.6426,32.75,32.6426,257
2024-09-18,32.5415,32.5415,32.5415,32.5415,61
2024-09-19,32.83,32.88,32.88,32.83,1617
2024-09-20,32.7,32.8534,32.8534,32.7,439
2024-09-23,32.89,32.9721,32.9721,32.89,329
2024-09-24,32.9694,32.9694,32.9694,32.9694,5
2024-09-25,32.915,32.8901,32.915,32.8901,109
2024-09-26,33.0041,32.9235,33.0041,33.0041,12
2024-09-27,32.898,32.898,32.898,32.898,22
2024-09-30,33.0535,33.0535,33.0535,33.0535,65
2024-10-01,32.7955,32.7955,32.7955,32.7955,67
2024-10-02,32.8099,32.8099,32.8099,32.8099,33
2024-10-03,32.6701,32.6701,32.6701,32.6701,11
2024-10-04,32.66,32.8144,32.8144,32.66,498
2024-10-07,32.5131,32.5131,32.5131,32.5131,213
2024-10-08,32.785,32.7949,32.7949,32.785,1009
2024-10-09,33.01,33.1113,33.1113,33.0,2379
2024-10-10,32.9842,32.9842,32.9842,32.9842,16
2024-10-11,33.09,33.2095,33.2095,33.09,198
2024-10-14,33.44,33.47,33.47,33.44,946
2024-10-15,33.3516,33.3516,33.3516,33.3516,45
2024-10-16,33.4,33.535,33.57,33.39,2684
2024-10-17,33.565,33.5449,33.595,33.5449,963
2024-10-18,33.5,33.58,33.61,33.5,2518
2024-10-21,33.33,33.3399,33.4,33.32,2509
2024-10-22,33.4355,33.4355,33.4355,33.4355,27
2024-10-23,33.26,33.3032,33.3032,33.16,644
2024-10-24,33.22,33.1401,33.22,33.1401,275
2024-10-25,32.981,32.981,32.981,32.981,194
2024-10-28,33.07,33.04,33.09,33.04,1787
2024-10-29,32.9313,32.9313,32.9313,32.9313,26
2024-10-30,32.8531,32.8531,32.8531,32.8531,21
2024-10-31,32.48,32.4516,32.48,32.4306,493
2024-11-01,32.685,32.5282,32.695,32.5257,3911
2024-11-04,32.48,32.4236,32.48,32.4236,1461
2024-11-05,32.68,32.77,32.77,32.66,8825
2024-11-06,33.11,33.1943,33.24,33.085,7331
2024-11-07,33.36,33.2989,33.36,33.265,4440
2024-11-08,33.575,33.5731,33.68,33.56,11494
2024-11-11,33.495,33.3712,33.52,33.3712,8008
2024-11-12,33.23,33.2447,33.33,33.23,805
2024-11-13,33.32,33.33,33.33,33.32,1346
2024-11-14,33.1346,33.1346,33.1346,33.1346,16
2024-11-15,32.83,32.8406,32.86,32.818,1042
2024-11-18,32.87,32.9315,32.95,32.87,2576
2024-11-19,32.74,32.8694,32.93,32.74,2894
2024-11-20,32.9701,32.9701,32.9701,32.9701,14
2024-11-21,33.24,33.24,33.24,33.24,253
2024-11-22,33.39,33.4421,33.4421,33.39,2114
2024-11-25,33.5,33.595,33.595,33.49,910
2024-11-26,33.61,33.7417,33.7417,33.61,563
2024-11-27,33.6747,33.6747,33.6747,33.6747,145
2024-11-29,33.73,33.8039,33.84,33.73,974
2024-12-02,33.8049,33.8049,33.8049,33.8049,52
2024-12-03,33.79,33.7665,33.79,33.71,2845
2024-12-04,33.7762,33.7762,33.7762,33.7762,169
2024-12-05,33.7079,33.7079,33.7079,33.7079,126
2024-12-06,33.65,33.6848,33.7,33.65,2745
2024-12-09,33.625,33.5299,33.66,33.5299,14805
2024-12-10,33.395,33.3843,33.49,33.3843,12413
2024-12-11,33.4362,33.4362,33.4362,33.4362,235
2024-12-12,33.2912,33.2912,33.2912,33.2912,123
2024-12-13,33.55,33.6154,33.62,33.5,6784
2024-12-16,33.7362,33.6868,33.77,33.6868,792
2024-12-17,33.57,33.3964,33.57,33.395,802
2024-12-18,33.4,32.6114,33.4,32.6114,1869
2024-12-19,32.66,32.4761,32.66,32.4761,1045
2024-12-20,32.86,32.6877,32.86,32.6877,402
2024-12-23,32.61,32.8959,32.8959,32.61,714
2024-12-24,32.97,33.1681,33.1681,32.97,328
2024-12-26,33.29,33.268,33.29,33.25,346
2024-12-27,32.9722,32.9722,32.9722,32.9722,124
2024-12-30,32.67,32.6512,32.69,32.6512,284
2024-12-31,32.69,32.5792,32.75,32.52,29919
2025-01-02,34.39,32.5,34.39,32.37,102861
2025-01-03,32.56,32.7255,32.77,32.55,5878
2025-01-06,32.82,32.7249,32.85,32.7249,9452
2025-01-07,32.76,32.58,32.76,32.53,9720
2025-01-08,32.42,32.6909,32.6909,32.42,2040
2025-01-10,32.32,32.1875,32.32,32.15,1322
2025-01-13,32.3158,32.3158,32.3158,32.3158,121
2025-01-14,32.3528,32.3987,32.3987,32.3399,490
2025-01-15,32.69,32.7517,32.7517,32.68,4787
2025-01-16,32.74,32.8521,32.88,32.74,1807
2025-01-17,32.98,32.9841,33.09,32.98,890
2025-01-21,33.2823,33.3388,33.3388,33.2823,259
2025-01-22,33.4101,33.4357,33.484,33.4101,99651
2025-01-23,33.52,33.6639,33.6639,33.49,9860
2025-01-24,33.71,33.71,33.71,33.71,749
2025-01-27,33.29,33.3775,33.3775,33.29,263
2025-01-28,33.38,33.4258,33.45,33.38,385
2025-01-29,33.48,33.3672,33.48,33.27,1165
2025-01-30,33.28,33.5155,33.5155,33.28,1573
2025-01-31,33.385,33.3934,33.3934,33.385,213
2025-02-03,33.02,33.26,33.3299,32.95,10432
2025-02-04,33.1996,33.3954,33.3954,33.1996,391
2025-02-05,33.35,33.655,33.655,33.35,1157
2025-02-06,33.65,33.7258,33.7258,33.59,1562
2025-02-07,33.5,33.39,33.5,33.39,1896
2025-02-10,33.5,33.665,33.665,33.5,5098
2025-02-11,33.68,33.8663,33.8663,33.68,125
2025-02-12,33.545,33.6938,33.6938,33.545,287
2025-02-13,33.66,33.82,33.82,33.66,215
2025-02-14,33.6787,33.6787,33.6787,33.6787,9
2025-02-18,33.59,33.6758,33.6758,33.59,414
2025-02-19,33.68,33.815,33.815,33.68,114
2025-02-20,33.5804,33.66,33.66,33.54,2374
2025-02-21,33.28,33.28,33.28,33.28,218
2025-02-24,33.28,33.16,33.28,33.16,703
2025-02-25,33.16,33.2952,33.2952,33.16,285
2025-02-26,33.18,33.16,33.18,33.16,342
2025-02-27,32.9529,32.9529,32.9529,32.9529,1
2025-02-28,32.98,33.3246,33.3246,32.98,307
2025-03-03,32.9361,32.9361,32.9361,32.9361,14
2025-03-04,32.96,32.54,32.98,32.54,2815
2025-03-05,32.6391,32.8476,32.8476,32.6391,277
2025-03-06,32.49,32.4254,32.49,32.4254,205
2025-03-07,32.64,32.7,32.73,32.58,5788
2025-03-10,32.12,32.0484,32.12,32.0484,151
2025-03-11,31.6984,31.6984,31.6984,31.6984,5
2025-03-12,31.4,31.5127,31.63,31.4,3038
2025-03-13,31.325,31.17,31.325,31.17,27113
2025-03-14,31.355,31.6599,31.6599,31.355,177
2025-03-17,31.84,31.9742,31.9742,31.84,483
2025-03-18,31.7573,31.7573,31.7573,31.7573,42
2025-03-19,32.0472,32.0472,32.0472,32.0472,3
2025-03-20,31.9489,31.9489,31.9489,31.9489,31
2025-03-21,31.9376,31.9376,31.9376,31.9376,95
2025-03-24,32.29,32.2663,32.29,32.2663,157
2025-03-25,32.2154,32.2154,32.2154,32.2154,56
2025-03-26,32.1512,32.1512,32.1512,32.1512,98
2025-03-27,32.12,32.0885,32.1811,32.1199,546
2025-03-28,31.6419,31.6419,31.6419,31.6419,146
2025-03-31,31.973,31.973,31.973,31.973,138
2025-04-01,31.97,32.0374,32.0374,31.97,1320
2025-04-02,32.2291,32.2291,32.2291,32.2291,124
2025-04-03,31.27,31.0473,31.27,31.0473,395
2025-04-04,29.8,29.28,29.82,29.28,46100
2025-04-07,28.2699,29.17,29.37,28.269,12957
2025-04-08,29.93,28.75,29.93,28.4,2975
2025-04-09,29.27,30.9604,31.12,29.27,3040
2025-04-10,30.33,30.09,30.49,29.58,13750
2025-04-11,30.4,30.7403,30.77,30.4,1067
