2018-04-19,38.19,37.84,38.21,37.84,738
2018-04-20,37.62,37.63,37.63,37.62,565
2018-04-23,38.2,38.096,38.2,38.096,676
2018-04-24,38.57,37.83,38.57,37.83,589
2018-04-25,NaN,37.83,NaN,NaN,109
2018-04-26,38.15,38.0235,38.15,37.9852,1031
2018-04-27,38.2,38.4414,38.4414,38.2,681
2018-04-30,38.5332,38.5332,38.5332,38.5332,746
2018-05-01,38.3,38.3,38.3,38.3,267
2018-05-02,NaN,38.3,NaN,NaN,153
2018-05-03,NaN,38.3,NaN,NaN,2
2018-05-04,38.02,38.02,38.02,38.02,464
2018-05-07,37.8332,37.99,37.99,37.8332,650
2018-05-08,38.12,38.12,38.12,38.12,174
2018-05-09,NaN,38.12,NaN,NaN,9
2018-05-10,38.0663,38.17,38.18,38.0298,3461
2018-05-11,38.21,37.88,38.21,37.6001,2081
2018-05-14,37.43,37.61,37.61,37.43,328
2018-05-15,NaN,37.61,NaN,NaN,159
2018-05-16,37.56,37.56,37.56,37.56,1528
2018-05-17,37.47,37.43,37.47,37.43,279
2018-05-18,36.85,36.6947,36.98,36.6947,2281
2018-05-21,36.09,36.09,36.09,36.09,563
2018-05-22,36.93,36.65,36.93,36.65,1137
2018-05-23,36.35,36.44,36.44,36.1767,1026
2018-05-24,36.44,36.44,36.44,36.44,1015
2018-05-25,36.76,36.76,36.76,36.76,254
2018-05-29,37.04,37.2166,37.2166,37.04,813
2018-05-30,37.8099,37.81,37.81,37.8099,455
2018-05-31,37.9599,37.9599,37.9599,37.9599,100
2018-06-01,NaN,37.9599,NaN,NaN,31
2018-06-04,37.65,37.72,37.75,37.65,665
2018-06-05,36.97,37.1444,37.1444,36.92,831
2018-06-07,37.6537,37.21,37.6537,37.18,1703
2018-06-08,37.83,37.8551,37.8551,37.83,1096
2018-06-11,NaN,37.8551,NaN,NaN,58
2018-06-12,37.9094,37.962,37.962,37.9094,1033
2018-06-13,37.93,37.93,37.93,37.93,200
2018-06-14,38.05,38.05,38.05,38.05,100
2018-06-15,NaN,38.05,NaN,NaN,64
2018-06-18,37.65,37.49,37.65,37.37,1717
2018-06-19,37.0101,37.0101,37.0101,37.0101,1003
2018-06-20,37.2,37.076,37.2,36.93,560
2018-06-22,37.2,37.1,37.2,37.1,4300
2018-06-26,36.76,36.71,36.76,36.71,2553
2018-06-27,NaN,36.71,NaN,NaN,1
2018-06-28,35.65,35.65,35.65,35.65,393
2018-06-29,36.45,36.3715,36.45,36.3715,350
2018-07-02,NaN,36.3715,NaN,NaN,7
2018-07-03,36.49,36.49,36.49,36.49,161
2018-07-05,NaN,36.49,NaN,NaN,7
2018-07-06,36.87,36.87,36.87,36.87,222
2018-07-09,36.84,36.84,36.84,36.84,200
2018-07-10,37.1,37.1,37.1,37.1,253
2018-07-11,NaN,37.1,NaN,NaN,53
2018-07-12,NaN,37.1,NaN,NaN,99
2018-07-13,37.3956,37.39,37.3956,37.37,1009
2018-07-16,36.66,36.82,36.82,36.66,465
2018-07-17,36.91,36.91,36.91,36.91,210
2018-07-18,NaN,36.91,NaN,NaN,16
2018-07-19,36.61,36.61,36.61,36.61,300
2018-07-20,NaN,36.61,NaN,NaN,2
2018-07-23,36.63,36.85,36.85,36.6,699
2018-07-24,NaN,36.85,NaN,NaN,172
2018-07-26,37.18,37.2033,37.2033,37.16,775
2018-07-27,NaN,37.2033,NaN,NaN,2
2018-07-30,38.08,37.7388,38.08,37.7388,330
2018-08-01,37.775,37.775,37.775,37.775,190
2018-08-02,37.73,37.915,37.915,37.73,200
2018-08-03,38.288,38.288,38.288,38.288,185
2018-08-06,NaN,38.288,NaN,NaN,1
2018-08-08,38.33,38.33,38.33,38.33,131
2018-08-10,38.01,37.85,38.01,37.85,1061
2018-08-13,37.42,37.42,37.42,37.42,405
2018-08-14,37.53,37.32,37.53,37.32,235
2018-08-15,36.96,36.96,36.96,36.96,300
2018-08-21,37.94,38.2433,38.2433,37.94,454
2018-08-22,NaN,38.2433,NaN,NaN,100
2018-08-23,37.86,37.865,37.885,37.85,1495
2018-08-24,NaN,37.865,NaN,NaN,14
2018-08-27,NaN,37.865,NaN,NaN,90
2018-08-28,NaN,37.865,NaN,NaN,77
2018-08-29,37.86,37.86,37.86,37.86,151
2018-08-30,37.63,37.63,37.63,37.63,413
2018-08-31,37.95,37.9214,37.95,37.9214,585
2018-09-04,36.82,36.82,36.82,36.82,504
2018-09-05,NaN,36.82,NaN,NaN,25
2018-09-06,NaN,36.82,NaN,NaN,70
2018-09-07,37.39,36.98,37.39,36.98,531
2018-09-10,36.53,36.3768,36.53,36.1639,1248
2018-09-11,35.73,35.73,35.73,35.73,1265
2018-09-12,36.13,36.71,36.71,36.13,8606
2018-09-13,NaN,36.71,NaN,NaN,20
2018-09-14,37.29,37.31,37.31,37.29,303
2018-09-17,36.61,36.3192,36.61,36.3192,593
2018-09-18,35.8094,35.93,35.93,35.8094,992
2018-09-19,NaN,35.93,NaN,NaN,30
2018-09-20,36.4,36.4,36.4,36.4,130
2018-09-21,NaN,36.4,NaN,NaN,28
2018-09-24,35.02,34.6649,35.02,34.6649,545
2018-09-25,35.0627,35.0627,35.0627,35.0627,141
2018-09-26,NaN,35.0627,NaN,NaN,2
2018-09-27,35.23,35.23,35.23,35.23,179
2018-09-28,34.73,34.533,34.73,34.533,516
2018-10-01,34.86,34.4,34.86,34.4,538
2018-10-03,NaN,34.4,NaN,NaN,16
2018-10-04,33.18,32.5692,33.46,32.5692,1823
2018-10-05,NaN,32.5692,NaN,NaN,80
2018-10-08,31.6484,31.6484,31.6484,31.6484,101
2018-10-09,31.7448,31.7448,31.7448,31.7448,224
2018-10-10,32.12,31.85,32.12,31.85,400
2018-10-12,32.84,33.1,33.1,32.84,450
2018-10-15,32.9584,32.9584,32.9584,32.9584,180
2018-10-17,32.56,32.207,32.56,32.207,450
2018-10-18,32.0,32.0,32.0,32.0,1000
2018-10-19,31.96,31.73,31.96,31.73,607
2018-10-22,31.5941,31.5941,31.5941,31.5941,500
2018-10-23,31.35,31.35,31.35,31.35,300
2018-10-24,NaN,31.35,NaN,NaN,95
2018-10-26,NaN,31.35,NaN,NaN,1
2018-10-29,NaN,31.35,NaN,NaN,50
2018-10-30,NaN,31.35,NaN,NaN,15
2018-10-31,NaN,31.35,NaN,NaN,9
2018-11-01,32.59,32.59,32.59,32.59,200
2018-11-05,NaN,32.59,NaN,NaN,30
2018-11-06,33.2599,33.2599,33.2599,33.2599,193
2018-11-08,NaN,33.2599,NaN,NaN,25
2018-11-09,NaN,33.2599,NaN,NaN,1
2018-11-13,33.42,33.4447,33.9252,33.42,389
2018-11-14,33.83,33.83,33.83,33.83,339
2018-11-15,33.8203,33.8203,33.8203,33.8203,150
2018-11-16,NaN,33.8203,NaN,NaN,30
2018-11-19,34.3421,34.3421,34.3421,34.3421,251
2018-11-20,NaN,34.3421,NaN,NaN,7
2018-11-21,34.21,34.21,34.21,34.21,248
2018-11-26,NaN,34.21,NaN,NaN,10
2018-11-27,34.2691,34.2691,34.2691,34.2691,200
2018-11-28,34.39,34.39,34.39,34.39,302
2018-11-29,35.11,35.4422,35.4422,35.11,220
2018-11-30,NaN,35.4422,NaN,NaN,45
2018-12-03,35.06,35.1671,35.1671,35.06,545
2018-12-04,35.2,35.07,35.2,35.07,2383
2018-12-06,33.81,33.8981,33.8981,33.81,400
2018-12-10,32.36,32.306,32.36,32.306,348
2018-12-11,32.93,32.93,32.93,32.93,113
2018-12-12,33.8,34.1266,34.31,33.8,1700
2018-12-14,34.0318,34.0318,34.0318,34.0318,100
2018-12-17,NaN,34.0318,NaN,NaN,49
2018-12-18,35.0,35.0,35.0,35.0,196
2018-12-19,NaN,35.0,NaN,NaN,68
2018-12-20,35.676,35.5501,35.676,35.5501,1832
2018-12-21,35.29,35.5334,35.5334,35.29,1500
2018-12-24,34.57,34.9875,34.9875,34.57,566
2018-12-26,NaN,34.9875,NaN,NaN,25
2018-12-27,NaN,34.9875,NaN,NaN,26
2018-12-28,35.57,35.5,35.57,35.5,770
2018-12-31,35.31,35.32,35.32,35.31,1293
2019-01-02,35.08,35.08,35.08,35.08,201
2019-01-03,34.6599,34.6599,34.6599,34.6599,126
2019-01-04,NaN,34.6599,NaN,NaN,41
2019-01-07,NaN,34.6599,NaN,NaN,74
2019-01-08,35.32,35.32,35.32,35.32,210
2019-01-09,35.11,35.115,35.115,35.11,320
2019-01-10,34.9199,34.9062,34.9199,34.9062,405
2019-01-11,NaN,34.9062,NaN,NaN,4
2019-01-14,NaN,34.9062,NaN,NaN,77
2019-01-15,34.38,34.6,34.6,34.38,1027
2019-01-16,34.97,34.97,34.97,34.97,429
2019-01-17,34.544,34.544,34.544,34.544,242
2019-01-18,34.57,34.22,34.57,34.22,501
2019-01-22,34.13,34.13,34.15,34.13,989
2019-01-23,33.85,34.27,34.27,33.85,2947
2019-01-24,34.47,34.47,34.47,34.47,176
2019-01-25,33.96,34.12,34.12,33.96,654
2019-01-28,33.55,33.19,33.55,33.19,481
2019-01-30,NaN,33.19,NaN,NaN,14
2019-02-01,33.53,33.53,33.53,33.53,197
2019-02-04,33.67,33.67,33.67,33.67,600
2019-02-05,NaN,33.67,NaN,NaN,13
2019-02-07,NaN,33.67,NaN,NaN,2
2019-02-11,33.6,33.6,33.6,33.6,143
2019-02-12,34.002,34.002,34.002,34.002,100
2019-02-13,NaN,34.002,NaN,NaN,10
2019-02-19,NaN,34.002,NaN,NaN,100
2019-02-20,NaN,34.002,NaN,NaN,2
2019-02-22,NaN,34.002,NaN,NaN,2
2019-02-25,NaN,34.002,NaN,NaN,20
2019-02-26,NaN,34.002,NaN,NaN,30
2019-02-27,NaN,34.002,NaN,NaN,13
2019-02-28,34.728,34.554,34.728,34.554,525
2019-03-01,NaN,34.554,NaN,NaN,140
2019-03-04,34.4412,34.4412,34.4412,34.4412,199
2019-03-05,35.26,35.26,35.26,35.26,260
2019-03-06,35.8749,35.85,35.8749,35.8302,1438
2019-03-07,35.46,35.46,35.46,35.46,8038
2019-03-08,NaN,35.46,NaN,NaN,10
2019-03-11,36.06,36.63,36.63,36.06,3152
2019-03-12,36.88,36.8406,36.88,36.8406,700
2019-03-13,36.86,36.86,36.86,36.86,500
2019-03-15,NaN,36.86,NaN,NaN,83
2019-03-18,38.0,38.0,38.0,38.0,180
2019-03-19,NaN,38.0,NaN,NaN,40
2019-03-20,37.7725,37.7725,37.7725,37.7725,585
2019-03-22,37.39,36.8603,37.39,36.8603,728
2019-03-25,NaN,36.8603,NaN,NaN,22
2019-03-26,37.4214,37.4214,37.4214,37.4214,130
2019-03-27,37.245,37.245,37.245,37.245,155
2019-03-29,37.7677,37.7677,37.7677,37.7677,302
2019-04-01,NaN,37.7677,NaN,NaN,134
2019-04-02,38.5,38.5,38.57,38.5,1013
2019-04-04,37.99,37.99,37.99,37.99,35466
2019-04-05,38.4999,38.4999,38.4999,38.4999,212
2019-04-08,37.9,37.9,37.9,37.9,510
2019-04-09,NaN,37.9,NaN,NaN,2
2019-04-10,37.8551,37.8551,37.8551,37.8551,134
2019-04-11,37.8156,37.8156,37.8156,37.8156,503
2019-04-16,38.2681,38.2681,38.2681,38.2681,188
2019-04-17,NaN,38.2681,NaN,NaN,77
2019-04-18,38.68,38.38,38.68,38.38,543
2019-04-22,37.55,37.55,37.55,37.55,201
2019-04-23,37.0609,37.03,37.0609,37.03,659
2019-04-24,NaN,37.03,NaN,NaN,25
2019-04-26,37.7012,37.7012,37.7012,37.7012,137
2019-05-01,37.9,37.9,37.9,37.9,200
2019-05-02,37.21,37.19,37.24,37.19,35430
2019-05-03,37.6288,37.5241,37.6288,37.5241,340
2019-05-06,NaN,37.5241,NaN,NaN,4
2019-05-07,36.5,36.5,36.5,36.5,591
2019-05-08,36.12,36.12,36.12,36.12,100
2019-05-09,NaN,36.12,NaN,NaN,18
2019-05-10,35.4562,35.4562,35.4562,35.4562,150
2019-05-13,35.0,34.475,35.0,34.475,800
2019-05-14,NaN,34.475,NaN,NaN,5
2019-05-15,NaN,34.475,NaN,NaN,42
2019-05-17,NaN,34.475,NaN,NaN,4
2019-05-20,37.04,37.305,37.598,37.04,750
2019-05-21,36.782,36.782,36.782,36.782,188
2019-05-22,NaN,36.782,NaN,NaN,22
2019-05-23,36.55,37.2759,37.2759,36.55,741
2019-05-24,37.92,37.99,37.99,37.7352,700
2019-05-28,37.76,37.76,37.76,37.76,140
2019-05-29,NaN,37.76,NaN,NaN,10
2019-05-30,NaN,37.76,NaN,NaN,66
2019-05-31,37.15,37.881,37.98,37.13,4081
2019-06-03,37.995,38.3695,38.3695,37.995,842
2019-06-04,38.36,38.37,38.37,38.36,256
2019-06-05,NaN,38.37,NaN,NaN,4
2019-06-06,NaN,38.37,NaN,NaN,50
2019-06-07,37.76,37.8102,37.95,37.76,1300
2019-06-10,NaN,37.8102,NaN,NaN,114
2019-06-11,37.6568,37.6568,37.6568,37.6568,250
2019-06-13,NaN,37.6568,NaN,NaN,433
2019-06-17,36.75,36.62,36.75,36.61,1408
2019-06-18,37.0802,36.851,37.0802,36.851,300
2019-06-19,NaN,36.851,NaN,NaN,40
2019-06-20,37.02,37.2075,37.21,37.02,1572
2019-06-21,NaN,37.2075,NaN,NaN,4
2019-06-24,36.97,36.97,36.97,36.97,244
2019-06-25,36.8174,36.8174,36.8174,36.8174,200
2019-06-26,37.48,37.48,37.48,37.48,470
2019-06-27,NaN,37.48,NaN,NaN,58
2019-06-28,NaN,37.48,NaN,NaN,1
2019-07-01,37.3016,37.3016,37.3016,37.3016,423
2019-07-02,37.4,37.4,37.4,37.4,100
2019-07-03,NaN,37.4,NaN,NaN,2
2019-07-05,NaN,37.4,NaN,NaN,53
2019-07-08,36.65,36.65,36.65,36.65,200
2019-07-09,36.4915,36.4915,36.4915,36.4915,1705
2019-07-10,NaN,36.4915,NaN,NaN,40
2019-07-11,NaN,36.4915,NaN,NaN,1
2019-07-15,36.2961,36.2961,36.2961,36.2961,386
2019-07-16,NaN,36.2961,NaN,NaN,124
2019-07-17,NaN,36.2961,NaN,NaN,2
2019-07-18,36.422,36.422,36.422,36.422,506
2019-07-19,35.98,35.95,35.98,35.95,495
2019-07-22,35.8039,35.8039,35.8039,35.8039,278
2019-07-24,35.103,35.45,35.45,35.103,1189
2019-07-26,35.67,35.69,35.69,35.67,250
2019-07-29,NaN,35.69,NaN,NaN,10
2019-07-30,34.48,34.35,34.48,34.35,403
2019-07-31,NaN,34.35,NaN,NaN,685
2019-08-01,34.26,33.89,34.28,33.89,4122
2019-08-02,33.81,33.76,33.84,33.76,2068
2019-08-05,32.81,32.1597,32.81,31.8547,2616
2019-08-06,NaN,32.1597,NaN,NaN,125
2019-08-07,32.67,32.3413,32.69,32.3413,1823
2019-08-08,NaN,32.3413,NaN,NaN,6
2019-08-09,NaN,32.3413,NaN,NaN,5
2019-08-12,NaN,32.3413,NaN,NaN,55
2019-08-16,32.5,32.5,32.5,32.5,115
2019-08-20,NaN,32.5,NaN,NaN,4
2019-08-21,32.1045,32.1045,32.1045,32.1045,253
2019-08-22,31.68,31.25,31.68,31.25,33581
2019-08-23,31.92,31.92,31.92,31.92,285
2019-08-26,32.56,32.3393,32.56,32.3393,1850
2019-08-27,NaN,32.3393,NaN,NaN,53
2019-08-28,NaN,32.3393,NaN,NaN,64
2019-08-29,NaN,32.3393,NaN,NaN,2
2019-09-03,31.88,31.88,31.88,31.88,257
2019-09-04,31.7474,31.7474,31.7474,31.7474,1129
2019-09-06,NaN,31.7474,NaN,NaN,79
2019-09-10,32.96,32.6406,32.96,32.6406,850
2019-09-11,32.9,32.9502,32.9502,32.89,2100
2019-09-12,NaN,32.9502,NaN,NaN,12
2019-09-13,33.3784,33.3784,33.3784,33.3784,104
2019-09-16,33.24,32.77,33.24,32.77,310
2019-09-17,32.4,32.61,32.61,32.4,330
2019-09-18,32.662,32.662,32.662,32.662,135
2019-09-19,32.006,32.0838,32.0838,32.006,400
2019-09-20,34.41,33.88,34.41,33.88,1189
2019-09-23,34.95,35.063,35.063,34.8453,345
2019-09-24,35.03,35.03,35.03,35.03,180
2019-09-25,34.29,34.29,34.29,34.29,220
2019-09-26,34.3,34.25,34.3,34.25,1401
2019-09-27,34.47,34.47,34.47,34.47,275
2019-09-30,NaN,34.47,NaN,NaN,7
2019-10-01,33.45,33.1069,33.45,33.1069,329
2019-10-02,32.7635,32.7635,32.7635,32.7635,103
2019-10-03,NaN,32.7635,NaN,NaN,3
2019-10-07,33.07,32.89,33.07,32.89,700
2019-10-08,32.3733,32.2619,32.3733,32.2619,332
2019-10-09,32.83,32.83,32.83,32.83,202
2019-10-10,NaN,32.83,NaN,NaN,37
2019-10-11,NaN,32.83,NaN,NaN,43
2019-10-15,33.4832,33.4832,33.4832,33.4832,217
2019-10-16,NaN,33.4832,NaN,NaN,7
2019-10-17,NaN,33.4832,NaN,NaN,5
2019-10-18,34.5351,34.5351,34.5351,34.5351,241
2019-10-21,NaN,34.5351,NaN,NaN,68
2019-10-22,34.4506,34.4506,34.4506,34.4506,207
2019-10-23,34.69,34.69,34.69,34.69,200
2019-10-28,NaN,34.69,NaN,NaN,2
2019-10-29,34.8,35.08,35.08,34.8,2820
2019-10-30,35.208,35.208,35.208,35.208,174
2019-10-31,35.3052,35.3052,35.3052,35.3052,195
2019-11-01,NaN,35.3052,NaN,NaN,106
2019-11-04,35.78,35.78,35.78,35.78,328
2019-11-05,35.619,35.78,35.78,35.5798,1002
2019-11-06,35.7199,35.6377,35.7199,35.6377,526
2019-11-07,35.5741,35.5741,35.5741,35.5741,200
2019-11-08,34.922,35.041,35.041,34.922,492
2019-11-11,35.11,35.11,35.11,35.11,411
2019-11-12,34.93,34.93,34.93,34.93,292
2019-11-13,34.203,34.3049,34.3049,34.19,805
2019-11-14,34.1925,34.31,34.31,34.1925,474
2019-11-15,34.4937,34.56,34.56,34.4937,608
2019-11-18,NaN,34.56,NaN,NaN,20
2019-11-19,34.6399,34.5566,34.6399,34.5566,414
2019-11-20,34.8699,34.76,34.8699,34.76,208
2019-11-21,NaN,34.76,NaN,NaN,228
2019-11-22,34.576,34.495,34.65,34.495,577
2019-11-25,35.182,35.2497,35.289,35.182,976
2019-11-26,34.8968,34.9842,34.9842,34.7533,1065
2019-11-27,35.1433,35.145,35.43,35.1433,546
2019-11-29,35.05,34.9168,35.05,34.9168,447
2019-12-02,34.94,34.8319,34.98,34.8319,797
2019-12-03,34.3409,34.3455,34.45,34.1509,1145
2019-12-04,NaN,34.3455,NaN,NaN,0
2019-12-05,34.75,34.67,34.91,34.67,770
2019-12-06,NaN,34.67,NaN,NaN,70
2019-12-09,NaN,34.67,NaN,NaN,240
2019-12-10,NaN,34.67,NaN,NaN,0
2019-12-11,34.56,34.442,34.56,34.442,632
2019-12-12,34.7,34.9662,34.9662,34.7,302
2019-12-13,35.056,35.04,35.056,35.04,456
2019-12-16,35.35,34.76,35.35,34.76,459
2019-12-17,34.79,34.965,35.0474,34.79,519
2019-12-18,35.05,34.935,35.05,34.935,320
2019-12-19,35.0499,34.995,35.25,34.995,486
2019-12-20,35.09,35.2302,35.41,35.09,378
2019-12-23,NaN,35.2302,NaN,NaN,1
2019-12-24,35.28,35.28,35.28,35.28,466
2019-12-26,34.9739,34.9842,35.0752,34.9563,2376
2019-12-27,NaN,34.9842,NaN,NaN,2
2019-12-30,35.25,35.165,35.36,35.1,1595
2019-12-31,35.2777,35.185,35.2777,35.185,224
2020-01-02,35.41,35.7,35.8,35.41,783
2020-01-03,35.45,34.9252,35.45,34.9252,2212
2020-01-06,34.399,34.47,34.47,34.399,672
2020-01-07,34.2695,34.36,34.54,34.2695,1277
2020-01-08,34.97,34.7059,34.97,34.7059,300
2020-01-09,NaN,34.7059,NaN,NaN,80
2020-01-10,NaN,34.7059,NaN,NaN,1
2020-01-13,35.95,35.695,35.95,35.695,300
2020-01-14,NaN,35.695,NaN,NaN,1
2020-01-15,35.8404,35.805,35.92,35.805,2614
2020-01-16,35.7365,35.6941,35.8,35.6941,363
2020-01-17,35.7299,35.6588,35.78,35.5803,2711
2020-01-21,35.75,35.75,35.75,35.75,2070
2020-01-22,34.9348,35.01,35.01,34.8812,661
2020-01-23,34.9942,35.0401,35.0764,34.9942,374
2020-01-24,NaN,35.0401,NaN,NaN,1
2020-01-27,34.8867,34.7734,34.8867,34.7627,678
2020-01-28,35.12,34.8276,35.12,34.8276,731
2020-01-29,35.0,34.9159,35.02,34.9159,512
2020-01-30,34.56,34.479,34.56,34.479,163
2020-01-31,34.0243,33.9589,34.08,33.9031,1393
2020-02-03,33.87,33.6396,33.87,33.6396,229
2020-02-04,34.328,34.3611,34.54,34.328,572
2020-02-05,NaN,34.3611,NaN,NaN,30
2020-02-06,34.78,34.78,34.78,34.78,137
2020-02-07,NaN,34.78,NaN,NaN,5
2020-02-10,34.5059,34.4652,34.5059,34.4652,511
2020-02-11,34.8649,34.7939,34.91,34.7939,491
2020-02-12,34.9043,34.93,35.04,34.9043,501
2020-02-13,NaN,34.93,NaN,NaN,16
2020-02-14,34.57,34.3557,34.57,34.3557,326
2020-02-18,34.14,34.1197,34.16,34.08,1000
2020-02-19,34.4765,34.3253,34.48,34.3253,366
2020-02-20,34.0799,34.0047,34.0799,34.0047,448
2020-02-21,34.0176,33.9303,34.1099,33.9303,889
2020-02-24,33.0227,32.9619,33.0227,32.9619,539
2020-02-25,33.63,32.7808,33.63,32.7808,1905
2020-02-26,33.06,32.7823,33.06,32.7823,2928
2020-02-27,32.47,32.2211,32.52,32.2211,990
2020-02-28,31.0199,30.935,31.0199,30.867,825
2020-03-02,30.75,30.735,30.99,30.3184,2858
2020-03-03,NaN,30.735,NaN,NaN,41
2020-03-04,31.0,31.0271,31.1003,30.79,664
2020-03-05,30.91,29.9341,30.91,29.915,3753
2020-03-06,29.7479,29.685,29.7479,29.545,1948
2020-03-09,28.5,28.4293,28.5,28.2104,2611
2020-03-10,29.2399,29.34,29.34,29.235,600
2020-03-11,28.5299,28.1484,28.5299,28.1484,2492
2020-03-12,25.66,24.577,25.66,24.3,3608
2020-03-13,26.53,26.53,26.53,26.53,733
2020-03-16,24.9999,24.6455,24.9999,24.645,2361
2020-03-17,25.74,26.2389,26.2389,25.705,879
2020-03-18,23.98,23.4501,23.98,23.22,1660
2020-03-19,22.76,22.6317,22.86,22.6317,1382
2020-03-20,23.46,22.8106,23.93,22.8106,1528
2020-03-23,22.06,20.5692,22.06,20.5692,3691
2020-03-24,21.47,21.2425,21.53,20.4416,2429
2020-03-25,22.0,22.189,22.5,22.0,4211
2020-03-26,23.52,23.6352,23.6352,23.14,5281
2020-03-27,22.7,22.2211,22.73,21.96,4903
2020-03-30,22.09,22.3744,22.41,21.9807,1469
2020-03-31,22.56,22.6925,22.8417,22.56,2500
2020-04-01,NaN,22.6925,NaN,NaN,0
2020-04-02,21.43,21.595,21.595,21.41,18817
2020-04-03,NaN,21.595,NaN,NaN,0
2020-04-06,21.92,21.92,21.92,21.92,150
2020-04-07,23.86,23.2073,23.86,23.2073,474
2020-04-08,23.94,23.995,23.995,23.94,367
2020-04-09,24.91,24.2999,24.91,24.2999,555
2020-04-13,24.6,24.4,24.6,24.4,570
2020-04-14,25.22,24.9759,25.22,24.9759,232
2020-04-15,24.3,24.0736,24.3,23.9616,779
2020-04-16,24.18,24.3298,24.3298,24.12,628
2020-04-17,25.035,24.9319,25.035,24.72,374
2020-04-20,24.8,24.8,24.8,24.8,142
2020-04-21,23.96,23.67,23.96,23.635,30706
2020-04-22,24.5,24.4049,24.78,24.3,1190
2020-04-23,25.18,24.45,25.22,24.45,3726
2020-04-24,24.56,24.3164,24.64,23.9,2091
2020-04-27,25.09,24.9684,25.09,24.9684,687
2020-04-28,25.33,24.8039,25.335,24.8039,926
2020-04-29,25.73,25.8938,25.8938,24.97,3703
2020-04-30,26.4,25.8495,26.4,25.7661,746
2020-05-01,25.27,24.9306,25.27,24.67,552
2020-05-04,24.9,25.2489,25.4199,24.9,625
2020-05-05,25.1,24.8438,25.13,24.8401,2218
2020-05-06,24.5001,24.57,24.57,24.5001,492
2020-05-07,NaN,24.57,NaN,NaN,19
2020-05-08,NaN,24.57,NaN,NaN,0
2020-05-11,25.065,25.0588,25.065,24.8,678
2020-05-12,26.48,26.3,26.48,26.3,650
2020-05-13,25.86,25.385,25.86,25.21,794
2020-05-14,NaN,25.385,NaN,NaN,80
2020-05-15,24.99,24.9778,24.99,24.8061,617
2020-05-18,25.11,25.085,25.11,24.9,6337
2020-05-19,24.8,24.5743,24.8,24.5743,395
2020-05-20,NaN,24.5743,NaN,NaN,3
2020-05-21,25.49,25.49,25.49,25.49,667
2020-05-22,25.05,25.2288,25.2288,25.04,1070
2020-05-26,NaN,25.2288,NaN,NaN,310
2020-05-27,NaN,25.2288,NaN,NaN,163
2020-05-28,26.04,26.1321,26.3009,26.04,617
2020-05-29,26.51,26.1321,26.51,26.51,100
2020-06-01,27.445,27.4006,27.445,27.29,784
2020-06-02,28.236,28.1424,28.2499,28.1424,853
2020-06-03,28.09,28.3004,28.3004,28.05,969
2020-06-04,27.85,27.987,27.987,27.85,351
2020-06-05,28.24,28.875,29.0299,28.24,1272
2020-06-08,28.76,28.8952,28.8952,28.47,1273
2020-06-09,28.3186,28.5378,28.5378,28.26,1397
2020-06-10,28.1001,28.4827,28.6072,28.1001,971
2020-06-11,27.67,27.67,27.67,27.67,559
2020-06-12,NaN,27.67,NaN,NaN,0
2020-06-15,NaN,27.67,NaN,NaN,139
2020-06-16,27.69,27.0351,27.69,26.99,2058
2020-06-17,NaN,27.0351,NaN,NaN,31
2020-06-18,NaN,27.0351,NaN,NaN,14
2020-06-19,NaN,27.0351,NaN,NaN,0
2020-06-22,28.68,28.5678,28.68,28.5678,394
2020-06-23,28.8914,29.0264,29.0264,28.8914,303
2020-06-24,28.8,28.3641,28.8,28.1802,1129
2020-06-25,NaN,28.3641,NaN,NaN,149
2020-06-26,NaN,28.3641,NaN,NaN,90
2020-06-29,28.2053,28.2331,28.2331,28.2053,341
2020-06-30,28.0713,28.0847,28.0847,28.0713,405
2020-07-01,NaN,28.0847,NaN,NaN,183
2020-07-02,28.62,29.0572,29.15,28.62,750
2020-07-06,NaN,29.0572,NaN,NaN,297
2020-07-07,29.82,29.4072,29.84,29.4072,1430
2020-07-08,29.2404,29.31,29.48,29.2404,441
2020-07-09,NaN,29.31,NaN,NaN,69
2020-07-10,29.29,29.29,29.29,29.29,305
2020-07-13,29.3401,29.45,29.58,29.3401,789
2020-07-14,28.58,28.8145,28.8145,28.58,576
2020-07-15,29.1735,28.9351,29.1735,28.9351,239
2020-07-16,28.89,29.0617,29.0617,28.89,740
2020-07-17,29.4501,29.5593,29.5593,29.4501,1023
2020-07-20,29.92,30.0,30.0,29.92,493
2020-07-21,30.2,30.2,30.2,30.2,531
2020-07-22,30.35,30.1003,30.35,30.1003,727
2020-07-23,29.59,29.9869,30.29,29.59,1583
2020-07-24,NaN,29.9869,NaN,NaN,51
2020-07-27,29.91,29.91,29.91,29.91,184
2020-07-28,30.03,29.96,30.42,29.96,2823
2020-07-29,30.41,30.44,30.44,30.39,742
2020-07-30,30.06,29.8868,30.06,29.7,589
2020-07-31,NaN,29.8868,NaN,NaN,0
2020-08-03,NaN,29.8868,NaN,NaN,120
2020-08-04,29.655,29.81,29.81,29.655,157
2020-08-05,30.164,30.1269,30.46,29.66,1832
2020-08-06,30.13,30.3461,30.3461,30.09,2213
2020-08-07,30.4458,30.3417,30.52,30.3417,361
2020-08-10,30.52,30.7707,30.7707,30.52,954
2020-08-11,NaN,30.7707,NaN,NaN,78
2020-08-12,30.75,30.935,30.935,30.71,1368
2020-08-13,NaN,30.935,NaN,NaN,119
2020-08-14,NaN,30.935,NaN,NaN,0
2020-08-17,NaN,30.935,NaN,NaN,19
2020-08-18,31.37,31.535,31.63,31.37,1702
2020-08-19,NaN,31.535,NaN,NaN,138
2020-08-20,NaN,31.535,NaN,NaN,39
2020-08-21,31.28,31.43,31.61,31.25,2364
2020-08-24,31.8,31.829,31.829,31.7344,983
2020-08-25,NaN,31.829,NaN,NaN,59
2020-08-26,32.29,32.281,32.33,32.281,1275
2020-08-27,32.65,32.6,32.65,32.12,2985
2020-08-28,33.09,33.09,33.1,33.09,1523
2020-08-31,31.74,31.803,31.8035,31.74,2316
2020-09-01,32.59,32.0801,32.59,32.0801,649
2020-09-02,NaN,32.0801,NaN,NaN,28
2020-09-03,NaN,32.0801,NaN,NaN,247
2020-09-04,NaN,32.0801,NaN,NaN,0
2020-09-08,31.0513,31.2976,31.2976,31.0513,3114
2020-09-09,NaN,31.2976,NaN,NaN,163
2020-09-10,NaN,31.2976,NaN,NaN,33
2020-09-11,31.695,31.695,31.695,31.695,854
2020-09-14,32.25,32.0877,32.25,32.0877,438
2020-09-15,32.28,31.9,32.67,31.846,3002
2020-09-16,32.54,32.165,33.019,32.165,2054
2020-09-17,31.91,31.8705,32.2,31.8705,1069
2020-09-18,NaN,31.8705,NaN,NaN,0
2020-09-21,31.73,31.1689,31.73,30.522,2629
2020-09-22,30.98,30.825,30.98,30.825,616
2020-09-23,NaN,30.825,NaN,NaN,0
2020-09-24,29.65,29.65,29.65,29.65,1094
2020-09-25,NaN,29.65,NaN,NaN,0
2020-09-28,31.1238,30.925,31.1238,30.925,558
2020-09-29,30.4072,30.755,30.755,30.4072,534
2020-09-30,30.707,30.9688,30.9688,30.707,133
2020-10-01,31.1611,31.28,31.28,31.1611,354
2020-10-02,NaN,31.28,NaN,NaN,34
2020-10-05,NaN,31.28,NaN,NaN,129
2020-10-06,NaN,31.28,NaN,NaN,2
2020-10-07,NaN,31.28,NaN,NaN,2
2020-10-08,31.87,31.87,31.87,31.87,4071
2020-10-09,32.44,32.44,32.44,32.44,432
2020-10-12,NaN,32.44,NaN,NaN,16
2020-10-13,31.5335,31.5335,31.5335,31.5335,248
2020-10-14,NaN,31.5335,NaN,NaN,55
2020-10-15,31.792,31.505,31.792,31.505,938
2020-10-16,NaN,31.505,NaN,NaN,0
2020-10-19,NaN,31.505,NaN,NaN,69
2020-10-20,NaN,31.505,NaN,NaN,33
2020-10-21,32.0905,32.01,32.0905,32.01,510
2020-10-22,NaN,32.01,NaN,NaN,17
2020-10-23,NaN,32.01,NaN,NaN,1
2020-10-26,31.74,31.74,31.74,31.74,106
2020-10-27,32.3798,32.38,32.38,32.3798,494
2020-10-28,NaN,32.38,NaN,NaN,64
2020-10-29,NaN,32.38,NaN,NaN,80
2020-10-30,NaN,32.38,NaN,NaN,0
2020-11-02,31.59,31.59,31.59,31.59,184
2020-11-03,31.954,31.6134,31.954,31.6134,429
2020-11-04,NaN,31.6134,NaN,NaN,27
2020-11-05,NaN,31.6134,NaN,NaN,169
2020-11-06,33.28,33.28,33.28,33.28,293
2020-11-09,NaN,33.28,NaN,NaN,97
2020-11-10,33.63,33.63,33.63,33.63,180
2020-11-11,34.0472,34.065,34.34,34.0472,1394
2020-11-12,34.0,33.601,34.0,33.601,1074
2020-11-13,34.4,34.125,34.4,34.125,138
2020-11-16,34.1501,34.97,34.97,34.1501,485
2020-11-17,34.32,34.32,34.32,34.32,160
2020-11-18,NaN,34.32,NaN,NaN,46
2020-11-19,NaN,34.32,NaN,NaN,153
2020-11-20,NaN,34.32,NaN,NaN,3
2020-11-23,35.18,35.63,35.63,35.18,404
2020-11-24,35.68,35.795,35.795,35.68,983
2020-11-25,35.4,35.375,35.4,35.375,211
2020-11-27,NaN,35.375,NaN,NaN,0
2020-11-30,NaN,35.375,NaN,NaN,157
2020-12-01,35.992,36.38,36.385,35.992,364
2020-12-02,36.84,36.1115,36.84,36.1115,858
2020-12-03,37.0231,37.0231,37.0231,37.0231,269
2020-12-04,37.71,37.71,37.71,37.71,115
2020-12-07,37.804,37.63,37.804,37.63,175
2020-12-08,NaN,37.63,NaN,NaN,36
2020-12-09,37.4378,37.3184,37.4378,36.9493,687
2020-12-10,NaN,37.3184,NaN,NaN,88
2020-12-11,NaN,37.3184,NaN,NaN,0
2020-12-14,37.82,37.73,37.82,37.73,122
2020-12-15,37.81,37.81,37.81,37.81,176
2020-12-16,38.0,38.0,38.0,38.0,224
2020-12-17,38.72,38.6527,38.72,38.5,1785
2020-12-18,38.053,38.3561,38.4998,38.0285,1044
2020-12-21,36.84,37.59,37.59,36.83,2065
2020-12-22,36.8819,36.825,36.8819,36.4515,1046
2020-12-23,37.65,37.62,37.88,37.62,498
2020-12-24,38.29,38.0413,38.29,38.0413,2865
2020-12-28,38.525,38.525,38.525,38.525,2853
2020-12-29,38.6657,38.72,38.72,38.33,671
2020-12-30,39.11,38.375,39.2,38.32,22541
2020-12-31,NaN,38.375,NaN,NaN,0
2021-01-04,39.02,39.02,39.02,39.02,477
2021-01-05,NaN,39.02,NaN,NaN,32
2021-01-06,39.04,39.5807,39.7452,39.04,290
2021-01-07,39.58,39.16,39.58,39.16,583
2021-01-08,40.3105,40.3105,40.3105,40.3105,220
2021-01-11,39.8391,39.8391,39.8391,39.8391,484
2021-01-12,40.14,40.63,40.63,40.13,929
2021-01-13,41.17,41.17,41.17,41.17,275
2021-01-14,41.32,40.82,41.35,40.45,888
2021-01-15,40.5,40.31,40.5,40.31,453
2021-01-19,NaN,40.31,NaN,NaN,157
2021-01-20,40.4,40.895,41.29,40.4,374
2021-01-21,NaN,40.895,NaN,NaN,41
2021-01-22,NaN,40.895,NaN,NaN,93
2021-01-25,40.01,39.76,40.01,39.45,2441
2021-01-26,39.2,40.07,40.07,39.2,1372
2021-01-27,39.38,39.495,39.495,39.005,381
2021-01-28,39.14,39.5912,39.625,39.14,378
2021-01-29,39.09,38.39,39.09,37.96,603
2021-02-01,39.61,40.47,40.47,39.38,1198
2021-02-02,41.5,41.5541,41.94,41.4999,3108
2021-02-03,42.0,42.01,42.01,41.5,3686
2021-02-04,NaN,42.01,NaN,NaN,271
2021-02-05,42.26,42.1101,42.3899,42.1101,937
2021-02-08,42.82,42.5991,42.88,42.5991,1132
2021-02-09,42.34,42.6057,42.6057,42.34,2115
2021-02-10,43.07,42.34,43.07,42.34,2970
2021-02-11,NaN,42.34,NaN,NaN,245
2021-02-12,42.384,42.4943,42.4943,42.384,290
2021-02-16,43.1,42.31,43.12,42.31,1660
2021-02-17,42.7327,42.7327,42.7327,42.7327,565
2021-02-18,42.74,42.442,42.74,42.442,471
2021-02-19,NaN,42.442,NaN,NaN,0
2021-02-22,42.01,41.7537,42.01,41.7537,633
2021-02-23,NaN,41.7537,NaN,NaN,119
2021-02-24,42.68,42.8525,43.33,42.68,652
2021-02-25,43.59,42.3768,43.59,42.3768,5879
2021-02-26,41.59,41.245,41.59,41.0,2620
2021-03-01,42.61,42.61,42.61,42.61,421
2021-03-02,42.44,43.06,43.52,42.43,1547
2021-03-03,43.55,43.4106,43.55,43.4106,585
2021-03-04,43.37,42.2489,43.37,42.2489,673
2021-03-05,42.41,43.1,43.1,42.3,4881
2021-03-08,43.44,43.1001,43.44,43.1001,654
2021-03-09,43.62,43.4539,43.62,43.4539,1470
2021-03-10,43.665,43.77,43.77,43.665,594
2021-03-11,43.48,43.8,43.9999,43.48,283
2021-03-12,43.4,43.3727,43.58,43.15,1771
2021-03-15,43.18,43.2643,43.42,43.18,1484
2021-03-16,43.3,43.5202,43.5202,43.3,674
2021-03-17,42.41,42.79,42.79,42.41,2965
2021-03-18,41.92,41.6575,42.07,41.44,901
2021-03-19,42.385,42.7192,42.7192,42.385,627
2021-03-22,42.25,43.0,43.0,42.25,5021
2021-03-23,42.73,42.495,42.78,42.495,22934
2021-03-24,42.33,41.7961,42.33,41.5168,1357
2021-03-25,41.17,40.9499,41.23,40.71,6229
2021-03-26,42.0,42.1728,42.2,42.0,728
2021-03-29,42.21,41.9746,42.21,41.9746,1740
2021-03-30,41.61,42.0203,42.77,41.61,6404
2021-03-31,42.51,42.3859,42.8599,42.2967,21858
2021-04-01,43.12,43.015,44.0,42.4698,6686
2021-04-05,42.099,42.3098,42.3098,42.099,630
2021-04-06,42.46,42.3184,42.71,42.3184,1277
2021-04-07,42.34,42.0156,42.38,41.9723,2242
2021-04-08,42.78,42.465,42.84,42.42,4065
2021-04-09,42.42,42.42,42.42,42.42,1351
2021-04-12,40.91,40.5796,40.91,40.06,5056
2021-04-13,40.935,41.01,41.22,40.935,1064
2021-04-14,41.92,41.5972,42.167,41.5972,6507
2021-04-15,41.85,41.86,42.12,41.8,23454
2021-04-16,42.4,42.03,42.4,42.03,1470759
2021-04-19,41.29,40.6353,41.29,40.52,30956
2021-04-20,40.53,40.5,40.53,39.9522,10848
2021-04-21,40.38,40.0399,40.38,39.92,72166
2021-04-22,40.51,40.345,40.89,40.228,1256
2021-04-23,40.99,40.99,40.99,40.99,585
2021-04-26,40.8937,41.204,41.204,40.8937,1548
2021-04-27,NaN,41.204,NaN,NaN,206
2021-04-28,42.22,42.2722,42.2722,42.04,1102
2021-04-29,42.44,42.3191,42.5,42.275,14831
2021-04-30,NaN,42.3191,NaN,NaN,0
2021-05-03,42.5,42.3593,42.57,42.3593,1207
2021-05-04,41.37,41.8889,42.11,41.37,2082
2021-05-05,42.78,42.9221,43.03,42.78,3357
2021-05-06,43.1,43.5889,43.5889,43.1,705
2021-05-07,43.9999,43.858,43.9999,43.75,3421
2021-05-10,43.9999,43.9999,43.9999,43.9999,629
2021-05-11,43.9928,43.725,44.0,43.725,1088
2021-05-12,43.11,43.108,43.11,43.1,865
2021-05-13,42.61,43.1695,43.1695,42.61,936
2021-05-14,43.635,43.645,43.645,43.635,597
2021-05-17,44.0,44.2924,44.46,44.0,2852
2021-05-18,44.88,44.7589,45.01,44.53,2199
2021-05-19,44.1,44.5256,44.535,44.1,837
2021-05-20,44.61,44.3921,44.615,44.39,1761
2021-05-21,44.79,44.5456,44.79,44.5,1987
2021-05-24,45.12,44.8211,45.12,44.8211,700
2021-05-25,45.26,44.827,45.319,44.827,6013
2021-05-26,45.46,45.2382,45.56,45.2382,3957
2021-05-27,45.99,45.99,45.99,45.99,872
2021-05-28,45.24,45.496,45.496,45.19,2951
2021-06-01,45.84,45.8782,45.8782,45.59,724
2021-06-02,46.06,45.9222,46.1899,45.88,2601
2021-06-03,46.09,45.8551,46.09,45.8551,481
2021-06-04,46.6844,46.4093,46.6844,46.4093,870
2021-06-07,46.455,46.4258,46.455,46.1,3009
2021-06-08,46.43,46.3,46.6185,46.3,1995
2021-06-09,46.18,46.04,46.22,46.04,1166
2021-06-10,46.39,46.42,46.51,46.27,4269
2021-06-11,46.44,46.05,46.61,46.05,4150
2021-06-14,46.275,46.2571,46.3,46.2571,837
2021-06-15,46.3,45.7525,46.3,45.75,1008
2021-06-16,45.33,45.3004,45.33,45.3004,192
2021-06-17,45.11,44.9623,45.11,44.9623,627
2021-06-18,44.55,44.6,44.6,44.55,1140
2021-06-21,44.755,45.17,45.2,44.755,1586
2021-06-22,45.31,45.1397,45.31,45.1397,540
2021-06-23,45.15,44.917,45.15,44.917,16675
2021-06-24,45.01,45.0633,45.25,44.9501,10826
2021-06-25,45.2571,45.2091,45.31,45.2091,755
2021-06-28,45.13,45.13,45.13,45.13,2075
2021-06-29,45.119,45.1158,45.12,45.035,1640
2021-06-30,44.9071,44.853,44.9071,44.853,489
2021-07-01,45.0745,44.7681,45.0745,44.655,1584
2021-07-02,44.73,44.9975,44.9975,44.7,1547
2021-07-06,44.63,44.5873,44.7099,44.38,772
2021-07-07,44.73,44.8203,44.96,44.63,1447
2021-07-08,44.46,44.4573,44.46,44.39,3603
2021-07-09,44.8601,45.0195,45.0195,44.8601,452
2021-07-12,45.29,45.1338,45.29,45.0,780
2021-07-13,45.139,44.9705,45.14,44.9705,903
2021-07-14,45.41,45.2667,45.45,45.12,941
2021-07-15,45.6,45.45,45.6,45.45,392
2021-07-16,45.13,45.01,45.13,45.01,908
2021-07-19,44.5,44.3757,44.5,44.28,2445
2021-07-20,44.4,44.6744,44.6744,44.4,2735
2021-07-21,44.95,44.9352,44.95,44.9352,391
2021-07-22,NaN,44.9352,NaN,NaN,213
2021-07-23,45.64,45.2963,45.64,45.02,1170
2021-07-26,45.54,45.4494,45.54,45.4494,476
2021-07-27,45.12,44.9958,45.12,44.775,804
2021-07-28,44.85,45.05,45.05,44.85,472
2021-07-29,45.55,45.3126,45.55,45.3126,500
2021-07-30,45.5401,45.4669,45.55,45.4669,649
2021-08-02,46.0,45.6069,46.0,45.6069,803
2021-08-03,46.2197,46.38,46.3803,46.2197,1900
2021-08-04,46.5,46.3191,46.5,45.88,1331
2021-08-05,NaN,46.3191,NaN,NaN,148
2021-08-06,NaN,46.3191,NaN,NaN,166
2021-08-09,46.62,46.0351,46.62,46.0351,945
2021-08-10,NaN,46.0351,NaN,NaN,380
2021-08-11,NaN,46.0351,NaN,NaN,311
2021-08-12,NaN,46.0351,NaN,NaN,94
2021-08-13,46.39,46.94,47.0,46.39,792
2021-08-16,47.0,46.7894,47.108,46.7894,1490
2021-08-17,46.25,45.94,46.33,45.94,2447
2021-08-18,46.08,46.2528,46.59,46.08,1458
2021-08-19,45.76,45.9633,45.9633,45.76,1587
2021-08-20,46.29,46.22,46.29,46.06,149810
2021-08-23,46.295,46.274,46.295,46.1901,858
2021-08-24,46.73,46.95,46.95,46.73,693
2021-08-25,46.8,46.819,46.819,46.8,770
2021-08-26,46.4225,46.4924,46.4924,46.4004,686
2021-08-27,47.3,47.5945,47.67,47.3,1609
2021-08-30,48.11,48.21,48.3,48.1,3671
2021-08-31,49.28,48.65,49.28,48.65,4515
2021-09-01,48.8519,49.0,49.0,48.8519,1765
2021-09-02,49.178,49.178,49.178,49.178,428
2021-09-03,49.95,49.62,49.95,49.3,2579
2021-09-07,49.38,49.0001,49.38,49.0,2223
2021-09-08,48.73,48.8192,48.92,48.5,21186
2021-09-09,49.1612,49.3224,49.3224,49.1612,922
2021-09-10,49.2755,49.1731,49.39,49.1731,1216
2021-09-13,49.42,49.3271,49.57,49.245,3813
2021-09-14,49.64,49.2768,49.64,49.09,1756
2021-09-15,49.885,50.175,50.175,49.845,1534
2021-09-16,49.67,50.098,50.3248,49.6101,4260
2021-09-17,50.08,49.4648,50.08,49.4648,4527
2021-09-20,49.0,48.6716,49.0,48.38,2657
2021-09-21,48.86,49.24,49.56,48.86,1696
2021-09-22,49.82,49.9484,50.1861,49.82,1880
2021-09-23,50.1168,50.1991,50.41,50.1168,2328
2021-09-24,50.099,50.1123,50.27,50.0,3712
2021-09-27,49.95,49.9082,50.19,49.743,4069
2021-09-28,49.365,49.1853,49.545,49.1853,2366
2021-09-29,49.1,49.5752,49.77,49.1,1492
2021-09-30,49.55,49.1932,49.55,49.0,919
2021-10-01,49.7799,49.6501,49.8299,49.46,18582
2021-10-04,50.16,49.27,50.16,49.22,1459
2021-10-05,49.9,49.9377,50.07,49.9,1729
2021-10-06,49.16,49.42,49.55,49.03,2732
2021-10-07,49.68,49.4576,49.71,49.455,5218
2021-10-08,49.387,49.2727,49.48,49.2727,9778
2021-10-11,49.54,49.4309,49.67,49.4309,917
2021-10-12,50.32,49.8194,50.32,49.8194,592
2021-10-13,50.26,50.516,50.6899,50.26,4998
2021-10-14,51.3,51.39,51.39,50.81,6156
2021-10-15,51.25,50.97,51.4,50.68,135101
2021-10-18,50.57,51.34,51.34,50.56,10920
2021-10-19,50.78,50.5299,50.78,50.1371,6379
2021-10-20,50.02,50.2,50.2,50.0,3502
2021-10-21,50.0,49.91,50.05,49.91,1034
2021-10-22,49.86,49.53,49.86,49.15,4665
2021-10-25,48.965,49.16,49.3,48.96,3906
2021-10-26,49.6,49.975,50.1251,49.6,2341
2021-10-27,49.8,49.89,49.89,49.675,3533
2021-10-28,49.17,49.0001,49.17,48.84,13510
2021-10-29,49.0,48.59,49.0,48.44,5801
2021-11-01,49.32,49.64,49.644,49.32,1971
2021-11-02,49.7679,49.7699,49.7699,49.7679,1371
2021-11-03,49.9,49.678,49.9,49.41,4859
2021-11-04,49.76,49.984,49.984,49.71,6301
2021-11-05,50.11,50.06,50.34,50.06,3727
2021-11-08,51.13,50.975,51.1499,50.975,6361
2021-11-09,50.92,50.5699,50.92,50.415,1913
2021-11-10,50.345,50.07,50.35,49.955,2272
2021-11-11,50.0,50.0951,50.236,50.0,3676
2021-11-12,50.71,50.665,50.73,50.6,1766
2021-11-15,50.7572,50.593,50.76,50.593,1024
2021-11-16,50.14,50.08,50.14,50.08,1324
2021-11-17,50.016,49.8825,50.016,49.71,899
2021-11-18,49.43,49.4079,49.43,49.11,2846
2021-11-19,49.41,49.41,49.41,49.41,2494
2021-11-22,48.1,48.25,48.61,48.1,3648
2021-11-23,48.33,48.78,48.78,48.33,18628
2021-11-24,48.8333,48.8547,48.8547,48.39,1121
2021-11-26,47.41,46.68,47.41,46.52,3859
2021-11-29,46.4704,46.91,47.05,46.4704,3796
2021-11-30,47.01,47.19,47.203,47.0,1169
2021-12-01,47.95,47.68,47.9999,47.6565,2251
2021-12-02,47.81,48.2938,48.3,47.81,743
2021-12-03,47.88,47.23,47.88,47.23,2522
2021-12-06,46.6886,46.6494,46.6886,46.5,1019
2021-12-07,47.471,47.5068,47.5068,47.471,1032
2021-12-08,47.79,48.165,48.165,47.79,804
2021-12-09,47.9427,48.09,48.09,47.9401,3709
2021-12-10,48.0,47.9867,48.0,47.9004,1128
2021-12-13,47.89,47.0595,47.89,47.0595,2943
2021-12-14,47.3,47.22,47.3,47.06,1184
2021-12-15,46.73,46.73,46.73,46.73,493
2021-12-16,46.89,47.0501,47.0501,46.89,464
2021-12-17,46.48,46.3959,46.48,46.23,1004
2021-12-20,45.77,45.38,46.0899,45.0301,23173
2021-12-21,46.49,46.5555,46.5555,45.69,2068
2021-12-22,46.8311,46.8311,46.8311,46.8311,394
2021-12-23,47.23,46.6014,47.23,46.6014,1037
2021-12-27,47.3704,47.504,47.504,47.3704,818
2021-12-28,47.7859,46.9802,47.7859,46.96,14709
2021-12-29,47.625,47.46,47.625,47.2129,948
2021-12-30,47.97,47.97,47.97,47.97,408
2021-12-31,47.99,47.9,48.2,47.9,1626
2022-01-03,48.24,48.8756,49.0603,48.24,2095
2022-01-04,48.73,48.7606,48.91,48.73,1576
2022-01-05,49.24,48.8974,49.37,48.83,2506
2022-01-06,49.18,48.9701,49.18,48.605,5154
2022-01-07,49.44,49.4699,49.4699,49.17,2018
2022-01-10,49.54,49.5608,49.72,49.5,2539
2022-01-11,50.265,50.3747,50.3747,50.265,663
2022-01-12,50.51,50.5063,50.574,50.45,735
2022-01-13,50.471,50.515,50.626,50.471,2291
2022-01-14,49.94,49.8965,50.0,49.876,4452
2022-01-18,48.99,49.1616,49.36,48.91,1928
2022-01-19,49.09,49.07,49.09,48.95,1494
2022-01-20,49.1899,48.86,49.1899,48.86,1659
2022-01-21,48.44,47.7689,48.44,47.71,3214
2022-01-24,46.82,46.309,46.82,45.4623,6818
2022-01-25,47.07,47.3226,47.5399,47.07,2653
2022-01-26,47.5997,47.32,47.81,47.32,857
2022-01-27,47.23,47.0278,47.395,47.0278,549
2022-01-28,47.05,47.4588,47.4588,47.05,1534
2022-01-31,48.38,48.7211,48.73,48.23,6847
2022-02-01,48.85,48.86,48.86,48.85,1065
2022-02-02,49.218,49.1063,49.218,49.1063,377
2022-02-03,48.57,48.62,48.7518,48.45,3399
2022-02-04,48.23,48.1449,48.312,47.7335,2292
2022-02-07,47.95,47.85,47.95,47.85,884
2022-02-08,47.96,47.9407,47.96,47.865,1529
2022-02-09,48.77,48.82,48.82,48.77,1488
2022-02-10,48.2537,48.2537,48.2537,48.2537,1063
2022-02-11,48.06,47.21,48.06,47.2,2751
2022-02-14,46.57,46.2493,46.57,46.09,1538
2022-02-15,48.09,48.09,48.09,48.09,1027
2022-02-16,47.6,47.8995,47.8995,47.6,1535
2022-02-17,47.23,47.25,47.27,47.23,646
2022-02-18,47.51,47.54,47.78,47.51,983
2022-02-22,47.25,47.13,47.3457,46.9501,2648
2022-02-23,47.4099,46.4201,47.4099,46.4,986
2022-02-24,44.44,45.01,45.01,42.83,9856
2022-02-25,46.03,46.765,46.765,45.92,5557
2022-02-28,46.71,46.71,46.71,46.71,1254
2022-03-01,46.59,45.4098,46.59,45.15,2284
2022-03-02,45.68,46.13,46.13,45.47,1194
2022-03-03,46.07,45.255,46.11,45.1399,2182
2022-03-04,43.979,43.993,43.993,43.979,622
2022-03-07,43.56,43.11,43.56,43.1,635
2022-03-08,43.29,43.451,43.96,43.02,6713
2022-03-09,44.82,45.5726,45.625,44.82,2665
2022-03-10,45.64,45.424,45.64,44.92,3951
2022-03-11,45.3,44.7731,45.37,44.7731,1481
2022-03-14,45.92,45.4436,45.92,45.4436,714
2022-03-15,46.0,46.0,46.0,46.0,1280
2022-03-16,46.86,46.86,46.86,46.86,723
2022-03-17,47.69,47.69,47.69,47.69,1009
2022-03-18,47.17,46.59,47.67,46.59,57223
2022-03-21,46.37,46.91,46.91,46.37,3006
2022-03-22,47.1777,47.24,47.24,47.06,2425
2022-03-23,46.54,46.54,46.54,46.54,305
2022-03-24,46.9,46.69,46.9,46.69,1960
2022-03-25,45.4,45.4947,45.4947,45.39,691
2022-03-28,45.77,45.66,45.77,45.66,1018
2022-03-29,46.54,46.79,46.82,46.442,6609
2022-03-30,46.4,46.06,46.4,46.06,1673
2022-03-31,45.9,45.86,45.9,45.86,549
2022-04-01,45.99,46.315,46.3774,45.99,2045
2022-04-04,47.7499,47.8,47.85,47.6247,4172
2022-04-05,47.63,47.6199,47.63,47.6199,1041
2022-04-06,46.79,46.77,46.85,46.77,592
2022-04-07,46.57,46.9173,46.9173,46.57,1168
2022-04-08,47.16,47.32,47.38,47.16,1099
2022-04-11,46.8539,46.8539,46.8539,46.8539,554
2022-04-12,46.73,46.1,46.73,46.05,1532
2022-04-13,46.15,46.0001,46.7799,46.0001,131950
2022-04-14,46.66,46.21,46.66,46.0,5186
2022-04-18,46.519,46.3319,46.52,46.3319,760
2022-04-19,45.36,45.63,45.66,45.3,26316
2022-04-20,46.51,46.7,46.72,46.45,12609
2022-04-21,47.1,46.67,47.1,46.58,15805
2022-04-22,46.14,46.0533,46.3,45.94,2185
2022-04-25,45.58,45.8472,45.8472,45.3601,2948
2022-04-26,46.09,45.63,46.09,45.52,1878
2022-04-27,45.805,45.85,46.06,45.49,2042
2022-04-28,46.22,45.82,46.22,45.82,305
2022-04-29,45.94,45.93,46.05,45.7411,1042
2022-05-02,45.5301,45.65,45.65,45.51,1509
2022-05-03,45.515,45.96,45.96,45.515,1652
2022-05-04,45.21,45.97,45.97,44.745,28001
2022-05-05,43.37,43.9442,44.29,43.36,1000
2022-05-06,43.3001,44.12,44.12,43.3001,948
2022-05-09,43.63,43.1452,43.63,43.06,9458
2022-05-10,42.55,42.52,42.55,42.47,957
2022-05-11,42.8061,42.2954,43.2799,42.02,1022
2022-05-12,41.64,41.73,42.2917,41.64,2443
2022-05-13,41.6,42.57,42.57,41.6,671
2022-05-16,42.44,42.63,42.63,42.44,550
2022-05-17,43.2415,43.01,43.9499,42.91,1913
2022-05-18,42.45,42.92,42.92,42.02,1620
2022-05-19,42.99,42.7542,42.99,42.7542,1141
2022-05-20,42.6601,42.9343,42.9343,42.61,885
2022-05-23,43.145,43.56,43.56,43.145,347
2022-05-24,42.81,42.35,42.81,42.35,273
2022-05-25,42.3827,42.92,42.92,42.34,347
2022-05-26,43.12,42.47,43.14,42.47,1410
2022-05-27,43.62,43.62,43.62,43.62,95
2022-05-31,43.68,43.75,43.75,43.57,458
2022-06-01,43.395,43.3832,43.395,43.3832,562
2022-06-02,43.65,43.9,43.9,43.62,344
2022-06-03,43.73,43.03,43.73,43.03,226
2022-06-06,43.0048,42.52,43.06,42.52,822
2022-06-07,43.07,43.07,43.07,43.07,105
2022-06-08,42.67,42.67,42.67,42.67,348
2022-06-09,42.3671,42.3671,42.3671,42.3671,155
2022-06-10,42.0205,42.0205,42.0205,42.0205,53
2022-06-13,41.33,41.25,41.33,41.13,588
2022-06-14,41.351,41.4241,41.4241,41.351,1045
2022-06-15,41.6601,41.37,41.9,41.37,1979
2022-06-16,40.5,40.67,40.67,40.5,1187
2022-06-17,40.17,40.0,40.19,40.0,3001
2022-06-21,41.12,41.6,41.6,41.12,377
2022-06-22,40.56,40.01,40.56,40.01,508
2022-06-23,41.02,41.16,41.16,41.02,2226
2022-06-24,41.545,41.94,41.94,41.545,279
2022-06-27,41.4,41.4,41.5592,41.4,893
2022-06-28,41.1294,41.08,41.1294,40.88,2297
2022-06-29,41.142,41.08,41.142,41.08,883
2022-06-30,41.03,41.22,41.22,40.86,913
2022-07-01,41.27,41.4,41.4,41.13,1508
2022-07-05,41.39,41.39,41.39,41.39,90
2022-07-06,41.43,41.5,41.56,41.43,960
2022-07-07,41.82,42.5,42.58,41.82,8560
2022-07-08,42.17,42.41,42.41,42.17,2438
2022-07-11,42.0,42.0,42.0,42.0,120
2022-07-12,41.8901,41.92,41.92,41.8901,189
2022-07-13,41.38,41.6,41.6,41.38,544
2022-07-14,41.28,41.44,41.44,41.28,1049
2022-07-15,42.24,42.24,42.24,42.24,79
2022-07-18,42.1301,41.9291,42.2,41.9291,914
2022-07-19,42.49,42.6767,42.6767,42.49,2207
2022-07-20,42.27,42.5215,42.58,42.27,629
2022-07-21,42.73,42.77,42.77,42.73,591
2022-07-22,42.8,43.26,43.26,42.8,809
2022-07-25,43.19,43.028,43.19,43.028,340
2022-07-26,42.78,42.5093,42.78,42.5093,259
2022-07-27,43.72,43.4798,43.74,43.4798,488
2022-07-28,43.74,44.0,44.3,43.74,1291
2022-07-29,44.44,45.34,45.34,44.44,1667
2022-08-01,45.2347,45.3911,45.5,45.2347,1971
2022-08-02,45.76,45.81,45.81,45.49,983
2022-08-03,45.32,45.0,45.32,45.0,1330
2022-08-04,45.07,45.77,45.77,45.07,12124
2022-08-05,44.96,44.8,44.96,44.8,2185
2022-08-08,45.22,45.2196,45.245,45.2196,976
2022-08-09,45.18,45.1066,45.18,45.1066,681
2022-08-10,45.77,45.6,45.77,45.6,927
2022-08-11,45.44,45.44,45.44,45.36,999
2022-08-12,45.73,45.8445,45.8445,45.73,468
2022-08-15,45.785,45.875,45.875,45.785,358
2022-08-16,46.04,45.78,46.17,45.78,3389
2022-08-17,46.3,46.51,46.51,46.3,874
2022-08-18,46.185,46.08,46.185,45.845,634
2022-08-19,45.65,45.256,45.65,45.256,1651
2022-08-22,44.52,44.4675,44.52,44.4675,293
2022-08-23,45.07,45.33,45.33,45.07,517
2022-08-24,45.637,45.6168,45.637,45.6168,180
2022-08-25,45.32,45.3394,45.3394,45.09,861
2022-08-26,45.25,44.4,45.25,44.4,1095
2022-08-29,45.0,44.99,45.0535,44.99,1340
2022-08-30,45.75,44.93,45.75,44.93,678
2022-08-31,45.16,45.47,45.47,45.16,280
2022-09-01,45.65,46.05,46.05,45.65,13502
2022-09-02,45.77,45.32,45.8,45.32,66559
2022-09-06,45.34,45.0,45.34,45.0,937
2022-09-07,45.825,46.095,46.095,45.8,598
2022-09-08,46.2952,46.93,46.93,46.22,735
2022-09-09,46.53,46.35,46.53,46.34,2612
2022-09-12,46.66,47.03,47.09,46.66,2084
2022-09-13,46.65,46.01,46.654,45.93,2767
2022-09-14,46.44,46.77,46.92,46.44,5020
2022-09-15,46.48,46.1466,46.48,46.1,9698
2022-09-16,45.62,45.568,45.62,45.4501,658
2022-09-19,45.63,46.04,46.04,45.63,1508
2022-09-20,46.28,46.43,46.44,46.25,3249
2022-09-21,46.17,45.6114,46.17,45.6114,2219
2022-09-22,45.3,44.89,45.3,44.86,2225
2022-09-23,44.26,43.89,44.26,43.64,24310
2022-09-26,42.84,42.48,43.14,42.48,17311
2022-09-27,43.08,42.8934,43.19,42.74,1638
2022-09-28,43.0281,43.6287,43.6287,43.0281,1859
2022-09-29,43.07,42.97,43.07,42.41,1439
2022-09-30,43.455,42.83,43.597,42.83,1291
2022-10-03,43.05,43.57,43.58,43.05,10592
2022-10-04,44.215,44.2,44.31,44.19,1131
2022-10-05,44.05,44.43,44.465,44.05,7447
2022-10-06,43.9,43.8,43.9,43.7156,18050
2022-10-07,43.2582,42.93,43.2582,42.69,1831
2022-10-10,43.49,43.3166,43.49,43.22,53379
2022-10-11,42.59,42.7,43.13,42.59,21806
2022-10-12,43.0,42.74,43.19,42.74,2224
2022-10-13,42.73,43.61,43.61,42.73,1049
2022-10-14,43.2343,42.91,43.285,42.91,2386
2022-10-17,43.8,43.44,43.8256,43.44,1396
2022-10-18,44.05,43.88,44.05,43.725,1049
2022-10-19,43.0405,43.07,43.19,42.97,1122
2022-10-20,43.29,43.5813,43.95,43.29,1320
2022-10-21,44.0,44.03,44.1999,44.0,97827
2022-10-24,43.86,44.1289,44.158,43.86,6555
2022-10-25,44.03,44.26,44.46,44.03,5698
2022-10-26,44.36,44.57,44.73,44.36,1436
2022-10-27,44.29,44.67,44.67,44.11,3604
2022-10-28,44.16,44.58,44.7449,44.16,3101
2022-10-31,44.54,44.5328,44.65,44.31,2106
2022-11-01,45.03,45.05,45.17,45.03,1764
2022-11-02,44.87,44.29,44.87,44.29,7604
2022-11-03,44.69,44.51,44.69,44.51,591
2022-11-04,45.21,46.06,46.06,45.21,4924
2022-11-07,45.91,45.75,45.91,45.72,7521
2022-11-08,46.21,46.07,46.2999,46.0,3967
2022-11-09,45.71,45.4378,45.79,45.34,1269
2022-11-10,46.23,46.66,46.71,46.19,8778
2022-11-11,46.35,46.39,46.552,46.21,2975
2022-11-14,46.03,45.92,46.252,45.92,1751
2022-11-15,46.44,46.0,46.542,46.0,1166
2022-11-16,45.5366,45.36,45.695,45.36,1374
2022-11-17,45.21,45.22,45.4,45.08,1019
2022-11-18,45.19,45.2478,45.2478,45.18,689
2022-11-21,45.12,45.0,45.12,44.86,1456
2022-11-22,45.32,45.3735,45.39,45.3199,1198
2022-11-23,45.43,45.3938,45.43,45.35,6733
2022-11-25,45.59,45.83,46.01,45.59,1736
2022-11-28,46.04,45.6832,46.04,45.67,3350
2022-11-29,46.13,45.91,46.15,45.87,6613
2022-11-30,46.54,46.89,46.89,46.33,2110
2022-12-01,46.89,46.88,46.96,46.83,32908
2022-12-02,46.42,46.6,46.63,46.33,44085
2022-12-05,46.43,46.0473,46.43,45.91,7273
2022-12-06,45.82,45.69,45.82,45.63,2199
2022-12-07,45.76,45.7888,45.79,45.6,66469
2022-12-08,46.03,46.21,46.21,45.78,22081
2022-12-09,45.8,45.64,45.95,45.5972,452069
2022-12-12,45.48,45.63,45.87,45.1801,26151
2022-12-13,46.59,46.1597,47.64,46.1597,9600
2022-12-14,46.34,46.26,46.435,46.19,5822
2022-12-15,45.59,45.2,45.59,45.18,6337
2022-12-16,45.33,45.07,45.33,44.9551,2254
2022-12-19,45.52,45.56,45.79,45.52,19420
2022-12-20,45.4661,45.48,45.689,45.4661,17292
2022-12-21,45.09,45.1425,45.21,45.015,9165
2022-12-22,44.66,44.23,44.66,44.23,4997
2022-12-23,42.98,42.93,43.07,42.751,6212
2022-12-27,43.81,43.54,43.81,43.45,3212
2022-12-28,43.72,43.68,43.86,43.64,7669
2022-12-29,43.88,43.955,44.1,43.7,12646
2022-12-30,43.96,43.67,43.96,43.4,3208
2023-01-03,43.76,43.83,43.87,43.716,1871
2023-01-04,43.63,43.75,43.77,43.45,4841
2023-01-05,43.684,43.58,43.684,43.56,11819
2023-01-06,43.69,44.26,44.26,43.53,44393
2023-01-09,44.31,44.29,44.47,44.18,12940
2023-01-10,44.3445,44.4,44.4,44.2601,3822
2023-01-11,44.08,44.2,44.27,44.08,2983
2023-01-12,44.48,44.57,44.669,44.2393,12965
2023-01-13,44.57,44.97,44.97,44.555,6012
2023-01-17,44.69,44.67,44.72,44.52,19432
2023-01-18,44.99,44.6,44.99,44.6,6955
2023-01-19,44.72,44.75,44.83,44.6,14850
2023-01-20,44.61,44.62,44.98,44.52,4403
2023-01-23,44.62,44.77,44.78,44.4621,12302
2023-01-24,44.6,44.35,44.68,44.35,7357
2023-01-25,44.25,44.065,44.255,43.65,54069
2023-01-26,44.099,44.21,44.24,44.035,7192
2023-01-27,43.46,43.715,43.92,43.34,32128
2023-01-30,43.8,43.86,43.94,43.8,6690
2023-01-31,43.88,44.02,44.02,43.764,6313
2023-02-01,43.5,42.69,43.5,42.54,13878
2023-02-02,42.96,43.08,43.08,42.6,3952
2023-02-03,42.63,42.68,43.26,42.57,10096
2023-02-06,42.94,43.06,43.09,42.6,20793
2023-02-07,42.58,42.83,42.83,42.1994,9955
2023-02-08,43.18,43.33,43.33,42.79,5007
2023-02-09,43.05,42.86,43.3,42.86,46359
2023-02-10,42.7946,44.23,44.23,42.7946,39057
2023-02-13,43.04,43.2,43.51,42.8,7027
2023-02-14,42.88,42.68,43.24,42.68,6966
2023-02-15,43.29,43.37,43.54,43.06,6039
2023-02-16,43.205,43.3739,43.66,43.135,7950
2023-02-17,42.8701,43.2094,43.47,42.8701,8929
2023-02-21,42.83,42.74,42.94,42.5,4958
2023-02-22,42.39,42.1,42.39,42.0,10094
2023-02-23,42.47,42.3432,42.47,42.1385,5725
2023-02-24,42.0,41.91,42.0,41.55,14625
2023-02-27,42.01,42.005,42.1799,41.8692,4212
2023-02-28,41.88,41.665,41.88,41.6037,5477
2023-03-01,42.26,42.27,42.42,42.102,3345
2023-03-02,42.165,42.14,42.27,42.14,1561
2023-03-03,42.64,43.04,43.13,42.64,1509
2023-03-06,43.39,43.245,43.4949,43.06,3966
2023-03-07,43.37,42.68,43.49,42.68,2634
2023-03-08,42.97,43.3068,43.5899,42.67,14611
2023-03-09,42.95,42.55,42.95,42.49,3127
2023-03-10,42.515,42.2,42.68,42.17,2484
2023-03-13,41.75,41.84,41.88,41.66,4073
2023-03-14,41.56,41.52,41.94,41.51,3169
2023-03-15,41.16,41.23,41.24,40.7401,5438
2023-03-16,41.53,41.71,41.71,41.46,5855
2023-03-17,41.49,41.45,41.52,41.01,17607
2023-03-20,41.37,41.5,41.5,41.37,743
2023-03-21,41.43,41.43,41.7899,41.43,1503
2023-03-22,41.57,41.81,42.079,41.57,3019
2023-03-23,41.96,42.08,42.08,41.54,2204
2023-03-24,41.35,41.48,41.515,41.23,23029
2023-03-27,41.24,41.59,41.59,41.2,2025
2023-03-28,41.295,41.05,41.295,41.01,1375
2023-03-29,41.59,41.715,42.0,41.51,3122
2023-03-30,41.86,41.85,41.94,41.7001,2879
2023-03-31,42.0,41.99,42.0,41.95,4181
2023-04-03,42.0,42.12,42.46,42.0,2058
2023-04-04,42.3,42.38,42.385,42.11,5332
2023-04-05,42.62,42.31,42.62,42.26,5993
2023-04-06,42.7,42.68,42.852,42.6,6378
2023-04-10,42.76,42.89,43.0,42.6,2252
2023-04-11,43.24,43.08,43.38,43.08,1504
2023-04-12,43.477,43.38,43.66,43.0901,3458
2023-04-13,43.514,43.58,43.58,43.38,1342
2023-04-14,43.28,43.18,43.61,43.13,1669
2023-04-17,43.256,43.24,43.34,43.2,6441
2023-04-18,43.32,43.37,43.37,43.3,1279
2023-04-19,43.33,43.03,43.33,42.88,2313
2023-04-20,43.03,43.05,43.36,42.96,19903
2023-04-21,42.8,43.17,43.17,42.8,5414
2023-04-24,43.61,43.73,43.73,43.23,5625
2023-04-25,43.629,43.39,44.51,43.2,11743
2023-04-26,43.35,43.49,43.82,43.35,59806
2023-04-27,43.95,44.075,44.075,43.8201,108576
2023-04-28,44.24,44.655,44.92,44.195,22313
2023-05-01,44.82,44.73,44.84,44.63,38593
2023-05-02,44.42,44.57,44.57,44.242,5422
2023-05-03,44.54,44.205,44.5699,44.205,2276
2023-05-04,44.6,44.47,44.73,44.3,24750
2023-05-05,44.5105,44.84,44.85,44.5105,4074
2023-05-08,45.18,44.885,45.18,44.6501,10488
2023-05-09,44.64,44.885,44.97,44.64,4261
2023-05-10,45.2,45.18,45.2,44.93,2950
2023-05-11,44.87,44.49,44.87,44.49,4636
2023-05-12,44.46,44.58,44.66,44.46,2533
2023-05-15,44.91,44.855,45.0,44.8,4947
2023-05-16,44.85,44.65,44.89,44.47,3562
2023-05-17,44.52,44.45,44.65,44.2101,3362
2023-05-18,44.08,44.04,44.12,43.6873,12838
2023-05-19,44.21,44.035,44.21,43.81,6524
2023-05-22,44.77,44.6,44.84,44.5282,2801
2023-05-23,44.68,44.67,44.83,44.64,4212
2023-05-24,44.72,44.22,44.83,44.22,3011
2023-05-25,44.93,44.66,45.01,44.66,3111
2023-05-26,44.67,45.3,45.71,44.67,4211
2023-05-30,45.42,45.15,45.6699,45.14,15455
2023-05-31,45.1,45.23,45.41,45.07,4755
2023-06-01,45.173,45.67,45.67,45.173,12195
2023-06-02,45.81,45.85,46.0,45.68,8741
2023-06-05,45.72,45.76,45.88,45.72,3838
2023-06-06,45.98,45.7,45.9999,45.7,2279
2023-06-07,46.28,45.92,46.4599,45.92,6172
2023-06-08,45.96,46.045,46.1799,45.834,35224
2023-06-09,45.91,45.56,46.0199,45.56,7112
2023-06-12,45.84,45.81,46.18,45.81,1504
2023-06-13,46.25,46.14,46.46,46.14,3982
2023-06-14,46.39,46.66,46.66,46.39,4969
2023-06-15,46.7,46.785,46.99,46.5,9045
2023-06-16,46.9,46.76,47.12,46.76,4655
2023-06-20,46.96,46.88,47.03,46.7,14913
2023-06-21,46.97,47.11,47.11,46.5533,3569
2023-06-22,46.88,46.7,46.88,46.57,14733
2023-06-23,46.26,46.3,46.3,46.0101,3907
2023-06-26,46.64,46.62,47.37,46.3,12347
2023-06-27,46.94,46.98,47.26,46.725,32779
2023-06-28,47.24,47.325,47.46,47.0,10322
2023-06-29,47.34,47.41,47.45,47.0901,6422
2023-06-30,47.75,47.83,47.91,47.43,15447
2023-07-03,47.89,47.88,48.01,47.599,15281
2023-07-05,48.15,48.0,48.15,47.88,9784
2023-07-06,47.9,47.28,47.95,47.09,25213
2023-07-07,47.28,47.58,47.6399,47.12,4742
2023-07-10,47.14,47.2,47.379,47.0201,6612
2023-07-11,47.62,47.55,47.9099,47.3801,3331
2023-07-12,47.79,48.08,48.13,47.79,8003
2023-07-13,47.8,48.03,48.03,47.5501,16456
2023-07-14,48.0,48.14,48.14,47.76,6490
2023-07-17,48.15,48.46,48.6,48.09,8945
2023-07-18,48.28,48.01,48.33,48.01,12317
2023-07-19,48.36,48.2,48.5162,48.023,8532
2023-07-20,48.69,48.45,48.69,48.2001,8850
2023-07-21,48.45,48.31,48.45,47.87,3243
2023-07-24,48.41,48.115,48.41,48.11,4802
2023-07-25,48.472,48.04,48.48,48.04,19965
2023-07-26,48.35,48.7,48.7199,48.14,7968
2023-07-27,48.47,48.27,48.47,47.8277,7322
2023-07-28,48.2007,48.29,48.47,47.9401,17943
2023-07-31,48.5,48.84,48.94,48.45,12870
2023-08-01,48.62,48.09,48.62,48.06,14758
2023-08-02,47.68,47.32,47.68,47.05,17001
2023-08-03,47.53,47.4,47.55,47.01,14741
2023-08-04,47.57,47.22,48.0,47.02,61737
2023-08-07,47.83,47.71,47.9226,47.54,6894
2023-08-08,47.74,47.66,47.74,47.545,3432
2023-08-09,47.82,47.75,47.998,47.56,10579
2023-08-10,47.79,47.71,48.04,47.56,9098
2023-08-11,47.47,47.23,47.47,46.76,713099
2023-08-14,46.8,47.11,47.11,46.65,4382
2023-08-15,46.98,46.71,47.19,46.6,4298
2023-08-16,46.89,47.09,47.21,46.89,2049
2023-08-17,46.96,46.7,47.18,46.7,2441
2023-08-18,46.7,47.14,47.16,46.65,2713
2023-08-21,47.1,47.54,47.54,47.03,10540
2023-08-22,47.54,47.35,47.54,47.2,5023
2023-08-23,47.58,47.84,47.98,47.18,19161
2023-08-24,47.46,47.49,47.7,47.25,2528
2023-08-25,47.24,47.16,47.24,47.02,2596
2023-08-28,47.43,47.25,47.52,47.25,2340
2023-08-29,47.37,47.98,47.98,47.37,9294
2023-08-30,47.29,47.81,47.81,47.29,8422
2023-08-31,47.3896,47.1,47.45,47.1,2605
2023-09-01,47.6601,47.65,47.8939,47.65,1342
2023-09-05,48.27,48.35,48.37,47.91,17106
2023-09-06,48.12,47.82,48.36,47.82,6059
2023-09-07,48.17,48.5,48.6499,48.17,4445
2023-09-08,48.6,48.92,49.0,48.6,2452
2023-09-11,49.4261,49.4261,49.4261,49.4261,400
2023-09-12,49.06,48.98,49.09,48.71,14174
2023-09-13,49.0,49.0,49.48,48.85,28711
2023-09-14,49.35,49.295,49.62,49.25,7755
2023-09-15,49.41,49.22,49.4499,49.07,15612
2023-09-18,49.47,49.42,49.47,49.225,6518
2023-09-19,49.39,49.2,49.39,49.0,13217
2023-09-20,49.29,49.14,49.4,48.94,6177
2023-09-21,48.25,48.48,48.48,48.08,7151
2023-09-22,48.6,48.41,48.8,48.3778,2773
2023-09-25,48.67,48.7,48.71,48.4,3394
2023-09-26,48.64,48.25,48.64,48.21,6916
2023-09-27,48.76,48.83,49.01,48.4,62983
2023-09-28,48.48,48.52,48.54,48.06,60266
2023-09-29,48.55,48.64,48.74,48.3271,60760
2023-10-02,48.5,48.36,48.77,48.36,3534
2023-10-03,48.46,48.15,48.5,48.15,3741
2023-10-04,48.16,48.15,48.27,47.87,10776
2023-10-05,48.09,48.17,48.4099,48.04,47435
2023-10-06,48.4262,48.9429,49.1324,48.4262,16542
2023-10-09,48.22,48.16,48.4,47.87,31864
2023-10-10,48.55,48.94,48.94,48.55,28758
2023-10-11,48.97,49.0,49.15,48.82,8840
2023-10-12,48.94,48.555,48.94,48.5,4680
2023-10-13,48.8214,48.77,48.8349,48.57,4845
2023-10-16,48.83,49.0168,49.0168,48.78,10898
2023-10-17,49.0,49.08,49.2,48.77,18832
2023-10-18,48.69,48.64,48.75,48.55,7470
2023-10-19,48.97,48.77,48.9999,48.77,4643
2023-10-20,48.68,48.5,48.68,48.5,5827
2023-10-23,48.17,48.17,48.29,47.85,4592
2023-10-24,47.9,48.0,48.1439,47.9,36697
2023-10-25,47.73,47.365,47.73,47.3002,10863
2023-10-26,46.85,46.65,46.94,46.6,11185
2023-10-27,47.07,46.95,47.2,46.95,6279
2023-10-30,47.33,47.54,47.54,47.21,11912
2023-10-31,47.42,47.275,47.47,47.0,16454
2023-11-01,47.1486,47.3934,47.5,47.1486,24934
2023-11-02,47.57,47.82,47.82,47.5001,14630
2023-11-03,47.99,48.34,48.43,47.86,18389
2023-11-06,48.5,48.3,48.5,48.2287,4959
2023-11-07,48.3426,48.5,48.5,47.9744,7717
2023-11-08,48.71,48.59,48.71,48.1901,4970
2023-11-09,48.39,48.33,48.39,48.01,17158
2023-11-10,48.29,48.8,48.81,48.29,49482
2023-11-13,48.8,48.6,48.8,48.4701,4542
2023-11-14,48.83,49.18,49.3999,48.83,3033
2023-11-15,49.1,49.2,49.4699,49.1,7220
2023-11-16,49.58,49.37,49.58,49.27,4859
2023-11-17,49.4,49.57,49.629,49.3301,2388
2023-11-20,49.47,49.6,49.6,49.265,29225
2023-11-21,49.76,49.59,49.76,49.4387,1965
2023-11-22,49.5559,49.78,49.78,49.4001,5213
2023-11-24,49.67,49.65,49.6701,49.56,2431
2023-11-27,49.78,49.63,49.78,49.54,2547
2023-11-28,49.9,50.0,50.2,49.9,8777
2023-11-29,50.35,50.43,50.4985,50.2,3737
2023-11-30,50.59,50.78,50.78,50.5501,4364
2023-12-01,50.87,51.11,51.11,50.55,12895
2023-12-04,51.63,51.5,51.79,51.5,5819
2023-12-05,51.886,52.23,52.23,51.8001,9786
2023-12-06,52.33,52.0,52.33,51.84,11464
2023-12-07,52.22,52.07,52.22,51.7101,35724
2023-12-08,51.87,51.77,51.87,51.51,4627
2023-12-11,52.06,52.13,52.13,51.8209,15187
2023-12-12,51.89,52.0,52.19,51.7802,8122
2023-12-13,52.0912,52.98,52.985,52.0701,26930
2023-12-14,53.1,53.02,53.15,52.975,19063
2023-12-15,53.61,53.52,53.7494,53.415,11041
2023-12-18,53.53,53.3,53.67,53.3,10460
2023-12-19,53.43,53.55,53.7669,53.43,7038
2023-12-20,52.6,51.92,52.6,51.92,24434
2023-12-21,52.52,52.63,52.79,52.33,9932
2023-12-22,53.29,53.4,53.49,53.01,7421
2023-12-26,53.72,53.85,53.9199,53.69,14464
2023-12-27,54.29,54.3,54.3099,54.02,19379
2023-12-28,54.35,54.58,54.69,54.31,30125
2023-12-29,54.26,54.06,54.41,54.02,15948
2024-01-02,53.99,54.31,54.33,53.99,18944
2024-01-03,54.18,54.17,54.19,53.77,17113
2024-01-04,54.42,54.4,54.545,53.82,15734
2024-01-05,54.7,53.86,54.805,53.86,70282
2024-01-08,53.86,53.97,54.1,53.7101,11419
2024-01-09,54.04,54.04,54.14,53.83,20887
2024-01-10,54.16,54.2,54.4399,54.04,14043
2024-01-11,54.3,54.38,54.38,53.875,48635
2024-01-12,55.06,55.03,55.13,54.95,10449
2024-01-16,55.09,54.57,55.09,54.45,13875
2024-01-17,54.03,53.77,54.03,53.56,11936
2024-01-18,54.02,53.78,54.02,53.59,76538
2024-01-19,54.44,54.38,54.7,54.3,156204
2024-01-22,54.92,55.17,55.17,54.82,15788
2024-01-23,53.71,53.82,53.82,53.37,18964
2024-01-24,54.66,54.43,54.66,54.09,35810
2024-01-25,54.3,54.36,54.36,54.01,39989
2024-01-26,54.25,54.35,54.46,54.0201,7689
2024-01-29,55.16,54.76,55.16,54.7001,29656
2024-01-30,54.59,54.6,54.72,54.27,15286
2024-01-31,54.97,55.14,55.25,54.82,30514
2024-02-01,55.43,55.57,55.58,55.08,35167
2024-02-02,55.8,55.91,55.91,55.4,25854
2024-02-05,55.83,55.58,55.83,55.45,10495
2024-02-06,56.39,56.38,56.39,56.13,12458
2024-02-07,56.56,56.56,56.7,56.38,19932
2024-02-08,56.14,55.63,56.14,55.62,32334
2024-02-09,56.47,55.82,56.47,55.73,5709
2024-02-12,55.82,56.04,56.05,55.7,23519
2024-02-13,55.72,55.55,55.72,55.21,21368
2024-02-14,56.55,56.41,56.57,56.11,63936
2024-02-15,56.79,56.73,56.7999,56.3101,99960
2024-02-16,57.08,57.04,57.1934,56.59,39402
2024-02-20,57.27,57.33,57.57,57.06,82354
2024-02-21,56.89,56.69,56.9,56.6,40203
2024-02-22,57.02,57.26,57.5,56.91,18054
2024-02-23,57.45,57.48,57.5,57.13,11008
2024-02-26,57.07,57.07,57.11,56.91,15264
2024-02-27,57.07,56.95,57.12,56.85,13617
2024-02-28,56.46,56.2,56.54,56.16,26764
2024-02-29,56.63,56.26,56.63,56.1,21617
2024-03-01,57.27,57.34,57.5199,57.2,26248
2024-03-04,57.64,57.61,57.64,57.18,30566
2024-03-05,57.2,57.32,57.53,57.13,17104
2024-03-06,57.73,57.66,57.73,57.5299,171020
2024-03-07,58.06,58.06,58.14,57.7,10919
2024-03-08,58.12,58.15,58.25,58.02,22745
2024-03-11,57.78,57.65,57.8199,57.51,19243
2024-03-12,57.37,57.13,57.37,56.98,17791
2024-03-13,56.14,55.7,56.14,55.47,40730
2024-03-14,56.25,56.24,56.3999,56.0001,22800
2024-03-15,56.48,56.29,56.48,56.16,9576
2024-03-18,56.56,56.19,56.56,56.1,12677
2024-03-19,55.84,55.5,55.84,55.34,74025
2024-03-20,55.53,55.74,56.1499,55.3696,20307
2024-03-21,56.14,55.9,56.1782,55.9,24342
2024-03-22,55.99,55.98,56.2899,55.9252,15626
2024-03-25,56.18,55.95,56.18,55.93,17651
2024-03-26,56.3,56.0,56.3584,56.0,14497
2024-03-27,56.21,55.92,56.32,55.92,31135
2024-03-28,56.81,56.96,57.08,56.73,15107
2024-04-01,57.38,57.2,57.46,57.0001,19457
2024-04-02,57.23,57.01,57.29,56.89,62951
2024-04-03,57.13,57.29,57.29,56.86,50187
2024-04-04,57.3,57.04,57.51,56.99,45993
2024-04-05,57.15,57.3,57.49,57.0487,11924
2024-04-08,57.74,57.85,57.9506,57.53,17065
2024-04-09,57.85,57.65,57.85,57.3,27182
2024-04-10,57.33,57.075,57.37,56.78,37021
2024-04-11,57.23,57.27,57.45,56.91,22582
2024-04-12,56.91,56.3,56.91,56.3,21045
2024-04-15,56.65,56.07,56.65,55.7501,17049
2024-04-16,55.98,55.97,56.09,55.79,13802
2024-04-17,56.28,55.89,56.28,55.59,12022
2024-04-18,55.75,55.66,55.75,55.12,19471
2024-04-19,55.95,56.04,56.22,55.7401,85742
2024-04-22,56.63,56.84,56.89,56.5166,17120
2024-04-23,56.84,57.06,57.0899,56.5939,13705
2024-04-24,56.82,56.8,56.9668,56.5806,13201
2024-04-25,56.96,57.4,57.4,56.85,33126
2024-04-26,57.17,57.2,57.29,56.9047,38591
2024-04-29,57.01,57.13,57.2199,56.7101,8982
2024-04-30,57.24,56.59,57.24,56.59,27716
2024-05-01,56.86,57.13,57.29,56.69,71581
2024-05-02,57.4,57.64,57.73,57.1472,29695
2024-05-03,57.4,57.45,57.45,57.15,20986
2024-05-06,57.21,57.15,57.21,56.85,20315
2024-05-07,56.93,56.44,56.93,56.04,31676
2024-05-08,56.43,56.43,56.74,56.282,126889
2024-05-09,56.05,56.03,56.1599,55.8,18448
2024-05-10,56.19,55.98,56.19,55.6901,15557
2024-05-13,56.7,56.46,56.7,56.3629,11733
2024-05-14,56.95,56.87,56.95,56.6606,28092
2024-05-15,56.99,56.99,57.0,56.6527,16266
2024-05-16,57.27,57.1,57.27,56.9,16797
2024-05-17,57.39,57.48,57.56,57.2231,17396
2024-05-20,57.66,57.47,57.7499,57.24,19577
2024-05-21,57.84,57.82,57.9497,57.76,27857
2024-05-22,57.97,57.84,57.97,57.6612,25887
2024-05-23,58.79,58.5,58.99,58.32,19741
2024-05-24,58.8,58.74,59.0199,58.555,25377
2024-05-28,58.74,58.36,58.74,58.0301,34492
2024-05-29,58.23,58.03,58.23,57.8381,22717
2024-05-30,57.57,57.43,57.64,57.0745,17757
2024-05-31,57.43,57.21,57.43,57.0559,11101
2024-06-03,59.37,59.32,59.67,58.98,37152
2024-06-04,56.22,56.11,56.28,55.63,73341
2024-06-05,57.23,57.98,57.98,57.22,71110
2024-06-06,58.44,58.25,58.44,58.03,20146
2024-06-07,59.23,59.01,59.23,58.75,12987
2024-06-10,59.2,59.22,59.3699,58.8601,20386
2024-06-11,59.41,59.05,59.41,59.0163,9866
2024-06-12,59.65,59.7,59.92,59.59,13865
2024-06-13,59.91,59.72,59.9899,59.557,57591
2024-06-14,59.79,60.19,60.19,59.5301,65407
2024-06-17,60.12,60.22,60.2944,60.0,15188
2024-06-18,60.28,60.51,60.6399,60.1,33249
2024-06-20,59.88,59.48,59.88,59.33,20872
2024-06-21,59.54,59.44,59.5733,59.31,15979
2024-06-24,60.1,59.62,60.1,59.58,74190
2024-06-25,59.76,59.64,59.91,59.4601,16601
2024-06-26,59.74,59.5,59.74,59.478,7936
2024-06-27,60.23,60.4,60.5799,59.99,24071
2024-06-28,60.5,60.28,60.53,60.1508,17985
2024-07-01,60.55,60.64,60.81,60.48,19817
2024-07-02,60.23,60.62,60.7362,60.23,21295
2024-07-03,60.7,60.9,60.94,60.62,20729
2024-07-05,61.24,61.01,61.31,60.79,22791
2024-07-08,61.21,61.0,61.31,60.85,17424
2024-07-09,61.1,61.22,61.38,60.92,19329
2024-07-10,60.76,61.18,61.1995,60.76,23058
2024-07-11,61.3,61.32,61.38,61.2001,11921
2024-07-12,61.53,61.83,61.8343,61.47,23442
2024-07-15,61.78,61.77,61.9632,61.61,40990
2024-07-16,61.91,62.18,62.18,61.77,15996
2024-07-17,61.97,61.92,62.0299,61.7,12622
2024-07-18,62.16,62.01,62.42,61.95,26594
2024-07-19,61.3,60.93,61.3,60.82,11659
2024-07-22,61.07,61.23,61.44,61.07,18418
2024-07-23,61.04,61.23,61.4399,60.9,21730
2024-07-24,61.15,60.76,61.3832,60.52,19351
2024-07-25,60.96,61.09,61.2909,60.89,16030
2024-07-26,62.32,62.53,62.53,62.23,12492
2024-07-29,62.53,62.47,62.6,62.0,12086
2024-07-30,62.47,62.49,62.49,62.01,18948
2024-07-31,62.8,63.11,63.1897,62.74,19004
2024-08-01,63.12,62.68,63.22,62.45,21001
2024-08-02,62.11,62.0,62.28,61.7117,29570
2024-08-05,59.79,60.28,60.679,59.5,41423
2024-08-06,60.88,61.77,61.99,60.88,109025
2024-08-07,61.68,61.39,61.79,61.17,34190
2024-08-08,60.99,61.44,61.79,60.99,42475
2024-08-09,61.04,61.49,61.5,61.04,17586
2024-08-12,61.46,61.37,61.46,61.1001,27321
2024-08-13,60.46,60.84,60.84,60.03,14178
2024-08-14,60.5,60.48,60.57,60.13,18980
2024-08-15,61.0,61.21,61.4725,60.75,42648
2024-08-16,61.28,61.65,61.6999,61.28,94135
2024-08-19,61.8,61.95,61.99,61.5608,9842
2024-08-20,62.07,62.17,62.23,62.0,15534
2024-08-21,62.31,62.534,62.7171,62.24,53748
2024-08-22,62.3,62.05,62.4,62.05,11490
2024-08-23,62.34,62.44,62.755,62.15,19731
2024-08-26,62.78,62.76,63.2899,62.5101,9817
2024-08-27,62.76,62.7848,62.8786,62.35,19415
2024-08-28,62.66,62.58,62.8929,62.5092,12068
2024-08-29,62.77,62.9,63.1899,62.67,10879
2024-08-30,63.35,63.27,63.4899,63.09,12380
2024-09-03,63.02,62.92,63.495,62.87,11674
2024-09-04,63.02,63.34,63.49,62.8829,14085
2024-09-05,63.06,62.92,63.2699,62.9,18951
2024-09-06,62.68,62.12,62.68,61.6101,24759
2024-09-09,62.54,62.32,62.8499,62.25,11200
2024-09-10,62.74,62.8,63.0,62.43,10308
2024-09-11,62.8,62.71,62.885856,62.2309,12096
2024-09-12,63.36,63.76,63.76,63.05,16918
2024-09-13,63.75,63.87,64.0599,63.66,11872
2024-09-16,64.23,63.91,64.23,63.43,14192
2024-09-17,63.78,63.99,64.01,63.7001,10763
2024-09-18,63.57,63.5,63.999,63.12,14166
2024-09-19,63.8,63.835,64.13,63.55,14345
2024-09-20,64.29,64.76,64.99,64.29,17147
2024-09-23,64.96,65.26,65.3795,64.8,36910
2024-09-24,64.81,64.89,65.0,64.5052,14331
2024-09-25,64.82,64.61,64.9999,64.5101,11299
2024-09-26,65.35,65.26,65.88,65.15,34565
2024-09-27,65.39,65.445,65.8999,65.241,29020
2024-09-30,64.85,64.84,64.85,64.5,27679
2024-10-01,64.87,64.02,64.9,63.51,28948
2024-10-02,64.47,63.76,64.47,63.5,56783
2024-10-03,63.6,63.19,63.7376,63.0,19028
2024-10-04,63.09,63.05,63.7,62.74,43134
2024-10-07,62.53,61.94,62.55,61.8,60329
2024-10-08,62.97,63.23,63.39,62.97,33899
2024-10-09,63.54,63.7,63.7,63.23,43282
2024-10-10,63.15,62.92,63.15,62.8001,13458
2024-10-11,63.19,63.19,63.36,62.9089,21564
2024-10-14,63.2,63.35,63.62,63.2,18929
2024-10-15,63.14,62.9453,63.27,62.81,11961
2024-10-16,62.98,62.5,62.98,62.21,56918
2024-10-17,61.94,61.92,62.01,61.5,35459
2024-10-18,62.45,62.39,62.45,62.2172,23549
2024-10-21,61.92,61.73,62.177059,61.7157,19937
2024-10-22,61.23,61.0,61.23,60.8901,19203
2024-10-23,60.81,60.28,60.9899,60.19,36774
2024-10-24,60.5,60.4,60.625,60.28,14779
2024-10-25,60.04,59.91,60.0699,59.51,31704
2024-10-28,61.23,60.61,61.23,60.0001,41090
2024-10-29,60.62,60.58,60.9851,60.2,35621
2024-10-30,60.41,60.46,60.5799,60.2544,15642
2024-10-31,60.33,60.3,60.48,60.1001,17399
2024-11-01,60.11,60.4,60.47,60.1001,16785
2024-11-04,59.96,59.51,60.04,59.51,28086
2024-11-05,60.0,60.51,60.58,59.9047,41687
2024-11-06,61.0,60.53,61.0,60.17,40456
2024-11-07,60.34,60.1,60.34,59.91,31367
2024-11-08,59.95,59.59,60.0394,59.5301,19004
2024-11-11,59.75,59.68,60.0,59.65,14422
2024-11-12,59.25,58.44,59.25,58.3656,138145
2024-11-13,58.14,57.97,58.1499,57.85,126446
2024-11-14,58.05,58.39,58.4714,58.05,22346
2024-11-15,58.2,57.91,58.2999,57.9,28843
2024-11-18,57.97,58.01,58.3196,57.84,76775
2024-11-19,58.02,58.16,58.16,58.02,46023
2024-11-20,58.16,58.19,58.59,58.01,119100
2024-11-21,57.49,57.49,57.68,57.11,81941
2024-11-22,58.65,58.73,58.74,58.3701,40412
2024-11-25,59.53,59.47,59.75,59.2,23512
2024-11-26,59.25,58.89,59.25,58.875,19821
2024-11-27,59.23,59.12,59.306,58.3,31554
2024-11-29,58.58,58.82,59.05,58.275,9321
2024-12-02,58.82,59.02,59.2499,58.54,25863
2024-12-03,59.23,59.12,59.47,59.0201,20673
2024-12-04,59.07,58.82,59.07,58.8,14073
2024-12-05,59.21,59.55,59.56,59.21,25465
2024-12-06,59.55,59.47,59.55,59.15,27749
2024-12-09,59.26,59.21,59.4699,59.21,19502
2024-12-10,59.2,59.1,59.2,59.0317,10815
2024-12-11,59.35,59.49,59.5134,59.3,10462
2024-12-12,59.01,58.93,59.2299,58.91,26181
2024-12-13,58.96,58.84,59.0553,58.7,42194
2024-12-16,58.61,58.5,58.73,58.2506,26877
2024-12-17,57.93,57.89,57.93,57.5,18514
2024-12-18,57.52,56.765,57.73,56.7,29219
2024-12-19,56.94,57.06,57.4199,56.9159,24981
2024-12-20,56.61,56.87,57.0117,56.23,21766
2024-12-23,56.68,56.08,56.77,56.08,48001
2024-12-24,56.19,56.59,56.7087,56.15,11767
2024-12-26,56.53,56.36,56.667,56.2546,16096
2024-12-27,56.35,56.23,56.6099,56.0001,15617
2024-12-30,56.0,55.9,56.095,55.8,34279
2024-12-31,56.05,55.99,56.25651,55.99,16061
2025-01-02,57.33,57.14,57.5386,56.971,11160
2025-01-03,57.23,57.15,57.3779,57.13,21195
2025-01-06,56.23,56.05,56.4168,56.05,38904
2025-01-07,56.38,55.82,56.4432,55.82,67841
2025-01-08,56.07,55.56,56.19,55.511,26006
2025-01-10,55.01,54.78,55.1,54.55,36599
2025-01-13,53.9,54.11,54.3,53.9,43843
2025-01-14,54.46,54.4,54.8077,54.1737,22064
2025-01-15,55.0,55.17,55.34,54.7711,35806
2025-01-16,55.0,54.44,55.0299,54.36,68947
2025-01-17,54.81,55.0,55.03,54.569,37411
2025-01-21,54.72,54.87,54.92,54.4521,37252
2025-01-22,54.71,54.48,54.8899,54.3,28019
2025-01-23,54.92,55.31,55.33,54.8321,24458
2025-01-24,55.06,54.92,55.1,54.65,27590
2025-01-27,54.05,54.43,54.6399,54.05,24855
2025-01-28,54.26,54.16,54.4,54.03,23653
2025-01-29,54.62,54.8,54.88,54.47,203212
2025-01-30,55.15,55.05,55.16,54.81,16655
2025-01-31,55.57,55.255,55.6812,55.255,18617
2025-02-03,54.93,55.04,55.2,54.69,44945
2025-02-04,55.19,55.48,55.62,55.1402,19929
2025-02-05,55.49,55.2,55.49,54.9342,11518
2025-02-06,54.9,54.68,55.0399,54.5,225051
2025-02-07,54.79,54.58,54.8446,54.2037,50252
2025-02-10,54.52,54.7,54.8,54.5001,9622
2025-02-11,54.26,54.36,54.6846,54.1201,12512
2025-02-12,54.03,54.04,54.56,54.03,14273
2025-02-13,54.37,54.74,54.88,54.271,16183
2025-02-14,54.25,54.22,54.37,54.0,11390
2025-02-18,54.2,53.91,54.3,53.76,44424
2025-02-19,54.0,53.99,54.01,53.6688,16640
2025-02-20,54.41,54.48,54.48,54.0201,18035
2025-02-21,54.05,53.54,54.05,53.52,13679
2025-02-24,53.54,53.59,53.59,53.35,24103
2025-02-25,53.27,53.45,53.62,53.2,11189
2025-02-26,53.26,53.2952,53.45,53.11,25890
2025-02-27,53.12,52.78,53.12,52.735,49000
2025-02-28,51.85,52.02,52.05,51.6247,22482
2025-03-03,52.1,51.98,52.47,51.7174,23481
2025-03-04,51.88,51.68,52.1815,51.57,47693
2025-03-05,52.5,52.985,53.09,52.47,78513
2025-03-06,53.05,53.0,53.401,52.9857,23779
2025-03-07,52.98,53.44,53.44,52.67,70328
2025-03-10,52.71,52.67,53.0338,52.5439,20776
2025-03-11,52.83,52.87,53.0782,52.54,18823
2025-03-12,52.88,52.79,53.0,52.71,18058
2025-03-13,52.61,52.54,52.89,52.4084,12054
2025-03-14,52.97,52.91,53.09,52.845,36830
2025-03-17,53.28,53.45,53.45,53.26,30832
2025-03-18,54.0,54.04,54.13,53.6473,39190
2025-03-19,54.3,54.65,54.6645,54.1874,16532
2025-03-20,54.72,54.99,55.0,54.5952,17246
2025-03-21,55.52,55.61,55.8,55.29,21078
2025-03-24,56.35,56.3,56.364,56.0701,14776
2025-03-25,56.14,56.38,56.4899,55.9919,21483
2025-03-26,55.72,55.53,56.0,55.4,46413
2025-03-27,55.66,56.11,56.385,55.66,72857
2025-03-28,55.83,55.48,55.9544,55.34,33334
2025-03-31,55.33,55.76,55.76,55.0888,11885
2025-04-01,55.4,55.37,55.52,55.0,20274
2025-04-02,55.6,55.8619,55.9989,55.6,18879
2025-04-03,55.46,55.4,55.85,55.36,36004
2025-04-04,53.81,53.16,53.88,52.8143,35253
2025-04-07,52.67,53.3,54.0,52.49,22399
2025-04-08,54.55,53.06,54.55,53.0,17448
2025-04-09,52.94,55.11,55.9999,52.5301,60769
2025-04-10,54.6,54.4,54.7,53.4948,29029
2025-04-11,54.44,54.735,54.95,54.0635,15755
