2019-12-11,24.7,24.78,24.9525,24.6,103584
2019-12-12,24.9,24.81,25.15,24.79,72857
2019-12-13,24.92,24.75,24.92,24.75,53779
2019-12-16,24.82,24.75,24.85,24.75,45818
2019-12-17,24.77,24.68,24.8,24.65,98365
2019-12-18,24.74,24.73,24.8,24.71,43760
2019-12-19,24.75,24.78,24.875,24.75,30131
2019-12-20,24.8541,24.89,25.0,24.8,32870
2019-12-23,24.98,25.1169,25.15,24.93,25711
2019-12-24,25.15,25.05,25.15,25.0,18158
2019-12-26,25.04,25.0727,25.11,25.04,27822
2019-12-27,25.09,25.03,25.13,25.03,16004
2019-12-30,25.03,25.11,25.265,25.03,17943
2019-12-31,25.1,25.13,25.25,25.1,19262
2020-01-02,25.3,25.42,25.42,25.17,11405
2020-01-03,25.6,25.74,25.8,25.42,21641
2020-01-06,25.66,25.6717,25.72,25.63,11304
2020-01-07,25.7,25.7071,25.7297,25.6,8198
2020-01-08,25.6449,25.5187,25.69,25.42,18367
2020-01-09,25.539,25.625,25.64,25.539,9420
2020-01-10,25.63,25.615,25.63,25.615,2173
2020-01-13,25.62,25.8617,25.9,25.55,15886
2020-01-14,25.7,25.65,25.93,25.5983,13068
2020-01-15,26.25,25.77,26.25,25.68,12045
2020-01-16,26.0163,26.056,26.1386,25.9131,6130
2020-01-17,26.05,25.88,26.1557,25.81,2869
2020-01-21,25.84,25.856,25.88,25.8,5794
2020-01-22,25.8655,26.01,26.2,25.7262,17278
2020-01-23,25.8266,25.9,25.9,25.52,14036
2020-01-24,25.7237,25.79,25.84,25.7237,3766
2020-01-27,25.724,25.7799,25.7799,25.51,4000
2020-01-28,25.75,25.7062,25.78,25.55,8272
2020-01-29,25.6691,25.68,25.778,25.63,6355
2020-01-30,25.78,25.66,25.8,25.6,6884
2020-01-31,25.8,25.7,25.8,25.7,2923
2020-02-03,25.78,25.8,25.8,25.78,3087
2020-02-04,25.88,25.7,26.04,25.6442,3992
2020-02-05,25.7,25.7101,25.9489,25.7,7875
2020-02-06,25.9174,25.8609,26.0,25.8609,1275
2020-02-07,25.9613,26.03,26.2914,25.9387,7884
2020-02-10,26.2,25.9569,26.395,25.85,13110
2020-02-11,25.9425,26.05,26.25,25.86,3630
2020-02-12,26.1,25.9977,26.1,25.9,10041
2020-02-13,25.94,25.94,25.94,25.94,239
2020-02-14,25.89,25.95,26.15,25.85,7292
2020-02-18,25.95,25.91,25.95,25.91,2900
2020-02-19,25.85,26.1988,26.1988,25.85,7458
2020-02-20,26.2781,26.195,26.2781,26.0,4476
2020-02-21,26.0895,26.064,26.0895,26.064,200
2020-02-24,26.0,26.0,26.157,26.0,2646
2020-02-25,25.88,25.9764,26.1124,25.88,4468
2020-02-26,25.9645,25.7,26.18,25.7,9139
2020-02-27,24.96,25.75,25.938,24.96,5275
2020-02-28,25.5,25.5,25.5,25.4,3589
2020-03-02,25.3,25.56,25.7,25.3,4418
2020-03-03,25.6,25.5592,25.6,25.4,1720
2020-03-04,25.52,25.75,25.88,25.52,3480
2020-03-05,25.75,25.5097,25.8476,25.5097,22077
2020-03-06,25.2,25.275,25.632,25.2,5893
2020-03-09,25.28,24.62,25.334,24.6,13155
2020-03-10,25.0304,24.425,25.1058,24.2744,6363
2020-03-11,24.9686,24.5891,25.0543,24.55,8640
2020-03-12,24.3,22.225,24.3,22.225,2347
2020-03-13,21.8,21.9642,22.25,21.8,5045
2020-03-16,21.75,21.0,21.75,19.9,3008
2020-03-17,21.01,21.6,21.6,21.0,3346
2020-03-18,21.01,11.79,21.01,10.5,9182
2020-03-19,7.76,11.6201,12.24,7.76,25763
2020-03-20,10.9537,11.58,12.0,9.9238,14116
2020-03-23,10.5,10.842,11.17,10.5,5225
2020-03-24,11.2,12.0,12.0,11.2,2639
2020-03-25,16.5975,16.4728,16.6279,16.3,9091
2020-03-26,18.0,19.9,22.0,17.24,11663
2020-03-27,20.0,19.4121,20.0,19.3426,1589
2020-03-30,15.8,16.72,17.15,15.8,1391
2020-03-31,17.9331,17.05,17.9331,17.05,2081
2020-04-01,17.0,17.0,17.0,16.8,3809
2020-04-02,16.5639,16.75,16.79,16.5,1232
2020-04-03,15.413,15.848,15.848,15.413,437
2020-04-06,15.4376,16.02,16.02,15.4376,317
2020-04-07,16.05,16.65,17.0,16.05,7259
2020-04-08,16.99,17.9445,18.3,16.469,15697
2020-04-09,17.8811,19.17,19.2,17.55,9037
2020-04-13,19.0683,18.7,19.07,18.4587,1630
2020-04-14,19.2,19.65,20.0,19.1065,7086
2020-04-15,20.0,18.5,20.0,18.4825,2734
2020-04-16,19.8159,19.8159,19.8159,19.8159,254
2020-04-17,20.0,20.0,20.0,20.0,466
2020-04-20,19.49,19.359,20.49,19.359,5086
2020-04-22,18.7315,18.0,19.2,17.99,4320
2020-04-23,18.05,17.89,18.05,17.89,1460
2020-04-24,18.01,18.652,18.652,18.01,1250
2020-04-27,19.0,19.5,19.5,19.0,1830
2020-04-28,NaN,19.5,NaN,NaN,55
2020-04-29,20.0066,20.95,20.95,19.53,5876
2020-04-30,21.9,21.4415,22.3125,20.6401,4691
2020-05-01,20.74,20.0,20.74,19.85,2171
2020-05-04,19.27,19.2059,19.5,18.7102,4293
2020-05-05,20.75,19.6,20.75,19.6,220
2020-05-06,19.005,18.7499,19.5,18.652,10662
2020-05-07,18.75,19.1,19.2,18.2072,3241
2020-05-08,19.5989,19.1,19.7256,19.1,5580
2020-05-11,19.1,18.4092,19.1,18.3011,2912
2020-05-12,18.42,17.45,18.42,17.005,5409
2020-05-13,17.2502,16.75,17.2502,16.71,2545
2020-05-14,15.885,15.885,15.885,15.885,169
2020-05-15,16.5,18.95,19.6603,16.4205,2633
2020-05-18,18.05,17.8905,19.5153,17.8905,2193
2020-05-19,18.205,18.77,18.77,18.205,1545
2020-05-20,18.0,18.5075,18.5075,17.548,1585
2020-05-21,18.96,18.7214,19.0,18.54,4014
2020-05-22,18.5,18.0194,18.5,18.0194,781
2020-05-26,18.29,18.09,18.8897,17.61,3444
2020-05-27,18.2498,18.4225,18.5,18.199,5800
2020-05-28,18.5,18.4086,18.5,17.925,6706
2020-05-29,17.535,18.225,18.5,17.535,8475
2020-06-01,17.67,17.65,18.3747,16.57,5515
2020-06-02,17.27,18.0,18.25,17.27,4466
2020-06-03,18.0792,18.49,18.49,17.51,3875
2020-06-04,18.1519,18.5,18.6219,18.1519,13918
2020-06-05,18.8251,22.0,23.19,18.4999,38375
2020-06-08,22.0,21.6097,22.0,21.0101,5328
2020-06-09,20.93,20.0801,21.05,19.51,6835
2020-06-10,20.08,19.9439,20.863,19.51,9411
2020-06-11,20.7568,20.35,20.7568,19.4481,3660
2020-06-12,NaN,20.35,NaN,NaN,0
2020-06-15,21.25,21.4799,21.4799,21.2,1250
2020-06-16,21.5,20.5,21.5,20.1,2921
2020-06-17,21.4,20.8,21.4,20.1,3474
2020-06-18,20.99,21.45,21.45,20.99,3675
2020-06-19,21.45,21.45,21.45,21.45,1021
2020-06-22,21.5,21.275,21.5,21.0,6996
2020-06-23,21.2786,21.149,21.2786,21.0,2580
2020-06-24,19.671,20.55,21.6,19.671,3691
2020-06-25,20.99,20.51,21.0,20.5,2147
2020-06-26,21.69,21.75,21.75,21.69,542
2020-06-29,20.51,20.75,20.75,18.46,18312
2020-06-30,20.55,20.28,20.69,20.12,3884
2020-07-01,19.9395,19.5508,20.05,19.5,4982
2020-07-02,NaN,19.5508,NaN,NaN,0
2020-07-06,21.03,19.4645,21.04,19.4645,715
2020-07-07,19.75,20.6499,20.6599,19.75,3384
2020-07-08,19.6,19.485,19.6,19.485,1761
2020-07-09,19.0001,19.6272,19.6272,19.0001,1889
2020-07-10,19.7274,19.4,19.7274,19.36,604
2020-07-13,19.245,19.38,19.38,19.245,735
2020-07-14,19.38,19.75,19.75,19.38,446
2020-07-15,19.4607,19.46,19.4607,19.46,1479
2020-07-16,19.95,19.4101,19.95,19.41,474
2020-07-17,19.2501,19.75,19.75,19.25,1567
2020-07-20,19.8,19.75,19.8001,19.75,353
2020-07-21,19.6,19.6,19.6,19.6,596
2020-07-22,20.641,20.15,20.641,19.75,1841
2020-07-23,20.15,20.73,20.74,20.15,1000
2020-07-27,20.5873,20.5873,20.5873,20.5873,375
2020-07-28,NaN,20.5873,NaN,NaN,12
2020-07-29,20.74,20.74,20.74,20.74,888
2020-07-30,20.7,20.7,20.7,20.7,554
2020-07-31,20.5611,20.99,20.99,20.5611,773
2020-08-03,21.2,21.2,21.2,21.2,200
2020-08-04,21.7446,21.25,21.7446,21.25,1498
2020-08-05,21.75,20.76,21.75,20.76,2948
2020-08-06,20.55,20.55,20.55,20.55,200
2020-08-07,20.4,20.6,21.73,20.4,2962
2020-08-10,21.0036,21.65,21.75,20.6,2417
2020-08-11,21.72,21.61,22.0,21.61,2032
2020-08-12,21.75,21.5,22.32,21.1038,5924
2020-08-13,21.85,22.65,22.7055,21.85,2782
2020-08-14,22.8,21.3999,22.8,21.2,26907
2020-08-17,21.99,21.4,21.99,21.3,4716
2020-08-18,21.679,21.25,22.45,21.2,10823
2020-08-19,21.8061,21.35,21.96,21.3101,13120
2020-08-20,21.35,22.0,22.0,21.35,1147
2020-08-21,21.82,21.25,22.166,21.0601,3807
2020-08-24,21.25,21.75,21.75,21.1923,2165
2020-08-25,21.73,21.7,21.75,21.5286,6800
2020-08-26,21.69,21.21,21.8,21.21,3357
2020-08-27,21.69,21.85,21.85,21.69,1055
2020-08-28,21.65,21.61,21.65,21.49,3169
2020-08-31,21.37,21.79,21.79,21.35,1250
2020-09-01,21.7,21.95,21.95,21.7,465
2020-09-02,NaN,21.95,NaN,NaN,55
2020-09-03,21.37,20.86,21.905,20.86,3625
2020-09-04,21.35,20.61,21.7,20.61,1832
2020-09-08,20.73,21.3,21.5,20.73,3282
2020-09-09,20.6101,21.0,21.0,20.6101,82555
2020-09-10,21.75,21.75,21.75,21.75,259
2020-09-11,21.9,21.7955,21.9,21.7955,2294
2020-09-14,21.2,21.0,21.3053,21.0,2016
2020-09-15,21.02,22.4799,22.4799,21.02,1255
2020-09-16,NaN,22.4799,NaN,NaN,99
2020-09-18,21.75,21.99,21.99,21.75,1025
2020-09-21,21.05,21.5,21.5,21.05,645
2020-09-22,21.94,21.68,21.94,21.61,1981
2020-09-23,21.929,21.0,21.929,21.0,4228
2020-09-24,21.1,21.2,21.5639,21.05,5455
2020-09-25,21.5,21.5,21.5,21.5,537
2020-09-28,21.2,21.75,21.8,21.0,4166
2020-09-29,21.31,21.3,21.4641,21.3,902
2020-09-30,22.0001,22.69,22.69,22.0,5089
2020-10-01,22.29,22.34,22.34,22.29,1248
2020-10-02,22.17,21.75,22.6276,21.7493,7058
2020-10-05,21.36,21.75,21.75,21.0,3077
2020-10-06,21.75,22.1,22.7999,21.75,4902
2020-10-07,22.11,22.5,22.555,21.82,2970
2020-10-08,22.225,22.4945,22.4945,22.225,1010
2020-10-09,22.23,22.5,22.5,21.8999,3485
2020-10-12,22.1739,22.14,22.48,22.14,631
2020-10-13,22.1,21.74,23.0,21.73,10610
2020-10-14,22.19,22.3,22.83,21.925,15151
2020-10-15,22.5905,22.3,22.66,22.3,1547
2020-10-16,22.75,22.75,22.875,22.75,3467
2020-10-19,22.77,22.75,22.77,22.3601,4493
2020-10-20,23.125,22.9712,23.125,22.75,1222
2020-10-21,22.45,22.58,23.0,22.45,3419
2020-10-22,22.26,22.26,22.26,22.26,1651
2020-10-23,22.5,22.8,22.8,22.5,1713
2020-10-26,22.3,22.16,22.3,21.9,3462
2020-10-27,22.03,21.86,22.04,21.86,3909
2020-10-28,21.8,21.3,21.8,21.3,4625
2020-10-29,20.53,20.88,21.4765,20.53,3536
2020-10-30,21.745,20.82,21.8746,20.8,9368
2020-11-02,21.75,20.91,21.75,20.8,3711
2020-11-03,21.858,20.93,21.858,20.922,2679
2020-11-04,21.6881,21.0,22.0,21.0,3818
2020-11-05,21.0,21.56,22.0,21.0,6231
2020-11-06,21.44,21.03,21.44,21.0,6244
2020-11-09,21.71,21.42,21.97,21.41,3031
2020-11-10,21.55,21.65,22.32,21.3,4481
2020-11-11,21.91,21.75,22.7,21.3,1679
2020-11-12,21.93,22.0,22.565,21.833,2052
2020-11-13,22.18,21.75,22.18,21.75,6251
2020-11-16,21.85,21.75,22.0,21.75,3633
2020-11-17,22.0,22.0,22.04,21.8,7263
2020-11-18,21.92,22.2252,22.2252,21.92,5543
2020-11-19,22.23,21.94,22.23,21.94,12539
2020-11-20,22.0001,22.24,22.24,21.975,23797
2020-11-23,22.48,22.3613,22.5,22.2502,4062
2020-11-24,22.45,22.31,22.45,22.31,669
2020-11-25,22.46,22.5,22.5,22.325,885
2020-11-27,22.43,22.34,22.43,22.275,1224
2020-11-30,22.4,22.38,22.41,22.295,3161
2020-12-01,22.35,22.285,22.55,22.281,8221
2020-12-02,22.39,22.65,22.65,22.22,11484
2020-12-03,22.7,22.5,22.75,22.5,18023
2020-12-04,22.5,22.4501,22.685,22.45,3401
2020-12-07,22.38,22.1,22.4,22.1,19968
2020-12-08,22.38,22.0493,22.485,21.8,27441
2020-12-09,22.095,22.255,22.53,22.095,10748
2020-12-10,22.46,21.9999,22.5,21.9999,5170
2020-12-11,22.38,22.43,22.5,21.85,3204
2020-12-14,22.4,22.24,22.4,22.0,18105
2020-12-15,22.2,22.4,22.4,22.125,11215
2020-12-16,22.5,22.5,22.69,22.25,7148
2020-12-17,22.375,22.75,22.75,22.375,3372
2020-12-18,22.6,22.19,22.75,22.19,31440
2020-12-21,22.11,22.16,22.3839,22.11,9146
2020-12-22,22.375,22.47,22.5,22.275,6291
2020-12-23,22.35,22.91,22.91,22.331,9273
2020-12-24,23.0,22.9999,23.0,22.919,4800
2020-12-28,23.0,23.2499,23.25,22.944,11898
2020-12-29,23.02,23.24,23.24,23.02,1736
2020-12-30,23.23,23.46,23.48,23.1804,11825
2020-12-31,23.44,23.6,23.6,23.44,3765
2021-01-04,23.5,23.38,23.5,22.9078,10842
2021-01-05,23.46,23.36,23.5,22.9623,2333
2021-01-06,23.33,23.16,23.4,23.04,4231
2021-01-07,23.24,23.505,23.9,23.24,5253
2021-01-08,23.95,24.25,24.5,23.95,8043
2021-01-11,24.0001,24.15,24.3413,24.0001,9317
2021-01-12,NaN,24.15,NaN,NaN,289
2021-01-13,24.15,24.34,24.34,24.15,2008
2021-01-14,24.34,23.97,24.34,23.97,2010
2021-01-15,24.07,24.42,24.42,24.02,8331
2021-01-19,24.274,24.48,24.5,24.26,4566
2021-01-20,24.41,24.39,24.4572,24.39,2900
2021-01-21,24.36,24.3767,24.38,24.19,3754
2021-01-22,24.48,24.4892,24.5,24.4,4056
2021-01-25,24.36,24.0,24.36,24.0,2984
2021-01-26,24.15,24.4271,24.5,24.1375,5354
2021-01-27,24.38,24.48,24.5,24.37,4276
2021-01-28,24.5,24.51,24.75,24.02,5782
2021-01-29,24.46,24.25,24.46,24.25,1837
2021-02-01,24.73,24.3101,24.8,24.3101,5521
2021-02-02,24.8,24.67,24.8034,24.382,7146
2021-02-03,24.8,24.8,24.8,24.6,3058
2021-02-04,24.6,24.7,24.8,24.4004,3509
2021-02-05,24.7,24.75,24.9203,24.7,2871
2021-02-08,24.78,24.915,24.95,24.725,3627
2021-02-09,25.0,24.92,25.0,24.92,6340
2021-02-10,24.97,24.835,24.97,24.7586,4212
2021-02-11,24.84,24.78,24.84,24.75,1704
2021-02-12,24.775,24.99,24.99,24.775,3664
2021-02-16,24.9,24.7501,25.0,24.7501,4139
2021-02-17,24.9,24.85,24.945,24.85,3525
2021-02-18,24.812,24.854,24.99,24.7515,7258
2021-02-19,25.0,24.84,25.0,24.8,2546
2021-02-22,24.9,24.85,24.9,24.8436,2673
2021-02-23,24.9,24.869,24.99,24.869,2327
2021-02-24,24.895,24.97,24.97,24.825,5855
2021-02-25,24.875,24.594,24.99,24.594,5157
2021-02-26,24.64,24.9,25.0,24.475,10001
2021-03-01,24.9,24.95,25.0,24.8,8532
2021-03-02,NaN,24.95,NaN,NaN,66
2021-03-03,24.95,25.0,25.0,24.86,3336
2021-03-04,24.96,24.99,25.0,24.8425,5781
2021-03-05,24.99,25.0,25.0,24.99,9762
2021-03-08,25.0,24.765,25.0,24.65,6529
2021-03-09,24.85,25.0,25.0,24.6501,4696
2021-03-10,24.925,24.85,24.9572,24.8,3223
2021-03-11,24.85,24.82,25.0,24.795,3838
2021-03-12,24.9999,24.9013,25.0,24.9013,1800
2021-03-15,25.0,24.85,25.0,24.85,10462
2021-03-16,24.94,24.94,24.94,24.9234,2764
2021-03-17,24.86,25.0,25.0,24.86,3521
2021-03-18,24.976,24.9064,24.976,24.9064,664
2021-03-19,25.0,24.99,25.0,24.9889,5743
2021-03-22,24.9828,24.99,25.0,24.9501,10646
2021-03-23,24.98,24.85,24.9938,24.85,4535
2021-03-24,24.85,24.9776,24.9998,24.85,2265
2021-03-25,25.0,24.9709,25.0,24.965,4028
2021-03-26,25.0,25.0,25.0,24.972,5867
2021-03-29,25.0,25.0,25.0,24.9916,1659
2021-03-30,25.0,25.0,25.05,24.9898,7300
2021-03-31,24.9999,25.0,25.05,24.985,14198
2021-04-01,24.8,25.01,25.01,24.77,8381
2021-04-05,25.03,24.9717,25.03,24.75,5845
2021-04-06,24.95,24.9301,25.0,24.86,4903
2021-04-07,24.95,24.96,24.99,24.93,4434
2021-04-08,25.0,25.05,25.1936,25.0,3584
2021-04-09,25.0475,25.15,25.15,25.0475,3106
2021-04-12,25.1927,25.22,25.22,25.15,3348
2021-04-13,25.22,25.2,25.25,25.2,10266
2021-04-14,25.27,25.14,25.27,25.14,10582
2021-04-15,25.1229,25.059,25.13,24.68,5056
2021-04-16,25.094,25.051,25.1001,25.02,47001
2021-04-19,25.06,25.0895,25.2499,25.06,3242
2021-04-20,25.1001,25.1,25.18,25.1,826
2021-04-21,25.1,25.07,25.1,25.07,2512
2021-04-22,25.24,25.2318,25.24,25.175,925
2021-04-23,25.15,25.1,25.25,25.1,4085
2021-04-26,25.19,25.1,25.19,25.03,4582
2021-04-27,25.05,25.2485,25.25,25.04,13177
2021-04-28,25.258,25.7135,25.7135,25.258,1656
2021-04-29,25.65,25.25,25.65,25.2,2866
2021-04-30,25.12,25.27,25.4,25.0248,6763
2021-05-03,25.46,25.11,25.4999,25.11,1661
2021-05-04,25.1,25.2,25.465,24.907,18312
2021-05-05,25.19,24.97,25.19,24.84,21808
2021-05-06,24.96,24.88,24.9999,24.803,6928
2021-05-07,24.65,24.58,24.68,24.36,332773
2021-05-10,24.65,24.49,24.65,24.3,57550
2021-05-11,24.45,24.21,24.45,24.21,146300
2021-05-12,24.24,23.86,24.35,23.85,57813
2021-05-13,23.85,23.9,24.18,23.8277,23108
2021-05-14,24.2,24.05,24.25,23.95,35883
2021-05-17,24.15,24.1499,24.23,24.0517,21671
2021-05-18,24.1,24.0999,24.15,24.0,78385
2021-05-19,23.99,23.95,24.1399,23.902,36653
2021-05-20,23.93,24.47,24.6,23.93,146492
2021-05-21,24.49,24.448,24.54,24.1962,33665
2021-05-24,24.43,24.4697,24.5446,24.39,25685
2021-05-25,24.5,24.49,24.55,24.37,31706
2021-05-26,24.55,24.53,24.6,24.51,35588
2021-05-27,24.58,24.5,24.59,24.32,12965
2021-05-28,24.5,24.47,24.518,24.42,24621
2021-06-01,24.58,24.57,24.65,24.3908,39533
2021-06-02,24.55,24.53,24.6,24.4,21999
2021-06-03,24.54,24.51,24.54,24.4785,24046
2021-06-04,24.51,24.5599,24.6,24.5,19786
2021-06-07,24.5905,24.66,24.77,24.54,34445
2021-06-08,24.74,24.7,24.75,24.55,22291
2021-06-09,24.74,24.8,24.87,24.7,96152
2021-06-10,24.81,24.88,24.94,24.68,64740
2021-06-11,24.9,24.81,25.0,24.7,68624
2021-06-14,24.83,24.84,24.86,24.7904,18014
2021-06-15,24.85,24.88,24.9,24.79,39126
2021-06-16,24.93,24.88,24.93,24.725,74260
2021-06-17,24.83,24.8684,24.98,24.83,40805
2021-06-18,24.89,24.92,25.1,24.8601,31087
2021-06-21,25.0,25.0,25.09,24.92,39995
2021-06-22,25.05,25.03,25.1,25.0,38999
2021-06-23,25.05,24.98,25.075,24.98,65691
2021-06-24,24.91,25.04,25.075,24.91,47311
2021-06-25,25.09,25.25,25.25,25.0255,15489
2021-06-28,25.25,25.2297,25.25,25.054,22242
2021-06-29,25.08,25.36,25.45,25.05,19808
2021-06-30,25.25,25.42,25.59,25.25,27718
2021-07-01,25.15,25.32,25.35,25.0001,22325
2021-07-02,25.27,25.19,25.5956,25.1116,7225
2021-07-06,25.35,25.38,25.6,25.2001,65803
2021-07-07,25.32,25.26,25.32,25.2,17303
2021-07-08,25.18,25.25,25.33,25.1101,7497
2021-07-09,25.12,25.04,25.1348,25.03,33895
2021-07-12,25.07,25.06,25.4,25.05,17161
2021-07-13,25.06,25.0,25.225,24.95,86323
2021-07-14,25.0,24.99,25.2526,24.92,66232
2021-07-15,25.0,24.9946,25.0407,24.9701,24242
2021-07-16,25.0326,25.0089,25.05,25.0,14460
2021-07-19,25.0,24.95,25.15,24.94,62005
2021-07-20,25.1,25.01,25.1,24.81,25363
2021-07-21,25.08,25.055,25.1,25.01,8253
2021-07-22,25.02,25.01,25.03,24.99,29280
2021-07-23,25.15,25.0,25.15,24.91,23702
2021-07-26,25.0825,25.05,25.2,25.01,28866
2021-07-27,25.07,25.14,25.2499,24.9,56504
2021-07-28,25.07,25.01,25.2499,25.0,41527
2021-07-29,25.01,25.0,25.03,25.0,35197
2021-07-30,25.06,25.01,25.19,25.0,18870
2021-08-02,25.1,25.04,25.1,25.0,28094
2021-08-03,25.08,25.025,25.12,25.0,18660
2021-08-04,25.01,25.18,25.24,25.01,8023
2021-08-05,25.17,25.16,25.25,25.08,15142
2021-08-06,25.2,25.1,25.25,25.1,14963
2021-08-09,25.1438,25.04,25.25,25.0084,31023
2021-08-10,25.04,25.2,25.2,25.0,13924
2021-08-11,25.13,25.055,25.13,25.0098,11430
2021-08-12,25.06,25.01,25.12,25.01,22713
2021-08-13,25.12,25.0,25.12,24.9338,62291
2021-08-16,25.01,25.0,25.2,25.0,21242
2021-08-17,25.1,25.25,25.25,25.1,7840
2021-08-18,25.25,26.45,26.5,25.25,101706
2021-08-19,26.35,26.5,27.2,25.25,77679
2021-08-20,26.25,26.49,26.5,26.0059,65871
2021-08-23,26.4,26.155,26.4,25.9877,15074
2021-08-24,26.35,26.2799,26.39,25.94,11761
2021-08-25,26.0336,26.0,26.07,25.9,11540
2021-08-26,25.982,25.73,26.1213,25.71,87174
2021-08-27,26.0,25.8296,26.0,25.71,47682
2021-08-30,25.7334,25.75,26.0999,25.72,6271
2021-08-31,25.7001,25.5,25.75,25.3501,15680
2021-09-01,25.6925,25.75,25.8,25.6531,4267
2021-09-02,25.75,25.56,26.21,25.56,5462
2021-09-03,25.65,26.05,26.14,25.55,5857
2021-09-07,25.7001,26.18,26.18,25.7001,1481
2021-09-08,26.02,26.0,26.125,26.0,3972
2021-09-09,26.012,26.0,26.2013,26.0,9757
2021-09-10,26.15,26.16,26.227,26.14,1570
2021-09-13,26.0041,25.89,26.05,25.89,3428
2021-09-14,26.25,25.9463,26.25,25.9463,1505
2021-09-15,25.86,25.81,25.9482,25.77,3492
2021-09-16,25.801,25.77,26.05,25.76,6725
2021-09-17,26.02,25.57,26.0999,25.56,21832
2021-09-20,25.56,25.75,25.8,25.5,2721
2021-09-21,25.8435,25.82,25.91,25.6,8948
2021-09-22,25.71,25.7,25.71,25.55,15829
2021-09-23,25.7,25.62,25.7099,25.61,7112
2021-09-24,25.71,25.65,25.7999,25.65,10764
2021-09-27,25.7999,25.7,25.7999,25.65,11941
2021-09-28,25.65,25.55,25.725,25.52,8155
2021-09-29,25.58,25.74,25.77,25.55,17971
2021-09-30,25.65,25.78,25.8,25.5603,16715
2021-10-01,25.6988,25.7,25.7788,25.6005,6197
2021-10-04,25.63,25.17,25.79,25.17,24215
2021-10-05,25.29,25.61,25.644,25.29,18364
2021-10-06,25.51,25.8,25.8,25.51,7268
2021-10-07,25.555,25.85,25.85,25.5179,10451
2021-10-08,25.84,25.83,25.9184,25.5957,53093
2021-10-11,25.8301,25.55,25.89,25.55,6676
2021-10-12,25.7,25.5362,25.7,25.2935,1882
2021-10-13,25.6,25.5999,25.6,25.335,15053
2021-10-14,25.52,25.66,25.84,25.41,10260
2021-10-15,25.66,25.56,25.69,25.5155,7662
2021-10-18,25.51,25.6469,25.6469,25.4101,3295
2021-10-19,25.578,25.4523,25.68,25.4523,6594
2021-10-20,25.59,25.6133,25.66,25.52,4229
2021-10-21,25.5139,25.8,25.85,25.5139,3828
2021-10-22,25.5575,25.83,25.83,25.53,2708
2021-10-25,25.8,25.57,25.8,25.52,5704
2021-10-26,25.65,25.43,25.65,25.41,11425
2021-10-27,25.42,25.34,25.47,25.21,27161
2021-10-28,25.36,25.32,25.3862,25.25,6250
2021-10-29,25.2864,25.24,25.45,25.24,4717
2021-11-01,25.3805,25.37,25.3806,25.215,7669
2021-11-02,25.21,25.2,25.44,25.15,17323
2021-11-03,25.24,25.1887,25.325,25.1401,30226
2021-11-04,25.25,25.19,25.32,25.18,14125
2021-11-05,25.25,25.35,25.45,25.17,14228
2021-11-08,25.3009,25.3,25.45,25.26,13710
2021-11-09,25.35,25.25,25.4,25.24,9084
2021-11-10,25.45,25.39,25.54,25.22,2692
2021-11-11,25.38,25.27,25.39,25.23,4182
2021-11-12,25.31,25.34,25.5,25.25,16453
2021-11-15,25.3,25.24,25.508,25.18,15859
2021-11-16,25.29,25.25,25.447,25.2,20804
2021-11-17,25.25,25.19,25.29,25.17,5759
2021-11-18,25.1,25.21,25.22,25.05,15883
2021-11-19,25.19,25.17,25.19,25.08,3971
2021-11-22,25.125,25.18,25.1997,25.03,16111
2021-11-23,25.1221,25.1,25.2,25.05,16068
2021-11-24,25.2,25.1,25.2571,25.07,9997
2021-11-26,25.05,25.01,25.12,25.01,7388
2021-11-29,25.02,25.2,25.325,25.02,9628
2021-11-30,25.28,25.43,25.44,25.11,5211
2021-12-01,25.2,25.2,25.55,25.2,11544
2021-12-02,25.3496,25.21,25.5,25.205,4261
2021-12-03,25.28,25.2,25.39,25.2,7416
2021-12-06,25.295,25.25,25.39,25.24,1450
2021-12-07,25.266,25.35,25.8,25.2022,12892
2021-12-08,25.5667,25.26,25.5667,25.2,12316
2021-12-09,25.26,25.15,25.365,25.05,31329
2021-12-10,25.11,25.05,25.4464,25.0,10909
2021-12-13,25.03,25.1,25.2263,25.03,7384
2021-12-14,25.1657,25.05,25.3778,25.04,5750
2021-12-15,25.18,25.06,25.2,25.06,6904
2021-12-16,25.0414,25.19,25.4,25.0414,7953
2021-12-17,25.245,25.1,25.245,25.1,2292
2021-12-20,25.11,25.13,25.3443,25.11,10268
2021-12-21,25.3323,25.14,25.35,25.12,6324
2021-12-22,25.3,25.2,25.4,25.2,3091
2021-12-23,25.37,25.455,25.5,25.354,5265
2021-12-27,25.3,25.39,25.5,25.29,11714
2021-12-28,25.46,25.46,25.6,25.46,5386
2021-12-29,25.6,25.6,25.6,25.4,1783
2021-12-30,25.55,25.5922,25.7253,25.53,5196
2021-12-31,25.43,25.4,25.69,25.35,9664
2022-01-03,25.73,25.69,25.73,25.5,7065
2022-01-04,25.69,25.89,25.89,25.6752,8702
2022-01-05,25.8698,25.79,25.8698,25.74,4946
2022-01-06,25.46,25.4492,25.5,25.35,5441
2022-01-07,25.1144,25.43,25.505,25.1144,4493
2022-01-10,25.34,25.295,25.35,25.16,4063
2022-01-11,25.1628,25.44,25.44,25.16,6918
2022-01-12,25.525,25.8,25.8,25.4635,14536
2022-01-13,25.8,25.8,25.84,25.375,8199
2022-01-14,25.8,25.4904,25.8,25.3175,3988
2022-01-18,25.65,25.6948,25.7,25.31,3305
2022-01-19,25.67,25.23,25.7,25.2,2161
2022-01-20,25.42,25.5229,25.5499,25.33,4258
2022-01-21,25.44,25.46,25.68,25.29,6635
2022-01-24,25.4,25.45,25.45,25.1265,9329
2022-01-25,25.2518,25.365,25.4299,25.2518,2695
2022-01-26,25.48,25.2,25.512,25.2,4606
2022-01-27,25.2,25.1,25.2129,24.825,24334
2022-01-28,25.0,25.0,25.1,24.85,18179
2022-01-31,25.0,25.119,25.35,25.0,7150
2022-02-01,25.13,25.15,25.3499,25.13,5332
2022-02-02,25.125,25.15,25.34,25.02,12204
2022-02-03,25.3,25.185,25.35,25.119,3044
2022-02-04,25.15,25.225,25.25,25.142,3343
2022-02-07,25.17,25.1,25.17,25.07,14517
2022-02-08,25.2499,25.11,25.25,25.11,1934
2022-02-09,25.0,25.1734,25.25,25.0,4828
2022-02-10,25.175,25.24,25.25,25.15,5677
2022-02-11,25.08,25.1336,25.3498,25.0001,5245
2022-02-14,25.34,24.79,25.34,24.77,6326
2022-02-15,24.9,25.043,25.043,24.9,14378
2022-02-16,24.98,25.0,25.0523,24.84,8750
2022-02-17,24.9,24.8636,24.925,24.8105,2910
2022-02-18,24.86,25.045,25.045,24.7501,1054
2022-02-22,24.81,24.95,24.95,24.81,1455
2022-02-23,25.0,24.82,25.0,24.82,2548
2022-02-24,24.7937,24.83,24.9999,24.65,6987
2022-02-25,24.85,24.66,24.94,24.66,7450
2022-02-28,24.72,24.93,24.94,24.6752,16333
2022-03-01,24.73,24.93,24.93,24.7,6408
2022-03-02,24.95,24.9899,24.99,24.85,13567
2022-03-03,25.0,25.0,25.3465,24.9011,8336
2022-03-04,25.01,25.0,25.175,25.0,2838
2022-03-07,25.0,25.0,25.3194,25.0,9415
2022-03-08,25.125,25.12,25.125,24.9,4801
2022-03-09,25.2,25.3,25.3353,25.2,986
2022-03-10,25.01,25.02,25.15,24.93,7818
2022-03-11,25.12,24.9286,25.12,24.78,17806
2022-03-14,24.8,24.97,25.35,24.8,5710
2022-03-15,24.89,24.7853,25.0005,24.64,9097
2022-03-16,24.96,24.84,24.98,24.7,6381
2022-03-17,24.83,24.8,24.98,24.8,7590
2022-03-18,24.875,25.05,25.1,24.8,3790
2022-03-21,25.05,25.0001,25.1,25.0,2060
2022-03-22,25.1,25.24,25.25,25.0,3962
2022-03-23,25.1,25.25,25.25,24.9,2023
2022-03-24,25.1,25.4234,25.4234,25.1,4108
2022-03-25,25.3,25.41,25.55,25.3,9381
2022-03-28,25.0,25.26,25.39,25.0,3979
2022-03-29,25.4821,25.4485,25.4821,25.3001,4437
2022-03-30,25.5,25.26,25.5,25.26,9578
2022-03-31,25.3872,25.45,25.49,25.2601,3513
2022-04-01,25.46,25.38,25.5,25.23,16645
2022-04-04,25.3,25.37,25.4537,25.26,12176
2022-04-05,25.42,25.3,25.42,25.0316,17447
2022-04-06,25.3,25.4958,25.4958,25.18,11470
2022-04-07,25.08,24.8,25.08,24.7,30137
2022-04-08,24.8,24.7,24.92,24.7,15971
2022-04-11,24.8,24.71,24.95,24.68,8269
2022-04-12,24.85,24.7988,24.95,24.7988,7198
2022-04-13,24.78,24.7864,24.97,24.6901,5270
2022-04-14,24.8502,24.6999,24.8502,24.674,4327
2022-04-18,24.7,24.8062,25.1,24.7,14835
2022-04-19,25.0699,25.0084,25.0699,24.85,6012
2022-04-20,24.6792,24.98,24.9897,24.66,5893
2022-04-21,24.71,24.6811,25.0,24.6811,3575
2022-04-22,24.9,24.75,25.0,24.6817,5307
2022-04-25,24.6608,24.5,24.67,24.06,13889
2022-04-26,24.2,24.29,24.64,24.15,14571
2022-04-27,24.29,24.37,24.5319,24.29,7996
2022-04-28,24.45,24.41,24.7924,24.35,4639
2022-04-29,24.65,24.0329,24.65,24.0,3716
2022-05-02,24.0,24.1,24.1,24.0,1105
2022-05-03,24.395,24.475,24.5,24.395,5876
2022-05-04,24.4,24.5,24.5,24.2708,5385
2022-05-05,24.3811,24.3,24.4794,24.3,6819
2022-05-06,24.48,24.4,24.5,24.385,3460
2022-05-09,24.4,24.1814,24.5,24.1009,8614
2022-05-10,24.3,23.25,24.3,23.25,35510
2022-05-11,23.3703,23.05,23.525,23.02,14033
2022-05-12,23.2126,23.25,24.0,23.06,8178
2022-05-13,23.25,23.238,23.25,23.0171,5146
2022-05-16,23.21,22.98,23.234,22.83,4397
2022-05-17,23.22,23.135,23.25,22.9704,7855
2022-05-18,23.18,23.1457,23.2431,23.0322,2827
2022-05-19,23.0258,23.1,23.975,23.02,3171
2022-05-20,23.14,23.876,23.95,23.0788,1785
2022-05-23,23.07,23.63,23.7836,23.05,6234
2022-05-24,23.58,23.8,23.8,23.58,2141
2022-05-25,23.8,23.48,24.0,23.2382,4924
2022-05-26,23.3,23.87,24.0013,23.3,12695
2022-05-27,23.8,23.75,23.8,23.35,7714
2022-05-31,24.025,23.99,24.025,23.55,4829
2022-06-01,23.9566,23.58,24.0,23.58,3670
2022-06-02,24.0,23.7825,24.0,23.7675,2072
2022-06-03,23.7936,23.76,23.9999,23.76,1715
2022-06-06,23.75,23.95,23.9999,23.59,5604
2022-06-07,23.9,24.01,24.56,23.875,4907
2022-06-08,24.23,23.76,24.95,23.75,6561
2022-06-09,24.28,23.99,24.8481,23.905,4256
2022-06-10,23.75,23.845,23.94,23.66,4196
2022-06-13,23.67,23.01,23.78,23.01,8172
2022-06-14,23.116,21.6,23.12,21.5,17394
2022-06-15,23.4152,22.22,23.4152,21.75,8287
2022-06-16,22.2,24.1455,24.35,22.2,42780
2022-06-17,24.01,23.938,24.01,23.25,3799
2022-06-21,22.4,23.8001,24.3,22.4,10440
2022-06-22,23.8703,23.6,23.8703,23.1426,5064
2022-06-23,23.51,24.43,24.5,23.51,7369
2022-06-24,23.7,23.45,24.04,23.45,5502
2022-06-27,23.95,23.8,23.9999,23.6049,5455
2022-06-28,24.0,24.25,24.4241,24.0,7905
2022-06-29,24.46,24.3383,24.496,24.0,6551
2022-06-30,24.4,25.51,25.7,24.312,18457
2022-07-01,25.14,25.14,25.44,24.1891,20608
2022-07-05,25.04,25.7,25.7,24.75,16178
2022-07-06,25.45,25.0,26.68,25.0,13124
2022-07-07,24.88,24.9508,25.79,24.88,22239
2022-07-08,25.125,24.58,25.8,24.52,25590
2022-07-11,24.31,24.5,24.6518,24.31,8900
2022-07-12,25.0353,25.0779,25.4999,24.8,13527
2022-07-13,25.23,25.14,25.34,24.3076,1191
2022-07-14,25.29,24.3,25.3457,24.18,14626
2022-07-15,24.61,24.4189,25.31,24.23,5612
2022-07-18,25.3148,23.52,25.39,23.45,11822
2022-07-19,25.2579,23.16,25.2579,23.0,13864
2022-07-20,23.23,23.2,25.45,23.19,6880
2022-07-21,23.05,23.09,23.25,23.0,4998
2022-07-22,23.03,22.8,25.24,22.5,17118
2022-07-25,22.95,22.5,22.95,22.5,3444
2022-07-26,22.83,23.1223,23.1223,22.5,4713
2022-07-27,23.3317,23.11,23.5,23.11,1540
2022-07-28,23.42,23.4,23.42,22.75,4864
2022-07-29,23.9925,24.95,25.0,23.7,17081
2022-08-01,24.6712,24.46,24.95,24.34,9969
2022-08-02,24.92,24.35,25.4,23.7894,15234
2022-08-03,24.9346,24.3,24.9346,23.82,6984
2022-08-04,25.05,25.0,25.05,24.75,10193
2022-08-05,25.0,24.6,25.0,24.52,5462
2022-08-08,24.77,24.57,24.99,24.55,7532
2022-08-09,24.57,24.94,24.98,24.57,4584
2022-08-10,24.94,24.7185,25.0,24.59,2536
2022-08-11,24.91,25.1,25.1,24.6101,5709
2022-08-12,25.0,24.9609,25.2,24.9609,3400
2022-08-15,25.2,25.12,25.2,25.06,3808
2022-08-17,25.1136,25.0,25.1136,24.62,6032
2022-08-18,24.72,25.38,25.45,24.6,7019
2022-08-19,25.1917,25.35,25.35,24.6,7089
2022-08-22,25.045,24.61,25.41,24.61,2175
2022-08-23,24.61,24.61,25.3323,24.61,3478
2022-08-24,25.09,24.55,25.09,24.55,4314
2022-08-25,25.0,25.0,25.3884,25.0,2449
2022-08-26,24.55,24.55,25.01,24.55,1359
2022-08-29,25.0,24.647,25.45,24.55,7597
2022-08-30,25.005,24.6216,25.3,24.6216,2078
2022-08-31,25.3418,24.6216,25.3418,24.6216,1576
2022-09-02,24.92,24.665,24.95,24.665,1149
2022-09-06,24.75,24.55,24.99,24.5438,3796
2022-09-07,24.9736,24.84,24.9736,24.6,5576
2022-09-08,24.9,24.61,24.9,24.5545,3918
2022-09-09,25.0,24.75,25.0,24.56,5070
2022-09-12,25.1,24.8893,25.1,24.8893,1294
2022-09-13,25.0953,24.57,25.0953,24.55,3774
2022-09-14,24.765,24.42,24.765,24.06,15662
2022-09-15,24.6599,23.9,24.6599,23.58,16863
2022-09-16,23.99,23.82,24.1048,23.5863,2145
2022-09-19,23.5,23.6894,24.24,23.5,3393
2022-09-20,23.5,23.97,23.97,23.5,2538
2022-09-21,24.06,23.6,24.1131,23.5,1885
2022-09-22,24.2,24.14,24.2,23.7751,4875
2022-09-23,24.14,23.52,24.5861,23.52,7686
2022-09-26,24.09,22.9,24.5736,22.75,4156
2022-09-27,22.88,22.45,22.88,22.01,8184
2022-09-28,22.45,22.425,23.38,22.415,6514
2022-09-29,22.9501,22.1838,23.0092,21.6301,2825
2022-09-30,22.4,22.68,23.0693,22.4,987
2022-10-03,23.1,24.09,24.2,23.0,5304
2022-10-04,24.18,24.4393,24.85,23.655,2741
2022-10-05,24.44,23.6,24.6,23.6,5284
2022-10-06,23.74,23.01,23.74,23.01,1887
2022-10-07,23.0,22.8696,23.365,22.8696,699
2022-10-10,22.66,21.5732,23.8515,21.31,7490
2022-10-11,21.6,21.1,22.714,20.95,18886
2022-10-12,21.2,21.495,21.75,21.01,7375
2022-10-13,21.42,20.74,21.67,19.5382,10861
2022-10-14,20.5,20.5,20.5,19.3899,8484
2022-10-17,20.49,20.0,20.87,19.955,3748
2022-10-18,20.65,20.01,20.65,20.0,2938
2022-10-19,20.06,20.05,20.8696,19.985,3824
2022-10-20,20.41,20.05,20.9084,20.05,2510
2022-10-21,20.9899,20.6515,20.9899,20.56,1716
2022-10-24,20.65,20.2,20.9326,19.96,2909
2022-10-25,20.99,20.6505,20.99,20.6505,2355
2022-10-26,20.69,22.43,22.43,20.69,4428
2022-10-27,22.39,20.75,22.94,19.952,19609
2022-10-28,20.89,21.3,21.3,20.89,3643
2022-10-31,22.245,21.62,22.245,21.62,1664
2022-11-01,21.74,22.48,22.49,21.48,7475
2022-11-02,22.0,21.75,22.0,21.19,3483
2022-11-03,21.48,22.01,23.49,21.2,8739
2022-11-04,21.7101,22.31,22.31,21.21,2172
2022-11-07,21.65,21.68,23.162,21.43,2001
2022-11-08,21.92,21.91,22.555,21.51,7005
2022-11-09,21.77,23.76,23.76,21.22,12124
2022-11-10,22.0,22.05,23.69,21.7787,4489
2022-11-11,22.05,21.83,22.63,21.83,3748
2022-11-14,22.4,23.67,23.67,21.29,3801
2022-11-15,22.43,22.67,23.48,21.526,10192
2022-11-16,22.3675,22.75,23.23,22.227,4242
2022-11-17,22.55,22.81,23.4999,21.9901,7877
2022-11-18,23.02,22.9722,23.24,22.615,2891
2022-11-21,22.94,23.25,23.25,22.94,2012
2022-11-22,23.24,23.32,23.5736,22.915,2780
2022-11-23,23.06,22.23,23.3,22.23,1596
2022-11-28,22.2,22.43,23.1999,22.185,1897
2022-11-29,22.255,22.41,23.2,22.2,14550
2022-11-30,22.53,22.45,22.53,22.1,4501
2022-12-01,22.1,22.44,22.44,21.99,2627
2022-12-02,22.44,22.21,22.44,22.06,3328
2022-12-05,21.95,21.6,22.2,21.2634,5021
2022-12-06,22.4499,21.65,22.4499,21.3501,3640
2022-12-07,22.44,21.73,22.44,21.3,4764
2022-12-08,21.37,21.6,22.028,21.23,4722
2022-12-09,21.8,21.31,22.33,21.2301,5631
2022-12-12,21.47,21.2601,22.138,21.2601,3030
2022-12-13,21.45,20.901,21.6807,20.8,6993
2022-12-14,21.8555,20.85,22.24,20.11,2692
2022-12-15,20.7,21.02,21.02,20.23,3483
2022-12-16,20.8,21.12,22.2399,20.557,5877
2022-12-19,21.14,20.75,21.14,20.58,5165
2022-12-20,20.61,20.3994,21.17,20.3,4019
2022-12-21,20.38,20.0501,20.745,20.05,16796
2022-12-22,20.11,19.88,20.55,19.17,18571
2022-12-23,20.0001,20.125,20.275,19.56,2958
2022-12-27,20.6,20.7,20.9855,20.018,15492
2022-12-28,20.72,20.415,20.75,20.002,4923
2022-12-29,20.75,20.57,21.85,20.11,13908
2022-12-30,20.06,20.9892,20.9892,20.06,7713
2023-01-03,21.02,21.12,21.864,20.0501,10957
2023-01-04,21.04,21.18,21.691,20.6001,5468
2023-01-05,21.01,21.16,21.2618,20.3608,7598
2023-01-06,21.41,21.25,21.41,21.25,1631
2023-01-09,21.05,20.32,21.57,19.93,31973
2023-01-10,20.3,19.98,21.7,19.8,22214
2023-01-11,20.05,20.0,20.7687,19.58,23784
2023-01-12,20.27,21.07,21.24,19.95,22988
2023-01-13,21.2,21.625,21.75,21.14,9770
2023-01-17,21.9,21.9388,21.99,21.5,4446
2023-01-18,22.0,23.01,23.1925,22.0,20659
2023-01-19,22.5,23.05,23.61,22.5,8956
2023-01-20,23.13,22.51,23.13,22.51,2891
2023-01-23,22.72,23.1,23.5999,22.51,7454
2023-01-24,23.2,23.05,23.25,22.6335,7560
2023-01-25,23.0,23.0314,23.12,22.51,11762
2023-01-26,23.08,22.934,23.58,22.6,5952
2023-01-27,22.94,23.1001,23.474,22.7501,6633
2023-01-30,23.1,23.4882,23.5,22.73,5385
2023-01-31,23.5,23.23,23.5,23.0,6425
2023-02-01,23.26,23.4,23.43,22.67,2229
2023-02-02,23.265,23.6,23.7866,23.08,8445
2023-02-03,23.5,23.37,23.5,23.07,5457
2023-02-06,23.31,23.388,23.396,22.7305,2558
2023-02-07,23.02,23.4427,23.5,23.02,1683
2023-02-08,23.21,23.21,23.35,23.02,2030
2023-02-09,23.4,22.83,23.4,22.6927,4092
2023-02-10,22.83,22.5417,22.96,22.5201,3029
2023-02-13,22.98,22.51,22.99,22.51,9351
2023-02-14,22.33,22.52,23.39,22.0053,4325
2023-02-15,22.24,22.0,22.5,21.0,13243
2023-02-16,22.1,22.0,22.7012,21.25,7226
2023-02-17,22.1,22.1,22.1,22.1,670
2023-02-21,22.12,22.2,22.4654,22.0501,6594
2023-02-22,22.91,22.55,23.0,22.01,6827
2023-02-23,21.8597,21.8,23.0,21.75,6254
2023-02-24,21.75,21.7501,22.5,21.5,3925
2023-02-27,21.7863,21.86,22.45,21.75,8595
2023-02-28,22.2283,21.59,22.2283,21.55,4154
2023-03-01,21.4086,21.5323,21.89,21.4,8413
2023-03-02,21.4,21.868,21.89,21.4,3334
2023-03-03,21.645,21.8862,21.89,21.42,4702
2023-03-06,21.61,22.2,22.2,21.41,4256
2023-03-07,21.78,22.19,22.19,21.41,1803
2023-03-08,21.76,21.25,21.81,21.0,15993
2023-03-09,20.7707,20.5,21.18,20.5,3526
2023-03-10,20.5,20.12,20.7888,20.12,7118
2023-03-13,20.11,19.98,20.59,19.2,22164
2023-03-14,20.05,20.0,21.1058,19.4547,12517
2023-03-15,19.52,20.4681,20.9299,19.2509,5925
2023-03-16,19.76,21.01,21.01,19.76,5251
2023-03-17,21.47,20.29,21.47,19.66,6384
2023-03-20,20.65,19.85,20.65,19.55,2505
2023-03-21,19.745,20.12,20.24,19.61,6264
2023-03-22,19.84,20.0,21.24,19.6501,5290
2023-03-23,19.3101,20.25,20.25,19.3101,3096
2023-03-24,19.97,20.0706,20.4999,19.11,7700
2023-03-27,19.6,19.9,19.9,19.25,5855
2023-03-28,19.9,19.79,20.35,19.56,4614
2023-03-29,20.043,19.95,20.1,19.4,4574
2023-03-30,19.9,20.05,20.1448,19.5,3368
2023-03-31,20.125,19.77,20.2837,19.76,2176
2023-04-03,20.0,19.84,20.005,19.51,12328
2023-04-04,19.84,20.085,21.5599,19.71,6425
2023-04-05,19.73,20.0387,20.0387,19.578,2159
2023-04-06,19.5,20.1,20.1,19.5,4139
2023-04-10,19.96,19.76,19.96,19.5078,7953
2023-04-11,19.65,19.76,20.1,19.55,5556
2023-04-12,19.75,19.976,20.0383,19.5201,4460
2023-04-13,19.77,19.75,19.9,19.55,6752
2023-04-14,19.58,19.85,19.85,19.2601,7097
2023-04-17,19.69,19.85,19.85,19.36,4529
2023-04-18,19.8499,19.85,19.85,19.36,2253
2023-04-19,19.5,19.84,19.84,19.3,2891
2023-04-20,19.792,19.4,19.792,19.3377,5155
2023-04-21,19.1465,19.35,19.725,19.1465,3036
2023-04-24,19.4,19.43,19.6,19.22,3027
2023-04-25,19.0,18.98,19.0162,18.79,3776
2023-04-26,18.95,18.67,18.95,18.37,8339
2023-04-27,18.56,18.78,19.0,18.16,6420
2023-04-28,18.6,19.28,19.4599,18.6,3490
2023-05-01,18.5,18.79,18.7932,18.32,3515
2023-05-02,18.25,18.52,19.09,18.24,2120
2023-05-03,18.55,19.56,19.56,17.805,7378
2023-05-04,18.5,19.19,19.19,18.45,1526
2023-05-05,19.43,19.43,19.43,19.43,146
2023-05-08,18.82,18.635,18.82,18.5,2311
2023-05-09,18.63,18.61,18.63,17.89,6512
2023-05-10,18.39,18.29,18.64,17.745,5070
2023-05-11,18.3,18.1,18.3,18.1,1373
2023-05-12,18.05,17.7,18.05,17.7,4123
2023-05-15,17.76,17.475,18.01,17.0,10841
2023-05-16,17.5,17.5,17.5,15.545,3333
2023-05-17,17.49,17.51,17.61,16.9501,2291
2023-05-18,17.05,17.4,17.5,17.05,4793
2023-05-19,17.26,16.98,17.41,16.21,13649
2023-05-22,16.5,16.99,17.0,16.5,5969
2023-05-23,17.37,17.35,17.37,15.8801,17884
2023-05-24,16.77,17.62,17.62,16.77,663
2023-05-25,17.25,17.19,17.46,16.2501,7024
2023-05-26,16.92,16.85,16.99,16.3094,3650
2023-05-30,16.51,16.56,17.9312,16.22,10613
2023-05-31,16.2,16.3,16.4298,15.48,11753
2023-06-01,16.5,16.5616,16.7299,15.7,2393
2023-06-02,16.11,17.02,17.02,16.11,9920
2023-06-05,16.59,17.3095,17.3095,16.59,2043
2023-06-06,16.92,17.2053,17.2053,16.45,2679
2023-06-07,16.99,17.64,17.64,16.52,8622
2023-06-08,16.66,18.13,18.55,16.66,20739
2023-06-09,17.6,17.76,17.98,17.3,17676
2023-06-12,16.51,17.39,17.41,16.51,5221
2023-06-13,16.9588,18.04,18.5599,16.9588,14062
2023-06-14,16.9331,17.47,17.49,16.9331,6280
2023-06-15,17.925,17.48,17.925,16.6601,14725
2023-06-16,17.2,17.57,17.89,17.1,7265
2023-06-20,16.96,17.69,17.69,16.96,6176
2023-06-21,16.7857,17.79,17.99,16.7857,7727
2023-06-22,16.71,17.9,17.9,16.71,9075
2023-06-23,17.71,17.93,17.9327,16.6101,4751
2023-06-26,17.53,17.91,18.5,16.85,16203
2023-06-27,16.7601,17.5,17.6,16.7601,6008
2023-06-28,17.2,17.45,17.59,17.2,3494
2023-06-29,17.11,17.81,17.81,17.0806,17652
2023-06-30,17.68,18.7,18.7,17.255,16036
2023-07-03,18.4,19.23,19.28,18.4,9165
2023-07-05,18.66,18.4,18.85,17.608,10757
2023-07-06,18.0,18.27,18.27,17.57,11939
2023-07-07,17.85,18.49,18.49,17.6301,9910
2023-07-10,18.275,18.47,18.4899,17.78,11494
2023-07-11,17.97,17.73,18.49,17.2901,11571
2023-07-12,17.79,18.38,18.38,17.75,11315
2023-07-13,18.34,18.22,18.34,17.92,4711
2023-07-14,18.02,18.28,18.4199,17.7501,4033
2023-07-17,18.07,18.15,18.2179,17.795,12236
2023-07-18,17.99,17.78,18.0,17.7723,10053
2023-07-19,17.6646,17.78,17.85,17.56,15437
2023-07-20,17.56,17.953,17.953,17.56,1678
2023-07-21,17.76,17.9,17.99,17.64,4577
2023-07-24,17.55,17.95,17.95,17.55,8553
2023-07-25,17.58,17.75,17.759,17.5,7281
2023-07-26,17.51,17.78,17.785,17.51,6131
2023-07-27,17.7,17.95,18.0,17.4,8185
2023-07-28,17.87,18.0,18.0,17.5418,2768
2023-07-31,17.7,17.99,18.25,17.3697,7177
2023-08-01,17.96,17.82,18.2299,17.73,6888
2023-08-02,17.56,17.86,17.86,17.41,1226
2023-08-03,17.54,18.19,18.19,17.26,7716
2023-08-04,17.65,18.23,18.23,17.615,2362
2023-08-07,17.75,17.47,18.0,17.31,15411
2023-08-08,17.4241,17.33,18.0,17.2879,7662
2023-08-09,17.307,17.98,17.98,17.307,2819
2023-08-10,17.48,17.88,17.97,17.32,9160
2023-08-11,17.43,17.43,17.87,17.25,10065
2023-08-14,17.55,17.63,17.63,17.095,6129
2023-08-15,17.27,17.5665,17.6199,17.12,11078
2023-08-16,17.12,17.39,17.39,17.12,2561
2023-08-17,17.16,16.84,17.4513,16.27,6757
2023-08-18,16.4,16.3,16.91,15.625,25423
2023-08-21,15.8199,15.848,16.29,15.5341,6793
2023-08-22,15.85,16.28,16.28,15.5,6761
2023-08-23,15.97,16.33,16.34,15.5,5836
2023-08-24,16.035,16.32,16.3257,15.7301,3745
2023-08-25,16.18,16.23,16.28,15.76,4579
2023-08-28,16.15,16.0,16.24,15.836,13202
2023-08-29,16.24,17.2099,17.2099,15.8144,18393
2023-08-30,16.8,16.52,17.1699,16.23,6387
2023-08-31,16.25,16.22,16.25,16.11,3375
2023-09-01,16.565,16.25,16.844,16.065,8531
2023-09-05,16.132,16.31,16.49,16.0,6284
2023-09-06,16.48,16.18,16.6,16.175,6359
2023-09-07,16.0,16.48,16.68,16.0,10254
2023-09-08,16.92,16.54,17.3399,15.89,4903
2023-09-11,17.2123,16.45,17.2123,16.45,805
2023-09-12,16.45,16.83,17.3399,16.0658,7232
2023-09-13,16.98,16.23,16.99,16.1801,11872
2023-09-14,16.23,17.23,17.23,16.23,12440
2023-09-15,16.5,16.75,17.22,16.45,4821
2023-09-18,16.9631,16.75,17.15,16.75,5070
2023-09-19,16.45,17.1799,17.2648,16.45,4490
2023-09-20,17.14,16.93,17.14,16.75,6027
2023-09-21,16.92,16.99,16.99,16.875,7226
2023-09-22,16.9192,17.34,17.34,16.38,7997
2023-09-25,17.24,17.34,17.34,16.75,1390
2023-09-26,16.75,16.84,17.2443,16.38,9207
2023-09-27,16.7933,16.97,17.0,16.7,3416
2023-09-28,16.615,16.96,17.03,16.5,10501
2023-09-29,16.56,16.75,17.3412,16.56,6413
2023-10-02,17.2,16.96,17.2999,16.543,18356
2023-10-03,16.55,17.14,17.14,16.38,14959
2023-10-04,16.98,17.18,17.2,15.565,13609
2023-10-05,16.86,16.54,17.2,15.88,8647
2023-10-06,16.47,16.69,16.69,15.89,7503
2023-10-09,16.4,16.67,16.6788,15.9301,3239
2023-10-10,16.3,16.25,16.6077,15.91,5163
2023-10-11,16.1,16.57,16.725,16.1,4787
2023-10-12,16.52,16.75,16.75,16.2064,4754
2023-10-13,16.6,16.6,16.75,15.76,15961
2023-10-16,16.68,16.55,16.68,15.87,7621
2023-10-17,15.936,16.47,16.4842,15.92,5200
2023-10-18,16.2,15.53,16.29,15.46,19141
2023-10-19,15.65,14.585,15.98,13.69,30654
2023-10-20,14.3261,13.76,14.95,13.75,4911
2023-10-23,13.76,13.55,13.76,12.02,24638
2023-10-24,13.0,12.9,13.0001,12.31,17262
2023-10-25,12.51,10.98,12.6,9.9429,71734
2023-10-26,10.95,12.1,12.1,9.5384,69966
2023-10-27,11.55,13.28,14.01,11.55,19610
2023-10-30,12.87,12.9,12.9,12.46,6620
2023-10-31,13.0,12.76,13.2099,12.6,11091
2023-11-01,12.99,12.97,13.2756,12.52,13764
2023-11-02,12.98,12.71,13.7099,12.11,18499
2023-11-03,12.55,13.22,13.24,12.45,8470
2023-11-06,12.52,12.4,13.21,12.4,14862
2023-11-07,12.25,12.4,12.75,11.81,16531
2023-11-08,12.43,12.9205,12.9205,12.2,6805
2023-11-09,12.52,12.8,12.81,12.2,7797
2023-11-10,12.43,12.29,12.58,11.52,12324
2023-11-13,12.225,12.15,13.825,12.075,27985
2023-11-14,12.6,14.11,14.11,12.1798,41131
2023-11-15,14.46,13.7,14.46,13.5,16712
2023-11-16,13.13,13.82,13.82,12.64,13336
2023-11-17,13.575,12.9,13.98,12.67,15027
2023-11-20,13.1436,12.99,13.1436,12.71,8127
2023-11-21,12.72,13.13,13.4521,12.72,8257
2023-11-22,13.25,13.2499,13.25,13.2499,1387
2023-11-24,13.4382,13.47,13.5,12.82,8785
2023-11-27,13.38,13.32,13.38,12.8,10320
2023-11-28,13.06,12.72,13.3691,12.4426,13862
2023-11-29,12.36,13.05,13.35,12.36,14920
2023-11-30,12.8,13.3262,13.3262,12.8,3496
2023-12-01,13.02,13.07,13.3498,12.92,23359
2023-12-04,13.185,12.84,13.185,12.8,15565
2023-12-05,12.95,12.685,13.37,12.685,26280
2023-12-06,12.5,12.74,12.75,12.5,17637
2023-12-07,12.7196,12.75,13.0716,12.5801,10047
2023-12-08,12.65,12.62,13.22,12.6099,15275
2023-12-11,12.8,12.9,13.2539,12.75,22743
2023-12-12,12.9,13.0,13.22,12.75,19032
2023-12-13,13.0,13.52,13.71,12.77,24636
2023-12-14,13.72,13.925,14.1683,13.7199,13680
2023-12-15,14.019,15.39,15.39,13.4,36472
2023-12-18,15.4,14.9,15.5544,14.75,22320
2023-12-19,14.76,14.68,15.29,14.507,23486
2023-12-20,14.65,14.69,15.4399,14.55,22656
2023-12-21,14.97,14.6,15.25,14.6,7517
2023-12-22,14.99,15.14,15.42,14.79,19265
2023-12-26,15.31,15.79,15.79,15.0,31826
2023-12-27,15.95,15.71,16.0,15.6,25384
2023-12-28,16.35,16.43,16.43,15.52,31857
2023-12-29,16.075,16.31,16.4199,16.01,14076
2024-01-02,16.12,17.0,17.1,16.12,29545
2024-01-03,17.28,16.97,17.28,16.6001,25363
2024-01-04,16.59,16.0,16.6,15.92,10475
2024-01-05,15.57,16.24,16.52,15.57,27573
2024-01-08,15.61,15.62,16.015,15.48,12217
2024-01-09,15.89,15.87,16.0,15.3551,26564
2024-01-10,15.4757,15.53,15.98,15.31,20281
2024-01-11,15.63,15.6899,15.7199,15.1759,2929
2024-01-12,15.4024,15.4001,15.79,15.3834,2578
2024-01-16,15.6,15.7,15.825,15.441,7443
2024-01-17,15.56,15.7902,15.7902,15.3601,3511
2024-01-18,15.6,15.74,15.7899,15.42,6730
2024-01-19,15.5241,15.55,15.8,15.35,6560
2024-01-22,15.52,16.0,16.0,15.52,10333
2024-01-23,16.0,15.98,16.18,15.6,10370
2024-01-24,15.98,16.15,16.18,15.8307,2999
2024-01-25,15.935,16.16,16.18,15.724,4238
2024-01-26,16.16,16.3786,16.4,15.71,18038
2024-01-29,16.35,16.07,16.53,16.05,15678
2024-01-30,16.01,16.24,16.25,15.7,7446
2024-01-31,15.96,15.92,16.2708,15.9,2861
2024-02-01,16.1,15.98,16.3,15.71,12470
2024-02-02,15.75,15.95,16.3,15.75,8030
2024-02-05,15.775,15.58,15.88,15.55,10561
2024-02-06,15.733,15.73,15.75,15.58,7123
2024-02-07,15.75,15.98,15.995,15.65,8698
2024-02-08,16.02,15.6901,16.0825,15.68,5149
2024-02-09,16.01,15.9,16.21,15.87,11598
2024-02-12,15.885,15.8,16.25,15.4523,19020
2024-02-13,15.6,15.47,15.7,15.47,4781
2024-02-14,15.49,15.32,15.7,15.26,9779
2024-02-15,15.33,15.6498,15.6557,15.3001,8536
2024-02-16,15.53,15.5,15.59,15.4,5929
2024-02-20,15.65,15.45,15.6999,15.4001,3869
2024-02-21,15.4,15.15,15.55,15.06,12988
2024-02-22,15.18,15.6,15.68,15.18,20564
2024-02-23,15.5,15.6,15.65,15.4,8139
2024-02-26,15.535,15.5,15.69,15.4878,5087
2024-02-27,15.6,15.3501,15.6999,15.3501,15386
2024-02-28,15.6925,15.16,15.6925,15.16,12424
2024-02-29,15.45,15.44,15.6899,15.44,1943
2024-03-01,15.97,15.45,15.97,15.41,22517
2024-03-04,15.9406,15.18,15.9406,15.18,18115
2024-03-05,15.2,15.2101,15.65,15.2,27609
2024-03-06,15.3021,15.1701,15.4899,15.1566,6976
2024-03-07,15.3917,15.1,15.46,15.1,12935
2024-03-08,15.35,15.5101,15.6,15.16,4259
2024-03-11,15.6,15.3,15.6,15.18,12635
2024-03-12,15.47,15.51,15.5696,15.33,9820
2024-03-13,15.38,15.5999,15.5999,15.38,1799
2024-03-14,15.5999,15.6,15.94,15.53,4120
2024-03-15,15.97,15.74,15.97,15.74,3408
2024-03-18,15.805,15.6146,15.95,15.56,4966
2024-03-19,15.71,15.8,15.98,15.71,19598
2024-03-20,15.9395,16.05,16.1,15.6035,27483
2024-03-21,16.05,16.21,16.4095,16.04,8639
2024-03-22,16.0,15.94,16.0,15.78,5173
2024-03-25,16.22,16.03,16.22,15.72,5225
2024-03-26,16.0462,16.03,16.2178,15.9445,2784
2024-03-27,16.01,16.09,16.4999,15.99,2831
2024-03-28,16.15,15.64,16.25,15.5,11401
2024-04-01,15.81,16.38,16.396,15.67,18714
2024-04-02,16.17,16.22,16.48,16.0748,8465
2024-04-03,16.3,16.1,16.58,16.0,18884
2024-04-04,15.62,15.63,16.0,15.5431,10270
2024-04-05,15.84,15.79,15.84,15.65,3537
2024-04-08,15.53,15.36,15.53,15.33,14418
2024-04-09,15.3,15.55,15.5999,15.3,15372
2024-04-10,15.4,15.4,15.5499,15.35,16390
2024-04-11,15.52,15.05,15.52,15.05,17119
2024-04-12,15.35,15.102,15.35,15.06,7386
2024-04-15,15.26,15.15,15.26,15.0236,3372
2024-04-16,15.16,15.0723,15.16,14.85,3201
2024-04-17,15.12,15.15,15.21,14.81,7031
2024-04-18,15.0,14.9,15.0,14.7463,2342
2024-04-19,14.77,14.7606,14.9999,14.75,8886
2024-04-22,14.75,14.6999,14.9,14.5,11493
2024-04-23,14.5,14.65,14.89,14.5,4663
2024-04-24,14.51,14.562,14.84,14.51,2919
2024-04-25,14.6,14.62,14.65,14.1689,12653
2024-04-26,14.8,14.5837,14.82,14.5837,4949
2024-04-29,14.58,14.55,14.8199,14.51,3204
2024-04-30,14.55,14.5396,14.82,14.45,3097
2024-05-01,14.625,14.72,14.72,14.46,4428
2024-05-02,14.65,14.6999,14.7,14.62,7139
2024-05-03,14.735,14.635,14.735,14.5,7009
2024-05-06,14.5,14.8037,14.8037,14.5,3305
2024-05-07,14.82,14.73,15.0,14.6001,7386
2024-05-08,14.75,14.65,15.1237,14.61,4714
2024-05-09,14.65,14.76,14.99,14.65,4930
2024-05-10,14.66,14.66,14.745,14.66,1111
2024-05-13,14.61,14.4,14.9482,14.35,12707
2024-05-14,14.51,14.49,14.5493,14.425,3024
2024-05-15,14.54,14.7,14.7475,14.5,6861
2024-05-16,14.625,14.5501,14.625,14.55,1732
2024-05-17,14.37,14.46,14.7,14.3101,5179
2024-05-20,14.58,14.49,14.7,14.39,4611
2024-05-21,14.676,14.79,14.93,14.6,12901
2024-05-22,14.93,14.94,15.0,14.91,4167
2024-05-23,14.96,14.86,15.0,14.86,2549
2024-05-24,15.0,14.9,15.0,14.9,3559
2024-05-28,15.0,14.95,15.1,14.9,19383
2024-05-29,14.9,15.0858,15.0858,14.85,3047
2024-05-30,15.0,15.17,15.17,14.85,1164
2024-05-31,14.91,14.93,15.15,14.85,7722
2024-06-03,15.1399,15.1,15.14,15.07,4109
2024-06-04,15.09,14.89,15.14,14.88,11942
2024-06-05,15.0,15.0499,15.0499,14.9001,4814
2024-06-06,14.99,14.6,14.99,14.54,12164
2024-06-07,14.9,14.79,14.9,14.62,4573
2024-06-10,14.7,14.7,14.79,14.6501,2969
2024-06-11,14.75,14.97,14.99,14.54,4840
2024-06-12,14.75,14.87,15.1,14.63,7108
2024-06-13,14.82,14.95,15.0368,14.8,2837
2024-06-14,14.95,14.9899,14.99,14.65,5055
2024-06-17,14.76,14.8,15.03,14.76,8879
2024-06-18,14.8,14.825,14.894,14.66,7512
2024-06-20,14.835,14.83,14.9899,14.6387,4759
2024-06-21,14.75,14.66,14.81,14.645,4026
2024-06-24,14.7,14.92,14.94,14.7,4895
2024-06-25,14.75,14.8,14.98,14.6955,10841
2024-06-26,14.72,14.98,14.98,14.68,6237
2024-06-27,14.71,14.67,14.71,14.5,13790
2024-06-28,14.6,14.54,14.64,14.41,13781
2024-07-01,14.59,14.5,14.59,14.3141,11001
2024-07-02,14.5,14.56,15.24,14.5,8172
2024-07-03,14.99,14.83,14.99,14.76,1253
2024-07-05,14.45,14.63,14.87,14.45,16745
2024-07-08,14.63,14.46,14.655,14.2501,17418
2024-07-09,14.2601,14.32,14.4,14.2601,2988
2024-07-10,14.27,14.26,14.49,14.25,5822
2024-07-11,14.79,14.32,14.79,14.27,4517
2024-07-12,14.58,14.7,14.77,14.32,5797
2024-07-15,14.9,14.64,14.9,14.35,20467
2024-07-16,14.63,14.5501,14.89,14.52,15411
2024-07-17,14.675,14.8799,14.8799,14.5,11152
2024-07-18,14.87,14.7,14.88,14.58,3570
2024-07-19,14.54,14.5201,14.68,14.51,4995
2024-07-22,14.55,14.8,14.85,14.52,7862
2024-07-23,14.85,14.7401,14.95,14.74,5058
2024-07-24,14.73,14.75,14.75,14.58,3100
2024-07-25,14.58,14.6701,14.8,14.55,4468
2024-07-26,14.7344,14.4271,14.7345,14.4271,5854
2024-07-29,14.57,14.68,14.7,14.44,4032
2024-07-30,14.69,14.65,14.75,14.625,2830
2024-07-31,14.72,14.8,14.8,14.5505,9855
2024-08-01,14.78,14.88,14.88,14.56,5188
2024-08-02,14.82,14.68,14.82,14.3743,16555
2024-08-05,14.67,14.35,14.8,14.0501,29127
2024-08-06,14.52,14.74,14.79,14.51,8015
2024-08-07,14.68,14.98,15.0,14.6556,19507
2024-08-08,14.7347,15.23,15.23,14.7347,14951
2024-08-09,15.12,14.87,15.12,14.7,30899
2024-08-12,14.71,14.89,15.0,14.57,24337
2024-08-13,14.7,14.75,14.8,14.5501,13162
2024-08-14,14.85,14.835,15.0,14.54,22053
2024-08-15,14.77,14.78,14.9999,14.77,3855
2024-08-16,14.65,14.95,15.0,14.65,7083
2024-08-19,14.83,14.9,15.0,14.8,5647
2024-08-20,14.97,15.0,15.0,14.76,14351
2024-08-21,14.8437,15.0,15.0,14.8,1635
2024-08-22,14.98,14.98,14.98,14.98,285
2024-08-23,15.0,15.0,15.0,14.81,10049
2024-08-26,14.86,14.93,15.0,14.85,5673
2024-08-27,14.91,15.25,15.39,14.91,26379
2024-08-28,15.2063,15.26,15.26,15.11,13571
2024-08-29,15.38,15.29,15.38,15.07,6501
2024-08-30,15.2721,15.3,15.3,14.91,14540
2024-09-03,15.2,15.19,15.24,14.97,9030
2024-09-04,15.0501,15.39,15.4561,14.97,14890
2024-09-05,15.28,15.3,15.45,15.15,10053
2024-09-06,15.265,15.39,15.43,15.12,4232
2024-09-09,15.4,15.37,15.4299,15.13,3941
2024-09-10,15.27,15.64,15.72,15.2312,10464
2024-09-11,15.57,15.82,15.84,15.46,3281
2024-09-12,15.9182,15.78,15.98,15.56,5195
2024-09-13,15.6,15.7999,15.8493,15.57,10444
2024-09-16,15.66,15.97,15.97,15.6,3739
2024-09-17,15.93,15.58,16.0,15.17,32025
2024-09-18,15.5,15.77,15.78,15.4,6682
2024-09-19,15.56,15.81,15.9,15.51,12319
2024-09-20,15.77,15.81,15.87,15.55,6895
2024-09-23,15.79,15.75,15.87,15.7,11319
2024-09-24,15.57,16.3,16.4931,15.54,39157
2024-09-25,16.35,16.58,16.59,16.015,36284
2024-09-26,16.46,16.7,16.9868,16.46,15119
2024-09-27,16.75,16.7,16.8726,16.56,12848
2024-09-30,16.71,16.67,16.8,16.5,8753
2024-10-01,16.7,16.48,16.78,16.41,15141
2024-10-02,16.68,16.615,16.79,16.41,11347
2024-10-03,16.71,17.06,17.25,16.7,44338
2024-10-04,16.6,16.4,16.6,16.04,26021
2024-10-07,16.21,16.38,16.41,16.2,3879
2024-10-08,16.36,16.17,16.36,15.9926,7025
2024-10-09,16.17,16.08,16.17,15.85,9033
2024-10-10,16.005,16.27,16.4,15.68,6366
2024-10-11,16.18,16.32,16.3499,15.62,11913
2024-10-14,16.31,16.22,16.31,15.8409,6647
2024-10-15,16.18,16.15,16.3684,16.1333,7455
2024-10-16,16.4,16.36,16.44,16.14,9205
2024-10-17,16.22,16.3,16.3,16.1,7317
2024-10-18,16.16,16.6073,16.6073,16.11,9233
2024-10-21,16.71,16.54,16.71,16.25,2883
2024-10-22,16.475,16.45,16.5999,16.36,4533
2024-10-23,16.35,16.4,16.4,16.0601,6228
2024-10-24,16.38,16.38,16.4999,16.0601,3901
2024-10-25,16.38,16.26,16.4999,16.08,12367
2024-10-28,16.03,16.28,16.5,16.0003,6520
2024-10-29,16.23,16.25,16.3,15.95,21552
2024-10-30,16.25,16.2317,16.3,16.1,5304
2024-10-31,16.11,16.24,16.2499,15.99,11468
2024-11-01,16.24,16.03,16.25,16.0,13162
2024-11-04,16.02,16.17,16.23,15.78,15760
2024-11-05,15.91,16.28,16.28,15.85,10979
2024-11-06,16.24,16.24,16.35,16.0685,6906
2024-11-07,16.1795,16.53,16.53,16.0301,8754
2024-11-08,16.36,16.38,16.44,16.24,3550
2024-11-11,16.37,16.34,16.37,16.19,9004
2024-11-12,16.28,16.18,16.28,16.09,4496
2024-11-13,16.0,16.14,16.23,15.9001,3755
2024-11-14,16.2,16.25,16.45,15.92,30236
2024-11-15,16.2,16.21,16.28,16.17,7687
2024-11-18,16.21,16.13,16.21,15.6811,9944
2024-11-19,15.99,15.8,16.0,15.75,16059
2024-11-20,15.86,15.96,16.0503,15.6,1751
2024-11-21,15.85,15.99,16.0,15.8301,3463
2024-11-22,15.876,15.685,15.9863,15.685,6371
2024-11-25,15.85,15.7,16.08,15.27,12702
2024-11-26,15.6391,15.56,15.6391,15.3024,6576
2024-11-27,15.64,15.72,15.9,15.45,8509
2024-11-29,15.6001,15.98,15.9999,15.6001,1330
2024-12-02,15.96,15.79,15.98,15.5001,12497
2024-12-03,15.8,15.75,15.81,15.6066,11658
2024-12-04,15.7,15.49,15.7,15.41,6515
2024-12-05,15.6,15.65,16.02,15.55,14890
2024-12-06,15.75,15.7,16.15,15.5101,2872
2024-12-09,15.97,16.12,16.14,15.64,25888
2024-12-10,15.87,15.94,16.148,15.75,15953
2024-12-11,15.77,15.92,15.9466,15.65,12861
2024-12-12,15.92,15.79,15.98,15.65,21546
2024-12-13,15.73,15.4,15.73,15.15,13674
2024-12-16,15.4,14.92,15.4,14.89,20047
2024-12-17,14.87,14.4,15.15,13.7532,50760
2024-12-18,14.42,14.3078,14.42,13.8801,16371
2024-12-19,14.0,14.444,14.59,13.5,22736
2024-12-20,14.59,14.2,14.6,14.0306,18475
2024-12-23,14.24,14.882,15.47,14.03,25416
2024-12-24,14.7,14.86,15.15,14.7,9933
2024-12-26,14.71,14.99,15.1399,14.6,19687
2024-12-27,15.2374,14.94,15.26,14.61,7824
2024-12-30,15.02,14.58,15.02,14.3,32602
2024-12-31,14.51,14.7803,15.06,14.5,28551
2025-01-02,15.99,15.1802,15.99,15.0,6395
2025-01-03,13.6826,14.7,14.91,13.6826,8112
2025-01-06,14.65,14.525,14.75,14.07,14566
2025-01-07,14.58,14.4,14.59,14.2568,9542
2025-01-08,14.4277,14.38,14.4277,14.29,7314
2025-01-10,14.39,14.74,14.74,14.04,24398
2025-01-13,14.7,14.6182,14.71,14.4697,17574
2025-01-14,14.66,14.4837,14.67,14.3912,7191
2025-01-15,14.51,15.0939,15.1618,14.5,28962
2025-01-16,14.9412,15.05,15.1,14.7501,11343
2025-01-17,15.0272,15.25,15.25,15.02,4198
2025-01-21,15.26,15.12,15.54,14.91,50641
2025-01-22,15.1101,14.87,15.1101,14.75,31808
2025-01-23,15.1,15.0,15.1,14.97,8485
2025-01-24,15.0,15.31,15.9799,15.0,32186
2025-01-27,15.3773,15.0992,15.43,15.04,3641
2025-01-28,15.08,14.9836,15.08,14.93,8161
2025-01-29,14.93,14.25,15.0,14.22,43763
2025-01-30,14.44,14.25,14.7,14.2,52088
2025-01-31,14.4,14.07,14.5642,14.05,39056
2025-02-03,14.21,13.98,14.23,13.98,30514
2025-02-04,14.1,14.065,14.3832,13.94,26946
2025-02-05,13.94,13.95,14.15,13.94,17842
2025-02-06,14.06,13.91,14.1386,13.91,12498
2025-02-07,13.94,13.94,14.25,13.94,10083
2025-02-10,13.94,13.94,14.06,13.94,6552
2025-02-11,14.15,13.95,14.175,13.8484,12381
2025-02-12,13.88,13.95,14.19,13.85,15898
2025-02-13,14.02,13.95,14.19,13.92,9918
2025-02-14,14.1203,14.0,14.1203,13.95,6790
2025-02-18,14.0975,14.13,14.2,14.075,5960
2025-02-19,14.16,14.39,14.43,14.09,11960
2025-02-20,14.38,14.3899,14.3899,14.25,2721
2025-02-21,14.5045,14.39,14.57,14.39,8881
2025-02-24,14.3,14.3301,14.3985,14.11,10295
2025-02-25,14.13,14.13,14.3322,14.0901,8216
2025-02-26,14.1427,14.295,14.295,14.1427,16229
2025-02-27,14.3,14.4,14.41,14.27,2158
2025-02-28,14.19,14.38,14.42,14.18,7216
2025-03-03,14.26,14.4199,14.42,14.26,9591
2025-03-04,14.3,14.06,14.335,14.06,9700
2025-03-05,14.08,14.19,14.2753,14.0654,6429
2025-03-06,14.22,14.145,14.22,14.145,2585
2025-03-07,14.31,14.125,14.3101,14.05,8105
2025-03-10,14.15,14.1499,14.3028,14.06,4349
2025-03-11,14.135,14.0601,14.19,14.06,4415
2025-03-12,14.0,14.09,14.1386,14.0,3911
2025-03-13,14.03,13.97,14.1178,13.95,9433
2025-03-14,14.1,14.1964,14.1964,14.035,9818
2025-03-17,14.2987,14.25,14.3236,14.2,7340
2025-03-18,14.3813,14.2,14.4,14.1,7974
2025-03-19,14.2315,14.28,14.35,14.11,7543
2025-03-20,14.3899,14.372,14.3899,14.3706,1271
2025-03-21,14.3787,14.1537,14.39,14.1537,5746
2025-03-24,14.37,14.3527,14.37,14.2,3548
2025-03-25,14.36,14.4787,14.4787,14.3,5746
2025-03-26,14.4,14.53,14.67,14.4,7002
2025-03-27,14.5,14.4423,14.57,14.4,3121
2025-03-28,14.34,14.4,14.598,14.34,5166
2025-03-31,14.66,14.435,14.66,14.3619,14214
2025-04-01,14.47,14.455,14.56,14.4541,1460
2025-04-02,14.45,14.492,14.5696,14.45,4986
2025-04-03,14.6463,14.2,14.6463,14.16,10790
2025-04-04,13.9,13.07,14.04,13.03,38524
2025-04-07,13.1,12.5624,13.1,11.7501,15282
2025-04-08,12.94,12.9469,13.18,12.712,11174
2025-04-09,12.7235,13.1,13.53,12.5001,14046
2025-04-10,13.42,13.55,13.7401,12.5701,3915
2025-04-11,13.5282,13.5881,13.59,12.8296,4341
