2019-05-08,25.05,25.08,25.1457,25.04,166782
2019-05-09,25.1,25.02,26.32,24.96,536317
2019-05-10,25.06,25.18,25.19,25.03,135000
2019-05-13,25.05,25.1267,25.17,25.05,77934
2019-05-14,25.17,25.17,25.3,25.17,235087
2019-05-15,25.16,25.29,25.44,25.16,335931
2019-05-16,25.35,25.4,25.45,25.326,97471
2019-05-17,25.39,25.37,25.4,25.32,138667
2019-05-20,25.36,25.3,25.45,25.27,126841
2019-05-21,25.33,25.35,25.37,25.3,62857
2019-05-22,25.34,25.4,25.43,25.339,67325
2019-05-23,25.37,25.37,25.3795,25.3,63281
2019-05-24,25.38,25.5,25.51,25.36,177161
2019-05-28,25.55,25.63,25.675,25.5,203987
2019-05-29,25.55,25.6,25.63,25.5,276632
2019-05-30,25.63,25.64,25.69,25.61,136359
2019-05-31,25.59,25.6,25.69,25.53,654100
2019-06-03,25.63,25.67,25.715,25.6,88881
2019-06-04,25.68,25.83,25.88,25.675,69318
2019-06-05,25.84,25.92,25.92,25.7984,28398
2019-06-06,25.96,26.05,26.17,25.96,113760
2019-06-07,26.1,26.11,26.13,26.0897,24665
2019-06-10,26.17,26.1197,26.17,26.0804,32474
2019-06-11,26.11,26.0899,26.12,26.0,11841
2019-06-12,26.12,26.125,26.14,26.09,83636
2019-06-13,26.09,26.04,26.09,26.02,28529
2019-06-14,26.06,26.13,26.13,25.5,80088
2019-06-17,26.17,26.15,26.17,26.09,14834
2019-06-18,26.15,26.14,26.19,26.02,90984
2019-06-19,26.19,26.11,26.19,26.044,49302
2019-06-20,26.16,26.1,26.16,26.1,23334
2019-06-21,26.04,26.1343,26.14,26.04,15009
2019-06-24,26.06,26.13,26.2,26.04,34439
2019-06-25,26.19,26.24,26.26,26.0589,41651
2019-06-26,26.27,26.29,26.63,26.25,38071
2019-06-27,26.36,26.58,26.59,26.33,16135
2019-06-28,26.64,26.69,26.89,26.42,231769
2019-07-01,26.69,26.67,26.69,26.51,14266
2019-07-02,26.5,26.69,26.71,26.46,13577
2019-07-03,26.69,26.69,26.69,26.44,9026
2019-07-05,26.69,26.8,26.8,26.5498,17435
2019-07-08,26.8,26.84,26.84,26.7253,5885
2019-07-09,26.84,26.94,27.2,26.815,15506
2019-07-10,26.9,26.942,27.29,26.8705,11384
2019-07-11,26.99,27.0056,27.0056,26.95,8839
2019-07-12,26.85,26.9,26.9829,26.85,3448
2019-07-15,26.95,26.8,26.95,26.7601,17498
2019-07-16,26.85,26.86,26.86,26.6,4450
2019-07-17,26.93,26.82,26.965,26.81,43796
2019-07-18,26.94,26.84,26.94,26.8,18368
2019-07-19,26.84,27.05,27.05,26.8,11749
2019-07-22,27.05,27.0,27.0599,26.8223,9573
2019-07-23,27.18,27.15,27.18,26.9368,8363
2019-07-24,27.13,27.15,27.15,27.0,32852
2019-07-25,27.2,26.95,27.2,26.68,19143
2019-07-26,26.95,27.05,27.1097,26.827,5131
2019-07-29,27.13,27.1,27.45,27.07,21086
2019-07-30,27.16,26.886875,27.28,27.088,49266
2019-07-31,27.37,27.4,27.45,26.83,99078
2019-08-01,27.46,27.42,27.56,27.11,23059
2019-08-02,27.72,27.52,27.75,27.21,11550
2019-08-05,27.32,27.05,27.4,26.92,24829
2019-08-06,27.1,27.075,27.15,27.05,8212
2019-08-07,27.16,26.67,27.5202,26.67,12077
2019-08-08,26.67,26.47,27.23,26.39,30460
2019-08-09,26.55,27.0,27.0,26.55,17263
2019-08-12,27.26,27.28,27.3655,27.1743,7938
2019-08-13,27.26,27.19,27.3914,26.6895,11866
2019-08-14,27.07,27.18,27.19,26.4652,11580
2019-08-15,27.18,27.69,27.78,27.18,14987
2019-08-16,27.66,27.58,27.715,27.494,10990
2019-08-19,27.64,27.62,27.64,27.415,13852
2019-08-20,27.5,27.59,27.695,27.5,11710
2019-08-21,27.5,27.68,27.71,27.32,11622
2019-08-22,27.6,27.7,27.7,27.58,8912
2019-08-23,27.6,27.6,27.6,27.51,4598
2019-08-26,27.5,27.71,27.71,27.5,10207
2019-08-27,27.69,28.18,28.2,27.69,23226
2019-08-28,28.15,27.94,28.15,27.8067,21544
2019-08-29,27.9,27.98,27.98,27.54,15126
2019-08-30,27.98,28.03,28.12,27.8757,76305
2019-09-03,28.0,27.97,28.06,27.736,7373
2019-09-04,28.0,28.23,28.23,27.6685,20127
2019-09-05,28.37,27.9,28.37,27.78,17041
2019-09-06,27.95,27.95,27.95,27.858,5643
2019-09-09,27.99,27.92,27.99,27.8866,3756
2019-09-10,27.92,27.72,27.95,27.69,56607
2019-09-11,27.79,26.99,27.79,26.9,13662
2019-09-12,26.97,27.15,27.3,26.97,20028
2019-09-13,27.24,27.1582,27.38,26.61,11899
2019-09-16,27.34,27.05,27.34,27.0286,17251
2019-09-17,27.12,27.03,27.2965,26.9174,20203
2019-09-18,27.2,27.3,27.7399,27.19,36225
2019-09-19,27.42,27.29,27.58,27.23,30135
2019-09-20,27.37,27.26,27.42,27.26,11770
2019-09-23,27.33,27.28,27.33,27.2,23641
2019-09-24,27.28,27.17,27.28,27.08,16210
2019-09-25,27.19,27.1,27.2064,26.92,16299
2019-09-26,27.1,27.03,27.1,26.995,13619
2019-09-27,27.09,27.26,27.42,27.09,68890
2019-09-30,27.3,27.43,27.44,27.19,148009
2019-10-01,27.39,27.48,27.48,27.3452,7952
2019-10-02,27.44,27.44,27.47,27.16,2287
2019-10-03,27.63,27.44,27.63,27.37,10364
2019-10-04,27.29,27.39,27.46,27.29,47045
2019-10-07,27.49,27.47,27.49,27.375,27935
2019-10-08,27.54,27.72,27.72,27.46,15845
2019-10-09,27.71,27.57,27.89,27.57,29127
2019-10-10,27.65,27.56,27.7663,27.27,14095
2019-10-11,27.66,27.36,27.6692,27.33,16199
2019-10-14,27.46,27.74,27.78,27.39,22426
2019-10-15,27.76,27.94,27.95,27.68,10953
2019-10-16,28.02,28.115,28.2,28.01,13036
2019-10-17,28.22,27.8,28.22,27.77,13902
2019-10-18,27.85,28.06,28.22,27.85,16913
2019-10-21,28.19,28.11,28.19,27.9,28312
2019-10-22,28.13,28.03,28.1535,27.8,37814
2019-10-23,28.1,28.02,28.1,28.0,17847
2019-10-24,28.12,28.04,28.14,28.01,14693
2019-10-25,28.09,27.9,28.2357,27.9,27972
2019-10-28,28.04,27.68,28.05,27.63,28818
2019-10-29,27.77,27.49,27.7727,27.35,10983
2019-10-30,27.49,27.44625,27.79,27.45,15702
2019-10-31,27.58,27.6,27.73,27.48,90152
2019-11-01,27.6,27.43,27.6,27.3,17779
2019-11-04,27.57,27.54,27.6,27.5,12463
2019-11-05,27.66,27.53,27.66,27.3983,22385
2019-11-06,27.56,27.26,27.56,27.26,9649
2019-11-07,27.37,27.02,27.37,27.02,6488
2019-11-08,27.21,26.89,27.21,26.74,14824
2019-11-11,26.93,27.1,27.52,26.88,7031
2019-11-12,27.35,27.09,27.35,27.05,32367
2019-11-13,27.16,27.07,27.16,27.065,4602
2019-11-14,27.12,27.4,27.4,26.915,48099
2019-11-15,27.1,26.95,27.1489,26.95,9488
2019-11-18,27.06,26.89,27.06,26.8,24343
2019-11-19,27.08,26.81,27.19,26.79,14384
2019-11-20,26.94,26.92,26.94,26.86,20222
2019-11-21,27.07,26.85,27.07,26.85,7644
2019-11-22,26.84,26.68,26.89,26.56,10570
2019-11-25,26.78,26.78,26.88,26.7607,48374
2019-11-26,26.9,26.77,26.92,26.7064,27639
2019-11-27,26.87,26.62,26.912,26.53,17589
2019-11-29,26.72,26.51,26.7659,26.51,34845
2019-12-02,26.64,26.31,26.64,26.2,15954
2019-12-03,26.4,26.42,26.68,26.2593,15263
2019-12-04,26.58,26.42,26.65,26.42,19464
2019-12-05,26.61,26.64,26.76,26.49,23762
2019-12-06,26.65,26.28,26.65,26.28,73953
2019-12-09,26.37,26.12,26.37,26.11,59592
2019-12-10,26.2,26.3,26.33,26.1797,41355
2019-12-11,26.37,26.43,26.435,26.27,13822
2019-12-12,26.46,26.33,26.46,26.28,13327
2019-12-13,26.35,26.49,26.51,26.35,16657
2019-12-16,26.52,26.6,26.6638,26.49,16821
2019-12-17,26.68,26.74,26.86,26.68,35955
2019-12-18,26.71,26.89,26.89,26.66,10982
2019-12-19,26.88,26.81,26.8894,26.77,12449
2019-12-20,26.87,26.97,27.0037,26.87,8934
2019-12-23,27.01,27.13,27.13,26.97,11315
2019-12-24,27.13,27.27,27.29,27.13,8113
2019-12-26,27.32,27.16,27.3284,27.03,14943
2019-12-27,27.2,27.17,27.22,27.02,8777
2019-12-30,27.17,27.46,27.4773,27.17,28253
2019-12-31,27.55,27.55,27.65,27.48,11921
2020-01-02,27.75,27.6,27.75,27.46,19191
2020-01-03,27.75,27.69,27.75,27.62,16560
2020-01-06,27.75,27.7,27.75,27.6542,21289
2020-01-07,27.69,27.48,27.69,27.1799,19532
2020-01-08,27.58,27.54,27.71,27.3932,14967
2020-01-09,27.67,27.69,27.836,27.65,23486
2020-01-10,27.84,27.7,27.9,27.4054,13039
2020-01-13,27.82,27.7,28.04,27.5,27272
2020-01-14,27.7,27.9,28.1,27.5,28277
2020-01-15,28.05,28.37,28.37,27.914,25679
2020-01-16,28.38,28.06,28.38,27.77,32636
2020-01-17,28.19,28.1,28.87,28.0923,7078
2020-01-21,28.1,27.88,28.1,27.88,7405
2020-01-22,27.98,27.84,28.042,27.84,6427
2020-01-23,27.99,27.9,28.0674,27.829,7242
2020-01-24,27.95,28.03,28.3604,27.87,14018
2020-01-27,28.16,28.04,28.29,27.9,9596
2020-01-28,28.23,27.94,28.23,27.91,12339
2020-01-29,28.27,27.57625,28.27,27.8544,16336
2020-01-30,27.89,28.09,28.11,27.85,8209
2020-01-31,28.12,27.83,28.3176,27.83,19354
2020-02-03,28.05,28.05,28.34,28.035,10157
2020-02-04,28.09,27.97,28.15,27.9259,40583
2020-02-05,28.1,27.99,28.1,27.74,5494
2020-02-06,28.18,27.97,28.18,27.94,14719
2020-02-07,27.99,27.95,27.99,27.82,12898
2020-02-10,27.98,27.82,27.98,27.78,10719
2020-02-11,27.89,27.84,27.89,27.83,4284
2020-02-12,27.89,27.76,27.98,27.76,9071
2020-02-13,27.93,27.78,27.97,27.77,7976
2020-02-14,27.85,27.5,27.9199,27.5,9734
2020-02-18,27.73,27.85,27.85,27.65,108729
2020-02-19,27.9,27.64,27.9,27.5,19293
2020-02-20,27.7,27.7,27.849,27.65,12778
2020-02-21,27.75,27.48,27.9132,27.48,11239
2020-02-24,27.48,27.43,28.0152,27.43,10703
2020-02-25,27.77,26.84,27.77,26.84,12950
2020-02-26,26.83,27.13,27.43,26.83,41343
2020-02-27,27.23,26.91,27.4997,26.8659,18480
2020-02-28,26.54,26.21,27.4763,26.21,50015
2020-03-02,26.56,27.94,27.94,26.2557,17340
2020-03-03,28.14,27.375,28.24,26.936,17070
2020-03-04,27.6,28.5,28.5,27.31,6778
2020-03-05,28.32,27.6,28.32,27.36,3546
2020-03-06,27.43,26.84,27.43,26.62,13299
2020-03-09,26.58,26.2,26.58,25.755,87525
2020-03-10,26.59,26.3,26.6,25.95,36337
2020-03-11,26.52,26.0,26.52,25.79,20094
2020-03-12,25.84,23.7699,25.84,23.75,62386
2020-03-13,24.76,24.88,25.3,24.15,42322
2020-03-16,24.47,24.15,24.7,24.15,102050
2020-03-17,24.58,24.3,24.7,24.15,37278
2020-03-18,24.23,21.55,24.356,21.12,56118
2020-03-19,21.55,23.19,23.8,21.0,75792
2020-03-20,24.19,24.0121,25.39,23.24,89214
2020-03-23,24.02,23.52,24.253,23.02,52866
2020-03-24,23.7,25.09,25.87,23.7,27484
2020-03-25,25.17,25.27,25.53,25.11,51501
2020-03-26,25.5,26.05,26.38,25.5,43131
2020-03-27,26.09,25.5,26.09,25.1001,71238
2020-03-30,25.818,25.645,25.818,25.4898,10063
2020-03-31,25.32,25.16,25.65,25.1196,20315
2020-04-01,24.98,24.88,25.07,24.65,38216
2020-04-02,24.68,25.5,25.5,24.34,19171
2020-04-03,25.87,25.55,25.87,25.0,11093
2020-04-06,25.62,25.585,25.88,25.52,14350
2020-04-07,25.59,25.72,25.81,25.5,15247
2020-04-08,25.1,25.9,26.5,25.1,20321
2020-04-09,25.9,26.13,26.44,25.65,17631
2020-04-13,26.1,26.05,26.5,25.8183,11393
2020-04-14,26.37,26.11,26.37,25.98,13555
2020-04-15,26.21,25.89,26.21,25.83,9958
2020-04-16,25.95,26.1,26.18,25.87,11044
2020-04-17,26.18,26.32,26.5,26.0035,18091
2020-04-20,26.45,26.75,26.94,26.45,17295
2020-04-21,26.62,26.635,26.6896,26.1803,11977
2020-04-22,26.8,26.75,26.8,26.69,13948
2020-04-23,26.7,26.84,26.84,26.6652,6802
2020-04-24,27.0,26.96,27.05,26.7,6750
2020-04-27,27.07,27.1171,27.19,27.0,6372
2020-04-28,27.25,27.3575,27.55,27.01,12078
2020-04-29,27.6,27.11335,27.6,27.11,5247
2020-04-30,27.53,27.43,27.59,27.2,28873
2020-05-01,27.43,26.96,27.43,26.6788,6030
2020-05-04,27.28,27.22,27.28,26.7,3653
2020-05-05,27.39,27.42,27.42,27.1972,8526
2020-05-06,27.41,27.0575,27.41,26.7,25916
2020-05-07,27.03,26.68,27.285,26.68,7455
2020-05-08,26.76,27.0,27.2351,26.76,7118
2020-05-11,27.06,27.0,27.06,26.6002,4711
2020-05-12,27.13,26.95,27.13,26.61,52309
2020-05-13,26.88,26.765,26.88,26.57,9435
2020-05-14,26.57,26.3,26.87,26.02,40952
2020-05-15,26.41,26.4,26.51,26.345,5221
2020-05-18,26.72,26.46,27.0,26.0894,7506
2020-05-19,26.6,27.0,27.0981,26.6,9417
2020-05-20,27.14,26.58,27.14,26.53,16094
2020-05-21,26.78,26.69,26.78,26.58,6258
2020-05-22,26.76,26.47,26.76,26.35,5635
2020-05-26,26.95,26.72,27.2105,26.58,3770
2020-05-27,26.77,27.0,27.2562,26.58,9208
2020-05-28,27.26,26.58,27.26,26.56,17308
2020-05-29,26.68,26.7,26.98,26.52,19481
2020-06-01,26.86,26.8,26.94,26.765,14846
2020-06-02,27.04,26.95,27.07,26.8,48688
2020-06-03,27.16,27.05,27.3254,26.9545,7264
2020-06-04,27.08,26.93,27.08,26.823,17716
2020-06-05,27.33,27.03,27.33,26.88,13091
2020-06-08,27.08,27.01,27.12,26.93,13207
2020-06-09,27.18,27.05,27.18,26.95,9378
2020-06-10,27.13,27.05,27.14,27.02,8913
2020-06-11,26.95,26.44,26.95,26.44,7538
2020-06-12,26.88,26.47,26.9536,26.47,6815
2020-06-15,26.63,26.67,26.99,26.515,7376
2020-06-16,27.12,26.5,27.12,26.44,8809
2020-06-17,26.72,26.9,26.9294,26.67,3876
2020-06-18,26.89,26.8,26.9,26.4,134290
2020-06-19,26.89,26.68,26.89,26.5,32472
2020-06-22,26.82,26.56,26.83,26.56,78140
2020-06-23,26.48,26.48,26.562,26.42,22453
2020-06-24,26.53,26.43,26.5469,26.43,95823
2020-06-25,26.54,26.517,26.57,26.45,38622
2020-06-26,26.68,26.37,26.68,26.37,41468
2020-06-29,26.55,26.56,26.56,26.25,10133
2020-06-30,26.52,26.23,26.8554,26.2,77879
2020-07-01,26.4329,26.45,26.48,26.34,26795
2020-07-02,26.53,26.75,26.77,26.53,5964
2020-07-06,26.87,26.85,26.87,26.7,2796
2020-07-07,26.66,26.76,26.88,26.66,18725
2020-07-08,26.81,26.82,26.82,26.64,11059
2020-07-09,26.84,26.94,27.01,26.8,21226
2020-07-10,27.02,26.86,27.15,26.85,24020
2020-07-13,26.86,26.86,27.1,26.8,8949
2020-07-14,26.88,26.82,27.085,26.82,23646
2020-07-15,26.91,26.85,26.96,26.8,17450
2020-07-16,26.9,26.97,27.11,26.9,21653
2020-07-17,26.98,26.94,27.1108,26.88,11824
2020-07-20,26.98,26.96,27.01,26.93,6717
2020-07-21,27.12,26.9,27.12,26.88,9874
2020-07-22,27.0,27.065,27.13,27.0,6461
2020-07-23,27.15,27.1,27.189,27.0699,8226
2020-07-24,27.17,27.09,27.19,27.01,14513
2020-07-27,27.14,27.15,27.27,27.08,10895
2020-07-28,27.29,27.25,27.35,27.22,24771
2020-07-29,27.27,26.90625,27.285,27.25,10435
2020-07-30,27.09,27.19,27.19,26.875,17463
2020-07-31,27.29,27.01,27.29,26.99,18641
2020-08-03,27.1,27.15,27.195,27.1,8773
2020-08-04,27.28,27.29,27.29,27.12,12716
2020-08-05,27.29,27.1506,27.29,26.96,17988
2020-08-06,27.22,27.1,27.22,27.01,14421
2020-08-07,27.13,27.1,27.1808,27.045,8613
2020-08-10,27.11,27.1,27.15,27.075,9735
2020-08-11,27.24,27.15,27.24,27.095,12389
2020-08-12,27.22,27.15,27.22,27.1,17132
2020-08-13,27.24,27.2,27.3583,27.19,16445
2020-08-14,27.3,27.2,27.3,27.152,10238
2020-08-17,27.36,27.28,27.36,27.12,10889
2020-08-18,27.34,27.25,27.3874,27.07,25630
2020-08-19,27.33,27.27,27.33,27.26,5693
2020-08-20,27.3,27.34,27.4,27.255,16525
2020-08-21,27.39,27.34,27.39,27.14,13610
2020-08-24,27.4,27.215,27.471,27.17,15842
2020-08-25,27.37,27.41,27.44,27.25,27320
2020-08-26,27.41,27.27,27.45,27.27,24791
2020-08-27,27.37,27.4,27.4283,27.37,12300
2020-08-28,27.41,27.36,27.42,27.34,4031
2020-08-31,27.42,27.25,27.4345,27.25,29377
2020-09-01,27.36,27.01,27.446,27.0,14086
2020-09-02,27.12,27.06,27.2599,27.055,23397
2020-09-03,26.88,27.21,27.22,26.88,16743
2020-09-04,27.24,27.1,27.4278,27.0756,27918
2020-09-08,27.2,27.0,27.3759,27.0,18290
2020-09-09,27.21,27.25,27.3,27.05,22223
2020-09-10,27.42,27.34,27.4799,27.253,25141
2020-09-11,27.4,27.3,27.4,27.235,20936
2020-09-14,27.37,27.35,27.46,27.34,35881
2020-09-15,27.46,27.4,27.46,27.38,19840
2020-09-16,27.45,27.44,27.47,27.38,32383
2020-09-17,27.43,27.35,27.75,27.33,71835
2020-09-18,27.52,27.4,27.5384,27.38,26853
2020-09-21,27.37,27.424,27.7982,27.23,37373
2020-09-22,27.54,27.42,27.67,27.4,41624
2020-09-23,27.58,27.5,27.65,27.31,44411
2020-09-24,27.57,27.37,27.6,27.37,9818
2020-09-25,27.5,27.5,27.8365,27.36,25937
2020-09-28,27.57,27.57,27.725,27.36,23759
2020-09-29,27.53,27.55,27.742,27.4641,18427
2020-09-30,27.61,27.21,27.75,27.14,70013
2020-10-01,27.39,27.5,27.775,27.21,20236
2020-10-02,27.61,27.34,27.7999,27.29,40588
2020-10-05,27.43,27.625,27.79,27.43,8567
2020-10-06,27.59,27.6,27.7899,27.5,27927
2020-10-07,27.73,27.6,27.77,27.5,21914
2020-10-08,27.65,27.625,27.77,27.5265,17206
2020-10-09,27.68,27.6,27.73,27.59,8567
2020-10-12,27.64,27.57,27.7377,27.57,13416
2020-10-13,27.67,27.59,27.77,27.47,25511
2020-10-14,27.665,27.49,27.665,27.49,4384
2020-10-15,27.45,27.5,27.6999,27.45,16883
2020-10-16,27.55,27.4,27.58,27.4,25034
2020-10-19,27.53,27.4,27.53,27.3123,25375
2020-10-20,27.4,27.4,27.448,27.28,16997
2020-10-21,27.42,27.4,27.42,27.33,17279
2020-10-22,27.39,27.4,27.4598,27.38,48220
2020-10-23,27.41,27.4,27.55,27.38,37887
2020-10-26,27.38,27.38,27.4494,27.3,30230
2020-10-27,27.45,27.4,27.45,27.38,19725
2020-10-28,27.49,27.06625,27.5255,27.4,36779
2020-10-29,27.35,27.09,27.4332,27.09,20209
2020-10-30,27.25,27.2,27.29,27.05,31253
2020-11-02,27.34,27.21,27.6144,27.15,24915
2020-11-03,27.27,27.2,27.59,27.2,47051
2020-11-04,27.32,27.39,27.487,27.32,19084
2020-11-05,27.41,27.6,27.64,27.41,41200
2020-11-06,27.63,27.6,27.64,27.543,66527
2020-11-09,27.75,27.85,27.9,27.7,24789
2020-11-10,27.84,27.85,27.8783,27.82,25675
2020-11-11,27.88,27.72,27.88,27.6,12334
2020-11-12,27.78,27.6,27.78,27.45,107842
2020-11-13,27.67,27.6,27.67,27.55,17932
2020-11-16,27.75,27.57,27.75,27.55,40637
2020-11-17,27.65,27.55,27.75,27.53,52654
2020-11-18,27.58,27.56,27.6112,27.54,16567
2020-11-19,27.63,27.5,27.63,27.5,22960
2020-11-20,27.59,27.55,27.64,27.534,11731
2020-11-23,27.64,27.67,27.74,27.57,18414
2020-11-24,27.74,27.74,27.74,27.35,65036
2020-11-25,27.64,27.61,27.64,27.5125,14198
2020-11-27,27.69,27.7,27.73,27.61,5127
2020-11-30,27.72,27.77,27.77,27.64,21999
2020-12-01,27.85,27.705,27.89,27.46,25014
2020-12-02,27.78,27.6,27.85,27.5958,20174
2020-12-03,27.69,27.65,27.89,27.53,32872
2020-12-04,27.74,27.77,27.82,27.54,16414
2020-12-07,27.77,27.66,27.8,27.5501,15938
2020-12-08,27.75,27.7,27.8187,27.69,18453
2020-12-09,27.79,27.77,27.8056,27.6,21740
2020-12-10,27.74,27.44,27.841,27.36,47319
2020-12-11,27.52,27.55,27.6,27.41,17725
2020-12-14,27.55,27.69,27.7348,27.55,18595
2020-12-15,27.74,27.77,27.77,27.72,14669
2020-12-16,27.8,27.89,27.9,27.79,23116
2020-12-17,27.89,27.88,27.9,27.74,14304
2020-12-18,27.87,27.85,27.87,27.75,8612
2020-12-21,27.82,28.295,28.51,27.79,26176
2020-12-22,28.29,28.11,28.5,28.11,18680
2020-12-23,28.36,28.33,28.69,28.16,23088
2020-12-24,28.55,28.31,28.69,28.1,12768
2020-12-28,28.53,28.78,28.84,28.2942,16864
2020-12-29,28.735,28.99,29.24,28.7142,25506
2020-12-30,29.08,29.35,29.42,28.55,16355
2020-12-31,29.33,29.28,29.3889,28.8584,41306
2021-01-04,29.28,28.11,29.28,28.04,63801
2021-01-05,28.19,28.0,28.32,27.78,20664
2021-01-06,27.9,27.76,27.9,27.5,18929
2021-01-07,27.68,27.55,27.78,27.52,24938
2021-01-08,27.6,27.6,27.6,27.5,17339
2021-01-11,27.6,27.49,27.6,27.33,17278
2021-01-12,27.58,27.57,27.61,27.3952,21764
2021-01-13,27.62,27.6,27.62,27.47,54297
2021-01-14,27.74,27.31,27.74,27.21,33807
2021-01-15,27.23,27.13,27.5199,27.08,19636
2021-01-19,27.33,27.19,27.51,27.05,29419
2021-01-20,27.25,27.17,27.32,27.09,57267
2021-01-21,27.23,27.21,27.43,27.09,35113
2021-01-22,27.31,27.3,27.43,27.26,17363
2021-01-25,27.39,27.24,27.55,27.15,20619
2021-01-26,27.3,27.31,27.41,27.19,18159
2021-01-27,27.31,27.28,27.35,27.12,25325
2021-01-28,27.29,26.93625,27.38,27.15,19783
2021-01-29,27.07,27.02,27.07,26.79,57546
2021-02-01,27.0,27.07,27.23,26.93,21249
2021-02-02,27.14,27.16,27.31,27.12,10621
2021-02-03,27.25,27.38,27.47,27.2,19422
2021-02-04,27.37,27.57,27.58,27.195,13402
2021-02-05,27.58,27.62,27.63,27.38,18958
2021-02-08,27.73,27.38,27.74,27.38,27568
2021-02-09,27.45,27.26,27.53,27.25,9059
2021-02-10,27.4,27.25,27.4876,27.015,16930
2021-02-11,27.41,27.15,27.41,27.1,20526
2021-02-12,27.19,27.08,27.205,27.06,21512
2021-02-16,27.17,27.0,27.23,27.0,18449
2021-02-17,27.18,26.9,27.2098,26.8459,23815
2021-02-18,26.94,26.73,27.03,26.67,18058
2021-02-19,26.88,26.84,27.17,26.67,14274
2021-02-22,26.85,26.74,26.85,26.68,12585
2021-02-23,26.81,26.84,26.91,26.69,9043
2021-02-24,26.99,26.65,26.99,26.54,14538
2021-02-25,26.73,26.54,26.73,26.23,23538
2021-02-26,26.71,26.25,26.71,26.16,63839
2021-03-01,26.35,26.32,26.5378,26.22,85734
2021-03-02,26.44,26.4,26.5699,26.34,130358
2021-03-03,26.43,26.37,26.5,26.23,626403
2021-03-04,26.39,26.28,26.45,26.12,154403
2021-03-05,26.33,26.37,26.4,26.28,97352
2021-03-08,26.37,26.29,26.4,26.28,32276
2021-03-09,26.37,26.37,26.4,26.29,101106
2021-03-10,26.44,26.39,26.5,26.38,45152
2021-03-11,26.41,26.42,26.56,26.39,171167
2021-03-12,26.34,26.29,26.43,26.2,340858
2021-03-15,26.32,26.33,26.39,26.2794,80714
2021-03-16,26.35,26.34,26.38,26.28,45881
2021-03-17,26.29,26.34,26.38,26.254,27709
2021-03-18,26.26,26.19,26.3,26.07,38562
2021-03-19,26.2,26.24,26.26,26.1,89872
2021-03-22,26.29,26.31,26.37,26.25,178216
2021-03-23,26.33,26.26,26.35,26.22,83405
2021-03-24,26.31,26.35,26.41,26.3,70480
2021-03-25,26.33,26.41,26.45,26.3,125144
2021-03-26,26.41,26.46,26.48,26.41,56326
2021-03-29,26.5,26.45,26.5021,26.37,52105
2021-03-30,26.43,26.45,26.48,26.3806,44419
2021-03-31,26.48,26.43,26.48,26.38,42164
2021-04-01,26.48,26.64,26.67,26.48,58373
2021-04-05,26.69,26.67,26.73,26.57,27460
2021-04-06,26.72,26.8,26.86,26.7062,64423
2021-04-07,26.83,26.79,26.87,26.76,72977
2021-04-08,26.81,26.75,26.82,26.71,55140
2021-04-09,26.76,26.71,26.7855,26.65,30054
2021-04-12,26.76,26.76,26.95,26.735,233375
2021-04-13,26.79,26.76,26.79,26.71,49037
2021-04-14,26.79,26.81,26.87,26.72,82810
2021-04-15,26.85,26.9,27.07,26.81,43341
2021-04-16,26.94,26.88,26.99,26.87,23916
2021-04-19,26.92,26.79,26.92,26.76,24945
2021-04-20,26.81,26.77,26.81,26.65,71572
2021-04-21,26.79,26.83,26.855,26.77,31487
2021-04-22,26.87,26.82,26.87,26.68,54040
2021-04-23,26.8,26.84,26.91,26.8,65225
2021-04-26,26.85,26.89,26.9,26.85,28087
2021-04-27,26.9,26.84,26.9,26.8,50777
2021-04-28,26.84,26.51625,26.92,26.78,87284
2021-04-29,26.63,26.6,26.63,26.52,62845
2021-04-30,26.6,26.54,26.63,26.51,62188
2021-05-03,26.58,26.63,26.67,26.58,43778
2021-05-04,26.62,26.72,26.77,26.59,48244
2021-05-05,26.74,26.68,26.75,26.64,18878
2021-05-06,26.66,26.67,26.7,26.57,53612
2021-05-07,26.7,26.8,26.83,26.69,40377
2021-05-10,26.83,26.77,26.83,26.63,60291
2021-05-11,26.67,26.64,26.7,26.57,61481
2021-05-12,26.47,26.45,26.68,26.43,54684
2021-05-13,26.55,26.48,26.63,26.48,53851
2021-05-14,26.52,26.59,26.6,26.52,48959
2021-05-17,26.6,26.57,26.6,26.54,37992
2021-05-18,26.58,26.51,26.58,26.5,23314
2021-05-19,26.46,26.48,26.5,26.39,30694
2021-05-20,26.54,26.52,26.57,26.45,21909
2021-05-21,26.57,26.55,26.57,26.52,27616
2021-05-24,26.56,26.5,26.56,26.48,81557
2021-05-25,26.53,26.53,26.54,26.45,44727
2021-05-26,26.53,26.54,26.6,26.5,153481
2021-05-27,26.55,26.54,26.6,26.51,91419
2021-05-28,26.57,26.52,26.62,26.46,120615
2021-06-01,26.54,26.61,26.655,26.52,62261
2021-06-02,26.66,26.74,26.78,26.63,82439
2021-06-03,26.7,26.72,26.75,26.657,53344
2021-06-04,26.75,26.79,26.84,26.72,35754
2021-06-07,26.81,26.78,26.81,26.7,38597
2021-06-08,26.78,26.8,26.8297,26.71,54303
2021-06-09,26.81,26.92,26.93,26.81,83266
2021-06-10,26.9,27.0,27.02,26.86,104736
2021-06-11,27.0,27.0,27.0,26.9526,37598
2021-06-14,27.0,27.03,27.15,26.92,42877
2021-06-15,27.03,27.04,27.05,26.965,60478
2021-06-16,27.12,27.1,27.13,27.042,35410
2021-06-17,27.15,27.15,27.16,27.09,32313
2021-06-18,27.18,27.2,27.2,27.1655,33597
2021-06-21,27.24,27.26,27.26,27.22,22063
2021-06-22,27.26,27.31,27.31,27.2185,39678
2021-06-23,27.34,27.4089,27.44,27.33,166527
2021-06-24,27.32,27.41,27.47,27.32,16818
2021-06-25,27.45,27.35,27.45,27.17,24167
2021-06-28,27.4,27.42,27.42,27.229,27126
2021-06-29,27.47,27.43,27.47,27.36,13854
2021-06-30,27.43,27.38,27.44,27.38,29684
2021-07-01,27.44,27.44,27.45,27.39,22018
2021-07-02,27.48,27.4,27.48,27.3897,9406
2021-07-06,27.47,27.45,27.5,27.4003,38501
2021-07-07,27.49,27.48,27.5,27.45,38383
2021-07-08,27.49,27.46,27.49,27.4,30210
2021-07-09,27.46,27.44,27.48,27.34,38028
2021-07-12,27.36,27.45,27.49,27.35,43016
2021-07-13,27.46,27.4,27.48,27.37,21672
2021-07-14,27.45,27.41,27.45,27.3791,11464
2021-07-15,27.48,27.35,27.4892,27.3057,15309
2021-07-16,27.46,27.43,27.46,27.28,11742
2021-07-19,27.39,27.34,27.39,27.31,14266
2021-07-20,27.28,27.4,27.42,27.28,12605
2021-07-21,27.42,27.47,27.47,27.42,14521
2021-07-22,27.5,27.31,27.5,27.28,16080
2021-07-23,27.41,27.34,27.41,27.29,12238
2021-07-26,27.41,27.35,27.41,27.2263,11626
2021-07-27,27.45,27.35,27.45,27.24,19747
2021-07-28,27.3,26.97625,27.35,27.2001,11688
2021-07-29,27.15,27.2,27.22,27.08,11041
2021-07-30,27.18,27.27,27.37,27.16,36760
2021-08-02,27.35,27.33,27.35,27.31,15092
2021-08-03,27.36,27.3199,27.36,27.3,13579
2021-08-04,27.31,27.28,27.31,27.235,74218
2021-08-05,27.28,27.28,27.33,27.16,26679
2021-08-06,27.25,27.35,27.35,27.25,18905
2021-08-09,27.33,27.23,27.3372,27.23,21939
2021-08-10,27.19,27.03,27.19,26.805,8214
2021-08-11,26.95,27.02,27.11,26.95,19411
2021-08-12,27.11,27.03,27.15,26.97,31321
2021-08-13,27.03,27.34,27.34,27.01,22323
2021-08-16,27.3,27.25,27.3299,27.21,18823
2021-08-17,27.07,27.25,27.2991,27.03,11421
2021-08-18,27.23,27.2,27.26,27.0818,13412
2021-08-19,27.16,27.18,27.2,27.11,24250
2021-08-20,27.17,27.16,27.24,27.16,23894
2021-08-23,27.169,27.16,27.195,27.07,23028
2021-08-24,27.2,27.17,27.2,27.0,208412
2021-08-25,27.23,27.17,27.23,27.15,8726
2021-08-26,27.22,27.13,27.22,27.031,5060
2021-08-27,27.17,27.15,27.17,27.13,7907
2021-08-30,27.15,27.15,27.185,27.11,23985
2021-08-31,27.18,27.11,27.28,27.11,55826
2021-09-01,27.12,27.37,27.37,27.12,15219
2021-09-02,27.38,27.45,27.47,27.34,96671
2021-09-03,27.39,27.48,27.55,27.2,28225
2021-09-07,27.47,27.39,27.47,27.35,7767
2021-09-08,27.4,27.27,27.4,27.2,104914
2021-09-09,27.3,27.28,27.38,27.1839,12397
2021-09-10,27.36,27.27,27.36,27.16,11960
2021-09-13,27.35,27.2,27.3699,27.172,14533
2021-09-14,27.27,27.33,27.4279,27.22,9567
2021-09-15,27.37,27.47,27.509,27.3562,16599
2021-09-16,27.5,27.53,27.53,27.34,15746
2021-09-17,27.43,27.64,27.67,27.43,23761
2021-09-20,27.5,27.39,27.6294,27.33,13210
2021-09-21,27.47,27.42,27.47,27.36,12077
2021-09-22,27.44,27.48,27.48,27.41,28089
2021-09-23,27.5,27.33,27.67,27.27,40314
2021-09-24,27.33,27.3,27.38,27.185,20083
2021-09-27,27.3,27.28,27.3,27.22,20922
2021-09-28,27.15,27.13,27.229,27.11,14359
2021-09-29,27.26,27.2,27.2755,27.135,15009
2021-09-30,27.28,27.41,27.5,27.21,28258
2021-10-01,27.33,27.23,27.375,27.2,10665
2021-10-04,27.19,27.05,27.19,27.05,17789
2021-10-05,27.15,27.27,27.32,27.09,24129
2021-10-06,27.25,27.41,27.42,27.22,14519
2021-10-07,27.42,27.48,27.48,27.3352,11817
2021-10-08,27.48,27.56,27.5986,27.34,25674
2021-10-11,27.65,27.61,27.7,27.4304,14833
2021-10-12,27.67,27.8,27.8031,27.6,15040
2021-10-13,27.8,27.67,27.97,27.6,20811
2021-10-14,27.85,27.94,27.98,27.7677,33224
2021-10-15,28.0,27.93,28.0,27.8866,7513
2021-10-18,27.9,27.93,28.0,27.7625,18353
2021-10-19,27.97,27.94,28.03,27.85,8984
2021-10-20,27.94,27.97,28.0,27.85,11660
2021-10-21,28.0,27.9657,28.0,27.886,11488
2021-10-22,27.97,27.65,27.97,27.5,8221
2021-10-25,27.77,27.925,27.9612,27.77,6869
2021-10-26,27.96,27.95,27.97,27.86,16649
2021-10-27,27.88,27.94,27.94,27.88,10395
2021-10-28,27.94,27.44625,27.955,27.7374,9851
2021-10-29,27.65,27.79,27.89,26.46,23936
2021-11-01,27.75,27.7604,27.8,27.66,11871
2021-11-02,27.68,27.68,27.7248,27.52,15660
2021-11-03,27.65,27.56,27.65,27.48,14901
2021-11-04,27.52,27.71,27.71,27.52,13670
2021-11-05,27.64,27.75,27.75,27.64,6144
2021-11-08,27.86,27.79,27.9095,27.6,11891
2021-11-09,27.88,27.85,27.88,27.48,18541
2021-11-10,27.78,27.638,27.9354,27.47,32291
2021-11-11,27.74,27.6,27.74,27.58,25101
2021-11-12,27.55,27.62,27.65,27.55,18657
2021-11-15,27.65,27.655,27.6999,27.6,22455
2021-11-16,27.6,27.63,27.73,27.6,15884
2021-11-17,27.6,27.5,27.6,27.41,15205
2021-11-18,27.5,27.36,27.5,27.31,11848
2021-11-19,27.39,27.26,27.41,27.26,16190
2021-11-22,27.27,26.96,27.31,26.95,19381
2021-11-23,27.0,27.13,27.27,26.895,45067
2021-11-24,27.1,27.16,27.366,27.0401,12353
2021-11-26,27.12,26.84,27.12,26.71,36417
2021-11-29,26.88,27.05,27.1981,26.88,5828
2021-11-30,27.14,26.62,27.14,26.62,50137
2021-12-01,26.75,26.69,26.92,26.59,24944
2021-12-02,26.69,26.7,26.83,26.56,12965
2021-12-03,26.81,26.71,27.2,26.35,14726
2021-12-06,26.65,26.71,26.87,26.61,11793
2021-12-07,26.81,26.88,26.9588,26.71,13157
2021-12-08,26.95,26.82,26.95,26.66,11502
2021-12-09,26.81,26.74,26.81,26.71,5215
2021-12-10,26.74,26.68,26.76,26.6601,11906
2021-12-13,26.76,26.77,26.9,26.68,9837
2021-12-14,26.75,26.72,26.8158,26.65,10050
2021-12-15,26.79,26.84,26.92,26.65,19039
2021-12-16,26.84,26.9,26.94,26.725,13583
2021-12-17,26.87,26.78,26.891,26.7,22257
2021-12-20,26.7,26.73,26.8651,26.67,16189
2021-12-21,26.79,26.82,26.9337,26.79,8012
2021-12-22,26.8,26.89,26.96,26.8,22856
2021-12-23,26.89,26.84,26.95,26.77,8379
2021-12-27,26.89,26.89,26.95,26.82,10009
2021-12-28,26.94,27.0,27.04,26.9025,14606
2021-12-29,27.0,27.0,27.0,26.75,24045
2021-12-30,27.0,27.0,27.06,26.71,4503
2021-12-31,27.07,27.29,27.29,27.07,22274
2022-01-03,27.29,27.095,27.29,26.96,18331
2022-01-04,26.97,26.8,27.11,26.725,19699
2022-01-05,26.85,26.64,26.9173,26.4425,15334
2022-01-06,26.53,26.7,26.86,26.53,10352
2022-01-07,26.61,26.62,26.7,26.6,11162
2022-01-10,26.53,26.53,26.57,26.41,9742
2022-01-11,26.6,26.73,26.78,26.585,11824
2022-01-12,26.73,26.76,26.935,26.7,3738
2022-01-13,26.76,26.87,26.93,26.76,13534
2022-01-14,26.72,26.82,26.9,26.56,4028
2022-01-18,26.74,26.57,26.77,26.43,19078
2022-01-19,26.64,26.65,26.8,26.57,17183
2022-01-20,26.8,26.7817,26.87,26.7,23954
2022-01-21,26.74,26.83,26.83,26.72,10333
2022-01-24,26.83,26.78,26.83,26.41,9624
2022-01-25,26.64,27.0,27.14,26.6186,17130
2022-01-26,27.1,26.85,27.1199,26.83,11408
2022-01-27,26.91,26.28,26.91,26.1125,20230
2022-01-28,26.24,25.93625,26.805,26.235,10461
2022-01-31,26.14,26.53,26.55,26.085,89363
2022-02-01,26.4,26.52,26.52,26.3832,17539
2022-02-02,26.44,26.49,26.6279,26.42,19667
2022-02-03,26.35,26.21,26.4585,26.04,18167
2022-02-04,26.19,25.89,26.2,25.89,87932
2022-02-07,25.93,25.76,26.125,25.76,25279
2022-02-08,25.78,25.68,25.85,25.63,38344
2022-02-09,25.78,25.7,25.79,25.66,35577
2022-02-10,25.6,25.57,25.618,25.37,25636
2022-02-11,25.62,25.4235,25.62,25.2,31074
2022-02-14,25.49,25.37,25.52,25.21,23793
2022-02-15,25.34,25.52,25.69,25.34,26183
2022-02-16,25.52,25.57,25.7,25.48,29229
2022-02-17,25.57,25.61,25.85,25.56,29947
2022-02-18,25.62,25.58,25.9251,25.48,21545
2022-02-22,25.47,25.6518,25.756,25.45,14956
2022-02-23,25.58,25.45,25.597,25.42,17334
2022-02-24,25.3,25.5,25.597,25.25,10430
2022-02-25,25.48,25.47,25.8509,25.4,9201
2022-02-28,25.46,25.36,25.64,25.36,19602
2022-03-01,25.45,25.43,25.64,25.39,32190
2022-03-02,25.48,25.71,25.74,25.48,18825
2022-03-03,25.64,25.77,25.98,25.6301,46293
2022-03-04,25.68,25.49,25.6804,25.46,3718
2022-03-07,25.63,25.58,25.63,25.3711,27345
2022-03-08,25.47,25.46,25.68,25.4463,5264
2022-03-09,25.55,25.71,25.79,25.5013,4721
2022-03-10,25.68,25.5,25.761,25.5,21363
2022-03-11,25.5,25.51,25.66,25.48,10640
2022-03-14,25.49,25.31,25.49,25.3,15446
2022-03-15,25.35,25.31,25.5378,25.3,14825
2022-03-16,25.4,25.39,25.56,25.36,9010
2022-03-17,25.42,25.59,25.81,25.42,3495
2022-03-18,25.52,25.57,25.69,25.52,10507
2022-03-21,25.57,25.4,25.7036,25.4,6502
2022-03-22,25.44,25.5,25.55,25.41,9927
2022-03-23,25.52,25.49,25.56,25.37,15140
2022-03-24,25.5,25.6,25.625,25.3915,18622
2022-03-25,25.56,25.45,25.56,25.41,15569
2022-03-28,25.45,25.54,25.6482,25.4203,10641
2022-03-29,25.58,25.9,25.93,25.53,10869
2022-03-30,25.76,25.75,26.25,25.6886,13318
2022-03-31,25.78,25.88,25.95,25.66,12199
2022-04-01,25.92,25.65,25.99,25.62,9616
2022-04-04,25.69,25.7,25.885,25.68,4428
2022-04-05,25.58,25.38,25.645,25.38,24726
2022-04-06,25.41,25.55,25.58,25.2908,16228
2022-04-07,25.43,25.6713,25.7648,25.418,10043
2022-04-08,25.58,25.52,25.625,25.3846,10587
2022-04-11,25.5,25.33,25.5,25.33,8167
2022-04-12,25.43,25.25,25.51,25.12,10676
2022-04-13,25.3,25.25,25.411,25.25,7779
2022-04-14,25.25,25.08,25.25,25.03,11897
2022-04-18,25.1,24.81,25.13,24.76,28384
2022-04-19,24.82,24.97,25.3,24.8,22025
2022-04-20,25.0,25.155,25.29,25.0,13235
2022-04-21,25.2,24.8645,25.28,24.83,32186
2022-04-22,24.83,24.7,25.03,24.53,27285
2022-04-25,24.7,24.5,24.7,24.36,20797
2022-04-26,24.56,24.42,24.59,24.4,48444
2022-04-27,24.45,23.31625,24.5,23.63,92276
2022-04-28,23.56,23.99,24.0,23.36,46411
2022-04-29,23.99,24.05,24.05,23.63,41456
2022-05-02,24.0,23.23,24.0481,23.15,38044
2022-05-03,23.4,23.52,23.74,23.22,24650
2022-05-04,23.37,23.66,23.7162,23.11,61388
2022-05-05,23.38,23.18,23.38,23.05,15551
2022-05-06,23.1,23.25,23.39,23.02,17549
2022-05-09,23.25,23.05,23.25,23.035,27204
2022-05-10,23.2,23.18,23.5574,23.081,25963
2022-05-11,23.13,23.14,23.2686,22.97,37585
2022-05-12,23.16,23.19,23.345,23.0143,35720
2022-05-13,23.35,23.48,23.6,23.2708,10925
2022-05-16,23.54,23.405,23.55,23.3,12256
2022-05-17,23.46,23.25,23.5784,23.25,35647
2022-05-18,23.3,23.47,23.55,23.3,32189
2022-05-19,23.5,23.47,23.55,23.3,24466
2022-05-20,23.47,23.5,23.74,23.38,35903
2022-05-23,23.54,23.45,23.84,23.36,25027
2022-05-24,23.44,23.75,23.96,23.41,13533
2022-05-25,23.75,24.84,24.86,23.75,22478
2022-05-26,24.81,25.57,25.57,24.81,25145
2022-05-27,25.54,25.35,25.69,25.34,22630
2022-05-31,25.31,25.08,25.31,24.7,46627
2022-06-01,25.09,25.02,25.11,25.0,10953
2022-06-02,24.85,24.86,24.9382,24.76,8592
2022-06-03,24.76,24.79,24.95,24.7,17216
2022-06-06,24.86,24.85,25.33,24.7734,5260
2022-06-07,24.78,25.075,25.33,24.78,4149
2022-06-08,25.08,24.95,25.08,24.9,9592
2022-06-09,24.88,25.1,25.335,24.85,10769
2022-06-10,24.95,24.63,24.98,24.31,53238
2022-06-13,24.34,23.475,24.34,23.42,29124
2022-06-14,23.55,23.3,23.55,23.224,18498
2022-06-15,23.3,23.4,23.59,23.285,32993
2022-06-16,23.35,23.38,23.675,23.1686,20401
2022-06-17,23.36,23.34,23.91,23.21,19577
2022-06-21,23.76,23.59,23.98,23.33,16162
2022-06-22,23.58,23.57,23.874,23.57,7832
2022-06-23,23.66,23.99,24.0,23.66,8534
2022-06-24,23.94,24.15,24.18,23.765,13177
2022-06-27,24.17,24.18,24.18,23.8,10026
2022-06-28,24.18,24.12,24.18,23.97,7436
2022-06-29,24.19,24.3,24.4,24.06,11911
2022-06-30,24.3,24.02,24.54,23.87,16205
2022-07-01,24.14,24.42,24.42,24.0496,7251
2022-07-05,24.35,24.53,24.61,24.26,4348
2022-07-06,24.56,24.49,24.6199,24.28,7330
2022-07-07,24.56,24.28,24.56,24.28,3961
2022-07-08,24.17,24.69,24.72,24.07,8360
2022-07-11,24.67,24.8228,24.9571,24.65,6009
2022-07-12,24.93,25.08,25.1617,24.752,10172
2022-07-13,24.89,24.8,25.0,24.7,27833
2022-07-14,24.86,24.9,25.0,24.5758,7220
2022-07-15,24.9,24.9894,25.0656,24.9,2219
2022-07-18,25.0,24.9,25.05,24.76,5130
2022-07-19,25.0,24.975,25.01,24.93,5772
2022-07-20,25.0,25.077,25.077,24.97,4226
2022-07-21,25.06,25.2823,25.3,25.06,6650
2022-07-22,25.24,25.1,25.24,25.04,9184
2022-07-25,25.02,25.255,25.3038,25.02,4206
2022-07-26,25.255,25.15,25.2895,25.15,6528
2022-07-27,25.31,25.21,25.36,25.21,1503
2022-07-28,25.28,25.06075,25.45,25.28,12285
2022-07-29,25.28,25.6,25.73,25.11,28248
2022-08-01,25.45,25.14,25.5263,25.1,36474
2022-08-02,25.11,25.14,25.21,25.04,54503
2022-08-03,25.14,25.21,25.21,25.08,29701
2022-08-04,25.14,25.22,25.3,25.01,29937
2022-08-05,25.2,25.0926,25.2,25.052,5833
2022-08-08,25.07,25.1025,25.29,25.07,12455
2022-08-09,25.15,24.81,25.15,24.53,26250
2022-08-10,24.96,24.93,25.3399,24.61,14475
2022-08-11,24.93,24.84,25.28,24.7,10277
2022-08-12,24.935,24.8993,25.04,24.87,3848
2022-08-15,24.88,25.015,25.05,24.8655,11286
2022-08-16,25.0,24.9899,25.05,24.915,10560
2022-08-17,24.88,24.92,25.0283,24.8212,25646
2022-08-18,24.9,24.92,25.0199,24.6943,7071
2022-08-19,24.78,24.79,24.87,24.77,6313
2022-08-22,24.72,24.72,24.8599,24.65,10375
2022-08-23,24.65,24.17,24.72,23.56,31986
2022-08-24,24.22,24.04,24.3157,23.9,19653
2022-08-25,24.05,24.58,24.58,24.05,11058
2022-08-26,24.46,24.67,24.7581,24.2835,18270
2022-08-29,24.54,24.7,24.85,24.54,12431
2022-08-30,24.67,24.62,24.78,24.51,10246
2022-08-31,24.63,24.33,24.7,24.33,14545
2022-09-01,24.28,24.42,24.5953,24.1837,4225
2022-09-02,24.42,24.5,24.79,24.42,16084
2022-09-06,24.46,24.22,24.6409,24.21,35558
2022-09-07,24.4,24.23,24.79,24.12,18731
2022-09-08,24.25,23.62,24.5159,23.61,21982
2022-09-09,23.68,23.57,23.98,23.57,14827
2022-09-12,23.72,23.93,24.2358,23.72,10718
2022-09-13,23.58,23.72,23.97,23.48,10013
2022-09-14,23.75,23.6,24.0393,23.6,32989
2022-09-15,23.67,23.42,23.8,23.42,10921
2022-09-16,23.42,23.32,23.499,23.32,18306
2022-09-19,23.39,23.3,23.4,23.21,19590
2022-09-20,23.29,23.42,23.5,23.15,15656
2022-09-21,23.38,23.4,23.59,23.28,12195
2022-09-22,23.19,23.15,23.33,23.15,15383
2022-09-23,23.26,23.11,23.3316,22.97,29077
2022-09-26,23.11,22.49,23.4742,22.36,32155
2022-09-27,22.58,22.4,22.861,22.25,23690
2022-09-28,22.47,22.71,23.0805,22.405,34601
2022-09-29,22.79,22.0,22.79,21.64,93902
2022-09-30,22.09,22.15,22.5753,21.56,177079
2022-10-03,22.3,22.69,22.85,22.2,18279
2022-10-04,22.79,23.13,23.2427,22.73,23652
2022-10-05,22.99,22.98,23.0,22.74,19533
2022-10-06,23.03,23.21,23.32,23.03,15244
2022-10-07,23.09,23.13,23.2395,22.94,11215
2022-10-10,23.18,22.82,23.18,22.7,23010
2022-10-11,22.89,23.06,23.22,22.675,22299
2022-10-12,23.0,22.99,23.1,22.76,14664
2022-10-13,22.72,22.89,23.1986,22.72,9966
2022-10-14,22.97,22.86,23.12,22.8101,13439
2022-10-17,22.86,22.93,23.2109,22.7403,11014
2022-10-18,22.95,22.78,23.174,22.75,15997
2022-10-19,22.84,22.84,22.84,22.47,15159
2022-10-20,22.69,22.3,23.1468,22.15,13938
2022-10-21,22.35,22.9433,23.05,22.15,17057
2022-10-24,22.83,22.8,23.096,22.43,19756
2022-10-25,22.89,22.6927,23.162,22.6501,10297
2022-10-26,22.79,22.85,23.34,22.69,7963
2022-10-27,22.85,22.47,22.915,22.41,33791
2022-10-28,22.56,22.58625,22.99,22.49,22735
2022-10-31,22.68,22.85,22.9499,22.58,12675
2022-11-01,22.97,22.43,22.97,22.41,22002
2022-11-02,22.52,22.36,22.755,22.0,22381
2022-11-03,22.16,22.33,22.665,22.09,14411
2022-11-04,22.4,22.41,22.86,22.09,14978
2022-11-07,22.59,22.55,22.85,22.15,21095
2022-11-08,22.66,22.83,22.9474,22.45,34701
2022-11-09,22.78,22.81,22.99,22.39,16170
2022-11-10,23.0,23.52,23.58,22.916,35129
2022-11-11,23.49,23.435,23.83,23.3405,24075
2022-11-14,23.36,23.0,23.65,22.56,37124
2022-11-15,23.17,23.45,24.0249,22.835,34630
2022-11-16,23.58,23.9,24.2817,23.34,25365
2022-11-17,23.75,23.73,24.44,23.42,8612
2022-11-18,23.86,23.5,23.92,23.3901,11895
2022-11-21,23.71,23.47,23.71,23.2,18462
2022-11-22,23.54,23.3,23.54,23.22,23071
2022-11-23,23.41,23.75,23.85,23.3,13330
2022-11-25,23.8,23.9,23.9,23.4,6353
2022-11-28,23.94,23.42,23.94,23.42,16467
2022-11-29,23.53,23.58,23.65,23.3,80602
2022-11-30,23.64,23.62,23.81,23.51,88833
2022-12-01,23.75,23.51,23.75,23.5,43539
2022-12-02,23.48,23.58,23.66,23.3439,46414
2022-12-05,23.57,23.07,23.57,23.07,32601
2022-12-06,23.06,23.07,23.4495,22.705,22641
2022-12-07,23.08,23.26,23.38,23.08,24035
2022-12-08,23.32,23.32,23.4356,23.2,30934
2022-12-09,23.16,23.29,23.5382,23.1,31970
2022-12-12,23.31,23.24,23.525,23.17,22666
2022-12-13,23.5,23.7,23.9172,23.444,31446
2022-12-14,23.68,23.65,23.7,23.3,37514
2022-12-15,23.65,23.76,24.268,23.55,64850
2022-12-16,23.65,23.68,24.07,23.2,52615
2022-12-19,23.57,23.67,23.75,23.438,64290
2022-12-20,23.67,23.65,23.72,23.5,17294
2022-12-21,23.65,23.64,23.75,23.2681,31654
2022-12-22,23.61,23.65,23.74,23.4842,44508
2022-12-23,23.68,23.68,23.73,23.5,53558
2022-12-27,23.63,23.61,23.68,23.3291,18329
2022-12-28,23.65,23.65,23.95,23.51,45219
2022-12-29,23.65,23.7,23.74,23.4821,85969
2022-12-30,23.74,24.08,24.61,23.54,235878
2023-01-03,24.19,24.09,24.19,24.01,14014
2023-01-04,24.22,24.2,24.3,24.01,23649
2023-01-05,24.03,24.08,24.16,23.88,21258
2023-01-06,24.19,24.17,24.3,24.04,67408
2023-01-09,24.23,24.09,24.3,23.935,14899
2023-01-10,24.09,24.12,24.175,23.8501,16984
2023-01-11,24.12,24.17,24.24,23.87,10226
2023-01-12,24.24,24.14,24.25,24.0104,13711
2023-01-13,24.14,24.17,24.3,24.14,35040
2023-01-17,24.33,24.19,24.33,24.11,21429
2023-01-18,24.25,24.16,24.35,24.11,26745
2023-01-19,24.18,24.15,24.25,24.12,23674
2023-01-20,24.2,24.12,24.22,24.1,85950
2023-01-23,24.19,24.17,24.24,24.15,23712
2023-01-24,24.15,24.17,24.25,24.15,27281
2023-01-25,24.11,24.18,24.25,24.075,48330
2023-01-26,24.16,24.13,24.23,24.13,35304
2023-01-27,24.05,24.15,24.22,24.05,116261
2023-01-30,24.13,23.83625,24.22,24.13,43111
2023-01-31,24.05,24.03,24.09,23.81,66317
2023-02-01,24.03,24.05,24.1,23.83,24599
2023-02-02,24.03,24.06,24.15,23.95,33898
2023-02-03,23.85,24.03,24.12,23.85,105541
2023-02-06,23.92,23.98,24.11,23.78,13735
2023-02-07,23.98,24.05,24.3,23.95,38058
2023-02-08,24.11,24.05,24.12,23.98,20614
2023-02-09,24.12,24.04,24.14,24.0,25535
2023-02-10,24.05,24.05,24.11,23.94,66477
2023-02-13,24.08,24.05,24.11,24.012,18155
2023-02-14,24.1,24.03,24.13,24.0,22070
2023-02-15,24.04,24.02,24.06,23.96,14073
2023-02-16,24.0,23.97,24.0,23.91,16571
2023-02-17,23.97,24.04,24.1,23.8435,63740
2023-02-21,23.94,23.53,23.94,23.45,13657
2023-02-22,23.61,23.52,23.6999,23.46,27348
2023-02-23,23.54,23.59,23.7,23.5028,42563
2023-02-24,23.51,23.52,23.61,23.45,56967
2023-02-27,23.59,23.49,23.66,23.48,21528
2023-02-28,23.56,23.55,23.6,23.46,55768
2023-03-01,23.57,23.53,23.57,23.3,13789
2023-03-02,23.48,23.53,23.56,23.1537,18320
2023-03-03,23.58,23.52,23.59,23.48,37606
2023-03-06,23.56,23.56,23.61,23.5308,26217
2023-03-07,23.57,23.56,23.6,23.31,17639
2023-03-08,23.56,23.51,23.62,23.5,18591
2023-03-09,23.58,23.26,23.58,23.04,14358
2023-03-10,23.38,23.35,23.4199,23.15,44634
2023-03-13,23.35,23.22,23.4,23.0,18662
2023-03-14,23.4,23.3161,23.47,23.11,26327
2023-03-15,23.35,23.35,23.4,23.03,42531
2023-03-16,23.37,23.42,23.5,23.2507,37238
2023-03-17,23.42,23.212,23.42,23.0443,53500
2023-03-20,23.28,23.08,23.3475,23.08,8292
2023-03-21,23.12,23.34,23.375,23.12,16875
2023-03-22,23.35,23.34,23.5,23.212,46825
2023-03-23,23.36,23.3,23.42,23.23,36164
2023-03-24,23.32,23.3,23.35,23.26,53440
2023-03-27,23.36,23.37,23.4899,23.315,38310
2023-03-28,23.4,23.35,23.4,23.3,15870
2023-03-29,23.43,23.33,23.43,23.3,35142
2023-03-30,23.36,23.39,23.45,23.33,215426
2023-03-31,23.46,23.38,23.53,23.33,158707
2023-04-03,23.39,23.39,23.47,23.3,49293
2023-04-04,23.5,23.38,23.5,23.34,26954
2023-04-05,23.44,23.36,23.45,23.28,27384
2023-04-06,23.41,23.45,23.54,23.348,160749
2023-04-10,23.45,23.41,23.52,23.3387,40454
2023-04-11,23.41,23.4,23.45,23.36,79763
2023-04-12,23.41,23.4,23.45,23.364,22759
2023-04-13,23.43,23.79,23.88,23.4,377372
2023-04-14,23.78,23.79,23.79,23.6001,18246
2023-04-17,23.82,23.83,23.95,23.7299,24589
2023-04-18,23.86,24.06,24.2,23.8468,33464
2023-04-19,24.1,24.61,24.61,23.9416,18222
2023-04-20,24.46,24.48,24.5,24.1713,21569
2023-04-21,24.48,24.6399,24.66,24.47,9706
2023-04-24,24.63,24.7,24.7,24.6,15466
2023-04-25,24.7,24.6499,24.7,24.45,15389
2023-04-26,24.64,24.62,24.77,24.44,30423
2023-04-27,24.71,24.51625,24.88,24.7,14981
2023-04-28,24.54,25.02,25.13,24.54,86274
2023-05-01,24.92,24.89,24.97,24.83,26822
2023-05-02,24.81,24.85,24.86,24.58,30681
2023-05-03,24.82,24.63,24.9,24.52,39960
2023-05-04,24.59,24.3159,24.69,24.3159,22828
2023-05-05,24.42,24.51,24.6951,24.33,5110
2023-05-08,24.51,24.5,24.97,24.4,6441
2023-05-09,24.5,24.38,24.5,24.2,11166
2023-05-10,24.43,24.45,24.5,24.42,8251
2023-05-11,24.45,24.3,24.45,24.23,22565
2023-05-12,24.29,24.45,24.51,24.29,4472
2023-05-15,24.53,24.66,24.8,24.4901,11112
2023-05-16,24.56,24.54,24.69,24.5,11708
2023-05-17,24.6,24.48,24.64,24.39,44365
2023-05-18,24.33,24.3,24.43,24.2401,10831
2023-05-19,24.3,24.105,24.3,24.05,20991
2023-05-22,24.06,24.115,24.2,24.04,11364
2023-05-23,24.04,24.01,24.19,23.96,10585
2023-05-24,24.01,24.03,24.15,23.95,16259
2023-05-25,24.03,24.08,24.15,23.93,8796
2023-05-26,24.01,24.02,24.06,23.83,12695
2023-05-30,24.1,23.9,24.1,23.9,13369
2023-05-31,23.92,24.1,24.3,23.92,54633
2023-06-01,24.1,24.04,24.19,23.96,30676
2023-06-02,24.14,24.3,24.32,24.033,45831
2023-06-05,24.3,24.3,24.46,24.11,21234
2023-06-06,24.54,24.59,24.725,24.48,14866
2023-06-07,24.59,24.5799,24.65,24.44,12108
2023-06-08,24.57,24.6899,24.69,24.5243,6970
2023-06-09,24.7,24.8,24.99,24.65,21604
2023-06-12,24.8,24.62,24.8722,24.62,10332
2023-06-13,24.6,24.78,24.8499,24.6,7388
2023-06-14,24.78,24.43,24.78,24.43,11774
2023-06-15,24.5,24.56,24.58,24.5,5883
2023-06-16,24.5,24.4,24.74,24.4,6073
2023-06-20,24.4,24.3712,24.4,24.0301,7827
2023-06-21,24.2,24.12,24.24,24.07,4995
2023-06-22,24.29,24.21,24.3467,24.0663,7180
2023-06-23,24.26,24.27,24.3,24.2,8871
2023-06-26,24.37,24.4,24.46,24.2201,3549
2023-06-27,24.4,24.11,24.429,24.11,19492
2023-06-28,24.2,24.3,24.32,24.2,4127
2023-06-29,24.33,24.2,24.3899,24.16,9593
2023-06-30,24.31,24.24,24.5,24.24,138670
2023-07-03,24.31,24.44,24.61,24.31,6754
2023-07-05,24.49,24.4,24.56,24.26,14412
2023-07-06,24.26,24.4,24.4077,24.02,12621
2023-07-07,24.3,24.45,24.7,24.26,36256
2023-07-10,24.45,24.35,24.45,24.2997,9932
2023-07-11,24.35,24.36,24.37,24.31,17534
2023-07-12,24.36,24.36,24.661,24.3496,20016
2023-07-13,24.44,24.38,24.57,24.3022,13921
2023-07-14,24.38,24.28,24.4905,24.1554,14646
2023-07-17,24.29,24.36,24.46,24.26,18711
2023-07-18,24.39,24.35,24.4399,24.35,22049
2023-07-19,24.4,24.37,24.4,24.35,17446
2023-07-20,24.4,24.32,24.4,24.26,40375
2023-07-21,24.41,24.3176,24.4299,24.2515,8768
2023-07-24,24.35,24.37,24.37,24.25,16205
2023-07-25,24.37,24.38,24.45,24.2642,28152
2023-07-26,24.38,24.44,24.44,24.35,16041
2023-07-27,24.46,24.38,24.46,24.37,28607
2023-07-28,24.35,24.02625,24.478,24.2403,16760
2023-07-31,24.15,24.01,24.2446,24.01,12628
2023-08-01,24.1,23.81,24.115,23.71,14992
2023-08-02,23.81,23.8887,24.0599,23.73,5075
2023-08-03,23.87,23.76,23.87,23.7017,5466
2023-08-04,23.9,23.92,23.925,23.76,9722
2023-08-07,23.99,24.18,24.21,23.8409,21361
2023-08-08,24.18,24.25,24.26,24.05,18186
2023-08-09,24.26,24.31,24.31,24.146,3905
2023-08-10,24.31,24.36,24.5087,24.31,33319
2023-08-11,24.29,24.255,24.33,24.195,5106
2023-08-14,24.2,24.25,24.33,24.1801,23921
2023-08-15,24.27,23.86,24.27,23.86,21869
2023-08-16,23.94,23.4,23.94,23.4,40526
2023-08-17,23.4,23.57,23.5799,23.27,8472
2023-08-18,23.57,23.35,23.57,23.3,17668
2023-08-21,23.28,23.24,23.3317,23.119,6322
2023-08-22,23.38,23.39,23.41,23.2,17592
2023-08-23,23.44,23.64,23.65,23.39,13146
2023-08-24,23.7,23.67,23.7,23.46,12323
2023-08-25,23.72,23.7,23.72,23.3395,12923
2023-08-28,23.72,23.86,23.88,23.72,10128
2023-08-29,23.76,24.1,24.13,23.76,18437
2023-08-30,24.12,23.98,24.2089,23.84,15113
2023-08-31,23.89,24.2,24.25,23.85,52303
2023-09-01,24.13,24.19,24.2399,24.03,5182
2023-09-05,24.15,24.05,24.16,23.93,11985
2023-09-06,24.07,23.96,24.18,23.93,15801
2023-09-07,23.93,23.94,24.13,23.83,11356
2023-09-08,23.9,24.05,24.08,23.9,7529
2023-09-11,24.06,24.07,24.09,24.04,7179
2023-09-12,24.07,23.9149,24.07,23.895,9835
2023-09-13,23.93,24.1,24.1,23.9201,6346
2023-09-14,23.97,24.22,24.27,23.95,14629
2023-09-15,24.12,24.18,24.1894,24.05,9462
2023-09-18,24.1,24.3399,24.3399,24.0503,11583
2023-09-19,24.16,24.23,24.3299,24.1209,10318
2023-09-20,24.25,24.07,24.3099,24.0,14182
2023-09-21,23.95,23.62,24.0999,23.58,15839
2023-09-22,23.66,23.54,23.9233,23.51,12189
2023-09-25,23.41,23.4999,23.4999,23.33,11435
2023-09-26,23.5,23.51,23.73,23.4101,48954
2023-09-27,23.49,23.652,23.95,23.3701,36409
2023-09-28,23.55,23.64,23.7536,23.55,14110
2023-09-29,23.89,23.27,23.97,23.26,72400
2023-10-02,23.39,22.9461,23.39,22.88,8303
2023-10-03,22.94,22.15,22.94,22.05,10813
2023-10-04,22.24,22.29,22.5853,22.23,12419
2023-10-05,22.34,22.18,22.34,22.1668,12317
2023-10-06,22.12,22.36,22.47,22.05,14960
2023-10-09,22.42,22.6499,22.6583,22.1879,16543
2023-10-10,22.64,22.37,22.7493,22.33,28410
2023-10-11,22.49,22.37,22.5985,22.28,15945
2023-10-12,22.33,22.17,22.3467,22.05,6482
2023-10-13,22.21,22.15,22.4,21.89,14020
2023-10-16,22.1,22.07,22.2799,21.98,17642
2023-10-17,21.97,21.92,22.2945,21.8,17059
2023-10-18,22.01,21.95,22.01,21.8,9167
2023-10-19,22.03,21.75,22.4955,21.75,14853
2023-10-20,21.87,22.15,22.22,21.64,5979
2023-10-23,22.14,22.08,22.24,21.9,11014
2023-10-24,22.02,22.27,22.33,21.9108,10149
2023-10-25,22.22,22.095,22.4058,21.81,19835
2023-10-26,22.2,22.04,22.2,21.8401,6093
2023-10-27,22.1,22.16,22.34,21.83,8025
2023-10-30,22.03,21.80625,22.24,22.03,3726
2023-10-31,21.85,22.6,22.98,21.85,63089
2023-11-01,22.51,22.79,23.085,22.4999,39191
2023-11-02,22.98,22.98,23.15,22.9,49617
2023-11-03,22.98,23.06,23.24,22.98,16828
2023-11-06,23.035,23.13,23.19,22.8696,6843
2023-11-07,23.16,23.06,23.2279,23.06,5150
2023-11-08,23.085,23.17,23.35,23.085,10979
2023-11-09,23.2,22.75,23.2,22.6349,8795
2023-11-10,22.9,23.0303,23.1372,22.65,5911
2023-11-13,23.08,23.11,23.15,22.77,6470
2023-11-14,23.28,23.3001,23.8799,23.28,14925
2023-11-15,23.43,23.3218,23.6599,23.2541,7529
2023-11-16,23.45,23.4475,23.48,23.32,4223
2023-11-17,23.49,23.5,23.5699,23.37,4865
2023-11-20,23.55,23.3872,23.689,23.35,14442
2023-11-21,23.51,23.46,23.62,23.35,5664
2023-11-22,23.49,23.03,23.49,22.99,13593
2023-11-24,23.23,23.145,23.23,23.07,3939
2023-11-27,23.25,23.33,23.3621,23.09,2824
2023-11-28,23.3,23.45,23.45,23.165,17861
2023-11-29,23.5,23.5301,23.615,23.389,12219
2023-11-30,23.55,23.51,23.7989,23.51,21211
2023-12-01,23.51,23.7621,23.82,23.51,9416
2023-12-04,23.7,23.3,23.7,23.29,33566
2023-12-05,23.31,23.46,23.5699,23.31,19265
2023-12-06,23.58,23.68,23.68,23.5006,20353
2023-12-07,23.67,23.81,23.84,23.615,16262
2023-12-08,23.8,23.72,23.99,23.54,19286
2023-12-11,23.79,23.742,23.79,23.6001,36081
2023-12-12,23.87,23.93,23.9799,23.6801,22320
2023-12-13,24.01,24.43,24.4726,23.95,15781
2023-12-14,24.38,24.52,24.94,24.3372,16418
2023-12-15,24.45,24.5429,24.75,24.45,12839
2023-12-18,24.6,24.26,24.6768,24.26,9688
2023-12-19,24.26,24.46,24.538,24.26,12465
2023-12-20,24.46,24.73,24.74,24.4007,13684
2023-12-21,24.75,24.69,24.75,24.51,16715
2023-12-22,24.75,24.8097,24.82,24.6771,13025
2023-12-26,24.75,24.8,24.89,24.7311,8979
2023-12-27,24.85,24.95,25.0,24.8,17926
2023-12-28,25.04,25.07,25.17,24.81,26106
2023-12-29,25.09,25.16,25.22,24.9,60074
2024-01-02,25.03,25.0901,25.13,25.01,9756
2024-01-03,25.01,25.05,25.19,24.8701,10945
2024-01-04,25.0,25.01,25.15,24.94,381639
2024-01-05,24.98,24.99,25.11,24.895,14068
2024-01-08,24.94,24.97,24.97,24.8401,5605
2024-01-09,24.91,25.0,25.0999,24.91,3498
2024-01-10,25.0,24.98,25.0882,24.98,7249
2024-01-11,24.91,24.98,25.0585,24.91,8077
2024-01-12,25.1,24.9672,25.1,24.91,5155
2024-01-16,24.98,24.95,24.98,24.93,8348
2024-01-17,24.88,24.81,24.8972,24.81,25255
2024-01-18,24.84,24.72,24.885,24.72,15220
2024-01-19,24.83,24.7,24.91,24.66,11459
2024-01-22,24.89,25.055,25.09,24.86,6293
2024-01-23,24.97,25.04,25.071,24.97,5791
2024-01-24,25.1,24.9301,25.1,24.9177,7925
2024-01-25,24.95,25.08,25.08,24.94,14364
2024-01-26,24.96,25.0698,25.08,24.94,4537
2024-01-29,25.07,25.11,25.18,25.05,19971
2024-01-30,25.08,24.83625,25.2,25.08,6834
2024-01-31,24.93,24.75,24.96,24.66,7662
2024-02-01,24.76,24.91,25.0,24.7,8474
2024-02-02,24.85,24.91,24.947,24.85,8603
2024-02-05,24.78,24.72,24.8739,24.65,16721
2024-02-06,24.83,24.7184,24.83,24.62,13317
2024-02-07,24.8,24.8354,24.85,24.7,9421
2024-02-08,24.84,24.9,24.9,24.77,6867
2024-02-09,24.8,24.87,24.9034,24.74,20225
2024-02-12,24.92,25.0,25.0,24.881,10594
2024-02-13,24.83,24.738,24.892,24.738,12991
2024-02-14,24.73,24.76,24.94,24.7101,17172
2024-02-15,24.91,24.965,24.99,24.7576,11222
2024-02-16,24.9,24.96,24.96,24.7998,7382
2024-02-20,24.95,24.92,24.9788,24.79,8168
2024-02-21,25.0,24.99,25.0,24.89,24122
2024-02-22,25.0,24.95,25.0,24.912,2973
2024-02-23,25.0,25.1,25.1,24.92,21668
2024-02-26,25.0,25.03,25.04,24.99,7499
2024-02-27,24.95,25.0,25.0,24.93,4207
2024-02-28,24.94,24.89,24.94,24.83,2901
2024-02-29,24.85,25.3,25.35,24.83,102414
2024-03-01,25.21,25.26,25.32,25.08,16832
2024-03-04,25.21,25.21,25.222,25.17,8948
2024-03-05,25.21,25.18,25.21,25.135,16385
2024-03-06,25.215,25.34,25.34,25.1,21593
2024-03-07,25.36,25.3,25.369,25.23,9761
2024-03-08,25.3,25.35,25.37,25.2901,8966
2024-03-11,25.34,25.2,25.34,25.19,21138
2024-03-12,25.24,24.92,25.24,24.92,25992
2024-03-13,24.92,25.0,25.07,24.92,8604
2024-03-14,24.95,24.95,25.08,24.86,8484
2024-03-15,24.9974,24.98,25.0403,24.87,6739
2024-03-18,25.04,24.7,25.04,24.66,34390
2024-03-19,24.7,24.8,24.8591,24.69,14309
2024-03-20,24.84,24.96,24.96,24.796,13290
2024-03-21,25.1199,25.12,25.12,25.02,9133
2024-03-22,25.12,25.05,25.15,24.94,12204
2024-03-25,25.1,25.08,25.13,24.8814,15042
2024-03-26,25.08,25.15,25.15,25.05,4310
2024-03-27,25.12,25.14,25.15,25.0516,5136
2024-03-28,25.16,24.8,25.21,24.8,122543
2024-04-01,24.87,24.96,25.06,24.8068,12725
2024-04-02,24.83,24.69,24.8399,24.69,9601
2024-04-03,24.65,25.04,25.08,24.62,20917
2024-04-04,25.11,25.0285,25.15,25.0285,6647
2024-04-05,25.03,25.18,25.2,25.03,4064
2024-04-08,25.14,25.13,25.21,25.08,10157
2024-04-09,25.08,25.1,25.165,25.06,14807
2024-04-10,24.99,24.9809,24.99,24.64,27553
2024-04-11,24.99,24.88,24.99,24.7601,40473
2024-04-12,24.8,24.82,24.8843,24.7506,5110
2024-04-15,24.7684,24.28,24.77,24.26,19414
2024-04-16,24.27,24.2732,24.4,24.2,13373
2024-04-17,24.4,24.62,24.62,24.386,8560
2024-04-18,24.45,24.4,24.64,24.39,3026
2024-04-19,24.36,24.62,24.76,24.36,12767
2024-04-22,24.75,24.67,24.79,24.56,11435
2024-04-23,24.8076,24.98,24.98,24.7701,4696
2024-04-24,24.93,24.96,25.05,24.79,8960
2024-04-25,24.8,24.6779,24.8668,24.4732,6024
2024-04-26,24.9847,24.84,25.1299,24.71,6612
2024-04-29,24.95,24.60625,25.06,24.95,3244
2024-04-30,24.51,24.6,24.68,24.4,14535
2024-05-01,24.48,24.57,24.58,24.4,11333
2024-05-02,24.64,24.6151,24.73,24.56,13638
2024-05-03,24.6,24.817,24.83,24.6,2473
2024-05-06,24.75,24.95,25.04,24.75,27790
2024-05-07,24.95,24.69,24.95,24.61,20949
2024-05-08,24.66,24.42,24.71,24.33,33857
2024-05-09,24.42,24.25,24.42,24.16,116586
2024-05-10,24.24,24.19,24.27,24.09,7748
2024-05-13,24.28,24.25,24.4197,24.15,13859
2024-05-14,24.25,24.19,24.3699,24.18,11048
2024-05-15,24.31,24.4001,24.4744,24.2813,8913
2024-05-16,24.45,24.39,24.46,24.262,12037
2024-05-17,24.44,24.35,24.44,24.275,3433
2024-05-20,24.37,24.58,24.58,24.2901,10782
2024-05-21,24.4724,24.51,24.5799,24.39,7966
2024-05-22,24.57,24.46,24.6622,24.35,21441
2024-05-23,24.4,24.2,24.497,24.06,11206
2024-05-24,24.27,24.43,24.43,24.0401,10222
2024-05-28,24.33,24.2786,24.38,24.2,5649
2024-05-29,24.17,24.2,24.35,24.05,26863
2024-05-30,24.1784,24.2729,24.3464,24.13,8651
2024-05-31,24.19,24.75,24.75,24.19,69449
2024-06-03,24.68,24.77,24.805,24.61,25199
2024-06-04,24.75,24.73,24.85,24.7,22819
2024-06-05,24.61,24.6025,24.6899,24.448,10197
2024-06-06,24.52,24.67,24.78,24.52,24214
2024-06-07,24.7178,24.7,24.7178,24.61,9349
2024-06-10,24.7,24.5113,24.7,24.51,8916
2024-06-11,24.5492,24.47,24.5544,24.43,9036
2024-06-12,24.69,24.48,24.75,24.44,12419
2024-06-13,24.52,24.72,24.7252,24.455,6352
2024-06-14,24.72,24.7,24.75,24.6318,10951
2024-06-17,24.74,24.64,24.74,24.4,11068
2024-06-18,24.57,24.6211,24.7197,24.57,9491
2024-06-20,24.76,24.53,24.77,24.53,15222
2024-06-21,24.59,24.69,24.69,24.52,5278
2024-06-24,24.56,24.71,24.75,24.56,8442
2024-06-25,24.74,24.71,24.75,24.62,12367
2024-06-26,24.6,24.79,24.79,24.6,26744
2024-06-27,24.73,24.66,24.7649,24.59,19936
2024-06-28,24.61,24.43,24.7628,24.43,17954
2024-07-01,24.43,24.4,24.6463,24.2601,13523
2024-07-02,24.33,24.46,24.6499,24.3184,11732
2024-07-03,24.45,24.5301,24.6604,24.45,11550
2024-07-05,24.5659,24.6203,24.72,24.55,9352
2024-07-08,24.68,24.68,24.72,24.645,23846
2024-07-09,24.58,24.56,24.7,24.56,8442
2024-07-10,24.65,24.54,24.6699,24.46,13026
2024-07-11,24.54,24.66,24.78,24.54,26246
2024-07-12,24.59,24.57,24.79,24.45,45683
2024-07-15,24.49,24.44,24.62,24.42,20823
2024-07-16,24.46,24.37,24.63,24.32,20521
2024-07-17,24.37,24.4111,24.51,24.37,12405
2024-07-18,24.38,24.41,24.5,24.38,19366
2024-07-19,24.45,24.405,24.4595,24.35,4736
2024-07-22,24.49,24.6225,24.64,24.4313,8580
2024-07-23,24.51,24.56,24.6,24.48,7743
2024-07-24,24.5,24.38,24.59,24.33,11296
2024-07-25,24.45,24.48,24.54,24.4117,7574
2024-07-26,24.61,24.64,24.64,24.5,7888
2024-07-29,24.6,24.56,24.7,24.48,8572
2024-07-30,24.48,24.65,24.65,24.48,7187
2024-07-31,24.72,24.20625,24.75,24.47,25959
2024-08-01,24.31,24.28,24.45,24.19,17415
2024-08-02,24.18,24.39,24.43,24.16,28453
2024-08-05,24.25,24.125,24.25,23.864,13043
2024-08-06,24.07,24.35,24.37,24.01,14459
2024-08-07,24.315,24.29,24.404,24.1801,12776
2024-08-08,24.38,24.55,24.55,24.2301,12594
2024-08-09,24.55,24.52,24.55,24.31,6010
2024-08-12,24.39,24.42,24.51,24.37,11388
2024-08-13,24.36,24.35,24.46,24.33,10203
2024-08-14,24.43,24.6,24.6412,24.43,18773
2024-08-15,24.44,24.54,24.54,24.3763,7367
2024-08-16,24.44,24.67,24.68,24.44,7157
2024-08-19,24.7,24.71,24.82,24.65,14509
2024-08-20,24.65,24.8,24.83,24.65,12520
2024-08-21,24.73,24.92,24.94,24.73,11613
2024-08-22,24.84,24.885,24.9299,24.84,4996
2024-08-23,24.77,24.99,25.08,24.77,16835
2024-08-26,25.04,24.99,25.09,24.9716,9403
2024-08-27,24.9,25.07,25.08,24.9,6904
2024-08-28,25.06,25.02,25.08,24.97,6896
2024-08-29,25.01,25.1699,25.19,25.01,12363
2024-08-30,25.11,24.8,25.11,24.61,94360
2024-09-03,24.87,24.64,24.97,24.64,11342
2024-09-04,24.64,24.93,24.99,24.64,13360
2024-09-05,24.85,25.11,25.12,24.85,13843
2024-09-06,25.05,25.1359,25.15,25.0407,33012
2024-09-09,25.11,25.35,25.36,25.11,3999
2024-09-10,25.25,25.32,25.44,25.17,16439
2024-09-11,25.26,25.26,25.35,25.225,5088
2024-09-12,25.26,25.33,25.355,25.26,6963
2024-09-13,25.27,25.33,25.3402,25.27,5807
2024-09-16,25.31,25.41,25.5,25.31,8820
2024-09-17,25.35,25.35,25.47,25.24,9707
2024-09-18,25.27,25.284,25.44,25.23,7835
2024-09-19,25.31,25.29,25.45,25.2501,16905
2024-09-20,25.4298,25.4063,25.4298,25.38,2287
2024-09-23,25.35,25.31,25.3694,25.29,5070
2024-09-24,25.25,25.32,25.34,25.1701,14454
2024-09-25,25.33,25.2,25.33,25.2,11322
2024-09-26,25.2,25.2,25.34,25.2,9831
2024-09-27,25.2,25.18,25.29,25.08,13049
2024-09-30,25.1,24.86,25.21,24.84,19029
2024-10-01,24.94,25.1,25.1,24.8456,12016
2024-10-02,24.95,25.11,25.1699,24.95,12507
2024-10-03,24.98,25.065,25.1157,24.98,9142
2024-10-04,24.97,25.0848,25.18,24.97,8067
2024-10-07,25.0,25.015,25.07,24.91,6822
2024-10-08,24.97,25.225,25.2999,24.9632,7814
2024-10-09,25.22,25.17,25.3,25.05,4482
2024-10-10,25.17,25.23,25.3,25.07,6747
2024-10-11,25.16,25.33,25.33,25.16,4146
2024-10-14,25.33,25.41,25.41,25.16,11430
2024-10-15,25.49,25.4,25.68,25.4,16936
2024-10-16,25.42,25.43,25.705,25.37,11722
2024-10-17,25.32,25.24,25.32,25.0014,5900
2024-10-18,25.18,25.2,25.3099,25.1301,3780
2024-10-21,25.11,25.12,25.2199,24.96,11325
2024-10-22,25.03,25.176,25.25,25.03,8820
2024-10-23,25.08,24.97,25.08,24.85,7403
2024-10-24,24.92,24.95,25.035,24.85,9840
2024-10-25,25.06,24.87,25.06,24.85,7053
2024-10-28,24.89,24.97,25.01,24.8,8534
2024-10-29,24.85,24.85,24.87,24.7374,10212
2024-10-30,24.88,24.965,25.0,24.8701,4892
2024-10-31,25.0,24.46625,25.1,24.78,30511
2024-11-01,24.59,24.38,24.6682,24.31,9345
2024-11-04,24.44,24.52,24.6148,24.41,15312
2024-11-05,24.5174,24.63,24.75,24.42,12715
2024-11-06,24.46,24.39,24.46,24.3131,7997
2024-11-07,24.6921,24.58,24.6921,24.35,11094
2024-11-08,24.409,24.76,24.8499,24.409,10542
2024-11-11,24.68,24.47,24.72,24.4001,4760
2024-11-12,24.47,24.12,24.52,24.12,17568
2024-11-13,24.24,23.98,24.255,23.94,13057
2024-11-14,24.09,23.98,24.09,23.84,7542
2024-11-15,23.94,23.93,23.97,23.85,9363
2024-11-18,23.82,23.9,24.07,23.81,19862
2024-11-19,23.91,23.81,23.91,23.65,20079
2024-11-20,23.79,23.72,23.82,23.65,19518
2024-11-21,23.72,23.91,23.98,23.72,10363
2024-11-22,23.94,24.0,24.0799,23.8701,10911
2024-11-25,24.13,24.07,24.266,24.03,15156
2024-11-26,24.03,24.02,24.15,23.945,13020
2024-11-27,24.05,24.0726,24.18,24.05,22689
2024-11-29,24.07,24.75,24.75,24.0,38909
2024-12-02,24.68,24.54,24.68,24.412,28896
2024-12-03,24.47,24.38,24.5495,24.38,17889
2024-12-04,24.3,24.56,24.56,24.3,16248
2024-12-05,24.41,24.73,24.79,24.41,27151
2024-12-06,24.76,24.65,24.76,24.5111,14164
2024-12-09,24.56,24.51,24.58,24.35,11085
2024-12-10,24.5,24.47,24.61,24.39,19154
2024-12-11,24.41,24.21,24.535,24.2,10520
2024-12-12,24.16,23.87,24.2375,23.86,20455
2024-12-13,23.84,23.66,23.9593,23.66,32791
2024-12-16,23.67,23.59,23.89,23.4,23641
2024-12-17,23.59,23.58,23.7099,23.5,9929
2024-12-18,23.56,23.35,23.69,23.3126,30515
2024-12-19,23.32,23.29,23.32,23.04,21960
2024-12-20,23.32,23.42,23.5235,23.275,10326
2024-12-23,23.41,23.23,23.41,23.21,12476
2024-12-24,23.32,23.1835,23.33,23.1185,9805
2024-12-26,23.05,23.1,23.25,22.9501,17832
2024-12-27,23.05,22.93,23.22,22.9,21331
2024-12-30,22.98,22.68,23.01,22.66,77214
2024-12-31,22.68,22.73,22.9232,22.56,567693
2025-01-02,22.93,23.44,23.44,22.91,104165
2025-01-03,23.49,23.69,23.78,23.418,31467
2025-01-06,23.6,23.61,23.671896,23.5196,36083
2025-01-07,23.57,23.45,23.66,23.39,201652
2025-01-08,23.32,23.26,23.43,23.14,44368
2025-01-10,23.14,23.04,23.26,22.971,16119
2025-01-13,23.11,22.93,23.11,22.8517,10769
2025-01-14,22.94,23.03,23.16,22.94,15711
2025-01-15,23.3,23.53,23.53,23.2295,13898
2025-01-16,23.47,23.6,23.76,23.3308,7623
2025-01-17,23.7,23.7117,23.8599,23.5,20565
2025-01-21,23.76,23.86,23.9999,23.7,22907
2025-01-22,23.86,23.84,24.02,23.83,10279
2025-01-23,23.85,23.6701,23.94,23.62,6904
2025-01-24,23.7,23.81,23.96,23.7,5953
2025-01-27,23.81,24.0,24.0193,23.81,17642
2025-01-28,23.95,23.955,24.0945,23.87,5002
2025-01-29,23.91,23.82,24.03,23.76,15997
2025-01-30,23.98,23.57125,24.01,23.8046,13749
2025-01-31,23.59,23.43,23.7,23.43,11697
2025-02-03,23.4,23.26,23.6582,23.22,8448
2025-02-04,23.23,23.43,23.43,22.75,15823
2025-02-05,23.51,23.57,23.65,23.5,16446
2025-02-06,23.54,23.54,23.6099,23.46,8916
2025-02-07,23.47,23.55,23.5938,23.47,10252
2025-02-10,23.55,23.7,23.79,23.5499,18045
2025-02-11,23.7,23.68,23.79,23.65,17704
2025-02-12,23.56,23.49,23.56,23.4,9781
2025-02-13,23.56,23.58,23.78,23.45,21458
2025-02-14,23.68,23.63,23.7199,23.6208,10930
2025-02-18,23.69,23.61,23.73,23.55,26896
2025-02-19,23.56,23.57,23.65,23.46,35378
2025-02-20,23.57,23.53,23.64,23.48,9642
2025-02-21,23.55,23.43,23.7167,23.43,32150
2025-02-24,23.4761,23.37,23.53,23.35,17696
2025-02-25,23.48,23.56,23.62,23.39,55329
2025-02-26,23.56,23.54,23.64,23.5,11625
2025-02-27,23.57,23.57,23.61,23.43,36887
2025-02-28,23.615,23.5,23.67,23.44,10638
2025-03-03,23.51,23.5929,23.64,23.51,11601
2025-03-04,23.59,23.4,23.59,23.36,22947
2025-03-05,23.47,23.55,23.65,23.41,21476
2025-03-06,23.56,23.67,23.7,23.37,20244
2025-03-07,23.6,23.71,23.74,23.53,10257
2025-03-10,23.55,23.55,23.6999,23.45,10997
2025-03-11,23.48,23.5,23.6399,23.42,12246
2025-03-12,23.5,23.5,23.6,23.32,18372
2025-03-13,23.42,23.55,23.58,23.34,10200
2025-03-14,23.44,23.52,23.68,23.37,22609
2025-03-17,23.49,23.59,23.74,23.49,8965
2025-03-18,23.56,23.5,23.59,23.45,5921
2025-03-19,23.46,23.6252,23.6252,23.46,7571
2025-03-20,23.52,23.59,23.67,23.52,27521
2025-03-21,23.6199,23.63,23.74,23.5382,7881
2025-03-24,23.6,23.7,23.71,23.5464,13339
2025-03-25,23.61,23.77,23.79,23.61,12904
2025-03-26,23.75,23.66,23.76,23.57,17233
2025-03-27,23.6,23.61,23.61,23.5072,6007
2025-03-28,23.7,23.68,23.71,23.54,10684
2025-03-31,23.6,23.78,24.01,23.6,210836
2025-04-01,23.76,23.63,23.8,23.5237,65162
2025-04-02,23.52,23.46,23.65,23.39,7600
2025-04-03,23.04,23.095,23.28,22.94,8841
2025-04-04,23.09,22.83,23.1365,22.6617,34061
2025-04-07,22.65,22.61,22.98,22.4101,19149
2025-04-08,22.67,22.6,22.81,22.55,11732
2025-04-09,22.54,22.99,22.99,22.45,8504
2025-04-10,22.95,22.7,22.95,22.5226,21944
2025-04-11,22.56,22.4876,22.6792,22.38,18971
