2022-07-14,1256.0,1228.1825,1256.0,1227.0,19
2022-07-15,1208.75,1190.985,1224.25,1190.985,168
2022-07-18,1188.75,1156.7825,1188.75,1084.4625,767
2022-07-19,1118.75,1075.845,1145.25,1070.1475,773
2022-07-20,1089.375,1012.0475,1089.375,1006.8875,1550
2022-07-21,1005.75,995.1525,1025.75,988.2525,325
2022-07-22,1004.5,1045.8675,1054.75,1004.5,1343
2022-07-25,1067.0,1067.915,1092.5,1067.0,1092
2022-07-26,1095.0,1104.5,1104.5,1090.3175,201
2022-07-27,1066.0,998.75,1069.7475,990.0,1255
2022-07-28,998.25,986.995,1022.25,980.75,387
2022-07-29,1001.0,975.25,1004.4975,970.0,721
2022-08-01,996.25,955.9675,996.25,930.7475,1045
2022-08-02,982.75,949.425,982.75,927.0,448
2022-08-03,971.5,927.4425,971.5,927.4425,582
2022-08-04,921.25,908.32,932.75,905.0,163
2022-08-05,935.0,921.425,939.25,920.025,157
2022-08-08,1014.2475,993.53,1025.75,970.0,2765
2022-08-09,1031.25,1040.75,1064.025,1018.5,1225
2022-08-10,996.5,968.75,1023.5025,965.75,2891
2022-08-11,967.0,975.74,978.0,929.5,985
2022-08-12,956.5,920.75,956.5,920.75,998
2022-08-15,920.0,902.8675,924.985,900.75,341
2022-08-16,914.0,906.4225,927.0,900.0,356
2022-08-17,939.25,944.5725,956.75,928.75,642
2022-08-18,937.5,918.3225,938.5,910.0025,625
2022-08-19,939.5,972.25,973.75,937.875,1108
2022-08-22,1000.75,1032.25,1034.065,997.75,1019
2022-08-23,1035.5,1025.0,1035.5,1000.0,669
2022-08-24,1031.4425,1034.75,1049.75,1002.5,7119
2022-08-25,1062.5,922.25,1062.5,922.25,3671
2022-08-26,968.0,1078.5,1078.5,968.0,4646
2022-08-29,1098.25,1097.5,1115.75,1068.75,6155
2022-08-30,1096.5,1146.0,1168.5,1094.75,2919
2022-08-31,1167.5,1178.5,1189.75,1140.0,2434
2022-09-01,1264.5,1290.0,1352.0,1250.0,4253
2022-09-02,1270.5,1326.9,1330.0,1269.0,1994
2022-09-06,1314.0,1347.17,1353.75,1310.6375,1005
2022-09-07,1331.5,1314.7275,1353.75,1302.65,954
2022-09-08,1342.5,1286.25,1348.5,1283.2125,1022
2022-09-09,1259.75,1235.4575,1263.5475,1228.5,1390
2022-09-12,1237.0,1224.995,1256.25,1223.25,1185
2022-09-13,1297.25,1370.2025,1371.5,1286.4875,2547
2022-09-14,1353.75,1369.8925,1394.75,1348.5,1462
2022-09-15,1381.0,1394.295,1410.8575,1362.5,2372
2022-09-16,1420.5,1361.75,1435.75,1358.515,2780
2022-09-19,1354.5,1336.5,1357.0675,1327.5,865
2022-09-20,1350.25,1362.5,1375.25,1325.0,1489
2022-09-21,1355.75,1354.25,1368.75,1254.0,6272
2022-09-22,1374.25,1439.75,1455.5,1373.75,3368
2022-09-23,1459.25,1443.75,1480.75,1441.25,1872
2022-09-26,1445.25,1485.535,1488.5,1429.75,1713
2022-09-27,1443.25,1461.625,1481.5,1415.75,624
2022-09-28,1449.5,1416.0,1449.5,1400.0,963
2022-09-29,1454.25,1481.91,1518.75,1446.75,3448
2022-09-30,1508.0,1495.1075,1508.0,1422.5,1252
2022-10-03,1469.75,1442.75,1500.0,1414.25,1507
2022-10-04,1390.75,1346.3525,1390.75,1339.5,1702
2022-10-05,1381.25,1325.5,1412.25,1325.5,1141
2022-10-06,1331.5,1350.5825,1352.0,1286.25,1220
2022-10-07,1423.75,1484.125,1487.715,1413.0,1542
2022-10-10,1483.75,1547.25,1585.0,1478.6325,1973
2022-10-11,1564.0,1561.6325,1608.6925,1518.5,1487
2022-10-12,1552.5,1575.0,1600.375,1543.75,866
2022-10-13,1669.0,1500.5,1693.0,1485.6,2860
2022-10-14,1480.0,1609.5,1614.75,1479.75,1949
2022-10-17,1560.0,1494.25,1560.0,1485.75,1145
2022-10-18,1418.25,1485.47,1529.0,1407.75,1042
2022-10-19,1494.0,1469.7975,1500.0,1427.5,863
2022-10-20,1451.5,1445.915,1454.0725,1362.945,1210
2022-10-21,1459.0,1406.0,1490.3425,1404.25,974
2022-10-24,1399.4975,1386.25,1462.0,1375.76,1220
2022-10-25,1356.5,1292.75,1366.25,1292.75,1076
2022-10-26,1347.75,1340.5,1357.25,1281.0,1580
2022-10-27,1243.0,1304.5,1307.25,1223.4025,1502
2022-10-28,1313.75,1224.5,1313.75,1222.25,1105
2022-10-31,1227.5,1259.75,1282.75,1224.5,2187
2022-11-01,1224.0,1255.5,1256.5,1218.0,667
2022-11-02,1225.75,1293.5,1293.75,1180.5,2932
2022-11-03,1316.25,1267.75,1325.75,1229.0,1341
2022-11-04,1200.0,1184.5,1236.0,1176.125,1633
2022-11-07,1171.75,1169.92,1200.75,1157.75,801
2022-11-08,1114.75,1135.25,1173.0,1109.0,1230
2022-11-09,1179.5,1216.58,1230.0,1179.2325,1540
2022-11-10,1100.0,1001.0,1128.25,1001.0,4547
2022-11-11,996.5,955.5,1021.75,952.5,2903
2022-11-14,962.0,952.0,982.0,940.0,2756
2022-11-15,924.75,930.7275,948.5,908.0,2266
2022-11-16,969.5,992.75,992.75,955.05,5209
2022-11-17,1000.75,1000.75,1011.0,958.25,5285
2022-11-18,994.25,1023.9225,1043.725,990.025,1845
2022-11-21,1049.53,1029.25,1049.975,1018.025,1421
2022-11-22,1020.5,972.5,1045.0,969.25,1726
2022-11-23,967.25,934.8225,968.5,934.0,2099
2022-11-25,948.75,950.615,957.5,938.0,633
2022-11-28,967.225,984.47,991.0,951.75,1766
2022-11-29,993.75,999.2025,1008.0,977.25,1096
2022-11-30,997.5,899.6925,1001.6125,897.5,1825
2022-12-01,891.5,882.965,916.25,876.2025,1437
2022-12-02,916.0,899.75,925.9975,897.25,2844
2022-12-05,913.0,917.9825,926.25,900.0025,1344
2022-12-06,922.0,962.055,971.75,922.0,1829
2022-12-07,978.75,952.0,978.75,947.875,1335
2022-12-08,940.75,874.0,952.2475,874.0,2389
2022-12-09,874.75,885.0,885.25,850.03,2686
2022-12-12,881.5,852.0125,896.8375,851.25,4240
2022-12-13,790.5,816.5,836.75,775.7525,5041
2022-12-14,822.5,844.25,849.25,809.0,2987
2022-12-15,871.5,886.0,896.3625,862.25,4899
2022-12-16,895.0,912.5,916.91,878.75,3767
2022-12-19,908.75,934.0,936.75,906.5,2808
2022-12-20,944.75,943.25,958.0,927.75,2679
2022-12-21,937.5,915.5,937.75,904.25,2249
2022-12-22,944.25,993.0,1022.125,940.9775,4959
2022-12-23,1006.0,1008.0,1029.5,995.41,3535
2022-12-27,959.0,1032.75,1036.75,959.0,9023
2022-12-28,1050.5,1040.5,1053.0,1023.0675,5900
2022-12-29,1006.75,986.75,1020.0,981.75,3701
2022-12-30,1009.0,987.3725,1017.875,986.25,4295
2023-01-03,964.5,1013.25,1027.5,954.75,2827
2023-01-04,982.5,974.75,1012.5,969.5,3008
2023-01-05,997.5,1014.75,1023.5,993.25,2875
2023-01-06,996.75,960.5,1032.75,948.5,4424
2023-01-09,925.0,898.75,936.5,866.85,4513
2023-01-10,909.5,886.25,909.5,878.085,1937
2023-01-11,882.75,871.25,900.125,871.25,1468
2023-01-12,863.75,839.5,905.75,831.75,2509
2023-01-13,856.75,815.75,860.0,813.75,4127
2023-01-17,810.625,768.0,810.625,766.75,6373
2023-01-18,768.25,785.5625,790.25,761.25,6813
2023-01-19,808.75,819.75,826.75,796.7525,9379
2023-01-20,805.75,755.25,815.0,754.25,6106
2023-01-23,743.25,681.75,752.75,680.75,8984
2023-01-24,699.25,679.9975,699.25,672.55,5496
2023-01-25,695.75,677.5,710.0,676.75,7546
2023-01-26,658.5,657.5,677.895,641.25,5557
2023-01-27,671.75,634.0,671.75,623.0,8807
2023-01-30,650.0,681.0,681.0,644.7525,5255
2023-01-31,679.5,664.25,688.4975,659.25,7005
2023-02-01,656.5,604.5,658.0,594.25,10046
2023-02-02,601.75,577.0,602.75,568.0025,7524
2023-02-03,600.5,597.25,607.0,575.81,11428
2023-02-06,608.5,598.25,608.5,580.7525,9327
2023-02-07,588.25,560.0,595.0,556.5,15395
2023-02-08,552.75,558.5,564.25,537.75,15141
2023-02-09,546.0,555.25,560.975,533.4975,25970
2023-02-10,575.25,588.5,602.25,563.4825,28465
2023-02-13,579.0,570.75,597.5,561.25,17459
2023-02-14,576.75,532.0,583.8925,529.25,42731
2023-02-15,543.75,537.75,555.7625,535.0,26428
2023-02-16,556.5,560.5,562.0025,544.25,22270
2023-02-17,572.25,580.25,592.4975,569.25,19532
2023-02-21,595.25,605.5,605.5,577.0,18219
2023-02-22,603.0,601.25,613.0,588.5,32471
2023-02-23,505.0,497.0,519.25,489.2,199341
2023-02-24,508.0,506.25,515.0,501.25,94291
2023-02-27,495.25,501.0,501.75,490.5,72812
2023-02-28,504.0,507.75,508.0,492.25,68823
2023-03-01,509.25,523.0,527.48,507.5,83051
2023-03-02,528.7525,505.5,529.75,502.66,83493
2023-03-03,504.0,489.75,509.7525,488.75,55480
2023-03-06,488.75,497.75,499.5,480.25,63268
2023-03-07,496.5,505.25,506.0,483.25,102008
2023-03-08,500.0,480.75,501.25,480.5,117218
2023-03-09,481.25,500.0,500.7525,474.2475,158512
2023-03-10,500.5,512.5,518.5,494.5,162238
2023-03-13,518.25,512.5,531.0,503.25,116015
2023-03-14,497.5,482.5,498.25,477.75,180081
2023-03-15,491.0,477.75,499.75,477.0,165350
2023-03-16,483.5,445.5,486.25,444.375,196382
2023-03-17,437.0,441.25,442.305,426.5,229862
2023-03-20,443.75,437.75,453.7775,435.25,121639
2023-03-21,431.5,431.5,448.725,427.5,136293
2023-03-22,427.5,426.75,430.7475,403.02,218617
2023-03-23,413.25,412.5,421.75,405.75,161963
2023-03-24,415.0,419.75,427.5,412.9975,100227
2023-03-27,418.75,424.5,427.9975,415.65,71616
2023-03-28,426.5,427.5,438.25,425.5,70100
2023-03-29,418.75,416.0,423.5,414.0,55803
2023-03-30,411.5,407.75,413.25,406.0025,49371
2023-03-31,412.5,401.25,413.25,400.0,63578
2023-04-03,405.0,398.0,408.9975,396.75,60450
2023-04-04,398.0,407.0,409.475,397.32,53798
2023-04-05,418.75,418.0,426.7475,415.75,83153
2023-04-06,423.75,415.25,426.25,414.125,55827
2023-04-10,419.5,404.75,422.0,403.7525,64542
2023-04-11,402.25,412.75,412.945,401.5,40438
2023-04-12,409.5,425.75,426.0025,406.7525,64861
2023-04-13,421.0,426.25,428.265,417.5075,45945
2023-04-14,425.5,420.5,431.0,417.875,66868
2023-04-17,423.25,416.0,426.5,415.5,34015
2023-04-18,405.5,403.25,409.0,394.5,111343
2023-04-19,409.5,398.5,410.75,397.0,71123
2023-04-20,403.25,412.75,414.75,396.75,76601
2023-04-21,415.5,413.0,420.25,411.5,51221
2023-04-24,415.0,415.0,421.5275,408.5,37943
2023-04-25,414.5,430.0,430.125,411.0,68406
2023-04-26,415.0,415.5,420.75,408.0,91024
2023-04-27,408.25,410.25,421.5,405.295,63910
2023-04-28,410.25,401.25,413.25,400.5025,49690
2023-05-01,399.75,380.0,400.0025,377.5,117094
2023-05-02,384.0,391.5,393.4425,381.5,59962
2023-05-03,398.5,399.0,404.215,389.0675,61151
2023-05-04,401.75,403.5,408.625,397.75,58992
2023-05-05,398.0,383.25,399.75,381.5,46169
2023-05-08,385.5,375.5,388.25,374.0,54220
2023-05-09,379.75,384.5,386.25,378.25,47446
2023-05-10,377.0,379.75,386.5,375.75,60371
2023-05-11,379.25,385.25,389.75,378.75,34958
2023-05-12,385.25,388.75,393.25,381.2525,25426
2023-05-15,386.75,378.5,392.0,378.0,22302
2023-05-16,380.5,374.75,380.5,363.75,65826
2023-05-17,368.5,359.25,370.7075,358.75,76278
2023-05-18,355.5,337.0,357.0,334.5,154899
2023-05-19,339.75,342.5,347.0,338.5,58439
2023-05-22,347.75,344.0,350.5,339.0,43707
2023-05-23,346.0,350.75,351.25,342.5,43496
2023-05-24,357.25,353.5,363.25,352.0,342544
2023-05-25,237.25,245.75,264.7475,223.75,1155454
2023-05-26,246.0,238.0,249.0,235.875,269535
2023-05-30,225.25,229.0,230.25,214.75,851473
2023-05-31,233.5,245.5,245.75,227.875,465900
2023-06-01,240.25,230.0,241.25,227.5,377186
2023-06-02,227.75,233.0,234.975,224.5,375947
2023-06-05,236.25,234.25,237.625,231.5,229060
2023-06-06,236.75,238.5,242.0,234.5,165911
2023-06-07,236.5,247.5,248.5,231.75,171865
2023-06-08,245.0,239.0,247.0,236.045,167072
2023-06-09,235.0,236.75,238.5,229.68,125494
2023-06-12,233.75,231.5,238.25,231.25,69744
2023-06-13,226.75,220.25,229.75,219.75,229267
2023-06-14,222.0,207.5,223.75,207.25,348503
2023-06-15,210.0,209.75,212.75,205.75,170210
2023-06-16,204.5,209.5,209.5,203.0,145509
2023-06-20,208.0,202.75,209.5,201.5,187107
2023-06-21,204.5,207.25,212.7325,203.75,243680
2023-06-22,212.0,207.5,212.0,205.0,147347
2023-06-23,211.0,212.25,213.2625,208.625,181447
2023-06-26,210.5,222.5,225.5,208.75,226189
2023-06-27,221.25,214.0,223.5,213.5,142200
2023-06-28,222.0,218.5,222.7475,214.0,164066
2023-06-29,216.25,221.0,222.25,216.0,66681
2023-06-30,215.25,211.25,216.0,209.25,136250
2023-07-03,209.75,210.5,211.51,207.25,65359
2023-07-05,212.25,211.0,212.25,205.6825,74364
2023-07-06,214.25,212.75,217.25,212.0,144812
2023-07-07,211.25,210.25,212.0,205.5,114101
2023-07-10,209.0,212.0,215.25,208.25,77432
2023-07-11,209.75,210.75,212.75,208.5,67683
2023-07-12,207.0,201.75,208.5,201.5,150361
2023-07-13,198.0,189.75,198.25,189.0,181803
2023-07-14,186.75,192.5,194.5,179.275,375458
2023-07-17,188.25,187.25,193.5,187.0,134685
2023-07-18,185.75,182.0,191.0,180.0,221298
2023-07-19,182.25,184.0,185.75,180.75,155223
2023-07-20,187.25,192.0,194.0,184.125,254109
2023-07-21,190.75,198.5,199.0,190.25,228959
2023-07-24,196.25,196.75,199.75,193.75,146475
2023-07-25,194.5,191.0,194.75,188.0,157032
2023-07-26,189.5,192.0,196.465,189.0,160119
2023-07-27,186.5,189.75,190.65,182.0,164954
2023-07-28,186.25,185.5,187.5,184.035,128466
2023-07-31,185.5,185.5,186.75,183.5075,85531
2023-08-01,187.0,187.0,189.25,185.0,94008
2023-08-02,190.5,198.25,202.4675,190.25,192190
2023-08-03,201.0,197.0,201.0,193.5,97477
2023-08-04,194.0,195.75,197.5,190.5,151591
2023-08-07,193.75,192.0,196.75,191.5,134797
2023-08-08,195.25,196.25,199.2475,193.2425,169489
2023-08-09,198.5,207.75,210.0,198.25,144206
2023-08-10,210.0,209.0,212.125,201.625,159362
2023-08-11,212.75,218.5,219.5025,211.0,181367
2023-08-14,220.5,199.0,221.875,198.75,479752
2023-08-15,194.6,198.0,199.4,190.65,502802
2023-08-16,194.85,200.8,201.0,194.05,440771
2023-08-17,197.9,201.65,203.45,197.5,244863
2023-08-18,205.95,202.0,211.3005,200.3,1001170
2023-08-21,195.4,180.6,196.45,180.1555,880695
2023-08-22,175.05,186.85,188.5,175.05,671747
2023-08-23,185.9,179.65,189.4,179.2,674601
2023-08-24,164.7,179.35,179.4,164.65,761075
2023-08-25,180.3,184.95,189.7,176.5,636076
2023-08-28,183.05,181.1,190.65,180.3,315790
2023-08-29,182.05,171.7,183.147,170.25,350060
2023-08-30,170.5,169.5,173.1365,166.65,328062
2023-08-31,169.3,169.3,170.9,167.5505,199861
2023-09-01,167.5,173.0,174.4,167.5,204290
2023-09-05,174.35,172.8,175.85,171.5,199126
2023-09-06,173.35,179.6,181.65,172.9075,237544
2023-09-07,186.95,183.55,188.6,183.05,221959
2023-09-08,185.05,187.0,188.4,181.9,185854
2023-09-11,189.798,189.798,189.798,189.798,149
2023-09-12,191.45,190.75,192.45,186.5,153941
2023-09-13,192.0,187.3,192.5,185.2,157753
2023-09-14,185.15,187.1,189.3,185.15,102856
2023-09-15,188.4,195.85,196.15,187.1345,218922
2023-09-18,202.1,195.6,204.795,193.95,235766
2023-09-19,196.55,198.0,200.9,195.6,147541
2023-09-20,197.8,205.5,205.5,195.9,141675
2023-09-21,209.45,212.8,213.2,206.45,209640
2023-09-22,209.1,208.95,211.5495,205.997,200491
2023-09-25,209.35,205.4,211.75,203.4,168053
2023-09-26,206.65,207.3,208.8425,201.9,151521
2023-09-27,204.8,204.05,209.2,201.65,186727
2023-09-28,204.45,200.45,206.15,198.25,174062
2023-09-29,196.15,198.0,199.15,194.35,121516
2023-10-02,195.05,190.75,195.75,188.65,183723
2023-10-03,190.8,197.55,199.05,189.3,161727
2023-10-04,196.35,195.05,199.1,194.3405,134566
2023-10-05,195.05,191.45,195.65,190.15,127483
2023-10-06,194.15,185.65,194.9,185.55,184165
2023-10-09,190.5,188.35,192.8335,186.7,94712
2023-10-10,188.0,185.6,189.25,183.3,102593
2023-10-11,183.6,180.45,184.15,180.25,175213
2023-10-12,180.65,180.0,182.85,176.85,116389
2023-10-13,180.0,187.25,188.0495,179.35,114747
2023-10-16,189.4,184.05,189.9,183.45,113577
2023-10-17,194.4,194.85,202.05,190.7505,281934
2023-10-18,202.45,204.55,206.5575,198.909,175805
2023-10-19,200.95,205.25,206.4,198.05,256601
2023-10-20,206.4,209.8,211.3505,203.1,149357
2023-10-23,210.8,199.65,212.6,198.05,208300
2023-10-24,199.15,195.85,201.35,195.6,117226
2023-10-25,197.35,206.65,207.7,196.3,174071
2023-10-26,205.55,215.8,218.2,203.7185,293662
2023-10-27,209.9,214.45,217.55,209.7,133515
2023-10-30,210.65,210.05,214.65,206.15,158802
2023-10-31,215.05,212.8,222.55,212.0,331693
2023-11-01,212.3,202.6,212.3,202.3,168727
2023-11-02,196.5,195.6,199.3955,193.5,164245
2023-11-03,193.05,187.35,194.45,185.654,176082
2023-11-06,185.95,183.65,188.0,182.715,191437
2023-11-07,183.85,182.65,186.55,181.395,138163
2023-11-08,182.0,179.6,182.5,178.2005,120465
2023-11-09,175.4,177.75,178.7995,171.75,307667
2023-11-10,175.4,171.45,176.3,170.75,192590
2023-11-13,171.45,170.25,172.45,168.1,142554
2023-11-14,165.7,165.75,168.35,165.0,151559
2023-11-15,164.7,168.9,171.895,164.65,179432
2023-11-16,170.0,166.45,171.35,166.448,136141
2023-11-17,166.45,167.45,168.4,165.75,97976
2023-11-20,167.3,162.65,167.85,162.1775,139248
2023-11-21,163.95,164.4,167.5505,162.4,216964
2023-11-22,165.0,169.9,173.6035,163.159,379158
2023-11-24,171.1,174.075,174.1025,169.05,160389
2023-11-27,174.1,172.05,174.45,170.8,136494
2023-11-28,172.15,173.95,175.375,171.8,93460
2023-11-29,171.35,172.45,173.55,169.75,77144
2023-11-30,173.05,178.75,180.25,172.7,125836
2023-12-01,180.1,178.9,181.4,176.775,167709
2023-12-04,182.25,184.7,187.155,182.25,127528
2023-12-05,185.1,179.55,186.1,179.45,89678
2023-12-06,176.35,184.85,185.15,175.8,98466
2023-12-07,183.8,179.25,184.15,179.1,107946
2023-12-08,179.35,174.9,179.4,173.85,105658
2023-12-11,175.05,179.05,182.7,175.05,99589
2023-12-12,181.75,174.35,181.8,174.25,112680
2023-12-13,174.55,172.35,174.55,170.1,125207
2023-12-14,170.95,171.15,175.3,169.8,86384
2023-12-15,171.4,168.75,172.1,166.675,79894
2023-12-18,166.95,163.95,167.8,162.4,150198
2023-12-19,166.7,165.9,168.75,165.55,98034
2023-12-20,165.75,172.1,172.15,164.35,94534
2023-12-21,168.95,168.3,170.65,167.85,54746
2023-12-22,167.4,169.2,170.55,166.828,56311
2023-12-26,147.5,146.05,147.5,145.0,84176
2023-12-27,145.4,145.55,146.894,144.75,49089
2023-12-28,145.0,145.35,145.788,144.1495,53265
2023-12-29,144.445,145.4,148.3,143.8,103939
2024-01-02,146.6,150.4,152.5995,146.6,141687
2024-01-03,153.35,152.95,153.85,150.6,103473
2024-01-04,152.35,151.3,153.2,149.3,85240
2024-01-05,149.7,147.1,150.0,145.4,144393
2024-01-08,145.5,135.4,145.7,135.3,418374
2024-01-09,135.0,132.5,137.2,128.7,432242
2024-01-10,131.05,128.9,131.45,128.05,260708
2024-01-11,127.1,127.4,131.208,125.925,270111
2024-01-12,128.15,127.9,128.95,127.15,219275
2024-01-16,127.05,122.95,127.3,121.7,284403
2024-01-17,123.15,124.05,127.5,122.9995,196872
2024-01-18,120.65,121.15,123.7995,119.75,277758
2024-01-19,118.85,114.8,120.799,114.75,312340
2024-01-22,113.6,114.45,115.9,112.85,273797
2024-01-23,114.9,114.05,117.05,114.0,159882
2024-01-24,112.9,110.5,113.9,107.025,377340
2024-01-25,108.4,109.9,111.7,107.65,325350
2024-01-26,111.4,111.4,112.35,109.6515,230111
2024-01-29,110.9,108.15,111.65,108.0995,187093
2024-01-30,107.1,107.5,108.625,105.95,276700
2024-01-31,110.5,110.35,111.95,108.65,467470
2024-02-01,108.85,106.9,109.85,106.55,335484
2024-02-02,104.95,100.25,105.5,99.35,406261
2024-02-05,96.4,94.35,98.35,94.075,1025375
2024-02-06,93.75,96.25,99.55,93.7,790182
2024-02-07,96.1,92.95,97.397,92.75,686558
2024-02-08,93.1,93.75,94.05,91.85,451148
2024-02-09,92.3,89.6,92.85,89.5,568611
2024-02-12,89.0,89.4,91.025,85.8485,1079964
2024-02-13,92.3,89.65,93.553,87.65,1246967
2024-02-14,88.0,86.95,89.95,86.4995,731388
2024-02-15,86.95,88.85,89.2,86.95,487706
2024-02-16,86.85,88.9,89.1,86.25,698180
2024-02-20,90.0,93.75,96.4,90.0,940276
2024-02-21,96.4,97.1,99.25,94.8,1048337
2024-02-22,83.65,77.45,85.1,77.35,1338667
2024-02-23,74.65,77.05,78.55,72.65,1091333
2024-02-26,76.05,76.7,77.4,74.85,664326
2024-02-27,76.45,77.2,79.05,76.3,608092
2024-02-28,78.7,78.5,79.15,76.975,472918
2024-02-29,76.85,76.65,77.7,75.6165,634916
2024-03-01,75.7,73.0,76.3,72.95,549242
2024-03-04,71.0,69.75,71.3505,67.0535,966467
2024-03-05,69.7,69.0,71.6,68.9,900198
2024-03-06,67.0,66.25,67.95,65.3,1038981
2024-03-07,65.0,62.7,65.45,62.55,847972
2024-03-08,60.6,66.95,67.85,58.6585,4234533
2024-03-11,68.1,68.6,70.0,65.805,2040269
2024-03-12,66.4,62.6,68.3,62.575,1570435
2024-03-13,63.3,63.4,65.55,62.9,2616161
2024-03-14,64.65,65.95,67.225,63.7,2071403
2024-03-15,66.95,66.1,67.65,64.55,1537228
2024-03-18,63.8,65.6,66.9,61.9,1356605
2024-03-19,67.3,64.85,68.8515,63.775,1924623
2024-03-20,64.475,63.9,65.8575,63.9,890235
2024-03-21,62.25,63.0,63.9,61.95,1095393
2024-03-22,63.25,60.65,63.5,60.15,1014115
2024-03-25,60.85,60.05,61.25,58.6995,991651
2024-03-26,59.4,61.95,62.05,59.05,700442
2024-03-27,61.6,63.9,64.9,61.5,960137
2024-03-28,64.25,64.0,64.95,63.05,578009
2024-04-01,64.0,63.95,64.975,62.35,668419
2024-04-02,65.7,64.8,66.425,64.2985,489948
2024-04-03,65.74,65.27,65.76,64.01,344107
2024-04-04,63.97,68.09,68.14,63.78,628358
2024-04-05,67.28,66.11,68.11,65.591,970840
2024-04-08,65.44,66.84,67.2875,65.38,692537
2024-04-09,66.7,68.67,70.899,66.49,937346
2024-04-10,70.19,67.01,70.32,66.65,843663
2024-04-11,66.71,63.59,67.1,63.46,830458
2024-04-12,64.36,65.7,66.269,64.0301,666801
2024-04-15,64.99,67.81,67.86,63.53,680597
2024-04-16,67.42,66.46,67.8,65.7801,695299
2024-04-17,65.7,69.67,69.76,65.2615,1014393
2024-04-18,68.77,69.06,71.4,67.5099,903352
2024-04-19,70.71,77.7,78.27,69.48,1790894
2024-04-22,75.3,73.53,77.5,72.86,1746874
2024-04-23,72.1,70.24,72.71,69.87,1558019
2024-04-24,68.64,73.19,73.689,68.5,1513241
2024-04-25,74.1,69.77,74.86,69.01,1775454
2024-04-26,68.53,64.41,69.04,63.8433,1193078
2024-04-29,64.6,64.42,66.72,64.28,878754
2024-04-30,65.02,65.77,65.83,63.5801,820511
2024-05-01,66.98,68.94,70.63,66.16,1135823
2024-05-02,67.52,66.06,68.78,65.69,654029
2024-05-03,64.28,63.24,64.82,62.771,724021
2024-05-06,62.76,60.28,63.03,60.2301,706847
2024-05-07,61.27,61.65,62.88,60.68,977564
2024-05-08,62.65,61.81,62.65,61.15,497582
2024-05-09,61.71,63.19,63.62,61.28,571123
2024-05-10,61.91,62.22,62.7999,60.915,372225
2024-05-13,61.75,61.79,63.39,61.3101,495853
2024-05-14,62.58,61.0,63.05,60.78,439901
2024-05-15,60.09,58.29,60.81,58.13,465022
2024-05-16,58.18,58.53,58.71,57.446,455980
2024-05-17,58.5099,59.99,60.5,58.29,494762
2024-05-20,58.97,58.15,59.22,57.85,385094
2024-05-21,59.17,57.79,59.43,57.74,264253
2024-05-22,57.73,58.16,59.3681,57.28,1064437
2024-05-23,52.74,51.34,53.08,49.4418,2759503
2024-05-24,50.9,49.75,51.8242,49.75,685111
2024-05-28,47.56,45.38,47.77,44.86,2240704
2024-05-29,45.86,45.02,46.915,44.6699,1354193
2024-05-30,45.13,47.04,47.4557,44.51,1627618
2024-05-31,46.1,47.51,48.99,45.92,1836502
2024-06-03,45.37,44.69,46.2798,44.68,1349806
2024-06-04,44.39,44.0,45.16,43.94,1580016
2024-06-05,43.08,41.22,43.54,41.21,2229731
2024-06-06,40.56,41.85,42.94,39.9,5836354
2024-06-07,42.4,41.88,43.12,41.53,2250238
2024-06-10,42.13,41.52,43.55,40.96,1533875
2024-06-11,41.54,41.87,42.805,41.1,704841
2024-06-12,40.96,40.05,41.18,39.35,1170767
2024-06-13,38.42,38.36,39.28,38.22,1244998
2024-06-14,38.26,37.44,38.8,37.1368,1599971
2024-06-17,37.15,37.79,38.3,36.85,1294527
2024-06-18,37.79,36.17,37.9,35.91,1821619
2024-06-20,34.775,37.81,38.19,34.46,5849792
2024-06-21,39.18,39.13,40.12,37.86,3443132
2024-06-24,40.7,42.62,42.64,40.15,3891766
2024-06-25,41.32,39.0,42.07,38.8785,3489123
2024-06-26,39.04,38.92,40.402,38.2804,2546954
2024-06-27,39.83,39.85,40.28,38.94,2172998
2024-06-28,39.69,40.1,40.37,38.4,1834409
2024-07-01,40.04,39.81,41.97,39.57,2033704
2024-07-02,41.11,40.44,41.11,40.1501,1234723
2024-07-03,40.9,38.15,40.942,38.14,1550795
2024-07-05,38.48,39.09,39.1286,37.9809,863622
2024-07-08,38.47,38.19,38.6,37.1901,1161418
2024-07-09,37.37,37.0,38.03,36.13,2054533
2024-07-10,36.08,35.82,36.67,35.74,1082966
2024-07-11,35.49,38.28,38.4,35.42,3401630
2024-07-12,38.0,37.62,38.339,36.61,1645617
2024-07-15,37.07,37.92,38.36,36.86,1521491
2024-07-16,37.97,38.88,39.62,37.71,1380336
2024-07-17,41.24,42.77,43.2909,40.9601,2317471
2024-07-18,40.71,41.0,43.5199,40.35,2003260
2024-07-19,41.51,42.64,42.92,40.83,1322663
2024-07-22,41.37,39.53,41.61,39.3701,1259831
2024-07-23,39.99,40.16,40.3537,39.12,614010
2024-07-24,41.89,44.17,44.6,41.45,1366008
2024-07-25,45.01,45.37,48.85,42.91,1871079
2024-07-26,42.99,44.95,45.8,42.99,766516
2024-07-29,44.49,45.89,45.99,43.0601,805281
2024-07-30,45.92,50.72,51.4,45.68,1773721
2024-07-31,44.0,40.89,45.44,40.105,2429475
2024-08-01,40.72,44.99,46.3,39.36,2616706
2024-08-02,48.5,46.25,49.9577,45.43,2187277
2024-08-05,56.22,50.69,57.03,48.84,3186926
2024-08-06,48.25,48.12,50.6568,45.29,2207696
2024-08-07,45.43,51.73,51.73,44.83,1554102
2024-08-08,49.18,46.78,52.64,46.48,1768739
2024-08-09,46.42,47.07,47.87,45.8,921476
2024-08-12,45.9,44.09,45.94,42.8201,1819463
2024-08-13,42.15,39.85,42.61,39.84,2303480
2024-08-14,38.64,38.9,40.9285,38.64,2434022
2024-08-15,38.44,36.5,39.16,36.3638,2772435
2024-08-16,37.01,35.76,37.28,35.58,1927415
2024-08-19,35.9,33.49,36.2753,33.4835,2604360
2024-08-20,34.07,34.53,35.06,33.53,2430498
2024-08-21,34.54,34.07,34.8,33.71,1594049
2024-08-22,33.43,35.89,36.2,33.18,2708204
2024-08-23,35.0,33.55,35.2978,33.4202,3203586
2024-08-26,33.47,34.65,35.452,32.8,3637159
2024-08-27,35.22,33.92,35.72,33.569,1927759
2024-08-28,34.12,35.02,36.17,33.96,5404308
2024-08-29,36.89,38.34,38.72,35.5262,3275701
2024-08-30,37.47,37.52,38.55,36.33,2161017
2024-09-03,39.08,42.9,43.21,39.0767,4402474
2024-09-04,44.64,43.98,45.24,41.73,3250338
2024-09-05,44.77,43.36,44.892,41.86,2191833
2024-09-06,42.82,46.05,47.1753,42.8101,2152664
2024-09-09,44.63,43.62,45.4595,43.5645,1495944
2024-09-10,42.74,42.7,44.58,41.84,1241055
2024-09-11,41.85,37.51,43.03,37.3017,2939007
2024-09-12,37.4,36.35,38.2,35.61,2917127
2024-09-13,36.42,36.42,37.0899,36.04,1212801
2024-09-16,37.56,37.5,38.609,36.85,1339687
2024-09-17,36.811,38.11,38.46,36.55,1176090
2024-09-18,37.92,39.28,39.28,37.0762,2313403
2024-09-19,37.15,36.84,37.2,35.96,2206403
2024-09-20,37.315,37.75,38.03,36.5501,1224416
2024-09-23,37.58,37.69,38.33,37.35,1084918
2024-09-24,37.54,35.43,38.1099,35.0034,1908130
2024-09-25,34.98,34.25,35.075,33.6917,1896364
2024-09-26,32.96,34.08,35.03,32.58,1661086
2024-09-27,34.15,35.22,36.03,34.15,1320159
2024-09-30,36.57,35.2,36.6,35.16,1117459
2024-10-01,34.99,37.14,37.655,34.78,1449394
2024-10-02,37.4,36.26,38.0056,36.0117,1440410
2024-10-03,35.31,34.45,35.59,33.7759,1556277
2024-10-04,33.58,33.61,34.85,33.54,1260936
2024-10-07,33.54,32.44,33.57,31.3,2689304
2024-10-08,31.52,30.51,31.84,30.2851,2838997
2024-10-09,30.09,30.61,31.0462,29.99,1751165
2024-10-10,30.91,29.86,31.05,29.8,2093841
2024-10-11,30.14,29.9,30.25,29.54,1253847
2024-10-14,29.34,28.76,29.39,28.3,1948745
2024-10-15,28.9,30.84,31.72,28.66,3686948
2024-10-16,30.06,29.43,30.84,29.09,3031879
2024-10-17,28.26,29.01,29.03,27.754,4884969
2024-10-18,28.44,28.71,28.919982,28.44,1547240
2024-10-21,28.63,26.95,28.7,26.94,2903596
2024-10-22,27.2,26.97,27.48,26.74,2073942
2024-10-23,27.38,28.09,28.68,27.3,3258206
2024-10-24,27.72,27.85,28.4392,27.57,2235257
2024-10-25,27.71,27.52,27.73,26.75,1936248
2024-10-28,27.08,27.81,27.97,27.08,1503270
2024-10-29,27.92,27.64,28.32,27.33,1854976
2024-10-30,28.18,28.24,28.9496,27.93,1159504
2024-10-31,28.75,30.25,30.4,28.75,2520754
2024-11-01,29.57,29.34,29.5899,28.675,2072189
2024-11-04,28.69,29.09,29.27,28.19,1160299
2024-11-05,28.66,27.92,28.71,27.7503,1655392
2024-11-06,26.98,26.24,27.28,25.95,1312933
2024-11-07,26.0,25.35,26.05,25.32,720264
2024-11-08,25.38,25.67,26.01,25.1201,1139551
2024-11-11,25.44,26.29,26.73,25.41,1554842
2024-11-12,25.93,25.46,26.0999,25.12,1047201
2024-11-13,25.28,25.95,26.09,25.26,762188
2024-11-14,25.63,25.87,26.1993,25.28,954418
2024-11-15,26.4,27.17,27.65,26.32,1359303
2024-11-18,27.89,27.7,28.54,27.29,1158542
2024-11-19,27.37,25.69,27.46,25.655,1937461
2024-11-20,25.61,26.0,26.8,25.61,2232052
2024-11-21,25.07,25.77,27.365,24.15,3474324
2024-11-22,25.98,27.03,27.24,25.66,1055957
2024-11-25,27.05,28.73,28.77,27.04,925659
2024-11-26,28.21,28.49,28.83,27.69,843049
2024-11-27,29.07,28.94,30.02,28.94,990096
2024-11-29,28.49,28.02,28.75,27.68,499580
2024-12-02,27.88,27.94,28.16,27.4,806732
2024-12-03,28.01,27.47,28.15,27.3999,643626
2024-12-04,26.9011,26.06,27.4393,25.859,1120970
2024-12-05,26.07,26.08,26.3565,25.68,818558
2024-12-06,26.19,26.77,27.07,25.9,781119
2024-12-09,27.8,27.82,28.27,27.48,859097
2024-12-10,27.785,28.95,29.32,26.925,1073366
2024-12-11,28.19,27.62,28.8994,27.33,909317
2024-12-12,28.23,28.19,28.6198,27.8729,726840
2024-12-13,27.65,29.17,29.6436,27.57,1004690
2024-12-16,29.19,29.89,30.38,29.1,974113
2024-12-17,30.9,30.46,31.64,30.0425,1234389
2024-12-18,29.22,30.88,31.12,28.25,1067913
2024-12-19,29.95,30.33,30.72,29.14,705507
2024-12-20,30.61,28.83,31.17,28.731,663572
2024-12-23,24.92,23.97,25.1791,23.94,1006310
2024-12-24,23.93,23.8,24.21,23.3901,379800
2024-12-26,24.0,23.9,24.45,23.67,457478
2024-12-27,24.29,24.65,25.24,24.22,569203
2024-12-30,25.28,24.58,25.45,23.8101,844267
2024-12-31,24.4,25.42,25.515,24.4,832345
2025-01-02,24.92,24.29,25.32,24.12,1145060
2025-01-03,23.87,22.64,23.88,22.56,1629065
2025-01-06,21.73,21.5,21.87,20.87,1995392
2025-01-07,20.72,23.54,23.5497,20.72,2404497
2025-01-08,22.89,23.56,24.0818,22.57,1339466
2025-01-10,24.2,24.6,25.029,24.1895,1072389
2025-01-13,26.26,25.35,26.32,25.281,1398419
2025-01-14,24.48,25.75,26.25,24.45,881303
2025-01-15,25.15,24.46,25.9,24.42,800606
2025-01-16,23.81,25.18,25.19,23.81,1042811
2025-01-17,24.36,24.03,24.645,23.81,940791
2025-01-21,23.66,23.2,24.15,22.97,872373
2025-01-22,22.26,21.71,22.5,21.52,1720980
2025-01-23,22.22,21.68,22.45,21.6685,1218463
2025-01-24,21.45,22.67,22.8499,21.2998,1619309
2025-01-27,26.97,28.43,28.87,26.12,5889577
2025-01-28,27.22,24.52,29.2,24.52,6630713
2025-01-29,25.42,26.15,27.22,25.3,3423026
2025-01-30,26.41,25.9,27.98,25.81,2288038
2025-01-31,26.14,27.33,27.5835,24.9135,2013487
2025-02-03,29.18,28.49,29.66,27.8423,2535310
2025-02-04,28.365,27.77,28.51,26.8672,1531274
2025-02-05,26.73,25.57,27.06,25.57,1369464
2025-02-06,24.88,24.47,25.52,24.4406,1280535
2025-02-07,24.35,24.14,24.76,23.99,1206072
2025-02-10,24.07,23.13,24.07,22.7,2386495
2025-02-11,23.38,23.3,23.7689,22.875,1484028
2025-02-12,24.02,23.75,24.28,23.463,1227578
2025-02-13,23.62,22.65,23.74,22.3099,954475
2025-02-14,22.38,21.74,22.55,21.66,1112074
2025-02-18,21.2,21.64,21.96,20.6801,1398241
2025-02-19,21.58,21.68,22.12,21.18,1504014
2025-02-20,21.53,21.47,22.2486,21.3953,881729
2025-02-21,21.53,22.8,22.855,21.2,1821258
2025-02-24,22.19,23.85,23.89,21.74,2266679
2025-02-25,23.96,24.85,25.44,23.88,2241236
2025-02-26,23.87,23.46,24.31,22.78,2983104
2025-02-27,22.5,26.47,26.5,22.5,5099045
2025-02-28,27.2,24.88,27.73,24.88,2507892
2025-03-03,25.3,28.21,28.68,25.3,3350243
2025-03-04,29.45,27.53,29.68,26.2428,2818710
2025-03-05,26.95,26.96,28.0,26.7,1939954
2025-03-06,28.33,29.33,29.4735,27.7145,1560103
2025-03-07,29.1,28.49,30.55,28.2102,1658240
2025-03-10,29.64,30.67,31.279,28.8501,2264430
2025-03-11,30.77,29.96,31.618,28.465,1440848
2025-03-12,27.74,27.09,28.25,26.68,1771318
2025-03-13,26.66,27.07,27.75,26.39,1237015
2025-03-14,26.13,25.03,26.23,24.94,1389996
2025-03-17,24.69,25.6,26.1074,24.6351,1052491
2025-03-18,26.2,26.97,27.25,25.86,1236265
2025-03-19,26.33,26.27,26.9,25.25,968428
2025-03-20,26.58,25.94,26.58,25.38,1007781
2025-03-21,26.46,26.26,26.9731,26.1403,641851
2025-03-24,25.45,25.06,25.6199,24.72,609223
2025-03-25,25.28,25.25,25.75,25.03,575226
2025-03-26,25.86,27.42,27.72,25.86,1560048
2025-03-27,28.32,28.25,28.5167,27.16,1291502
2025-03-28,28.25,28.93,29.14,27.7103,1039558
2025-03-31,30.76,29.34,31.2918,29.22,1052735
2025-04-01,29.41,28.71,30.2,28.71,885797
2025-04-02,29.87,28.69,30.02,28.03,943197
2025-04-03,31.34,31.94,32.05,30.5,965058
2025-04-04,33.43,35.55,36.56,32.84,2782803
2025-04-07,39.4,33.57,39.85,31.4101,1588041
2025-04-08,30.38,34.16,35.2937,29.45,2013556
2025-04-09,32.93,24.87,33.59,24.38,1906602
2025-04-10,26.41,26.9,28.389,25.88,1575221
2025-04-11,26.53,25.73,26.95,25.47,1366501
