2020-07-23,216.45,216.45,216.45,216.45,1
2020-07-29,178.83333,178.83333,178.83333,178.83333,1
2020-07-30,178.83333,196.71667,196.71667,178.83333,3
2020-07-31,234.33333,234.33333,234.33333,234.33333,3
2020-08-03,233.71667,233.71667,233.71667,233.71667,1
2020-08-04,231.25,185.0,231.25,185.0,47
2020-08-05,184.69167,185.0,185.0,184.69167,11
2020-08-07,203.5,317.58333,317.58333,203.5,19
2020-08-10,345.33333,373.7,373.7,345.33333,7
2020-08-11,496.41667,690.66667,690.66667,496.41667,18
2020-08-12,690.66667,1171.66667,1245.05,690.66667,42
2020-08-13,1017.5,810.91667,1017.5,810.91667,30
2020-08-14,814.0,832.5,832.5,814.0,7
2020-08-17,NaN,832.5,NaN,NaN,0
2020-08-19,786.25,925.0,925.0,786.25,14
2020-08-20,925.0,955.83333,955.83333,925.0,6
2020-08-21,955.83333,1036.0,1036.0,955.83333,4
2020-08-24,1060.66667,1097.66667,1097.66667,1060.66667,6
2020-08-25,1048.33333,1048.33333,1048.33333,1048.33333,3
2020-08-26,1140.21667,1140.21667,1140.21667,1140.21667,1
2020-08-27,NaN,1140.21667,NaN,NaN,0
2020-08-31,1526.25,1850.0,1887.0,1481.85,8
2020-09-01,2035.0,2395.75,2405.0,2035.0,8
2020-09-02,2432.75,2497.5,2497.5,2432.75,4
2020-09-03,2414.25,2460.5,2479.0,2414.25,3
2020-09-04,NaN,2460.5,NaN,NaN,0
2020-09-08,2477.15,2477.15,2477.15,2477.15,1
2020-09-09,2386.5,2340.25,2386.5,2340.25,1
2020-09-10,2155.25,1850.0,2155.25,1850.0,1
2020-09-11,1480.0,1480.0,1480.0,1480.0,1
2020-09-14,1461.5,1665.0,1831.5,1461.5,4
2020-09-15,1665.0,1665.0,1665.0,1665.0,1
2020-09-17,1757.5,1757.5,1757.5,1757.5,1
2020-09-18,1803.75,1803.75,1803.75,1803.75,2
2020-09-21,1803.75,1803.75,1803.75,1803.75,0
2020-09-23,NaN,1803.75,NaN,NaN,0
2020-09-24,1480.0,1295.0,1480.0,1295.0,1
2020-09-28,1110.0,1110.0,1110.0,1110.0,1
2020-09-30,NaN,1110.0,NaN,NaN,0
2020-10-01,NaN,1110.0,NaN,NaN,0
2020-10-02,1221.0,1221.0,1221.0,1221.0,0
2020-10-05,NaN,1221.0,NaN,NaN,0
2020-10-06,1248.75,1295.0,1295.0,1248.75,1
2020-10-07,NaN,1295.0,NaN,NaN,0
2020-10-13,1248.75,1424.5,1424.5,1248.75,2
2020-10-16,1387.5,1387.5,1387.5,1387.5,1
2020-10-20,1036.0,1036.0,1036.0,1036.0,0
2020-10-21,1110.0,1332.0,1332.0,1110.0,2
2020-10-22,1295.0,1295.0,1295.0,1295.0,1
2020-10-23,1295.0,1295.0,1295.0,1295.0,1
2020-10-26,NaN,1295.0,NaN,NaN,0
2020-10-27,1415.25,1424.5,1424.5,1415.25,1
2020-10-28,1036.0,1424.5,1036.0,1036.0,0
2020-10-29,1128.5,1341.25,1341.25,1128.5,1
2020-10-30,1332.0,1332.0,1332.0,1332.0,0
2020-11-02,NaN,1332.0,NaN,NaN,0
2020-11-03,1313.5,1313.5,1313.5,1313.5,0
2020-11-05,NaN,1313.5,NaN,NaN,0
2020-11-06,1313.5,1313.5,1313.5,1313.5,0
2020-11-10,NaN,1313.5,NaN,NaN,0
2020-11-11,1215.45,1215.45,1215.45,1215.45,0
2020-11-12,NaN,1215.45,NaN,NaN,0
2020-11-16,1276.5,1559.55,1559.55,1276.5,7
2020-11-17,1559.55,1572.5,1572.5,1559.55,1
2020-11-20,NaN,1572.5,NaN,NaN,0
2020-11-23,NaN,1572.5,NaN,NaN,0
2020-11-24,NaN,1572.5,NaN,NaN,0
2020-11-27,NaN,1572.5,NaN,NaN,0
2020-12-07,1472.6,1472.6,1472.6,1472.6,0
2020-12-09,NaN,1472.6,NaN,NaN,0
2020-12-11,NaN,1472.6,NaN,NaN,0
2020-12-17,NaN,1472.6,NaN,NaN,0
2020-12-21,786.25,786.25,786.25,786.25,0
2020-12-22,862.1,999.0,1036.0,636.4,4
2020-12-23,1091.5,1091.5,1091.5,1091.5,0
2020-12-24,NaN,1091.5,NaN,NaN,0
2020-12-28,1119.25,1119.25,1119.25,1119.25,0
2020-12-31,NaN,1119.25,NaN,NaN,0
2021-01-06,1147.0,1147.0,1147.0,1147.0,0
2021-01-08,NaN,1147.0,NaN,NaN,0
2021-01-11,1239.5,1184.0,1239.5,1184.0,1
2021-01-12,NaN,1184.0,NaN,NaN,0
2021-01-14,NaN,1184.0,NaN,NaN,0
2021-01-15,1054.5,1054.5,1054.5,1054.5,0
2021-01-19,NaN,1054.5,NaN,NaN,0
2021-01-20,1165.5,1221.0,1591.0,1165.5,14
2021-01-21,1258.0,1369.0,1369.0,1258.0,2
2021-01-22,1415.25,1507.75,1517.0,1415.25,6
2021-01-25,1507.75,1507.75,1507.75,1507.75,1
2021-01-27,1369.0,1369.0,1369.0,1369.0,0
2021-01-28,NaN,1369.0,NaN,NaN,0
2021-02-01,1174.75,1174.75,1174.75,1174.75,0
2021-02-02,1174.75,980.5,1174.75,980.5,5
2021-02-04,934.25,934.25,934.25,934.25,0
2021-02-05,1017.5,1036.0,1036.0,1017.5,1
2021-02-08,1139.6,1110.0,1295.0,740.0,5
2021-02-09,1184.0,1184.0,1184.0,1184.0,0
2021-02-10,NaN,1184.0,NaN,NaN,0
2021-02-11,NaN,1184.0,NaN,NaN,0
2021-02-12,1065.6,1065.6,1065.6,1065.6,0
2021-02-16,1100.75,1100.75,1100.75,1100.75,1
2021-02-17,NaN,1100.75,NaN,NaN,0
2021-02-18,NaN,1100.75,NaN,NaN,0
2021-02-23,1065.6,1065.6,1065.6,1065.6,0
2021-02-24,NaN,1065.6,NaN,NaN,0
2021-03-02,1147.0,1147.0,1147.0,1147.0,0
2021-03-05,1065.6,1017.5,1065.6,925.0,1
2021-03-08,NaN,1017.5,NaN,NaN,0
2021-03-10,NaN,1017.5,NaN,NaN,0
2021-03-12,884.3,962.0,962.0,878.75,2
2021-03-15,NaN,962.0,NaN,NaN,0
2021-03-17,NaN,962.0,NaN,NaN,0
2021-03-18,NaN,962.0,NaN,NaN,0
2021-03-19,NaN,962.0,NaN,NaN,0
2021-03-22,693.75,1028.6,1028.6,693.75,1
2021-03-23,1028.6,1028.6,1028.6,1028.6,0
2021-03-24,1028.6,1028.6,1028.6,1028.6,0
2021-03-25,NaN,1028.6,NaN,NaN,0
2021-03-30,NaN,1028.6,NaN,NaN,0
2021-04-06,1073.0,1073.0,1073.0,1073.0,0
2021-04-07,1073.0,1073.0,1073.0,1073.0,1
2021-04-09,NaN,1073.0,NaN,NaN,0
2021-04-12,1073.0,1073.0,1073.0,1073.0,1
2021-04-15,NaN,1073.0,NaN,NaN,0
2021-04-19,NaN,1073.0,NaN,NaN,0
2021-04-22,NaN,1073.0,NaN,NaN,0
2021-05-03,NaN,1073.0,NaN,NaN,0
2021-05-05,NaN,1073.0,NaN,NaN,0
2021-05-06,NaN,1073.0,NaN,NaN,0
2021-05-10,NaN,1073.0,NaN,NaN,0
2021-05-17,1036.0,1036.0,1036.0,1036.0,0
2021-05-20,NaN,1036.0,NaN,NaN,0
2021-05-24,NaN,1036.0,NaN,NaN,0
2021-05-26,NaN,1036.0,NaN,NaN,0
2021-06-01,NaN,1036.0,NaN,NaN,0
2021-06-03,1036.0,1036.0,1036.0,1036.0,1
2021-06-09,NaN,1036.0,NaN,NaN,0
2021-06-15,1017.5,1017.5,1017.5,1017.5,0
2021-06-16,NaN,1017.5,NaN,NaN,0
2021-06-17,NaN,1017.5,NaN,NaN,0
2021-06-21,788.1,943.5,943.5,788.1,2
2021-06-22,NaN,943.5,NaN,NaN,0
2021-06-23,943.5,1017.5,1017.5,906.5,2
2021-06-29,1036.0,1054.5,1054.5,888.0,3
2021-06-30,1073.0,1073.0,1073.0,1073.0,0
2021-07-01,185.0,186.85,186.85,185.0,21
2021-07-02,925.0,925.0,925.0,925.0,0
2021-07-06,832.5,860.25,860.25,832.5,1
2021-07-13,869.5,869.5,869.5,869.5,0
2021-07-15,NaN,869.5,NaN,NaN,0
2021-07-16,NaN,869.5,NaN,NaN,0
2021-07-26,370.0,370.0,407.0,370.0,1
2021-07-27,444.0,555.0,555.0,444.0,1
2021-07-28,610.5,610.5,610.5,610.5,1
2021-07-29,NaN,610.5,NaN,NaN,0
2021-08-02,610.5,610.5,610.5,610.5,0
2021-08-03,695.6,612.35,756.65,612.35,10
2021-08-05,666.0,666.0,666.0,666.0,0
2021-08-06,647.5,741.85,741.85,647.5,5
2021-08-09,740.0,740.0,741.85,740.0,12
2021-08-10,740.0,740.0,740.0,740.0,2
2021-08-11,703.0,703.0,703.0,703.0,0
2021-08-12,703.0,703.0,703.0,703.0,4
2021-08-13,701.15,703.0,703.0,701.15,2
2021-08-17,703.0,703.0,703.0,703.0,1
2021-08-31,701.15,701.15,701.15,701.15,1
2021-09-01,NaN,701.15,NaN,NaN,0
2021-09-02,738.15,738.15,738.15,738.15,0
2021-09-07,740.0,740.0,740.0,740.0,0
2021-09-21,738.15,738.15,738.15,738.15,0
2021-09-23,738.15,738.15,738.15,738.15,0
2021-09-30,738.15,738.15,738.15,738.15,1
2021-10-01,NaN,738.15,NaN,NaN,0
2021-10-20,719.65,719.65,719.65,719.65,3
2021-10-22,370.0,323.7685,370.0,323.7685,4
2021-10-26,379.25,501.35,501.35,379.25,5
2021-10-27,501.35,536.5,536.5,501.35,1
2021-10-28,547.6,573.5,573.5,547.6,1
2021-10-29,370.0,444.0,444.0,370.0,1
2021-11-01,462.5,462.5,462.5,462.5,0
2021-11-04,277.5,425.5,449.55,277.5,6
2021-11-11,NaN,425.5,NaN,NaN,0
2021-11-12,425.5,425.5,425.5,425.5,0
2021-11-23,423.65,453.25,453.25,423.65,2
2021-11-24,484.7,484.7,484.7,484.7,2
2021-11-26,342.25,342.25,342.25,342.25,1
2021-12-01,388.5,462.5,496.17,388.5,11
2021-12-02,462.5,518.0,532.8,462.5,6
2021-12-03,518.0,338.55,518.0,338.55,2
2021-12-07,404.225,631.775,631.775,397.75,19
2021-12-08,573.5,740.0,832.5,573.5,66
2021-12-09,688.2,719.65,727.05,630.85,7
2021-12-10,721.5,703.0,740.0,703.0,3
2021-12-13,740.0,740.0,740.0,740.0,1
2021-12-20,734.45,560.55,734.45,558.7,9
2021-12-21,703.0,703.0,725.2,703.0,1
2021-12-23,703.0,740.0,740.0,703.0,1
2022-01-03,556.85,593.85,593.85,399.6,1
2022-01-04,647.5,593.85,647.5,647.5,0
2022-01-05,634.55,634.55,634.55,634.55,0
2022-01-19,624.375,366.3,647.5,366.3,2
2022-01-20,425.5,703.0,703.0,370.0,28
2022-01-21,703.0,703.0,740.0,703.0,8
2022-01-24,703.0,555.0,703.0,501.35,14
2022-01-25,656.75,605.875,692.825,558.7,22
2022-01-26,647.5,669.7,703.0,610.5,10
2022-01-27,647.5,680.8,680.8,610.5,12
2022-01-31,733.525,721.5,740.0,684.5,45
2022-02-01,738.15,740.0,758.5,738.15,28
2022-02-02,777.0,777.0,777.0,758.5,16
2022-02-04,795.5,851.0,851.0,795.5,51
2022-02-07,795.5,832.5,832.5,795.5,12
2022-02-08,869.5,869.5,869.5,869.5,0
2022-02-10,869.5,869.5,869.5,869.5,5
2022-02-14,795.5,851.0,851.0,795.5,27
2022-02-15,869.5,832.5,869.5,832.5,1
2022-02-16,867.65,867.65,867.65,867.65,0
2022-02-17,869.5,851.0,869.5,851.0,5
2022-02-28,777.0,777.0,777.0,777.0,5
2022-03-02,777.0,777.0,777.0,777.0,1
2022-03-03,777.0,777.0,777.0,777.0,0
2022-03-04,740.0,740.0,764.05,703.0,17
2022-03-16,693.75,693.75,693.75,693.75,0
2022-03-22,651.2,651.2,651.2,651.2,1
2022-05-02,721.5,767.75,767.75,721.5,1
2022-05-09,310.8,351.5,351.5,310.8,1
2022-05-10,407.0,592.0,601.25,407.0,3
2022-05-12,590.15,590.15,590.15,590.15,0
2022-05-23,666.0,666.0,666.0,666.0,0
2022-05-26,712.25,712.25,712.25,712.25,0
2022-06-01,740.0,740.0,740.0,740.0,1
2022-06-02,758.5,758.5,758.5,758.5,0
2022-06-06,740.0,740.0,740.0,740.0,1
2022-06-07,740.0,740.0,740.0,740.0,2
2022-06-10,592.0,592.0,592.0,592.0,3
2022-06-13,693.75,703.0,703.0,647.5,2
2022-06-16,482.85,647.5,647.5,482.85,1
2022-06-17,556.85,555.0,556.85,484.7,1
2022-06-21,675.25,784.4,784.4,675.25,9
2022-06-22,851.0,860.25,860.25,851.0,2
2022-06-23,875.05,921.3,921.3,869.5,12
2022-06-24,858.4,934.25,984.2,858.4,2
2022-06-27,989.75,1011.95,1011.95,925.0,3
2022-06-28,1045.25,1045.25,1045.25,1045.25,0
2022-06-29,764.05,1017.5,1017.5,764.05,2
2022-06-30,1082.25,1082.25,1082.25,1082.25,0
2022-07-01,1147.0,1147.0,1147.0,1147.0,1
2022-07-06,1226.55,1720.5,1720.5,1211.75,14
2022-07-07,1896.25,1850.0,1896.25,1766.75,7
2022-07-11,2025.75,2025.75,2025.75,2025.75,0
2022-07-12,2035.0,2035.0,2035.0,2035.0,0
2022-07-13,2036.85,2036.85,2036.85,2036.85,0
2022-07-14,1894.4,1894.4,1894.4,1894.4,0
2022-07-15,1942.5,2220.0,2220.0,1942.5,1
2022-07-19,2921.15,3727.75,4292.0,2163.575,1430
2022-07-20,3424.35,3675.95,3996.0,3165.35,788
2022-07-21,3572.35,3552.0,3670.1225,3367.0,116
2022-07-22,3811.0,3533.5,3847.9445,3385.5,126
2022-07-25,3318.9,3570.5,3583.45,3311.5,103
2022-07-26,3442.85,3489.1,3626.0,3404.0,70
2022-07-27,3365.15,3331.85,3422.5,3098.75,142
2022-07-28,3130.2,3494.65,3552.0,3130.2,52
2022-07-29,3330.0,3204.2,3367.0,3204.2,33
2022-08-01,3102.45,3237.5,3237.5,2924.85,94
2022-08-02,3182.0,3096.9,3215.3,2960.0,280
2022-08-03,3108.0,3178.3,3237.5,3089.5,32
2022-08-04,3163.5,3385.5,3422.5,3163.5,43
2022-08-05,9065.0,3814.7,9342.5,3550.15,3037
2022-08-08,3814.7,3385.4445,4125.1855,3193.1,562
2022-08-09,3239.35,3143.15,3408.7545,2334.7,579
2022-08-10,2887.85,2974.8,3012.725,2590.0,344
2022-08-11,2776.85,2662.15,2936.875,2419.8,162
2022-08-12,3596.4,2077.55,4606.5,1942.5,5090
2022-08-15,2035.0,1850.0,2077.55,1544.75,1015
2022-08-16,1825.95,1570.65,2752.8,1436.266,4544
2022-08-17,1483.7,1324.6,1535.5,1278.276,1364
2022-08-18,1322.75,947.2,2010.95,906.5,18483
2022-08-19,1000.85,960.15,1295.0,888.0,7356
2022-08-22,930.55,976.8,1098.9,797.35,4456
2022-08-23,1080.4,595.7,1259.85,547.6,22431
2022-08-24,612.35,471.75,706.7,431.05,27824
2022-08-25,434.75,388.5,488.4,362.6,15470
2022-08-26,408.85,349.65,416.25,325.6,21789
2022-08-29,325.6,381.1,399.6,325.6,6932
2022-08-30,394.05,327.45,408.85,305.25,25103
2022-08-31,314.5,318.2,332.9445,305.25,3294
2022-09-01,310.8,294.15,318.2,283.05,5355
2022-09-02,296.0,266.4,299.7,259.0,3180
2022-09-06,266.4,255.3,277.5,251.6,2407
2022-09-07,253.45,244.2,257.15,231.25,2812
2022-09-08,244.2,251.6,260.85,233.1,1746
2022-09-09,259.0,294.15,384.8,251.6,59782
2022-09-12,333.0,205.35,366.3,192.4,52775
2022-09-13,210.9,183.15,216.45,180.597,21551
2022-09-14,181.3,178.6915,183.15,168.35,8472
2022-09-15,180.523,192.4,197.95,175.861,9440
2022-09-16,192.4,173.9,192.4,168.7385,3816
2022-09-19,175.75,166.5185,175.97736,166.5,2761
2022-09-20,168.35,157.25,168.35,152.625,3572
2022-09-21,149.258,138.565,153.54981,135.05,4906
2022-09-22,131.35,131.905,138.6205,131.35,2060
2022-09-23,131.498,133.2,135.05,129.5,2064
2022-09-26,142.4685,140.341,162.763,136.937,6877
2022-09-27,151.7,144.3,153.18,135.22205,3130
2022-09-28,144.337,149.739,150.775,144.3,1668
2022-09-29,149.85,140.6185,151.7,139.3605,1888
2022-09-30,146.372,149.85,155.4,140.6,3679
2022-10-03,153.55,156.4545,171.3285,150.035,4092
2022-10-04,164.65,159.396,168.9605,155.511,1843
2022-10-05,162.8,170.644,173.9,157.25,2786
2022-10-06,169.497,214.6,222.0,166.685,9926
2022-10-07,214.6,192.4,247.9,185.0,7861
2022-10-10,192.4,177.6185,194.25,175.7685,1754
2022-10-11,188.7,183.2055,197.95,181.115,2946
2022-10-12,183.15,196.1,199.8,181.3,1779
2022-10-13,190.55,194.25,210.9,190.55,2076
2022-10-14,194.25,222.0,229.4,194.25,4871
2022-10-17,233.1,277.5,281.2,233.1,10159
2022-10-18,281.2,255.3,327.45,220.15,13080
2022-10-19,253.45,209.05,253.45,199.8,3625
2022-10-20,214.6,216.45,227.1245,201.65,1619
2022-10-21,212.75,210.9,220.15,204.425,1213
2022-10-24,216.45,209.0685,223.85,194.25,1238
2022-10-25,210.9,205.35,216.45,199.8,1849
2022-10-26,205.35,205.35,210.678,194.25,895
2022-10-27,205.35,205.35,209.05,197.95,926
2022-10-28,201.65,207.2,212.75,196.285,629
2022-10-31,207.2,201.65,209.1425,197.95,929
2022-11-01,197.95,197.95,207.2,197.4505,567
2022-11-02,197.95,220.15,222.0,196.1,2380
2022-11-03,227.55,259.0,268.25,227.55,7725
2022-11-04,286.75,266.4,310.8,232.508,12291
2022-11-07,268.25,229.4,268.25,195.804,9566
2022-11-08,233.1,225.7,234.025,196.1,5675
2022-11-09,210.9,144.3,218.3,137.085,10234
2022-11-10,169.8485,203.5,222.0,169.83,9640
2022-11-11,203.5,209.05,212.75,186.85,4802
2022-11-14,214.6,220.15,225.478,199.8,3194
2022-11-15,216.45,218.3,222.0,209.05,1441
2022-11-16,214.6,218.3,222.0,205.35,2325
2022-11-17,218.3,222.0,222.0,203.5,2415
2022-11-18,218.3,214.6,223.85,203.5,4039
2022-11-21,234.9685,207.2,242.35,199.7075,33392
2022-11-22,197.95,185.0,214.6,181.3,15672
2022-11-23,186.85,185.0,196.1,175.75,2402
2022-11-25,179.45,175.75,190.55,175.75,1381
2022-11-28,176.786,165.5935,183.15,160.95,3314
2022-11-29,166.5,158.952,166.5,148.0,15169
2022-11-30,159.1,160.95,172.42,153.55018,10331
2022-12-01,160.95,171.902,179.45,153.735,10838
2022-12-02,162.8,157.6755,183.15,153.735,29654
2022-12-05,162.7075,148.0,164.6315,144.485,2839
2022-12-06,148.0,144.3,153.55,140.6,2115
2022-12-07,145.225,145.299,150.775,138.75,1598
2022-12-08,145.7985,136.456,148.0,134.1805,2018
2022-12-09,136.53,142.45,146.15,129.7775,2593
2022-12-12,142.45,151.7,155.4555,138.7315,1916
2022-12-13,153.6055,149.85,153.9385,135.1425,3375
2022-12-14,142.5055,136.9,155.4,136.9,14467
2022-12-15,138.195,122.7475,149.11,116.95811,18630
2022-12-16,125.8,114.7,129.5,113.0535,10441
2022-12-19,112.85,90.65,117.808,90.4095,15264
2022-12-20,91.834,71.225,94.1465,65.3235,20941
2022-12-21,68.4685,44.77,68.4685,44.6775,34283
2022-12-22,49.395,48.1,55.4075,46.25,10837
2022-12-23,51.43,53.465,53.65,42.55,10398
2022-12-27,53.465,53.0395,59.2,48.766,6758
2022-12-28,58.904,51.615,58.9225,51.43,4997
2022-12-29,55.5,59.163,59.1815,52.6325,5950
2022-12-30,59.2,62.9,80.0125,56.055,9429
2023-01-03,67.821,71.2805,79.568685,67.1365,5488
2023-01-04,72.15,79.5685,86.95,72.15,8387
2023-01-05,85.2295,79.55,94.35,79.55,11538
2023-01-06,83.435,83.2685,88.8,80.475,4772
2023-01-09,91.02,88.8,92.13,83.25,3513
2023-01-10,91.575,94.35,99.715,89.725,5493
2023-01-11,94.35,85.1925,96.843245,81.585,7549
2023-01-12,85.1,80.4195,86.58,78.144,4888
2023-01-13,75.665,76.109,81.4,74.2775,3526
2023-01-17,77.7,80.0125,82.343685,77.145,1222
2023-01-18,77.7,73.482,80.475,70.3,2640
2023-01-19,73.445,72.705,74.925,70.3,2208
2023-01-20,74.555,70.855,74.555,64.75,1485
2023-01-23,70.3,72.0575,74.0,66.6,4259
2023-01-24,69.893,64.8055,70.2075,63.085,5380
2023-01-25,64.75,58.1825,64.75,55.87,6287
2023-01-26,59.2185,57.5535,59.2185,55.5,4379
2023-01-27,58.312,55.5,59.2,52.725,6469
2023-01-30,55.4815,55.5185,58.016,53.8905,3809
2023-01-31,55.5,58.1085,61.05,55.5,9216
2023-02-01,58.2195,56.277,60.6615,55.87,6949
2023-02-02,59.2,56.24,59.2,56.24,5264
2023-02-03,59.2,55.5,59.2,55.5,3308
2023-02-06,57.276,56.7395,59.2,55.87,2998
2023-02-07,58.83,75.85,78.5325,57.35,25910
2023-02-08,82.325,120.25,145.41,77.3485,149691
2023-02-09,137.7325,120.25,138.75,94.35,62342
2023-02-10,111.0,100.825,120.25,85.2295,25755
2023-02-13,95.423,92.5,98.05,90.65,7397
2023-02-14,88.8,85.6365,89.725,80.4935,7623
2023-02-15,83.25,84.397,103.5815,78.625,22993
2023-02-16,86.58,89.8545,101.75,79.55,14666
2023-02-17,94.35,85.729,96.2,83.2685,4181
2023-02-21,81.4,78.329,89.7065,75.8685,6319
2023-02-22,78.329,82.0105,89.725,75.85,2659
2023-02-23,81.4,75.85,85.1,69.9115,5826
2023-02-24,75.295,70.3,75.295,64.75,3811
2023-02-27,77.4595,70.115,78.625,66.6,7044
2023-02-28,66.6185,64.8055,73.5745,64.75,4708
2023-03-01,64.8055,62.9,66.6,61.671045,4574
2023-03-02,59.237,64.75,64.75,59.237,3249
2023-03-03,63.122,62.9,63.787815,61.05,2519
2023-03-06,61.7715,61.9935,64.1765,61.235,2926
2023-03-07,64.75,62.197,64.75,61.975,1936
2023-03-08,63.64,71.798315,72.15,62.2525,6499
2023-03-09,73.408,71.0955,77.7,67.155,6372
2023-03-10,71.0955,66.344145,71.225,64.9535,1964
2023-03-13,66.415,61.0315,66.415,60.31,3418
2023-03-14,61.05,61.05,64.75,61.05,1049
2023-03-15,59.2,59.2,62.9,57.35,1170
2023-03-16,61.05,58.645,61.05,56.425,2508
2023-03-17,58.09,55.5,62.16,55.5,3146
2023-03-20,56.795,51.615,56.9615,47.952,3049
2023-03-21,51.2635,55.518685,58.46,50.135,2214
2023-03-22,61.05,56.3325,61.05,54.3345,2044
2023-03-23,55.87,55.315,57.35,55.315,3079
2023-03-24,55.5,53.65,55.5,51.8,1439
2023-03-27,53.65,53.2985,54.575,51.837,1388
2023-03-28,53.317,52.54,55.5,51.8,2015
2023-03-29,52.355,47.73,56.0365,46.25,15424
2023-03-30,47.73,48.655,51.8,46.435,17309
2023-03-31,48.1,47.545,51.0045,44.4925,28919
2023-04-03,46.435,44.4185,48.0075,43.697,25863
2023-04-04,44.4,44.0115,44.77,37.333,8290
2023-04-05,44.215,42.846,47.73,40.885,6012
2023-04-06,42.55,42.365,46.25,38.9425,24929
2023-04-10,39.4975,38.628,40.3115,37.3885,5833
2023-04-11,38.665,35.89,41.44,34.2805,18117
2023-04-12,36.075,33.3185,37.0,33.0965,12615
2023-04-13,33.3,27.01,33.3,26.9915,26367
2023-04-14,27.935,28.12,34.928,26.6585,24632
2023-04-17,28.268,27.750185,28.675,27.3985,8662
2023-04-18,30.895,27.935,31.82,27.75,65311
2023-04-19,28.675,27.935,28.675,26.825,11734
2023-04-20,27.75,27.38,28.49,25.9,9976
2023-04-21,26.825,25.53,27.1025,24.2535,9024
2023-04-24,25.3265,24.235,25.345,23.1065,6849
2023-04-25,27.75,22.1815,27.75,21.2195,30490
2023-04-26,20.831,14.8925,21.09,14.4485,73582
2023-04-27,15.3365,14.43,16.465,13.69,60111
2023-04-28,15.688,20.461,24.8825,12.5245,450514
2023-05-01,17.908,13.32,19.4805,12.728,194528
2023-05-02,14.8,14.7445,15.8175,13.32,120974
2023-05-03,14.3375,13.505,14.8,13.1535,66365
2023-05-04,13.7825,12.099,13.801,11.137,140797
2023-05-05,11.47,10.915,11.7105,9.361,169272
2023-05-08,12.5615,11.359,13.2275,10.6375,143590
2023-05-09,11.0815,11.0075,11.285,10.286,61259
2023-05-10,9.62,9.805,10.7115,8.251,142730
2023-05-11,9.7125,9.0465,9.805,8.7875,40110
2023-05-12,9.398,8.843,9.62,8.51,41933
2023-05-15,8.806,8.251,8.806,7.585,48322
2023-05-16,8.0105,7.03,8.14,6.1235,336704
2023-05-17,11.914,10.0825,13.579,9.694,1483856
2023-05-18,11.1,9.657,12.0065,9.065,420360
2023-05-19,9.4905,7.8625,9.7125,7.511,228673
2023-05-22,7.659,7.7885,8.1955,7.141,138557
2023-05-23,7.7885,8.6025,8.806,7.4925,125373
2023-05-24,8.3065,8.325,8.695,8.029,54716
2023-05-25,8.177,7.955,8.4915,7.03,59435
2023-05-26,8.325,7.77,8.325,7.4185,26342
2023-05-30,8.4175,8.51,8.695,7.955,136387
2023-05-31,8.695,8.362,8.7505,8.251,37617
2023-06-01,8.362,8.4545,8.7875,7.6405,44436
2023-06-02,8.473,8.14,8.6025,8.14,35190
2023-06-05,7.8995,8.3435,8.584,7.77,41967
2023-06-06,8.325,8.0475,8.4915,7.955,32608
2023-06-07,8.0845,8.14,8.325,7.77,36583
2023-06-08,8.325,7.187065,8.4915,6.993,129462
2023-06-09,7.0,7.14,7.8,6.75,254110
2023-06-12,8.62,7.82,8.9,7.42,503564
2023-06-13,7.51,8.44,8.9,7.51,397722
2023-06-14,20.29,14.41,23.16,12.8801,16231830
2023-06-15,13.56,13.12,16.0,13.02,1436160
2023-06-16,13.09,10.89,13.09,10.66,497114
2023-06-20,10.36,9.13,10.86,9.085,192377
2023-06-21,8.74,8.51,10.36,7.48,351377
2023-06-22,8.56,8.99,9.46,8.5456,140308
2023-06-23,8.75,8.5,9.06,8.5,54343
2023-06-26,8.55,8.45,8.89,7.775,124450
2023-06-27,8.25,8.9,10.3,8.03,106961
2023-06-28,8.73,9.75,9.96,8.73,114526
2023-06-29,9.7,9.52,9.9,9.31,56989
2023-06-30,9.8,9.29,9.94,8.93,56543
2023-07-03,9.44,9.29,9.7998,9.12,41967
2023-07-05,9.25,9.3171,9.47,8.89,89258
2023-07-06,9.07,9.2,9.55,8.58,95251
2023-07-07,9.45,9.2,9.45,9.0001,50579
2023-07-10,9.44,9.49,9.82,9.1,134453
2023-07-11,9.65,11.0,11.8799,9.6,203198
2023-07-12,10.65,10.25,11.0,10.03,54562
2023-07-13,10.5,10.65,10.79,10.1,77494
2023-07-14,10.4,10.48,10.9,10.4,55990
2023-07-17,10.42,10.27,10.59,10.01,38346
2023-07-18,10.2,10.25,10.6856,10.1304,39087
2023-07-19,10.15,9.11,10.525,8.6266,83212
2023-07-20,9.02,8.62,9.11,8.6,37928
2023-07-21,8.75,8.91,9.1,8.75,19246
2023-07-24,8.82,8.75,8.8876,8.51,27548
2023-07-25,8.8499,8.36,8.8499,8.36,23235
2023-07-26,8.7004,8.58,8.7004,8.3003,7816
2023-07-27,8.82,8.77,8.82,8.4746,14379
2023-07-28,8.89,9.11,10.79,8.4797,189699
2023-07-31,8.86,9.76,9.79,8.66,31783
2023-08-01,9.41,9.06,9.42,8.9108,12443
2023-08-02,9.3,8.72,9.3,8.7,19561
2023-08-03,8.5704,8.02,9.09,8.0,42544
2023-08-04,8.1761,7.34,8.1761,7.2793,31101
2023-08-07,7.5,7.3,7.5,7.3,10249
2023-08-08,7.39,7.37,7.4,7.1,7358
2023-08-09,7.2,7.51,7.59,7.1,16279
2023-08-10,7.54,7.75,7.8987,7.54,9435
2023-08-11,7.99,7.32,8.2,6.7525,59549
2023-08-14,6.86,6.81,7.2,6.5,17772
2023-08-15,7.58,7.05,7.6,7.01,18501
2023-08-16,7.78,10.71,13.45,7.51,6501813
2023-08-17,9.34,9.03,10.39,8.58,279537
2023-08-18,8.83,7.77,9.06,7.251,109144
2023-08-21,7.78,7.66,7.79,7.06,48650
2023-08-22,7.37,7.5,7.8529,7.12,72029
2023-08-23,7.54,7.09,8.2,7.05,60857
2023-08-24,7.54,7.55,9.3996,7.2,714498
2023-08-25,7.4,7.525,7.94,7.25,55612
2023-08-28,7.56,8.24,8.5,7.5,112383
2023-08-29,8.5,8.79,9.05,8.18,100649
2023-08-30,8.89,8.8,8.9999,8.53,20928
2023-08-31,8.8,9.74,10.5,8.8,127898
2023-09-01,10.02,9.93,10.8,9.56,99345
2023-09-05,9.83,9.64,9.96,8.46,60693
2023-09-06,8.94,8.08,8.94,8.08,45689
2023-09-07,7.88,7.83,8.4699,7.8,25835
2023-09-08,8.25,8.12,8.35,7.76,137391
2023-09-11,8.96,8.96,8.96,8.96,500
2023-09-12,8.55,8.13,9.16,8.04,241128
2023-09-13,8.43,10.65,11.6599,8.4001,443918
2023-09-14,9.76,10.52,11.2,9.7,216236
2023-09-15,10.0,10.4,10.6,9.54,65848
2023-09-18,10.2,10.3,10.46,9.9101,50184
2023-09-19,10.08,10.85,11.5998,10.08,60177
2023-09-20,11.54,11.33,11.81,10.6601,60266
2023-09-21,10.91,11.35,11.6999,10.9,70567
2023-09-22,11.16,12.79,14.34,11.16,148185
2023-09-25,12.14,12.12,12.7,12.0325,23032
2023-09-26,12.13,12.59,12.6,12.0,23977
2023-09-27,12.97,12.83,13.19,12.2601,22107
2023-09-28,12.53,13.12,13.315,12.3801,18186
2023-09-29,12.62,13.43,13.5,12.6,32200
2023-10-02,14.03,13.08,14.03,12.7,23294
2023-10-03,13.02,12.0,13.02,11.281,27168
2023-10-04,11.67,11.2,12.7,9.17,110713
2023-10-05,11.61,12.8,14.33,11.01,380657
2023-10-06,13.45,13.4,13.95,12.83,205535
2023-10-09,13.03,12.905,14.2999,12.88,91913
2023-10-10,12.99,13.5,14.2,12.99,172098
2023-10-11,13.5,12.7,14.0,12.16,201443
2023-10-12,12.57,12.74,13.49,12.52,119938
2023-10-13,12.75,12.88,13.44,12.6218,162212
2023-10-16,12.8799,13.23,14.0,12.5,176414
2023-10-17,13.16,13.0,13.4194,12.9,25178
2023-10-18,13.06,12.56,13.0905,12.54,20307
2023-10-19,12.32,12.84,12.84,12.315,19481
2023-10-20,12.83,12.65,12.9,12.46,69361
2023-10-23,13.21,12.65,13.21,12.65,46869
2023-10-24,13.37,13.03,14.04,12.93,106974
2023-10-25,13.05,13.25,13.99,13.02,78377
2023-10-26,13.0,13.07,13.33,12.653,33520
2023-10-27,13.31,12.844,13.31,12.844,45890
2023-10-30,13.09,12.925,13.33,12.925,52133
2023-10-31,12.72,13.13,13.19,12.72,55339
2023-11-01,13.0,12.9,13.74,12.63,104259
2023-11-02,12.85,13.0,13.2729,12.74,127937
2023-11-03,12.91,12.68,13.45,12.62,109767
2023-11-06,12.5001,12.7,12.99,12.5001,58772
2023-11-07,12.56,12.53,12.63,12.5,4226
2023-11-08,12.1167,12.05,12.5,12.0,60800
2023-11-09,11.4,10.28,11.66,9.71,84742
2023-11-10,10.44,10.46,11.4999,10.1,16573
2023-11-13,10.03,8.72,10.03,8.35,44007
2023-11-14,8.99,8.5,8.99,8.0192,26916
2023-11-15,7.84,8.34,8.4999,7.84,27763
2023-11-16,8.32,7.88,8.4,7.88,8297
2023-11-17,7.74,6.8,7.74,6.69,49224
2023-11-20,6.94,7.07,7.3899,6.71,14704
2023-11-21,7.15,6.86,7.5,6.0301,76349
2023-11-22,6.64,6.35,6.92,6.05,82793
2023-11-24,6.02,6.18,6.61,5.7866,46122
2023-11-27,6.29,4.9,6.29,4.8,144050
2023-11-28,5.0,4.97,5.19,4.85,60111
2023-11-29,5.19,3.69,5.19,3.465,252462
2023-11-30,3.69,3.02,3.82,2.9414,122104
2023-12-01,3.1,3.11,3.23,2.8001,98027
2023-12-04,3.14,3.7,3.84,3.14,108556
2023-12-05,3.7,3.63,4.2199,3.51,55154
2023-12-06,3.63,3.64,3.83,3.45,23684
2023-12-07,3.71,3.87,3.99,3.48,37496
2023-12-08,3.96,3.97,4.3333,3.77,17478
2023-12-11,4.11,3.88,4.11,3.76,9658
2023-12-12,3.74,3.89,3.89,3.7328,3308
2023-12-13,3.89,3.61,4.0625,3.61,8588
2023-12-14,3.6786,3.8299,3.85,3.6786,4395
2023-12-15,3.667,3.76,3.79,3.6,11459
2023-12-18,3.7,3.32,3.82,3.3,52944
2023-12-19,3.3,3.35,3.62,3.3,20343
2023-12-20,3.38,3.43,3.67,3.38,10436
2023-12-21,3.7866,3.53,3.7866,3.5,6945
2023-12-22,3.55,3.69,3.8,3.45,23773
2023-12-26,3.5501,3.57,3.74,3.55,11458
2023-12-27,3.61,3.56,3.65,3.51,11456
2023-12-28,3.5,3.85,3.85,3.5,18174
2023-12-29,3.85,3.85,4.0591,3.7402,28461
2024-01-02,3.89,3.82,3.9899,3.8101,6140
2024-01-03,3.86,3.87,3.9,3.67,21837
2024-01-04,3.81,3.47,3.81,3.41,9343
2024-01-05,3.47,3.42,3.57,3.4001,3101
2024-01-08,3.53,3.75,3.7502,3.48,5927
2024-01-09,3.5222,3.58,3.75,3.5222,4490
2024-01-10,3.63,3.58,3.63,3.52,4113
2024-01-11,3.5,3.69,3.69,3.5,2014
2024-01-12,3.63,3.53,3.68,3.51,4112
2024-01-16,3.52,3.52,3.56,3.52,3555
2024-01-17,3.64,3.48,3.64,3.4,8255
2024-01-18,3.4114,3.4,3.42,3.3,4366
2024-01-19,3.4201,3.38,3.54,3.38,5318
2024-01-22,3.47,3.58,3.58,3.42,3812
2024-01-23,3.495,3.59,3.59,3.44,1829
2024-01-24,3.46,3.49,3.4991,3.3903,5608
2024-01-25,3.28,3.49,3.49,3.28,5213
2024-01-26,3.52,3.32,3.52,3.32,1646
2024-01-29,3.15,3.11,3.41,3.11,12192
2024-01-30,3.1,2.89,3.11,2.8501,7963
2024-01-31,3.0067,2.95,3.0067,2.8,7942
2024-02-01,2.89,2.5094,3.1,2.25,43138
2024-02-02,2.73,2.47,2.73,2.4401,7435
2024-02-05,2.5,2.47,2.5545,2.47,8353
2024-02-06,2.42,2.36,2.42,2.25,6938
2024-02-07,2.38,2.12,2.38,2.11,13173
2024-02-08,2.65,3.68,4.55,2.41,2813111
2024-02-09,3.13,3.36,4.1,3.06,458968
2024-02-12,3.25,4.35,4.5,3.2056,227962
2024-02-13,4.0,3.89,4.25,3.61,67789
2024-02-14,3.37,3.61,3.9889,3.35,49231
2024-02-15,3.73,3.47,3.98,3.45,22928
2024-02-16,3.5,3.234,3.73,3.07,64456
2024-02-20,3.0584,3.29,3.4,3.0584,17086
2024-02-21,3.6,3.45,3.6,3.22,23243
2024-02-22,3.45,3.15,3.45,3.11,20066
2024-02-23,3.14,2.89,3.14,2.68,40937
2024-02-26,2.85,2.33,2.85,2.33,27675
2024-02-27,2.52,3.44,4.2,2.52,1319011
2024-02-28,3.44,3.61,3.7993,3.1501,116049
2024-02-29,3.66,3.68,3.7899,3.41,29232
2024-03-01,3.69,3.4601,3.69,3.2294,38792
2024-03-04,3.5,3.6,3.67,3.3011,16490
2024-03-05,3.65,3.58,3.65,3.3003,11360
2024-03-06,3.6,3.61,3.91,3.6,51549
2024-03-07,3.68,3.45,3.68,3.31,41915
2024-03-08,3.44,3.445,3.89,3.43,31521
2024-03-11,3.45,3.4,3.45,3.21,7725
2024-03-12,3.37,3.39,3.41,3.1,9938
2024-03-13,3.27,3.27,3.4,3.25,8560
2024-03-14,3.2807,3.45,3.63,3.22,13549
2024-03-15,3.49,3.335,3.49,3.15,14437
2024-03-18,3.5,3.16,3.5,3.16,1564
2024-03-19,3.31,3.37,3.73,3.1907,28568
2024-03-20,3.43,3.61,3.882,3.4225,21749
2024-03-21,3.565,4.02,4.25,3.565,50757
2024-03-22,4.0,4.13,4.26,3.76,22134
2024-03-25,4.03,4.08,4.3,3.87,18574
2024-03-26,4.075,4.46,4.783,4.0,65399
2024-03-27,4.55,5.83,5.95,4.27,157103
2024-03-28,6.0,4.8,6.2,4.8,50911
2024-04-01,5.28,5.05,5.48,4.8,9345
2024-04-02,5.3,4.07,5.57,4.0001,21529
2024-04-03,4.3,4.835,6.66,3.8307,323876
2024-04-04,4.69,5.53,5.67,4.5704,43261
2024-04-05,5.22,5.22,5.575,5.01,16677
2024-04-08,5.45,5.78,5.93,5.45,32377
2024-04-09,5.8,5.82,6.26,5.75,38089
2024-04-10,5.5,5.96,6.1,5.5,38861
2024-04-11,6.1771,6.215,6.58,5.99,20739
2024-04-12,6.26,6.0254,6.26,5.73,5983
2024-04-15,5.5001,5.6681,5.9721,5.5001,2860
2024-04-16,5.85,5.5,5.85,5.5,8736
2024-04-17,5.7564,5.5822,5.7564,5.4,2376
2024-04-18,5.3,5.3,5.525,5.078,5666
2024-04-19,6.0,5.98,6.59,5.5,162788
2024-04-22,6.2,5.3,6.5,5.0,81937
2024-04-23,5.58,5.57,5.8,5.55,54412
2024-04-24,5.7,5.07,5.787,5.0,25237
2024-04-25,5.37,5.0753,5.37,5.0,15484
2024-04-26,5.0,4.6,5.0713,4.6,16655
2024-04-29,4.28,4.25,4.65,4.2128,14719
2024-04-30,4.2,4.17,4.29,4.08,7092
2024-05-01,3.9101,3.705,4.0,3.705,5261
2024-05-02,4.13,4.8,5.06,4.13,95465
2024-05-03,4.802,4.78,4.9,4.53,29697
2024-05-06,4.65,4.2789,4.829,3.8,25417
2024-05-07,4.35,4.19,4.4167,4.18,6674
2024-05-08,3.93,4.12,4.4,3.93,11652
2024-05-09,3.99,4.07,4.07,3.99,840
2024-05-10,4.25,4.25,4.25,4.25,457
2024-05-13,4.26,5.03,5.3999,4.2381,172787
2024-05-14,5.0,5.0401,5.2501,4.87,42165
2024-05-15,5.3,4.95,5.3,4.95,20192
2024-05-16,5.2,5.1,5.85,5.05,39904
2024-05-17,5.17,4.9,5.17,4.9,12682
2024-05-20,4.85,4.74,4.96,4.54,20647
2024-05-21,4.6342,4.59,4.7044,4.5,10133
2024-05-22,4.5,4.39,4.7646,4.39,11856
2024-05-23,4.504,4.395,4.504,4.3,7451
2024-05-24,4.272,4.35,4.35,4.2,4929
2024-05-28,4.01,4.02,4.2,3.93,13528
2024-05-29,3.84,3.85,4.035,3.82,6257
2024-05-30,3.91,3.76,3.91,3.76,2088
2024-05-31,3.79,3.79,3.79,3.76,6678
2024-06-03,3.75,3.7,3.88,3.7,10477
2024-06-04,3.795,3.76,3.837,3.6001,3161
2024-06-05,3.48,3.48,3.6,3.3001,8832
2024-06-06,3.37,3.346,3.525,3.2501,6927
2024-06-07,3.27,3.23,3.301,3.16,12539
2024-06-10,3.39,3.25,3.4575,3.235,7469
2024-06-11,3.25,3.27,3.419,3.25,2739
2024-06-12,3.39,3.5,3.59,3.38,8147
2024-06-13,3.6,3.905,4.38,3.6,68803
2024-06-14,4.03,4.3139,4.35,3.9101,19605
2024-06-17,4.47,4.48,4.6,4.36,132125
2024-06-18,4.8,4.46,4.8,4.05,12700
2024-06-20,4.5,4.96,5.5,4.41,51939
2024-06-21,4.94,4.87,5.2,4.6,23898
2024-06-24,4.77,5.01,5.2,4.67,4956
2024-06-25,4.59,4.5604,4.7826,4.55,6438
2024-06-26,4.39,4.36,4.611,4.27,7795
2024-06-27,4.37,4.45,4.6,4.3,2692
2024-06-28,4.52,4.5418,4.77,4.445,1137
2024-07-01,4.55,4.59,4.6091,4.365,3584
2024-07-02,4.06,4.365,4.54,4.06,1635
2024-07-03,4.56,4.36,4.6,4.262,6389
2024-07-05,4.36,4.36,4.36,4.0501,71196
2024-07-08,4.59,4.61,4.7,4.555,304466
2024-07-09,4.64,4.37,4.8,4.37,7212
2024-07-10,4.37,4.8,4.8,4.0,25016
2024-07-11,4.4,4.91,5.41,4.26,95678
2024-07-12,5.24,5.195,5.65,4.99,95131
2024-07-15,5.31,5.25,5.6,4.68,114717
2024-07-16,5.25,5.45,5.8,5.2,163902
2024-07-17,5.43,5.65,5.75,5.3,135036
2024-07-18,5.63,5.72,5.8,5.6,119528
2024-07-19,5.68,5.75,6.0,5.42,173738
2024-07-22,5.78,5.8,5.99,5.43,260164
2024-07-23,5.86,5.82,5.96,5.67,177619
2024-07-24,5.86,2.57,5.86,1.83,965732
2024-07-25,2.45,2.04,2.57,1.9,199962
2024-07-26,2.03,1.53,2.14,1.49,550964
2024-07-29,1.53,1.2,1.62,1.08,578743
2024-07-30,1.16,1.09,1.16,1.08,110117
2024-07-31,1.15,1.39,1.45,1.1,710088
2024-08-01,1.3,1.92,2.11,1.3,1519456
2024-08-02,1.7,1.65,1.78,1.52,233072
2024-08-05,1.58,1.41,1.58,1.3,154497
2024-08-06,1.46,1.3298,1.48,1.3,55149
2024-08-07,1.38,1.4,1.85,1.2799,734431
2024-08-08,1.33,1.08,1.4074,0.97,236861
2024-08-09,1.07,1.16,1.1699,1.07,47884
2024-08-12,1.15,1.32,1.41,1.145,183858
2024-08-13,1.31,1.34,1.39,1.3091,15265
2024-08-14,1.35,1.29,1.3854,1.26,32999
2024-08-15,1.29,1.2697,1.29,1.1502,27029
2024-08-16,1.3,1.28,1.3,1.18,9596
2024-08-19,1.34,1.35,1.4,1.29,34891
2024-08-20,1.34,1.31,1.34,1.24,54426
2024-08-21,1.33,1.31,1.345,1.21,23600
2024-08-22,1.32,1.59,1.64,1.32,65365
2024-08-23,1.58,1.55,1.61,1.4201,35291
2024-08-26,1.63,1.58,1.6994,1.55,100015
2024-08-27,1.58,1.58,1.5998,1.45,32794
2024-08-28,1.47,1.33,1.53,1.28,58886
2024-08-29,1.32,1.3812,1.3994,1.3001,8359
2024-08-30,1.34,1.41,1.41,1.34,6195
2024-09-03,1.36,1.4,1.43,1.35,41778
2024-09-04,1.33,1.32,1.42,1.31,7618
2024-09-05,1.37,1.33,1.3798,1.31,2872
2024-09-06,1.34,1.31,1.3407,1.3,5786
2024-09-09,1.3,1.3,1.3151,1.3,2012
2024-09-10,1.28,1.27,1.33,1.25,17931
2024-09-11,1.2502,1.29,1.33,1.2313,7568
2024-09-12,1.2912,1.285,1.33,1.28,3717
2024-09-13,1.3534,1.2966,1.3534,1.26,8196
2024-09-16,1.29,1.23,1.32,1.23,11261
2024-09-17,1.28,1.2325,1.3292,1.2325,5319
2024-09-18,1.33,1.336,1.3556,1.25,20089
2024-09-19,1.38,1.2735,1.38,1.2735,10734
2024-09-20,1.2607,1.26,1.3601,1.25,4375
2024-09-23,1.33,1.01,1.33,1.004097,229159
2024-09-24,1.02,1.155,1.23,1.02,63970
2024-09-25,1.2,1.08,1.2,1.07,13697
2024-09-26,1.1694,1.18,1.21,1.14,15908
2024-09-27,1.18,1.181,1.24,1.16,25846
2024-09-30,1.24,1.22,1.31,1.1906,19229
2024-10-01,1.31,1.27,1.31,1.19,5126
2024-10-02,1.33,1.3,1.33,1.21,8503
2024-10-03,1.3,1.2204,1.3,1.2204,4870
2024-10-04,1.35,1.3,1.35,1.2291,5169
2024-10-07,1.31,1.25,1.34,1.2,19746
2024-10-08,1.19,1.215,1.24,1.19,3277
2024-10-09,1.2,1.18,1.2499,1.18,11567
2024-10-10,1.26,1.23,1.26,1.1935,8016
2024-10-11,1.2,1.2,1.21,1.2,1968
2024-10-14,1.23,1.2,1.23,1.1,10921
2024-10-15,1.19,1.163,1.2298,1.134,5408
2024-10-16,1.15,1.19,1.2138,1.15,4808
2024-10-17,1.19,1.15,1.19,1.14,5116
2024-10-18,1.12,1.17,1.2,1.1,24226
2024-10-21,1.17,1.163,1.17,1.12,9643
2024-10-22,1.17,1.17,1.1799,1.13,8990
2024-10-23,1.16,1.16,1.17,1.15,3332
2024-10-24,1.18,1.1201,1.19,1.12,9633
2024-10-25,1.18,1.15,1.2096,1.1,15722
2024-10-28,1.15,1.17,1.181,1.04,28231
2024-10-29,1.1,1.1456,1.17,1.09,8378
2024-10-30,1.0701,1.08,1.1199,1.07,3239
2024-10-31,1.0801,1.04,1.081,0.9676,28198
2024-11-01,1.04,1.0,1.04,0.979,10107
2024-11-04,0.98,0.9953,1.0762,0.975,30606
2024-11-05,1.050631,0.9954,1.050631,0.96,19411
2024-11-06,1.0,1.06,1.1233,0.9404,55588
2024-11-07,1.16,1.03,1.16,1.02,23171
2024-11-08,1.12,1.06,1.12,0.97,16535
2024-11-11,1.06,1.15,1.21,1.03,78503
2024-11-12,1.17,2.03,2.49,1.11,5585489
2024-11-13,2.3,2.06,3.14,1.68,4683723
2024-11-14,2.07,1.9,2.1589,1.63,710449
2024-11-15,1.86,1.89,1.9865,1.6,305653
2024-11-18,2.1,1.7,2.11,1.7,154519
2024-11-19,1.99,2.75,2.81,1.7344,3728931
2024-11-20,3.0,2.0,3.8,1.96,1810255
2024-11-21,2.24,2.31,2.48,2.1,531315
2024-11-22,2.25,2.4,2.4998,2.18,196752
2024-11-25,2.48,2.27,2.48,2.11,149179
2024-11-26,2.16,2.05,2.19,1.76,121413
2024-11-27,2.05,2.06,2.35,1.99,189866
2024-11-29,2.05,2.41,2.6,2.05,195023
2024-12-02,2.43,2.27,2.48,2.24,128503
2024-12-03,2.37,2.2,2.4,2.05,51392
2024-12-04,2.25,2.27,2.34,2.15,81776
2024-12-05,2.4,2.3,2.65,2.0318,234517
2024-12-06,2.15,2.43,2.7,2.15,151332
2024-12-09,2.54,2.38,2.57,2.31,87220
2024-12-10,2.31,2.26,2.5,2.2,47606
2024-12-11,2.25,2.49,2.49,2.25,48492
2024-12-12,2.49,2.31,2.515,2.2807,58318
2024-12-13,2.31,2.09,2.36,1.9517,82250
2024-12-16,2.0,2.13,2.3372,2.0,156359
2024-12-17,2.16,2.14,2.27,2.0,31960
2024-12-18,2.19,2.02,2.225,1.99,101619
2024-12-19,2.01,1.9,2.14,1.9,30935
2024-12-20,1.91,1.9,2.07,1.84,33957
2024-12-23,1.9,2.13,2.14,1.9,27180
2024-12-24,2.15,2.0544,2.2,1.96,24383
2024-12-26,2.1,2.29,2.31,2.1,30762
2024-12-27,2.2,2.58,2.58,2.12,101023
2024-12-30,2.51,2.47,2.6,2.33,94511
2024-12-31,2.57,2.44,2.57,2.38,36025
2025-01-02,2.52,3.07,3.4,2.44,241105
2025-01-03,3.12,3.04,3.21,2.76,57593
2025-01-06,3.04,3.13,3.14,2.84,40587
2025-01-07,3.18,2.99,3.18,2.881,28269
2025-01-08,2.95,2.56,2.95,2.41,91112
2025-01-10,2.91,2.71,2.91,2.5,30085
2025-01-13,2.7,2.41,2.72,2.41,10337
2025-01-14,2.46,2.47,2.8,2.46,22086
2025-01-15,2.58,2.5,2.7825,2.27,37763
2025-01-16,2.42,2.48,2.5145,2.42,6843
2025-01-17,2.47,2.82,2.84,2.47,53228
2025-01-21,2.86,2.92,3.11,2.84,51497
2025-01-22,3.0,2.79,3.3845,2.65,1123201
2025-01-23,3.06,3.04,3.73,2.78,1092800
2025-01-24,2.9,1.4,3.0934,1.0505,2559097
2025-01-27,1.4,1.39,1.6,1.221,626289
2025-01-28,1.4,1.41,1.44,1.23,162649
2025-01-29,1.5,1.4,1.5,1.36,91136
2025-01-30,1.38,1.37,1.4334,1.32,47342
2025-01-31,1.32,1.32,1.3864,1.3,41916
2025-02-03,1.28,1.43,1.4445,1.21,56004
2025-02-04,1.45,1.33,1.45,1.28,25644
2025-02-05,1.34,1.32,1.42,1.25,37268
2025-02-06,1.26,1.26,1.3099,1.26,10736
2025-02-07,1.35,1.24,1.35,1.1502,54994
2025-02-10,1.2,1.23,1.25,1.08,127359
2025-02-11,1.21,1.2,1.23,1.15,204033
2025-02-12,1.13,1.16,1.1999,1.11,207990
2025-02-13,1.15,1.21,1.21,1.13,40362
2025-02-14,1.21,1.19,1.23,1.17,58709
2025-02-18,1.18,1.09,1.18,1.07,121423
2025-02-19,1.08,1.06,1.137,1.03,92304
2025-02-20,1.07,1.27,1.4,1.0501,1045606
2025-02-21,1.29,1.31,1.4,1.18,1070603
2025-02-24,1.31,1.25,1.39,1.19,1044001
2025-02-25,1.25,1.11,1.31,1.09,739464
2025-02-26,1.11,1.31,1.48,1.11,1066329
2025-02-27,1.25,0.7606,1.76,0.7121,7200186
2025-02-28,0.77,0.67,0.866,0.6,3877155
2025-03-03,0.7,0.6627,0.8,0.651,3335052
2025-03-04,0.66,0.6,0.736,0.523,2151497
2025-03-05,0.6,0.4999,0.67,0.4897,1623586
2025-03-06,0.4753,0.498,0.5,0.453,238685
2025-03-07,0.4731,0.491,0.52,0.4515,163653
2025-03-10,0.4615,0.4116,0.58,0.39,1410858
2025-03-11,0.4116,0.3704,0.44,0.36,1062983
2025-03-12,0.37,0.3399,0.4,0.33,1228613
2025-03-13,0.3067,0.321,0.361,0.28,1595028
2025-03-14,0.333,0.3164,0.333,0.2798,277766
2025-03-17,0.313,0.334,0.3362,0.30184,115320
2025-03-18,0.3403,0.337,0.3441,0.325,107325
2025-03-19,0.316,0.34,0.35,0.316,49559
2025-03-20,0.33,0.3502,0.3601,0.33,192523
2025-03-21,0.3401,0.361,0.368,0.3272,123804
2025-03-24,0.365,0.319,0.365,0.3101,209940
2025-03-25,0.31,0.2982,0.3158,0.2801,181643
2025-03-26,0.2932,0.309,0.312949,0.2932,34792
2025-03-27,0.3,0.322,0.3225,0.3,27447
2025-03-28,0.305,0.3047,0.312132,0.3,89994
2025-03-31,0.32,0.3087,0.32,0.29,98451
2025-04-01,0.2996,0.2963,0.31,0.2778,69398
2025-04-02,0.295,0.29,0.3019,0.28183,146697
2025-04-03,0.281,0.2639,0.289,0.263758,74837
2025-04-04,0.26,0.2599,0.263,0.2405,176046
2025-04-07,0.23501,0.2494,0.2728,0.23501,88247
2025-04-08,0.25,0.2329,0.25,0.225,80147
2025-04-09,0.25,0.255,0.2599,0.2201,60379
2025-04-10,0.2598,0.251,0.2598,0.2305,64483
2025-04-11,0.2386,0.249,0.2495,0.2309,28269
