2019-10-10,24.94,24.9,24.97,24.85,62000
2019-10-11,25.0,24.95,25.0,24.87,1465937
2019-10-14,24.97,24.96,25.0,24.9,108480
2019-10-15,24.96,24.9,24.97,24.83,317135
2019-10-16,24.92,24.89,24.94,24.83,104872
2019-10-17,24.98,24.92,24.98,24.85,388171
2019-10-18,24.9,24.95,24.95,24.87,171404
2019-10-21,24.96,24.96,24.99,24.88,101212
2019-10-22,24.96,24.92,24.9634,24.91,78388
2019-10-23,24.94,24.95,24.98,24.92,93317
2019-10-24,24.99,24.95,25.02,24.9387,87373
2019-10-25,24.97,24.98,25.01,24.95,70286
2019-10-28,24.99,24.97,25.02,24.93,76558
2019-10-29,24.95,24.93,24.96,24.93,105415
2019-10-30,24.95,24.97,25.02,24.87,274090
2019-10-31,25.02,24.92,25.1,24.87,728661
2019-11-01,24.92,25.06,25.07,24.87,255140
2019-11-04,25.05,24.96,25.05,24.94,52697
2019-11-05,24.97,24.97,25.03,24.92,67350
2019-11-06,24.99,25.0,25.01,24.95,57184
2019-11-07,25.0,24.95,25.03,24.94,40433
2019-11-08,24.93,25.01,25.08,24.93,45056
2019-11-11,25.0,25.0,25.04,24.95,30546
2019-11-12,25.03,25.02,25.071,24.99,41292
2019-11-13,25.0681,25.02,25.08,25.01,40763
2019-11-14,25.08,25.12,25.1772,25.0798,41818
2019-11-15,25.15,25.14,25.15,25.12,17047
2019-11-18,25.11,25.05,25.14,25.03,52420
2019-11-19,25.1,25.02,25.1192,25.02,81020
2019-11-20,25.1,25.0,25.1,24.98,76785
2019-11-21,25.01,25.01,25.06,25.0,51867
2019-11-22,25.07,25.01,25.0894,25.0,33076
2019-11-25,25.03,25.0,25.05,24.99,84765
2019-11-26,25.03,25.02,25.09,25.02,26984
2019-11-27,25.05,25.03,25.0683,25.03,16723
2019-11-29,25.1,25.14,25.14,25.05,20682
2019-12-02,25.1,25.0,25.12,25.0,93069
2019-12-03,25.03,24.98,25.0414,24.97,52611
2019-12-04,24.98,24.94,25.05,24.92,71439
2019-12-05,25.0,24.95,25.0094,24.93,16315
2019-12-06,24.95,25.02,25.04,24.9,47665
2019-12-09,25.04,25.02,25.05,25.0,10522
2019-12-10,25.05,25.057,25.07,25.001,243484
2019-12-11,25.18,25.14,25.18,25.1,251520
2019-12-12,25.19,25.11,25.2,25.07,120186
2019-12-13,25.1,25.13,25.19,25.1,100114
2019-12-16,25.19,25.13,25.19,25.1,96769
2019-12-17,25.18,25.13,25.2,25.13,105473
2019-12-18,25.2,25.18,25.2,25.13,30612
2019-12-19,25.18,25.2,25.28,25.152,66032
2019-12-20,25.28,25.21,25.2891,25.2,44817
2019-12-23,25.34,25.28,25.35,25.21,50099
2019-12-24,25.34,25.34,25.35,25.275,24642
2019-12-26,25.34,25.35,25.35,25.28,47306
2019-12-27,25.35,25.6387,25.6799,25.338,142040
2019-12-30,25.54,25.15,25.54,25.06,227434
2019-12-31,25.2,25.24,25.24,25.05,92258
2020-01-02,25.24,25.26,25.3,25.12,98332
2020-01-03,25.23,25.37,25.38,25.23,62126
2020-01-06,25.48,25.25,25.48,25.25,55091
2020-01-07,25.36,25.2,25.36,25.16,68413
2020-01-08,25.36,25.22,25.36,25.2,62639
2020-01-09,25.23,25.34,25.38,25.2,34572
2020-01-10,25.34,25.5,25.5149,25.3183,46629
2020-01-13,25.53,25.33,25.53,25.2614,47158
2020-01-14,25.35,25.45,25.53,25.35,36202
2020-01-15,25.37,25.4,25.4551,25.35,50437
2020-01-16,25.35,25.49,25.49,25.261,47446
2020-01-17,25.5,25.93,25.93,25.5,59811
2020-01-21,25.95,25.61,25.9706,25.6,29265
2020-01-22,25.95,25.61,25.95,25.61,21684
2020-01-23,25.61,25.6,25.733,25.5,36380
2020-01-24,25.633,25.57,25.65,25.53,12256
2020-01-27,25.57,25.56,25.5984,25.53,13224
2020-01-28,25.57,25.67,25.69,25.56,16439
2020-01-29,25.68,25.89,25.95,25.59,29767
2020-01-30,25.97,25.61,26.03,25.6,23969
2020-01-31,25.61,25.65,25.9,25.61,16441
2020-02-03,25.88,25.57,25.88,25.57,33169
2020-02-04,25.7472,25.7,25.85,25.6,30458
2020-02-05,25.66,25.92,26.2,25.66,33172
2020-02-06,26.025,25.87,26.08,25.85,10291
2020-02-07,25.8501,25.9,26.0671,25.85,21334
2020-02-10,26.03,26.0,26.1,25.95,21243
2020-02-11,26.05,25.92,26.05,25.76,48924
2020-02-12,25.9,25.9484,25.98,25.75,55976
2020-02-13,26.02,25.995,26.0403,25.9546,16111
2020-02-14,25.972,25.93,26.0495,25.91,15852
2020-02-18,25.92,25.87,25.92,25.81,15789
2020-02-19,25.9,25.9,26.0,25.88,54602
2020-02-20,25.9,25.83,26.0,25.81,23290
2020-02-21,26.0,25.76,26.03,25.76,15609
2020-02-24,26.01,25.76,26.01,25.65,29361
2020-02-25,25.66,25.5438,25.97,25.345,82432
2020-02-26,25.45,25.16,25.54,25.16,92785
2020-02-27,25.2,25.12,25.29,24.66,109029
2020-02-28,25.0,24.49,25.0,23.6174,119150
2020-03-02,24.79,25.25,25.4899,24.65,57591
2020-03-03,25.27,25.65,25.75,25.27,67088
2020-03-04,25.65,25.615,25.69,25.34,122873
2020-03-05,25.75,25.43,25.75,25.33,51429
2020-03-06,25.29,25.2163,25.77,25.07,36751
2020-03-09,24.65,23.05,25.0,21.6,163244
2020-03-10,23.3,22.95,24.15,22.81,85158
2020-03-11,22.81,21.25,23.036,20.01,70620
2020-03-12,20.12,15.89,20.58,12.0,281511
2020-03-13,17.42,17.33,20.0,14.08,279821
2020-03-16,15.0,14.3,16.3137,14.1936,90840
2020-03-17,14.19,10.51,14.28,10.0868,206731
2020-03-18,10.0,5.73,10.0,4.14,288002
2020-03-19,6.87,14.65,16.94,6.5522,394596
2020-03-20,16.12,13.04,18.4,13.04,164335
2020-03-23,13.04,9.1,13.1,8.51,323623
2020-03-24,7.49,3.95,7.49,3.8,1014707
2020-03-25,4.14,4.14,5.3262,3.56,554875
2020-03-26,4.6,7.64,9.99,4.6,624060
2020-03-27,7.75,9.37,9.74,7.75,285727
2020-03-30,10.25,9.4,10.4,7.5,154703
2020-03-31,9.25,8.84,10.0,8.0,158435
2020-04-01,8.01,7.54,8.3235,6.83,164149
2020-04-02,7.36,6.08,7.87,5.95,330002
2020-04-03,6.0,4.8,6.45,4.6,285592
2020-04-06,5.34,7.47,7.7574,5.34,256238
2020-04-07,8.1,9.37,9.74,8.01,162061
2020-04-08,12.13,14.43,14.93,12.13,446307
2020-04-09,15.75,15.53,16.93,15.12,232011
2020-04-13,15.7,16.32,16.5,15.3,116670
2020-04-14,16.6,16.93,16.96,15.4035,79228
2020-04-15,15.9,15.6,16.2553,14.47,55144
2020-04-16,15.14,14.8,15.175,14.55,39240
2020-04-17,15.25,15.41,15.75,14.8,59170
2020-04-20,15.1,15.2,15.6,14.57,35369
2020-04-21,14.57,15.3,15.39,14.3402,42131
2020-04-22,15.15,16.49,16.74,15.02,35808
2020-04-23,16.3,16.51,16.6018,15.85,45905
2020-04-24,15.9265,15.96,16.395,15.276,41670
2020-04-27,15.77,16.25,16.9501,15.77,82931
2020-04-28,16.37,16.47,16.8827,16.31,79801
2020-04-29,16.66,17.62,17.62,16.57,62837
2020-04-30,17.3665,17.26,17.6299,17.0,26530
2020-05-01,16.3,16.16,16.8465,15.82,39950
2020-05-04,15.92,15.9,15.93,15.54,33775
2020-05-05,16.01,17.0,17.042,15.67,76450
2020-05-06,16.75,17.35,17.38,16.13,73301
2020-05-07,17.0,17.25,17.4299,16.96,29811
2020-05-08,17.2,16.34,17.2,15.81,45266
2020-05-11,16.34,15.6,16.45,15.03,43461
2020-05-12,15.59,16.16,17.05,15.59,81900
2020-05-13,16.15,16.47,16.54,15.01,95881
2020-05-14,16.255,16.0,16.2971,15.15,27007
2020-05-15,15.67,15.88,16.1,15.55,15356
2020-05-18,15.9,16.1,16.23,15.71,24471
2020-05-19,16.1,16.12,16.75,15.91,54627
2020-05-20,16.2,16.3,17.12,16.2,77250
2020-05-21,16.13,16.4,16.98,16.13,84806
2020-05-22,16.4,17.25,17.53,16.4,158586
2020-05-26,17.51,18.0,18.0999,17.43,143498
2020-05-27,18.0,18.4,18.43,17.68,85357
2020-05-28,18.12,18.35,19.03,18.12,42857
2020-05-29,18.2,18.82,18.82,18.15,73060
2020-06-01,18.51,18.62,19.0,18.3801,28252
2020-06-02,18.71,18.28,18.881,18.21,33275
2020-06-03,18.3,18.53,18.8871,18.3,29352
2020-06-04,18.5,19.02,19.25,18.31,62055
2020-06-05,19.43,20.6,20.68,19.35,140256
2020-06-08,20.7,22.0,22.0,20.6,198662
2020-06-09,21.69,20.835,21.69,20.66,41737
2020-06-10,20.64,19.82,20.75,18.33,43585
2020-06-11,18.77,18.25,19.22,18.01,67398
2020-06-12,19.06,17.84,19.85,17.29,54568
2020-06-15,17.47,18.8077,19.16,17.19,12355
2020-06-16,19.76,19.65,20.89,19.6,119300
2020-06-17,19.8,20.115,20.4999,19.8,86933
2020-06-18,20.25,20.3,20.48,20.1,46596
2020-06-19,20.45,20.49,20.49,20.1601,114151
2020-06-22,20.35,20.32,20.6399,20.05,105729
2020-06-23,20.45,20.43,20.49,20.2,93150
2020-06-24,20.25,20.05,20.365,19.73,50280
2020-06-25,19.99,20.25,20.3175,19.9001,38754
2020-06-26,20.155,20.19,20.21,19.9,60519
2020-06-29,20.19,20.48,20.48,19.9,57067
2020-06-30,19.59,19.03,19.59,18.885,78146
2020-07-01,19.33,18.9,19.33,18.64,12480
2020-07-02,19.0,18.65,19.0,18.4087,25703
2020-07-06,18.66,18.54,18.85,18.21,30854
2020-07-07,18.51,18.57,18.7,18.11,35522
2020-07-08,18.0962,18.68,18.99,18.09,50105
2020-07-09,18.62,18.5,18.76,18.31,33971
2020-07-10,18.3998,18.63,18.64,18.3095,10760
2020-07-13,18.47,18.13,18.99,17.99,36974
2020-07-14,17.86,18.07,18.09,17.7105,22002
2020-07-15,18.2,18.4,18.41,17.8991,149011
2020-07-16,18.385,18.5,18.66,18.36,14643
2020-07-17,18.87,18.8,18.9,18.23,8894
2020-07-20,18.85,18.59,18.85,18.42,11631
2020-07-21,18.7022,18.66,18.8499,18.39,19501
2020-07-22,18.6015,18.56,18.79,18.425,16201
2020-07-23,18.495,18.46,18.55,18.45,32938
2020-07-24,18.37,18.54,18.55,18.37,4617
2020-07-27,18.54,18.61,18.7,18.53,14097
2020-07-28,18.625,18.65,18.65,18.55,13301
2020-07-29,18.59,19.58,19.6509,18.59,65240
2020-07-30,19.52,19.63,19.7,19.45,16524
2020-07-31,19.31,19.29,19.69,19.03,16213
2020-08-03,19.49,19.73,19.96,19.37,24879
2020-08-04,19.47,19.75,19.8144,19.47,3626
2020-08-05,19.7218,19.7,19.8,19.505,16789
2020-08-06,19.7,19.72,20.025,19.7,30098
2020-08-07,19.85,20.09,20.09,19.85,18433
2020-08-10,20.07,20.37,20.41,20.07,20647
2020-08-11,20.47,20.69,20.69,20.3,71003
2020-08-12,20.58,20.815,20.815,20.52,15810
2020-08-13,20.66,20.89,21.09,20.66,43606
2020-08-14,20.79,21.02,21.2,20.79,14663
2020-08-17,21.0,20.85,21.0,20.67,22085
2020-08-18,20.8311,20.83,20.986,20.57,36493
2020-08-19,20.73,20.79,20.86,20.6,21570
2020-08-20,20.45,20.285,20.75,20.22,27551
2020-08-21,20.48,20.45,21.3186,20.2511,12937
2020-08-24,20.35,20.6,20.99,20.25,26952
2020-08-25,20.7151,20.55,20.85,20.41,15474
2020-08-26,20.53,20.9,20.91,20.53,8612
2020-08-27,20.96,20.84,21.145,20.78,7801
2020-08-28,21.0,20.79,21.2299,20.65,5924
2020-08-31,20.84,20.74,20.84,20.4551,13319
2020-09-01,20.6,20.46,20.71,20.38,10672
2020-09-02,20.58,20.45,20.58,20.152,23717
2020-09-03,20.43,20.31,20.7,20.0,27840
2020-09-04,20.52,20.2489,20.52,20.0,8527
2020-09-08,21.12,20.28,21.24,20.05,42577
2020-09-09,20.2141,20.44,20.59,20.02,7595
2020-09-10,20.36,20.5,20.715,20.33,8449
2020-09-11,20.5,20.35,20.5,20.15,14280
2020-09-14,20.37,20.01,20.4,20.01,25836
2020-09-15,20.39,20.13,20.39,20.0401,19964
2020-09-16,20.15,20.15,20.59,20.15,27560
2020-09-17,20.25,20.21,20.694,20.05,20108
2020-09-18,20.0,20.21,20.3599,20.0,19635
2020-09-21,20.0,19.84,20.2613,19.5,43202
2020-09-22,19.75,19.91,20.182,19.75,43704
2020-09-23,19.96,19.67,20.45,19.5,22791
2020-09-24,19.6,19.74,19.8,19.5,25622
2020-09-25,19.7352,20.08,20.095,19.705,14743
2020-09-28,20.2,20.1542,20.32,20.1542,23162
2020-09-29,20.1,20.3,20.4,19.9137,31768
2020-09-30,19.99,19.83,20.04,19.1,46935
2020-10-01,19.8092,20.02,20.1602,19.8092,8602
2020-10-02,19.72,19.83,19.925,19.56,35857
2020-10-05,19.7369,19.68,19.8267,19.5101,13878
2020-10-06,19.8,19.65,19.8,19.53,22205
2020-10-07,19.7,19.685,19.8,19.64,8237
2020-10-08,19.75,19.79,19.8,19.701,20391
2020-10-09,19.82,19.75,19.82,19.69,12567
2020-10-12,19.71,19.71,19.71,19.55,11297
2020-10-13,19.51,19.55,19.69,19.5,9457
2020-10-14,19.58,19.45,19.59,19.37,11289
2020-10-15,19.25,19.375,19.47,19.25,17495
2020-10-16,19.46,19.22,19.47,19.18,33820
2020-10-19,19.26,19.115,19.27,19.115,21761
2020-10-20,19.15,19.23,19.33,19.1497,40573
2020-10-21,19.21,19.22,19.25,18.9128,37468
2020-10-22,19.25,19.25,19.25,19.14,21982
2020-10-23,19.25,19.55,19.55,19.25,3585
2020-10-26,19.48,19.13,19.48,19.13,29156
2020-10-27,19.1,19.13,19.25,19.1,14460
2020-10-28,19.3099,18.73,19.3099,18.66,40768
2020-10-29,18.73,18.81,19.062,18.73,24376
2020-10-30,18.9,18.85,18.95,18.58,30863
2020-11-02,18.94,19.19,19.35,18.8577,10393
2020-11-03,19.18,19.25,19.3905,19.18,17703
2020-11-04,19.49,19.53,19.6,19.34,24285
2020-11-05,19.6,19.72,19.91,19.6,19421
2020-11-06,19.8,19.6,19.85,19.6,21710
2020-11-09,19.82,20.18,20.28,19.82,52171
2020-11-10,20.15,20.4,20.48,20.085,28057
2020-11-11,20.5,20.27,20.5,20.23,28158
2020-11-12,20.18,20.15,20.3,20.01,18985
2020-11-13,20.05,20.38,20.4,20.05,18960
2020-11-16,20.49,20.96,21.14,20.49,24913
2020-11-17,20.9,20.99,21.27,20.8024,39212
2020-11-18,21.18,21.3268,21.3268,21.11,40086
2020-11-19,21.19,21.48,21.58,21.19,8681
2020-11-20,21.605,21.67,21.6998,21.26,23857
2020-11-23,21.63,21.5,21.79,21.4274,33880
2020-11-24,21.8,21.63,22.05,21.47,26967
2020-11-25,21.69,21.82,21.82,21.51,17192
2020-11-27,21.7731,21.89,21.99,21.73,11484
2020-11-30,21.83,22.05,22.05,21.7022,13715
2020-12-01,22.02,22.1,22.1711,21.793,28384
2020-12-02,21.93,22.11,22.15,21.84,12295
2020-12-03,21.935,22.22,22.3,21.904,17166
2020-12-04,22.12,22.5,22.6075,22.12,14506
2020-12-07,22.36,22.56,22.67,22.34,10351
2020-12-08,22.69,22.71,22.72,22.56,19928
2020-12-09,22.715,22.75,22.89,22.64,27419
2020-12-10,22.88,22.76,22.89,22.65,9378
2020-12-11,22.75,22.57,22.765,22.52,12185
2020-12-14,22.79,22.68,22.79,22.64,16180
2020-12-15,22.79,22.58,22.79,22.57,24322
2020-12-16,22.592,22.35,22.592,22.2693,34999
2020-12-17,22.35,22.33,22.35,22.17,33151
2020-12-18,22.23,22.16,22.35,22.1,38647
2020-12-21,22.05,22.32,22.3236,22.01,8812
2020-12-22,22.3,21.86,22.55,21.81,40468
2020-12-23,21.91,22.1,22.3,21.87,33278
2020-12-24,22.02,22.09,22.3489,21.9,14297
2020-12-28,22.0,21.98,22.2675,21.85,48981
2020-12-29,22.0,22.26,22.3299,21.9,121564
2020-12-30,22.02,22.1,22.108,21.9,58540
2020-12-31,22.05,22.13,22.13,21.64,69432
2021-01-04,22.1,21.884,22.1001,21.75,32206
2021-01-05,21.855,22.08,22.11,21.855,18867
2021-01-06,22.03,22.02,22.15,21.91,31630
2021-01-07,22.01,22.1,22.1389,21.91,32888
2021-01-08,22.16,22.35,22.4894,22.15,32867
2021-01-11,22.4,22.28,22.4,22.25,49088
2021-01-12,22.3,22.28,22.5,22.28,23070
2021-01-13,22.3,22.58,22.5919,22.28,23072
2021-01-14,22.59,22.73,22.795,22.5,35906
2021-01-15,22.77,23.04,23.06,22.74,31793
2021-01-19,23.03,23.05,23.31,23.0,26525
2021-01-20,23.05,23.25,23.25,23.0,10398
2021-01-21,22.83,23.072,23.24,22.83,18655
2021-01-22,22.93,23.02,23.27,22.93,14227
2021-01-25,23.02,23.129,23.2,22.97,74487
2021-01-26,23.2,23.2001,23.25,23.06,19810
2021-01-27,23.02,22.57,23.11,22.51,42101
2021-01-28,22.71,22.93,23.1112,22.5093,24177
2021-01-29,23.05,23.02,23.13,22.795,19234
2021-02-01,23.01,23.13,23.17,22.79,10616
2021-02-02,23.14,23.01,23.23,22.95,50120
2021-02-03,23.0,23.06,23.1399,23.0,20693
2021-02-04,23.0,23.19,23.19,23.0,15977
2021-02-05,23.16,23.3301,23.6,23.1,33415
2021-02-08,23.51,23.47,23.6,23.4,99323
2021-02-09,23.5,23.94,24.08,23.5,17817
2021-02-10,24.01,23.9,24.03,23.81,42592
2021-02-11,23.9,23.9,24.0,23.66,27534
2021-02-12,23.82,24.1,24.1,23.731,89321
2021-02-16,24.05,24.19,24.24,23.92,23464
2021-02-17,24.3,24.07,24.57,24.02,19004
2021-02-18,24.07,23.75,24.15,23.63,10539
2021-02-19,23.7801,23.72,23.87,23.72,7332
2021-02-22,23.7,23.865,24.1299,23.685,11916
2021-02-23,23.735,24.0323,24.0323,23.735,5590
2021-02-24,24.12,24.13,24.16,23.91,5983
2021-02-25,24.05,23.86,24.16,23.86,12739
2021-02-26,24.0,24.15,24.15,23.85,12765
2021-03-01,24.01,24.12,24.44,23.95,11127
2021-03-02,24.075,24.0,24.3,24.0,6188
2021-03-03,24.24,24.3,24.3,23.89,2856
2021-03-04,24.09,24.09,24.36,24.05,29041
2021-03-05,24.12,24.13,24.14,23.95,27651
2021-03-08,24.13,24.13,24.27,23.9598,12882
2021-03-09,24.115,24.555,24.555,23.9601,20212
2021-03-10,24.395,24.51,24.58,24.395,10194
2021-03-11,24.5,24.58,24.6,24.45,11909
2021-03-12,24.475,24.62,24.64,24.21,14537
2021-03-15,24.59,24.65,24.655,24.365,3834
2021-03-16,24.645,24.73,24.99,24.6326,13308
2021-03-17,24.66,24.655,24.7,24.55,5981
2021-03-18,24.7,24.85,24.87,24.6866,13244
2021-03-19,24.8,24.9601,24.9601,24.7174,8862
2021-03-22,24.89,24.99,24.99,24.75,9294
2021-03-23,24.98,24.6,24.98,24.54,20949
2021-03-24,24.73,24.7,24.86,24.49,12188
2021-03-25,24.65,24.78,24.805,24.65,6413
2021-03-26,24.86,24.95,24.95,24.82,4872
2021-03-29,24.85,24.99,25.04,24.755,24513
2021-03-30,24.99,24.92,25.01,24.92,9897
2021-03-31,24.3,24.41,24.7399,24.3,82326
2021-04-01,24.55,24.5,24.5608,24.4,29008
2021-04-05,24.5,24.42,24.5,24.4,31087
2021-04-06,24.57,24.4958,24.66,24.42,65410
2021-04-07,24.47,24.4,24.74,24.4,47708
2021-04-08,24.38,24.475,24.54,24.38,12170
2021-04-09,24.4494,24.529,24.53,24.4494,5830
2021-04-12,24.5,24.49,24.55,24.45,15815
2021-04-13,24.42,24.31,24.42,24.31,15424
2021-04-14,24.32,24.19,24.32,24.19,42748
2021-04-15,24.24,24.25,24.54,24.13,133945
2021-04-16,24.23,24.2,24.23,24.193,9871
2021-04-19,24.235,24.1799,24.235,24.15,14378
2021-04-20,24.19,24.06,24.21,23.975,23259
2021-04-21,24.18,24.12,24.186,24.11,35154
2021-04-22,24.099,24.08,24.2303,24.035,7942
2021-04-23,24.13,24.21,24.24,24.12,3902
2021-04-26,24.21,24.3,24.3,24.21,7091
2021-04-27,24.2424,24.25,24.31,24.24,14302
2021-04-28,24.297,24.41,24.41,24.228,7528
2021-04-29,24.4583,24.34,24.51,24.34,9061
2021-04-30,24.385,24.3,24.47,24.2945,80006
2021-05-03,24.26,24.2,24.46,24.16,40653
2021-05-04,24.29,24.255,24.29,24.2,17344
2021-05-05,24.4072,24.49,24.55,24.325,19988
2021-05-06,24.3601,24.4599,24.54,24.3601,8920
2021-05-07,24.56,24.55,24.71,24.41,20944
2021-05-10,24.55,24.6214,24.89,24.39,71049
2021-05-11,24.575,24.32,24.5788,24.24,105054
2021-05-12,24.27,24.59,24.74,24.21,394444
2021-05-13,24.74,24.79,24.8899,24.65,153549
2021-05-14,24.89,24.94,25.0101,24.88,77957
2021-05-17,24.92,24.93,24.95,24.88,64638
2021-05-18,24.95,24.8837,24.95,24.8498,23881
2021-05-19,24.92,24.93,24.93,24.7801,15335
2021-05-20,24.95,24.88,24.95,24.8452,26431
2021-05-21,24.92,25.0,25.05,24.85,94692
2021-05-24,25.0,24.9401,25.0,24.94,28270
2021-05-25,24.96,25.0,25.03,24.874,68801
2021-05-26,25.18,25.0,25.2,24.96,91829
2021-05-27,25.16,25.1588,25.16,24.97,188075
2021-05-28,25.2,25.16,25.27,25.106,68580
2021-06-01,25.2,25.11,25.37,25.08,74729
2021-06-02,25.185,25.33,25.42,25.1616,19636
2021-06-03,25.33,25.3,25.49,25.2,162088
2021-06-04,25.3733,25.29,25.42,25.15,43235
2021-06-07,25.47,25.5,25.5,25.33,65620
2021-06-08,25.5,25.6,25.6,25.32,27462
2021-06-09,25.64,25.43,25.64,25.42,21341
2021-06-10,25.49,25.31,25.5999,25.29,49259
2021-06-11,25.46,25.55,25.55,25.41,8507
2021-06-14,25.54,25.38,25.79,25.35,40227
2021-06-15,25.38,25.5399,25.6399,25.3744,14572
2021-06-16,25.4423,25.585,25.5999,25.4423,19672
2021-06-17,25.6016,25.55,25.62,25.5001,18803
2021-06-18,25.55,25.5727,25.6705,25.5,6400
2021-06-21,25.63,25.75,25.7899,25.6,20887
2021-06-22,25.7244,25.81,25.881,25.71,21245
2021-06-23,25.7999,25.69,25.9,25.6873,19806
2021-06-24,25.88,26.3,26.3,25.83,15221
2021-06-25,26.19,26.11,26.25,26.0484,15844
2021-06-28,26.27,26.23,26.27,26.11,24102
2021-06-29,26.272,26.27,26.2944,26.1002,18737
2021-06-30,26.0,25.84,26.0004,25.63,41469
2021-07-01,25.77,25.56,25.95,25.455,102410
2021-07-02,25.5,25.49,25.6049,25.47,71399
2021-07-06,25.7,25.41,25.8283,25.33,163455
2021-07-07,25.6,25.78,25.81,25.453,67320
2021-07-08,25.673,25.69,25.8,25.673,5175
2021-07-09,25.725,25.5,25.78,25.4497,32874
2021-07-12,25.5156,25.52,25.6199,25.36,36418
2021-07-13,25.53,25.5899,25.5899,25.425,9074
2021-07-14,25.56,25.44,25.56,25.42,36721
2021-07-15,25.51,25.37,25.51,25.3551,48163
2021-07-16,25.4686,25.44,25.4686,25.38,16553
2021-07-19,25.37,25.17,25.4368,25.13,34476
2021-07-20,25.24,25.36,25.36,25.22,17078
2021-07-21,25.39,25.43,25.4643,25.39,11309
2021-07-22,25.41,25.32,25.43,25.31,9315
2021-07-23,25.4066,25.38,25.4066,25.368,10591
2021-07-26,25.4275,25.45,25.45,25.3248,11108
2021-07-27,25.31,25.43,25.4499,25.31,14267
2021-07-28,25.3985,25.31,25.43,25.3,42959
2021-07-29,25.4299,25.34,25.43,25.34,10260
2021-07-30,25.42,25.35,25.44,25.35,12349
2021-08-02,25.3611,25.43,25.44,25.36,33621
2021-08-03,25.44,25.3463,25.44,25.34,36402
2021-08-04,25.38,25.37,25.43,25.349,23342
2021-08-05,25.43,25.63,25.63,25.34,12528
2021-08-06,25.63,25.555,25.63,25.43,9578
2021-08-09,25.49,25.5497,25.59,25.49,30989
2021-08-10,25.55,25.5,25.55,25.44,9528
2021-08-11,25.5182,25.48,25.53,25.4,9113
2021-08-12,25.456,25.47,25.48,25.45,19235
2021-08-13,25.4,25.56,25.56,25.4,11217
2021-08-16,25.535,25.55,25.56,25.53,9436
2021-08-17,25.55,25.55,25.55,25.4747,26812
2021-08-18,25.55,25.51,25.56,25.5,50844
2021-08-19,25.48,25.56,25.57,25.48,5698
2021-08-20,25.56,25.58,25.58,25.4716,7111
2021-08-23,25.58,25.56,25.58,25.55,5943
2021-08-24,25.58,25.69,25.743,25.56,10901
2021-08-25,25.76,25.875,25.88,25.675,35567
2021-08-26,25.89,25.695,25.9168,25.695,7556
2021-08-27,25.78,25.86,25.86,25.7531,7476
2021-08-30,25.93,25.905,25.93,25.86,6876
2021-08-31,25.92,25.97,25.97,25.855,7719
2021-09-01,25.9284,25.995,25.995,25.9284,23825
2021-09-02,25.95,25.99,26.04,25.95,40383
2021-09-03,25.99,25.96,26.0,25.9,7201
2021-09-07,25.96,25.92,25.96,25.9,12280
2021-09-08,26.0,25.9242,26.0,25.92,53572
2021-09-09,25.77,25.84,25.85,25.77,8867
2021-09-10,25.8499,25.8413,25.85,25.83,15754
2021-09-13,25.8416,25.8201,25.9799,25.82,8455
2021-09-14,25.76,25.94,25.9772,25.76,3865
2021-09-15,25.785,25.9399,25.944,25.785,11850
2021-09-16,25.8471,25.87,25.92,25.81,4618
2021-09-17,25.915,25.72,25.9872,25.72,23852
2021-09-20,25.72,25.53,25.815,25.53,18033
2021-09-21,25.59,25.825,25.85,25.52,25790
2021-09-22,25.79,25.825,25.875,25.7585,5020
2021-09-23,25.83,25.9,25.9,25.7675,19654
2021-09-24,25.9,25.85,25.9,25.82,10543
2021-09-27,25.82,25.84,25.86,25.73,20744
2021-09-28,25.77,25.795,25.83,25.72,5418
2021-09-29,25.8,25.865,25.87,25.8,5674
2021-09-30,25.47,25.35,25.47,25.1,21605
2021-10-01,25.27,25.25,25.35,25.23,60194
2021-10-04,25.35,25.22,25.35,25.22,14323
2021-10-05,25.35,25.32,25.38,25.28,9429
2021-10-06,25.4,25.39,25.45,25.345,9174
2021-10-07,25.42,25.33,25.42,25.32,8843
2021-10-08,25.43,25.3515,25.43,25.3515,2926
2021-10-11,25.29,25.35,25.4109,25.29,8451
2021-10-12,25.29,25.4299,25.43,25.29,14896
2021-10-13,25.47,25.52,25.57,25.46,16101
2021-10-14,25.65,25.64,25.68,25.5077,7994
2021-10-15,25.69,25.66,25.79,25.5403,14714
2021-10-18,25.61,25.65,25.7453,25.51,14690
2021-10-19,25.65,25.63,25.65,25.5,7278
2021-10-20,25.51,25.57,25.62,25.5,16056
2021-10-21,25.65,25.6499,25.67,25.52,6062
2021-10-22,25.64,25.58,25.64,25.51,7524
2021-10-25,25.51,25.575,25.615,25.51,3352
2021-10-26,25.53,25.54,25.62,25.52,6417
2021-10-27,25.55,25.73,25.73,25.5252,7926
2021-10-28,25.69,25.73,25.73,25.56,7471
2021-10-29,25.73,25.88,25.88,25.63,17621
2021-11-01,25.8999,25.88,25.8999,25.6701,11348
2021-11-02,25.5,25.89,25.89,25.5,16439
2021-11-03,25.89,25.85,25.89,25.745,1666
2021-11-04,25.7901,25.79,25.86,25.7111,8107
2021-11-05,25.7,25.85,25.855,25.65,4390
2021-11-08,25.88,25.88,25.88,25.75,1063
2021-11-09,25.77,25.85,25.85,25.74,5520
2021-11-10,25.85,25.62,25.85,25.6,10242
2021-11-11,25.53,25.65,25.6921,25.53,8370
2021-11-12,25.65,25.695,25.75,25.61,3694
2021-11-15,25.7,25.61,25.701,25.56,15078
2021-11-16,25.61,25.6234,25.82,25.509,21543
2021-11-17,25.61,25.58,25.72,25.5,34037
2021-11-18,25.6,25.62,25.68,25.51,10388
2021-11-19,25.57,25.59,25.6,25.55,4927
2021-11-22,25.6,25.51,25.6,25.46,12701
2021-11-23,25.45,25.49,25.495,25.43,5684
2021-11-24,25.41,25.47,25.5,25.39,12692
2021-11-26,25.37,25.44,25.465,25.37,2887
2021-11-29,25.49,25.48,25.49,25.4119,11739
2021-11-30,25.48,25.29,25.48,25.28,10754
2021-12-01,25.4,25.32,25.43,25.31,7562
2021-12-02,25.3836,25.37,25.388,25.26,10518
2021-12-03,25.361,25.27,25.361,25.27,8599
2021-12-06,25.305,25.29,25.35,25.27,6828
2021-12-07,25.3499,25.4875,25.49,25.31,8371
2021-12-08,25.42,25.4602,25.4797,25.42,5126
2021-12-09,25.48,25.44,25.49,25.44,6095
2021-12-10,25.45,25.36,25.4686,25.24,14359
2021-12-13,25.34,25.4012,25.48,25.32,7530
2021-12-14,25.36,25.2677,25.4184,25.25,8985
2021-12-15,25.28,25.3201,25.33,25.2658,9437
2021-12-16,25.28,25.36,25.3658,25.2,46846
2021-12-17,25.36,25.37,25.38,25.25,11425
2021-12-20,25.3116,25.38,25.3827,25.3001,14476
2021-12-21,25.38,25.32,25.38,25.32,15107
2021-12-22,25.35,25.46,25.49,25.35,8059
2021-12-23,25.51,25.45,25.51,25.44,7782
2021-12-27,25.46,25.665,25.665,25.43,17975
2021-12-28,25.75,25.83,25.9,25.67,105327
2021-12-29,25.94,25.845,25.94,25.815,29023
2021-12-30,25.4,25.525,25.66,25.36,19979
2021-12-31,25.51,25.36,25.64,25.36,40541
2022-01-03,25.41,25.4272,25.45,25.345,16599
2022-01-04,25.37,25.57,25.57,25.32,17525
2022-01-05,25.56,25.5,25.6099,25.5,10967
2022-01-06,25.3501,25.365,25.4137,25.16,24994
2022-01-07,25.38,25.4311,25.51,25.25,31940
2022-01-10,25.25,25.18,25.28,25.17,34604
2022-01-11,25.29,25.33,25.375,25.22,21775
2022-01-12,25.34,25.3005,25.35,25.24,14955
2022-01-13,23.65,25.21,25.3,22.42,34441
2022-01-14,25.24,25.2,25.24,25.19,19367
2022-01-18,25.2,25.05,25.3899,25.05,14173
2022-01-19,25.24,25.23,25.24,25.13,17180
2022-01-20,25.36,25.215,25.36,25.1313,46663
2022-01-21,25.18,24.92,25.31,24.8922,47886
2022-01-24,24.98,25.1,25.1,24.82,31517
2022-01-25,25.1,24.99,25.2037,24.96,42575
2022-01-26,25.0,24.95,25.02,24.865,70988
2022-01-27,24.92,25.0,25.17,24.92,171738
2022-01-28,25.09,25.01,25.09,24.95,61036
2022-01-31,25.01,25.07,25.1999,25.0,36481
2022-02-01,25.1,25.02,25.18,25.02,62749
2022-02-02,25.19,25.11,25.19,25.0501,73399
2022-02-03,25.24,25.15,25.24,25.11,29570
2022-02-04,25.21,25.08,25.21,25.0586,25918
2022-02-07,25.2,25.07,25.2,25.07,19095
2022-02-08,25.06,25.0501,25.1785,25.05,38300
2022-02-09,25.2,25.13,25.2,25.08,21134
2022-02-10,25.112,25.115,25.184,25.08,32093
2022-02-11,25.1495,25.14,25.15,25.0,22974
2022-02-14,25.15,24.87,25.15,24.76,63915
2022-02-15,24.87,25.01,25.05,24.87,23954
2022-02-16,24.95,24.97,25.05,24.95,29773
2022-02-17,25.0318,24.84,25.0318,24.78,12330
2022-02-18,24.8,24.83,25.0,24.76,8773
2022-02-22,24.75,24.52,24.885,24.52,33690
2022-02-23,24.65,24.27,24.79,24.06,35644
2022-02-24,24.01,24.31,24.6626,24.01,30094
2022-02-25,24.42,24.36,24.68,24.32,20289
2022-02-28,24.38,24.4,24.69,24.31,13151
2022-03-01,24.49,24.63,24.63,24.4846,9080
2022-03-02,24.7,24.9,24.9,24.6,9298
2022-03-03,24.75,24.8627,25.0,24.75,18180
2022-03-04,24.82,24.84,24.87,24.65,9597
2022-03-07,24.87,24.43,24.9499,24.43,13019
2022-03-08,24.49,24.17,24.6,24.05,8847
2022-03-09,24.4101,24.33,24.4101,24.21,11058
2022-03-10,24.46,24.5,24.5483,24.45,8329
2022-03-11,24.49,24.1,24.5499,24.1,5009
2022-03-14,24.25,23.815,24.3721,23.58,21041
2022-03-15,23.58,23.92,24.5,23.58,24811
2022-03-16,24.36,24.63,24.63,24.27,30382
2022-03-17,24.97,25.02,25.03,24.3129,193147
2022-03-18,24.94,24.99,25.03,24.9001,24064
2022-03-21,24.99,24.59,24.99,24.55,7734
2022-03-22,24.83,24.7,24.83,24.61,4861
2022-03-23,24.55,24.88,24.89,24.55,8010
2022-03-24,24.72,24.8,24.8,24.5676,9590
2022-03-25,24.85,24.84,24.9567,24.67,8696
2022-03-28,24.74,24.98,25.0,24.74,12958
2022-03-29,24.9706,25.11,25.11,24.88,7180
2022-03-30,25.18,25.1,25.21,24.8524,5391
2022-03-31,24.95,25.23,25.27,24.5501,55284
2022-04-01,25.05,24.87,25.05,24.84,9302
2022-04-04,24.81,24.71,24.855,24.7,16123
2022-04-05,24.72,24.4,24.735,24.39,11784
2022-04-06,24.27,23.93,24.33,23.91,26776
2022-04-07,23.94,24.01,24.23,23.93,17240
2022-04-08,24.02,23.5,24.23,23.5,25175
2022-04-11,23.6,23.53,23.88,23.51,17961
2022-04-12,23.61,23.78,23.8194,23.51,10200
2022-04-13,23.76,24.0,24.2999,23.76,11482
2022-04-14,24.01,24.14,24.1499,24.01,6069
2022-04-18,24.02,23.86,24.13,23.6,18706
2022-04-19,24.01,23.85,24.01,23.7213,9355
2022-04-20,24.09,24.14,24.31,23.8894,11075
2022-04-21,24.16,24.21,24.35,24.1402,8554
2022-04-22,24.18,24.2,24.35,24.18,1525
2022-04-25,24.16,23.87,24.16,23.6001,11824
2022-04-26,23.9,24.34,24.34,23.62,13305
2022-04-27,24.17,24.18,24.34,24.01,4247
2022-04-28,24.2266,23.85,24.3233,23.85,6544
2022-04-29,23.93,24.32,24.32,23.6,37589
2022-05-02,24.32,24.25,24.32,23.94,13471
2022-05-03,24.15,24.3,24.3,24.0573,10799
2022-05-04,24.19,23.96,24.25,23.71,15776
2022-05-05,23.82,23.9572,23.9572,23.58,13680
2022-05-06,23.8,23.05,23.905,23.04,19524
2022-05-09,23.27,22.0744,23.6,22.01,20847
2022-05-10,22.46,22.51,22.9,22.4,10660
2022-05-11,22.75,22.67,23.0891,22.43,8462
2022-05-12,22.55,22.21,22.6511,22.1385,10822
2022-05-13,22.4,22.38,22.5359,22.3255,2971
2022-05-16,22.64,22.14,22.73,22.14,8012
2022-05-17,22.42,22.13,22.7334,22.13,7010
2022-05-18,22.15,22.24,22.39,22.15,4827
2022-05-19,22.32,22.495,22.495,22.14,5112
2022-05-20,22.45,22.25,22.485,22.14,6293
2022-05-23,22.2,22.17,22.31,22.0995,11055
2022-05-24,22.31,22.26,22.3999,22.1401,3774
2022-05-25,22.23,22.3045,22.6411,22.2,10862
2022-05-26,22.34,22.38,22.9067,22.34,21379
2022-05-27,22.4,22.675,22.8,22.4,4454
2022-05-31,22.97,22.9,22.9999,22.6819,39919
2022-06-01,22.9,22.9679,23.17,22.88,13737
2022-06-02,23.0,22.7,23.02,22.69,9596
2022-06-03,22.69,23.15,23.15,22.68,3196
2022-06-06,23.0,23.62,23.62,23.0,16005
2022-06-07,23.5001,23.59,23.6061,23.0604,6336
2022-06-08,23.665,23.57,23.73,23.37,3634
2022-06-09,23.01,23.4694,23.7336,23.01,3583
2022-06-10,23.01,22.61,23.2,22.57,10774
2022-06-13,22.5,21.32,22.5,21.32,25006
2022-06-14,21.13,20.55,21.9789,20.3353,24469
2022-06-15,20.62,20.97,21.3806,20.62,14154
2022-06-16,20.96,20.23,20.96,20.19,23527
2022-06-17,20.23,20.34,20.6,20.23,19235
2022-06-21,20.43,20.98,21.0,20.43,19661
2022-06-22,20.86,21.2796,21.929,20.86,4801
2022-06-23,21.65,21.51,21.65,21.2827,7480
2022-06-24,21.52,21.88,21.88,21.51,12009
2022-06-27,21.7001,21.97,22.1163,21.27,24887
2022-06-28,21.9688,21.87,22.09,21.6,8981
2022-06-29,21.92,21.75,22.43,21.65,3652
2022-06-30,21.48,20.27,21.48,20.12,66852
2022-07-01,20.36,20.35,20.56,20.15,41412
2022-07-05,20.69,20.7,21.092,20.51,42852
2022-07-06,20.94,21.08,21.25,20.85,22057
2022-07-07,21.32,21.38,21.38,21.15,6500
2022-07-08,21.35,21.275,21.38,21.0604,13560
2022-07-11,21.13,20.82,21.13,20.82,8693
2022-07-12,20.83,21.27,21.27,20.82,3173
2022-07-13,21.28,21.0431,21.28,20.99,2714
2022-07-14,21.04,21.13,21.15,20.9,4985
2022-07-15,21.14,20.98,21.14,20.7,6658
2022-07-18,20.8,20.87,21.1159,20.75,10237
2022-07-19,20.7107,21.03,21.1099,20.7107,18576
2022-07-20,21.1,21.15,21.15,20.98,8414
2022-07-21,21.15,20.8208,21.15,20.8,7161
2022-07-22,20.99,20.89,21.1199,20.7874,4399
2022-07-25,21.02,21.18,21.225,20.89,10011
2022-07-26,21.137,21.25,21.25,20.99,4636
2022-07-27,21.25,21.0,21.25,20.965,14334
2022-07-28,20.92,21.13,21.22,20.8839,11771
2022-07-29,21.18,21.41,21.49,21.16,13301
2022-08-01,21.5,21.48,21.695,21.35,20974
2022-08-02,21.5,21.66,21.66,21.3,14418
2022-08-03,21.69,22.24,22.45,21.69,11703
2022-08-04,22.24,21.73,22.24,21.55,34511
2022-08-05,21.51,21.41,22.0157,21.4,17615
2022-08-08,21.63,21.43,21.63,21.23,17375
2022-08-09,21.4,21.4,21.58,21.245,10844
2022-08-10,21.45,21.42,21.8,21.31,36512
2022-08-11,21.44,21.6,21.84,21.44,11372
2022-08-12,21.88,22.9,23.29,21.8,84303
2022-08-15,23.08,23.75,23.9501,23.08,80200
2022-08-16,23.85,23.71,23.8899,23.5,30963
2022-08-17,23.66,23.3,23.66,23.0,36695
2022-08-18,23.38,23.4,23.4999,23.35,10143
2022-08-19,23.34,23.3,23.355,22.78,15002
2022-08-22,23.26,23.17,23.2999,23.04,17090
2022-08-23,23.1988,23.29,23.5,23.16,22500
2022-08-24,23.29,22.97,23.29,22.65,22032
2022-08-25,23.0,23.34,23.55,22.93,26130
2022-08-26,23.34,23.34,23.34,23.0616,12620
2022-08-29,22.49,22.41,22.5,21.8201,106853
2022-08-30,22.51,22.0,22.51,21.98,17193
2022-08-31,22.28,22.07,22.35,22.0,12025
2022-09-01,21.9,21.9,22.26,21.8,14346
2022-09-02,22.04,21.58,22.04,21.5,16618
2022-09-06,21.6,21.58,21.8,21.455,13175
2022-09-07,21.64,21.61,21.7808,21.59,5106
2022-09-08,21.58,21.56,21.72,21.56,6816
2022-09-09,21.6499,21.79,21.86,21.575,7651
2022-09-12,21.9,22.0,22.22,21.8,11284
2022-09-13,21.76,21.87,21.9,21.59,8224
2022-09-14,21.87,21.93,22.027,21.87,1219
2022-09-15,21.623,21.43,21.89,21.3,14797
2022-09-16,21.3,21.3757,21.545,21.0,11448
2022-09-19,21.3,21.26,21.7,21.0,18961
2022-09-20,21.23,21.52,21.658,21.13,4958
2022-09-21,21.55,21.46,21.782,21.4145,5421
2022-09-22,21.35,20.7,21.35,20.7,8778
2022-09-23,20.46,19.85,20.65,19.28,36639
2022-09-26,20.88,19.35,20.88,19.28,11825
2022-09-27,19.17,18.7,19.63,18.68,20400
2022-09-28,18.72,18.89,19.1,18.72,10794
2022-09-29,18.4,17.14,18.4,16.56,49580
2022-09-30,17.02,17.9,18.1,16.75,59895
2022-10-03,17.63,17.87,18.395,17.5,38807
2022-10-04,18.05,18.18,18.785,18.05,41676
2022-10-05,18.36,18.0,18.51,17.45,26547
2022-10-06,18.0371,17.9,18.134,17.72,27346
2022-10-07,17.75,17.67,17.9,17.5,57059
2022-10-10,17.61,16.94,17.9109,16.94,41723
2022-10-11,16.88,17.0,17.35,16.7713,73844
2022-10-12,16.92,16.77,17.0,16.75,42727
2022-10-13,16.8,16.61,17.0,16.51,49150
2022-10-14,16.64,16.55,17.03,16.52,56360
2022-10-17,16.98,17.25,17.6941,16.78,123081
2022-10-18,17.26,17.71,17.9799,17.26,25141
2022-10-19,17.8001,17.81,17.94,17.2701,29487
2022-10-20,17.685,17.82,17.965,17.685,33020
2022-10-21,17.86,17.335,17.8936,17.2,9997
2022-10-24,17.46,17.5,17.5,17.2,24464
2022-10-25,17.41,17.97,17.99,17.41,26144
2022-10-26,17.86,17.78,18.3299,17.655,37110
2022-10-27,17.62,18.0,18.4634,17.62,8614
2022-10-28,18.21,18.18,18.25,17.9711,17143
2022-10-31,18.25,18.17,18.2718,18.0,33250
2022-11-01,18.38,18.07,18.38,18.07,5768
2022-11-02,18.05,18.0,18.2962,18.0,12127
2022-11-03,18.1,17.75,18.2631,17.75,9996
2022-11-04,17.8337,18.5,18.5,17.8126,19504
2022-11-07,18.43,18.545,19.071,18.43,15434
2022-11-08,18.46,19.4,19.4531,18.46,34141
2022-11-09,19.45,19.11,19.48,18.83,12085
2022-11-10,19.24,19.8824,20.0,19.1,23059
2022-11-11,19.65,20.43,20.73,19.65,16706
2022-11-14,20.43,20.1595,20.43,20.0506,10449
2022-11-15,20.29,20.82,20.85,20.29,23262
2022-11-16,20.64,20.79,20.9469,20.64,13503
2022-11-17,20.74,20.3,20.74,20.3,3704
2022-11-18,20.15,20.35,20.67,20.15,18555
2022-11-21,20.35,20.58,20.71,20.35,16724
2022-11-22,20.8,20.48,20.8343,20.48,11500
2022-11-23,20.53,20.55,20.6989,20.53,9028
2022-11-25,20.56,20.53,20.59,20.51,4437
2022-11-28,20.57,20.67,20.72,20.57,7618
2022-11-29,20.625,20.55,20.7,20.51,12713
2022-11-30,20.6,20.9,20.9,20.54,19813
2022-12-01,20.78,20.97,20.99,20.7,15643
2022-12-02,20.8704,20.93,20.97,20.76,3667
2022-12-05,20.9,20.67,20.949,20.63,12435
2022-12-06,20.67,20.73,20.73,20.41,9951
2022-12-07,20.67,20.73,20.8,20.67,4220
2022-12-08,20.705,20.7499,20.78,20.63,3912
2022-12-09,20.6268,20.41,20.65,20.41,2354
2022-12-12,20.18,20.15,20.4199,20.0,14166
2022-12-13,20.37,20.18,20.37,20.0,9645
2022-12-14,20.15,20.05,20.3,19.6816,15637
2022-12-15,19.8,20.0,20.15,19.73,7806
2022-12-16,20.0398,19.6881,20.0398,19.66,9729
2022-12-19,19.68,19.745,20.0,19.65,7263
2022-12-20,19.75,19.6,19.75,19.3484,7586
2022-12-21,19.5,19.57,19.6,19.5,4119
2022-12-22,19.64,19.25,19.7,19.25,6060
2022-12-23,19.25,18.885,19.4399,18.74,9555
2022-12-27,18.85,18.95,19.2,18.85,22417
2022-12-28,18.95,18.59,19.12,18.0,43853
2022-12-29,17.63,18.571,18.6207,17.55,79723
2022-12-30,18.45,18.31,18.57,18.3,31366
2023-01-03,18.43,18.7,18.74,18.43,8061
2023-01-04,18.7,19.03,19.5,18.69,18600
2023-01-05,19.01,19.25,19.26,18.845,12282
2023-01-06,19.33,19.55,19.6399,19.2864,9471
2023-01-09,19.65,19.8,20.1539,19.65,26872
2023-01-10,20.0,20.225,20.33,19.725,11162
2023-01-11,20.3,20.4678,20.78,20.3,20002
2023-01-12,20.5,20.6499,20.7626,20.4,11479
2023-01-13,20.6,21.21,21.507,20.3577,22069
2023-01-17,21.25,21.74,21.9,21.25,21003
2023-01-18,22.01,21.98,22.2946,21.77,15847
2023-01-19,22.03,22.11,22.12,21.8532,8272
2023-01-20,21.9745,22.04,22.14,21.9745,9137
2023-01-23,22.05,22.4,22.54,22.05,23871
2023-01-24,22.4,22.372,22.497,22.25,9761
2023-01-25,22.33,22.49,22.6106,22.325,7241
2023-01-26,22.4,22.285,22.78,22.16,11828
2023-01-27,22.3888,22.28,22.45,22.21,11412
2023-01-30,22.26,22.4,22.51,22.25,25900
2023-01-31,22.54,22.23,22.65,21.76,13974
2023-02-01,22.35,22.98,23.2,22.35,8516
2023-02-02,23.76,23.14,23.82,22.54,7064
2023-02-03,23.0,22.87,23.1,22.85,8866
2023-02-06,23.0,22.8151,23.1999,22.5641,28942
2023-02-07,22.7,22.4805,22.7127,22.47,14005
2023-02-08,22.06,22.5,22.5,22.0,9926
2023-02-09,22.73,22.25,22.73,22.25,6812
2023-02-10,22.22,22.45,22.46,21.7003,25272
2023-02-13,22.33,22.48,22.5,22.21,5670
2023-02-14,22.4,22.64,22.7,22.35,6494
2023-02-15,22.5899,22.516,22.69,22.4665,6634
2023-02-16,22.5,22.5,22.74,22.5,5349
2023-02-17,22.3,22.7,22.7,22.01,5249
2023-02-21,22.38,21.82,22.38,21.7467,11135
2023-02-22,21.87,21.975,22.07,21.61,8309
2023-02-23,21.6,22.3,22.4999,21.6,5014
2023-02-24,21.805,22.01,22.01,21.805,3662
2023-02-27,22.18,22.02,22.33,22.0,21527
2023-02-28,22.13,22.96,22.96,22.13,26609
2023-03-01,22.68,22.8,22.9317,22.32,9616
2023-03-02,22.7,22.87,22.89,22.551,5099
2023-03-03,22.89,22.3,22.89,22.225,13458
2023-03-06,22.3,22.58,22.6,22.27,10447
2023-03-07,22.49,22.7,22.8,22.36,3213
2023-03-08,22.75,22.35,22.85,22.0263,19186
2023-03-09,22.1,21.8,22.1,21.63,14783
2023-03-10,21.76,21.05,21.7757,21.01,34124
2023-03-13,20.9,20.37,20.95,20.0694,22260
2023-03-14,20.71,20.87,21.6187,20.37,5528
2023-03-15,20.5561,20.78,20.78,20.1,11257
2023-03-16,20.29,21.16,21.2499,20.29,8672
2023-03-17,21.0,20.55,21.11,20.5,23825
2023-03-20,20.66,20.0,21.0,19.99,25160
2023-03-21,20.15,20.01,20.25,19.9,8629
2023-03-22,20.1,19.95,20.15,19.95,5767
2023-03-23,20.05,19.28,20.05,19.28,23298
2023-03-24,19.36,19.96,20.0837,19.11,18957
2023-03-27,20.0,19.59,20.0,19.59,11491
2023-03-28,19.79,19.53,19.92,19.53,5928
2023-03-29,19.82,19.4,19.82,19.4,11940
2023-03-30,19.13,19.75,19.85,19.13,8146
2023-03-31,19.69,20.44,20.65,19.6392,25140
2023-04-03,20.43,20.42,20.43,19.895,5822
2023-04-04,20.42,20.43,20.43,20.12,5671
2023-04-05,20.31,20.26,20.35,20.17,9602
2023-04-06,20.0991,19.93,20.2599,19.79,8481
2023-04-10,20.09,19.98,20.1,19.5379,8111
2023-04-11,19.98,20.03,20.3,19.95,9238
2023-04-12,20.1862,20.2,20.32,20.05,7800
2023-04-13,20.31,20.32,20.32,20.01,4617
2023-04-14,20.32,20.455,20.65,20.16,7071
2023-04-17,20.65,20.6,20.65,20.425,8757
2023-04-18,20.522,20.49,20.57,20.383,1827
2023-04-19,20.4734,20.5,20.5,20.25,4819
2023-04-20,20.6,20.12,20.6,20.1,3913
2023-04-21,20.37,20.2599,20.45,20.04,10422
2023-04-24,20.2,20.1325,20.38,20.0101,4412
2023-04-25,20.15,19.94,20.2499,19.94,6374
2023-04-26,20.04,20.0,20.24,19.9659,2884
2023-04-27,20.02,20.0,20.02,19.975,5313
2023-04-28,20.0,20.6,20.6,19.8226,39392
2023-05-01,20.37,20.27,20.575,20.0,6124
2023-05-02,20.5,20.29,20.5,20.04,4904
2023-05-03,20.3152,19.7,20.5,19.7,14312
2023-05-04,19.64,19.13,19.64,19.11,12166
2023-05-05,19.25,19.8,19.8,19.25,7060
2023-05-08,19.476,19.63,19.7999,19.476,3165
2023-05-09,19.71,19.28,19.71,19.2095,2849
2023-05-10,19.31,19.0,19.3662,19.0,6607
2023-05-11,19.04,19.1228,19.1228,19.04,1551
2023-05-12,19.3411,19.205,19.3411,19.19,2912
2023-05-15,19.24,19.246,19.35,19.07,6592
2023-05-16,19.31,19.7566,19.79,19.2631,2720
2023-05-17,19.675,19.7,19.8,19.6007,5450
2023-05-18,19.75,20.16,20.16,19.75,7442
2023-05-19,20.13,20.155,20.25,20.0867,5058
2023-05-22,20.25,20.3,20.38,20.18,9589
2023-05-23,20.3504,20.41,20.45,20.33,4508
2023-05-24,20.36,20.34,20.425,20.33,2401
2023-05-25,20.07,20.48,20.48,20.07,1378
2023-05-26,20.31,20.31,20.4785,20.0857,3795
2023-05-30,20.31,20.3,20.45,20.12,3933
2023-05-31,20.32,20.73,20.73,20.2009,31309
2023-06-01,20.48,20.34,20.5999,20.3,7470
2023-06-02,20.34,20.45,20.5,20.34,2750
2023-06-05,20.5,20.55,20.55,20.3612,11641
2023-06-06,20.54,20.6,20.6,20.42,6841
2023-06-07,20.6,20.69,20.75,20.5501,6807
2023-06-08,20.75,20.69,20.75,20.55,6181
2023-06-09,20.69,20.71,20.75,20.64,5336
2023-06-12,20.71,20.74,20.74,20.65,5526
2023-06-13,20.66,20.8125,20.9,20.55,11244
2023-06-14,20.82,20.85,20.92,20.82,13908
2023-06-15,20.83,20.85,20.96,20.7239,21426
2023-06-16,20.86,20.96,21.0,20.85,5632
2023-06-20,20.91,20.98,21.1,20.85,11375
2023-06-21,20.975,21.11,21.55,20.975,13085
2023-06-22,21.16,21.16,21.25,21.0364,10771
2023-06-23,21.09,21.1,21.31,21.09,5406
2023-06-26,21.2968,21.32,21.33,21.16,11743
2023-06-27,21.23,21.53,21.53,21.23,22522
2023-06-28,21.59,21.6,21.65,21.501,15635
2023-06-29,21.11,21.5847,21.59,21.11,2872
2023-06-30,21.5,21.7,21.7,21.35,25115
2023-07-03,21.6025,21.6,21.73,21.6,10800
2023-07-05,21.5,21.4023,21.62,21.25,6979
2023-07-06,21.35,21.29,21.4868,21.26,2902
2023-07-07,21.82,21.5048,21.85,21.44,5319
2023-07-10,21.3045,21.65,21.65,21.3,5333
2023-07-11,21.7,21.8499,21.85,21.5115,5903
2023-07-12,21.8,21.85,21.955,21.7655,7548
2023-07-13,21.85,21.5,21.88,21.4,5533
2023-07-14,21.49,21.5,21.64,21.3111,5723
2023-07-17,21.58,21.2101,21.72,21.21,16400
2023-07-18,21.32,21.37,21.6,21.27,5988
2023-07-19,21.48,21.33,21.48,21.3,6942
2023-07-20,21.405,21.24,21.405,21.21,6143
2023-07-21,21.37,21.9,22.0,21.37,19332
2023-07-24,21.9,22.0,22.07,21.8763,20805
2023-07-25,22.05,21.8,22.05,21.8,5394
2023-07-26,21.8773,22.07,22.07,21.8773,5608
2023-07-27,22.04,22.1058,22.18,22.0,7350
2023-07-28,22.04,22.04,22.19,22.0,5970
2023-07-31,22.04,22.06,22.2999,22.02,9544
2023-08-01,22.15,22.2001,22.25,22.15,4461
2023-08-02,22.14,22.2757,22.2757,22.07,9605
2023-08-03,22.13,22.0,22.13,21.8,33084
2023-08-04,22.05,22.08,22.24,22.02,12021
2023-08-07,22.1,22.06,22.23,22.01,9478
2023-08-08,22.17,22.1005,22.22,21.95,15988
2023-08-09,22.235,22.2,22.37,22.145,17322
2023-08-10,22.4099,22.19,22.4099,22.11,16225
2023-08-11,22.1504,22.29,22.38,22.15,11955
2023-08-14,22.2001,22.32,22.35,22.2001,7160
2023-08-15,22.25,22.3007,22.3007,22.25,5303
2023-08-16,22.23,22.28,22.34,22.2214,9247
2023-08-17,22.292,22.25,22.292,22.25,4928
2023-08-18,22.22,22.28,22.28,22.22,24834
2023-08-21,22.25,22.2601,22.28,22.25,10350
2023-08-22,22.22,22.26,22.26,22.22,7299
2023-08-23,22.21,22.3095,22.3095,22.21,13762
2023-08-24,22.33,22.35,22.35,22.3,1511
2023-08-25,22.33,22.26,22.33,22.26,13332
2023-08-28,22.25,22.38,22.3999,22.2,5019
2023-08-29,22.3,22.48,22.5499,22.28,14103
2023-08-30,22.24,22.58,22.58,22.24,6775
2023-08-31,22.61,23.09,23.09,22.43,25531
2023-09-01,22.89,22.73,22.99,22.6901,7079
2023-09-05,22.83,22.7999,22.83,22.775,7841
2023-09-06,22.78,22.8,22.8,22.64,9117
2023-09-07,22.43,22.38,22.7242,22.38,5431
2023-09-08,22.49,22.48,22.65,22.48,7999
2023-09-11,22.89,22.91,22.91,22.89,580
2023-09-12,22.81,22.755,22.88,22.7,6108
2023-09-13,22.7,22.9,22.92,22.7,10704
2023-09-14,22.755,22.81,22.88,22.75,3671
2023-09-15,22.71,22.95,23.0,22.71,10020
2023-09-18,22.84,22.8,22.8999,22.7879,2590
2023-09-19,22.58,22.82,23.0,22.58,12763
2023-09-20,22.65,22.45,22.815,22.45,9441
2023-09-21,22.3,22.45,22.62,22.3,27431
2023-09-22,22.3,22.36,22.48,22.3,13060
2023-09-25,22.28,22.5,22.5711,22.27,19618
2023-09-26,22.29,22.28,22.5265,22.25,30510
2023-09-27,22.25,22.17,22.507,22.1,26767
2023-09-28,21.9,21.77,22.21,21.77,27732
2023-09-29,21.77,22.29,22.45,21.77,29267
2023-10-02,21.76,22.21,22.21,21.76,2943
2023-10-03,22.2,21.79,22.2,21.5,14199
2023-10-04,21.78,21.33,22.0297,21.33,28914
2023-10-05,21.5,21.33,21.5,21.2,5778
2023-10-06,21.28,21.04,21.35,21.0345,17352
2023-10-09,21.18,21.15,21.2,21.115,2338
2023-10-10,21.16,21.25,21.39,21.16,2908
2023-10-11,21.39,21.07,21.49,20.97,17714
2023-10-12,21.2,21.0,21.35,20.98,19001
2023-10-13,21.3,21.69,21.73,21.3,22033
2023-10-16,21.62,21.97,21.97,21.335,25562
2023-10-17,21.93,21.51,21.94,21.3,14943
2023-10-18,21.58,21.51,21.95,21.12,21482
2023-10-19,21.4,21.63,21.69,21.35,15337
2023-10-20,21.6552,21.475,21.8295,21.35,3992
2023-10-23,21.5,21.41,21.6,21.41,6959
2023-10-24,21.4,21.38,21.46,21.35,4016
2023-10-25,21.65,21.41,21.65,21.25,6297
2023-10-26,21.26,21.2317,21.41,21.0,12005
2023-10-27,21.2,21.065,21.2,21.0,8795
2023-10-30,20.95,21.0,21.1989,20.86,17631
2023-10-31,21.17,21.22,21.36,20.95,24568
2023-11-01,21.19,21.09,21.38,20.95,10847
2023-11-02,21.4,21.69,21.74,21.19,9184
2023-11-03,21.49,22.055,22.055,21.49,6762
2023-11-06,22.2,21.72,22.5899,21.46,9740
2023-11-07,21.62,21.93,21.93,21.435,4523
2023-11-08,22.0,22.19,22.22,21.8931,6923
2023-11-09,22.13,22.1,22.13,21.8,4088
2023-11-10,22.05,22.13,22.2,21.8,5614
2023-11-13,22.0,22.24,22.24,21.59,3503
2023-11-14,22.28,22.0,22.48,21.85,14133
2023-11-15,22.35,22.23,22.35,21.97,3474
2023-11-16,22.0,22.0503,22.46,22.0,11793
2023-11-17,22.25,22.19,22.35,22.08,2327
2023-11-20,22.0,21.83,22.2,21.6,21342
2023-11-21,21.83,21.79,22.08,21.62,8270
2023-11-22,21.98,22.1,22.1,21.94,7223
2023-11-24,22.0,21.81,22.0002,21.81,2296
2023-11-27,21.8,21.9,21.9,21.8,5800
2023-11-28,21.8,21.83,22.06,21.8,5039
2023-11-29,21.85,22.2,22.2,21.85,6172
2023-11-30,22.22,22.24,22.74,22.22,10378
2023-12-01,22.26,22.34,22.466,22.21,1924
2023-12-04,22.3,22.5,22.5,22.17,2457
2023-12-05,22.3505,22.79,22.8,22.35,5530
2023-12-06,22.1035,22.75,22.8,22.1035,7081
2023-12-07,22.86,22.6893,22.9,22.6051,3342
2023-12-08,22.93,22.78,22.975,22.78,4190
2023-12-11,22.8,22.87,22.94,22.8,8179
2023-12-12,22.4801,23.15,23.15,22.4801,20522
2023-12-13,23.0,23.62,23.68,23.0,27859
2023-12-14,23.62,23.9,23.94,23.5,24717
2023-12-15,23.677,23.7515,23.8312,23.605,25447
2023-12-18,23.76,23.89,23.9307,23.716,7677
2023-12-19,23.8195,23.75,23.9,23.7101,14091
2023-12-20,23.65,23.6228,23.8999,23.5,5988
2023-12-21,23.51,23.77,23.9,23.51,10868
2023-12-22,23.63,23.5453,23.765,23.5453,10480
2023-12-26,23.55,23.605,23.63,23.28,7357
2023-12-27,23.6658,23.61,23.9499,23.52,7525
2023-12-28,23.11,23.17,23.5,22.5,17054
2023-12-29,23.44,23.31,23.44,22.9063,17164
2024-01-02,23.35,23.43,23.46,23.33,15205
2024-01-03,23.43,23.27,23.43,23.15,13438
2024-01-04,23.105,22.9,23.25,22.8,5954
2024-01-05,22.9,23.0062,23.05,22.81,11452
2024-01-08,22.95,22.87,23.01,22.649,13139
2024-01-09,22.82,22.75,22.97,22.69,8170
2024-01-10,22.943,23.08,23.1,22.84,12107
2024-01-11,23.18,23.0,23.18,22.9101,4704
2024-01-12,23.0,23.23,23.3,23.0,5020
2024-01-16,23.05,23.1,23.228,22.95,14691
2024-01-17,23.087,23.1,23.15,23.08,6385
2024-01-18,23.01,23.1,23.1,23.0,7029
2024-01-19,23.0,23.13,23.135,23.0,2807
2024-01-22,23.14,23.38,23.4401,22.982,13785
2024-01-23,23.38,23.13,23.394,23.0,9694
2024-01-24,23.14,22.92,23.32,22.9,19939
2024-01-25,22.9,23.21,23.2769,22.84,13140
2024-01-26,23.12,23.25,23.27,22.82,7743
2024-01-29,23.0,23.053,23.1711,22.96,8637
2024-01-30,23.11,23.15,23.15,22.9,7855
2024-01-31,23.14,23.06,23.14,22.87,4465
2024-02-01,23.08,22.89,23.14,22.82,13722
2024-02-02,22.84,22.955,22.96,22.8201,3459
2024-02-05,22.9,22.96,22.96,22.8201,7710
2024-02-06,22.83,22.87,22.94,22.82,4358
2024-02-07,22.85,22.775,22.85,22.6602,5291
2024-02-08,22.7,22.53,22.79,22.48,21332
2024-02-09,22.55,22.73,22.89,22.55,12809
2024-02-12,22.65,22.83,22.94,22.65,14808
2024-02-13,22.58,22.7,22.8699,22.58,4240
2024-02-14,22.95,22.8,22.98,22.7928,4688
2024-02-15,22.84,22.9299,23.0,22.7001,6668
2024-02-16,22.9836,23.04,23.04,22.935,6768
2024-02-20,23.07,23.0601,23.07,22.99,10399
2024-02-21,22.9,23.01,23.14,22.9,9440
2024-02-22,23.02,22.89,23.02,22.8,9238
2024-02-23,22.9509,23.22,23.22,22.945,9112
2024-02-26,23.24,23.14,23.24,23.08,47900
2024-02-27,23.14,23.0,23.14,22.95,8455
2024-02-28,23.05,23.04,23.1299,23.0118,13017
2024-02-29,23.15,23.22,23.22,23.0,27750
2024-03-01,23.05,23.0,23.088,22.9001,12157
2024-03-04,22.92,22.93,23.0625,22.92,9907
2024-03-05,22.87,23.0,23.04,22.87,15420
2024-03-06,22.97,23.0,23.0,22.645,23886
2024-03-07,22.9854,23.0,23.05,22.9854,47930
2024-03-08,22.65,22.995,23.05,22.65,11928
2024-03-11,22.86,22.895,23.0,22.86,8070
2024-03-12,22.42,23.03,23.0499,22.42,63511
2024-03-13,22.95,23.02,23.05,22.906,26633
2024-03-14,22.93,22.96,23.13,22.92,27475
2024-03-15,22.88,22.9,23.0,22.88,17780
2024-03-18,22.91,22.87,23.04,22.85,26320
2024-03-19,22.93,23.07,23.0864,22.81,56563
2024-03-20,23.07,23.18,23.25,23.0179,13824
2024-03-21,23.29,23.31,23.4683,23.18,18204
2024-03-22,23.355,23.36,23.3999,23.32,5201
2024-03-25,23.4,23.25,23.4,23.22,15612
2024-03-26,23.2346,23.3,23.4,23.22,7780
2024-03-27,23.31,23.38,23.48,23.27,8746
2024-03-28,23.0,22.97,23.215,22.9,49300
2024-04-01,23.06,23.225,23.2999,23.0401,10714
2024-04-02,23.16,23.348,23.3702,23.16,11453
2024-04-03,23.3302,23.3652,23.4802,23.33,6912
2024-04-04,23.48,23.36,23.6,23.36,9972
2024-04-05,23.3614,23.35,23.47,23.2701,4745
2024-04-08,23.3501,23.4,23.484,23.35,6919
2024-04-09,23.45,23.45,23.52,23.35,1346
2024-04-10,23.37,23.19,23.41,23.15,11152
2024-04-11,23.31,23.14,23.34,23.05,11999
2024-04-12,23.02,23.04,23.24,23.0,9144
2024-04-15,23.02,22.96,23.1395,22.772,21658
2024-04-16,22.97,22.85,22.97,22.75,6999
2024-04-17,22.905,22.831,22.91,22.8,39808
2024-04-18,22.83,22.76,22.94,22.76,89617
2024-04-19,23.0564,23.01,23.0564,22.98,8984
2024-04-22,23.03,23.1306,23.19,23.03,13363
2024-04-23,23.16,23.37,23.37,23.13,11595
2024-04-24,23.3521,23.19,23.3521,23.12,7202
2024-04-25,23.1,23.25,23.25,23.02,8826
2024-04-26,23.25,23.43,23.43,23.1882,21962
2024-04-29,23.3101,23.375,23.38,23.31,3536
2024-04-30,23.4,23.46,23.48,23.319,17081
2024-05-01,23.372,23.6291,23.6291,23.372,5318
2024-05-02,23.38,23.35,23.4,22.85,48706
2024-05-03,23.4,23.51,23.6,23.3,18046
2024-05-06,23.3,23.45,23.45,23.1701,16657
2024-05-07,23.45,23.31,23.45,23.29,3183
2024-05-08,23.32,23.37,23.37,23.21,17565
2024-05-09,23.35,23.38,23.45,23.3,5348
2024-05-10,23.35,23.46,23.4897,23.35,8690
2024-05-13,23.48,23.6498,23.7,23.48,4863
2024-05-14,23.65,23.6542,23.68,23.62,7026
2024-05-15,23.64,23.65,23.7,23.64,5496
2024-05-16,23.6,23.7,23.7,23.6,5355
2024-05-17,23.65,23.65,23.65,23.6,6253
2024-05-20,23.675,23.79,23.79,23.67,5102
2024-05-21,23.69,23.69,23.8,23.69,6672
2024-05-22,23.61,23.76,23.8,23.6,4671
2024-05-23,23.75,23.62,23.75,23.5,9556
2024-05-24,23.57,23.78,23.78,23.52,7532
2024-05-28,23.8,23.74,23.8,23.74,4531
2024-05-29,23.53,23.6401,23.73,23.53,5978
2024-05-30,23.638,23.65,23.74,23.638,6725
2024-05-31,23.65,23.8,23.8,23.65,7934
2024-06-03,23.66,23.81,23.85,23.66,4768
2024-06-04,23.8,23.88,23.9099,23.7,7704
2024-06-05,23.8889,23.91,23.9499,23.7501,6414
2024-06-06,23.75,23.71,23.7506,23.6,10105
2024-06-07,23.75,23.715,23.88,23.715,2982
2024-06-10,23.71,23.93,23.93,23.66,7466
2024-06-11,23.75,23.845,23.9064,23.65,7293
2024-06-12,23.95,23.77,23.95,23.745,8912
2024-06-13,23.74,23.6964,23.8904,23.65,13273
2024-06-14,23.78,23.75,23.79,23.6959,3974
2024-06-17,23.765,23.75,23.87,23.63,14121
2024-06-18,23.79,23.78,23.8,23.7,6113
2024-06-20,23.73,23.81,23.9,23.73,6419
2024-06-21,23.78,23.8001,23.8497,23.78,4921
2024-06-24,23.87,23.92,23.94,23.83,2997
2024-06-25,23.93,23.89,23.95,23.64,26848
2024-06-26,23.76,23.9699,23.9699,23.76,9351
2024-06-27,23.915,23.93,23.98,23.8978,7889
2024-06-28,23.99,23.86,23.99,23.86,5182
2024-07-01,23.5584,23.5,23.64,23.5,5088
2024-07-02,23.5667,23.65,23.7153,23.5667,5994
2024-07-03,23.7,23.7,23.93,23.6,13016
2024-07-05,23.8902,23.81,23.8902,23.7101,2141
2024-07-08,23.74,23.72,23.9,23.7,8435
2024-07-09,23.69,23.75,23.8488,23.61,24804
2024-07-10,23.7201,23.81,23.83,23.71,4132
2024-07-11,23.85,23.8848,23.9,23.78,8276
2024-07-12,23.91,23.91,24.0,23.89,15208
2024-07-15,23.99,23.9001,24.02,23.9001,15513
2024-07-16,23.98,23.931,24.0,23.92,13349
2024-07-17,23.98,23.98,24.04,23.8811,11856
2024-07-18,24.03,23.8853,24.1,23.8853,9099
2024-07-19,23.89,24.02,24.06,23.89,8974
2024-07-22,24.1,23.92,24.1,23.82,25001
2024-07-23,23.998,23.76,24.0,23.76,21619
2024-07-24,23.898,23.61,23.9,23.61,12798
2024-07-25,23.805,23.52,23.9,23.49,18659
2024-07-26,23.6,23.47,23.66,23.44,24790
2024-07-29,23.65,23.35,23.65,23.35,33389
2024-07-30,23.44,23.3,23.49,23.26,40649
2024-07-31,23.38,23.45,23.49,23.23,49939
2024-08-01,23.47,23.2,23.47,23.16,71820
2024-08-02,23.06,23.23,23.37,23.06,19923
2024-08-05,23.0,23.04,23.11,22.12,23680
2024-08-06,23.1,23.0,23.2,22.9499,30829
2024-08-07,23.1845,23.125,23.24,23.1,13960
2024-08-08,23.1301,23.42,23.42,23.13,10674
2024-08-09,23.35,23.54,23.54,23.31,7747
2024-08-12,23.43,23.54,23.54,23.43,7644
2024-08-13,23.56,23.5,23.56,23.34,13518
2024-08-14,23.4785,23.45,23.54,23.411,22245
2024-08-15,23.45,23.67,23.72,23.3902,15694
2024-08-16,23.73,23.88,23.915,23.655,21329
2024-08-19,23.745,23.83,23.9,23.69,8842
2024-08-20,23.87,23.91,23.96,23.86,23163
2024-08-21,23.94,23.84,23.95,23.8201,11534
2024-08-22,23.84,23.91,23.91,23.75,9156
2024-08-23,23.95,23.885,23.99,23.885,15634
2024-08-26,23.89,23.9,23.96,23.86,17037
2024-08-27,23.9,23.96,23.96,23.9,13871
2024-08-28,23.96,23.91,24.0,23.9001,16890
2024-08-29,23.9,23.935,24.0,23.8887,21847
2024-08-30,23.91,24.22,24.22,23.91,55383
2024-09-03,24.015,24.06,24.16,24.0,3443
2024-09-04,24.0606,23.99,24.0606,23.93,13498
2024-09-05,23.92,23.975,23.9799,23.92,3862
2024-09-06,23.96,24.0,24.0,23.95,3487
2024-09-09,23.84,23.85,23.915,23.79,41057
2024-09-10,23.83,24.05,24.05,23.83,15982
2024-09-11,24.05,24.12,24.15,24.05,18679
2024-09-12,24.13,24.13,24.188,24.08,9361
2024-09-13,24.1301,24.3401,24.36,24.1301,15041
2024-09-16,24.38,24.375,24.4799,24.2217,26827
2024-09-17,24.2568,24.36,24.45,24.2015,23297
2024-09-18,24.44,24.22,24.44,24.22,9879
2024-09-19,24.31,24.46,24.47,24.2201,11884
2024-09-20,24.5104,24.45,24.54,24.385,8304
2024-09-23,24.45,24.41,24.45,24.3237,13912
2024-09-24,24.4,24.45,24.45,24.3405,9181
2024-09-25,24.43,24.49,24.494,24.43,7813
2024-09-26,24.5,24.5,24.5,24.45,12534
2024-09-27,24.5,24.5,24.55,24.4755,15428
2024-09-30,24.47,24.48,24.55,24.46,22320
2024-10-01,24.0,24.0,24.0,23.735,10401
2024-10-02,24.0,23.99,24.0,23.96,10278
2024-10-03,24.07,23.97,24.13,23.94,22658
2024-10-04,24.0,23.97,24.02,23.94,19492
2024-10-07,24.0,23.87,24.01,23.84,17467
2024-10-08,23.85,23.94,23.9499,23.85,10216
2024-10-09,23.93,23.98,23.98,23.93,11610
2024-10-10,23.965,24.25,24.3299,23.95,13380
2024-10-11,23.96,24.37,24.47,23.96,29047
2024-10-14,24.19,24.29,24.34,24.0868,8810
2024-10-15,24.29,24.46,24.51,24.29,47275
2024-10-16,24.46,24.41,24.5,24.37,23063
2024-10-17,24.34,24.5,24.6,24.34,7651
2024-10-18,24.49,24.46,24.59,24.405,5265
2024-10-21,24.4,24.55,24.55,24.31,16483
2024-10-22,24.52,24.66,24.69,24.48,16706
2024-10-23,24.48,24.65,24.688,24.48,14666
2024-10-24,24.51,24.75,24.78,24.51,18962
2024-10-25,24.62,24.79,24.825,24.5,15287
2024-10-28,24.78,24.75,24.8,24.655,8599
2024-10-29,24.54,24.75,24.79,24.54,13049
2024-10-30,24.79,24.86,24.9,24.79,9449
2024-10-31,24.88,24.93,24.935,24.84,25554
2024-11-01,24.91,24.87,24.95,24.8,18329
2024-11-04,24.41,24.84,24.85,24.41,22583
2024-11-05,24.85,24.85,24.9,24.75,18978
2024-11-06,24.832,24.85,24.94,24.8,15216
2024-11-07,24.9,24.95,24.99,24.8895,21571
2024-11-08,24.9,25.0,25.0,24.85,16554
2024-11-11,24.98,25.0013,25.02,24.98,18276
2024-11-12,24.9298,25.0,25.04,24.9298,7715
2024-11-13,25.0399,25.01,25.0516,24.9851,8541
2024-11-14,25.025,25.0,25.07,25.0,15833
2024-11-15,25.0761,25.04,25.08,25.0177,6496
2024-11-18,25.05,24.96,25.1797,24.83,28890
2024-11-19,24.86,24.9,25.0811,24.86,16047
2024-11-20,24.9,24.95,25.14,24.9,13928
2024-11-21,25.05,25.12,25.14,25.0,9295
2024-11-22,25.125,24.97,25.125,24.9607,30002
2024-11-25,24.96,24.93,25.1,24.8336,31325
2024-11-26,25.0,24.91,25.0452,24.75,21144
2024-11-27,24.988,24.82,25.03,24.8,30391
2024-11-29,24.95,25.14,25.22,24.9252,35621
2024-12-02,25.12,25.25,25.25,24.99,8178
2024-12-03,25.24,25.04,25.28,24.96,23658
2024-12-04,25.06,25.04,25.12,25.02,17912
2024-12-05,25.02,25.0,25.1,25.0,26424
2024-12-06,24.92,25.04,25.15,24.92,3384
2024-12-09,25.04,25.07,25.1,24.9762,6242
2024-12-10,25.05,25.21,25.23,25.05,9604
2024-12-11,25.16,25.1728,25.238,25.1201,4749
2024-12-12,25.2333,25.1,25.24,25.04,5877
2024-12-13,25.02,25.15,25.18,25.0,10636
2024-12-16,25.15,24.98,25.15,24.84,27124
2024-12-17,25.03,24.98,25.08,24.98,8277
2024-12-18,24.94,25.0,25.128,24.94,13939
2024-12-19,25.0,25.17,25.17,24.91,10499
2024-12-20,24.99,25.2362,25.2804,24.99,27630
2024-12-23,25.0712,25.19,25.21,25.0712,5257
2024-12-24,25.19,25.11,25.2,25.11,3340
2024-12-26,25.01,25.02,25.0599,25.01,4066
2024-12-27,25.19,25.08,25.19,24.85,32321
2024-12-30,25.05,25.24,25.24,25.0001,13908
2024-12-31,24.71,24.76,24.98,24.71,118248
2025-01-02,24.8,25.13,25.16,24.8,30956
2025-01-03,25.0,24.95,25.0562,24.95,9882
2025-01-06,24.95,25.0,25.05,24.9013,12790
2025-01-07,24.97,24.9562,24.9783,24.84,6405
2025-01-08,24.7995,24.9065,24.95,24.7995,13756
2025-01-10,24.91,24.925,24.97,24.82,15794
2025-01-13,25.0,24.87,25.04,24.8699,23852
2025-01-14,24.95,24.79,25.01,24.76,23382
2025-01-15,25.07,24.94,25.07,24.8,11251
2025-01-16,25.01,25.05,25.1469,24.97,17994
2025-01-17,24.97,24.91,25.09,24.9,16344
2025-01-21,25.11,25.07,25.11,25.0,32024
2025-01-22,25.1,25.13,25.23,25.05,11648
2025-01-23,25.08,25.041,25.2,25.041,27761
2025-01-24,25.19,25.07,25.19,25.0646,18275
2025-01-27,25.18,25.1,25.18,25.07,17794
2025-01-28,25.18,25.17,25.2053,25.1188,16818
2025-01-29,25.2498,25.255,25.26,25.2173,6744
2025-01-30,25.29,25.23,25.36,25.2201,18064
2025-01-31,25.18,25.15,25.3291,25.15,31148
2025-02-03,25.1904,25.24,25.248,25.1823,14972
2025-02-04,25.25,25.1962,25.25,25.13,7124
2025-02-05,25.2417,25.3,25.33,25.23,5358
2025-02-06,25.18,25.25,25.3232,25.18,8944
2025-02-07,25.225,25.23,25.25,25.21,3776
2025-02-10,25.2076,25.2728,25.3499,25.2076,7019
2025-02-11,25.26,25.3,25.3,25.258,4837
2025-02-12,25.2663,25.2743,25.2958,25.253,5927
2025-02-13,25.27,25.3054,25.3054,25.26,11795
2025-02-14,25.31,25.31,25.31,25.2401,4497
2025-02-18,25.27,25.3,25.33,25.27,3643
2025-02-19,25.27,25.3663,25.39,25.27,8560
2025-02-20,25.27,25.22,25.31,25.1946,23751
2025-02-21,25.22,25.1501,25.25,25.15,18896
2025-02-24,25.25,25.2304,25.25,25.1601,6958
2025-02-25,25.22,25.2,25.26,25.1801,6302
2025-02-26,25.21,25.2,25.33,25.2,11307
2025-02-27,25.2951,25.25,25.2999,25.25,5099
2025-02-28,25.3,25.19,25.3439,25.19,8718
2025-03-03,25.29,25.05,25.298,24.94,55494
2025-03-04,25.03,24.85,25.1,24.56,95060
2025-03-05,24.935,24.92,25.0182,24.86,20195
2025-03-06,24.92,24.88,25.02,24.87,27127
2025-03-07,24.9,24.8401,25.0,24.83,45584
2025-03-10,24.89,24.83,25.0383,24.8,13209
2025-03-11,24.9,24.8198,24.97,24.8096,16700
2025-03-12,24.895,24.8313,24.895,24.82,17728
2025-03-13,24.8999,24.805,24.9,24.78,9766
2025-03-14,24.875,24.799,24.875,24.75,55991
2025-03-17,24.8,24.8,24.8927,24.7797,39904
2025-03-18,24.79,24.6698,24.83,24.65,39787
2025-03-19,24.75,24.8,24.8,24.73,14787
2025-03-20,24.88,24.7673,24.88,24.7,24916
2025-03-21,24.82,24.77,24.8229,24.71,38708
2025-03-24,24.84,24.75,24.85,24.74,33774
2025-03-25,24.82,24.72,24.8483,24.7,133549
2025-03-26,24.75,24.6499,24.75,24.63,47478
2025-03-27,24.72,24.62,24.73,24.6098,41429
2025-03-28,24.69,24.67,24.69,24.42,44843
2025-03-31,24.66,24.6,24.8,24.58,114884
2025-04-01,24.09,24.08,24.1882,24.0208,49318
2025-04-02,24.04,24.06,24.14,23.9687,39082
2025-04-03,23.92,23.7022,23.99,23.53,60308
2025-04-04,23.6,23.085,23.7,23.03,90787
2025-04-07,23.06,23.0,23.39,22.5,77277
2025-04-08,23.1,23.2,23.665,23.04,47303
2025-04-09,23.13,23.37,23.5,22.61,59939
2025-04-10,23.47,23.22,23.5,23.0,38037
2025-04-11,23.25,22.95,23.3,22.83,36391
