2019-09-27,1.4625,1.278,1.611,1.065,6065437
2019-09-30,1.5,1.95,2.97,1.365,1874166
2019-10-01,3.75,3.15,4.95,3.063,2531270
2019-10-02,3.735,5.385,5.475,3.63,2195168
2019-10-03,5.445,6.075,7.35,5.31,1266306
2019-10-04,5.535,6.6,7.125,5.4,512618
2019-10-07,6.63,6.675,7.275,6.3,427583
2019-10-08,6.45,7.20726,7.4235,5.88,555641
2019-10-09,7.1625,5.1993,7.2,4.815,359691
2019-10-10,5.25,5.625,6.3,5.2125,292599
2019-10-11,5.775,5.151,6.0,4.8,269535
2019-10-14,5.85075,6.1335,6.675,5.58,965128
2019-10-15,6.66,6.765,7.2,6.165,517770
2019-10-16,6.8685,6.972,7.9275,6.75,646401
2019-10-17,6.9525,6.525,7.125,6.3,71597
2019-10-18,6.525,6.45,6.525,6.3,55263
2019-10-21,6.525,6.225,7.1985,6.225,73859
2019-10-22,6.0,6.15,6.285,6.0,40299
2019-10-23,6.0315,6.2775,6.975,6.0315,17869
2019-10-24,6.2775,6.4335,6.435,6.2775,19994
2019-10-25,6.43425,6.525,6.9,6.15,56218
2019-10-28,6.56175,6.6,6.7275,6.225,27467
2019-10-29,6.225,6.6,6.75,6.225,67282
2019-10-30,6.41325,6.306,6.6,6.2265,31893
2019-10-31,6.306,6.0,6.45,5.925,60631
2019-11-01,6.0375,6.6,6.6,5.8515,54482
2019-11-04,6.5985,7.035,7.035,6.375,109039
2019-11-05,6.975,7.05,7.2,6.375,60276
2019-11-06,6.75,6.5925,7.485,6.075,176055
2019-11-07,6.6,6.6075,7.2,6.27,169991
2019-11-08,6.61125,6.585,6.9015,6.3,29902
2019-11-11,6.675,6.6,6.9,6.315,19166
2019-11-12,6.6,6.15,6.777,6.105,37552
2019-11-13,6.105,5.925,6.2925,5.7825,34860
2019-11-14,5.913,5.8425,5.913,5.715,34849
2019-11-15,5.715,5.55075,5.85,5.55,114710
2019-11-18,5.721,5.325,5.73,5.2575,17746
2019-11-19,5.1825,4.8,5.325,4.578,51263
2019-11-20,5.25,4.725,5.25,4.59,20268
2019-11-21,4.8075,4.6275,4.95,4.6275,58684
2019-11-22,4.6275,4.59,4.875,4.53,8290
2019-11-25,4.575,4.35,4.74,4.125,46750
2019-11-26,4.41,4.35,4.5,4.275,17556
2019-11-27,4.29,4.305,4.38,4.29,24939
2019-11-29,4.32,4.275,4.38,4.2015,37317
2019-12-02,4.35,3.945,4.575,3.945,53659
2019-12-03,4.125,4.1655,4.23,3.8415,201583
2019-12-04,4.215,4.425,4.8,4.215,36826
2019-12-05,4.4625,4.425,4.725,4.35,31803
2019-12-06,4.725,4.95,5.175,4.35,59397
2019-12-09,4.9875,5.07,5.1,4.725,15629
2019-12-10,4.875,4.875,5.07,4.7325,22372
2019-12-11,4.7325,4.575,5.2095,4.425,37286
2019-12-12,4.55625,4.77,5.0025,4.5375,27601
2019-12-13,4.77,4.9575,5.13,4.575,117907
2019-12-16,4.9905,4.98825,5.0985,4.9575,29488
2019-12-17,5.0025,5.2725,5.835,4.95,62117
2019-12-18,5.4,6.8325,8.625,5.3625,507535
2019-12-19,6.69,6.675,7.26,5.655,199468
2020-12-11,164.61,152.7,195.0,152.25,5123
2020-12-14,171.0,156.0,177.75,153.9,17778
2020-12-15,161.25,157.2,162.0,154.5,44631
2020-12-16,159.6,157.5,159.9045,156.0,9448
2020-12-17,157.5,157.05,159.9,155.7,18399
2020-12-18,159.0,157.95,161.25,156.75,17821
2020-12-21,160.5,161.25,163.596,156.3,23027
2020-12-22,163.5,162.6,167.85,158.1,17297
2020-12-23,165.0,166.2,166.65,162.6,12096
2020-12-24,167.25,167.55,171.0,164.1,12550
2020-12-28,169.2,165.75,171.75,165.0,40073
2020-12-29,166.2,165.3,167.4,164.25,49000
2020-12-30,167.25,166.95,170.25,165.0,22336
2020-12-31,168.3,165.0,168.3,163.5,26106
2021-01-04,166.5,165.15,169.05,164.4,27042
2021-01-05,164.25,165.225,168.0,163.5,38662
2021-01-06,165.15,164.4,165.2205,163.8,19821
2021-01-07,171.15,165.0,171.15,163.8,24805
2021-01-08,170.25,165.45,187.5,161.25,81632
2021-01-11,165.9,163.05,165.9,160.2,31617
2021-01-12,162.3,167.1,168.0,162.0,28765
2021-01-13,168.9,169.2,177.0,166.35,26245
2021-01-14,171.9,168.3,173.85,166.5,28129
2021-01-15,168.75,168.15,170.4,165.75,32245
2021-01-19,168.0,167.25,169.65,165.75,33599
2021-01-20,167.25,167.4,168.0,165.75,23633
2021-01-21,168.75,169.95,170.7,167.4,23482
2021-01-22,169.95,172.5,175.05,169.65,25893
2021-01-25,175.2,169.8,179.85,167.4,24935
2021-01-26,170.55,168.45,171.9,166.275,14792
2021-01-27,165.15,163.05,166.167,162.15,45445
2021-01-28,165.0,165.15,165.45,163.5,38606
2021-01-29,164.25,164.55,166.6485,163.5,9956
2021-02-01,164.55,166.8,166.8,163.8,14390
2021-02-02,168.75,169.5,174.0,166.5,14219
2021-02-03,168.3,171.3,172.2,168.15,16719
2021-02-04,170.85,170.7,171.825,169.65,10055
2021-02-05,171.15,169.2,171.45,166.8,16190
2021-02-08,169.65,169.5,171.3,168.75,21009
2021-02-09,174.75,169.5,174.75,168.45,29764
2021-02-10,170.25,170.7,175.3125,164.1,32309
2021-02-11,175.65,176.25,179.25,173.289,72689
2021-02-12,175.8,178.35,182.25,172.65,69658
2021-02-16,180.0,176.4,180.0,173.4,48873
2021-02-17,175.65,177.75,179.4,171.2115,41705
2021-02-18,176.25,179.25,179.7,175.65,35391
2021-02-19,180.0,182.25,186.0,178.95,41975
2021-02-22,182.25,178.5,182.25,178.2,28688
2021-02-23,174.3,167.55,174.3,165.0,80566
2021-02-24,168.75,169.65,171.45,166.95,32192
2021-02-25,168.6,162.6,170.8485,159.15,58296
2021-02-26,161.7,163.35,163.8,157.65,49996
2021-03-01,166.2,165.9,167.4,164.7,23873
2021-03-02,165.0,161.7,167.1,157.5,54577
2021-03-03,160.95,156.75,160.95,154.95,37868
2021-03-04,155.25,154.05,157.65,150.75,60798
2021-03-05,155.25,156.3,156.7515,151.2,40962
2021-03-08,153.9,153.0,157.95,151.95,19864
2021-03-09,153.15,154.65,155.85,152.775,12448
2021-03-10,154.05,154.95,156.6,153.3,19235
2021-03-11,154.8,158.25,158.5515,154.65,35139
2021-03-12,156.0,159.0,159.15,153.75,12611
2021-03-15,158.25,156.45,159.525,153.75,45289
2021-03-16,156.75,158.4,158.4,153.3,39628
2021-03-17,157.5,160.05,160.2,154.5,20703
2021-03-18,158.55,157.05,161.4,156.15,720404
2021-03-19,157.5,155.4,157.5,153.75,234570
2021-03-22,156.75,155.1,156.975,154.5,86527
2021-03-23,155.25,151.2,155.25,150.45,125993
2021-03-24,151.5,150.9,154.05,150.6,76601
2021-03-25,150.0,151.2,152.1,148.95,127216
2021-03-26,152.85,150.75,153.0,150.3,79480
2021-03-29,150.75,150.3,151.95,150.1515,58471
2021-03-30,150.45,151.65,152.1,149.5605,29481
2021-03-31,150.9,151.65,152.1,150.75,17003
2021-04-01,151.8,151.65,153.45,150.9,30247
2021-04-05,151.65,151.65,152.7,151.5,10974
2021-04-06,151.65,151.65,151.95,151.35,20690
2021-04-07,152.1,151.65,152.4,150.9,16331
2021-04-08,152.4,151.2,152.4,150.0,55971
2021-04-09,151.5,150.9,151.5,150.3,44847
2021-04-12,150.9,150.3,151.05,150.0,40290
2021-04-13,150.45,150.15,150.45,149.925,51776
2021-04-14,150.15,149.85,150.3,149.4,29507
2021-04-15,149.85,149.7,150.0,149.25,22133
2021-04-16,149.7,149.85,150.3,149.1,23518
2021-04-19,149.4,149.25,149.55,147.825,19956
2021-04-20,148.2,148.35,149.1,147.45,173215
2021-04-21,147.6,148.65,149.85,147.6,25834
2021-04-22,148.65,148.65,149.55,148.2,15268
2021-04-23,148.5,150.0,150.15,148.5,12946
2021-04-26,150.0,150.0,150.15,148.95,33346
2021-04-27,149.85,150.0,150.15,149.25,15962
2021-04-28,149.55,149.55,150.1485,149.1,11106
2021-04-29,149.7,149.7,149.7,148.9515,25376
2021-04-30,149.25,149.7,149.85,148.9665,10327
2021-05-03,149.4,149.25,149.4495,148.8,16750
2021-05-04,148.65,149.55,150.0,148.35,19008
2021-05-05,148.95,149.4,149.475,148.95,6452
2021-05-06,149.1,148.35,149.25,147.75,128328
2021-05-07,148.05,148.5,148.8,148.05,4626
2021-05-10,148.65,148.5,148.65,148.2,41694
2021-05-11,147.0,148.5,148.725,147.0,145400
2021-05-12,148.2,147.9,148.5,147.75,109794
2021-05-13,147.75,148.05,148.5,147.75,12377
2021-05-14,148.5,148.425,148.65,147.75,9127
2021-05-17,148.5,148.35,148.575,148.05,8432
2021-05-18,148.2,148.35,148.95,148.2,5559
2021-05-19,148.35,148.5,148.95,148.35,3932
2021-05-20,148.65,148.5,148.65,148.35,3350
2021-05-21,149.25,148.5,149.25,148.2,89792
2021-05-24,148.35,148.5,148.5,148.35,3643
2021-05-25,148.5,148.5,148.8015,148.35,4989
2021-05-26,148.5,148.5,148.8,148.2,50503
2021-05-27,148.95,148.5,148.95,148.2,3932
2021-05-28,148.5,148.5,148.8,148.35,3481
2021-06-01,148.5,148.5,148.8,148.35,24166
2021-06-02,148.35,148.5,148.875,148.2,32269
2021-06-03,148.5,149.25,149.25,148.5,5806
2021-06-04,149.25,148.65,149.25,148.65,55416
2021-06-07,148.8,148.95,149.1,148.65,3515
2021-06-08,148.65,149.1,149.1,148.65,1785
2021-06-09,149.25,149.1,149.25,148.95,8223
2021-06-10,148.95,149.1,149.55,148.8,17598
2021-06-11,149.25,149.55,149.55,148.95,5106
2021-06-14,149.4,149.25,149.4,148.95,13144
2021-06-15,148.95,148.95,149.25,148.725,11929
2021-06-16,148.65,148.95,149.1,148.65,2082
2021-06-17,148.95,148.95,149.25,148.8,2624
2021-06-18,148.8,148.95,149.25,148.65,12051
2021-06-21,148.8,148.95,149.25,148.8,3601
2021-06-22,148.8,149.25,149.25,148.8,1468
2021-06-23,149.25,149.1,149.25,148.65,2056
2021-06-24,148.8,149.25,149.4,148.8,5398
2021-06-25,149.25,148.95,149.25,148.8,24347
2021-06-28,149.25,148.95,149.25,148.65,63343
2021-06-29,149.25,148.95,149.25,148.8,3815
2021-06-30,149.25,148.95,149.25,148.65,16743
2021-07-01,148.8,148.95,149.1,148.8,6176
2021-07-02,148.95,149.1,149.1,148.875,4752
2021-07-06,148.8,148.95,149.1,148.8,2965
2021-07-07,148.8,148.95,149.1,148.8,2419
2021-07-08,148.65,148.95,149.1,148.65,4646
2021-07-09,149.1,148.95,149.1,148.95,1219
2021-07-12,148.8,148.95,149.1,148.65,4933
2021-07-13,148.8,148.95,149.25,148.8,9926
2021-07-14,148.8,148.95,149.4,148.8,31099
2021-07-15,148.8,148.95,149.1,148.8,21867
2021-07-16,148.8,149.1,149.25,148.8,4905
2021-07-19,148.65,149.1,149.25,148.65,8932
2021-07-20,149.25,149.1,149.25,148.95,2204
2021-07-21,148.8,148.95,149.1,148.8,30465
2021-07-22,148.65,148.8,148.95,148.5,75727
2021-07-23,149.25,148.95,149.25,148.65,1628
2021-07-26,148.65,148.95,149.1,148.65,31928
2021-07-27,148.8,148.95,148.95,148.65,2098
2021-07-28,148.95,148.95,148.95,148.65,2111
2021-07-29,148.8,148.95,148.95,148.65,22841
2021-07-30,148.8,148.05,148.8,147.9,50685
2021-08-02,148.05,148.35,148.65,148.05,7508
2021-08-03,148.275,148.5,148.5,148.05,4483
2021-08-04,148.2,148.5,148.5,148.2,4203
2021-08-05,148.5,148.65,148.65,147.75,16631
2021-08-06,148.05,148.65,148.65,148.05,11625
2021-08-09,148.35,148.65,148.65,148.35,962
2021-08-10,148.95,149.25,149.4,148.95,33837
2021-08-11,149.25,149.4,149.55,149.25,4112
2021-08-12,149.4,149.55,149.7,149.4,4132
2021-08-13,149.55,149.4,149.55,149.4,42957
2021-08-16,149.4,149.4,149.55,149.25,137010
2021-08-17,149.55,149.4,149.7,149.25,80388
2021-08-18,149.4,149.4,149.475,149.25,24433
2021-08-19,149.4,149.4,149.55,149.25,6164
2021-08-20,149.25,149.25,149.3715,149.1,43118
2021-08-23,149.1,149.55,149.55,149.1,23886
2021-08-24,149.7,149.55,149.7,149.4,11871
2021-08-25,149.4,149.55,149.7,149.4,14576
2021-08-26,147.75,149.25,149.7,145.65,53593
2021-08-27,149.25,148.05,151.5,146.7,97966
2021-08-30,149.1,137.1,149.325,136.5,49299
2021-08-31,138.6,134.85,138.6,128.259,22215
2021-09-01,135.75,132.0,135.75,127.8,16543
2021-09-02,141.6,135.3,142.2,131.4,52883
2021-09-03,129.75,129.45,130.5,123.0,27142
2021-09-07,151.275,163.5,176.7,145.8,422709
2021-09-08,156.0,173.25,179.1,145.35,136126
2021-09-09,169.5,153.0,240.0,152.25,741880
2021-09-10,155.55,144.45,176.85,141.15,186849
2021-09-13,144.0,147.6,155.55,129.0,120133
2021-09-14,150.0,165.9,184.2,142.5,419462
2021-09-15,164.85,188.7,197.85,153.0,445168
2021-09-16,255.0,299.55,314.55,206.1,7421051
2021-09-17,243.45,204.45,269.1,189.45,1488201
2021-09-20,189.3,190.65,214.8,180.3,402670
2021-09-21,193.8,187.05,201.0,177.15,174967
2021-09-22,183.6,163.95,191.2485,163.8,135897
2021-09-23,168.15,154.05,172.2,150.0,147029
2021-09-24,156.15,156.15,160.95,148.35,91740
2021-09-27,151.65,151.5,162.4485,146.25,93205
2021-09-28,149.1,147.15,154.0485,144.3,64373
2021-09-29,147.9,133.5,151.95,131.7,89727
2021-09-30,133.8,130.8,137.25,129.6,59925
2021-10-01,135.9,126.75,136.4085,126.3,66331
2021-10-04,115.95,112.65,116.175,102.0,279710
2021-10-05,114.75,121.35,127.35,112.95,195387
2021-10-06,114.15,114.75,120.7995,113.4,68006
2021-10-07,117.3,116.25,118.3215,114.15,49131
2021-10-08,114.0,129.45,132.225,114.0,115952
2021-10-11,125.85,127.5,128.55,123.3,58279
2021-10-12,128.85,126.75,133.2,126.3,39608
2021-10-13,125.55,121.35,125.7,118.2,54481
2021-10-14,134.85,122.7,137.9985,120.6015,781787
2021-10-15,123.15,123.75,126.9,117.7515,108824
2021-10-18,122.85,123.75,129.75,121.05,112516
2021-10-19,124.95,128.25,129.6,122.55,49187
2021-10-20,126.45,123.0,132.0,120.6,73163
2021-10-21,123.6,116.4,123.6,114.945,106171
2021-10-22,113.85,116.4,118.9485,112.8,39712
2021-10-25,117.0,111.9,117.0,108.9,55602
2021-10-26,112.05,115.05,116.55,110.85,39044
2021-10-27,115.05,121.5,121.95,113.4,83077
2021-10-28,119.55,119.4,121.8,114.6,44595
2021-10-29,118.2,116.4,120.0,116.1,26955
2021-11-01,116.1,119.85,120.675,116.1,19123
2021-11-02,120.3,116.55,120.45,115.5,28780
2021-11-03,117.3,109.8,118.5,105.45,58361
2021-11-04,113.85,115.95,117.75,111.15,35702
2021-11-05,118.65,116.25,118.65,113.25,45468
2021-11-08,117.0,113.4,119.085,113.25,37662
2021-11-09,114.0,112.2,115.8,110.25,38485
2021-11-10,114.75,108.6,114.9,108.3,56682
2021-11-11,118.35,114.75,119.25,109.05,73743
2021-11-12,112.05,119.25,120.75,111.0,45631
2021-11-15,118.05,124.5,126.441,118.05,43838
2021-11-16,125.25,128.4,129.6,123.6,42824
2021-11-17,129.75,126.45,130.95,124.8,32435
2021-11-18,130.2,124.95,130.2,123.15,26269
2021-11-19,123.0,121.2,124.5,118.95,32933
2021-11-22,118.65,110.85,119.85,110.1,35724
2021-11-23,110.85,107.7,113.55,105.45,21571
2021-11-24,106.05,108.3,108.75,102.75,25433
2021-11-26,106.65,113.4,114.75,105.255,17921
2021-11-29,114.75,113.25,117.0,109.875,35720
2021-11-30,112.5,112.5,117.9,110.1,24451
2021-12-01,111.6,105.9,114.0,105.75,17347
2021-12-02,105.0,102.6,106.8,99.6015,27635
2021-12-03,102.45,96.45,103.0635,94.065,33784
2021-12-06,98.25,110.7,114.6,97.65,92649
2021-12-07,111.15,117.3,119.1,109.95,40660
2021-12-08,115.2,120.15,122.25,114.7515,29473
2021-12-09,120.75,116.55,124.5,116.1,31488
2021-12-10,117.9,118.35,121.5,117.45,37985
2021-12-13,119.55,106.05,121.5,105.15,37127
2021-12-14,109.2,104.55,113.25,104.25,40858
2021-12-15,105.0,104.85,107.25,97.95,96730
2021-12-16,111.45,102.0,111.45,98.85,101780
2021-12-17,102.15,110.4,110.4,97.992,341771
2021-12-20,106.65,108.75,109.5,105.0,63956
2021-12-21,110.4,105.6,111.372,104.85,66654
2021-12-22,105.0,109.5,110.1,104.7,24269
2021-12-23,109.5,110.85,111.15,107.625,17305
2021-12-27,111.45,111.45,115.2,108.3,24493
2021-12-28,110.55,108.45,112.35,106.65,14975
2021-12-29,108.75,98.4,108.75,97.95,40647
2021-12-30,98.1,97.5,100.95,96.375,61270
2021-12-31,98.4,96.0,99.15,94.2,86705
2022-01-03,98.4,103.35,103.95,96.15,31769
2022-01-04,104.25,100.95,104.25,97.95,25076
2022-01-05,100.95,91.05,101.4,90.75,42756
2022-01-06,91.5,89.4,93.4485,83.7,40536
2022-01-07,86.85,83.55,90.0,82.65,54209
2022-01-10,83.25,76.2,83.25,75.6,65642
2022-01-11,78.75,75.0,81.75,74.7,65005
2022-01-12,75.45,75.0,77.4,74.25,56271
2022-01-13,73.8,69.0,73.95,68.7,48668
2022-01-14,67.5,65.55,68.85,63.3,54451
2022-01-18,63.9,62.1,64.35,60.75,31842
2022-01-19,63.15,58.5,63.45,58.5,38413
2022-01-20,59.1,56.25,60.75,55.95,56329
2022-01-21,55.05,54.3,57.9,54.0,49007
2022-01-24,53.4,53.1,54.0,47.7,105565
2022-01-25,50.55,53.55,54.0,49.95,42893
2022-01-26,54.0,48.9,55.05,48.3,34445
2022-01-27,50.55,48.3,50.55,47.55,40542
2022-01-28,48.45,49.5,49.65,44.4,55158
2022-01-31,49.05,54.6,56.1,48.9,45922
2022-02-01,55.65,56.7,57.75,53.4,28518
2022-02-02,58.5,54.6,58.5,53.25,31174
2022-02-03,52.5,55.8,56.175,51.15,34052
2022-02-04,55.2,54.45,55.8,52.95,22014
2022-02-07,55.05,55.8,57.75,55.05,17746
2022-02-08,55.8,56.1,56.55,53.625,13669
2022-02-09,56.85,58.2,58.8,56.4,19933
2022-02-10,57.75,59.7,62.1,56.4,36112
2022-02-11,61.2,58.35,61.65,57.3,29911
2022-02-14,57.6,59.1,60.9,56.775,25028
2022-02-15,61.2,63.3,63.45,60.0,32303
2022-02-16,61.5,64.8,66.6,60.0,29737
2022-02-17,63.75,62.1,64.8,61.35,27516
2022-02-18,62.55,60.75,65.4,60.0,21742
2022-02-22,59.4,57.9,60.45,57.45,37932
2022-02-23,58.65,57.9,60.9,57.3,49583
2022-02-24,56.25,73.2,73.2,54.0,179209
2022-02-25,71.85,67.35,72.6,65.55,73901
2022-02-28,67.35,76.95,77.85,67.35,62255
2022-03-01,76.95,76.65,82.2,72.45,67073
2022-03-02,77.25,78.45,84.276,75.9,77087
2022-03-03,78.6,72.3,81.6,70.5,60180
2022-03-04,71.7,68.55,76.5,66.75,48681
2022-03-07,69.15,62.1,69.9,61.8,45191
2022-03-08,62.55,60.75,63.15,59.55,51021
2022-03-09,61.95,61.8,63.0,60.9,43653
2022-03-10,60.9,60.9,61.4985,57.9,29652
2022-03-11,61.95,60.0,62.25,59.1,27376
2022-03-14,59.7,58.35,60.15,56.418,37877
2022-03-15,57.3,60.75,62.55,57.0,34924
2022-03-16,62.4,66.0,66.6,60.15,48065
2022-03-17,64.95,73.2,74.85,64.05,44082
2022-03-18,73.05,82.5,82.8,70.35,90449
2022-03-21,80.7,82.65,87.825,79.8,65362
2022-03-22,82.65,88.8,91.35,80.55,121764
2022-03-23,88.5,92.55,95.55,87.975,85143
2022-03-24,92.55,86.1,93.051,84.15,69249
2022-03-25,84.6,84.45,86.55,82.95,42459
2022-03-28,84.6,81.75,86.1,75.75,59942
2022-03-29,82.2,85.8,86.25,82.2,37079
2022-03-30,83.25,78.0,85.35,77.55,43303
2022-03-31,77.1,75.45,78.9,75.0,24298
2022-04-01,75.3,76.5,76.95,73.8,34230
2022-04-04,77.55,79.65,81.45,76.8,37022
2022-04-05,78.75,75.6,78.9,74.7,35686
2022-04-06,74.25,69.75,75.6,69.0,59622
2022-04-07,69.15,69.45,70.65,67.875,42835
2022-04-08,69.0,72.0,73.05,67.2,32233
2022-04-11,70.5,73.35,74.85,68.4,26066
2022-04-12,72.75,77.55,77.55,72.75,36556
2022-04-13,76.8,78.6,81.15,76.05,39515
2022-04-14,78.15,78.3,79.5,76.5,31151
2022-04-18,78.45,73.35,78.45,72.675,29936
2022-04-19,72.45,75.0,77.55,72.0,37867
2022-04-20,74.25,74.25,77.325,72.6,32421
2022-04-21,75.6,71.4,76.2,70.65,39378
2022-04-22,70.2,71.1,72.75,69.3,26734
2022-04-25,69.15,75.15,75.6,69.15,49010
2022-04-26,75.15,70.35,76.5,69.6,34973
2022-04-27,69.6,67.8,72.45,67.5,28203
2022-04-28,67.8,76.2,76.2,67.8,48559
2022-04-29,75.0,75.15,80.7,74.85,32811
2022-05-02,75.75,79.8,79.8,74.4405,33439
2022-05-03,80.25,79.05,80.55,74.7,40726
2022-05-04,79.05,82.65,83.1,76.5,36508
2022-05-05,87.75,81.0,88.5,77.7,87025
2022-05-06,81.0,82.8,85.35,75.0,76774
2022-05-09,81.15,70.35,82.05,68.1,80822
2022-05-10,72.6,65.55,72.6,63.75,73954
2022-05-11,62.85,60.9,70.8,60.75,83641
2022-05-12,59.85,67.5,67.65,57.75,98607
2022-05-13,70.05,75.15,77.7,68.55,130185
2022-05-16,74.25,74.55,77.1,71.4,79707
2022-05-17,76.5,76.05,79.65,73.95,77217
2022-05-18,74.1,72.15,76.2,70.05,44849
2022-05-19,72.15,73.95,75.0,71.25,60697
2022-05-20,75.0,77.4,79.65,74.4,84653
2022-05-23,77.1,75.0,79.35,73.6515,71583
2022-05-24,73.2,69.75,75.0,69.6,59565
2022-05-25,68.85,72.9,74.55,68.85,41565
2022-05-26,72.15,69.6,74.25,69.45,60157
2022-05-27,70.2,74.1,75.6,69.9,68419
2022-05-31,72.6,68.1,73.2,66.0,359949
2022-06-01,66.9,72.45,72.6,66.9,75876
2022-06-02,71.7,76.65,77.1,71.25,81746
2022-06-03,75.15,73.65,76.35,72.9,33974
2022-06-06,75.0,74.4,77.5485,72.3,56262
2022-06-07,73.5,68.25,73.5,66.15,76010
2022-06-08,69.0,67.2,69.075,65.85,40307
2022-06-09,66.3,62.1,66.3,60.75,65034
2022-06-10,60.75,55.95,61.875,55.875,49651
2022-06-13,52.05,52.2,54.132,50.25,65032
2022-06-14,52.65,52.8,53.1,49.95,67003
2022-06-15,52.95,54.15,57.0,52.35,60840
2022-06-16,51.75,49.35,52.5,48.525,45371
2022-06-17,49.5,50.55,51.9,48.3,83156
2022-06-21,52.8,46.8,53.25,45.75,111237
2022-06-22,45.45,45.0,47.625,44.7,96581
2022-06-23,45.3,44.85,46.5,43.5,135629
2022-06-24,45.45,42.75,48.9,42.6,592309
2022-06-27,42.75,39.45,43.5,39.15,129960
2022-06-28,39.9,36.6,39.9,36.15,133026
2022-06-29,37.2,35.55,37.2,33.75,109204
2022-06-30,34.8,32.7,35.175,32.4,77385
2022-07-01,33.0,33.3,34.725,31.65,118797
2022-07-05,32.25,37.2,37.6485,32.1,105851
2022-07-06,37.8,34.8,38.25,34.2,61140
2022-07-07,35.85,38.1,38.475,34.8,41327
2022-07-08,37.05,36.6,37.35,34.2,59155
2022-07-11,37.2,33.9,37.4985,33.75,39990
2022-07-12,33.45,34.35,35.25,32.55,62442
2022-07-13,33.6,34.8,34.95,32.925,47733
2022-07-14,33.75,32.55,34.125,32.25,40912
2022-07-15,33.9,32.85,34.05,31.65,59081
2022-07-18,33.3,32.1,34.2,31.65,47081
2022-07-19,32.4,34.35,34.95,32.4,52937
2022-07-20,36.45,37.2,37.65,34.5,110731
2022-07-21,37.5,37.05,38.142,35.85,73633
2022-07-22,37.05,33.75,37.344,33.3,57146
2022-07-25,33.75,34.2,34.575,33.0,53041
2022-07-26,33.6,31.35,33.825,30.75,70054
2022-07-27,31.8,31.65,32.0205,30.3,55075
2022-07-28,31.05,31.8,32.4015,30.6,63143
2022-07-29,31.8,31.65,32.1,30.45,62973
2022-08-01,31.65,31.65,33.75,30.15,77607
2022-08-02,31.2,33.0,33.9,30.9,87062
2022-08-03,34.35,31.35,34.875,30.45,247751
2022-08-04,31.35,27.15,33.0,26.25,316414
2022-08-05,27.45,26.85,27.45,25.5,225802
2022-08-08,27.15,26.25,28.5,25.8,248909
2022-08-09,25.8,25.2,26.55,24.3,225918
2022-08-10,25.35,25.5,26.25,24.45,178084
2022-08-11,25.95,25.35,26.1,24.75,108751
2022-08-12,27.0,32.85,34.8,25.875,546258
2022-08-15,32.85,30.75,33.3,30.6,112035
2022-08-16,31.05,30.6,31.35,29.25,90676
2022-08-17,30.0,27.6,30.3,27.45,95974
2022-08-18,27.15,27.6,27.9,27.075,26282
2022-08-19,27.0,25.65,27.15,25.5,75372
2022-08-22,25.35,25.05,25.5,24.15,70027
2022-08-23,25.65,24.45,25.8735,24.15,64277
2022-08-24,24.3,24.15,24.75,24.0,80990
2022-08-25,24.15,24.6,25.044,23.8515,86393
2022-08-26,24.6,23.85,24.75,23.4,53280
2022-08-29,23.7,23.55,24.15,23.325,57823
2022-08-30,23.7,23.4,24.075,23.1,68626
2022-08-31,23.4,22.8,23.7765,22.5,70839
2022-09-01,22.5,21.45,22.65,20.925,71705
2022-09-02,21.75,21.0,22.35,20.85,64618
2022-09-06,21.15,20.85,22.425,20.4,67226
2022-09-07,20.55,21.3,21.45,20.25,71165
2022-09-08,21.0,21.3,21.9,20.55,36987
2022-09-09,21.6,23.4,23.7,21.6,72504
2022-09-12,23.25,23.55,24.15,22.05,84122
2022-09-13,22.65,21.3,23.175,21.15,71161
2022-09-14,21.3,21.15,21.9,20.4,55658
2022-09-15,21.0,20.7,21.75,20.4,58921
2022-09-16,20.25,19.5,20.55,19.35,73280
2022-09-19,19.5,19.8,20.1,18.45,66397
2022-09-20,19.65,18.9,19.65,18.75,55319
2022-09-21,18.9,19.05,19.5,18.3,52665
2022-09-22,18.6,17.7,19.2,17.7,78036
2022-09-23,17.55,18.3,18.3,16.05,79573
2022-09-26,17.85,18.15,18.75,17.4,58361
2022-09-27,18.6,18.6,18.6,17.7,60830
2022-09-28,18.75,20.25,20.7,18.3,95598
2022-09-29,19.65,18.45,19.65,18.15,56173
2022-09-30,18.3,18.15,18.3,17.625,35008
2022-10-03,18.3,17.7,18.45,16.8,66649
2022-10-04,17.85,18.45,18.6,17.7,36534
2022-10-05,17.7,17.4,18.0,16.8,27731
2022-10-06,16.95,16.35,17.25,16.35,49701
2022-10-07,16.05,15.15,16.1895,15.0,67246
2022-10-10,15.0,14.7975,15.6,14.256,88689
2022-10-11,14.625,14.1,14.997,13.8,79187
2022-10-12,14.1,14.3985,14.4195,13.5165,63088
2022-10-13,14.034,15.6,15.6,13.5,92312
2022-10-14,15.75,14.0355,16.2,13.7175,83412
2022-10-17,14.25,13.6965,14.8485,13.65,78853
2022-10-18,14.361,13.9005,14.55,13.65,54961
2022-10-19,13.665,11.814,13.8,11.50275,134461
2022-10-20,11.55,13.086,13.74,11.55,105747
2022-10-21,13.17,13.1055,13.7505,12.753015,37920
2022-10-24,13.4985,12.4155,13.4985,12.237015,28439
2022-10-25,12.45,13.779,13.8,12.45,56263
2022-10-26,13.8,15.3,15.6,13.5,48489
2022-10-27,15.3,13.3635,15.3,13.35,70644
2022-10-28,13.2915,13.0725,13.452,12.3,97858
2022-10-31,13.581,14.6175,14.85,12.6075,68037
2022-11-01,15.0,14.6505,15.15,13.599,40173
2022-11-02,13.8,12.7095,14.6415,12.6885,50927
2022-11-03,12.4515,10.848,13.065,10.8375,76670
2022-11-04,11.7375,11.2965,11.9745,10.84725,66346
2022-11-07,12.1425,10.3515,12.1425,10.0665,56129
2022-11-08,10.755,11.3595,11.9745,10.155,66480
2022-11-09,11.3055,10.3515,11.6085,10.215,45548
2022-11-10,11.304,11.7075,12.7485,10.8495,83247
2022-11-11,12.054,14.3565,14.475,11.85,53589
2022-11-14,14.091,13.1355,14.8095,12.9,74668
2022-11-15,13.791,12.9015,14.721,12.9,47672
2022-11-16,12.45,12.2895,13.5,12.2265,29048
2022-11-17,12.0,11.898,12.6405,11.55,38220
2022-11-18,12.8985,11.0055,12.8985,10.95,30097
2022-11-21,10.986,10.2015,11.214,9.753,71701
2022-11-22,10.7115,9.4515,10.7115,8.7375,98342
2022-11-23,9.636,10.5105,10.8,9.303,34927
2022-11-25,10.5,11.619,11.685,10.5,18227
2022-11-28,11.91,10.821,11.9985,10.695,24315
2022-11-29,10.95,12.3495,12.6645,10.5,35281
2022-11-30,11.979,10.65,12.0,10.5375,105210
2022-12-01,11.094,9.9,11.094,9.9,57848
2022-12-02,9.75,9.9255,10.245,9.4575,30938
2022-12-05,10.0695,9.9615,10.1835,9.8415,25194
2022-12-06,9.9975,9.915,10.0155,9.6435,22486
2022-12-07,9.75,10.2225,10.6425,9.5565,28964
2022-12-08,10.4985,10.35,10.56,9.75,21738
2022-12-09,10.782,9.7695,10.782,9.7515,34346
2022-12-12,9.8985,9.6795,10.197,9.6,38556
2022-12-13,10.194,9.339,10.851015,9.3285,47348
2022-12-14,9.15,9.0765,10.05,9.0015,55088
2022-12-15,9.102,8.547,9.1575,8.2605,87766
2022-12-16,8.8485,7.8675,8.90625,7.8,85487
2022-12-19,7.8,7.35,7.9185,6.9,80595
2022-12-20,7.3485,7.11,7.5645,7.0605,66620
2022-12-21,7.3575,6.912,7.5,6.789,43525
2022-12-22,6.7605,6.4395,6.8985,6.0,66980
2022-12-23,6.459,6.9495,7.389,6.4515,37269
2022-12-27,6.45,6.3465,6.9,6.3,24514
2022-12-28,6.4725,6.45,6.6675,6.15,55495
2022-12-29,6.003,7.05,7.05,5.628,59034
2022-12-30,7.0305,6.9075,7.1985,6.603,29012
2023-01-03,6.8655,6.8175,7.5,6.3945,49689
2023-01-04,7.098,7.2195,7.443,6.894,9129
2023-01-05,7.5435,7.2945,7.575,7.251,18001
2023-01-06,7.386,7.446,7.65,6.984,23304
2023-01-09,7.8,7.236,7.95,7.1295,36719
2023-01-10,7.7355,9.0855,9.5835,7.215,74476
2023-01-11,8.778,9.393,10.05,8.703,68150
2023-01-12,9.6,9.714,9.9135,8.85,39687
2023-01-13,10.0485,10.6215,11.4525,9.6,64616
2023-01-17,10.506,10.923,11.7015,10.5,46197
2023-01-18,11.469,10.1205,11.55,10.0365,37873
2023-01-19,10.2,9.234,10.3425,8.796,23562
2023-01-20,10.1025,9.4695,10.149,9.1035,20264
2023-01-23,9.6,9.876,10.6335,9.015,49638
2023-01-24,9.8325,9.9615,10.806,9.75,25564
2023-01-25,9.4185,10.317,10.35,9.4185,10692
2023-01-26,10.125,11.25,11.25,10.125,33271
2023-01-27,11.268,10.8585,11.9625,10.35,53354
2023-01-30,11.025,14.3445,14.835,10.8,95494
2023-01-31,14.49,13.7625,14.847,13.05,44686
2023-02-01,13.35,17.25,18.75,12.5985,238740
2023-02-02,18.0,17.4,19.35,15.3,126261
2023-02-03,17.4,16.35,17.55,15.6,55815
2023-02-06,15.75,13.545,16.3335,13.509,80805
2023-02-07,14.394,15.3,15.3,13.515,37726
2023-02-08,15.75,14.748,16.5,14.2665,37140
2023-02-09,14.4,11.283,14.82,10.53,95541
2023-02-10,11.7435,13.2,13.7835,11.7015,58856
2023-02-13,13.533,12.615,13.915485,12.471,34332
2023-02-14,12.45,11.598,13.668,11.5095,43974
2023-02-15,11.5635,12.297,12.627,10.806,43006
2023-02-16,12.3,12.627,14.55,12.0,83402
2023-02-17,12.897,11.4,13.2225,11.4,46650
2023-02-21,11.25,10.65,11.85,10.65,36705
2023-02-22,10.575,10.227,11.55,9.9255,51291
2023-02-23,10.077,9.6015,10.101,9.0345,56899
2023-02-24,9.408,9.435,9.75,8.1,88921
2023-02-27,9.5985,8.712,9.75,8.7,32425
2023-02-28,8.85,8.526,9.15,8.25,41154
2023-03-01,8.6985,8.4375,8.9775,8.25,45262
2023-03-02,8.6985,8.1735,8.721,7.8165,51515
2023-03-03,8.5275,9.114,9.3375,8.25,35307
2023-03-06,9.45,8.985,10.2,8.8995,30387
2023-03-07,9.0885,8.52,9.485985,8.436,18424
2023-03-08,8.25,7.95,8.535,7.95,43366
2023-03-09,8.3895,6.9015,8.4,6.75375,56744
2023-03-10,7.05,6.531,7.35,6.315,67141
2023-03-13,6.9195,7.5345,7.8,6.6015,45123
2023-03-14,8.55,8.0745,8.7,7.593,35969
2023-03-15,8.1,8.2515,8.7375,7.5,47210
2023-03-16,8.535,8.616,8.9265,7.9275,23331
2023-03-17,8.5905,8.8995,8.985,8.0955,71008
2023-03-20,8.7,7.9515,8.85,7.5,45767
2023-03-21,8.3655,8.706,8.999985,8.0445,29805
2023-03-22,9.021,7.671,9.021,7.65,31101
2023-03-23,7.65,7.731,8.475,7.65,23944
2023-03-24,7.95,7.809,8.025,7.518,26233
2023-03-27,7.809,7.917,8.7,7.74,27546
2023-03-28,8.313,7.9365,8.313,7.575,14193
2023-03-29,8.1615,7.695,8.25,7.644,16868
2023-03-30,7.65,7.227,8.112,7.05,24991
2023-03-31,7.311,7.905,8.1555,6.915,49871
2023-04-03,8.1405,7.815,8.4,7.65,22212
2023-04-04,7.65,8.1675,8.55,7.374,46867
2023-04-05,8.3055,7.9065,8.55,7.515,34814
2023-04-06,8.055,7.845,10.5,7.5,318372
2023-04-10,8.19,7.2015,8.19,6.915,51957
2023-04-11,7.203,8.124,8.25,7.203,36178
2023-04-12,7.95,8.3895,8.5245,7.95,22285
2023-04-13,8.1,8.49,8.5785,8.1,17027
2023-04-14,8.4705,8.208,8.6175,7.98,22025
2023-04-17,8.385,8.0565,8.469,7.815,27310
2023-04-18,8.208,8.0535,8.4615,7.86,18004
2023-04-19,8.088,8.0775,8.2395,7.683,10339
2023-04-20,8.0355,7.3905,8.25,7.2,39549
2023-04-21,7.2075,7.0425,7.653,6.9765,43887
2023-04-24,7.014,7.3845,7.5,7.014,27177
2023-04-25,7.368,7.02,7.5,6.9,28898
2023-04-26,7.05,7.0485,7.1775,6.3,40625
2023-04-27,7.4385,7.2015,7.71,7.2,17658
2023-04-28,7.2015,7.0095,7.5,6.9,17626
2023-05-01,7.05,7.0125,7.1985,6.9,17784
2023-05-02,6.8655,6.612,7.198485,6.165375,29412
2023-05-03,6.45,6.4215,7.3425,6.3045,30264
2023-05-04,6.6,6.3,6.732,6.0,22219
2023-05-05,6.9,7.0785,8.061,6.258,69042
2023-05-08,7.05,7.6665,8.1,6.9,78678
2023-05-09,7.386,7.7175,7.95,6.975,63388
2023-05-10,7.7685,7.65,8.25,7.125,201906
2023-05-11,7.689,7.4985,7.95,7.4025,33213
2023-05-12,7.4055,7.3965,7.65,7.1925,50594
2023-05-15,7.95,7.3575,8.025,7.2,11659
2023-05-16,7.3155,7.0935,7.5,7.05,15243
2023-05-17,7.047,7.431,7.5,6.9,57531
2023-05-18,7.4625,7.95,7.95,7.3515,46561
2023-05-19,7.95,8.166,8.3865,7.65,40001
2023-05-22,8.0865,8.1075,8.7,7.515,57364
2023-05-23,8.25,8.5125,8.925,8.25,53333
2023-05-24,9.0,8.769,9.0,8.4,35902
2023-05-25,8.805,9.3345,9.5565,8.4,39759
2023-05-26,8.964,9.675,10.005,8.925015,34228
2023-05-30,9.6,9.6495,10.185,9.075,42643
2023-05-31,9.69,9.648,9.9,9.012,127964
2023-06-01,9.9,8.754,9.9,8.5515,29308
2023-06-02,8.718,8.457,9.15,8.1,60406
2023-06-05,9.129,8.457,9.0,8.5755,45211
2023-06-06,8.583,10.05,10.8,8.5515,107963
2023-06-07,9.948,9.381,10.1955,8.85,66828
2023-06-08,9.21,10.4055,10.4925,9.132,85962
2023-06-09,9.594,9.6,10.275,9.045,86406
2023-06-12,9.15,7.8105,9.15,7.5,110197
2023-06-13,7.82,8.37,8.78,7.76,203661
2023-06-14,8.21,8.22,8.79,7.55,300725
2023-06-15,7.78,8.51,8.85,7.6,194256
2023-06-16,8.54,8.76,9.59,8.45,737990
2023-06-20,9.0,9.17,9.45,8.64,176778
2023-06-21,9.11,8.58,9.12,8.11,133582
2023-06-22,8.42,10.12,10.4682,8.335,362478
2023-06-23,9.91,9.99,10.9436,9.89,664613
2023-06-26,9.78,9.6,10.11,9.53,30769
2023-06-27,9.58,10.23,10.78,9.58,76560
2023-06-28,10.2,11.93,12.9591,10.2,304460
2023-06-29,12.11,11.53,12.5999,11.37,131254
2023-06-30,12.05,12.96,13.72,11.89,182031
2023-07-03,13.1,13.54,13.9505,13.1,48126
2023-07-05,13.69,12.61,13.69,12.58,82892
2023-07-06,12.39,11.71,12.39,10.9,119577
2023-07-07,11.45,12.03,12.3196,11.45,90710
2023-07-10,11.87,11.85,12.28,11.68,110451
2023-07-11,11.85,12.38,12.7341,11.6705,124131
2023-07-12,12.99,13.91,14.18,12.64,198815
2023-07-13,14.01,14.78,15.195,14.0,113958
2023-07-14,14.78,13.59,14.99,13.27,75396
2023-07-17,13.53,13.5,14.51,13.26,84807
2023-07-18,13.45,13.13,13.92,13.03,65203
2023-07-19,13.2,12.05,13.4596,11.7673,103271
2023-07-20,11.98,11.1,11.98,10.88,101796
2023-07-21,11.25,11.42,11.49,10.67,67835
2023-07-24,11.46,11.14,11.709,10.88,50679
2023-07-25,11.18,10.73,11.6,10.61,78009
2023-07-26,10.89,10.36,10.93,10.0,71298
2023-07-27,10.54,9.89,11.1666,9.51,90478
2023-07-28,10.06,10.76,10.8,10.06,61098
2023-07-31,10.8,11.84,11.89,10.8,48312
2023-08-01,11.84,11.82,11.97,11.25,40837
2023-08-02,11.8,11.43,12.35,11.2,89536
2023-08-03,11.37,11.24,11.97,11.0134,43921
2023-08-04,11.18,10.75,11.28,10.2,53408
2023-08-07,10.75,10.16,10.855,9.7,50118
2023-08-08,9.79,10.04,10.39,9.5814,28540
2023-08-09,10.05,10.15,10.34,9.75,37304
2023-08-10,10.23,9.87,10.46,9.77,63274
2023-08-11,10.73,11.33,11.88,10.67,159495
2023-08-14,11.57,11.87,11.92,11.15,67138
2023-08-15,11.69,11.9,12.4,11.2601,93352
2023-08-16,11.95,10.56,12.025,10.56,87035
2023-08-17,10.49,10.34,10.82,10.211,40266
2023-08-18,10.07,10.23,10.665,10.05,27363
2023-08-21,10.19,10.07,10.19,9.735,30941
2023-08-22,10.07,10.28,10.34,9.74,24417
2023-08-23,10.4,10.85,11.07,10.4,21822
2023-08-24,10.87,10.88,10.98,10.5,25094
2023-08-25,10.92,11.62,12.0,10.85,40423
2023-08-28,11.73,12.08,12.195,11.23,35255
2023-08-29,11.81,12.7,12.96,11.6019,51570
2023-08-30,12.7,12.52,12.89,12.39,26285
2023-08-31,12.44,13.04,13.2,12.3435,276503
2023-09-01,13.0,12.5,13.36,11.7,56020
2023-09-05,12.2,11.42,12.2,11.4,49694
2023-09-06,11.45,10.1,11.45,10.1,46770
2023-09-07,10.0,10.13,10.345,10.0,39339
2023-09-08,10.15,10.02,10.23,9.68,48540
2023-09-11,10.26,10.16,10.26,9.84,29836
2023-09-12,9.93,10.1,10.36,9.67,133775
2023-09-13,10.0,10.15,10.62,10.0,44861
2023-09-14,10.29,10.32,10.41,9.965,100832
2023-09-15,10.26,10.4,10.75,9.85,349732
2023-09-18,10.4,10.54,10.68,9.77,59943
2023-09-19,10.45,10.24,10.55,9.9,67145
2023-09-20,10.38,10.62,10.87,10.35,67904
2023-09-21,10.35,10.32,10.39,10.05,40388
2023-09-22,10.21,10.25,10.34,10.1,70387
2023-09-25,10.37,10.23,10.37,10.0901,65232
2023-09-26,10.05,9.54,10.373,9.39,70927
2023-09-27,9.67,9.86,9.99,9.5101,25524
2023-09-28,9.84,10.02,10.02,9.6191,13260
2023-09-29,10.22,9.76,10.315,9.76,37520
2023-10-02,9.64,8.28,9.64,8.19,39813
2023-10-03,8.18,7.8,8.18,7.425,114688
2023-10-04,7.73,8.44,8.75,7.71,31379
2023-10-05,8.6151,9.46,9.47,8.61,46252
2023-10-06,9.2,9.03,9.34,8.695,39283
2023-10-09,8.83,8.72,8.94,8.32,40368
2023-10-10,8.76,9.62,9.7,8.6,58218
2023-10-11,9.72,9.38,9.72,9.3,18298
2023-10-12,9.62,8.9,9.765,8.56,34282
2023-10-13,8.89,8.73,8.95,8.6301,19588
2023-10-16,8.86,8.94,9.3,8.69,155079
2023-10-17,8.82,9.11,9.43,8.75,24249
2023-10-18,8.88,8.88,9.6,8.7,19371
2023-10-19,8.82,8.3,8.87,8.0994,20293
2023-10-20,8.27,8.55,8.8,8.0985,21652
2023-10-23,8.48,8.51,8.665,8.0658,9838
2023-10-24,8.6,8.08,8.6,8.04,30430
2023-10-25,8.18,8.01,8.18,7.89,15101
2023-10-26,8.01,8.14,8.2,7.89,10483
2023-10-27,8.23,7.88,8.23,7.675,9107
2023-10-30,7.87,8.12,8.14,7.752,21294
2023-10-31,8.11,7.95,8.19,7.78,14880
2023-11-01,7.84,8.31,8.31,7.77,19604
2023-11-02,8.32,8.09,9.27,7.95,71295
2023-11-03,8.32,8.48,8.8,8.3,24285
2023-11-06,8.52,8.23,8.79,8.18,18278
2023-11-07,8.26,8.96,9.11,8.15,11679
2023-11-08,8.75,7.92,8.95,7.6615,62594
2023-11-09,7.94,7.24,7.94,7.12,17453
2023-11-10,7.13,7.31,7.55,7.0101,14803
2023-11-13,7.11,7.32,7.39,7.01,19590
2023-11-14,7.71,8.53,8.65,7.71,28064
2023-11-15,8.39,8.65,9.0966,8.3,26354
2023-11-16,8.78,8.4,8.78,8.17,15356
2023-11-17,8.33,8.99,8.99,8.33,44819
2023-11-20,9.0,9.26,9.32,8.77,16743
2023-11-21,9.03,9.39,9.61,8.91,8559
2023-11-22,9.075,9.48,9.48,9.075,15918
2023-11-24,9.26,9.99,10.0266,9.1,15424
2023-11-27,9.72,9.85,9.98,9.6833,12920
2023-11-28,9.69,10.07,10.73,9.59,16581
2023-11-29,10.13,10.28,10.6493,10.13,9385
2023-11-30,10.5,10.36,10.55,10.09,9534
2023-12-01,10.1,10.19,10.46,10.06,10154
2023-12-04,10.0,10.1,10.28,9.77,11849
2023-12-05,10.16,10.0,10.16,9.8166,9952
2023-12-06,9.66,9.78,10.03,9.5901,19611
2023-12-07,9.95,9.8,10.12,9.675,13100
2023-12-08,9.75,9.82,10.045,9.6388,11691
2023-12-11,9.64,8.7,9.64,8.7,20041
2023-12-12,8.54,8.2,8.94,8.04,15858
2023-12-13,7.95,9.86,9.86,7.8787,51026
2023-12-14,10.37,9.87,11.22,9.8,43931
2023-12-15,10.0,10.6,10.6,9.52,48699
2023-12-18,10.5,9.77,10.6202,9.65,64696
2023-12-19,9.57,9.85,10.89,9.57,37530
2023-12-20,9.85,10.13,10.74,9.7381,46104
2023-12-21,10.11,9.93,10.41,9.9,39878
2023-12-22,10.32,9.88,10.3855,9.67,24040
2023-12-26,9.74,10.16,10.21,9.6652,20605
2023-12-27,10.06,10.4,10.43,9.7401,37969
2023-12-28,10.47,10.53,10.61,10.1626,23811
2023-12-29,10.36,10.25,10.41,9.99,20990
2024-01-02,10.1,9.85,10.2201,9.689,21171
2024-01-03,9.65,8.9,9.785,8.73,41357
2024-01-04,8.91,8.96,8.99,8.72,32741
2024-01-05,8.97,8.73,9.23,8.59,29662
2024-01-08,8.68,9.47,9.5,8.65,25193
2024-01-09,9.26,9.95,10.03,9.15,22250
2024-01-10,9.86,9.62,9.86,9.34,12463
2024-01-11,9.44,8.93,9.53,8.51,22124
2024-01-12,8.94,9.05,9.4319,8.94,16394
2024-01-16,8.91,8.43,8.945,8.4,10663
2024-01-17,8.42,8.62,8.83,8.0111,24501
2024-01-18,8.73,8.63,8.8105,8.5,5056
2024-01-19,8.58,8.94,9.18,8.29,43760
2024-01-22,8.89,8.85,9.37,8.76,12115
2024-01-23,9.1,8.53,9.1,8.39,18537
2024-01-24,8.53,8.71,8.995,8.37,43591
2024-01-25,8.34,8.63,9.05,8.34,19373
2024-01-26,8.595,8.85,9.12,8.55,41870
2024-01-29,8.98,9.43,9.925,8.63,51515
2024-01-30,9.31,9.71,9.85,9.31,14399
2024-01-31,9.73,9.32,9.8,9.18,10357
2024-02-01,9.25,9.55,9.8,9.25,16218
2024-02-02,9.37,9.39,9.7,8.93,24407
2024-02-05,9.38,9.25,9.38,8.93,20975
2024-02-06,9.4,9.22,9.75,9.1,18334
2024-02-07,8.9,8.79,9.035,8.69,16507
2024-02-08,8.93,9.42,9.42,8.93,9941
2024-02-09,9.43,9.38,9.58,9.1301,17812
2024-02-12,9.21,9.38,9.75,9.21,30748
2024-02-13,9.0,9.07,9.365,8.7875,14881
2024-02-14,9.18,9.63,9.65,9.0087,15340
2024-02-15,9.65,9.7,9.8,9.3522,45051
2024-02-16,9.43,9.29,9.69,9.26,18353
2024-02-20,9.05,9.19,9.46,9.0,22261
2024-02-21,9.16,9.08,9.36,9.05,5984
2024-02-22,9.1,8.83,9.47,8.51,35954
2024-02-23,8.7757,9.4,9.43,8.715,12861
2024-02-26,9.3,9.1,9.3,8.62,34033
2024-02-27,8.53,8.79,9.3,8.5,50212
2024-02-28,8.6,8.49,8.74,8.36,14716
2024-02-29,8.43,8.44,8.83,8.43,26656
2024-03-01,8.59,8.75,8.93,8.45,50245
2024-03-04,8.69,8.16,8.69,8.02,19659
2024-03-05,8.0,7.98,8.35,7.83,17032
2024-03-06,7.97,7.66,8.19,7.6,19538
2024-03-07,7.76,7.55,7.97,7.5031,23035
2024-03-08,7.76,7.24,8.03,7.15,42013
2024-03-11,7.05,8.03,8.29,7.05,45898
2024-03-12,8.01,8.13,8.635,7.9733,93823
2024-03-13,8.17,8.28,8.55,8.15,34094
2024-03-14,8.4611,8.26,8.58,8.07,26637
2024-03-15,8.14,8.1,8.63,8.025,65525
2024-03-18,8.1,7.84,8.15,7.75,20362
2024-03-19,8.4,7.79,8.4,7.76,17581
2024-03-20,7.86,7.99,8.095,7.63,49851
2024-03-21,7.97,8.15,8.22,7.7226,16923
2024-03-22,8.07,8.07,8.17,7.91,13243
2024-03-25,8.03,8.2,8.36,7.7307,10879
2024-03-26,8.27,8.19,8.385,8.0,17711
2024-03-27,8.32,8.54,8.69,8.15,17415
2024-03-28,8.41,8.1,8.785,8.1,17890
2024-04-01,8.1,7.98,8.38,7.89,24193
2024-04-02,7.89,7.73,7.94,7.6,14882
2024-04-03,7.55,7.35,7.71,7.335,26580
2024-04-04,7.4,7.24,7.775,7.09,16207
2024-04-05,7.37,7.3,7.85,7.3,10097
2024-04-08,7.38,7.18,7.494,7.13,15726
2024-04-09,7.18,7.42,7.76,7.18,13428
2024-04-10,7.18,7.31,7.53,7.18,14228
2024-04-11,7.31,7.2,7.51,7.2,15660
2024-04-12,7.22,7.31,7.4,7.0402,17697
2024-04-15,7.25,6.8,7.25,6.7,25953
2024-04-16,6.81,7.08,7.12,6.81,18880
2024-04-17,7.07,7.29,7.475,6.86,9350
2024-04-18,7.19,7.77,7.77,7.06,13434
2024-04-19,7.4831,7.49,7.74,7.42,11349
2024-04-22,7.5,7.44,7.64,7.33,8451
2024-04-23,7.48,7.42,7.75,7.34,15697
2024-04-24,7.355,7.96,8.03,7.355,20648
2024-04-25,7.83,8.12,8.2,7.57,20912
2024-04-26,8.085,8.29,8.335,8.025,11809
2024-04-29,8.37,7.59,8.37,7.545,21544
2024-04-30,7.51,7.77,7.88,7.51,24340
2024-05-01,7.78,7.27,7.8199,7.25,22262
2024-05-02,7.12,7.58,7.75,7.12,10575
2024-05-03,8.02,7.4,8.08,7.22,83810
2024-05-06,7.44,7.26,7.88,7.11,45767
2024-05-07,7.02,6.74,7.15,6.54,66427
2024-05-08,6.57,6.86,7.02,6.55,29071
2024-05-09,6.75,6.68,6.94,6.64,16347
2024-05-10,6.6,7.13,7.4,6.59,47643
2024-05-13,7.13,7.18,7.47,6.69,39197
2024-05-14,7.26,7.32,7.47,7.05,26390
2024-05-15,7.45,6.4,7.45,6.2,78010
2024-05-16,6.88,6.05,6.88,5.97,66090
2024-05-17,6.05,5.88,6.18,5.5,40671
2024-05-20,5.95,5.66,6.11,5.565,57002
2024-05-21,5.65,5.48,5.82,5.25,60604
2024-05-22,5.4332,4.9,5.4332,4.86,105353
2024-05-23,5.0,5.07,5.4,4.5,86171
2024-05-24,4.8519,5.0,5.0,4.79,35152
2024-05-28,5.02,5.53,5.8,4.91,97970
2024-05-29,5.67,5.1,5.67,5.0,70741
2024-05-30,5.05,4.83,5.0698,4.7,67690
2024-05-31,4.95,4.85,5.075,4.75,574616
2024-06-03,4.99,4.94,4.99,4.769,50937
2024-06-04,5.0,4.99,5.2,4.83,52030
2024-06-05,4.99,4.8,5.05,4.8,62813
2024-06-06,4.79,4.98,5.08,4.7,70412
2024-06-07,5.22,4.98,5.23,4.86,51529
2024-06-10,4.9,5.01,5.13,4.8,55370
2024-06-11,5.08,4.87,5.1902,4.8,53155
2024-06-12,5.03,5.01,5.2,4.9,95034
2024-06-13,5.02,5.01,5.1199,4.86,39744
2024-06-14,5.0,5.08,5.12,4.76,47778
2024-06-17,5.29,5.03,5.35,4.83,46084
2024-06-18,5.04,4.69,5.1,4.65,52549
2024-06-20,4.65,4.59,4.82,4.5,87565
2024-06-21,4.58,4.66,4.79,4.45,53317
2024-06-24,4.64,4.47,4.75,4.38,36580
2024-06-25,4.43,4.26,4.52,4.2,59831
2024-06-26,4.21,4.19,4.42,4.01,84004
2024-06-27,4.17,4.0,4.36,3.83,113696
2024-06-28,3.93,4.42,4.55,3.9,1325551
2024-07-01,4.35,4.61,4.63,4.21,63263
2024-07-02,4.53,4.22,4.58,4.1,75162
2024-07-03,4.22,4.29,4.3917,4.2,15192
2024-07-05,4.2,4.17,4.32,4.11,87823
2024-07-08,4.18,4.17,4.215,4.06,41399
2024-07-09,4.2,4.3,4.38,4.06,29149
2024-07-10,4.29,4.42,4.46,4.2711,59435
2024-07-11,4.53,4.75,4.79,4.49,53770
2024-07-12,4.75,4.87,5.0899,4.71,160057
2024-07-15,4.89,4.78,4.92,4.69,50075
2024-07-16,4.81,4.89,5.0,4.81,80417
2024-07-17,4.9,4.97,5.08,4.82,76810
2024-07-18,4.96,4.7,5.02,4.63,50113
2024-07-19,4.78,4.49,4.85,4.46,27638
2024-07-22,4.49,4.49,4.59,4.3146,28153
2024-07-23,4.44,4.54,4.57,4.43,20005
2024-07-24,4.48,4.47,4.6,4.35,36315
2024-07-25,4.53,4.6,4.638,4.3764,26204
2024-07-26,4.65,4.62,4.65,4.43,23097
2024-07-29,4.66,4.56,4.91,4.47,60297
2024-07-30,4.57,4.46,4.57,4.34,50811
2024-07-31,4.49,4.44,4.56,4.4,39699
2024-08-01,4.48,3.99,4.48,3.96,106701
2024-08-02,3.91,4.0,4.03,3.86,92043
2024-08-05,3.81,3.93,3.99,3.79,95662
2024-08-06,3.73,3.33,3.74,3.23,111505
2024-08-07,3.32,3.1,3.3816,2.92,110921
2024-08-08,3.1,3.09,3.2799,3.02,72807
2024-08-09,3.05,3.1,3.15,2.985,40032
2024-08-12,3.045,2.67,3.1,2.57,136076
2024-08-13,2.61,2.9,2.91,2.59,74771
2024-08-14,2.98,2.82,3.02,2.72,58111
2024-08-15,2.81,3.04,3.15,2.68,53726
2024-08-16,3.04,3.13,3.13,3.0,26855
2024-08-19,3.16,3.52,3.54,3.04,91462
2024-08-20,3.45,3.47,3.65,3.42,148383
2024-08-21,3.48,3.55,3.6,3.43,59700
2024-08-22,3.59,3.37,3.87,3.36,149082
2024-08-23,3.4,3.86,3.98,3.3701,181876
2024-08-26,3.98,4.2,4.55,3.87,165530
2024-08-27,4.2,4.01,4.39,3.91,58835
2024-08-28,3.93,4.12,4.23,3.91,50147
2024-08-29,4.13,3.98,4.13,3.91,79775
2024-08-30,4.0,3.89,4.0,3.8008,22638
2024-09-03,3.84,3.59,3.92,3.59,38475
2024-09-04,3.54,3.71,3.7399,3.54,19356
2024-09-05,3.76,3.57,3.8495,3.5,29525
2024-09-06,3.56,3.48,3.74,3.4,38561
2024-09-09,3.49,3.6,3.765,3.49,24263
2024-09-10,3.6,3.64,3.725,3.42,103604
2024-09-11,3.6,3.65,3.7,3.54,16266
2024-09-12,3.67,4.13,4.14,3.67,40210
2024-09-13,4.21,4.33,4.4,4.13,42613
2024-09-16,4.37,4.2,4.37,3.95,22660
2024-09-17,4.24,4.16,4.48,4.07,35551
2024-09-18,4.1748,4.45,4.6091,4.09,63296
2024-09-19,4.64,4.59,4.87,4.4101,81988
2024-09-20,4.56,4.35,4.59,4.27,166755
2024-09-23,4.4,4.34,4.4868,4.2,25734
2024-09-24,4.42,4.4,4.46,4.2,29461
2024-09-25,4.1801,3.95,4.24,3.93,26147
2024-09-26,3.96,3.94,4.18,3.92,26814
2024-09-27,4.04,4.08,4.125,3.91,20934
2024-09-30,4.06,4.06,4.1728,3.9708,17216
2024-10-01,4.03,3.93,4.03,3.93,15082
2024-10-02,3.96,3.58,3.96,3.55,18760
2024-10-03,3.57,3.41,3.7387,3.38,18522
2024-10-04,3.43,3.39,3.54,3.28,24086
2024-10-07,3.31,3.38,3.44,3.18,25508
2024-10-08,3.33,3.23,3.38,3.23,28861
2024-10-09,3.25,2.91,3.3299,2.86,47816
2024-10-10,2.97,2.83,3.0336,2.76,38345
2024-10-11,2.862,3.09,3.14,2.85,28020
2024-10-14,3.1297,3.28,3.29,3.075,29253
2024-10-15,3.3,3.35,3.58,3.2349,34221
2024-10-16,3.41,3.37,3.558,3.16,52981
2024-10-17,3.31,3.03,3.39,2.96,43362
2024-10-18,3.03,2.96,3.08,2.91,27033
2024-10-21,2.96,2.86,3.019,2.84,36289
2024-10-22,2.81,2.99,3.0,2.71,68089
2024-10-23,3.01,2.79,3.01,2.725,35861
2024-10-24,2.82,2.93,2.95,2.76,23353
2024-10-25,2.95,2.83,2.99,2.81,18177
2024-10-28,2.92,2.99,3.085,2.78,16485
2024-10-29,2.95,3.04,3.1,2.86,28299
2024-10-30,3.07,3.0,3.12,2.93,30082
2024-10-31,3.0,3.01,3.08,2.913,33507
2024-11-01,3.06,3.12,3.14,2.99,33051
2024-11-04,3.14,3.27,3.28,2.9668,54658
2024-11-05,3.18,3.16,3.25,3.0,69647
2024-11-06,3.31,3.52,3.5817,3.11,46715
2024-11-07,3.5,3.61,3.93,3.5,42429
2024-11-08,3.59,3.65,3.91,3.59,45988
2024-11-11,3.68,3.86,3.94,3.5601,57767
2024-11-12,3.91,4.38,4.38,3.815,57554
2024-11-13,4.49,4.24,4.885,4.2,82422
2024-11-14,4.26,3.73,4.26,3.6701,31129
2024-11-15,3.73,3.71,3.85,3.68,26638
2024-11-18,3.8,3.62,3.94,3.58,33933
2024-11-19,3.6,3.68,3.7024,3.6,20414
2024-11-20,3.765,3.58,3.77,3.5,18696
2024-11-21,3.54,3.83,3.8671,3.5093,18975
2024-11-22,3.87,4.08,4.18,3.87,51678
2024-11-25,4.19,4.14,4.3399,4.09,50277
2024-11-26,4.13,4.13,4.27,3.84,41201
2024-11-27,4.22,4.77,4.79,4.195,55697
2024-11-29,4.84,4.93,4.9867,4.8,66612
2024-12-02,4.9,4.68,4.9,4.55,45081
2024-12-03,4.6,5.04,5.04,4.59,51132
2024-12-04,5.1,4.89,5.13,4.39,75102
2024-12-05,4.93,4.23,4.93,4.18,34913
2024-12-06,4.25,3.99,4.2756,3.9,43422
2024-12-09,3.94,3.82,4.23,3.82,30495
2024-12-10,3.83,4.09,4.3,3.73,48677
2024-12-11,4.11,4.29,4.45,4.01,41155
2024-12-12,4.3355,4.22,4.4499,4.11,77932
2024-12-13,4.23,3.99,4.24,3.94,27314
2024-12-16,3.96,3.51,4.01,3.51,55341
2024-12-17,3.49,3.51,3.5796,3.281,65789
2024-12-18,3.58,3.34,3.68,3.28,72844
2024-12-19,3.34,3.42,3.48,3.09,80844
2024-12-20,3.36,3.65,3.65,3.3,197783
2024-12-23,3.65,3.42,3.66,3.26,73115
2024-12-24,3.42,3.4,3.4488,3.29,25403
2024-12-26,3.4,3.44,3.47,3.225,38518
2024-12-27,3.4,3.28,3.415,3.1,51449
2024-12-30,3.28,3.01,3.3299,2.96,102546
2024-12-31,3.07,2.85,3.165,2.8,60100
2025-01-02,2.88,2.68,2.95,2.66,61722
2025-01-03,2.74,2.76,2.8491,2.6593,44477
2025-01-06,2.8,2.71,2.929,2.68,39540
2025-01-07,2.69,2.72,2.78,2.6,39846
2025-01-08,2.69,2.56,2.69,2.56,34758
2025-01-10,2.56,2.35,2.625,2.3,72679
2025-01-13,2.25,2.58,2.6232,2.25,60210
2025-01-14,2.62,2.63,2.88,2.55,36201
2025-01-15,2.76,3.11,3.17,2.7428,49876
2025-01-16,3.08,2.98,3.155,2.88,50234
2025-01-17,3.0,2.75,3.05,2.7,56610
2025-01-21,2.75,2.57,2.8546,2.555,45490
2025-01-22,2.51,2.48,2.66,2.48,55381
2025-01-23,2.48,2.4,2.48,2.35,25497
2025-01-24,2.4,2.33,2.48,2.32,21198
2025-01-27,2.32,2.34,2.4391,2.3,35762
2025-01-28,2.35,2.35,2.445,2.26,34420
2025-01-29,2.3,2.31,2.4999,2.27,46670
2025-01-30,2.38,2.34,2.48,2.2704,27055
2025-01-31,2.35,2.34,2.47,2.29,42528
2025-02-03,2.28,2.22,2.3799,2.1847,74868
2025-02-04,2.23,2.25,2.287,2.18,29074
2025-02-05,2.33,2.36,2.36,2.26,29515
2025-02-06,2.315,2.29,2.3591,2.2313,18761
2025-02-07,2.31,2.21,2.31,2.19,27028
2025-02-10,2.25,2.24,2.3281,2.18,18214
2025-02-11,2.19,2.12,2.24,2.1,86928
2025-02-12,2.08,2.09,2.2499,2.08,26218
2025-02-13,2.13,2.2,2.28,2.08,71630
2025-02-14,2.22,2.45,2.54,2.1,131794
2025-02-18,2.5,2.34,2.5496,2.32,107649
2025-02-19,2.32,2.42,2.42,2.21,24287
2025-02-20,2.47,2.27,2.4853,2.25,26117
2025-02-21,2.32,2.24,2.37,2.22,60651
2025-02-24,2.24,2.2,2.29,2.11,119832
2025-02-25,2.0,2.12,2.18,1.97,120630
2025-02-26,2.17,2.08,2.2097,2.05,90500
2025-02-27,2.06,2.02,2.1005,1.9703,67109
2025-02-28,1.98,1.98,2.11,1.935,111830
2025-03-03,1.95,1.65,1.9921,1.65,99869
2025-03-04,1.69,1.93,2.0899,1.68,168303
2025-03-05,1.94,1.76,1.9922,1.7,94338
2025-03-06,1.71,1.74,1.82,1.71,42753
2025-03-07,1.76,1.75,1.82,1.64,107132
2025-03-10,1.77,1.74,1.81,1.68,118067
2025-03-11,1.74,1.71,1.8,1.68,43933
2025-03-12,1.72,1.76,1.81,1.7063,16301
2025-03-13,1.78,1.68,1.785,1.68,39476
2025-03-14,1.69,1.79,1.8,1.69,15416
2025-03-17,1.7972,1.79,1.86,1.78,12095
2025-03-18,1.79,1.71,1.79,1.67,25212
2025-03-19,1.77,1.8,1.84,1.75,20657
2025-03-20,1.82,1.84,1.9364,1.82,35623
2025-03-21,1.84,1.84,1.88,1.73,54546
2025-03-24,1.85,1.93,1.9318,1.83,22842
2025-03-25,1.94,1.84,1.95,1.84,14130
2025-03-26,1.85,1.8,1.85,1.75,14627
2025-03-27,1.83,1.8,1.84,1.78,9178
2025-03-28,1.79,1.7,1.87,1.7,12532
2025-03-31,1.7,1.66,1.82,1.66,56321
2025-04-01,1.66,1.66,1.75,1.66,24328
2025-04-02,1.66,1.72,1.7887,1.66,27686
2025-04-03,1.66,1.58,1.6934,1.525,49056
2025-04-04,1.6,1.61,1.64,1.5001,31831
2025-04-07,1.51,1.59,1.66,1.49,30416
2025-04-08,1.6,1.42,1.6,1.4,45641
2025-04-09,1.38,1.56,1.67,1.3601,50745
2025-04-10,1.48,1.49,1.68,1.42,65636
2025-04-11,1.48,1.45,1.49,1.385,27891
