2023-11-08,0.1,0.071,0.1,0.07,43107
2023-11-09,0.06,0.0282,0.06,0.0282,10729
2023-11-10,0.035,0.0351,0.0409,0.03,108002
2023-11-13,0.0356,0.035,0.0375,0.035,9401
2023-11-14,0.0326,0.031,0.033,0.0261,218591
2023-11-15,0.031101,0.0308,0.0398,0.03,3607
2023-11-16,0.031,0.031,0.031,0.031,500
2023-11-17,0.044,0.0904,0.14,0.044,792429
2023-11-20,0.1412,0.092,0.1412,0.09,25522
2023-11-21,0.09,0.085,0.13,0.085,95003
2023-11-22,0.085,0.075,0.085,0.06,92710
2023-11-24,0.0763,0.075427,0.0763,0.075427,300
2023-11-27,0.07,0.07,0.0745,0.0501,7491
2023-11-28,0.0699,0.0556,0.08,0.0476,194820
2023-11-30,0.045,0.05,0.0599,0.045,7768
2023-12-01,0.0695,0.07,0.0924,0.0695,63375
2023-12-04,0.079,0.085,0.085,0.079,1193
2023-12-06,0.065101,0.0775,0.08,0.0651,28455
2023-12-07,0.0725,0.073,0.073,0.0725,10335
2023-12-08,0.075,0.051,0.075,0.0503,13498
2023-12-11,0.0693,0.0649,0.0693,0.058,79291
2023-12-12,0.0693,0.06415,0.07,0.06,12590
2023-12-13,0.0455,0.0451,0.0455,0.0451,5300
2023-12-15,0.0699,0.06,0.07,0.05,14850
2023-12-18,0.07,0.0699,0.07,0.0699,6000
2023-12-20,0.067,0.0699,0.0699,0.0625,4100
2023-12-21,0.07,0.075,0.0869,0.0699,23478
2023-12-22,0.12,0.08,0.12,0.08,28503
2023-12-26,0.1068,0.09,0.1068,0.09,2143
2023-12-27,0.10925,0.1159,0.127,0.10925,121604
2023-12-28,0.1174,0.1015,0.1968,0.07,182319
2023-12-29,0.0915,0.1109,0.14,0.08675,22600
2024-01-02,0.0905,0.0998,0.1369,0.0716,132312
2024-01-03,0.1285,0.085,0.1588,0.085,18279
2024-01-04,0.1099,0.112,0.1957,0.0919,66277
2024-01-05,0.149,0.17,0.19,0.1006,73001
2024-01-08,0.1699,0.1571,0.190527,0.1125,28147
2024-01-09,0.1485,0.149,0.1505,0.1252,110539
2024-01-10,0.1399,0.13,0.1399,0.124,10010
2024-01-11,0.117,0.1188,0.1699,0.0876,172680
2024-01-12,0.1466,0.1489,0.1503,0.1018,34183
2024-01-16,0.131,0.1375,0.1375,0.108,12427
2024-01-17,0.1112,0.134,0.134,0.0989,5325
2024-01-19,0.1179,0.1164,0.119,0.0801,38269
2024-01-22,0.0808,0.1075,0.1189,0.0776,158161
2024-01-23,0.085101,0.077,0.1,0.077,207849
2024-01-24,0.0846,0.081,0.0989,0.081,6218
2024-01-25,0.0971,0.0959,0.098,0.0811,12785
2024-01-26,0.0825,0.0955,0.0955,0.0811,14182
2024-01-29,0.0831,0.098,0.098,0.0822,24113
2024-01-30,0.09,0.096,0.097,0.085,35159
2024-01-31,0.0949,0.096,0.096,0.0854,4666
2024-02-01,0.1001,0.1399,0.1399,0.0855,12689
2024-02-08,0.1003,0.1299,0.1302,0.0891,2687
2024-02-09,0.098,0.098,0.098,0.098,1000
2024-02-13,0.1485,0.15,0.15,0.1176,2966
2024-02-14,0.095,0.095,0.095,0.095,365
2024-02-15,0.12,0.11905,0.13,0.1062,62960
2024-02-16,0.15,0.15,0.15,0.15,126
2024-02-20,0.1103,0.11,0.11685,0.11,2159
2024-02-21,0.108,0.108,0.11565,0.108,712
2024-02-23,0.119899,0.105,0.12,0.105,5510
2024-03-04,0.1153,0.13,0.13,0.1153,328
2024-03-05,0.139,0.13,0.15,0.12,7082
2024-03-07,0.1451,0.13,0.1499,0.13,17392
2024-03-08,0.1485,0.1435,0.15,0.1325,128753
2024-03-11,0.1435,0.14,0.15,0.137,68313
2024-03-12,0.1485,0.1391,0.15,0.1391,24189
2024-03-13,0.143,0.1499,0.15,0.1391,8476
2024-03-14,0.1401,0.139,0.1401,0.134,14251
2024-03-15,0.141,0.14,0.141,0.127375,25704
2024-03-18,0.1461,0.1475,0.1475,0.1461,545
2024-03-20,0.126101,0.1424,0.1424,0.126,139424
2024-03-26,0.134,0.14,0.14,0.134,43100
2024-04-10,0.1699,0.2199,0.39,0.1699,95698
2024-04-11,0.2,0.1767,0.2499,0.1725,745103
2024-04-12,0.2,0.18545,0.2,0.18,132782
2024-04-15,0.2,0.1899,0.2,0.1801,80508
2024-04-16,0.2099,0.199876,0.2099,0.19,54585
2024-04-17,0.2078,0.1999,0.2099,0.198,31765
2024-04-18,0.1989,0.19,0.1989,0.19,16791
2024-04-19,0.19,0.1999,0.1999,0.19,35562
2024-04-22,0.2,0.1999,0.2,0.1932,10210
2024-04-23,0.2,0.2,0.2,0.1999,6651
2024-04-24,0.2,0.1999,0.2,0.1999,11600
2024-04-25,0.1999,0.1999,0.1999,0.1911,9624
2024-04-26,0.1999,0.1999,0.1999,0.1999,4500
2024-04-29,0.2,0.195,0.2,0.19,16299
2024-04-30,0.2,0.1999,0.2,0.1999,1600
2024-05-01,0.2,0.18,0.2,0.18,44479
2024-05-02,0.2,0.2,0.2,0.2,2430
2024-05-03,0.198,0.1999,0.1999,0.198,3500
2024-05-06,0.1999,0.196248,0.1999,0.196248,11377
2024-05-07,0.1999,0.1795,0.2,0.1789,96480
2024-05-08,0.179899,0.179998,0.18,0.179899,27576
2024-05-09,0.18,0.179967,0.18,0.1799,3442
2024-05-10,0.1799,0.1799,0.18,0.1799,8628
2024-05-13,0.1798,0.179953,0.18,0.1797,5080
2024-05-14,0.18,0.1799,0.18,0.1799,11500
2024-05-16,0.179501,0.18,0.18,0.179501,15539
2024-05-17,0.1799,0.1791,0.19,0.1791,25845
2024-05-20,0.1791,0.1791,0.1791,0.1791,1500
2024-05-21,0.1799,0.1799,0.18,0.179,7699
2024-05-22,0.18,0.176001,0.18,0.175,9324
2024-05-23,0.17,0.146501,0.1741,0.143,79025
2024-05-24,0.1499,0.1482,0.15,0.14,53007
2024-05-28,0.14,0.1199,0.140201,0.1199,47816
2024-05-29,0.13,0.125,0.13,0.125,1830
2024-05-30,0.129899,0.1265,0.129899,0.1265,1600
2024-05-31,0.148,0.125101,0.148,0.125101,1700
2024-06-03,0.125,0.132499,0.132499,0.125,434
2024-06-04,0.13,0.13,0.13,0.125,7300
2024-06-05,0.13,0.0897,0.13,0.0888,31894
2024-06-06,0.0944,0.1121,0.1121,0.0887,128600
2024-06-07,0.1122,0.1156,0.129,0.1,24394
2024-06-10,0.12,0.131,0.131,0.1035,7820
2024-06-11,0.135,0.1,0.1363,0.1,9470
2024-06-12,0.0999,0.0999,0.0999,0.0999,5020
2024-06-13,0.1011,0.0999,0.1011,0.094499,14326
2024-06-17,0.09,0.0901,0.0901,0.0899,700
2024-06-18,0.0909,0.1035,0.1035,0.09,7600
2024-06-20,0.093999,0.093999,0.093999,0.093999,1025
2024-06-21,0.0899,0.07,0.0899,0.0617,12594
2024-06-24,0.07,0.07,0.0725,0.0641,15239
2024-06-25,0.0647,0.0639,0.0647,0.0639,9932
2024-06-26,0.15,0.1468,0.31,0.12,320068
2024-06-27,0.16,0.1638,0.1638,0.1,25224
2024-06-28,0.1161,0.1574,0.1574,0.115,3286
2024-07-01,0.155,0.1212,0.155,0.11,3371
2024-07-02,0.12,0.12,0.12,0.12,1300
2024-07-03,0.12,0.1,0.12,0.1,4695
2024-07-05,0.1,0.1,0.1,0.1,600
2024-07-08,0.1118,0.111,0.1118,0.111,200
2024-07-09,0.1118,0.1105,0.1118,0.1105,374
2024-07-10,0.101,0.101,0.101,0.101,2036
2024-07-11,0.12,0.1619,0.2008,0.11,53765
2024-07-12,0.1515,0.15,0.1515,0.1414,11400
2024-07-15,0.1857,0.160358,0.1875,0.160358,18437
2024-07-16,0.16,0.16,0.16,0.16,109
2024-07-17,0.16,0.1619,0.1639,0.15,10251
2024-07-18,0.1515,0.15,0.156,0.15,2491
2024-07-19,0.1401,0.12,0.1401,0.12,4648
2024-07-22,0.1212,0.1625,0.1625,0.12,3977
2024-07-23,0.1625,0.105,0.1675,0.105,46842
2024-07-24,0.1116,0.1115,0.1116,0.1115,2175
2024-07-25,0.1,0.14,0.15,0.1,9523
2024-07-26,0.15,0.1774,0.1775,0.1167,50180
2024-07-29,0.185,0.185,0.185,0.185,2300
2024-07-30,0.1108,0.11,0.1108,0.11,2500
2024-08-01,0.1114,0.11,0.1114,0.11,2700
2024-08-02,0.138,0.13,0.149899,0.1287,10566
2024-08-05,0.13,0.1288,0.1475,0.1105,11764
2024-08-06,0.1106,0.1106,0.1106,0.1106,890
2024-08-08,0.13,0.13,0.13,0.13,4802
2024-08-09,0.11,0.11,0.1101,0.11,1716
2024-08-12,0.11,0.13,0.13,0.1,12120
2024-08-13,0.1281,0.1291,0.1296,0.1001,3675
2024-08-14,0.13,0.1291,0.1376,0.1291,3207
2024-08-16,0.103249,0.1001,0.1035,0.1001,19570
2024-08-19,0.1199,0.121,0.1211,0.11021,9169
2024-08-20,0.121,0.121048,0.121048,0.11,955
2024-08-21,0.1001,0.1205,0.1205,0.1,10265
2024-08-22,0.121,0.11,0.121,0.11,541
2024-08-23,0.1199,0.12,0.12,0.11,5500
2024-08-26,0.1156,0.12,0.1211,0.1156,2335
2024-08-27,0.1111,0.11,0.1111,0.11,1000
2024-08-28,0.1188,0.12,0.12,0.1188,555
2024-08-30,0.11,0.1211,0.1211,0.11,9400
2024-09-04,0.1111,0.11,0.1111,0.11,5692
2024-09-05,0.1001,0.1002,0.1002,0.1,5600
2024-09-06,0.101,0.09,0.101,0.09,9840
2024-09-09,0.0899,0.0743,0.0899,0.07,4704
2024-09-10,0.0732,0.0725,0.0732,0.0725,300
2024-09-11,0.07,0.07005,0.0701,0.07,6499
2024-09-13,0.0701,0.075,0.075,0.0701,15024
2024-09-16,0.075,0.0699,0.075,0.0699,7021
2024-09-17,0.07,0.067749,0.07,0.067749,5787
2024-09-18,0.07,0.0689,0.07,0.0677,10900
2024-09-19,0.0661,0.044999,0.0682,0.0425,26246
2024-09-20,0.0426,0.05,0.0621,0.0426,7396
2024-09-23,0.0495,0.045,0.0499,0.045,4232
2024-09-24,0.045,0.0399,0.045,0.0396,12563
2024-09-25,0.04,0.0351,0.04,0.035,2200
2024-09-26,0.0396,0.04,0.052,0.0396,99189
2024-09-27,0.07,0.0701,0.0701,0.07,4287
2024-09-30,0.072,0.07,0.072,0.07,5110
2024-10-01,0.081,0.0743,0.081,0.05,3369
2024-10-02,0.074999,0.067499,0.074999,0.067499,614
2024-10-07,0.0743,0.07955,0.086001,0.0713,10975
2024-10-08,0.0638,0.0649,0.078001,0.06,6106
2024-10-09,0.07,0.055,0.07,0.055,8000
2024-10-10,0.051,0.051,0.051,0.051,1000
2024-10-11,0.0595,0.05275,0.059999,0.05275,1450
2024-10-14,0.0505,0.057799,0.059999,0.0505,800
2024-10-15,0.0429,0.053,0.053,0.0425,2004
2024-10-16,0.0425,0.031,0.0595,0.031,6696
2024-10-17,0.0594,0.0461,0.06,0.0461,6227
2024-10-18,0.094,0.06,0.094,0.036,15433
2024-10-21,0.0418,0.075,0.075,0.0418,3600
2024-10-22,0.0746,0.048,0.0746,0.0421,442
2024-10-24,0.0743,0.0713,0.0743,0.04,1035
2024-10-25,0.07,0.059,0.07,0.059,353
2024-10-28,0.064699,0.06,0.0694,0.06,3250
2024-10-30,0.04,0.04,0.04,0.04,394
2024-10-31,0.045,0.045,0.045,0.045,101
2024-11-04,0.04,0.04,0.045001,0.04,3300
2024-11-05,0.0454,0.05,0.05,0.04,18370
2024-11-06,0.045,0.045,0.045,0.045,2111
2024-11-07,0.0498,0.046,0.053251,0.046,13589
2024-11-08,0.0527,0.046,0.0527,0.046,400
2024-11-11,0.052,0.048,0.052,0.0475,3750
2024-11-12,0.057701,0.046,0.057701,0.046,1200
2024-11-14,0.05,0.060142,0.060142,0.05,6150
2024-11-15,0.046,0.046,0.046,0.046,6350
2024-11-18,0.046,0.0404,0.0693,0.0404,3251
2024-11-19,0.0539,0.0481,0.0539,0.035,5478
2024-11-20,0.0354,0.0401,0.0598,0.0333,7516
2024-11-21,0.0338,0.04,0.04,0.033,19200
2024-11-22,0.0338,0.0399,0.04,0.0338,6007
2024-11-26,0.0425,0.0338,0.0425,0.0338,2200
2024-11-27,0.033901,0.033901,0.033901,0.033901,100
2024-11-29,0.0353,0.035,0.0353,0.035,1300
2024-12-02,0.035101,0.035101,0.035101,0.035101,900
2024-12-03,0.035,0.035,0.035,0.035,100
2024-12-04,0.0475,0.0589,0.059,0.04,6831
2024-12-05,0.0545,0.0501,0.0545,0.05,10200
2024-12-06,0.0545,0.05,0.0545,0.05,18850
2024-12-09,0.0584,0.06,0.06,0.0584,20501
2024-12-11,0.0594,0.0617,0.0999,0.0418,333468
2024-12-12,0.079,0.0607,0.0849,0.0525,36979
2024-12-13,0.055,0.06,0.06,0.055,23214
2024-12-16,0.0555,0.09,0.1211,0.055,347954
2024-12-17,0.22,0.18,0.28,0.15,1686009
2024-12-18,0.15,0.1261,0.16,0.0856,235557
2024-12-19,0.11,0.109,0.1506,0.101,52834
2024-12-20,0.1075,0.1426,0.185,0.1065,465781
2024-12-23,0.135,0.1499,0.175,0.12,74582
2024-12-24,0.1264,0.1302,0.18,0.1262,76190
2024-12-26,0.15,0.15,0.1799,0.14,252432
2024-12-27,0.1743,0.1355,0.2198,0.1301,194351
2024-12-30,0.15,0.1214,0.16,0.11,128845
2024-12-31,0.12,0.11,0.1224,0.0996,88001
2025-01-02,0.1101,0.131,0.1975,0.1101,107251
2025-01-03,0.1595,0.1334,0.1711,0.1203,83419
2025-01-06,0.17,0.135,0.17,0.135,227619
2025-01-07,0.15,0.129,0.15,0.129,43336
2025-01-08,0.1325,0.1199,0.1475,0.1,82846
2025-01-10,0.1014,0.1191,0.137499,0.1,22132
2025-01-13,0.12,0.1015,0.12,0.1,18153
2025-01-14,0.1008,0.099,0.1099,0.08,79934
2025-01-15,0.1089,0.1062,0.11,0.088,9309
2025-01-16,0.1089,0.1077,0.12,0.09,38589
2025-01-17,0.101,0.1097,0.1172,0.0907,15064
2025-01-21,0.1,0.11164,0.1141,0.1,28203
2025-01-22,0.1135,0.1125,0.1145,0.1001,3238
2025-01-23,0.1145,0.111,0.1299,0.1051,24744
2025-01-24,0.129,0.1,0.13,0.097,37593
2025-01-27,0.1,0.0775,0.1002,0.073,83378
2025-01-28,0.0775,0.082,0.0987,0.0775,185044
2025-01-29,0.072,0.078849,0.0886,0.066,34700
2025-01-30,0.0666,0.0796,0.0796,0.061,6246
2025-01-31,0.08,0.075,0.0846,0.0681,18713
2025-02-03,0.076001,0.072,0.0798,0.072,15852
2025-02-04,0.0743,0.0749,0.075,0.0743,5850
2025-02-05,0.0757,0.0601,0.077,0.0601,83186
2025-02-06,0.07,0.078104,0.0788,0.0693,4160
2025-02-07,0.078712,0.08,0.08,0.075,17277
2025-02-10,0.0985,0.0774,0.0985,0.0602,26453
2025-02-11,0.062,0.0798,0.0808,0.062,13686
2025-02-12,0.0891,0.07865,0.0898,0.07865,700
2025-02-13,0.0786,0.079,0.0793,0.0786,3062
2025-02-14,0.0865,0.0872,0.0873,0.0865,1800
2025-02-18,0.0601,0.0664,0.0668,0.0601,10500
2025-02-19,0.089,0.0899,0.1,0.089,7700
2025-02-20,0.09,0.0795,0.09,0.0655,9720
2025-02-21,0.0713,0.088,0.09,0.0713,68404
2025-02-24,0.075,0.0843,0.09,0.0605,15024
2025-02-25,0.0843,0.085,0.085,0.0601,4445
2025-02-27,0.0601,0.0601,0.0601,0.0601,2000
2025-02-28,0.062255,0.0624,0.0624,0.062255,2152
2025-03-04,0.0726,0.0732,0.0732,0.07,27460
2025-03-05,0.065,0.08,0.08,0.065,11993
2025-03-06,0.081,0.0874,0.0899,0.07,27917
2025-03-07,0.0875,0.0809,0.0875,0.079957,1600
2025-03-10,0.0777,0.0601,0.0777,0.060099,24714
2025-03-11,0.0626,0.044,0.0626,0.044,125300
2025-03-12,0.0615,0.065,0.0686,0.0477,52345
2025-03-13,0.052,0.0458,0.06,0.0456,7450
2025-03-14,0.0611,0.0523,0.0645,0.0523,19959
2025-03-18,0.064399,0.0645,0.0645,0.064399,200
2025-03-19,0.0645,0.0601,0.0645,0.06,30050
2025-03-20,0.0645,0.0644,0.0645,0.0505,21781
2025-03-21,0.0648,0.0507,0.0648,0.0507,1000
2025-03-24,0.067,0.0491,0.0699,0.0491,17175
2025-03-25,0.05,0.0499,0.0602,0.048441,31900
2025-03-26,0.06,0.0573,0.062451,0.0573,16494
2025-03-27,0.0501,0.055466,0.055466,0.0501,1000
2025-03-28,0.052,0.052,0.052,0.052,12050
2025-03-31,0.0507,0.0507,0.0507,0.0507,300
2025-04-03,0.050346,0.0451,0.0747,0.045,20112
2025-04-04,0.0453,0.0452,0.0453,0.0452,300
2025-04-07,0.0339,0.052325,0.06645,0.0339,35397
2025-04-08,0.06,0.06,0.06,0.06,1100
2025-04-09,0.041,0.041,0.041,0.041,2000
2025-04-10,0.05,0.04,0.05,0.04,11086
2025-04-11,0.0516,0.0438,0.0516,0.0438,725
