2021-03-03,36.0,34.8,36.77,34.0,20587944
2021-03-04,34.15,32.07,34.6,32.0,8143261
2021-03-05,32.54,31.0,33.5567,30.5,5503929
2021-03-08,31.5,31.9,32.75,31.5,2438150
2021-03-09,32.25,34.73,35.1855,32.25,4988760
2021-03-10,34.73,36.77,37.0,34.435,2784778
2021-03-11,36.62,35.99,36.9689,35.09,1497500
2021-03-12,35.87,35.32,36.0,35.24,975853
2021-03-15,35.39,36.23,36.6,35.25,859504
2021-03-16,36.0,36.12,37.0,35.6,1184918
2021-03-17,36.1,34.5,36.38,34.5,1310548
2021-03-18,34.23,31.64,34.32,31.5,2652938
2021-03-19,31.55,30.68,31.82,30.09,1792085
2021-03-22,30.68,29.91,31.33,29.75,691579
2021-03-23,29.68,28.37,29.92,28.0,1225680
2021-03-24,28.5,26.64,29.12,26.54,981545
2021-03-25,26.64,27.17,27.29,25.77,839452
2021-03-26,27.17,25.7,27.96,22.56,5468542
2021-03-29,25.89,25.23,26.0,24.51,1695193
2021-03-30,25.23,25.61,26.76,25.23,1059451
2021-03-31,26.47,26.88,26.93,25.9,1478606
2021-04-01,26.91,25.98,27.5,25.02,1377594
2021-04-05,26.49,25.15,27.0,25.07,1090205
2021-04-06,25.12,24.45,25.45,24.28,843157
2021-04-07,24.57,23.46,24.87,23.2,912949
2021-04-08,23.61,24.3,24.43,23.55,686131
2021-04-09,24.15,23.62,24.8025,23.03,987025
2021-04-12,23.78,22.82,23.97,22.55,790326
2021-04-13,22.85,23.93,23.94,22.6,726202
2021-04-14,24.0,24.59,25.13,23.731,938843
2021-04-15,24.75,25.19,25.6,24.22,905400
2021-04-16,25.22,24.44,25.38,24.15,508571
2021-04-19,24.36,23.48,24.55,22.5,755344
2021-04-20,23.44,22.81,23.48,22.65,840218
2021-04-21,22.72,22.5,22.9,22.08,769519
2021-04-22,22.58,22.75,23.08,22.295,453852
2021-04-23,22.69,22.8,23.24,22.635,698278
2021-04-26,23.0,23.63,23.79,22.51,1336503
2021-04-27,23.38,23.97,24.25,23.27,860365
2021-04-28,24.0,23.38,24.23,23.32,459647
2021-04-29,23.39,22.47,23.6919,22.37,361493
2021-04-30,22.26,22.73,22.89,22.26,298642
2021-05-03,22.88,22.75,22.99,22.465,229294
2021-05-04,22.58,23.73,23.82,22.285,331840
2021-05-05,24.01,23.61,23.69,23.0,200949
2021-05-06,23.44,21.87,23.78,20.85,1396478
2021-05-07,21.97,22.51,23.15,21.87,516828
2021-05-10,22.29,22.61,23.1,21.8,734793
2021-05-11,21.89,22.92,22.98,21.74,533574
2021-05-12,22.78,22.14,23.52,22.05,1231659
2021-05-13,22.19,20.51,22.74,19.78,1193854
2021-05-14,21.92,22.94,23.27,20.02,1924021
2021-05-17,22.6,23.62,23.71,22.32,510618
2021-05-18,23.73,23.08,23.8,23.0,418859
2021-05-19,22.49,23.49,23.49,22.43,336968
2021-05-20,23.85,24.7,25.0,23.65,574535
2021-05-21,24.78,24.28,24.98,23.85,279766
2021-05-24,24.35,23.95,24.4,23.4,321661
2021-05-25,23.85,23.2,24.08,22.8,300003
2021-05-26,23.04,23.87,24.3,23.04,260361
2021-05-27,23.99,24.54,24.74,23.5601,271748
2021-05-28,24.79,25.24,25.4,24.45,385696
2021-06-01,25.26,25.3,25.84,25.0,643227
2021-06-02,25.41,25.54,25.73,25.15,428093
2021-06-03,25.35,25.69,25.94,25.07,222680
2021-06-04,25.95,25.7,25.95,25.29,188168
2021-06-07,25.99,29.25,29.7,25.96,2296998
2021-06-08,28.11,28.68,29.53,26.8358,1685392
2021-06-09,28.99,28.39,29.59,28.22,540182
2021-06-10,28.01,26.29,28.23,26.0876,620250
2021-06-11,26.53,25.24,26.5833,24.85,804693
2021-06-14,25.39,25.0,25.64,24.9,574971
2021-06-15,24.75,24.36,25.07,23.86,496543
2021-06-16,24.49,24.46,24.66,24.05,883453
2021-06-17,24.54,24.35,24.86,24.07,688235
2021-06-18,24.1,23.86,24.54,23.81,2871289
2021-06-21,24.03,23.4,24.03,23.13,850085
2021-06-22,23.38,23.56,23.75,22.9083,477107
2021-06-23,23.45,23.35,23.92,23.3,429873
2021-06-24,23.44,23.26,23.73,23.19,497656
2021-06-25,23.26,22.24,23.26,22.01,1806484
2021-06-28,22.25,22.42,22.52,21.73,627906
2021-06-29,22.24,21.9,22.5488,21.71,605328
2021-06-30,21.91,21.5,22.01,21.43,712288
2021-07-01,21.58,21.25,21.58,21.07,678841
2021-07-02,21.2,21.18,21.42,20.81,317785
2021-07-06,21.18,20.78,21.18,20.57,473903
2021-07-07,20.77,20.44,20.9,20.29,280937
2021-07-08,20.23,19.77,20.41,19.42,674862
2021-07-09,19.82,19.6,20.0,19.32,489424
2021-07-12,19.58,19.46,19.88,18.91,329264
2021-07-13,19.38,19.07,19.48,18.91,259878
2021-07-14,19.17,18.81,19.2674,18.16,882294
2021-07-15,18.84,19.4,19.54,18.69,1050142
2021-07-16,19.49,19.38,19.555,19.05,438161
2021-07-19,19.05,19.31,19.44,18.7001,438444
2021-07-20,19.44,20.0,20.39,19.42,466572
2021-07-21,20.0,20.54,20.57,20.0,355432
2021-07-22,20.55,20.15,20.77,20.13,196882
2021-07-23,20.19,19.12,20.2899,19.1,147261
2021-07-26,19.14,18.77,19.39,18.44,162389
2021-07-27,18.56,17.92,18.56,17.69,1025526
2021-07-28,17.95,18.32,18.55,17.8893,457126
2021-07-29,18.49,17.44,18.49,17.25,722202
2021-07-30,17.32,16.93,17.64,16.92,255261
2021-08-02,16.99,16.2,17.0,16.17,574484
2021-08-03,16.15,15.5,16.17,15.36,740171
2021-08-04,15.38,15.25,15.78,15.16,458870
2021-08-05,15.25,15.6,15.64,14.74,566906
2021-08-06,15.76,15.15,15.76,15.05,311716
2021-08-09,15.13,15.35,15.57,14.87,578052
2021-08-10,15.34,15.09,15.4837,14.93,758789
2021-08-11,15.04,14.84,15.2,14.55,638068
2021-08-12,15.04,14.66,15.48,14.47,855855
2021-08-13,14.7,14.7,15.52,14.55,1146199
2021-08-16,13.64,12.25,14.25,12.14,3565998
2021-08-17,12.14,13.06,13.23,12.06,2274594
2021-08-18,12.98,12.93,13.34,12.65,977765
2021-08-19,12.91,12.93,13.14,12.52,697347
2021-08-20,12.91,13.58,13.58,12.91,639850
2021-08-23,13.44,12.99,13.6,12.83,1620662
2021-08-24,13.16,12.4,13.16,12.32,3478496
2021-08-25,13.13,13.11,13.355,12.72,3792474
2021-08-26,13.2,13.65,14.06,13.08,1688340
2021-08-27,13.91,14.05,14.305,13.65,1493301
2021-08-30,14.52,15.26,15.4484,14.08,2776709
2021-08-31,15.24,15.59,15.8141,14.1185,1705291
2021-09-01,15.69,15.69,16.24,15.2701,1171528
2021-09-02,16.27,18.27,18.7499,16.26,4350625
2021-09-03,17.81,18.21,18.63,17.5502,1367048
2021-09-07,17.93,16.19,18.0375,16.03,2488625
2021-09-08,16.91,16.51,17.45,16.15,1529917
2021-09-09,16.52,17.6,17.86,15.91,2248443
2021-09-10,17.2,17.5,18.15,16.95,1850507
2021-09-13,16.65,17.11,17.8,16.1,2288302
2021-09-14,18.17,17.77,18.6,17.68,2762583
2021-09-15,17.73,17.83,18.025,17.31,1641768
2021-09-16,17.74,17.49,17.81,17.14,936243
2021-09-17,18.0,17.5,18.37,17.48,2442012
2021-09-20,17.28,17.15,17.98,16.77,1697061
2021-09-21,17.27,17.49,17.8,16.75,1225775
2021-09-22,17.29,17.34,17.89,17.03,1245190
2021-09-23,17.1,17.18,17.42,16.61,1159928
2021-09-24,16.96,16.98,17.19,16.64,791425
2021-09-27,16.96,17.8,17.88,16.71,1887286
2021-09-28,17.61,17.25,17.65,16.875,1612602
2021-09-29,17.4,17.57,18.2,16.71,3092481
2021-09-30,17.71,17.39,18.0,16.9501,1528570
2021-10-01,17.35,17.65,17.9,17.145,1553579
2021-10-04,17.71,16.81,18.89,16.42,3761976
2021-10-05,17.1,16.14,17.3,16.05,1235008
2021-10-06,15.95,16.43,16.53,15.76,722444
2021-10-07,16.45,16.1,16.52,16.02,616385
2021-10-08,15.98,14.81,16.06,14.8,1255302
2021-10-11,14.8,14.16,14.95,14.13,1204697
2021-10-12,14.17,14.08,14.4544,13.83,1235738
2021-10-13,14.23,14.5,14.8,14.11,986047
2021-10-14,14.59,15.42,15.64,14.2601,2006664
2021-10-15,15.51,15.85,15.9693,15.5,738913
2021-10-18,15.63,14.82,15.7,14.655,2212366
2021-10-19,15.05,15.45,15.45,14.31,1132865
2021-10-20,15.52,16.25,16.62,15.52,1427467
2021-10-21,16.02,16.79,16.98,16.02,2391447
2021-10-22,16.85,17.0,17.28,16.61,1044021
2021-10-25,17.02,16.97,17.1299,16.66,553257
2021-10-26,17.07,16.95,17.255,16.61,815833
2021-10-27,16.89,16.94,17.25,16.75,584938
2021-10-28,16.91,17.16,17.61,16.835,834296
2021-11-01,17.23,17.14,17.3,16.76,1333486
2021-11-02,17.2,16.89,17.2,16.64,700106
2021-11-03,16.7,16.88,16.95,15.815,976259
2021-11-04,16.9,16.97,17.35,16.62,1827218
2021-11-05,16.98,17.0,17.14,16.5184,1051941
2021-11-08,17.24,16.51,17.24,16.29,1003419
2021-11-09,16.54,16.26,16.61,16.14,1010484
2021-11-10,16.23,16.52,17.025,16.23,1350201
2021-11-11,14.08,12.47,14.84,12.32,6467178
2021-11-12,12.61,12.18,12.7,12.12,1922615
2021-11-15,12.2,12.17,12.36,11.88,1415098
2021-11-16,12.15,11.93,12.18,11.84,1309981
2021-11-17,11.95,11.69,12.08,11.58,1048747
2021-11-18,11.61,10.64,11.69,10.36,2635348
2021-11-19,10.62,10.3,10.68,10.16,1246287
2021-11-22,10.27,10.25,10.4,9.75,2196375
2021-11-23,10.22,9.65,10.46,9.47,2086345
2021-11-24,9.7,10.16,10.23,9.41,2486688
2021-11-29,9.8,9.27,9.89,9.06,2433147
2021-11-30,9.12,9.0,9.27,8.69,3579243
2021-12-01,9.02,8.6,9.18,8.56,2267680
2021-12-02,8.76,8.7,8.9519,8.29,2354022
2021-12-03,8.71,8.75,8.8,8.24,2858531
2021-12-06,8.82,9.64,9.69,8.8,3020610
2021-12-07,9.67,9.95,10.33,9.67,2126050
2021-12-08,10.2,9.99,10.265,9.785,1556196
2021-12-09,10.1,9.76,10.9554,9.71,1452963
2021-12-10,9.88,10.89,11.04,9.8521,2196527
2021-12-13,10.84,10.46,11.07,10.29,1640692
2021-12-14,8.52,8.19,9.63,8.11,4185474
2021-12-15,8.25,8.99,9.3,8.121,3525455
2021-12-16,9.07,8.28,9.21,8.12,3232310
2021-12-17,8.18,8.26,8.55,7.7,3413827
2021-12-20,8.12,7.78,8.18,7.64,2849528
2021-12-21,7.83,7.82,8.13,7.81,3160285
2021-12-22,7.83,8.12,8.5,7.79,3864579
2021-12-23,8.18,8.02,8.24,7.96,4267598
2021-12-27,8.14,8.58,9.13,7.99,2140239
2021-12-28,8.55,8.07,8.76,8.04,1002419
2021-12-29,8.01,7.62,8.1,7.56,1650781
2021-12-30,7.52,8.0,8.19,7.51,1770119
2021-12-31,7.94,7.85,8.16,7.83,891965
2022-01-03,8.1,8.13,8.58,7.67,1279990
2022-01-04,8.09,7.68,8.35,7.45,1437237
2022-01-05,7.56,7.3,7.71,7.26,2537096
2022-01-06,7.07,7.0,7.29,6.86,2271253
2022-01-07,6.93,6.89,7.35,6.89,2191793
2022-01-10,6.88,6.77,6.97,6.585,2297794
2022-01-11,6.68,7.31,7.33,6.66,2783392
2022-01-12,7.45,7.31,7.48,7.18,841497
2022-01-13,7.32,7.35,7.531,7.28,1669345
2022-01-14,7.3,7.27,7.45,7.13,1962677
2022-01-18,7.32,7.0,7.35,6.945,1680661
2022-01-19,6.93,6.5,7.21,6.5,1598334
2022-01-20,6.56,6.56,7.12,6.52,1508986
2022-01-21,6.5,6.16,6.56,6.12,2081128
2022-01-24,6.13,6.56,6.57,5.8299,1883267
2022-01-25,6.42,6.22,6.55,6.16,2766604
2022-01-26,6.45,6.03,6.47,5.99,1816818
2022-01-27,6.17,5.76,6.17,5.72,2354089
2022-01-28,6.02,6.2,6.2508,5.77,2582468
2022-01-31,6.27,6.7,6.75,6.27,2586004
2022-02-01,6.73,6.91,6.93,6.53,2194702
2022-02-02,6.97,6.66,6.97,6.44,1885014
2022-02-03,6.51,6.26,6.56,6.23,1688244
2022-02-04,6.3,6.22,6.37,6.07,1686647
2022-02-07,6.12,6.27,6.4,6.12,1833023
2022-02-08,6.23,6.36,6.45,6.23,1300081
2022-02-09,6.48,6.54,6.65,6.415,1846035
2022-02-10,6.46,6.42,6.88,6.355,1629891
2022-02-11,6.6,6.7,7.5,6.55,3787605
2022-02-14,6.765,6.65,7.3,6.58,2969063
2022-02-15,6.67,7.34,7.41,6.66,2728837
2022-02-16,7.25,7.42,7.4309,7.04,1894656
2022-02-17,7.32,7.03,7.4,6.945,1311189
2022-02-18,6.96,7.0,7.1807,6.925,1448028
2022-02-22,6.88,6.83,7.19,6.78,1355429
2022-02-23,6.9,6.49,7.01,6.475,1886754
2022-02-24,6.14,6.86,6.88,6.11,2561225
2022-02-25,6.9,7.02,7.32,6.85,3009804
2022-02-28,6.95,7.29,7.355,6.82,1371922
2022-03-01,7.29,7.28,7.4094,7.04,1262375
2022-03-02,7.31,7.03,7.32,6.6723,2086121
2022-03-03,7.08,6.81,7.12,6.605,4491609
2022-03-04,6.7,7.12,7.2,6.55,1592229
2022-03-07,7.15,7.32,7.5,7.0,1589679
2022-03-08,7.36,7.99,8.188,7.33,3100812
2022-03-09,8.06,8.54,8.77,8.01,2255165
2022-03-10,8.32,8.57,8.58,8.2298,1124004
2022-03-11,8.65,8.02,8.88,7.95,1608389
2022-03-14,7.96,7.01,7.965,7.0,1374957
2022-03-15,7.02,7.47,7.485,6.82,1317957
2022-03-16,7.63,8.15,8.19,7.61,1130468
2022-03-17,8.04,8.49,8.55,7.88,1005542
2022-03-18,8.42,8.97,9.1,8.33,1568402
2022-03-21,8.9,9.18,9.525,8.82,1379092
2022-03-22,9.17,9.68,9.69,9.15,1466891
2022-03-23,9.63,9.65,10.11,9.47,1169960
2022-03-24,9.75,10.03,10.17,9.53,1521232
2022-03-25,10.09,9.54,10.33,9.3,1288970
2022-03-28,9.48,9.08,10.04,8.7,1374768
2022-03-29,9.26,10.16,10.175,9.24,1249374
2022-03-30,10.07,10.25,10.525,9.98,1245249
2022-03-31,10.22,9.97,10.44,9.94,785371
2022-04-01,10.11,10.14,10.27,9.81,716738
2022-04-04,10.15,9.73,10.25,9.705,693166
2022-04-05,9.79,9.36,9.79,9.36,1207233
2022-04-06,9.21,8.87,9.27,8.66,1495486
2022-04-07,8.86,9.02,9.155,8.6,768263
2022-04-08,8.93,8.61,8.93,8.475,945538
2022-04-11,8.51,8.54,8.799,8.35,868242
2022-04-12,8.61,8.48,9.2699,8.39,1577344
2022-04-13,8.54,8.97,9.17,8.42,855769
2022-04-14,9.01,8.91,9.17,8.66,601622
2022-04-18,8.83,8.72,8.99,8.44,600342
2022-04-19,8.72,8.85,9.05,8.66,770873
2022-04-20,9.05,8.81,9.05,8.53,661623
2022-04-21,8.95,7.8,9.04,7.72,1116195
2022-04-22,7.81,7.72,7.94,7.27,869957
2022-04-25,7.48,8.14,8.14,7.48,579139
2022-04-26,8.07,7.71,8.16,7.57,664122
2022-04-27,7.72,7.67,8.0,7.63,567828
2022-04-28,7.78,7.74,7.82,7.21,1205804
2022-04-29,7.72,7.36,7.8,7.31,872080
2022-05-02,7.35,7.54,7.66,7.28,896651
2022-05-03,7.53,7.49,7.63,7.3,1961963
2022-05-04,7.47,7.76,7.785,7.242,1440168
2022-05-05,7.55,7.38,7.67,7.175,562601
2022-05-06,7.3,7.29,7.38,6.8601,806379
2022-05-09,7.1,6.52,7.11,6.51,1196260
2022-05-10,6.6,6.14,6.8399,5.78,1735625
2022-05-11,6.49,5.94,7.13,5.9,4198627
2022-05-12,5.94,5.72,5.98,5.47,2453079
2022-05-13,5.92,6.39,6.69,5.92,3594728
2022-05-16,6.15,5.85,6.15,5.48,3730268
2022-05-17,6.02,6.02,6.15,5.755,2763749
2022-05-18,5.85,5.67,6.055,5.532,1899175
2022-05-19,5.55,5.72,5.86,5.45,3362198
2022-05-20,5.77,5.69,5.98,5.33,2566646
2022-05-23,5.68,5.68,5.79,5.44,1408445
2022-05-24,5.55,4.74,5.55,4.48,5503207
2022-05-25,4.69,5.06,5.14,4.61,1957066
2022-05-26,4.75,4.78,4.992,4.62,2894191
2022-05-27,4.83,5.07,5.13,4.78,1952789
2022-05-31,4.99,4.84,5.04,4.81,1940585
2022-06-01,4.83,4.7,4.9099,4.6,1647897
2022-06-02,4.65,4.99,5.0,4.63,2544595
2022-06-03,4.91,5.0,5.02,4.79,2261297
2022-06-06,5.07,4.97,5.3,4.94,2207426
2022-06-07,4.93,5.09,5.11,4.82,2012809
2022-06-08,5.09,5.22,5.39,5.09,1664395
2022-06-09,5.15,4.89,5.16,4.88,2285917
2022-06-10,4.8,4.57,4.8,4.52,2006582
2022-06-13,4.34,4.3,4.42,4.22,1652284
2022-06-15,4.0,4.26,4.37,3.89,2324498
2022-06-16,4.08,4.06,4.15,3.93,2617973
2022-06-17,4.11,4.4,4.41,4.11,2657192
2022-06-21,4.47,4.35,4.62,4.33,2305523
2022-06-22,4.27,4.36,4.495,4.25,1688503
2022-06-23,4.39,4.58,4.58,4.37,1670032
2022-06-24,4.62,4.42,4.75,4.4,17368398
2022-06-27,4.47,4.55,4.6,4.33,2394518
2022-06-28,4.59,4.55,4.98,4.54,2178094
2022-06-29,4.52,4.41,4.56,4.32,1224668
2022-06-30,4.32,4.25,4.36,4.16,1513710
2022-07-01,4.19,4.57,4.605,4.16,1432864
2022-07-05,4.43,4.88,4.88,4.41,1438729
2022-07-06,4.84,4.79,4.95,4.75,778231
2022-07-07,4.85,5.03,5.045,4.85,991468
2022-07-08,4.99,4.97,5.0789,4.9,1147243
2022-07-11,4.9,4.64,4.99,4.64,1899431
2022-07-12,4.67,4.7,4.815,4.62,674305
2022-07-13,4.61,4.88,4.89,4.59,1045181
2022-07-14,4.77,4.73,4.8,4.64,972901
2022-07-15,4.85,4.84,4.85,4.62,704443
2022-07-18,4.93,4.9,5.01,4.795,1424734
2022-07-19,5.01,5.12,5.19,4.965,1339655
2022-07-20,5.1,5.23,5.29,5.1,1064629
2022-07-21,5.21,5.27,5.29,5.15,493365
2022-07-22,5.25,5.1,5.25,5.07,662363
2022-07-25,5.12,5.14,5.19,5.0099,854546
2022-07-26,5.13,5.25,5.27,5.115,2324460
2022-07-27,5.34,5.43,5.45,5.2192,1199083
2022-07-28,5.4,5.34,5.48,5.225,896464
2022-07-29,5.32,5.4,5.42,5.2797,756782
2022-08-01,5.39,5.35,5.41,5.24,1101216
2022-08-02,5.29,5.52,5.56,5.29,1330664
2022-08-03,5.59,5.88,5.92,5.57,1287758
2022-08-04,5.93,5.9,6.0,5.83,1020509
2022-08-05,5.73,6.24,6.25,5.7,1472138
2022-08-08,6.37,6.43,6.59,6.31,2392891
2022-08-09,6.37,6.32,6.455,6.185,1530244
2022-08-10,6.58,6.48,6.58,6.345,1810712
2022-08-11,6.61,6.52,6.9,6.49,2054576
2022-08-12,6.59,7.77,7.79,6.46,3417135
2022-08-15,7.6,7.95,7.97,7.4994,1967435
2022-08-16,7.97,7.85,8.08,7.76,1920117
2022-08-17,7.65,7.79,7.87,7.645,2235406
2022-08-18,7.74,7.75,7.84,7.685,1473223
2022-08-19,7.61,7.21,7.65,7.15,1635780
2022-08-22,7.04,6.98,7.22,6.94,1323345
2022-08-23,7.04,7.0,7.15,6.99,1086160
2022-08-24,7.05,7.09,7.19,7.03,1224967
2022-08-25,7.2,7.25,7.25,7.065,1036816
2022-08-26,7.25,7.03,7.32,7.02,1001636
2022-08-29,6.89,6.98,7.0604,6.88,866116
2022-08-30,7.02,6.82,7.04,6.81,1212818
2022-08-31,6.73,6.63,6.92,6.63,1677297
2022-09-01,6.46,6.11,6.465,5.955,1895809
2022-09-02,6.28,5.83,6.28,5.82,4046151
2022-09-06,5.86,5.52,5.87,5.46,3120899
2022-09-07,5.47,5.73,5.78,5.47,2334281
2022-09-08,5.62,5.8,5.81,5.555,1191626
2022-09-09,5.89,6.24,6.25,5.84,2219538
2022-09-12,6.27,6.33,6.405,6.245,1403127
2022-09-13,6.03,5.87,6.22,5.87,1786782
2022-09-14,5.85,5.9,5.91,5.7,2393405
2022-09-15,5.87,5.99,6.16,5.87,2705014
2022-09-16,5.86,5.74,5.88,5.7149,7045342
2022-09-19,5.62,5.7,5.77,5.45,2098419
2022-09-20,5.62,5.44,5.72,5.44,1455723
2022-09-22,5.33,5.06,5.35,5.03,1711288
2022-09-23,4.93,4.92,5.0,4.735,1948126
2022-09-26,4.91,4.78,5.0305,4.76,1456619
2022-09-27,4.88,4.9,5.07,4.82,1328717
2022-09-28,4.93,5.25,5.27,4.85,1341951
2022-09-29,5.15,5.13,5.2,5.0,1308223
2022-09-30,5.13,4.99,5.18,4.99,1320475
2022-10-03,5.07,4.94,5.08,4.86,2017913
2022-10-04,5.11,5.17,5.25,5.105,2620331
2022-10-05,5.02,4.87,5.07,4.845,1789452
2022-10-06,4.85,4.75,4.95,4.74,1620365
2022-10-07,4.69,4.35,4.69,4.35,2145505
2022-10-10,4.4,4.05,4.4,4.03,1704776
2022-10-11,4.02,3.98,4.1,3.84,1788240
2022-10-12,3.96,3.85,3.96,3.72,2065743
2022-10-13,3.75,3.82,3.85,3.55,3417834
2022-10-14,3.9,3.52,3.955,3.51,1963240
2022-10-17,3.64,3.71,3.85,3.6,1941785
2022-10-18,3.83,3.79,3.91,3.72,1750560
2022-10-19,3.72,3.52,3.745,3.47,1192655
2022-10-20,3.53,3.47,3.675,3.44,2036684
2022-10-21,3.47,3.52,3.54,3.2892,1431788
2022-10-24,3.53,3.45,3.54,3.34,1196881
2022-10-25,3.46,3.56,3.685,3.45,3037797
2022-10-26,3.58,3.62,3.725,3.56,2177276
2022-10-27,3.64,3.64,3.7,3.59,1624826
2022-10-28,3.65,3.69,3.705,3.57,1359263
2022-10-31,3.67,3.73,3.76,3.63,1384892
2022-11-01,3.84,3.76,3.935,3.68,1984473
2022-11-02,3.73,3.44,3.74,3.44,1453176
2022-11-03,3.41,3.38,3.465,3.34,1445329
2022-11-04,3.43,3.25,3.44,3.165,2021906
2022-11-07,3.26,3.09,3.32,2.965,2217868
2022-11-08,3.13,3.07,3.22,3.0,3598756
2022-11-09,2.91,2.35,2.9527,2.34,2994718
2022-11-10,2.52,2.65,2.81,2.44,2603131
2022-11-11,2.67,2.95,2.98,2.62,2359317
2022-11-14,2.97,2.83,3.01,2.815,2502246
2022-11-15,2.93,2.89,3.08,2.83,3558832
2022-11-16,3.05,2.9,3.275,2.865,2631993
2022-11-17,2.87,2.78,2.87,2.755,1629023
2022-11-18,2.87,2.87,2.97,2.77,1317294
2022-11-21,2.83,2.93,2.93,2.78,1438650
2022-11-22,2.92,2.69,2.92,2.67,4907101
2022-11-23,2.68,2.89,2.94,2.64,2724664
2022-11-25,2.89,2.87,2.93,2.855,937614
2022-11-28,2.83,2.79,2.885,2.755,1219315
2022-11-29,2.8,2.81,2.96,2.8,1040633
2022-11-30,2.8,2.88,2.945,2.71,2502883
2022-12-01,2.92,2.91,3.05,2.89,1117271
2022-12-02,2.85,2.82,2.915,2.79,2128457
2022-12-05,2.81,2.78,2.895,2.75,2101974
2022-12-06,2.78,2.73,2.805,2.61,1633298
2022-12-07,2.71,2.8,2.84,2.64,1509502
2022-12-08,2.79,2.74,2.815,2.71,1112196
2022-12-09,2.69,2.68,2.78,2.65,720870
2022-12-12,2.7,2.69,2.735,2.64,1184284
2022-12-13,2.83,2.53,2.86,2.5,1650613
2022-12-14,2.51,2.39,2.51,2.325,1775174
2022-12-15,2.35,2.29,2.365,2.265,1615861
2022-12-16,2.28,2.3,2.315,2.19,2657026
2022-12-19,2.33,2.21,2.36,2.18,1559411
2022-12-20,2.21,2.23,2.34,2.1809,1375244
2022-12-21,2.27,2.15,2.285,2.105,2645554
2022-12-22,2.13,2.2,2.22,2.05,1480443
2022-12-23,2.17,2.21,2.25,2.17,1114066
2022-12-27,2.18,2.18,2.21,2.1,1206827
2022-12-28,2.18,2.15,2.26,2.11,1082716
2022-12-29,2.17,2.41,2.42,2.15,1858787
2022-12-30,2.35,2.46,2.495,2.35,1504473
2023-01-03,2.5,2.46,2.615,2.39,1194694
2023-01-04,2.51,2.62,2.66,2.47,1323999
2023-01-05,2.58,2.57,2.59,2.4525,1007737
2023-01-06,2.62,2.55,2.62,2.475,775614
2023-01-09,2.64,2.62,2.71,2.58,1092196
2023-01-10,2.61,2.86,2.89,2.59,920857
2023-01-11,2.86,2.78,2.86,2.69,1726537
2023-01-12,2.82,3.02,3.02,2.68,1697425
2023-01-13,3.0,3.0,3.03,2.875,1812985
2023-01-17,3.01,3.04,3.0862,2.92,924003
2023-01-18,3.03,3.05,3.15,3.01,964549
2023-01-19,2.99,2.97,3.02,2.88,621823
2023-01-20,3.0,3.1,3.1,2.91,768388
2023-01-23,3.11,3.16,3.16,3.05,602905
2023-01-24,3.1,3.04,3.2,3.02,616280
2023-01-25,2.99,3.05,3.07,2.925,561410
2023-01-26,3.09,3.27,3.27,3.07,1073344
2023-01-27,3.24,3.4,3.43,3.22,826250
2023-01-30,3.35,3.5,3.53,3.34,1163473
2023-01-31,3.53,3.84,3.9,3.52,1378560
2023-02-01,3.83,3.85,3.9,3.66,1286455
2023-02-02,3.97,4.1,4.125,3.9,1359511
2023-02-03,3.97,3.89,4.06,3.85,982548
2023-02-06,3.84,3.79,3.98,3.78,1077309
2023-02-07,3.76,3.85,3.85,3.665,826734
2023-02-08,3.79,4.09,4.175,3.7501,1916527
2023-02-09,4.11,3.8,4.13,3.79,1183453
2023-02-10,3.9,4.95,5.1,3.73,12028057
2023-02-13,4.7,5.29,5.52,4.66,5262026
2023-02-14,5.24,5.57,6.15,5.2,6194336
2023-02-15,5.53,5.7,5.8396,5.5,2494758
2023-02-16,5.58,5.61,5.8899,5.51,2016451
2023-02-17,5.61,5.6,5.81,5.525,1420188
2023-02-21,5.45,5.27,5.6,5.225,1435646
2023-02-22,5.28,5.24,5.435,5.14,1059858
2023-02-23,5.25,5.24,5.28,5.13,1096293
2023-02-24,5.18,5.24,5.26,5.07,1075008
2023-02-27,5.25,5.36,5.59,5.155,2472663
2023-02-28,5.36,5.54,5.62,5.29,1256893
2023-03-01,5.55,5.08,5.58,5.055,1524445
2023-03-02,4.93,4.69,5.03,4.66,3705073
2023-03-03,4.7,4.96,4.98,4.58,1316307
2023-03-06,4.95,4.75,5.01,4.69,1352290
2023-03-07,4.73,4.7,4.785,4.65,849970
2023-03-08,4.67,4.76,4.77,4.61,717116
2023-03-09,4.75,4.23,4.845,4.215,994151
2023-03-10,4.21,3.93,4.21,3.845,1633726
2023-03-13,3.81,3.9,3.975,3.68,1432209
2023-03-14,4.09,3.69,4.12,3.67,1267703
2023-03-15,3.59,3.51,3.62,3.39,1355102
2023-03-16,3.43,3.44,3.56,3.355,2011926
2023-03-17,3.42,3.4,3.44,3.31,1689138
2023-03-20,3.4,3.37,3.405,3.26,964986
2023-03-21,3.51,3.67,3.72,3.49,1750759
2023-03-22,3.67,3.52,3.805,3.5,1144472
2023-03-23,3.61,3.51,3.86,3.44,1158659
2023-03-24,3.44,3.36,3.5,3.225,1149586
2023-03-27,3.4,3.59,3.64,3.37,1232153
2023-03-28,4.9,5.61,6.89,4.9,71274505
2023-03-29,5.65,6.4,6.67,5.61,25414285
2023-03-30,6.6,6.62,7.0992,6.32,15367120
2023-03-31,6.64,6.54,6.84,6.37,6814087
2023-04-03,6.54,6.74,7.12,6.439,5011324
2023-04-04,6.65,6.52,6.87,6.45,2218238
2023-04-05,6.47,6.37,6.52,6.12,2310898
2023-04-06,6.28,6.52,6.63,6.24,1422462
2023-04-10,6.5,6.92,6.94,6.485,2198233
2023-04-11,6.94,6.75,7.21,6.75,2227716
2023-04-12,6.85,6.3,7.0,6.29,1815076
2023-04-13,6.44,6.53,6.84,6.33,2622087
2023-04-14,6.54,6.33,6.655,6.315,1025299
2023-04-17,6.3,6.45,6.51,6.24,1242983
2023-04-18,6.45,6.25,6.455,6.25,1499484
2023-04-19,6.18,6.12,6.2,5.9515,1316446
2023-04-20,6.04,5.85,6.1,5.82,1365906
2023-04-21,5.8,5.83,5.83,5.53,1755596
2023-04-24,5.82,5.85,6.01,5.73,1041041
2023-04-25,5.72,5.77,5.835,5.68,1332743
2023-04-26,5.84,5.85,5.88,5.7106,1066664
2023-04-27,5.88,6.35,6.44,5.88,1821213
2023-04-28,6.36,6.73,6.795,6.29,2037844
2023-05-01,6.66,6.88,6.895,6.6399,1190943
2023-05-02,6.84,6.49,6.89,6.4,1216060
2023-05-03,6.53,6.98,7.135,6.42,2134499
2023-05-04,6.9,6.96,7.11,6.72,1124793
2023-05-05,7.07,7.17,7.33,7.06,1608999
2023-05-08,7.2,7.52,7.58,7.17,2335291
2023-05-09,7.42,7.14,7.75,7.06,4280760
2023-05-10,7.37,6.86,7.58,6.2601,3061698
2023-05-11,6.81,6.97,6.98,6.61,2258014
2023-05-12,7.02,7.02,7.155,6.59,2721394
2023-05-15,7.05,7.18,7.26,6.95,1519354
2023-05-16,7.08,6.85,7.175,6.83,1064397
2023-05-17,6.99,7.3,7.4118,6.79,3278893
2023-05-18,7.29,7.29,7.56,7.24,1927398
2023-05-19,7.37,7.19,7.395,7.03,1682215
2023-05-22,7.29,7.48,7.795,7.19,2411486
2023-05-23,7.37,7.32,7.8399,7.25,1737034
2023-05-24,7.16,7.1,7.28,7.01,1216609
2023-05-25,7.1,7.1,7.1911,6.935,2398831
2023-05-26,7.21,6.88,7.305,6.84,2034277
2023-05-30,6.98,7.04,7.09,6.73,1435564
2023-05-31,7.15,7.34,7.365,7.015,3353086
2023-06-01,7.27,7.43,7.445,7.2345,1336257
2023-06-02,7.53,7.37,7.6,7.13,5146414
2023-06-05,7.39,7.37,8.5,7.57,4200282
2023-06-06,8.4,8.89,8.898,8.28,3838316
2023-06-07,9.0,8.9,9.27,8.68,1978218
2023-06-08,8.9,8.86,9.05,8.68,1931936
2023-06-09,8.88,9.2,9.2,8.81,1575324
2023-06-12,9.24,9.25,9.375,8.78,1755332
2023-06-13,9.53,9.62,9.89,9.43,2708072
2023-06-14,9.55,9.14,9.55,8.815,3325773
2023-06-15,9.14,9.57,9.57,9.12,1534134
2023-06-16,9.74,8.85,9.74,8.84,2820534
2023-06-20,8.82,8.86,8.97,8.585,2153362
2023-06-21,8.78,8.69,8.89,8.52,1589340
2023-06-22,8.59,8.7,8.885,8.56,1084081
2023-06-23,8.52,8.52,8.72,8.455,5756007
2023-06-26,8.44,8.36,8.68,8.195,1396599
2023-06-27,8.37,8.05,8.39,8.03,1629361
2023-06-28,8.03,8.34,8.4,7.95,1426645
2023-06-29,8.36,8.22,8.62,8.185,1259262
2023-06-30,8.3,8.06,8.405,7.995,2162934
2023-07-03,8.07,8.1,8.245,8.01,517406
2023-07-05,8.07,7.93,8.07,7.77,1395642
2023-07-06,7.78,7.63,7.83,7.565,1004227
2023-07-07,7.62,7.67,7.85,7.62,1141587
2023-07-10,7.61,7.89,8.0,7.58,1106698
2023-07-11,7.89,8.25,8.275,7.85,1364930
2023-07-12,8.4,7.57,8.45,7.385,2792659
2023-07-13,7.52,7.4,7.785,7.38,1948551
2023-07-14,7.42,7.85,7.92,7.28,2612707
2023-07-17,7.87,8.3,8.39,7.79,1593459
2023-07-18,8.26,8.32,8.77,8.24,1474839
2023-07-19,8.37,8.35,8.745,8.14,1761032
2023-07-20,8.39,8.28,8.42,8.085,1131066
2023-07-21,8.3,8.01,8.38,7.98,1342084
2023-07-24,8.02,7.97,8.1562,7.75,1096438
2023-07-25,7.98,7.99,8.07,7.815,1123708
2023-07-26,7.96,7.82,8.1,7.785,939088
2023-07-27,8.0,7.82,8.035,7.74,1191452
2023-07-28,7.9,7.5,7.96,7.47,1411883
2023-07-31,7.52,7.52,7.7,7.455,1422753
2023-08-01,7.52,7.49,7.54,7.36,780180
2023-08-02,7.36,7.4,7.48,7.22,1135415
2023-08-03,7.36,7.12,7.415,7.095,1247008
2023-08-04,7.12,7.19,7.355,7.0499,1151420
2023-08-07,7.19,7.36,7.4,6.91,1307380
2023-08-08,7.36,7.13,7.415,7.09,2372521
2023-08-09,7.74,7.99,8.57,7.505,5328446
2023-08-10,7.89,7.32,7.92,7.11,2685067
2023-08-11,7.24,7.5,7.565,7.2101,3365533
2023-08-14,7.5,6.94,7.5,6.8,1942749
2023-08-15,6.82,7.56,7.61,6.72,3308087
2023-08-16,7.62,7.39,7.76,7.3025,1768810
2023-08-17,7.31,7.16,7.385,7.12,1433500
2023-08-18,7.02,7.16,7.24,7.015,957305
2023-08-21,7.13,7.01,7.18,6.8307,934076
2023-08-22,7.03,6.92,7.1,6.805,1443528
2023-08-23,6.92,6.85,6.99,6.82,818600
2023-08-24,6.77,6.34,6.825,6.32,1748702
2023-08-25,6.34,6.31,6.46,6.235,1162256
2023-08-28,6.31,6.33,6.41,6.25,927245
2023-08-29,6.34,6.38,6.515,6.27,1028236
2023-08-30,6.45,6.35,6.53,6.295,1099131
2023-08-31,6.34,6.27,6.44,6.26,1407057
2023-09-01,6.34,6.58,6.6,6.34,1326649
2023-09-05,6.35,6.35,6.57,6.23,5481922
2023-09-06,6.35,6.42,6.54,6.18,1472450
2023-09-07,6.28,6.59,6.59,6.155,2069137
2023-09-08,6.57,6.45,6.675,6.37,1237363
2023-09-11,6.53,6.57,6.795,6.25,1117608
2023-09-12,6.61,6.5,6.685,6.48,963199
2023-09-13,6.44,6.37,6.505,6.32,1199946
2023-09-14,6.41,6.24,6.535,6.175,2323404
2023-09-15,6.2,6.15,6.22,6.0108,4757049
2023-09-18,6.13,6.07,6.17,5.98,1543442
2023-09-19,6.09,6.13,6.2,5.92,1197485
2023-09-20,6.13,5.92,6.13,5.92,997859
2023-09-21,5.84,5.75,5.84,5.715,1376180
2023-09-22,5.78,5.55,5.8,5.53,1080009
2023-09-25,5.46,5.57,5.62,5.31,737138
2023-09-26,5.51,5.44,5.655,5.38,874502
2023-09-27,5.47,5.46,5.54,5.365,969159
2023-09-28,5.41,5.54,5.545,5.38,1139715
2023-09-29,5.58,5.57,5.64,5.41,2297900
2023-10-02,5.5,5.57,5.61,5.35,1223508
2023-10-03,5.54,5.56,5.69,5.505,1154889
2023-10-04,5.56,5.57,5.61,5.455,1170380
2023-10-05,5.53,5.52,5.55,5.375,1089820
2023-10-06,5.47,5.55,5.68,5.47,1702612
2023-10-09,5.49,5.29,5.5,5.27,1234787
2023-10-10,5.28,5.32,5.49,5.25,1044416
2023-10-11,5.35,5.12,5.4112,5.07,782614
2023-10-12,5.14,4.95,5.18,4.94,1876517
2023-10-13,4.99,4.93,4.99,4.86,963087
2023-10-16,4.99,5.02,5.07,4.86,1452715
2023-10-17,5.0,5.32,5.46,4.96,1254583
2023-10-18,5.28,5.24,5.36,5.12,1121201
2023-10-19,5.24,5.02,5.24,5.0,762626
2023-10-20,5.02,5.1,5.13,4.946,991448
2023-10-23,5.05,4.98,5.13,4.96,789491
2023-10-24,5.05,5.09,5.156,4.94,1408789
2023-10-25,5.08,4.99,5.1099,4.9525,952696
2023-10-26,4.98,4.85,5.05,4.74,1364744
2023-10-27,4.9,4.85,4.91,4.7925,1742843
2023-10-30,4.85,4.9,4.92,4.72,1494693
2023-10-31,4.93,5.12,5.2,4.845,1068832
2023-11-01,5.08,4.98,5.09,4.845,1027286
2023-11-02,5.73,5.51,5.76,5.3,2477318
2023-11-03,5.58,5.73,5.93,5.58,1548379
2023-11-06,5.8,5.71,5.9,5.65,1573533
2023-11-07,6.25,6.62,6.88,6.03,2896686
2023-11-08,6.82,7.05,7.59,6.705,3500501
2023-11-09,7.07,6.75,7.095,6.7,2155169
2023-11-10,6.69,7.11,7.14,6.61,2663796
2023-11-13,7.06,6.8,7.156,6.8,1488887
2023-11-14,7.09,7.19,7.28,7.02,1701465
2023-11-15,7.2,7.25,7.64,7.19,6836262
2023-11-16,7.24,7.15,7.25,6.93,3490017
2023-11-17,7.24,7.61,7.72,7.16,1872859
2023-11-20,7.6,8.28,8.38,7.575,2604109
2023-11-21,8.0,8.12,8.225,7.93,3525042
2023-11-22,8.25,8.5,8.58,8.14,2202038
2023-11-24,8.47,8.58,8.6,8.47,675152
2023-11-27,8.59,8.5,8.75,8.49,1336640
2023-11-28,8.45,8.5,8.635,8.1495,1426501
2023-11-29,8.58,8.46,8.62,8.37,1338262
2023-11-30,8.46,8.5,8.675,8.44,2373282
2023-12-01,8.0,8.41,8.51,7.29,3548344
2023-12-04,8.4,8.3,8.55,8.095,2063910
2023-12-05,8.23,8.14,8.305,8.05,1893916
2023-12-06,8.18,8.16,8.255,8.07,1111142
2023-12-07,8.16,8.11,8.23,8.0,1674287
2023-12-08,8.05,8.06,8.215,8.0,1154076
2023-12-11,8.05,7.74,8.09,7.72,1652317
2023-12-12,7.74,7.93,7.94,7.5,1077519
2023-12-13,7.92,8.22,8.23,7.76,1481441
2023-12-14,8.25,8.14,8.45,8.065,1473956
2023-12-15,8.07,7.81,8.13,7.685,3822499
2023-12-18,7.82,7.68,7.87,7.67,885336
2023-12-19,7.75,8.01,8.045,7.75,2068897
2023-12-20,7.93,8.06,8.43,7.8,1991748
2023-12-21,8.17,9.01,9.07,8.1401,3190181
2023-12-22,9.02,9.18,9.36,8.91,2499469
2023-12-26,9.2,9.26,9.31,9.09,2231376
2023-12-27,9.3,9.31,9.479,9.219,1180433
2023-12-28,9.24,9.32,9.44,9.18,844259
2023-12-29,9.25,9.15,9.34,9.06,2933822
2024-01-02,9.03,9.1,9.17,8.86,2460628
2024-01-03,8.97,8.89,9.3699,8.87,2079669
2024-01-04,8.89,8.66,8.96,8.585,1375328
2024-01-05,8.64,8.82,8.84,8.49,1951238
2024-01-08,8.87,9.69,9.785,8.87,2514275
2024-01-09,9.51,9.03,9.53,9.03,1856213
2024-01-10,9.03,9.66,9.73,8.435,4892052
2024-01-11,9.7,11.16,11.21,9.7,8911776
2024-01-12,11.23,11.45,12.115,11.075,8144755
2024-01-16,11.4,10.95,11.47,10.91,2898590
2024-01-17,10.74,11.22,11.518,10.63,3660843
2024-01-18,11.22,11.03,11.29,10.45,3178606
2024-01-19,11.18,10.73,11.25,10.66,2449891
2024-01-22,10.88,11.06,11.26,10.7,2347889
2024-01-23,11.16,11.17,11.24,10.835,2416558
2024-01-24,11.38,11.69,12.04,11.38,3568130
2024-01-25,11.79,11.89,12.07,11.525,3915101
2024-01-26,11.99,12.47,12.51,11.9112,3853694
2024-01-29,12.53,13.13,13.1795,12.4271,3815517
2024-01-30,13.14,12.81,13.2475,12.48,2941044
2024-01-31,12.76,12.52,12.98,12.51,2149145
2024-02-01,12.59,13.29,13.31,12.59,2848276
2024-02-02,13.32,13.64,13.79,13.1047,2495580
2024-02-05,13.5,13.11,13.5,12.84,3026775
2024-02-06,13.2,13.59,13.82,13.125,2504274
2024-02-07,13.32,13.41,13.69,13.2,4119683
2024-02-08,17.43,16.68,17.55,15.91,12698308
2024-02-09,16.49,17.68,17.99,16.45,6017871
2024-02-12,17.5,17.33,17.5,16.75,4471330
2024-02-13,16.26,16.82,17.225,15.84,3568251
2024-02-14,16.85,16.89,17.23,16.57,2824365
2024-02-15,17.07,18.25,18.55,16.825,5217209
2024-02-16,17.97,17.76,18.43,17.4,2813592
2024-02-20,17.54,17.5,17.59,17.1,3993406
2024-02-21,17.29,16.95,17.31,16.61,2805589
2024-02-22,16.6,16.71,17.1,16.51,4530375
2024-02-23,16.31,16.34,16.55,15.75,3675987
2024-02-26,16.47,16.75,16.98,16.31,1890641
2024-02-27,16.8,16.79,17.24,16.59,2577068
2024-02-28,16.6,15.98,16.65,15.71,3836232
2024-02-29,16.25,16.26,16.57,15.925,2428987
2024-03-01,16.38,16.58,16.805,16.18,2776715
2024-03-04,16.82,15.35,17.3,15.2481,4424209
2024-03-05,14.97,13.91,14.984,13.86,4573987
2024-03-06,14.2,14.95,15.19,13.99,4553463
2024-03-07,14.98,14.33,15.0,14.1,3041367
2024-03-08,14.38,14.63,15.0,14.1,3801122
2024-03-11,14.62,14.61,14.86,14.37,2531405
2024-03-12,14.63,14.6,14.75,14.28,1683082
2024-03-13,14.55,14.25,15.42,14.11,3456254
2024-03-14,14.3,13.93,14.51,13.64,2103206
2024-03-15,14.01,13.85,14.19,13.73,4144034
2024-03-18,14.03,13.83,14.08,13.735,2302472
2024-03-19,13.78,13.8,13.92,13.57,2211173
2024-03-20,13.79,14.18,14.26,13.47,1802580
2024-03-21,14.28,13.76,14.36,13.74,1800846
2024-03-22,14.03,13.5,14.07,13.32,2946009
2024-03-25,13.48,13.5,13.7799,13.36,1483932
2024-03-26,13.64,13.96,14.34,13.605,2449495
2024-03-27,13.99,14.21,14.23,13.63,1892389
2024-03-28,14.14,14.87,15.05,13.97,4073649
2024-04-01,14.77,14.69,15.15,14.455,2627830
2024-04-02,13.97,13.93,14.26,13.35,2789794
2024-04-03,13.75,14.01,14.09,13.63,1728806
2024-04-04,14.24,13.98,14.4,13.84,1905533
2024-04-05,13.99,14.4,14.53,13.99,1719357
2024-04-08,14.53,14.77,14.91,14.335,1754965
2024-04-09,14.83,13.99,14.85,13.92,1565880
2024-04-10,13.65,14.94,14.97,13.51,3189669
2024-04-11,15.0,15.02,15.1989,14.69,1957109
2024-04-12,14.97,14.74,15.08,14.45,1830772
2024-04-15,14.75,14.8,15.19,14.615,2818688
2024-04-16,14.55,15.68,15.92,14.21,2515104
2024-04-17,15.85,15.54,16.0392,15.27,2036588
2024-04-18,15.6,16.45,17.25,15.51,4770076
2024-04-19,16.26,16.01,17.11,15.75,4694449
2024-04-22,16.14,16.18,16.36,15.47,1973534
2024-04-23,16.31,17.4,17.42,16.14,2528078
2024-04-24,17.49,17.59,17.835,17.25,2414935
2024-04-25,17.12,17.89,18.03,16.77,3911851
2024-04-26,18.05,17.56,18.2,17.52,2619275
2024-04-29,17.73,17.4,17.84,17.24,2134011
2024-04-30,17.26,17.37,17.555,17.02,2907956
2024-05-01,17.37,17.36,18.03,17.08,3465329
2024-05-02,17.69,18.09,18.49,17.14,3476956
2024-05-03,18.33,18.02,18.69,17.86,2584065
2024-05-06,18.28,18.97,19.04,18.04,4753700
2024-05-07,20.6,19.77,20.6,18.35,9188469
2024-05-08,19.66,20.74,20.76,19.03,5759997
2024-05-09,21.19,22.18,22.3,20.819,7229035
2024-05-10,22.28,21.64,22.68,21.46,3555773
2024-05-13,21.87,21.95,22.01,21.43,3854279
2024-05-14,22.05,22.83,23.1,21.86,3357060
2024-05-15,23.0,22.65,23.34,22.64,2683723
2024-05-16,22.67,22.15,22.81,22.14,1849948
2024-05-17,22.05,22.52,22.7,21.85,1945798
2024-05-20,22.51,22.0,22.795,21.81,2367882
2024-05-21,21.98,23.28,23.44,21.91,2699912
2024-05-22,23.1,22.22,23.24,22.18,3067244
2024-05-23,22.42,20.96,22.49,20.83,3823600
2024-05-24,21.17,20.56,21.17,20.51,3098862
2024-05-28,20.58,20.42,20.77,19.9,3058956
2024-05-29,20.24,20.18,20.29,19.41,2684316
2024-05-30,19.49,19.85,20.15,18.56,4167047
2024-05-31,19.88,19.96,21.0,19.76,3470551
2024-06-03,19.82,19.21,19.9699,18.98,3153719
2024-06-04,19.1,18.95,19.1812,18.65,2481324
2024-06-05,19.03,19.7,19.9,18.85,3548604
2024-06-06,19.71,19.5,19.8899,18.75,3059697
2024-06-07,19.24,19.32,19.44,17.15,7020407
2024-06-10,19.8,20.51,20.7,19.751,5438597
2024-06-11,20.82,20.01,21.17,19.95,4010320
2024-06-12,20.6,19.06,20.94,18.79,3380911
2024-06-13,19.06,19.0,19.22,18.24,2868621
2024-06-14,18.87,19.0,19.329,18.72,2016985
2024-06-17,18.95,18.8,19.36,18.58,1824532
2024-06-18,18.86,19.23,19.49,18.85,2594792
2024-06-20,19.42,18.04,19.42,18.02,3157651
2024-06-21,17.93,18.06,18.19,17.14,4548385
2024-06-24,18.07,17.75,18.39,17.66,2142290
2024-06-25,17.89,17.64,18.06,17.44,3217414
2024-06-26,17.8,17.92,17.93,17.33,2274636
2024-06-27,17.7,17.65,18.09,17.53,2604083
2024-06-28,17.8,15.82,17.8,15.15,17306347
2024-07-01,15.85,15.87,16.14,15.37,3773356
2024-07-02,15.88,16.59,16.7,15.8625,2553771
2024-07-03,16.61,17.07,17.24,16.35,1478326
2024-07-05,16.95,16.78,17.15,16.767,1765054
2024-07-08,16.88,16.13,17.05,16.0,3443349
2024-07-09,16.25,15.75,16.36,15.545,3703662
2024-07-10,15.87,16.39,16.47,15.73,1800837
2024-07-11,16.78,16.59,16.9,16.39,2573814
2024-07-12,16.68,16.52,16.93,16.28,1950163
2024-07-15,15.5,16.0,16.1207,15.41,4186182
2024-07-16,16.27,16.19,16.5294,15.93,3376117
2024-07-17,15.94,15.59,16.415,15.48,2589103
2024-07-18,15.74,14.96,15.84,14.68,2903819
2024-07-19,15.17,15.25,15.98,15.1,2640840
2024-07-22,15.5,15.34,16.19,15.29,2142012
2024-07-23,15.22,15.59,15.78,15.2125,1932858
2024-07-24,15.39,15.9,16.15,15.25,2787312
2024-07-25,15.92,15.32,16.07,15.27,2231897
2024-07-26,15.74,15.82,15.85,15.29,2125809
2024-07-29,16.0,16.9,17.35,16.0,4342258
2024-07-30,16.91,17.39,17.5205,16.85,2179005
2024-07-31,17.45,17.68,18.79,17.45,3192972
2024-08-01,17.65,18.06,18.26,17.3,3437602
2024-08-02,17.0,16.71,17.1,16.28,2858539
2024-08-05,14.92,16.42,16.74,14.8,2475375
2024-08-06,16.5,17.23,17.61,15.91,3850910
2024-08-07,16.83,16.7,17.52,15.28,5377595
2024-08-08,17.01,18.47,18.63,16.45,4496346
2024-08-09,18.44,18.05,18.7,17.55,2352041
2024-08-12,18.17,17.98,18.427,17.7,2458379
2024-08-13,18.15,18.28,18.63,17.95,3701307
2024-08-14,18.38,18.2,19.18,17.76,3258792
2024-08-15,18.53,18.05,18.79,17.41,2534335
2024-08-16,18.02,18.7,18.9,17.94,2510064
2024-08-19,18.67,17.62,19.28,17.44,3525138
2024-08-20,17.68,17.26,17.68,17.16,1771233
2024-08-21,17.23,16.94,17.3499,16.34,2720693
2024-08-22,17.0,16.73,17.56,16.63,2291458
2024-08-23,16.89,17.72,17.83,16.56,3356016
2024-08-26,17.99,18.1,18.69,17.63,2279724
2024-08-27,18.14,17.64,18.41,17.64,1553407
2024-08-28,17.6,17.27,17.66,17.09,1283408
2024-08-29,17.39,17.81,17.91,17.28,1545472
2024-08-30,17.94,18.3,18.47,17.83,2162148
2024-09-03,18.15,17.96,18.4199,17.6515,2023026
2024-09-04,17.87,17.44,18.19,16.6,2029614
2024-09-05,17.32,17.4,17.76,16.85,2037667
2024-09-06,17.32,16.99,17.525,16.68,2800685
2024-09-09,17.24,17.47,17.74,16.99,2388435
2024-09-10,18.0,17.42,18.3,16.89,2643097
2024-09-11,18.7,20.67,20.73,18.6,9625439
2024-09-12,20.62,21.0,21.07,20.06,5207187
2024-09-13,21.2,21.61,21.788,20.82,2821636
2024-09-16,21.61,21.92,22.28,21.55,2657661
2024-09-17,22.11,21.93,22.34,21.67,2591955
2024-09-18,22.0,22.6,23.11,21.94,3101369
2024-09-19,23.24,23.27,23.57,22.865,3180181
2024-09-20,23.52,22.93,23.79,22.71,6800512
2024-09-23,22.77,22.33,23.0899,21.88,3006103
2024-09-24,22.39,21.71,22.51,21.67,2370657
2024-09-25,21.67,21.58,22.02,21.01,2535221
2024-09-26,21.71,20.48,21.89,20.31,2670507
2024-09-27,20.39,20.99,21.505,20.25,3320274
2024-09-30,20.88,21.21,22.01,20.63,2497872
2024-10-01,21.25,20.63,21.6075,20.4,2072673
2024-10-02,20.2,20.25,20.42,19.22,2355677
2024-10-03,20.18,19.19,20.47,19.12,2411829
2024-10-04,19.5,20.14,20.26,19.28,2715182
2024-10-07,19.92,18.48,20.24,18.17,3397879
2024-10-08,18.57,18.28,19.0,17.98,2046179
2024-10-09,17.87,18.18,18.56,17.7059,2878673
2024-10-10,18.02,17.34,18.17,17.28,3611565
2024-10-11,17.32,18.0,18.125,17.21,2580204
2024-10-14,18.01,17.58,18.2,17.45,2177821
2024-10-15,17.31,17.37,17.84,16.97,2609918
2024-10-16,17.55,17.8,17.91,17.12,2085809
2024-10-17,17.79,16.8,17.914,16.745,2683212
2024-10-18,16.99,16.35,17.11,16.16,4291304
2024-10-21,16.41,15.97,16.83,15.74,3600453
2024-10-22,15.79,16.03,16.17,15.79,1880549
2024-10-23,16.05,15.94,16.37,15.68,2185635
2024-10-24,16.02,17.2,17.36,16.02,3895017
2024-10-25,17.51,16.19,17.84,16.0301,3674414
2024-10-28,16.31,15.35,16.59,15.33,3259069
2024-10-29,15.2,15.93,15.95,15.18,2472087
2024-10-30,15.77,17.04,17.2,15.65,3543251
2024-10-31,16.93,16.8,17.42,16.45,3293829
2024-11-01,16.99,17.65,17.66,16.775,3847551
2024-11-04,17.69,18.09,18.92,17.67,5824993
2024-11-05,17.93,18.34,18.39,16.195,5202347
2024-11-06,15.79,15.55,17.56,15.245,12676443
2024-11-07,14.26,13.64,14.75,13.4495,11773505
2024-11-08,13.61,13.54,14.19,13.4,4328696
2024-11-11,13.73,13.8,13.92,13.15,4894614
2024-11-12,13.56,13.56,14.29,13.45,4422943
2024-11-13,13.57,13.48,14.22,13.43,4696007
2024-11-14,14.96,15.44,16.8,14.81,9946018
2024-11-15,15.53,14.87,15.7,14.23,6190263
2024-11-18,15.36,15.98,16.22,14.97,5484485
2024-11-19,16.41,18.01,18.2515,16.37,6931523
2024-11-20,18.21,17.0,18.41,16.76,4768460
2024-11-21,17.09,16.31,17.21,15.99,4721874
2024-11-22,16.29,15.98,16.87,15.92,5131339
2024-11-25,16.85,16.85,17.14,15.91,4037448
2024-11-26,16.82,16.28,17.09,16.03,2810701
2024-11-27,16.45,16.83,17.16,16.445,1923945
2024-11-29,16.92,17.33,17.38,16.78,1167094
2024-12-02,17.54,18.43,18.82,17.33,6371857
2024-12-03,18.31,17.99,18.85,17.58,6150803
2024-12-04,18.04,16.96,18.38,16.78,4566510
2024-12-05,17.13,16.4,17.53,16.3,3040953
2024-12-06,16.54,15.61,16.7827,15.19,5744764
2024-12-09,15.85,16.55,17.0,15.832,3650466
2024-12-10,15.69,15.03,16.16,14.94,4940891
2024-12-11,15.15,14.36,15.35,14.05,4974969
2024-12-12,14.5,13.64,15.0,13.63,4233648
2024-12-13,13.64,13.66,14.13,13.52,4261075
2024-12-16,13.51,13.9,14.1,13.3,5462072
2024-12-17,13.8,13.5,14.25,13.34,3171184
2024-12-18,13.8,13.38,14.19,13.225,4821923
2024-12-19,13.33,13.5,13.85,13.07,3693310
2024-12-20,13.25,14.09,14.64,13.1,8128525
2024-12-23,14.09,13.6,14.09,13.16,2492365
2024-12-24,13.54,13.4,13.655,13.05,1407411
2024-12-26,13.48,14.19,14.46,13.16,2957918
2024-12-27,14.3,13.8,14.4,13.56,2032318
2024-12-30,13.62,13.58,13.74,13.25,2533637
2024-12-31,13.73,13.44,14.0,13.17,2632145
2025-01-02,13.7,13.55,13.9,13.43,2328738
2025-01-03,13.68,14.35,14.41,13.6,2249435
2025-01-06,15.235,14.72,15.235,14.66,3315496
2025-01-07,14.75,14.39,14.83,13.89,3069118
2025-01-08,14.33,15.29,15.77,14.2275,4418993
2025-01-10,14.99,14.18,15.25,13.79,5485341
2025-01-13,14.19,14.17,14.4,13.79,3170380
2025-01-14,14.36,14.93,15.025,14.1501,2724058
2025-01-15,15.36,15.38,15.53,14.51,2697125
2025-01-16,15.34,14.95,15.48,14.74,2031453
2025-01-17,15.21,15.9,16.1,15.09,3143472
2025-01-21,16.09,15.65,16.15,15.2954,3265005
2025-01-22,15.75,16.26,16.66,15.66,3085292
2025-01-23,16.18,16.47,16.52,15.82,2585358
2025-01-24,16.53,16.65,17.56,16.31,3267433
2025-01-27,16.25,16.3,16.78,15.85,2953742
2025-01-28,16.51,16.28,16.72,16.15,2740910
2025-01-29,16.26,16.68,16.94,16.09,2301455
2025-01-30,16.76,17.3,17.38,16.7,2204679
2025-01-31,17.3,16.6,17.4,16.475,3354614
2025-02-03,16.24,16.75,16.9138,16.16,3380292
2025-02-04,16.32,15.28,16.87,15.23,10189064
2025-02-05,15.02,15.75,16.43,14.11,11440888
2025-02-06,15.73,14.78,16.04,14.0201,7386170
2025-02-07,14.8,14.7,15.01,14.5525,4033351
2025-02-10,14.89,14.72,15.2,14.51,3657076
2025-02-11,14.6,14.11,14.8998,13.96,3842195
2025-02-12,13.9,13.76,14.11,13.45,4196168
2025-02-13,13.76,13.06,13.85,12.43,7794236
2025-02-14,13.56,13.46,13.8,13.23,3728349
2025-02-18,15.12,15.85,16.6999,14.7112,13559787
2025-02-19,16.15,15.99,16.32,15.4,8469789
2025-02-20,16.75,16.07,16.88,15.74,6284938
2025-02-21,16.59,14.82,16.65,14.76,6102726
2025-02-24,14.88,15.27,15.72,14.1,4919105
2025-02-25,14.945,15.61,15.84,14.91,4667927
2025-02-26,15.79,15.67,15.9,15.2,4684684
2025-02-27,15.75,14.79,15.8467,14.75,5269910
2025-02-28,14.49,14.61,14.69,14.0101,4315782
2025-03-03,14.78,15.09,15.41,14.37,4869114
2025-03-04,14.59,15.41,15.77,14.25,5223112
2025-03-05,15.42,16.25,16.43,14.84,5914068
2025-03-06,16.05,15.62,16.25,15.3,4727195
2025-03-07,15.59,15.96,16.56,15.47,6347973
2025-03-10,15.6,15.53,16.51,15.495,6958393
2025-03-11,14.94,14.65,15.0584,13.2101,8968296
2025-03-12,14.92,14.19,15.09,13.7907,5184997
2025-03-13,13.6,12.88,13.76,12.75,6943013
2025-03-14,13.01,13.22,13.24,12.89,4173745
2025-03-17,13.04,13.45,13.57,12.48,5344633
2025-03-18,13.42,12.83,13.42,12.7,3950603
2025-03-19,12.8,12.85,13.1,12.625,3438332
2025-03-20,12.66,12.92,13.065,12.6,3316997
2025-03-21,12.75,13.04,13.27,12.67,4675428
2025-03-24,13.32,13.96,14.02,13.27,3601185
2025-03-25,13.82,14.19,14.37,13.75,3034460
2025-03-26,14.18,13.76,14.2299,13.53,2763036
2025-03-27,13.61,13.48,13.76,13.305,2303604
2025-03-28,13.5,13.3,13.85,13.2,2756005
2025-03-31,12.95,13.11,13.36,12.62,3911759
2025-04-01,13.11,12.97,13.25,12.63,3443652
2025-04-02,12.76,13.37,13.425,12.71,3139426
2025-04-03,12.28,13.61,13.86,12.25,5021577
2025-04-04,13.0,13.0,13.19,12.39,6533123
2025-04-07,12.35,12.54,13.515,11.89,5649348
2025-04-08,13.5,11.72,13.54,11.58,6346186
2025-04-09,11.51,12.52,12.6,11.47,7397210
2025-04-10,12.41,12.25,12.65,11.925,5498906
2025-04-11,12.25,12.57,12.61,11.57,3642183
