2011-07-19,0.3,0.3,0.3,0.3,152
2011-07-27,0.43,0.48,0.48,0.43,15000
2011-07-28,0.49,0.5,0.5,0.49,7000
2011-07-29,0.43,0.43,0.43,0.43,15000
2011-08-22,0.4,0.4,0.4,0.4,1935
2011-09-07,0.4,0.4,0.4,0.4,11799
2011-09-21,0.25,0.35,0.35,0.25,2000
2011-09-28,0.35,0.4,0.4,0.35,2000
2011-10-20,0.25,0.25,0.25,0.25,5000
2011-10-21,0.35,0.35,0.35,0.35,500
2011-10-25,0.35,0.35,0.35,0.35,1500
2011-10-28,0.35,0.39,0.39,0.35,3050
2011-10-31,0.4,0.4,0.4,0.4,500
2011-12-06,0.025,0.025,0.025,0.025,454
2011-12-07,0.35,0.35,0.35,0.35,500
2011-12-22,0.025,0.05,0.05,0.025,5000
2011-12-30,0.25,0.25,0.25,0.25,1250
2012-01-03,0.25,0.45,0.45,0.25,31344
2012-01-05,0.15,0.4,0.4,0.15,1600
2012-01-09,0.15,0.4,0.4,0.15,1200
2012-01-12,0.05,0.05,0.05,0.05,1000
2012-01-13,0.4,0.4,0.4,0.1,1400
2012-01-17,0.4,0.4,0.4,0.4,1825
2012-01-18,0.12,0.4,0.4,0.12,3950
2012-01-19,0.4,0.4,0.4,0.1,2854
2012-01-23,0.1,0.4,0.4,0.1,2200
2012-01-24,0.26,0.4,0.4,0.26,2500
2012-01-27,0.1,0.4,0.4,0.1,2850
2012-01-31,0.1,0.4,0.4,0.1,1100
2012-02-06,0.25,0.4,0.4,0.25,20100
2012-02-08,0.4,0.4,0.4,0.4,1100
2012-02-13,0.4,0.4,0.4,0.4,2000
2012-02-22,0.3,0.29,0.3,0.29,2000
2012-02-23,0.3,0.3,0.3,0.3,500
2012-02-24,0.3,0.3,0.3,0.27,9690
2012-02-28,0.15,0.3,0.3,0.15,1600
2012-03-01,0.28,0.28,0.28,0.28,100
2012-03-02,0.15,0.3,0.3,0.15,1200
2012-03-07,0.15,0.3,0.3,0.15,10500
2012-03-14,0.12,0.3,0.3,0.12,3000
2012-03-21,0.3,0.3,0.3,0.3,1000
2012-03-23,0.3,0.3,0.3,0.229,4500
2012-04-04,0.25,0.25,0.25,0.25,7000
2012-04-05,0.3,0.3,0.3,0.3,500
2012-04-10,0.3,0.3,0.3,0.3,1000
2012-04-11,0.55,0.3,0.55,0.3,1000
2012-04-17,0.3,0.3,0.3,0.3,1000
2012-04-18,0.3,0.3,0.3,0.3,1000
2012-04-19,0.3,0.3,0.3,0.3,1000
2012-04-27,0.3,0.3,0.3,0.3,1000
2012-05-16,0.3,0.3,0.3,0.29,6136
2012-05-18,0.3,0.3,0.3,0.3,1000
2012-05-21,0.3,0.3,0.3,0.3,1000
2012-05-24,0.3,0.3,0.3,0.3,1000
2012-06-01,0.3,0.3,0.3,0.3,1000
2012-06-07,0.3,0.3,0.3,0.3,1000
2012-06-19,0.3,0.3,0.3,0.3,5000
2012-06-22,0.3,0.3,0.3,0.3,100
2012-06-28,0.1,0.3,0.3,0.1,12000
2012-06-29,0.15,0.2,0.2,0.15,3500
2012-07-02,0.2,0.25,0.29,0.2,16900
2012-07-03,0.3,0.3,0.3,0.3,3000
2012-07-05,0.25,0.3,0.3,0.25,42500
2012-07-10,0.25,0.25,0.25,0.25,5000
2012-07-13,0.3,0.3,0.3,0.3,4800
2012-07-16,0.25,0.25,0.25,0.25,2500
2012-07-20,0.25,0.3,0.3,0.25,4500
2012-07-23,0.25,0.3,0.3,0.15,12808
2012-07-25,0.25,0.25,0.25,0.25,5000
2012-08-03,0.35,0.25,0.35,0.25,5500
2012-08-07,0.35,0.35,0.35,0.35,500
2012-08-16,0.35,0.35,0.35,0.35,33333
2012-08-23,0.35,0.45,0.45,0.35,28000
2012-08-24,0.25,0.39,0.39,0.25,7300
2012-08-29,0.3,0.45,0.45,0.3,4200
2012-08-31,0.45,0.45,0.45,0.45,5000
2012-09-19,0.35,0.23,0.35,0.23,10565
2012-09-20,0.51,0.51,0.51,0.51,1000
2012-09-21,0.95,0.95,0.95,0.95,1000
2012-09-24,0.2,0.2,0.95,0.2,2135
2012-09-25,0.95,0.9,0.95,0.9,2450
2012-09-27,0.65,0.65,0.7,0.65,7025
2012-10-01,0.75,0.6,0.75,0.5575,500
2012-10-03,0.6,0.6,0.6,0.6,100
2012-10-05,0.65,0.75,0.75,0.65,1825
2012-10-08,0.75,0.75,0.75,0.75,2000
2012-10-19,0.49,0.49,0.49,0.49,4000
2012-11-01,0.15,0.49,0.49,0.15,3400
2012-11-06,0.49,0.49,0.49,0.49,3000
2012-11-07,0.75,0.75,0.75,0.75,200
2012-11-14,0.49,0.49,0.49,0.49,175
2012-11-16,0.49,0.49,0.49,0.49,1000
2012-11-19,0.49,0.49,0.49,0.49,1000
2012-11-28,0.49,0.49,0.49,0.49,20000
2012-11-29,0.49,0.55,0.55,0.49,63900
2012-11-30,0.5,0.49,0.5,0.49,31000
2012-12-03,0.5,0.47,0.5,0.47,17500
2012-12-06,0.49,0.49,0.49,0.49,15000
2013-01-09,0.42,0.45,0.45,0.42,3500
2013-01-10,0.42,0.42,0.42,0.42,7000
2013-01-14,0.35,0.42,0.42,0.35,427
2013-01-16,0.42,0.42,0.42,0.42,5000
2013-01-24,0.42,0.42,0.42,0.42,2500
2013-01-25,0.49,0.49,0.49,0.49,200
2013-01-28,0.49,0.49,0.49,0.49,475
2013-02-26,0.49,0.49,0.49,0.49,6000
2013-03-05,0.49,0.49,0.49,0.49,3000
2013-03-26,0.35,0.34,0.35,0.34,5500
2013-03-28,0.35,0.35,0.35,0.35,200
2013-04-01,0.35,0.75,0.75,0.35,5900
2013-04-02,0.95,0.51,0.95,0.51,5000
2013-04-03,0.5,0.5,0.5,0.5,500
2013-04-10,0.35,0.35,0.35,0.35,2000
2013-04-11,0.39,0.51,0.51,0.39,1400
2013-04-12,0.51,0.51,0.51,0.51,2700
2013-04-15,0.65,0.5,0.65,0.35,4600
2013-04-19,0.25,0.37,0.39,0.25,14250
2013-04-22,0.37,0.5,0.5,0.311,16600
2013-04-23,0.26,0.39,0.39,0.26,19500
2013-04-24,0.35,0.35,0.35,0.35,4000
2013-04-29,0.35,0.49,0.49,0.35,7195
2013-05-02,0.35,0.49,0.49,0.35,2100
2013-05-03,0.35,0.45,0.45,0.35,2600
2013-05-07,0.3,0.45,0.45,0.3,4886
2013-05-09,0.33,0.33,0.33,0.33,1000
2013-05-13,0.49,0.49,0.49,0.49,100
2013-05-29,0.48,0.48,0.48,0.48,5000
2013-06-11,0.34,0.49,0.49,0.34,7000
2013-06-27,0.34,0.49,0.49,0.3,4100
2013-07-18,0.49,0.49,0.49,0.49,400
2013-07-19,0.49,0.49,0.49,0.49,500
2013-07-25,0.49,0.49,0.49,0.49,2000
2013-07-29,0.9,0.9,0.9,0.9,200
2013-08-07,0.49,0.49,0.49,0.49,677
2013-08-08,0.39,0.49,0.49,0.39,2100
2013-08-14,0.49,0.49,0.49,0.49,677
2013-08-15,0.49,0.49,0.49,0.49,9223
2013-08-16,0.75,0.75,0.75,0.75,100
2013-08-20,0.41,0.41,0.41,0.41,5000
2013-08-21,0.5,0.5,0.5,0.5,100
2013-08-27,0.5,0.5,0.5,0.5,150
2013-09-10,0.41,0.41,0.41,0.41,677
2013-09-19,0.75,0.75,0.75,0.75,200
2013-10-22,0.41,0.71,0.71,0.41,500
2013-11-25,0.41,0.5,0.5,0.37,33700
2013-11-26,0.52,0.66,0.66,0.52,900
2013-12-02,0.6,0.6,0.6,0.6,1500
2013-12-04,0.4,0.4,0.4,0.4,2100
2013-12-05,0.4,0.4,0.4,0.4,100
2013-12-10,0.4,0.4,0.4,0.4,500
2013-12-12,0.5,0.5,0.5,0.5,200
2013-12-20,0.55,0.55,0.55,0.55,200
2013-12-23,0.6,0.6,0.6,0.6,200
2014-01-02,0.55,0.55,0.55,0.55,400
2014-01-09,0.35,0.4,0.4,0.35,2450
2014-01-13,0.45,0.45,0.45,0.45,2000
2014-01-22,0.35,0.35,0.35,0.35,2500
2014-01-24,0.35,0.48,0.48,0.35,40300
2014-01-28,0.49,0.498,0.498,0.49,7500
2014-01-29,0.499,0.489,0.499,0.489,4000
2014-01-31,0.489,0.5,0.5,0.489,11000
2014-02-04,0.3,0.5,0.5,0.3,2238
2014-02-05,0.5,0.75,0.75,0.5,7200
2014-02-06,0.6,0.9,0.95,0.6,1250
2014-02-07,0.8,0.8,0.8,0.8,500
2014-02-10,0.78,0.76,0.78,0.76,1320
2014-02-11,0.75,0.75,0.75,0.75,2000
2014-02-12,0.74,0.85,0.87,0.74,3180
2014-02-13,0.7,0.7,0.7,0.7,1100
2014-02-14,0.7,0.7,0.7,0.7,500
2014-02-25,0.65,0.65,0.65,0.65,500
2014-02-26,0.3001,0.65,0.65,0.3001,750
2014-02-28,0.65,0.65,0.65,0.65,500
2014-03-03,0.68,0.68,0.68,0.68,1000
2014-03-04,0.65,0.65,0.65,0.55,4500
2014-03-06,0.68,0.68,0.68,0.68,750
2014-03-07,0.68,0.68,0.68,0.68,2250
2014-03-11,0.67,0.65,0.67,0.65,2000
2014-03-13,0.65,0.65,0.65,0.65,250
2014-03-14,0.3001,0.68,0.68,0.3001,3626
2014-03-17,0.68,0.68,0.68,0.68,500
2014-03-19,0.65,0.65,0.65,0.65,250
2014-03-20,0.65,0.65,0.68,0.65,1100
2014-03-21,0.67,0.65,0.67,0.65,1800
2014-03-24,0.4,0.65,0.67,0.4,15550
2014-03-25,0.67,0.65,0.67,0.65,2000
2014-03-26,0.67,0.67,0.67,0.67,250
2014-03-27,0.6699,0.65,0.67,0.65,600
2014-03-28,0.4,0.67,0.67,0.4,1200
2014-04-01,0.67,0.67,0.67,0.67,1100
2014-04-02,0.68,0.67,0.68,0.67,500
2014-04-03,0.67,0.67,0.67,0.67,500
2014-04-04,0.65,0.68,0.68,0.65,800
2014-04-07,0.68,0.68,0.68,0.68,500
2014-04-08,0.68,0.66,0.68,0.66,1050
2014-04-09,0.66,0.66,0.66,0.66,700
2014-04-10,0.66,0.67,0.67,0.66,700
2014-04-11,0.68,0.68,0.68,0.68,750
2014-04-14,0.68,0.68,0.68,0.68,750
2014-04-15,0.68,0.68,0.68,0.68,900
2014-04-16,0.3001,0.68,0.68,0.3001,1920
2014-04-17,0.68,0.7,0.72,0.68,8396
2014-04-22,0.72,0.75,0.75,0.7,2650
2014-04-23,0.85,0.6,0.85,0.421,21850
2014-04-24,0.82,0.55,0.82,0.55,1500
2014-04-25,0.83,0.51,0.83,0.45,3550
2014-04-28,1.0,0.99,1.0,0.51,1960
2014-04-29,0.5101,0.965,0.965,0.51,8180
2014-04-30,0.41,0.35,0.5466,0.3201,11310
2014-05-01,0.341,0.9,0.9,0.341,4100
2014-05-02,0.3626,0.3701,0.51,0.3626,3045
2014-05-05,0.55,0.67,0.67,0.3701,1115
2014-05-06,0.3701,0.3801,0.67,0.3701,2000
2014-05-07,0.38,0.38,0.38,0.38,300
2014-05-09,0.3113,0.86,0.86,0.3113,200
2014-05-12,0.3113,0.332,0.332,0.3113,2500
2014-05-13,0.33,0.34,0.35,0.33,6895
2014-05-14,0.35,0.35,0.515,0.35,5095
2014-05-15,0.55,0.55,0.55,0.37,1000
2014-05-16,0.43,0.35,0.43,0.35,4020
2014-05-19,0.55,0.61,0.61,0.51,21690
2014-05-20,0.62,0.61,0.65,0.61,2800
2014-05-21,0.65,0.65,0.65,0.65,1700
2014-05-22,0.61,0.61,0.61,0.61,100
2014-05-27,0.61,0.61,0.61,0.61,100
2014-05-28,0.61,0.61,0.61,0.61,777
2014-05-29,0.537,0.52,0.547,0.52,3260
2014-06-02,0.311,0.68,0.68,0.311,1604
2014-06-10,0.67,0.67,0.67,0.67,0
2014-06-11,0.55,0.48,0.55,0.48,4600
2014-06-12,0.46,0.5,0.5,0.35,0
2014-06-20,0.1,0.5,0.5,0.1,2150
2014-07-01,0.39,0.39,0.39,0.39,2400
2014-07-02,0.39,0.39,0.39,0.39,4000
2014-07-10,0.39,0.39,0.39,0.39,175
2014-07-16,0.39,0.39,0.39,0.105,1025
2014-07-21,0.105,0.105,0.105,0.105,808
2014-07-22,0.105,0.2,0.39,0.105,2200
2014-07-24,0.39,0.39,0.39,0.39,2237
2014-07-29,0.495,0.39,0.495,0.39,310
2014-08-25,0.2,0.105,0.2,0.104,76314
2014-08-26,0.105,0.105,0.105,0.09,849677
2014-08-27,0.139,0.14,0.145,0.139,35500
2014-08-28,0.14,0.139,0.14,0.139,138580
2014-08-29,0.142,0.142,0.142,0.142,200
2014-09-03,0.225,0.225,0.225,0.225,5000
2014-09-05,0.225,0.225,0.225,0.225,2923
2014-09-08,0.225,0.25,0.25,0.225,7515
2014-09-11,0.25,0.26,0.32,0.22,52631
2014-09-15,0.31,0.3,0.31,0.3,42500
2014-09-16,0.35,0.35,0.35,0.35,20500
2014-09-17,0.32,0.32,0.42,0.32,17169
2014-09-19,0.38,0.38,0.38,0.38,21000
2014-09-22,0.37,0.35,0.37,0.35,6000
2014-09-24,0.47,0.47,0.47,0.47,690
2014-09-25,0.35,0.35,0.4,0.35,50025
2014-09-26,0.4,0.42,0.42,0.4,5450
2014-09-30,0.46,0.45,0.46,0.3501,5900
2014-10-02,0.44,0.45,0.45,0.44,25400
2014-10-06,0.3602,0.51,0.51,0.3602,3000
2014-10-08,0.37,0.37,0.37,0.37,500
2014-10-09,0.37,0.37,0.37,0.37,500
2014-10-10,0.45,0.45,0.45,0.45,5000
2014-10-23,0.3601,0.54,0.54,0.3601,1650
2014-10-24,0.3601,0.53,0.53,0.3601,1000
2014-10-27,0.3601,0.3601,0.3601,0.3601,1000
2014-10-29,0.53,0.53,0.53,0.53,500
2014-10-30,0.3601,0.3601,0.3601,0.3601,625
2014-11-04,0.3,0.4,0.4,0.3,5424
2014-11-12,0.5,0.5,0.5,0.5,576
2014-11-14,0.2001,0.2001,0.2001,0.2001,1000
2014-11-17,0.53,0.53,0.53,0.53,500
2014-11-18,0.2001,0.2001,0.2001,0.2001,1000
2014-11-19,0.51,0.51,0.51,0.51,500
2014-12-01,0.003,0.2,0.5,0.003,9300
2014-12-05,0.5,0.5,0.5,0.5,1000
2014-12-11,0.2,0.55,0.55,0.2,2500
2014-12-17,0.2,0.53,0.53,0.2,1703
2014-12-22,0.2,0.43,0.43,0.2,12454
2014-12-23,0.2,0.2,0.53,0.2,9500
2014-12-24,0.46,0.3,0.46,0.3,4500
2014-12-26,0.3,0.3,0.3,0.3,100
2014-12-30,0.2,0.35,0.35,0.2,9200
2015-01-05,0.19,0.3,0.3,0.19,3333
2015-01-06,0.19,0.33,0.33,0.19,12500
2015-01-07,0.33,0.4,0.5,0.2,19854
2015-01-08,0.3,0.35,0.36,0.3,25375
2015-01-09,0.25,0.35,0.35,0.25,1100
2015-01-13,0.25,0.25,0.25,0.25,2500
2015-01-14,0.245,0.25,0.25,0.211,13200
2015-01-15,0.2012,0.2995,0.2995,0.2012,2950
2015-01-16,0.15,0.2995,0.2995,0.15,2250
2015-01-20,0.15,0.2995,0.2995,0.15,38888
2015-01-21,0.15,0.21,0.2995,0.15,47450
2015-01-22,0.22,0.2,0.2995,0.18,26000
2015-01-23,0.2995,0.14,0.2995,0.14,12430
2015-01-26,0.2995,0.14,0.2995,0.14,21462
2015-01-27,0.2965,0.25,0.2965,0.14,31480
2015-01-28,0.15,0.225,0.2465,0.14,33300
2015-01-29,0.15,0.15,0.15,0.14,41735
2015-01-30,0.15,0.15,0.205,0.14,30200
2015-02-04,0.16,0.16,0.16,0.16,2500
2015-02-05,0.1602,0.16,0.165,0.16,28021
2015-02-06,0.18,0.16,0.18,0.16,44600
2015-02-09,0.17,0.15,0.17,0.14,46952
2015-02-10,0.1068,0.2038,0.2038,0.1055,32100
2015-02-11,0.0712,0.2032,0.2032,0.0712,7100
2015-02-12,0.16175,0.18,0.18,0.16175,11100
2015-02-13,0.201,0.23,0.23,0.1437,18483
2015-02-19,0.18,0.18,0.18,0.1601,59051
2015-02-23,0.1606,0.2229,0.2229,0.1606,8848
2015-02-24,0.1605,0.2229,0.2229,0.1605,26450
2015-02-26,0.1606,0.223,0.223,0.1606,9303
2015-02-27,0.1606,0.1999,0.1999,0.1606,10100
2015-03-02,0.1699,0.2,0.2,0.1699,27150
2015-03-03,0.176,0.2,0.2,0.176,28900
2015-03-05,0.1761,0.2,0.2,0.176,38076
2015-03-06,0.2,0.2,0.2,0.2,22400
2015-03-09,0.23,0.18,0.23,0.18,13050
2015-03-10,0.176,0.176,0.176,0.176,6700
2015-03-11,0.17,0.1605,0.17,0.1605,5900
2015-03-12,NaN,0.1605,NaN,NaN,0
2015-03-13,0.1522,0.1521,0.155,0.1521,23828
2015-03-16,0.1521,0.0712,0.1521,0.0712,8300
2015-03-17,0.0713,0.0713,0.0713,0.0713,5100
2015-03-18,0.0722,0.0722,0.0722,0.0722,364
2015-04-08,0.1887,0.1887,0.1887,0.1887,100
2015-04-09,0.11385,0.18,0.18,0.072,25020
2015-04-10,0.0731,0.0731,0.0731,0.0731,800
2015-04-13,0.1,0.1,0.1,0.1,1000
2015-04-21,0.0731,0.0731,0.0731,0.0731,500
2015-04-29,0.0731,0.0731,0.0731,0.0731,500
2015-04-30,0.0731,0.0731,0.0731,0.0731,230
2015-05-05,0.15,0.15,0.15,0.15,2300
2015-05-27,0.25,0.25,0.25,0.25,500
2015-06-02,0.25,0.25,0.25,0.25,5000
2015-06-03,0.25,0.3,0.3,0.24,4600
2015-06-15,0.2895,0.2895,0.2895,0.2895,2000
2015-06-18,0.27,0.29,0.29,0.25,16200
2015-07-06,0.08,0.25,0.25,0.08,4925
2015-07-07,0.3,0.3,0.3,0.285,11182
2015-07-08,0.3,0.3,0.3,0.3,500
2015-07-15,0.3,0.2995,0.3,0.2995,1269
2015-07-22,0.32,0.32,0.32,0.32,500
2015-07-23,0.32,0.41,0.41,0.25,10212
2015-08-07,0.2,0.38,0.38,0.2,600
2015-09-11,0.2,0.38,0.38,0.2,2000
2015-10-01,0.37,0.37,0.37,0.37,2700
2015-10-15,0.37,0.37,0.37,0.37,1000
2015-10-27,0.36,0.36,0.36,0.36,1000
2015-12-17,0.2,0.2,0.2,0.2,700
2015-12-21,0.35,0.35,0.35,0.35,1250
2015-12-28,0.2028,0.35,0.35,0.2028,650
2016-01-14,0.2,0.15,0.2,0.1,59160
2016-01-19,0.102,0.2189,0.245,0.1011,25850
2016-01-20,0.15,0.1501,0.1501,0.15,2350
2016-01-21,0.18,0.29,0.299,0.18,34000
2016-01-28,0.25,0.25,0.25,0.25,5000
2016-01-29,0.2875,0.2875,0.2875,0.2875,200
2016-02-02,0.16,0.16,0.16,0.16,2100
2016-02-03,0.21,0.21,0.21,0.21,100
2016-02-16,0.22,0.22,0.22,0.22,4020
2016-02-26,0.105,0.25,0.25,0.105,1000
2016-03-07,0.25,0.27,0.29,0.25,30911
2016-03-23,0.24,0.29,0.29,0.24,505
2016-03-30,0.28,0.28,0.28,0.24,5650
2016-03-31,0.28,0.28,0.28,0.28,3000
2016-04-01,NaN,0.28,NaN,NaN,0
2016-04-05,0.29,0.3,0.3,0.29,2700
2016-04-06,NaN,0.3,NaN,NaN,0
2016-04-11,0.29,0.3,0.3,0.29,7000
2016-04-12,0.3,0.3,0.3,0.3,2000
2016-04-13,0.3,0.3,0.3,0.3,2500
2016-05-04,0.15,0.285,0.285,0.15,2500
2016-05-05,0.285,0.285,0.285,0.285,0
2016-05-06,0.3,0.3,0.3,0.3,500
2016-05-09,0.3,0.3,0.3,0.3,0
2016-05-10,0.3,0.3,0.3,0.3,0
2016-05-11,0.3,0.3,0.3,0.3,0
2016-05-12,0.15,0.3,0.3,0.15,2000
2016-05-13,0.3,0.3,0.3,0.3,0
2016-05-17,0.15,0.3,0.3,0.15,485
2016-05-18,0.3,0.3,0.3,0.3,0
2016-05-19,0.15,0.15,0.15,0.15,500
2016-05-20,0.15,0.15,0.15,0.15,0
2016-05-24,0.3,0.3,0.3,0.3,500
2016-05-25,0.3,0.3,0.3,0.3,0
2016-05-26,0.3,0.3,0.3,0.3,0
2016-05-27,0.3,0.3,0.3,0.3,0
2016-05-31,0.15,0.15,0.15,0.15,400
2016-06-01,0.15,0.15,0.15,0.15,0
2016-06-02,0.15,0.15,0.15,0.15,0
2016-06-03,0.15,0.15,0.15,0.15,0
2016-06-06,0.15,0.15,0.15,0.15,1700
2016-06-13,0.18,0.18,0.18,0.18,1000
2016-06-14,0.18,0.18,0.18,0.18,0
2016-06-15,0.18,0.18,0.18,0.18,0
2016-06-16,0.15,0.15,0.15,0.15,3100
2016-08-11,0.15,0.0826,0.298,0.0826,2826
2016-08-12,0.548,0.548,0.548,0.548,200
2016-08-15,0.35,0.35,0.35,0.35,9090
2016-08-17,0.105,0.105,0.105,0.105,12000
2016-09-02,0.116,0.0822,0.116,0.0822,9090
2016-09-06,0.1,0.1,0.1,0.1,5000
2016-09-08,0.0834,0.0834,0.0834,0.0834,5000
2016-09-09,0.0834,0.0834,0.0834,0.0834,5000
2016-10-04,0.12,0.095,0.12,0.095,15000
2016-10-05,0.125,0.095,0.19,0.095,13740
2016-10-06,0.12,0.12,0.12,0.12,8000
2016-10-07,0.269,0.269,0.269,0.269,2000
2016-10-11,0.095,0.095,0.095,0.095,3500
2016-10-13,0.2979,0.2979,0.2979,0.2979,1500
2016-10-18,0.095,0.095,0.095,0.095,1000
2016-10-20,0.27,0.27,0.27,0.27,1000
2016-10-24,0.095,0.095,0.095,0.095,600
2016-10-26,0.295,0.295,0.295,0.295,900
2016-11-03,0.095,0.095,0.095,0.095,600
2016-11-28,0.2875,0.27,0.2875,0.27,20136
2016-11-30,0.10925,0.10755,0.10925,0.10755,1300
2017-01-04,0.2,0.2,0.2,0.2,2000
2017-01-10,0.2175,0.2175,0.2175,0.2175,1000
2017-01-12,0.2095,0.2095,0.2095,0.2095,300
2017-01-17,0.1,0.1,0.1,0.1,100
2017-01-27,0.105,0.105,0.105,0.105,1275
2017-01-30,0.1,0.1,0.1,0.1,700
2017-04-19,0.2,0.2,0.2,0.2,8042
2017-04-28,0.0822,0.0822,0.112,0.0822,10589
2017-05-04,0.098025,0.098025,0.098025,0.098025,2500
2017-05-26,0.1636,0.1636,0.1636,0.1636,5700
2017-05-31,0.15,0.15,0.15,0.15,10960
2017-06-01,0.085,0.085,0.085,0.085,400
2017-06-12,0.0869,0.0869,0.0869,0.0869,3095
2017-06-14,0.0869,0.0869,0.0869,0.0869,677
2017-12-21,5.0E-5,5.0E-5,5.0E-5,5.0E-5,20000
2025-03-21,14.47,14.7053,14.7053,14.47,1266
2025-03-24,15.2,15.1102,15.25,14.96,8446
2025-03-25,15.07,15.9309,15.94,15.07,4776
2025-03-26,15.94,15.1655,16.02,15.1,4849
2025-03-27,14.17,13.3764,14.17,13.3764,4298
2025-03-28,13.019,13.0868,13.099,12.99,774
2025-03-31,12.25,12.7977,12.7977,12.21,1161
2025-04-01,12.3294,12.8528,12.8528,12.3294,5355
2025-04-02,12.64,13.1539,13.3,12.639,10093
2025-04-03,12.12,11.9241,12.35,11.701,4899
2025-04-04,10.74,10.2304,10.84,10.2304,1610
2025-04-07,9.19,10.0577,10.21,9.18,1199
2025-04-08,10.949,10.0675,11.19,10.0675,5050
2025-04-09,10.3772,12.7872,12.8072,10.34,4064
2025-04-10,12.42,12.0955,12.42,11.66,3602
2025-04-11,11.69,12.0777,12.0777,11.17,3768
