2017-04-06,27.48,27.48,27.48,27.48,2080
2021-02-25,17.25,17.25,17.25,17.25,3711
2021-03-09,NaN,17.25,NaN,NaN,9615
2021-03-25,NaN,17.25,NaN,NaN,1452
2021-04-20,18.48,18.48,18.48,18.48,2703
2021-04-23,NaN,18.48,NaN,NaN,0
2021-05-10,20.49,20.49,20.49,20.49,98
2021-05-19,20.25,20.25,21.87,20.25,2123
2021-05-20,21.21,20.25,21.21,21.21,3155
2021-05-21,20.1,20.1,20.1,19.59,3181
2021-06-01,NaN,20.1,NaN,NaN,485
2021-06-03,21.78,21.78,22.08,21.78,2681
2021-06-04,22.05,22.05,22.23,21.81,1919
2021-06-15,NaN,22.05,NaN,NaN,2237
2021-06-17,17.55,17.55,17.55,17.55,800
2021-06-25,21.69,21.69,21.72,21.69,4455
2021-06-30,NaN,21.69,NaN,NaN,0
2021-07-02,NaN,21.69,NaN,NaN,5950
2021-07-12,7.16,7.29,7.3,7.16,13013
2021-07-15,28.0,27.83,28.43,27.5,6715524
2021-07-16,28.0,27.95,28.1,27.75,708107
2021-07-19,27.8,27.15,27.94,26.51,860920
2021-07-20,27.14,28.05,28.25,27.14,517774
2021-07-21,28.22,28.0,28.22,27.3924,1852891
2021-07-22,27.88,27.72,28.04,27.53,491869
2021-07-23,27.71,28.03,28.09,27.6,112414
2021-07-26,27.86,28.0,28.2,27.5818,147286
2021-07-27,27.87,28.05,28.09,27.6485,178550
2021-07-28,28.01,27.72,28.15,27.5,199447
2021-07-29,27.7,27.89,28.12,27.7,448373
2021-07-30,27.7,28.0,28.24,27.56,300983
2021-08-02,28.0,28.07,28.21,27.75,257822
2021-08-03,28.23,27.95,28.23,27.77,188512
2021-08-04,27.75,28.0,28.25,27.75,132288
2021-08-05,28.19,28.3,28.445,28.0,506862
2021-08-06,28.44,29.59,29.715,28.25,447966
2021-08-09,29.45,30.08,30.23,29.3,420421
2021-08-10,30.12,30.24,31.13,30.005,402171
2021-08-11,30.32,30.55,30.68,30.17,301808
2021-08-12,30.63,30.3,30.83,30.2,154550
2021-08-13,30.21,30.14,30.8803,29.96,171560
2021-08-16,30.05,29.82,30.1855,29.56,222660
2021-08-17,29.88,29.63,29.88,29.21,135331
2021-08-18,29.68,29.66,30.39,29.56,303570
2021-08-19,29.58,29.88,30.0,29.24,179092
2021-08-20,29.95,30.27,30.49,29.77,186792
2021-08-23,30.47,29.77,30.47,29.67,273611
2021-08-24,29.8,30.08,30.245,29.62,79288
2021-08-25,30.11,30.3,30.72,30.01,159617
2021-08-26,30.27,30.29,30.64,29.7101,172780
2021-08-27,30.39,30.13,30.6,29.12,344666
2021-08-30,30.29,30.24,30.51,29.5,155667
2021-08-31,30.56,30.06,30.7775,29.98,302643
2021-09-01,30.06,29.95,30.89,29.815,313711
2021-09-02,29.92,30.12,30.29,29.86,181012
2021-09-03,30.11,30.13,30.24,29.79,224594
2021-09-07,30.13,29.8,30.87,29.69,302968
2021-09-08,29.61,29.72,29.87,29.38,288892
2021-09-09,29.72,29.17,29.92,29.11,539858
2021-09-10,29.11,28.89,29.49,28.66,109950
2021-09-13,28.89,29.27,29.44,28.86,196949
2021-09-14,29.32,29.46,29.52,29.04,118080
2021-09-15,29.26,29.87,30.01,29.26,255789
2021-09-16,29.79,30.21,30.2899,29.7,382688
2021-09-17,30.21,29.11,30.76,29.05,3100871
2021-09-20,29.16,29.37,29.84,29.075,429561
2021-09-21,29.39,29.33,29.875,29.28,284339
2021-09-22,29.47,29.73,30.01,28.93,310770
2021-09-23,29.86,29.93,30.11,29.51,207433
2021-09-24,29.97,30.03,30.1,29.48,136259
2021-09-27,29.99,30.36,30.46,29.67,309503
2021-09-28,30.24,30.46,30.6,30.01,285711
2021-09-29,30.54,31.0,31.166,30.383,264889
2021-09-30,31.04,30.71,31.1284,30.64,332098
2021-10-01,30.77,31.42,31.76,30.5252,253412
2021-10-04,31.63,31.23,31.63,31.03,170442
2021-10-05,31.36,31.16,31.47,31.07,319198
2021-10-06,30.86,31.13,31.13,29.87,318068
2021-10-07,31.19,31.48,31.84,30.78,171649
2021-10-08,31.45,31.18,31.69,31.11,122981
2021-10-11,31.31,31.61,31.78,31.13,332405
2021-10-12,31.65,32.09,32.23,31.42,239809
2021-10-13,32.03,32.07,32.54,31.031,155773
2021-10-14,31.99,31.77,32.275,31.63,162037
2021-10-15,32.13,31.43,32.2,31.28,135204
2021-10-18,31.38,31.55,31.83,31.1233,157943
2021-10-19,31.72,31.2,31.72,30.81,211303
2021-10-20,31.21,31.63,31.68,30.99,213512
2021-10-21,31.47,31.12,31.82,30.9,114031
2021-10-22,31.08,30.68,31.63,30.37,132931
2021-10-25,30.48,30.92,31.11,30.26,100727
2021-10-26,30.97,31.25,31.55,30.79,184044
2021-10-27,31.25,30.77,31.25,30.39,144444
2021-10-28,30.83,30.89,31.21,30.5883,101316
2021-10-29,30.95,30.14,30.95,29.9,142334
2021-11-01,30.08,30.71,30.85,29.7,143316
2021-11-02,30.44,30.5,30.96,30.37,98874
2021-11-03,30.41,32.21,32.46,30.41,186195
2021-11-04,32.25,32.24,32.76,31.83,127649
2021-11-05,32.8,33.63,34.06,32.15,159412
2021-11-08,33.63,32.66,33.9127,32.34,295316
2021-11-09,32.83,33.3,34.03,32.55,105543
2021-11-10,33.34,34.08,34.22,33.16,187763
2021-11-11,34.0,34.19,34.87,33.38,261373
2021-11-12,34.51,33.52,34.71,33.37,232504
2021-11-15,33.62,34.07,34.44,33.3,164336
2021-11-16,34.05,33.68,34.2,33.55,87906
2021-11-17,33.54,33.19,33.54,32.59,127088
2021-11-18,33.32,34.22,34.46,33.32,530518
2021-11-19,33.96,33.24,34.45,32.78,272834
2021-11-22,33.4,33.55,33.96,32.57,77529
2021-11-23,33.79,33.73,33.917,33.58,80395
2021-11-24,33.71,33.57,34.97,32.78,118052
2021-11-26,33.01,32.44,34.41,32.06,83209
2021-11-29,32.47,32.23,32.87,31.82,125031
2021-11-30,32.12,31.37,32.12,31.04,571376
2021-12-01,31.8,31.38,32.49,31.205,255369
2021-12-02,31.44,32.38,33.48,31.27,173876
2021-12-03,32.3,32.84,33.195,32.13,310461
2021-12-06,33.27,32.46,33.525,32.39,180589
2021-12-07,32.57,32.5,33.24,32.37,161534
2021-12-08,32.56,32.6,33.14,32.25,219696
2021-12-09,32.33,32.03,32.385,31.67,93996
2021-12-10,32.32,32.1,32.32,31.85,109686
2021-12-13,32.01,31.26,32.175,31.21,224383
2021-12-14,29.0,30.97,31.195,28.824,303826
2021-12-15,30.96,31.29,31.8129,30.09,234477
2021-12-16,31.61,32.02,32.4,30.51,428540
2021-12-17,31.76,31.71,32.73,31.5,813842
2021-12-20,31.53,31.13,31.77,30.315,386906
2021-12-21,31.44,31.34,32.14,30.27,343271
2021-12-22,31.48,31.27,31.62,30.49,236598
2021-12-23,31.42,31.2,31.66,31.0,180161
2021-12-27,31.23,31.96,31.99,31.05,107264
2021-12-28,31.81,32.05,32.2298,31.64,82120
2021-12-29,32.1,32.88,33.07,32.05,128668
2021-12-30,32.84,33.28,33.44,32.84,99795
2021-12-31,33.36,33.04,33.53,33.02,123092
2022-01-03,33.08,33.66,34.33,33.08,205188
2022-01-04,33.76,34.0,34.56,33.66,152062
2022-01-05,34.2,34.14,34.75,33.93,226015
2022-01-06,34.55,33.57,34.55,33.34,244208
2022-01-07,33.6,34.24,34.64,33.53,127128
2022-01-10,34.5,33.72,34.78,33.5,138205
2022-01-11,33.94,34.18,34.67,33.555,534288
2022-01-12,34.21,34.96,35.32,34.19,273165
2022-01-13,36.1111,34.97,36.3485,34.8,305797
2022-01-14,34.75,33.29,35.31,33.16,358513
2022-01-18,30.21,32.0,32.6,30.0,6007225
2022-01-19,30.1531,31.06,32.19,30.1404,4942706
2022-01-20,30.36,30.58,32.34,29.92,3155764
2022-01-21,30.22,31.08,31.37,29.52,2691630
2022-01-24,30.34,31.23,31.55,29.0335,2513179
2022-01-25,30.6,31.83,31.92,29.84,2561623
2022-01-26,31.92,31.69,32.85,30.81,2954947
2022-01-27,31.52,30.88,32.46,30.43,1591372
2022-01-28,30.87,31.42,31.45,30.13,1045170
2022-01-31,31.1,31.52,31.83,30.78,1418569
2022-02-01,31.33,32.01,32.37,31.0,1874334
2022-02-02,31.94,32.0,32.34,31.43,1310582
2022-02-03,31.76,31.73,32.25,31.48,1108453
2022-02-04,31.45,31.53,31.76,30.6582,1053123
2022-02-07,31.52,31.58,32.36,31.41,1170630
2022-02-08,31.51,31.68,32.25,31.37,1253824
2022-02-09,31.68,32.46,32.48,31.65,1328770
2022-02-10,32.0,31.54,33.39,31.42,2570502
2022-02-11,31.6,31.9,33.13,31.26,1979849
2022-02-14,31.74,31.34,31.98,30.73,1176992
2022-02-15,31.0695,32.53,32.75,31.0695,1285099
2022-02-16,32.63,32.76,33.1,32.02,1248291
2022-02-17,32.5,32.63,32.99,32.19,1055296
2022-02-18,32.48,32.79,32.95,32.19,1453866
2022-02-22,32.02,31.47,32.29,31.09,1750741
2022-02-23,31.51,31.06,32.025,30.99,1091108
2022-02-24,30.44,31.18,31.36,30.44,1353970
2022-02-25,31.38,32.28,32.5,31.32,1516444
2022-02-28,31.8,32.32,32.84,31.74,1759486
2022-03-01,32.04,32.02,32.3,31.47,962226
2022-03-02,32.02,33.08,33.17,32.02,2515987
2022-03-03,33.0,33.61,33.98,32.74,2077512
2022-03-04,33.41,34.29,34.44,33.24,2249250
2022-03-07,34.39,34.88,35.47,34.29,4663446
2022-03-08,34.56,35.22,35.55,32.5621,3390410
2022-03-09,34.46,34.35,35.46,34.21,2342558
2022-03-10,33.88,34.05,34.39,33.46,1843669
2022-03-11,34.02,33.64,34.99,33.21,1906416
2022-03-14,33.69,33.0,34.46,32.94,1753188
2022-03-15,32.91,33.82,33.97,32.5,1901155
2022-03-16,33.92,34.01,34.38,33.36,3396047
2022-03-17,33.85,33.55,34.7325,33.42,4392910
2022-03-18,32.0,32.33,33.92,32.0,22578576
2022-03-21,32.73,32.97,33.25,32.39,3835638
2022-03-22,32.94,32.66,33.73,32.59,3102313
2022-03-23,32.45,32.35,32.8,32.17,1046055
2022-03-24,32.58,32.82,32.94,32.4,1276227
2022-03-25,32.68,33.36,33.44,32.68,837326
2022-03-28,33.08,34.12,34.18,33.08,1339956
2022-03-29,34.48,35.14,35.4,34.28,1318783
2022-03-30,35.14,34.91,35.4,34.79,1022109
2022-03-31,34.9,34.39,35.23,34.34,862852
2022-04-01,34.59,34.76,34.88,34.3941,861069
2022-04-04,34.73,34.65,34.8,34.12,572537
2022-04-05,34.57,34.71,35.17,34.24,872018
2022-04-06,34.56,34.87,34.91,34.415,638874
2022-04-07,34.8,34.49,34.96,34.14,648776
2022-04-08,34.45,34.61,35.05,34.17,593385
2022-04-11,34.51,34.66,34.95,34.38,1012386
2022-04-12,34.78,34.44,35.1163,34.3,826190
2022-04-13,34.46,34.64,34.81,34.23,796526
2022-04-14,34.77,34.96,35.235,34.31,924838
2022-04-18,34.79,35.41,35.53,34.44,1838041
2022-04-19,35.49,35.86,36.28,35.33,1886500
2022-04-20,35.88,35.9,36.31,35.73,838488
2022-04-21,36.17,36.04,36.25,35.75,908699
2022-04-22,35.54,35.21,35.61,35.06,827740
2022-04-25,35.08,35.32,35.32,34.82,845501
2022-04-26,35.14,34.98,35.5,34.85,691552
2022-04-27,35.15,34.64,35.24,34.41,863205
2022-04-28,34.76,35.09,35.179,34.3,433865
2022-04-29,35.0,33.86,35.16,33.78,533780
2022-05-02,33.95,33.29,34.16,32.5,578806
2022-05-03,33.33,34.17,34.29,33.25,690159
2022-05-04,34.25,34.9,34.98,33.84,1077555
2022-05-05,34.58,34.0,34.87,33.705,842909
2022-05-06,32.495,33.51,34.22,32.495,604107
2022-05-09,32.84,32.03,33.51,31.94,768090
2022-05-10,32.21,31.83,32.63,31.18,682366
2022-05-11,30.82,31.26,32.16,30.77,621205
2022-05-12,31.3,32.08,32.205,31.13,675321
2022-05-13,32.41,33.59,33.64,32.36,2464899
2022-05-16,33.32,33.6,33.825,33.05,1045292
2022-05-17,33.94,34.35,34.36,33.65,1086839
2022-05-18,34.0,33.51,34.46,33.4,926184
2022-05-19,33.1,32.94,34.11,32.63,1082097
2022-05-20,33.5,32.58,33.5,32.18,1357732
2022-05-23,32.63,32.95,33.41,32.63,1169368
2022-05-24,33.06,34.47,34.59,32.925,1228761
2022-05-25,34.42,35.13,35.27,34.21,1951339
2022-05-26,35.24,35.39,35.82,35.09,1410580
2022-05-27,35.43,35.27,35.9,34.9,1450596
2022-05-31,35.0,33.74,35.0,33.39,11043980
2022-06-01,33.86,33.52,34.29,32.82,1034510
2022-06-02,33.72,35.16,35.3,33.685,2840916
2022-06-03,35.0,34.43,35.09,34.24,1002415
2022-06-06,34.51,32.93,34.82,32.67,1604548
2022-06-07,32.66,34.3,34.35,32.54,1003823
2022-06-08,33.9,34.01,34.2,33.03,865343
2022-06-09,33.82,33.65,34.11,33.525,894615
2022-06-10,33.16,33.09,33.59,32.95,1104631
2022-06-13,32.39,31.95,33.78,31.6,1070573
2022-06-14,31.95,32.01,32.26,31.59,1059718
2022-06-15,32.47,33.12,33.76,32.18,1314897
2022-06-16,32.38,32.66,33.25,32.17,1644272
2022-06-17,33.03,33.19,33.64,32.51,8492509
2022-06-21,33.09,32.85,33.78,32.76,943648
2022-06-22,32.27,32.79,33.547,32.27,844356
2022-06-23,32.6,32.61,33.215,32.415,929610
2022-06-24,32.89,33.29,33.38,32.86,3856481
2022-06-27,33.5,34.14,34.22,33.08,1261664
2022-06-28,34.29,33.98,34.5,33.92,960940
2022-06-29,34.0,33.93,34.1,33.63,731860
2022-06-30,33.54,33.41,33.94,33.21,601071
2022-07-01,33.28,33.99,34.005,33.01,529238
2022-07-05,33.59,34.19,34.19,33.16,616147
2022-07-06,34.15,34.0,34.465,33.92,764488
2022-07-07,34.0,34.14,34.57,33.62,732184
2022-07-08,34.01,34.04,34.52,33.89,693685
2022-07-11,34.05,34.36,34.5,33.4695,571454
2022-07-12,34.4,35.13,35.41,34.305,1121406
2022-07-13,34.78,34.41,34.99,34.4,506177
2022-07-14,32.84,34.09,34.64,32.835,738047
2022-07-15,34.65,34.21,34.7,33.785,886837
2022-07-18,34.48,33.68,34.61,33.6,993991
2022-07-19,33.92,34.39,34.44,33.6,803187
2022-07-20,34.47,33.94,34.64,33.73,928753
2022-07-21,33.26,33.63,33.63,32.24,1022176
2022-07-22,33.88,33.58,34.09,33.45,604043
2022-07-25,33.75,32.83,33.75,32.74,996584
2022-07-26,32.66,32.72,33.05,32.65,737143
2022-07-27,32.75,32.84,32.97,32.31,810304
2022-07-28,32.97,33.66,33.82,32.89,622918
2022-07-29,33.61,34.04,34.34,33.345,811319
2022-08-01,34.04,33.8,34.18,33.68,599589
2022-08-02,33.81,33.11,33.83,33.1,564978
2022-08-03,33.27,32.98,33.7059,32.96,563801
2022-08-04,32.83,32.84,33.18,32.66,731566
2022-08-05,32.75,33.11,33.17,32.5,654204
2022-08-08,33.4,33.65,34.0,33.4,702099
2022-08-09,33.75,33.29,33.77,33.081,575554
2022-08-10,33.66,33.5,33.77,33.35,936834
2022-08-11,33.58,33.6,33.95,33.3,995227
2022-08-12,33.65,34.47,34.47,33.55,750899
2022-08-15,34.5,34.37,34.5,34.115,570797
2022-08-16,34.49,34.51,34.68,34.36,416514
2022-08-17,34.33,34.31,34.475,33.97,407119
2022-08-18,34.5,34.45,34.94,34.29,462259
2022-08-19,34.32,34.22,34.36,34.0,481666
2022-08-22,34.03,33.84,34.03,33.65,449201
2022-08-23,33.7,33.3,33.85,33.03,511167
2022-08-24,33.39,33.21,33.67,33.21,348552
2022-08-25,33.17,33.49,33.52,33.03,413703
2022-08-26,33.59,33.16,33.59,32.99,698404
2022-08-29,33.1,33.09,33.54,32.88,591194
2022-08-30,33.13,32.85,33.34,32.83,452673
2022-08-31,32.86,32.67,32.96,32.51,649949
2022-09-01,32.4,32.81,32.9,32.02,697297
2022-09-02,32.99,32.84,33.385,32.47,607515
2022-09-06,33.13,32.83,33.18,32.56,546453
2022-09-07,32.94,33.71,33.73,32.75,514753
2022-09-08,33.68,33.45,33.92,33.33,556575
2022-09-09,33.67,33.75,33.885,33.56,510407
2022-09-12,34.0,34.61,34.63,33.85,550028
2022-09-13,34.21,32.39,34.21,32.285,785725
2022-09-14,32.35,31.95,32.42,31.63,834929
2022-09-15,31.79,31.86,32.17,31.73,718148
2022-09-16,31.72,31.86,32.13,31.49,2791729
2022-09-19,31.54,31.8,31.87,31.44,586061
2022-09-20,31.45,30.85,31.45,30.805,644235
2022-09-21,31.07,30.29,31.35,30.27,507346
2022-09-22,30.33,29.53,30.33,29.44,621842
2022-09-23,29.19,29.48,29.49,28.9,851641
2022-09-26,29.45,28.4,29.49,27.59,872270
2022-09-27,28.92,27.94,28.96,27.74,591411
2022-09-28,28.18,28.46,28.69,27.87,541860
2022-09-29,28.36,27.33,28.36,27.07,757358
2022-09-30,27.49,28.05,28.19,27.33,684468
2022-10-03,28.42,29.06,29.21,27.9503,1078969
2022-10-04,29.32,29.76,29.86,29.23,940230
2022-10-05,29.26,28.84,29.285,28.48,523318
2022-10-06,28.73,28.25,28.95,28.02,539152
2022-10-07,28.2,28.32,28.43,27.9367,692417
2022-10-10,28.52,28.69,28.895,28.44,642580
2022-10-11,28.79,28.91,29.175,28.51,632982
2022-10-12,28.79,28.61,28.93,28.59,483095
2022-10-13,28.16,28.98,29.08,27.92,469990
2022-10-14,29.3,28.26,29.38,28.13,415885
2022-10-17,28.74,28.82,29.29,28.38,825194
2022-10-18,29.29,29.06,29.55,28.88,859361
2022-10-19,28.89,28.27,29.13,28.1,454266
2022-10-20,28.42,28.0,28.63,27.97,442440
2022-10-21,27.99,28.88,28.93,27.3,460206
2022-10-24,29.15,28.95,29.18,28.72,539239
2022-10-25,29.01,29.62,29.81,28.9001,814923
2022-10-26,29.62,29.35,29.86,29.19,421253
2022-10-27,29.71,29.63,30.0,29.51,358652
2022-10-28,29.52,29.96,30.27,29.405,859822
2022-10-31,29.62,30.14,30.2,29.56,778356
2022-11-01,30.31,30.3,30.47,30.06,711309
2022-11-02,30.08,29.36,30.42,29.34,467869
2022-11-03,28.88,29.51,29.61,28.47,785625
2022-11-04,29.68,30.84,31.25,29.02,852027
2022-11-07,31.02,30.52,31.31,30.48,638862
2022-11-08,30.45,30.4,30.8,30.22,726038
2022-11-09,30.15,29.93,30.5,29.72,507069
2022-11-10,30.91,31.69,31.8,30.7987,565644
2022-11-11,31.59,31.51,31.94,31.3201,478537
2022-11-14,31.34,30.9,31.72,30.89,518676
2022-11-15,31.23,31.11,31.465,31.0,527711
2022-11-16,31.11,30.71,31.17,30.615,360165
2022-11-17,30.3,31.08,31.2,30.17,604220
2022-11-18,31.93,31.56,31.94,31.2501,488167
2022-11-21,31.34,31.51,31.9,31.24,355720
2022-11-22,31.71,31.96,32.0,31.515,529988
2022-11-23,31.95,32.1,32.12,31.625,465353
2022-11-25,31.94,32.07,32.31,31.92,191179
2022-11-28,31.88,31.33,32.05,31.14,512376
2022-11-29,31.29,31.92,32.3,31.24,416210
2022-11-30,31.81,32.23,32.32,31.56,712667
2022-12-01,32.5,32.0,32.66,31.68,682676
2022-12-02,31.71,32.27,32.37,31.5,459242
2022-12-05,32.13,32.06,32.18,31.79,472744
2022-12-06,32.02,32.22,32.47,31.95,637452
2022-12-07,32.13,32.44,32.79,32.13,588623
2022-12-08,32.42,32.57,32.87,32.25,510095
2022-12-09,32.33,32.58,32.7629,32.33,362852
2022-12-12,32.66,32.9,32.99,32.375,860890
2022-12-13,33.16,33.18,33.67,32.68,574423
2022-12-14,33.05,33.27,33.6,32.86,596496
2022-12-15,32.99,32.64,33.31,32.49,768995
2022-12-16,31.71,32.03,32.17,31.07,984631
2022-12-19,31.79,31.59,32.12,31.34,416283
2022-12-20,31.36,31.57,31.93,31.115,544456
2022-12-21,31.7,31.76,32.12,31.54,447870
2022-12-22,31.5,31.61,31.66,31.06,326465
2022-12-23,31.51,31.98,32.015,31.46,191832
2022-12-27,32.06,32.14,32.185,31.93,236123
2022-12-28,32.29,31.44,32.33,31.35,296738
2022-12-29,31.55,32.03,32.08,31.4986,345582
2022-12-30,31.88,31.84,31.98,31.55,367713
2023-01-03,32.09,31.74,32.44,31.2,610955
2023-01-04,31.81,32.01,32.11,31.69,1107142
2023-01-05,31.89,31.05,31.89,30.79,685166
2023-01-06,31.26,31.79,31.95,31.1795,400974
2023-01-09,31.95,31.93,32.41,31.83,688337
2023-01-10,31.71,31.73,31.77,31.38,447799
2023-01-11,31.8,32.89,32.95,31.8,478174
2023-01-12,32.86,33.81,33.855,32.7,589997
2023-01-13,33.63,33.71,33.77,30.44,504402
2023-01-17,33.02,33.56,33.91,33.02,378582
2023-01-18,33.57,32.99,34.115,32.8301,355034
2023-01-19,32.9,32.4,33.1144,32.36,413592
2023-01-20,32.47,32.7,32.75,31.765,573631
2023-01-23,32.67,32.69,33.235,32.33,400724
2023-01-24,32.6,32.68,33.05,32.43,308383
2023-01-25,32.56,32.71,32.75,32.44,289338
2023-01-26,32.79,32.68,33.06,32.53,354995
2023-01-27,32.54,33.45,33.46,32.54,463989
2023-01-30,33.24,32.83,33.65,32.78,305668
2023-01-31,32.86,33.52,33.625,32.76,490796
2023-02-01,33.34,33.78,34.04,33.05,393696
2023-02-02,33.91,34.34,34.735,33.86,602155
2023-02-03,33.89,33.74,33.97,33.435,354320
2023-02-06,33.39,33.47,33.52,33.09,363061
2023-02-07,33.32,33.48,33.67,32.94,646054
2023-02-08,33.33,33.07,33.33,32.975,316338
2023-02-09,33.35,32.51,33.35,32.33,460914
2023-02-10,31.94,33.77,33.94,31.94,620515
2023-02-13,33.76,34.26,34.55,33.715,913775
2023-02-14,34.09,34.25,34.565,33.95,708691
2023-02-15,34.15,34.43,34.44,33.82,548435
2023-02-16,34.21,34.47,34.735,34.03,720738
2023-02-17,34.71,34.24,34.71,34.04,563178
2023-02-21,33.85,33.36,33.92,32.98,669283
2023-02-22,33.38,33.55,33.87,33.38,790942
2023-02-23,33.78,34.2,34.24,33.39,565122
2023-02-24,33.87,34.07,34.1,33.68,662268
2023-02-27,34.44,33.92,34.825,33.7521,575915
2023-02-28,34.02,34.09,34.44,33.95,774506
2023-03-01,33.78,33.79,33.93,33.35,513898
2023-03-02,33.69,33.65,34.0,33.39,572469
2023-03-03,33.78,33.91,34.08,33.59,416738
2023-03-06,33.72,33.4,34.09,33.39,484502
2023-03-07,33.35,33.13,33.53,32.5901,426155
2023-03-08,33.15,33.55,33.64,33.07,495880
2023-03-09,33.57,32.76,33.6,32.67,733620
2023-03-10,32.71,31.45,32.78,31.1,1089191
2023-03-13,31.21,31.57,32.18,31.06,767937
2023-03-14,32.28,31.83,32.46,31.4,891008
2023-03-15,31.32,31.37,31.66,30.96,772677
2023-03-16,30.93,30.69,31.44,30.63,651704
2023-03-17,30.66,30.52,30.66,29.88,2016500
2023-03-20,30.54,30.94,31.21,30.37,1012038
2023-03-21,31.48,31.23,31.79,30.981,808418
2023-03-22,30.96,30.04,31.18,30.04,710682
2023-03-23,30.19,30.34,31.01,30.06,637126
2023-03-24,30.07,31.28,31.44,29.92,963301
2023-03-27,31.34,31.02,31.62,30.2401,759957
2023-03-28,30.83,30.81,31.06,30.64,582184
2023-03-29,31.2,31.24,31.34,30.7601,746670
2023-03-30,31.6,31.73,31.84,31.34,535692
2023-03-31,31.97,32.62,32.64,31.86,741887
2023-04-03,32.62,32.51,33.06,32.34,551237
2023-04-04,32.49,32.47,32.495,31.99,400296
2023-04-05,32.39,31.91,32.39,31.68,458008
2023-04-06,32.07,32.07,32.11,31.7,424771
2023-04-10,31.9,31.88,32.22,31.68,595957
2023-04-11,31.92,31.82,32.035,31.585,485356
2023-04-12,32.0,31.32,32.0,31.31,415010
2023-04-13,31.28,31.41,31.5,30.81,601789
2023-04-14,31.5,31.05,31.6,30.78,393058
2023-04-17,31.08,31.55,31.57,31.08,365560
2023-04-18,31.51,31.47,31.56,31.175,367150
2023-04-19,31.23,31.56,31.69,31.11,364826
2023-04-20,31.44,31.48,31.6421,31.21,461935
2023-04-21,31.48,31.32,31.61,31.06,285208
2023-04-24,31.38,30.91,31.59,30.63,374488
2023-04-25,30.71,31.07,31.17,30.49,487030
2023-04-26,30.83,30.59,31.08,30.5,424601
2023-04-27,30.6,30.99,31.12,30.6,334880
2023-04-28,30.99,31.54,31.62,30.98,490992
2023-05-01,31.34,31.38,31.71,31.23,463724
2023-05-02,31.11,31.06,31.35,30.71,677750
2023-05-03,31.18,30.43,31.47,30.33,849559
2023-05-04,30.24,30.43,30.61,29.24,626931
2023-05-05,30.69,30.8,31.0755,30.55,368661
2023-05-08,30.7,30.33,30.855,30.31,270819
2023-05-09,30.11,29.79,30.16,29.65,321216
2023-05-10,30.04,29.77,30.105,29.57,323009
2023-05-11,29.57,29.47,29.605,29.14,541583
2023-05-12,29.48,29.53,29.69,29.22,404358
2023-05-15,29.54,29.75,29.91,29.54,242421
2023-05-16,29.66,28.77,29.66,28.77,307862
2023-05-17,28.87,29.24,29.28,28.63,428064
2023-05-18,28.99,29.08,29.27,28.44,441343
2023-05-19,29.5,28.97,29.5,28.84,395135
2023-05-22,28.97,29.67,29.78,28.58,2147472
2023-05-23,29.64,29.45,29.94,29.31,577922
2023-05-24,29.21,28.66,29.29,28.61,471951
2023-05-25,28.51,28.14,28.56,27.85,473642
2023-05-26,28.14,28.53,28.59,27.96,517296
2023-05-30,28.54,28.74,28.765,28.36,531509
2023-05-31,28.74,29.01,29.1,28.58,879027
2023-06-01,29.1,29.05,29.505,28.79,654056
2023-06-02,29.33,30.18,30.29,29.33,481849
2023-06-05,31.17,30.82,31.82,30.76,2214958
2023-06-06,30.7,31.48,31.61,30.56,1054021
2023-06-07,31.55,32.41,32.57,31.55,1007037
2023-06-08,32.35,32.31,32.45,31.94,920045
2023-06-09,32.21,32.49,32.52,32.15,950289
2023-06-12,32.43,33.26,33.365,32.36,1523497
2023-06-13,33.26,33.6,33.84,33.125,1677509
2023-06-14,33.53,33.62,33.99,33.36,1828221
2023-06-15,33.53,33.63,34.18,33.32,1957251
2023-06-16,34.09,34.09,34.5,33.24,23954095
2023-06-20,33.82,33.47,34.075,33.375,3719659
2023-06-21,33.44,32.87,33.44,32.86,1963650
2023-06-22,32.92,32.5,32.92,32.22,1349456
2023-06-23,32.32,32.2,32.55,32.19,4609844
2023-06-26,32.19,32.72,33.05,32.09,973865
2023-06-27,32.75,33.35,33.46,32.75,1034932
2023-06-28,33.39,33.4,33.68,33.21,960106
2023-06-29,33.37,34.09,34.1,33.17,1091467
2023-06-30,34.32,34.08,34.36,33.732,1122216
2023-07-03,34.02,34.2,34.6,33.985,339200
2023-07-05,34.0,34.05,34.45,33.72,841400
2023-07-06,32.91,33.35,33.4725,32.79,956550
2023-07-07,33.31,33.1,33.64,33.01,609086
2023-07-10,33.0,33.54,33.57,32.89,647608
2023-07-11,33.54,34.17,34.215,33.46,446999
2023-07-12,34.47,34.07,34.6,34.025,592292
2023-07-13,33.99,33.84,34.055,33.72,762548
2023-07-14,33.59,33.43,33.92,32.8,1044201
2023-07-17,33.2,33.88,34.01,33.2,596692
2023-07-18,33.9,34.25,34.315,33.79,576299
2023-07-19,34.42,34.85,34.87,34.42,613500
2023-07-20,34.93,35.36,35.42,34.555,1155570
2023-07-21,35.5,35.38,35.835,35.15,920606
2023-07-24,35.43,35.41,35.61,35.09,555466
2023-07-25,35.38,35.09,35.46,35.06,595948
2023-07-26,35.0,35.3,35.405,33.5,827495
2023-07-27,35.32,34.57,35.41,34.54,527423
2023-07-28,34.75,34.59,34.98,34.34,621804
2023-07-31,34.56,35.31,35.31,34.54,866592
2023-08-01,35.24,35.5,35.57,34.86,724985
2023-08-02,35.25,35.87,35.97,35.205,972162
2023-08-03,35.8,35.53,35.93,35.22,822350
2023-08-04,35.53,35.53,35.9,35.32,943631
2023-08-07,35.69,35.99,36.07,35.6,930532
2023-08-08,35.57,36.01,36.09,35.4301,934904
2023-08-09,35.94,36.14,36.335,35.51,767352
2023-08-10,36.29,36.16,36.46,36.03,892376
2023-08-11,35.98,35.96,36.19,35.83,483703
2023-08-14,35.94,35.59,36.055,35.48,707042
2023-08-15,35.34,35.29,35.4402,35.145,567369
2023-08-16,35.29,34.68,35.5,34.61,499527
2023-08-17,34.63,34.17,34.79,34.16,474374
2023-08-18,33.94,34.24,34.5,33.76,590741
2023-08-21,34.17,33.65,34.25,33.41,459389
2023-08-22,33.75,33.58,33.93,33.38,466253
2023-08-23,33.69,34.07,34.11,33.64,387601
2023-08-24,33.99,33.99,34.52,33.9,540982
2023-08-25,34.02,33.82,34.19,33.771,391525
2023-08-28,33.94,34.05,34.465,33.9,434476
2023-08-29,34.14,34.36,34.38,33.85,316747
2023-08-30,34.45,34.4,34.57,34.23,553216
2023-08-31,34.39,33.86,34.44,33.84,674059
2023-09-01,34.05,34.09,34.255,33.95,451210
2023-09-05,34.13,34.06,34.15,33.755,519968
2023-09-06,34.08,34.88,34.89,34.05,673476
2023-09-07,34.98,35.03,35.16,34.83,738057
2023-09-08,35.13,35.15,35.37,35.0,570853
2023-09-11,35.05,35.05,35.05,35.05,93102
2023-09-12,34.95,35.04,35.11,34.84,507405
2023-09-13,35.03,34.69,35.06,34.555,464942
2023-09-14,34.76,35.13,35.675,34.695,1341312
2023-09-15,34.97,35.17,35.25,34.88,1835723
2023-09-18,35.17,34.72,35.17,34.67,426069
2023-09-19,34.76,34.78,34.91,34.51,401403
2023-09-20,34.46,34.32,34.96,34.31,764125
2023-09-21,34.2,33.72,34.365,33.63,1153467
2023-09-22,33.77,33.54,34.03,33.48,512416
2023-09-25,33.38,34.05,34.42,33.3,1002262
2023-09-26,33.75,33.57,34.0,33.475,936826
2023-09-27,33.8,33.62,34.2,33.41,739430
2023-09-28,33.8,33.82,34.24,33.62,797545
2023-09-29,34.13,33.54,34.38,33.205,682358
2023-10-02,33.51,32.95,33.63,32.57,636766
2023-10-03,32.76,32.43,32.91,32.12,802080
2023-10-04,32.42,32.72,32.92,32.28,487200
2023-10-05,32.65,33.4,33.5,32.65,861767
2023-10-06,33.19,33.3,33.6,32.895,554721
2023-10-09,33.1,33.86,34.18,33.1,584055
2023-10-10,33.91,33.89,34.27,33.76,431617
2023-10-11,34.0,34.7,34.75,34.0,563211
2023-10-12,34.58,34.29,34.62,34.05,489024
2023-10-13,34.24,34.06,34.26,33.59,613040
2023-10-16,34.37,34.62,35.02,34.31,732752
2023-10-17,34.25,34.98,35.24,34.25,791002
2023-10-18,34.86,34.62,35.01,34.41,430742
2023-10-19,34.36,34.15,35.0,34.15,644396
2023-10-20,34.24,33.63,34.375,33.57,629759
2023-10-23,33.51,33.68,34.08,33.25,934676
2023-10-24,33.88,34.02,34.14,33.7622,610683
2023-10-25,33.74,33.61,34.22,33.36,790592
2023-10-26,33.65,34.35,34.55,33.435,600316
2023-10-27,34.4,33.55,34.4,33.4206,553548
2023-10-30,33.94,34.2,34.315,33.8448,695719
2023-10-31,34.37,35.31,35.34,34.2949,912111
2023-11-01,34.75,34.51,35.38,33.49,1394775
2023-11-02,35.01,34.88,35.73,34.3736,953348
2023-11-03,35.51,35.09,35.73,35.0,831689
2023-11-06,34.89,34.18,34.89,33.7,945002
2023-11-07,34.12,33.69,34.13,33.5,533716
2023-11-08,33.76,33.59,34.145,33.43,550042
2023-11-09,33.71,32.96,33.76,32.87,547853
2023-11-10,33.09,33.58,33.66,32.97,597955
2023-11-13,33.41,33.37,33.53,33.11,515834
2023-11-14,34.33,35.05,35.47,34.33,755483
2023-11-15,34.81,34.89,35.3125,34.695,610874
2023-11-16,34.84,34.71,34.91,34.435,981425
2023-11-17,34.87,35.18,35.24,34.78,901347
2023-11-20,35.22,35.31,35.385,34.86,652080
2023-11-21,35.04,35.22,35.42,34.94,715090
2023-11-22,35.54,35.45,35.5997,35.17,395266
2023-11-24,35.37,35.31,35.47,35.215,149318
2023-11-27,35.25,35.23,35.49,35.15,605007
2023-11-28,35.13,35.07,35.23,34.99,569834
2023-11-29,35.25,35.17,35.49,35.05,602620
2023-11-30,35.14,35.24,35.4,35.03,1524388
2023-12-01,35.13,35.69,35.725,34.95,1004613
2023-12-04,35.5,36.43,36.52,35.494,1028648
2023-12-05,36.28,35.89,36.4514,35.725,1016131
2023-12-06,36.03,35.7,36.395,35.64,793433
2023-12-07,35.66,35.55,35.92,35.43,729800
2023-12-08,35.35,35.62,36.28,35.12,603859
2023-12-11,35.62,35.73,35.97,35.43,1246115
2023-12-12,35.8,35.34,35.81,35.34,1740096
2023-12-13,35.38,36.73,36.965,35.32,1435945
2023-12-14,37.09,37.25,37.92,36.92,1433091
2023-12-15,37.41,37.08,37.41,36.44,2621747
2023-12-18,37.21,36.92,37.48,36.8289,553844
2023-12-19,37.09,37.23,37.56,37.0,774811
2023-12-20,37.18,36.6,37.57,36.57,814398
2023-12-21,36.85,36.89,37.025,36.51,443716
2023-12-22,37.08,36.98,37.51,36.7001,555373
2023-12-26,36.91,37.18,37.41,36.865,465342
2023-12-27,37.26,37.05,37.275,36.94,313925
2023-12-28,36.93,37.06,37.2,36.93,353185
2023-12-29,37.01,36.48,37.04,36.43,418376
2024-01-02,36.36,36.64,36.8,36.36,437315
2024-01-03,36.41,35.76,36.43,35.63,515930
2024-01-04,35.81,35.92,36.06,35.49,457369
2024-01-05,35.66,35.73,36.22,35.56,533143
2024-01-08,35.77,36.16,36.16,35.6107,348940
2024-01-09,35.65,35.79,36.15,35.6,431239
2024-01-10,35.78,35.34,36.02,35.195,1357194
2024-01-11,35.14,35.55,35.58,35.05,531267
2024-01-12,35.99,35.61,36.0,35.2601,371637
2024-01-16,35.51,35.12,35.51,35.07,409039
2024-01-17,34.86,34.99,35.395,34.6901,497210
2024-01-18,34.99,35.31,35.39,34.605,947440
2024-01-19,35.41,35.66,35.82,35.13,641141
2024-01-22,35.81,35.78,36.15,35.64,590264
2024-01-23,36.07,35.62,36.08,35.43,406139
2024-01-24,36.0,35.23,36.055,35.2,522864
2024-01-25,35.79,35.77,35.9,35.4,553613
2024-01-26,35.95,35.46,35.9739,35.34,483661
2024-01-29,35.35,35.37,35.7278,35.0526,482857
2024-01-30,35.66,35.56,35.735,35.23,498770
2024-01-31,35.56,34.71,35.66,34.71,653117
2024-02-01,34.79,35.39,35.4,34.555,535372
2024-02-02,34.98,34.79,35.09,34.62,390330
2024-02-05,34.37,34.54,34.915,34.07,615897
2024-02-06,34.02,34.94,35.15,34.02,642030
2024-02-07,35.0,34.71,35.02,34.66,854621
2024-02-08,34.73,34.79,34.91,34.51,762712
2024-02-09,34.82,34.97,35.2,33.86,1041189
2024-02-12,35.04,35.31,35.45,35.01,700296
2024-02-13,34.11,34.47,34.675,33.92,740828
2024-02-14,34.35,34.3,34.62,33.77,580877
2024-02-15,34.48,35.07,35.08,34.48,723721
2024-02-16,34.98,34.55,34.98,34.46,641670
2024-02-20,34.27,34.59,34.76,34.2,480569
2024-02-21,34.48,34.79,35.08,34.41,480395
2024-02-22,34.66,34.58,34.93,34.38,622620
2024-02-23,34.84,34.53,34.92,34.49,483646
2024-02-26,34.33,34.44,34.57,34.25,439353
2024-02-27,34.74,34.72,34.935,34.39,556580
2024-02-28,34.38,34.97,35.215,34.38,581334
2024-02-29,35.18,35.72,35.74,34.91,1577328
2024-03-01,35.68,35.51,35.681,35.14,593315
2024-03-04,35.61,36.33,36.43,35.54,852800
2024-03-05,36.18,35.79,36.55,35.69,490641
2024-03-06,35.93,35.68,36.0,35.49,482697
2024-03-07,35.73,35.35,36.2499,35.26,537496
2024-03-08,35.82,35.97,36.03,35.73,661189
2024-03-11,35.85,36.06,36.15,35.77,469622
2024-03-12,35.95,36.02,36.17,35.7,458686
2024-03-13,35.91,35.93,36.2,35.695,544499
2024-03-14,35.57,35.32,35.81,35.02,492523
2024-03-15,35.1,35.25,35.66,35.0812,3374180
2024-03-18,35.25,35.27,35.49,35.08,485767
2024-03-19,35.25,35.05,35.4955,35.01,519830
2024-03-20,34.9,35.87,35.99,34.83,514181
2024-03-21,36.0,36.0,36.23,35.62,555758
2024-03-22,36.14,35.44,36.14,35.26,572373
2024-03-25,35.73,35.07,35.8,35.01,343574
2024-03-26,35.14,34.91,35.33,34.87,408453
2024-03-27,35.16,35.6,35.62,35.16,654916
2024-03-28,35.59,35.87,35.94,35.52,738881
2024-04-01,35.87,35.07,35.87,34.96,548086
2024-04-02,34.79,34.23,34.86,33.83,1084077
2024-04-03,34.21,34.25,34.305,33.83,675421
2024-04-04,34.45,34.02,34.71,33.94,438263
2024-04-05,34.01,34.2,34.3,33.64,408746
2024-04-08,34.25,34.71,34.77,34.22,512595
2024-04-09,34.72,35.04,35.05,34.68,361050
2024-04-10,34.09,33.11,34.1,33.09,688660
2024-04-11,33.15,33.2,33.37,32.85,471441
2024-04-12,32.93,32.93,33.15,32.71,528885
2024-04-15,33.01,32.59,33.015,32.4,545625
2024-04-16,32.55,32.38,32.55,32.03,549971
2024-04-17,32.3,32.02,32.46,32.01,459360
2024-04-18,32.14,32.41,32.74,31.94,692977
2024-04-19,32.39,33.02,33.06,32.39,702889
2024-04-22,33.08,33.27,33.36,32.95,555326
2024-04-23,33.25,33.49,33.71,32.6653,515607
2024-04-24,33.16,33.23,33.3,33.03,445073
2024-04-25,32.83,32.93,33.04,32.72,521711
2024-04-26,33.14,32.61,33.14,32.21,921357
2024-04-29,32.58,32.68,32.91,32.39,611348
2024-04-30,32.57,32.7,32.845,32.45,748399
2024-05-01,32.66,32.67,33.21,32.37,598575
2024-05-02,32.88,33.07,33.34,32.875,534618
2024-05-03,33.5,33.08,33.6,32.87,689044
2024-05-06,33.16,32.81,33.26,32.66,499935
2024-05-07,33.0,33.42,33.69,32.93,474612
2024-05-08,33.17,33.1,33.18,32.94,287717
2024-05-09,33.24,33.21,33.39,33.02,381478
2024-05-10,33.15,32.89,33.21,32.8,392886
2024-05-13,32.98,32.87,33.15,32.86,485432
2024-05-14,33.12,32.55,33.25,32.48,793241
2024-05-15,32.93,32.81,32.96,32.6103,604835
2024-05-16,32.94,32.65,32.94,32.515,506080
2024-05-17,32.6,32.6,32.89,32.5,800071
2024-05-20,32.46,31.86,32.54,31.82,698443
2024-05-21,31.89,31.83,31.96,31.57,1133522
2024-05-22,31.8,31.95,32.02,31.69,2072964
2024-05-23,31.74,31.53,31.81,31.46,673871
2024-05-24,31.69,31.43,31.76,31.31,697717
2024-05-28,31.61,31.13,31.625,31.07,574956
2024-05-29,30.9,30.93,31.02,30.62,529787
2024-05-30,31.2,31.49,31.53,30.96,559924
2024-05-31,31.68,31.94,32.12,31.4701,928448
2024-06-03,32.02,32.0,32.19,31.84,663876
2024-06-04,31.89,31.74,32.19,31.64,578764
2024-06-05,31.77,31.35,31.77,31.32,459447
2024-06-06,31.18,31.69,31.705,31.1034,836064
2024-06-07,31.29,31.68,31.725,31.21,678212
2024-06-10,31.31,31.44,31.61,30.86,718756
2024-06-11,31.21,31.4,31.44,31.03,715261
2024-06-12,31.94,31.9,32.58,31.82,777968
2024-06-13,31.9,32.36,32.41,31.6801,586172
2024-06-14,32.21,32.23,32.42,32.1,476024
2024-06-17,32.0,31.89,32.11,31.75,564675
2024-06-18,32.0,32.04,32.13,31.86,619545
2024-06-20,31.87,32.41,32.535,31.84,916767
2024-06-21,32.41,32.44,32.565,32.08,1725030
2024-06-24,32.44,32.5,32.83,32.35,413351
2024-06-25,32.49,32.24,32.53,32.125,650788
2024-06-26,31.94,31.99,32.28,31.79,575995
2024-06-27,32.11,32.52,32.52,32.03,486649
2024-06-28,32.74,32.71,32.84,32.36,1577283
2024-07-01,32.54,32.6,32.74,32.3001,703107
2024-07-02,32.76,32.64,32.85,32.48,665711
2024-07-03,32.62,32.78,33.01,32.62,292396
2024-07-05,32.64,32.65,32.85,32.49,345758
2024-07-08,32.81,32.53,32.93,32.49,316847
2024-07-09,32.45,32.1,32.4827,32.06,735668
2024-07-10,32.09,32.38,32.43,31.98,577938
2024-07-11,32.98,33.36,33.64,32.9,877520
2024-07-12,33.64,33.87,34.16,33.485,704136
2024-07-15,34.05,33.81,34.13,33.73,529816
2024-07-16,34.13,34.63,34.73,34.0,773148
2024-07-17,34.63,35.19,35.41,34.62,887313
2024-07-18,34.94,35.24,35.55,34.85,857178
2024-07-19,35.27,34.92,35.43,34.81,630143
2024-07-22,34.98,35.09,35.22,34.55,753959
2024-07-23,35.09,35.06,35.27,34.895,909103
2024-07-24,35.0,34.04,35.27,34.01,790963
2024-07-25,34.22,33.85,34.67,33.83,1128185
2024-07-26,34.51,34.02,34.58,32.75,844721
2024-07-29,33.86,34.37,34.57,33.59,1021460
2024-07-30,34.5,35.81,35.97,34.285,1167919
2024-07-31,35.75,35.1,35.86,34.98,1117536
2024-08-01,35.29,35.27,35.42,34.81,617441
2024-08-02,34.89,35.05,35.38,34.65,871017
2024-08-05,34.35,33.91,34.675,33.75,1133385
2024-08-06,33.78,34.66,34.84,33.78,895296
2024-08-07,34.8,34.61,35.3,34.56,939585
2024-08-08,34.55,34.74,34.92,34.495,796821
2024-08-09,34.86,34.87,34.975,34.59,455852
2024-08-12,34.62,34.56,34.68,34.13,484791
2024-08-13,34.77,34.54,34.77,34.345,353472
2024-08-14,34.54,34.57,34.882,34.43,371017
2024-08-15,34.86,34.97,35.22,34.5,475635
2024-08-16,34.96,35.01,35.04,34.59,736310
2024-08-19,34.99,35.15,35.32,34.955,277533
2024-08-20,35.17,35.14,35.205,34.91,285639
2024-08-21,35.19,35.71,35.74,35.16,312980
2024-08-22,35.65,35.85,35.92,35.541,722032
2024-08-23,36.0,36.45,36.48,35.885,828787
2024-08-26,36.6,36.8,36.82,36.41,523137
2024-08-27,36.74,36.81,36.96,36.5,537290
2024-08-28,37.0,36.88,37.22,36.75,583080
2024-08-29,37.05,36.75,37.05,36.595,698354
2024-08-30,36.8,36.96,37.02,36.67,1012452
2024-09-03,36.74,36.81,37.045,36.63,790363
2024-09-04,37.1,37.08,37.34,36.7699,958531
2024-09-05,37.27,37.17,37.455,37.0,549428
2024-09-06,37.15,37.08,37.37,36.61,496988
2024-09-09,36.9,37.57,37.6,36.57,668714
2024-09-10,37.57,37.69,37.83,37.39,550242
2024-09-11,37.35,37.37,37.865,36.87,851682
2024-09-12,37.57,38.35,38.39,37.49,830814
2024-09-13,38.76,38.93,39.0,38.3,702371
2024-09-16,38.98,38.87,39.075,38.75,540028
2024-09-17,38.91,38.49,38.92,38.3,517100
2024-09-18,38.48,38.46,38.96,38.07,603593
2024-09-19,38.94,38.54,38.94,38.0,782074
2024-09-20,38.29,38.37,38.96,38.29,2625136
2024-09-23,38.66,38.44,38.8,38.42,1028832
2024-09-24,38.35,38.46,38.7,38.28,563171
2024-09-25,38.55,38.14,38.65,38.09,497587
2024-09-26,38.2,37.37,38.3,37.342,528575
2024-09-27,37.64,37.26,37.775,37.23,903524
2024-09-30,37.26,37.71,37.78,37.08,627255
2024-10-01,37.77,37.59,37.85,37.0,612536
2024-10-02,37.25,36.7,37.39,36.66,751753
2024-10-03,36.6,36.53,36.75,36.4,411484
2024-10-04,36.54,36.51,36.57,36.14,423282
2024-10-07,36.33,36.2,36.37,36.07,584812
2024-10-08,36.35,36.19,36.35,35.94,519788
2024-10-09,36.17,36.22,36.5,36.005,511818
2024-10-10,36.0,35.95,36.29,35.72,584279
2024-10-11,36.0,36.23,36.255,35.9,598211
2024-10-14,36.08,36.49,36.74,36.035,469410
2024-10-15,36.58,36.99,37.315,36.4627,576751
2024-10-16,37.17,37.26,37.435,36.95,466832
2024-10-17,37.12,37.12,37.31,36.95,318758
2024-10-18,37.08,37.33,37.49,37.0587,371766
2024-10-21,37.3,36.64,37.3,36.56,707088
2024-10-22,36.51,36.89,37.05,36.45,597847
2024-10-23,36.78,37.01,37.11,36.78,391265
2024-10-24,36.95,37.01,37.23,36.95,566954
2024-10-25,36.91,36.31,37.43,36.21,629406
2024-10-28,36.53,36.68,36.9,36.42,484521
2024-10-29,36.75,37.15,37.16,36.66,693780
2024-10-30,37.01,37.81,37.91,36.96,805311
2024-10-31,37.62,37.81,38.4,37.62,1313616
2024-11-01,38.3,37.8,38.45,37.68,656661
2024-11-04,37.92,38.08,38.26,37.72,665814
2024-11-05,37.9,38.7,38.725,37.69,714208
2024-11-06,39.0,39.08,39.58,38.345,1123220
2024-11-07,39.0,38.86,39.39,38.77,840684
2024-11-08,39.03,38.97,39.37,38.8567,1022288
2024-11-11,39.09,39.43,39.83,38.92,581645
2024-11-12,39.39,39.03,39.76,38.99,641263
2024-11-13,39.74,39.11,39.74,39.07,601379
2024-11-14,39.11,38.74,39.145,38.65,431281
2024-11-15,38.68,39.01,39.115,38.45,720693
2024-11-18,38.96,39.22,39.3,38.78,471288
2024-11-19,38.95,39.25,39.25,38.85,457280
2024-11-20,39.02,38.92,39.11,38.845,434613
2024-11-21,38.91,39.05,39.185,38.84,415723
2024-11-22,39.24,39.33,39.6,39.175,881574
2024-11-25,39.45,39.34,39.98,39.25,1361306
2024-11-26,39.14,39.43,39.58,39.01,808163
2024-11-27,39.63,39.8,40.12,39.6,605202
2024-11-29,39.91,39.5,40.06,39.46,488006
2024-12-02,39.48,39.28,39.5,39.02,940888
2024-12-03,39.42,39.1,39.48,38.88,548600
2024-12-04,38.91,39.18,39.2906,38.91,715759
2024-12-05,39.16,39.33,39.58,39.03,1104736
2024-12-06,39.33,39.27,39.52,38.99,859472
2024-12-09,39.39,39.2,39.57,39.16,748265
2024-12-10,39.16,39.02,39.16,38.66,753189
2024-12-11,39.02,39.0,39.41,38.885,827566
2024-12-12,39.09,39.2,39.68,38.985,553884
2024-12-13,38.88,39.2,39.29,38.85,606078
2024-12-16,39.1,39.28,39.7,39.075,527061
2024-12-17,39.14,38.96,39.52,38.82,552238
2024-12-18,38.98,38.21,39.41,38.14,730028
2024-12-19,38.13,37.55,38.59,37.51,886811
2024-12-20,37.17,38.1,38.35,37.17,2287664
2024-12-23,38.07,37.73,38.16,37.52,756705
2024-12-24,37.64,38.22,38.24,37.64,180724
2024-12-26,38.02,38.52,38.57,37.86,270577
2024-12-27,38.45,37.68,38.51,37.47,573424
2024-12-30,37.67,37.2,37.67,37.04,445435
2024-12-31,37.36,37.46,37.7,37.19,631256
2025-01-02,37.48,36.95,37.55,36.77,366790
2025-01-03,37.05,37.49,37.55,36.94,550905
2025-01-06,37.21,36.69,37.52,36.63,521206
2025-01-07,36.82,36.45,37.05,36.14,714387
2025-01-08,36.45,36.6,36.97,36.39,985912
2025-01-10,36.01,35.56,36.14,35.48,889440
2025-01-13,35.54,35.65,35.72,35.29,605477
2025-01-14,35.59,35.84,36.01,35.58,638145
2025-01-15,36.48,35.46,36.63,35.42,499548
2025-01-16,35.5,35.93,35.97,35.5,522182
2025-01-17,36.34,35.79,36.34,35.701,642761
2025-01-21,35.97,36.41,36.44,35.97,501544
2025-01-22,36.28,35.81,36.3263,35.77,448656
2025-01-23,35.86,36.3,36.32,35.535,533539
2025-01-24,36.18,36.62,36.725,36.0401,469609
2025-01-27,36.91,37.3,37.535,36.51,510947
2025-01-28,37.14,36.93,37.76,36.78,524228
2025-01-29,36.85,36.29,37.02,36.11,505377
2025-01-30,36.65,36.71,37.06,36.47,384150
2025-01-31,36.62,36.33,36.76,36.21,503737
2025-02-03,36.07,36.2,36.31,35.705,459031
2025-02-04,36.03,36.34,36.435,36.03,582352
2025-02-05,36.55,36.86,36.88,36.4,556853
2025-02-06,36.91,36.61,36.95,36.355,602279
2025-02-07,36.61,37.32,37.42,36.19,712170
2025-02-10,37.07,36.82,37.235,36.69,730708
2025-02-11,36.66,37.12,37.22,36.58,602396
2025-02-12,36.46,37.02,37.33,36.46,612017
2025-02-13,37.23,37.24,37.33,36.88,690139
2025-02-14,37.25,36.58,37.42,36.5,786399
2025-02-18,36.23,36.17,36.7,36.14,508869
2025-02-19,36.03,35.79,36.23,35.69,558898
2025-02-20,35.58,35.38,35.85,35.33,387681
2025-02-21,35.5,35.25,35.61,35.06,586849
2025-02-24,35.36,35.48,35.88,35.21,418215
2025-02-25,35.61,36.11,36.34,35.55,587780
2025-02-26,36.15,36.01,36.27,35.875,350149
2025-02-27,36.07,36.31,36.47,35.9601,517340
2025-02-28,36.54,37.2,37.25,36.48,1047134
2025-03-03,37.07,37.23,37.6499,37.06,831722
2025-03-04,37.25,36.54,37.435,36.54,639742
2025-03-05,36.21,36.73,37.0,36.21,507180
2025-03-06,36.51,36.15,36.63,36.07,488343
2025-03-07,36.3,35.95,36.475,35.83,839712
2025-03-10,35.79,35.51,36.32,35.13,915419
2025-03-11,35.56,35.16,35.73,34.74,886028
2025-03-12,35.17,34.92,35.24,34.86,514818
2025-03-13,35.02,34.43,35.19,34.33,515740
2025-03-14,34.67,34.81,34.89,34.385,664403
2025-03-17,34.7,35.13,35.26,34.6409,493897
2025-03-18,35.08,35.15,35.495,34.9,582664
2025-03-19,35.16,35.14,35.41,34.76,441574
2025-03-20,34.99,35.26,35.39,34.865,578300
2025-03-21,34.95,34.93,35.14,34.65,1198357
2025-03-24,35.33,35.77,35.82,35.15,655624
2025-03-25,35.89,35.65,36.02,35.51,852159
2025-03-26,35.65,35.98,36.01,35.51,751388
2025-03-27,36.06,35.69,36.26,35.61,609175
2025-03-28,35.92,35.96,36.02,35.58,733584
2025-03-31,35.96,36.49,36.66,35.935,796474
2025-04-01,36.5,36.86,36.94,36.1,1077125
2025-04-02,36.58,37.33,37.405,36.58,1074457
2025-04-03,36.89,36.06,37.15,35.98,1063634
2025-04-04,35.71,34.98,36.09,34.81,1038505
2025-04-07,34.17,34.33,35.325,33.04,1439607
2025-04-08,34.98,33.53,35.11,33.185,1872179
2025-04-09,33.02,34.92,35.14,32.4,2271157
2025-04-10,34.41,34.52,35.11,33.54,1248445
2025-04-11,34.32,35.05,35.14,33.863,825267
