2021-04-06,9.9996,9.6807,9.9996,9.6391,2887
2021-04-07,9.9643,9.9643,9.9643,9.9643,532
2021-04-08,9.73,9.7,9.9,9.7,28217
2021-04-09,9.82,9.77,9.85,9.7,55873
2021-04-12,9.7,9.79,9.82,9.7,18296
2021-04-13,9.8,9.83,9.83,9.72,12333
2021-04-14,9.72,9.765,9.81,9.72,67061
2021-04-15,9.74,9.85,9.94,9.72,229678
2021-04-16,9.82,9.85,9.95,9.8,4496
2021-04-19,9.9,9.87,9.9,9.75,176296
2021-04-20,9.86,9.75,9.86,9.72,13023
2021-04-21,9.73,9.77,9.77,9.71,13243
2021-04-22,9.74,9.7,9.74,9.7,19891
2021-04-23,9.73,9.73,9.73,9.65,14408
2021-04-26,9.7711,9.78,9.78,9.75,1272
2021-04-27,9.8646,9.72,9.8646,9.69,17530
2021-04-28,9.73,9.75,9.77,9.72,2600
2021-04-29,9.7494,9.75,9.75,9.74,2569
2021-04-30,9.79,9.79,9.79,9.79,991
2021-05-03,9.75,9.76,9.76,9.75,2644
2021-05-04,9.73,9.72,9.73,9.72,1077
2021-05-05,9.73,9.73,9.73,9.73,3746
2021-05-06,9.7135,9.72,9.74,9.7135,4018
2021-05-07,9.725,9.72,9.725,9.71,1311
2021-05-10,9.73,9.73,9.73,9.73,3325
2021-05-11,9.74,9.75,9.75,9.73,5114
2021-05-12,9.725,9.74,9.74,9.725,757
2021-05-13,9.72,9.71,9.74,9.66,60964
2021-05-14,9.67,9.71,9.71,9.67,13575
2021-05-17,9.67,9.69,9.71,9.63,47348
2021-05-18,9.64,9.67,9.67,9.64,1188
2021-05-19,9.66,9.68,9.7,9.66,27615
2021-05-20,9.66,9.66,9.66,9.66,482
2021-05-21,9.64,9.69,9.7,9.63,38766
2021-05-24,9.68,9.67,9.68,9.63,4151
2021-05-25,9.69,9.68,9.69,9.67,105415
2021-05-26,9.94,9.89,9.94,9.85,5619741
2021-05-27,9.88,9.9,9.9,9.87,682593
2021-05-28,9.87,9.92,9.92,9.85,427149
2021-06-01,9.94,9.945,9.95,9.87,645663
2021-06-02,9.91,9.95,9.95,9.89,978801
2021-06-03,9.91,9.82,9.91,9.82,292385
2021-06-04,9.88,9.9,9.95,9.85,832390
2021-06-07,9.9,9.89,9.925,9.88,199306
2021-06-08,9.89,9.9,9.92,9.88,139835
2021-06-09,9.9,9.9,9.94,9.88,384344
2021-06-10,9.93,9.89,9.93,9.89,67031
2021-06-11,9.89,9.87,9.9,9.87,112095
2021-06-14,9.88,9.88,9.89,9.87,141589
2021-06-15,9.89,9.89,9.89,9.87,73439
2021-06-16,9.89,9.87,9.89,9.86,38058
2021-06-17,9.88,9.88,9.89,9.85,54655
2021-06-18,9.88,10.0,10.0,9.88,83890
2021-06-21,9.91,9.89,9.91,9.88,22664
2021-06-22,9.9,9.9,9.91,9.88,18580
2021-06-23,9.897,9.89,9.9,9.89,2280
2021-06-24,9.8926,9.89,9.9,9.89,61903
2021-06-25,9.9,9.9,9.92,9.89,338111
2021-06-28,9.89,9.89,9.9,9.89,19294
2021-06-29,9.89,9.88,9.9,9.88,45725
2021-06-30,9.9,9.89,9.9,9.88,2204
2021-07-01,9.9,9.9,9.9,9.88,33351
2021-07-02,9.9,9.9,9.91,9.89,40299
2021-07-06,9.9,9.9,9.9,9.88,2799
2021-07-07,9.8809,9.88,9.89,9.88,3048
2021-07-08,9.88,9.87,9.9,9.87,549964
2021-07-09,9.9,9.95,9.95,9.87,19977
2021-07-12,9.98,9.9,9.98,9.89,24367
2021-07-13,9.9,9.9,9.91,9.89,3133
2021-07-14,9.9,9.9,9.9,9.86,1272707
2021-07-15,9.895,9.9,9.9,9.87,897646
2021-07-16,9.8818,9.87,9.9,9.87,39470
2021-07-19,9.88,9.85,9.9,9.83,553987
2021-07-20,9.88,9.95,9.95,9.86,27044
2021-07-21,9.91,9.84,9.93,9.84,40756
2021-07-22,9.86,9.9,9.95,9.86,508976
2021-07-23,9.9,9.87,9.9,9.84,6766
2021-07-26,9.87,9.87,9.87,9.87,87457
2021-07-27,9.85,9.87,9.9,9.83,545231
2021-07-28,9.85,9.87,9.89,9.85,512612
2021-07-29,9.84,9.89,9.89,9.84,14317
2021-07-30,9.87,9.86,9.8784,9.86,5751
2021-08-02,9.89,9.86,9.89,9.86,3988
2021-08-03,9.87,9.87,9.88,9.87,3953
2021-08-04,9.86,9.82,9.88,9.82,10471
2021-08-06,9.84,9.86,9.86,9.84,18989
2021-08-09,9.85,9.85,9.85,9.85,6159
2021-08-10,9.85,9.85,9.87,9.81,14874
2021-08-11,9.85,9.85,9.88,9.83,24385
2021-08-12,9.84,9.84,9.8404,9.84,3671
2021-08-13,9.84,9.85,9.85,9.84,684
2021-08-16,9.85,9.85,9.85,9.82,44539
2021-08-17,9.83,9.81,9.83,9.81,6783
2021-08-18,9.835,9.82,9.835,9.81,36286
2021-08-19,9.84,9.82,9.84,9.82,317
2021-08-20,9.82,9.75,9.84,9.75,3114596
2021-08-23,9.79,9.79,9.8,9.78,121840
2021-08-24,9.8,9.8,9.8,9.7823,14222
2021-08-25,NaN,9.8,NaN,NaN,40
2021-08-26,9.82,9.8,9.82,9.79,56610
2021-08-27,9.82,9.8,9.82,9.78,33631
2021-08-30,9.82,9.81,9.82,9.75,14782
2021-08-31,9.78,9.83,9.83,9.78,28877
2021-09-01,9.82,9.79,9.82,9.79,24977
2021-09-02,9.8,9.8,9.81,9.8,274255
2021-09-03,9.8,9.83,9.84,9.8,17457
2021-09-07,9.83,9.84,9.84,9.83,8081
2021-09-08,9.836,9.83,9.85,9.83,20060
2021-09-09,9.85,9.845,9.85,9.83,10633
2021-09-10,9.85,9.85,9.86,9.85,76084
2021-09-13,9.8401,9.86,9.86,9.8401,32079
2021-09-14,9.845,9.845,9.845,9.845,339
2021-09-15,9.84,9.85,9.86,9.84,2079
2021-09-16,9.86,9.84,9.87,9.84,236329
2021-09-17,9.84,9.85,9.87,9.84,10091
2021-09-20,9.86,9.86,9.86,9.85,136956
2021-09-21,9.84,9.86,9.86,9.84,281050
2021-09-22,9.85,9.86,9.87,9.85,119766
2021-09-23,9.87,9.87,9.87,9.85,154475
2021-09-24,9.8667,9.87,9.87,9.8667,1607
2021-09-27,9.87,9.86,9.87,9.86,2899
2021-09-28,9.87,9.9,9.91,9.8487,126384
2021-09-29,9.87,9.91,9.91,9.85,476579
2021-09-30,9.86,9.86,9.89,9.86,97797
2021-10-01,9.89,9.88,9.89,9.86,55950
2021-10-04,9.9,9.91,9.91,9.86,389998
2021-10-05,9.909,9.91,9.91,9.88,351319
2021-10-06,9.91,9.88,9.91,9.88,85346
2021-10-07,9.895,9.89,9.91,9.89,87600
2021-10-08,9.91,9.9,9.91,9.88,55069
2021-10-11,9.89,9.89,9.91,9.89,6193
2021-10-12,9.9,9.89,9.9,9.89,27902
2021-10-13,9.91,9.89,9.91,9.89,11130
2021-10-14,9.91,9.92,9.92,9.9,132810
2021-10-15,9.92,9.93,9.93,9.91,538580
2021-10-18,9.91,9.89,9.91,9.89,634710
2021-10-19,9.9,9.89,9.9,9.88,623303
2021-10-20,9.91,9.9,9.93,9.89,113787
2021-10-21,9.89,9.9,9.9198,9.89,42594
2021-10-22,9.9217,9.9244,9.9244,9.9217,1205
2021-10-25,9.9496,9.95,9.96,9.93,43245
2021-10-26,9.945,9.925,9.945,9.92,32601
2021-10-27,9.92,9.93,9.9419,9.92,74573
2021-10-28,9.95,9.97,9.97,9.9498,1048876
2021-10-29,9.98,9.98,9.98,9.96,150707
2021-11-01,9.99,9.99,10.01,9.98,1056806
2021-11-02,9.99,9.98,9.99,9.98,441488
2021-11-03,9.98,9.98,9.99,9.97,605284
2021-11-04,9.98,9.97,9.9898,9.97,230205
2021-11-05,9.98,9.97,9.99,9.97,144679
2021-11-08,9.98,9.97,9.98,9.97,160607
2021-11-09,9.97,9.97,9.98,9.97,1488336
2021-11-10,9.98,9.97,9.99,9.96,3561236
2021-11-11,9.97,9.99,10.0,9.97,717788
2021-11-12,9.99,9.98,9.99,9.97,346200
2021-11-15,9.97,9.9563,9.97,9.93,19856
2021-11-16,9.98,9.95,9.98,9.9216,208176
2021-11-17,9.96,9.94,10.0,9.71,12467
2021-11-18,9.9,9.95,9.97,9.54,96661
2021-11-19,9.84,9.9143,9.9143,9.0,6354
2021-11-22,9.94,9.98,10.17,9.93,637381
2021-11-23,9.9701,9.97,9.98,9.96,89106
2021-11-24,9.98,9.96,9.98,9.91,517538
2021-11-26,9.52,9.97,9.97,9.52,682590
2021-11-29,9.97,9.97,9.985,9.927,400575
2021-11-30,9.97,9.84,9.97,9.74,47319
2021-12-01,9.8,8.85,9.85,8.85,26512
2021-12-02,8.95,9.025,9.67,8.94,4349
2021-12-03,9.5,9.48,9.72,9.1001,12796
2021-12-06,10.2196,10.76,16.73,10.0,339833
2021-12-07,10.1,9.4,10.25,9.1,373777
2021-12-08,9.5,9.54,9.98,9.4051,309258
2021-12-09,9.21,9.82,9.87,9.21,153791
2021-12-10,9.79,11.44,11.72,9.79,307297
2021-12-13,11.51,10.0,11.8,9.43,265575
2021-12-14,10.12,10.01,10.93,9.685,141448
2021-12-15,9.87,11.13,11.61,9.51,631723
2021-12-16,11.03,8.74,11.04,8.51,532351
2021-12-17,8.65,7.96,8.8011,7.63,622583
2021-12-20,7.73,8.03,8.205,7.7,435668
2021-12-21,8.0,7.63,8.0,7.33,749993
2021-12-22,7.51,7.51,7.78,6.96,151011
2021-12-23,7.56,7.26,8.0,7.1,90581
2021-12-27,7.22,7.59,7.62,7.11,57160
2021-12-28,7.52,7.2,7.52,7.2,81376
2021-12-29,7.61,7.32,7.61,6.64,88380
2021-12-30,7.35,7.67,7.82,7.01,387687
2021-12-31,7.54,7.04,8.12,7.03,224915
2022-01-03,7.09,6.49,7.09,6.31,228576
2022-01-04,6.6,6.25,7.4871,6.22,120337
2022-01-05,6.25,5.72,6.62,5.58,160227
2022-01-06,5.79,5.45,5.79,5.15,127242
2022-01-07,5.38,5.01,5.59,5.0,42272
2022-01-10,4.98,5.2,5.2,4.65,183675
2022-01-11,5.2,5.54,5.57,5.03,181221
2022-01-12,5.59,5.67,6.52,5.59,214556
2022-01-13,5.82,5.66,5.86,5.502,70675
2022-01-14,5.75,5.57,5.795,5.45,39521
2022-01-18,5.5,5.16,5.765,4.95,51983
2022-01-19,5.23,5.11,5.475,5.09,85275
2022-01-20,5.15,5.15,5.91,5.075,83970
2022-01-21,5.18,5.15,5.25,5.01,166154
2022-01-24,4.82,5.09,5.27,4.82,112997
2022-01-25,5.11,5.2,5.285,4.91,73103
2022-01-26,5.23,5.08,5.37,5.02,38398
2022-01-27,5.13,4.88,5.13,4.85,44511
2022-01-28,4.8,4.7,4.91,4.6227,55699
2022-01-31,4.73,5.33,5.76,4.73,240152
2022-02-01,5.37,5.14,5.48,5.05,64632
2022-02-02,5.17,5.02,5.69,4.84,84920
2022-02-03,4.96,4.85,5.12,4.67,16276
2022-02-04,4.85,4.94,5.27,4.58,48564
2022-02-07,4.99,5.12,5.585,4.645,57918
2022-02-08,5.04,5.17,5.4,5.02,37301
2022-02-09,5.18,5.17,5.58,5.0,44369
2022-02-10,5.15,5.23,5.59,5.14,37631
2022-02-11,5.24,5.32,5.71,5.24,76954
2022-02-14,5.3,5.25,5.6482,5.24,61059
2022-02-15,5.25,5.29,5.71,5.0,48656
2022-02-16,5.19,5.48,5.61,5.02,43640
2022-02-17,5.5,5.5,6.28,5.5,43418
2022-02-18,5.58,6.095,6.325,5.58,62082
2022-02-22,6.15,5.91,6.42,5.88,91849
2022-02-23,5.96,5.8,6.13,5.7701,47205
2022-02-24,5.8,5.73,6.05,5.7,49403
2022-02-25,5.83,5.71,6.27,5.3,87515
2022-02-28,5.68,5.6,6.05,5.5,107990
2022-03-01,5.57,5.94,5.97,5.57,113458
2022-03-02,5.86,6.15,6.35,5.86,52694
2022-03-03,6.12,6.27,6.73,5.9013,115015
2022-03-04,6.34,6.29,6.72,6.1,48220
2022-03-07,6.27,6.7,6.73,6.24,183288
2022-03-08,6.6,6.92,7.04,6.44,102233
2022-03-09,6.86,6.5,7.53,6.47,195361
2022-03-10,6.55,6.96,7.49,6.445,197414
2022-03-11,6.86,6.87,7.31,6.8,31947
2022-03-14,6.75,6.49,7.18,6.42,97699
2022-03-15,6.38,6.64,6.805,6.38,75039
2022-03-16,6.63,6.86,6.94,6.63,142175
2022-03-17,6.76,7.12,7.28,6.48,142749
2022-03-18,7.11,7.01,7.29,6.4,808223
2022-03-21,7.25,7.12,7.25,6.9512,135728
2022-03-22,7.02,8.03,8.4165,7.02,218895
2022-03-23,8.08,8.0,8.33,7.92,138775
2022-03-24,7.9,7.95,8.2825,7.9,135130
2022-03-25,8.09,7.62,8.23,7.375,119967
2022-03-28,7.55,7.62,7.88,7.46,114510
2022-03-29,7.915,7.7,8.295,7.67,122100
2022-03-30,7.62,7.7,8.0,7.06,148237
2022-03-31,7.63,7.82,8.2,7.17,101620
2022-04-01,7.79,8.19,8.49,7.755,123567
2022-04-04,8.44,7.9,8.44,7.77,137889
2022-04-05,7.98,7.5,7.98,7.49,128909
2022-04-06,7.51,7.8,7.91,7.43,66714
2022-04-07,7.755,8.05,8.1,7.635,97257
2022-04-08,8.05,7.53,8.1,7.24,160423
2022-04-11,7.79,7.66,7.79,7.39,83930
2022-04-12,7.69,7.72,7.99,7.67,120324
2022-04-13,7.71,7.66,7.91,7.0701,60014
2022-04-14,7.61,7.43,7.63,7.15,56002
2022-04-18,7.575,7.62,7.77,7.48,69942
2022-04-19,7.55,7.82,8.06,7.55,122945
2022-04-20,7.92,7.62,8.15,7.59,110224
2022-04-21,7.75,7.05,7.91,7.03,131947
2022-04-22,7.0,6.49,7.545,6.46,150670
2022-04-25,6.4,6.69,6.925,6.3,81895
2022-04-26,6.66,6.86,7.05,6.58,130157
2022-04-27,6.79,6.69,7.13,6.68,49395
2022-04-28,6.65,6.21,6.85,6.14,171511
2022-04-29,6.12,6.07,6.32,6.07,54687
2022-05-02,6.07,6.08,6.54,6.02,62718
2022-05-03,6.045,5.99,6.09,5.79,152355
2022-05-04,6.1,6.03,6.46,5.95,113852
2022-05-05,6.11,6.01,6.28,5.84,77251
2022-05-06,6.06,6.28,6.37,5.91,92634
2022-05-09,6.01,6.0,6.6,5.9,87037
2022-05-10,6.13,5.29,6.13,5.21,304904
2022-05-11,5.22,5.01,5.68,5.0,70434
2022-05-12,5.0,4.98,5.24,4.92,138190
2022-05-13,5.47,5.03,5.625,5.0,67199
2022-05-16,5.07,5.01,5.48,4.96,170459
2022-05-17,5.05,4.94,5.24,4.8,134195
2022-05-18,4.87,4.84,5.05,4.72,319175
2022-05-19,4.85,4.87,5.09,4.72,129872
2022-05-20,4.9,4.8,4.98,4.64,115893
2022-05-23,4.79,4.82,5.26,4.68,91581
2022-05-24,4.9,5.11,5.28,4.8,82811
2022-05-25,5.25,4.94,5.25,4.87,120966
2022-05-26,4.81,4.91,5.4,4.81,171179
2022-05-27,4.99,5.0,5.105,4.85,162304
2022-05-31,4.99,4.8,5.24,4.8,199845
2022-06-01,4.76,4.63,4.91,4.25,282951
2022-06-02,4.63,4.93,5.03,4.63,160159
2022-06-03,4.9,4.7,4.94,4.63,140407
2022-06-06,4.8,4.94,5.06,4.75,178057
2022-06-07,4.87,4.36,4.91,4.3,225174
2022-06-08,4.3,4.32,4.455,4.3,134010
2022-06-09,4.3,4.19,4.47,4.18,274696
2022-06-10,4.11,3.93,4.28,3.92,133134
2022-06-13,3.98,3.85,3.98,3.495,254332
2022-06-14,3.85,3.8,3.93,3.72,116541
2022-06-15,3.77,3.96,3.99,3.75,75863
2022-06-16,3.92,3.99,4.31,3.88,101923
2022-06-17,4.03,4.24,4.42,3.96,318436
2022-06-21,4.35,4.06,4.7,3.93,200368
2022-06-22,4.07,4.17,4.26,3.94,153528
2022-06-23,4.1,4.45,4.52,4.085,189762
2022-06-24,4.34,4.39,4.68,3.94,2317787
2022-06-27,4.44,4.07,4.6,4.05,173460
2022-06-28,4.01,3.85,4.34,3.79,84611
2022-06-29,3.81,3.62,3.81,3.405,119172
2022-06-30,3.67,3.72,3.72,3.56,57731
2022-07-01,3.72,3.78,3.81,3.61,35739
2022-07-05,3.82,4.02,4.02,3.58,63932
2022-07-06,4.02,3.82,4.13,3.8,54101
2022-07-07,3.82,3.78,3.8364,3.69,49516
2022-07-08,3.78,3.85,3.87,3.57,45857
2022-07-11,3.87,3.69,3.92,3.57,81173
2022-07-12,3.76,3.76,3.79,3.585,42543
2022-07-13,3.75,3.97,4.1,3.75,57597
2022-07-14,3.99,4.02,4.3059,3.99,52772
2022-07-15,4.16,4.3,4.5,4.1,53868
2022-07-18,4.3,4.21,4.52,4.21,24293
2022-07-19,4.27,4.38,4.665,4.2,44440
2022-07-20,4.37,4.58,4.759,4.37,53709
2022-07-21,4.55,4.78,4.81,4.53,37037
2022-07-22,4.79,4.63,4.92,4.59,22698
2022-07-25,4.63,4.8,4.9341,4.55,63912
2022-07-26,4.78,4.61,5.14,4.47,66823
2022-07-27,4.87,4.87,4.97,4.63,37733
2022-07-28,4.89,4.91,4.97,4.82,32330
2022-07-29,4.86,4.91,5.1,4.86,28911
2022-08-01,4.91,5.03,5.1,4.42,29231
2022-08-02,5.03,5.06,5.27,5.02,38720
2022-08-03,5.1,5.29,5.3,5.0,33348
2022-08-04,5.29,5.37,5.49,5.2,45341
2022-08-05,5.35,5.27,5.58,5.1,61876
2022-08-08,4.81,5.38,5.43,4.81,55505
2022-08-09,5.3,5.35,5.94,4.87,61484
2022-08-10,5.28,4.99,5.41,4.81,79261
2022-08-11,5.0,5.02,5.09,5.0,21058
2022-08-12,4.9038,5.34,5.35,4.9038,29821
2022-08-15,5.37,5.61,5.83,5.37,40492
2022-08-16,5.67,5.65,5.91,5.55,23743
2022-08-17,5.72,5.52,5.8854,5.36,28473
2022-08-18,5.59,5.53,5.87,5.32,19571
2022-08-19,5.48,5.45,5.517,5.33,25466
2022-08-22,5.4,5.28,5.5828,4.79,55267
2022-08-23,5.29,5.08,5.51,4.87,22969
2022-08-24,5.3,5.14,5.3,5.0,25731
2022-08-25,5.21,5.16,5.31,5.03,18015
2022-08-26,5.21,4.68,5.21,4.68,59131
2022-08-29,4.69,4.82,4.91,4.39,51218
2022-08-30,4.83,4.97,5.69,4.58,140681
2022-08-31,5.03,4.92,5.5,4.9,28724
2022-09-01,5.08,4.81,5.155,4.77,52944
2022-09-02,4.99,4.78,4.99,4.663,38561
2022-09-06,4.74,5.14,5.63,4.74,72667
2022-09-07,5.14,5.71,5.88,4.97,71986
2022-09-08,5.59,5.81,5.995,5.3396,97212
2022-09-09,5.77,5.99,6.23,5.77,189830
2022-09-12,5.485,6.28,6.53,5.32,69288
2022-09-13,6.4,6.3,7.05,6.13,93702
2022-09-14,6.14,6.15,6.53,5.71,157920
2022-09-15,6.19,5.9,6.3,5.57,143003
2022-09-16,5.9,5.67,5.99,5.32,552551
2022-09-19,5.62,5.75,6.12,5.11,169810
2022-09-20,5.72,6.05,6.26,5.45,122291
2022-09-21,6.05,5.64,6.54,5.44,135225
2022-09-22,5.6,5.01,5.6,4.98,92000
2022-09-23,5.03,5.21,5.41,4.98,43849
2022-09-26,5.19,4.94,5.68,4.94,46297
2022-09-27,4.98,4.94,5.28,4.6,63701
2022-09-28,4.97,5.0,5.66,4.64,86978
2022-09-29,4.93,4.74,5.07,4.56,109522
2022-09-30,4.73,4.62,5.38,4.405,140555
2022-10-03,4.5,4.92,5.16,4.29,71979
2022-10-04,4.99,4.7,5.25,4.59,108499
2022-10-05,4.56,4.96,4.96,4.56,18927
2022-10-06,4.96,5.07,5.2,4.82,16850
2022-10-07,5.08,4.83,5.2,4.7,31921
2022-10-10,4.9,4.59,4.91,4.5,26547
2022-10-11,4.48,4.62,4.9,4.465,26408
2022-10-12,4.72,4.54,5.11,4.38,68597
2022-10-13,4.3611,4.95,5.23,4.3611,45368
2022-10-14,4.87,4.72,5.21,4.66,42282
2022-10-17,4.9,5.12,5.37,4.635,33643
2022-10-18,5.25,4.79,5.57,4.67,31529
2022-10-19,4.92,5.07,5.15,4.75,69776
2022-10-20,5.17,5.24,5.289,4.99,17540
2022-10-21,5.51,4.86,6.0192,4.59,86628
2022-10-24,4.72,4.93,4.94,4.335,99901
2022-10-25,5.17,5.1,5.7,4.97,81062
2022-10-26,5.17,5.35,5.53,5.09,37027
2022-10-27,5.27,5.1,5.27,4.94,36070
2022-10-28,5.27,5.06,5.3,4.83,51596
2022-10-31,4.96,4.95,5.08,4.7,42097
2022-11-01,5.04,5.23,5.42,4.7,208284
2022-11-02,5.03,5.1,5.43,5.03,54143
2022-11-03,5.07,4.97,5.31,4.7525,71780
2022-11-04,5.03,4.96,5.09,4.86,20719
2022-11-07,5.04,4.78,5.32,4.74,16718
2022-11-08,4.82,4.79,4.92,4.71,20710
2022-11-09,4.72,4.38,4.76,4.27,58149
2022-11-10,4.61,5.12,5.19,4.51,102887
2022-11-11,5.12,5.43,5.46,4.91,29867
2022-11-14,5.42,4.93,5.42,4.62,76409
2022-11-15,4.99,4.79,5.0,4.61,28862
2022-11-16,4.62,4.67,4.94,4.42,54027
2022-11-17,4.63,4.54,4.9,4.37,101435
2022-11-18,4.76,4.36,4.76,4.19,53951
2022-11-21,4.39,5.11,5.22,4.36,184856
2022-11-22,5.2,5.09,5.27,4.9236,114046
2022-11-23,5.09,5.35,5.62,4.8231,232820
2022-11-25,5.41,5.4,5.76,5.27,28165
2022-11-28,5.42,4.62,5.8357,4.555,71492
2022-11-29,4.8,4.69,4.8,4.58,113484
2022-11-30,4.55,4.78,4.86,4.41,54999
2022-12-01,4.69,4.86,5.085,4.67,38049
2022-12-02,4.79,4.675,5.13,4.48,59269
2022-12-05,4.79,4.47,4.825,4.39,57496
2022-12-06,4.45,4.35,4.6,4.16,82794
2022-12-07,4.32,4.21,4.41,4.01,81999
2022-12-08,4.18,3.84,4.25,3.82,369249
2022-12-09,3.82,3.81,3.99,3.44,52660
2022-12-12,3.875,3.7,3.88,3.63,30959
2022-12-13,3.71,3.57,3.9,3.41,202611
2022-12-14,3.55,3.61,3.77,3.46,77056
2022-12-15,3.54,3.27,3.6,3.22,97164
2022-12-16,3.22,3.04,3.22,2.9,297730
2022-12-19,3.09,2.9,3.1399,2.9,78615
2022-12-20,2.89,2.55,2.89,2.44,366253
2022-12-21,2.52,2.28,2.5962,2.14,225455
2022-12-22,2.26,2.18,2.26,2.1,141825
2022-12-23,2.13,2.03,2.24,1.91,262380
2022-12-27,1.98,1.73,2.07,1.7,411661
2022-12-28,1.72,1.67,1.9,1.61,425949
2022-12-29,1.62,1.75,1.79,1.62,250797
2022-12-30,1.71,1.84,2.06,1.67,216733
2023-01-03,1.88,1.86,2.1299,1.77,134943
2023-01-04,1.84,1.83,1.9,1.7507,147338
2023-01-05,1.86,1.71,1.89,1.63,97657
2023-01-06,1.69,1.66,1.76,1.64,284909
2023-01-09,1.66,1.54,1.78,1.5,137235
2023-01-10,1.55,1.52,1.59,1.51,43242
2023-01-11,1.52,1.46,1.6799,1.43,66378
2023-01-12,1.5,1.73,1.76,1.5,364951
2023-01-13,1.75,1.7,1.8337,1.655,181238
2023-01-17,1.71,1.68,1.75,1.67,155880
2023-01-18,1.67,1.565,1.7999,1.5,429255
2023-01-19,1.54,1.56,1.605,1.54,211008
2023-01-20,1.6,1.43,1.6,1.38,493300
2023-01-23,1.54,1.43,1.55,1.4,171904
2023-01-24,1.42,1.35,1.47,1.33,221029
2023-01-25,1.31,1.33,1.34,1.2101,481819
2023-01-26,1.31,1.3,1.33,1.29,224437
2023-01-27,1.3,1.31,1.31,1.2672,114842
2023-01-30,1.28,1.27,1.3,1.27,71250
2023-01-31,1.27,1.29,1.32,1.27,575689
2023-02-01,1.3,1.3,1.3,1.24,247598
2023-02-02,1.3,1.32,1.335,1.25,417742
2023-02-03,1.31,1.28,1.32,1.28,309265
2023-02-06,1.28,1.23,1.28,1.22,415882
2023-02-07,1.27,1.25,1.27,1.2,638004
2023-02-08,1.26,1.24,1.27,1.24,91048
2023-02-09,1.25,1.125,1.25,1.1,648437
2023-02-10,1.09,1.08,1.11,1.05,442749
2023-02-13,1.09,1.06,1.0999,1.05,210455
2023-02-14,1.05,1.02,1.09,1.02,621041
2023-02-15,1.02,1.03,1.05,1.01,362988
2023-02-16,1.0373,1.02,1.06,1.01,305696
2023-02-17,1.05,1.04,1.05,1.01,113090
2023-02-21,1.04,1.04,1.06,0.9819,444743
2023-02-22,1.05,1.09,1.17,1.03,702801
2023-02-23,1.13,1.14,1.175,1.06,488302
2023-02-24,1.11,1.1,1.13,1.1,184983
2023-02-27,1.12,1.21,1.27,1.1014,924749
2023-02-28,1.25,1.2,1.2851,1.16,377880
2023-03-01,1.22,1.12,1.22,1.055,375839
2023-03-02,1.15,1.1,1.15,1.06,336235
2023-03-03,1.11,1.1,1.11,1.0401,275258
2023-03-06,1.12,1.09,1.12,1.09,164107
2023-03-07,1.07,1.12,1.13,1.06,211594
2023-03-08,1.12,1.07,1.12,1.06,197807
2023-03-09,1.075,1.04,1.12,1.04,501544
2023-03-10,1.06,0.9785,1.09,0.9484,433339
2023-03-13,0.9637,0.9408,0.999,0.91,169198
2023-03-14,0.9401,0.8847,0.9401,0.8804,323284
2023-03-15,0.9,0.8303,0.9736,0.8202,281220
2023-03-16,0.84,0.784,0.87,0.76,337888
2023-03-17,0.7935,0.7927,0.8095,0.7207,532034
2023-03-20,0.77,0.7108,0.8156,0.7003,243194
2023-03-21,0.7463,0.77,0.795,0.7463,163256
2023-03-22,0.7699,0.81,0.852,0.7013,225917
2023-03-23,0.8184,0.8463,0.8625,0.7901,278000
2023-03-24,0.8456,0.8609,0.889799,0.84,120537
2023-03-27,0.8806,1.06,1.09,0.8746,253740
2023-03-28,1.13,1.01,1.155,1.0,554048
2023-03-29,1.0,1.09,1.09,1.0,88658
2023-03-30,1.12,1.1,1.12,1.04,76634
2023-03-31,1.15,1.06,1.17,0.9011,395383
2023-04-03,1.14,1.035,1.14,1.025,71458
2023-04-04,1.1,0.9847,1.1,0.916,89790
2023-04-05,0.96,0.9603,0.9965,0.92,25028
2023-04-06,0.9518,1.0,1.03,0.92,111067
2023-04-10,0.9875,1.02,1.05,0.9688,55201
2023-04-11,1.05,1.11,1.14,1.04,143373
2023-04-12,1.13,1.14,1.15,1.11,136550
2023-04-13,1.14,1.2,1.21,1.12,136680
2023-04-14,1.18,1.23,1.24,1.1407,495205
2023-04-17,1.22,1.13,1.22,1.1,122286
2023-04-18,1.15,1.16,1.16,1.13,42369
2023-04-19,1.13,1.21,1.22,1.13,110043
2023-04-20,1.21,1.19,1.23,1.17,43254
2023-04-21,1.17,1.13,1.1799,1.11,81186
2023-04-24,1.16,1.1,1.23,1.1,154832
2023-04-25,1.16,1.19,1.22,1.14,112940
2023-04-26,1.21,1.15,1.21,1.11,121198
2023-04-27,1.17,1.23,1.23,1.17,156883
2023-04-28,1.22,1.27,1.27,1.22,169069
2023-05-01,1.34,1.39,1.42,1.33,278253
2023-05-02,1.49,1.66,1.6999,1.47,912139
2023-05-03,2.05,2.15,3.17,1.78,4821105
2023-05-04,2.05,1.69,2.1499,1.6016,782852
2023-05-05,1.87,1.82,1.92,1.73,219761
2023-05-08,1.89,1.93,2.04,1.8,295910
2023-05-09,1.96,2.04,2.32,1.92,429919
2023-05-10,2.07,2.22,2.34,2.07,319365
2023-05-11,2.15,2.31,2.32,1.92,417924
2023-05-12,2.32,2.63,2.82,2.3101,507581
2023-05-15,2.76,3.03,3.15,2.42,858501
2023-05-16,3.0,3.21,3.345,2.775,584440
2023-05-17,3.5,3.39,3.73,3.1001,1097819
2023-05-18,3.43,3.19,3.58,3.06,651566
2023-05-19,3.32,3.85,3.94,3.15,823834
2023-05-22,3.94,4.08,4.4149,3.65,1014045
2023-05-23,4.04,3.86,4.09,3.72,612996
2023-05-24,3.84,4.03,4.1397,3.75,356176
2023-05-25,4.15,3.8,4.15,3.595,499541
2023-05-26,3.81,3.47,3.9,3.27,428216
2023-05-30,3.42,4.22,4.29,3.358,659464
2023-05-31,4.11,4.05,4.17,3.82,506413
2023-06-01,4.02,4.12,4.2,3.95,411925
2023-06-02,4.12,4.74,4.88,3.95,1025739
2023-06-05,4.9,5.24,5.39,4.75,841833
2023-06-06,5.28,5.09,5.56,5.04,870462
2023-06-07,5.06,5.0,5.3683,4.78,526370
2023-06-08,4.97,4.59,5.29,4.55,359587
2023-06-09,4.56,4.46,4.59,4.191,391859
2023-06-12,4.4,4.38,4.6,4.2678,532270
2023-06-13,4.16,4.23,4.44,4.12,579632
2023-06-14,4.12,4.1,4.41,3.85,1338498
2023-06-15,4.05,4.0,4.26,3.86,1186864
2023-06-16,4.0,3.9,4.05,3.835,1324448
2023-06-20,3.86,4.2,4.25,3.86,1380539
2023-06-21,4.07,4.4,4.515,3.95,1290592
2023-06-22,4.44,3.67,4.44,3.5,851172
2023-06-23,3.5,3.36,3.67,3.2,3062095
2023-06-26,3.33,3.53,3.58,3.305,613306
2023-06-27,3.36,3.37,3.48,3.2801,532587
2023-06-28,3.3,3.3,3.38,3.16,449017
2023-06-29,3.26,3.27,3.35,3.21,389692
2023-06-30,3.22,2.99,3.28,2.92,286659
2023-07-03,2.93,2.995,3.03,2.83,174638
2023-07-05,3.03,2.77,3.03,2.72,295411
2023-07-06,2.71,2.65,2.72,2.52,281074
2023-07-07,2.68,2.71,2.76,2.63,189513
2023-07-10,2.7,2.89,2.9887,2.7,293636
2023-07-11,2.87,2.83,2.96,2.72,244101
2023-07-12,2.83,2.68,2.86,2.65,216812
2023-07-13,2.7,2.7,2.75,2.63,214005
2023-07-14,2.75,2.6,2.75,2.55,300098
2023-07-17,2.55,2.59,2.6499,2.53,150760
2023-07-18,2.57,2.53,2.63,2.5,361207
2023-07-19,2.52,2.43,2.605,2.39,383027
2023-07-20,2.36,2.4,2.53,2.33,196653
2023-07-21,2.43,2.37,2.4373,2.33,118058
2023-07-24,2.35,2.34,2.39,2.27,109689
2023-07-25,2.34,2.39,2.43,2.31,129973
2023-07-26,2.39,2.23,2.43,2.16,389911
2023-07-27,2.2,2.075,2.23,1.98,629950
2023-07-28,2.05,2.165,2.2595,2.05,315228
2023-07-31,2.16,2.22,2.25,2.1,248507
2023-08-01,2.28,2.21,2.28,2.16,143196
2023-08-02,2.15,2.09,2.19,2.02,220127
2023-08-03,2.09,2.16,2.28,2.08,182324
2023-08-04,2.22,2.22,2.25,2.12,226434
2023-08-07,2.27,2.14,2.36,2.09,272813
2023-08-08,2.7,2.24,2.78,2.21,423447
2023-08-09,2.24,2.19,2.41,2.1849,260983
2023-08-10,2.2,2.22,2.33,2.1501,96432
2023-08-11,2.19,1.98,2.19,1.95,420248
2023-08-14,1.92,1.85,1.9812,1.83,166838
2023-08-15,1.87,1.685,1.87,1.65,223298
2023-08-16,1.72,1.71,1.7926,1.61,163261
2023-08-17,1.7,1.66,1.765,1.62,214946
2023-08-18,1.65,1.66,1.76,1.62,158548
2023-08-21,1.67,1.61,1.67,1.575,128064
2023-08-22,1.6,1.56,1.6792,1.54,119945
2023-08-23,1.56,1.56,1.64,1.51,167596
2023-08-24,1.56,1.405,1.56,1.4,558843
2023-08-25,1.4,1.39,1.46,1.305,1389767
2023-08-28,1.4,1.41,1.46,1.36,363845
2023-08-29,1.52,1.74,1.82,1.46,782033
2023-08-30,1.74,1.97,2.0,1.71,555911
2023-08-31,1.99,1.98,2.2,1.97,898560
2023-09-01,2.18,2.12,2.28,1.92,732526
2023-09-05,2.17,1.97,2.17,1.95,650181
2023-09-06,1.95,2.11,2.2,1.94,442976
2023-09-07,2.1,2.04,2.11,2.01,547576
2023-09-08,2.1,2.11,2.13,1.98,278343
2023-09-11,2.43,2.43,2.43,2.43,159
2023-09-12,2.34,2.79,2.939,2.31,1605442
2023-09-13,2.79,2.52,2.85,2.51,1291419
2023-09-14,2.67,2.42,2.7,2.42,1181999
2023-09-15,2.43,2.07,2.51,2.02,1619080
2023-09-18,2.12,1.68,2.21,1.65,2130757
2023-09-19,1.67,1.68,1.7868,1.57,1620702
2023-09-20,1.7,1.59,1.785,1.55,584288
2023-09-21,1.56,1.53,1.64,1.5,309887
2023-09-22,1.51,1.52,1.61,1.47,309610
2023-09-25,1.54,1.305,1.55,1.29,914344
2023-09-26,1.32,1.44,1.44,1.32,257709
2023-09-27,1.44,1.445,1.52,1.42,382828
2023-09-28,1.45,1.38,1.46,1.375,283987
2023-09-29,1.38,1.47,1.485,1.38,790899
2023-10-02,1.45,1.74,1.77,1.45,653688
2023-10-03,1.72,1.705,1.73,1.63,355167
2023-10-04,1.71,1.9,1.93,1.7,384200
2023-10-05,1.91,1.87,1.91,1.79,318239
2023-10-06,1.82,1.87,1.9,1.725,397807
2023-10-09,1.89,1.76,1.89,1.6701,205192
2023-10-10,1.72,1.825,1.87,1.68,169183
2023-10-11,1.82,1.68,1.82,1.625,232807
2023-10-12,1.64,1.555,1.64,1.515,133792
2023-10-13,1.56,1.59,1.61,1.5,292117
2023-10-16,1.59,1.59,1.6493,1.505,143276
2023-10-17,1.56,1.58,1.64,1.555,193901
2023-10-18,1.56,1.52,1.59,1.47,142037
2023-10-19,1.48,1.48,1.53,1.43,188455
2023-10-20,1.49,1.56,1.59,1.465,154307
2023-10-23,1.59,1.57,1.595,1.5,282708
2023-10-24,1.58,1.52,1.5901,1.5,60624
2023-10-25,1.48,1.46,1.5,1.41,211961
2023-10-26,1.44,1.39,1.45,1.37,206946
2023-10-27,1.4,1.44,1.47,1.38,202756
2023-10-30,1.44,1.43,1.4799,1.37,140436
2023-10-31,1.42,1.43,1.4499,1.38,216018
2023-11-01,1.44,1.44,1.52,1.39,194510
2023-11-02,1.43,1.44,1.49,1.42,141442
2023-11-03,1.55,1.53,1.555,1.485,359023
2023-11-06,1.55,1.53,1.58,1.4903,283886
2023-11-07,1.57,1.42,1.57,1.4099,186731
2023-11-08,1.41,1.31,1.46,1.255,291104
2023-11-09,1.39,1.39,1.44,1.261,637229
2023-11-10,1.44,1.35,1.44,1.235,409994
2023-11-13,1.35,1.295,1.37,1.28,253269
2023-11-14,1.3,1.21,1.3,1.15,609025
2023-11-15,1.21,1.31,1.36,1.195,421843
2023-11-16,1.3,1.185,1.3,1.17,435856
2023-11-17,1.2,1.21,1.23,1.16,364301
2023-11-20,1.2,1.19,1.32,1.19,319104
2023-11-21,1.19,1.14,1.215,1.125,263065
2023-11-22,1.16,1.14,1.16,1.1,111144
2023-11-24,1.18,1.17,1.19,1.14,46204
2023-11-27,1.15,1.19,1.21,1.15,156214
2023-11-28,1.21,1.2,1.31,1.18,311991
2023-11-29,1.21,1.21,1.29,1.19,240551
2023-11-30,1.23,1.2,1.23,1.18,153969
2023-12-01,1.19,1.18,1.2,1.13,308927
2023-12-04,1.21,1.27,1.32,1.1602,707890
2023-12-05,1.29,1.16,1.29,1.13,271464
2023-12-06,1.15,1.15,1.19,1.14,214045
2023-12-07,1.14,1.16,1.17,1.1,407824
2023-12-08,1.15,1.15,1.18,1.13,176018
2023-12-11,1.17,1.12,1.18,1.11,524507
2023-12-12,1.13,1.11,1.16,1.09,318898
2023-12-13,1.1,1.045,1.14,1.04,645613
2023-12-14,1.04,1.07,1.12,1.04,719479
2023-12-15,1.11,1.03,1.11,1.0,792493
2023-12-18,1.02,1.05,1.17,1.02,811403
2023-12-19,1.13,1.16,1.21,1.1,853218
2023-12-20,1.16,1.16,1.23,1.13,453895
2023-12-21,1.16,1.18,1.23,1.15,697284
2023-12-22,1.16,1.19,1.21,1.14,423118
2023-12-26,1.18,1.47,1.49,1.18,713959
2023-12-27,1.53,1.74,1.75,1.5078,1150791
2023-12-28,1.75,1.53,1.78,1.3601,842059
2023-12-29,1.53,1.41,1.6,1.38,264552
2024-01-02,1.38,1.31,1.38,1.2,923947
2024-01-03,1.3,1.275,1.37,1.265,233264
2024-01-04,1.25,1.28,1.36,1.2399,191598
2024-01-05,1.29,1.29,1.3399,1.23,233620
2024-01-08,1.29,1.34,1.39,1.26,297293
2024-01-09,1.32,1.35,1.35,1.27,321639
2024-01-10,1.36,1.405,1.44,1.2,1939500
2024-01-11,1.34,1.31,1.3604,1.25,376135
2024-01-12,1.34,1.31,1.3603,1.26,233639
2024-01-16,1.31,1.24,1.31,1.21,198912
2024-01-17,1.19,1.15,1.21,1.1,301455
2024-01-18,1.18,1.19,1.22,1.1,278695
2024-01-19,1.22,1.21,1.22,1.16,229943
2024-01-22,1.21,1.19,1.2399,1.1748,142797
2024-01-23,1.22,1.15,1.22,1.13,312875
2024-01-24,1.18,1.12,1.186,1.1,212990
2024-01-25,1.15,1.11,1.15,1.05,216699
2024-01-26,1.12,1.11,1.1398,1.06,128595
2024-01-29,1.13,1.21,1.22,1.1051,491630
2024-01-30,1.21,1.21,1.2299,1.16,266799
2024-01-31,1.21,1.21,1.28,1.18,226060
2024-02-01,1.21,1.21,1.351,1.13,329218
2024-02-02,1.2,1.18,1.2499,1.17,177503
2024-02-05,1.19,1.09,1.19,1.09,287179
2024-02-06,1.09,1.1,1.12,1.09,273202
2024-02-07,1.09,1.09,1.135,1.08,148112
2024-02-08,1.09,1.09,1.1299,1.0716,211456
2024-02-09,1.1,1.1,1.14,1.08,260477
2024-02-12,1.11,1.06,1.18,1.05,704521
2024-02-13,1.05,1.07,1.1096,1.02,226002
2024-02-14,1.08,1.075,1.2199,1.05,1771275
2024-02-15,1.06,1.095,1.1,1.04,345998
2024-02-16,1.1,1.04,1.1,1.02,233539
2024-02-20,1.04,1.05,1.06,1.02,594620
2024-02-21,1.03,1.05,1.06,1.02,161449
2024-02-22,1.05,1.03,1.07,1.02,128362
2024-02-23,1.05,1.03,1.07,1.02,195239
2024-02-26,1.02,1.08,1.09,1.02,111560
2024-02-27,1.1,1.09,1.1,1.05,125240
2024-02-28,1.08,1.05,1.1,1.04,70936
2024-02-29,1.07,1.04,1.0899,1.04,101950
2024-03-01,1.04,1.05,1.073,1.04,72582
2024-03-04,1.05,1.1,1.12,1.03,864897
2024-03-05,1.11,1.16,1.2,1.11,881594
2024-03-06,1.15,1.08,1.1816,1.08,886710
2024-03-07,1.11,1.14,1.1585,1.0801,118019
2024-03-08,1.15,1.1,1.16,1.09,72456
2024-03-11,1.1,1.04,1.1302,1.02,211913
2024-03-12,1.06,1.02,1.0964,1.02,321527
2024-03-13,0.751,0.8101,0.8426,0.7,1655677
2024-03-14,0.7701,0.7067,0.7911,0.655,873988
2024-03-15,0.7501,1.02,1.03,0.75,985700
2024-03-18,1.06,0.9668,1.08,0.9065,384431
2024-03-19,0.95,0.9801,1.05,0.9346,130519
2024-03-20,0.98,0.925,0.98,0.9002,193658
2024-03-21,0.92,1.07,1.09,0.92,282562
2024-03-22,1.1,0.9887,1.1,0.97,212720
2024-03-25,0.99,1.02,1.04,0.99,111091
2024-03-26,1.01,0.9221,1.08,0.92,228715
2024-03-27,0.96,1.02,1.03,0.93,162942
2024-03-28,1.03,1.03,1.12,1.0,400091
2024-04-01,1.02,0.8848,1.02,0.8848,417018
2024-04-02,0.8433,0.792,0.8908,0.78,476350
2024-04-03,0.8052,0.7902,0.8455,0.78505,208317
2024-04-04,0.8,0.8189,0.845,0.8,163797
2024-04-05,0.8146,0.807,0.8182,0.7505,302004
2024-04-08,0.8188,0.7857,0.84,0.757,227794
2024-04-09,0.7817,0.7087,0.8099,0.7,397102
2024-04-10,0.7,0.6311,0.7086,0.5797,599677
2024-04-11,0.63,0.5954,0.6898,0.59,336039
2024-04-12,0.6182,0.5847,0.6182,0.58,204185
2024-04-15,0.5968,0.493,0.6266,0.4513,365133
2024-04-16,0.4889,0.4719,0.54175,0.4604,300736
2024-04-17,0.4731,0.5001,0.5059,0.4731,468694
2024-04-18,0.5113,0.501,0.5421,0.5,270317
2024-04-19,0.5001,0.5056,0.5328,0.4997,243243
2024-04-22,0.516,0.5222,0.565,0.50015,273242
2024-04-23,0.53,0.513,0.547,0.5008,326039
2024-04-24,0.5181,0.5003,0.52545,0.4815,808837
2024-04-25,0.487,0.4799,0.499,0.46,597030
2024-04-26,0.4765,0.4462,0.4788,0.44,469425
2024-04-29,0.4455,0.4683,0.48,0.4455,341671
2024-04-30,0.4816,0.5372,0.5579,0.4736,259229
2024-05-01,0.57,0.578,0.6673,0.5511,374581
2024-05-02,0.575,0.5998,0.6199,0.575,296917
2024-05-03,0.6119,0.6397,0.65495,0.562,360212
2024-05-06,0.6367,0.7249,0.8,0.6367,651457
2024-05-07,0.73,0.7135,0.81,0.6512,546467
2024-05-08,0.68,0.7461,0.7461,0.6781,415905
2024-05-09,0.7363,0.7319,0.79,0.664,532131
2024-05-10,0.73,0.6719,0.73,0.6505,253726
2024-05-13,0.69,0.6301,0.69,0.63,129250
2024-05-14,0.63,0.6697,0.6759,0.6013,239181
2024-05-15,0.6496,0.6144,0.6496,0.6011,136957
2024-05-16,0.62,0.6001,0.6315,0.5756,179006
2024-05-17,0.61,0.6045,0.6205,0.5842,181355
2024-05-20,0.6,0.547,0.6,0.5381,108856
2024-05-21,0.569,0.5321,0.569,0.51625,219120
2024-05-22,0.522,0.502,0.5417,0.5,227019
2024-05-23,0.5299,0.6,0.64,0.5268,2583437
2024-05-24,0.568,0.59,0.6499,0.545,640667
2024-05-28,0.5931,0.54,0.5931,0.5122,339155
2024-05-29,0.5398,0.5451,0.56995,0.5298,329829
2024-05-30,0.545,0.4873,0.545,0.484,348111
2024-05-31,0.5,0.502,0.502,0.46,266860
2024-06-03,0.51,0.4969,0.51,0.451,252193
2024-06-04,0.49,0.52,0.52,0.49,240994
2024-06-05,0.5227,0.5819,0.5866,0.5075,570051
2024-06-06,0.5819,0.5461,0.5821,0.5358,243085
2024-06-07,0.6,0.56,0.613249,0.55,1053854
2024-06-10,0.5502,0.6404,0.6404,0.491,499523
2024-06-11,0.5942,0.6201,0.6399,0.5704,317017
2024-06-12,0.6232,0.6361,0.66,0.5804,286019
2024-06-13,0.617,0.607,0.6359,0.59,309797
2024-06-14,0.6,0.624,0.6745,0.598,400846
2024-06-17,0.6101,0.6401,0.6604,0.6,206146
2024-06-18,0.6301,0.6145,0.6664,0.6001,213424
2024-06-20,0.6144,0.6014,0.65,0.6002,210142
2024-06-21,0.6,0.5615,0.6302,0.5615,352716
2024-06-24,0.57,0.57,0.6068,0.560325,250045
2024-06-25,0.5631,0.555,0.6265,0.5506,270871
2024-06-26,0.57,0.53,0.5922,0.53,310557
2024-06-27,0.5565,0.5657,0.5821,0.51,212241
2024-06-28,0.5672,0.4503,0.5997,0.4503,4609732
2024-07-01,0.481,0.49,0.5103,0.4611,503368
2024-07-02,0.5,0.4852,0.5416,0.4852,345893
2024-07-03,0.4901,0.4969,0.5056,0.472,86264
2024-07-05,0.518,0.5,0.5347,0.49625,119527
2024-07-08,0.4857,0.5,0.5398,0.4857,101104
2024-07-09,0.4876,0.5,0.53,0.4876,125977
2024-07-10,0.527,0.495,0.5318,0.4711,226121
2024-07-11,0.482,0.5115,0.52,0.4811,125433
2024-07-12,0.508,0.5389,0.55,0.4957,225020
2024-07-15,0.5388,0.5549,0.6252,0.52,232071
2024-07-16,0.545,0.578,0.5826,0.545,156632
2024-07-17,0.5835,0.5849,0.609,0.5563,139468
2024-07-18,0.5994,0.556,0.6086,0.5501,151920
2024-07-19,0.56,0.5524,0.5999,0.54,250032
2024-07-22,0.562,0.583,0.588,0.5486,69250
2024-07-23,0.565,0.5865,0.595,0.559,131053
2024-07-24,0.5899,0.5896,0.5966,0.5636,99205
2024-07-25,0.59,0.61,0.63,0.581,192078
2024-07-26,0.6267,0.6204,0.6403,0.6,128858
2024-07-29,0.649,0.6255,0.649,0.6,186465
2024-07-30,0.6067,0.6201,0.65,0.6067,141047
2024-07-31,0.6408,0.63,0.6486,0.612698,122364
2024-08-01,0.62,0.61,0.6322,0.5856,78822
2024-08-02,0.609,0.6,0.639,0.59,90011
2024-08-05,0.6,0.6001,0.6167,0.5988,110453
2024-08-06,0.6083,0.6058,0.6256,0.6,118639
2024-08-07,0.61,0.6164,0.650821,0.61,397960
2024-08-08,0.6,0.5907,0.634299,0.55,438230
2024-08-09,0.61485,0.6068,0.6293,0.595,212315
2024-08-12,0.595,0.5534,0.6272,0.5534,272978
2024-08-13,0.599,0.603,0.63,0.57,245437
2024-08-14,0.5851,0.59,0.607,0.5616,151094
2024-08-15,0.586,0.5876,0.6099,0.5705,190276
2024-08-16,0.6,0.5988,0.6098,0.59,18955
2024-08-19,0.586,0.5554,0.5986,0.5554,132615
2024-08-20,0.5578,0.53,0.56,0.52,154875
2024-08-21,0.53,0.52385,0.5386,0.51,73116
2024-08-22,0.524,0.4931,0.5394,0.491,215732
2024-08-23,0.4903,0.4969,0.514,0.482,68221
2024-08-26,0.5225,0.5051,0.58,0.493,416735
2024-08-27,0.51,0.5046,0.5219,0.485,178211
2024-08-28,0.5,0.4698,0.509,0.4607,335632
2024-08-29,0.4699,0.504,0.5168,0.4,2815875
2024-08-30,0.51,0.5047,0.51,0.49,94872
2024-09-03,0.494,0.4599,0.5042,0.4573,212084
2024-09-04,0.5,0.4648,0.52,0.46,389407
2024-09-05,0.461,0.476,0.519,0.461,369963
2024-09-06,0.509,0.46,0.5091,0.4576,316979
2024-09-09,0.468,0.519,0.5838,0.4611,797422
2024-09-10,0.506,0.5018,0.5399,0.4914,339206
2024-09-11,0.522,0.545,0.5753,0.4842,537803
2024-09-12,0.5423,0.5,0.5799,0.5,351388
2024-09-13,0.522,0.4932,0.5366,0.4782,472780
2024-09-16,0.52,0.4988,0.5398,0.495,660524
2024-09-17,0.51,0.4861,0.53,0.476,358623
2024-09-18,0.472,0.46,0.5,0.46,700559
2024-09-19,0.465,0.4459,0.5,0.4,4386814
2024-09-20,0.4821,0.43,0.4821,0.43,1120796
2024-09-23,0.432,0.3894,0.432,0.3818,1202749
2024-09-24,0.39,0.3901,0.429699,0.39,680730
2024-09-25,0.3901,0.3873,0.4199,0.38,437298
2024-09-26,0.3876,0.382,0.4042,0.35,549445
2024-09-27,0.381,0.392,0.4092,0.381,69036
2024-09-30,0.392,0.3863,0.4038,0.369,213555
2024-10-01,0.3866,0.389,0.405244,0.379,301818
2024-10-02,0.3888,0.389,0.4093,0.375,1519357
2024-10-03,0.379,0.3762,0.397,0.371,386017
2024-10-04,0.3762,0.378,0.3998,0.3688,321261
2024-10-07,0.378,0.377,0.3941,0.3688,443786
2024-10-08,0.3697,0.3619,0.3777,0.353,849346
2024-10-09,0.353,0.3249,0.3613,0.321,581550
2024-10-10,0.32,0.3122,0.3493,0.31,706301
2024-10-11,0.3122,0.31,0.32,0.303,565066
2024-10-14,0.31,0.3161,0.3396,0.3076,473610
2024-10-15,0.3161,0.3421,0.3799,0.3149,1207827
2024-10-16,0.3491,0.3699,0.3751,0.3491,416248
2024-10-17,0.3975,0.479,0.52,0.3843,7269284
2024-10-18,0.445,0.454,0.4999,0.430001,848333
2024-10-21,0.43,0.4276,0.45,0.4151,340130
2024-10-22,0.433,0.44,0.466,0.42,256198
2024-10-23,0.432,0.477,0.4945,0.4311,574076
2024-10-24,0.47,0.4394,0.479999,0.4323,329736
2024-10-25,0.434,0.4061,0.4528,0.400201,322963
2024-10-28,0.4095,0.3919,0.4443,0.38,287074
2024-10-29,0.3855,0.3872,0.4229,0.3758,308953
2024-10-30,0.375,0.3749,0.3993,0.37,321290
2024-10-31,0.3699,0.3589,0.3936,0.35,185372
2024-11-01,0.3562,0.368,0.3735,0.3445,337842
2024-11-04,0.38,0.3567,0.38,0.348,131377
2024-11-05,0.348,0.351,0.3661,0.348,104655
2024-11-06,0.365,0.3698,0.37,0.3427,236592
2024-11-07,0.3589,0.372,0.38995,0.3501,117355
2024-11-08,0.36,0.3745,0.3892,0.36,157308
2024-11-11,0.3745,0.3956,0.4199,0.3737,3320206
2024-11-12,0.377,0.3904,0.4024,0.3768,495876
2024-11-13,0.31,0.2499,0.345,0.225,2729904
2024-11-14,0.2462,0.2094,0.266599,0.2061,1166908
2024-11-15,0.2094,0.2285,0.23485,0.2,887485
2024-11-18,0.224,0.2123,0.245,0.210001,388367
2024-11-19,0.2123,0.2109,0.2199,0.20755,369574
2024-11-20,0.21,0.2038,0.249,0.18545,2242222
2024-11-21,0.2038,0.215,0.2207,0.201,381619
2024-11-22,0.2149,0.213,0.22,0.2032,536300
2024-11-25,0.213,0.2125,0.2272,0.2036,530835
2024-11-26,0.2125,0.2362,0.24,0.2101,639396
2024-11-27,0.2394,0.2363,0.25,0.223501,340321
2024-11-29,0.2378,0.2499,0.2516,0.224001,201556
2024-12-02,0.2498,0.2389,0.2498,0.2269,207982
2024-12-03,0.244,0.2216,0.244,0.2202,271657
2024-12-04,0.235,0.232,0.239,0.2219,296651
2024-12-05,0.23,0.22,0.2398,0.217,389639
2024-12-06,0.229,0.2313,0.245,0.22,193348
2024-12-09,0.227,0.2312,0.233699,0.2208,206162
2024-12-10,0.23,0.2254,0.239,0.2201,295878
2024-12-11,0.221,0.222,0.227,0.22,225800
2024-12-12,0.2243,0.2137,0.2299,0.21,284891
2024-12-13,0.229,0.205,0.229,0.1966,388541
2024-12-16,0.2,0.1971,0.205,0.1877,371866
2024-12-17,0.194,0.1945,0.1972,0.187,235846
2024-12-18,0.1963,0.198,0.2044,0.1865,429353
2024-12-19,0.1905,0.1884,0.23,0.1821,501547
2024-12-20,0.1891,0.1973,0.2097,0.18,396283
2024-12-23,0.2001,0.1939,0.2049,0.1902,341016
2024-12-24,0.2,0.183,0.2,0.1771,504260
2024-12-26,0.19,0.209,0.2141,0.1883,481580
2024-12-27,0.21,0.2,0.215922,0.1955,825995
2024-12-30,0.195,0.2075,0.214,0.195,595092
2024-12-31,0.2066,0.2249,0.2285,0.205,1111791
2025-01-02,0.2249,0.25,0.2594,0.2249,414224
2025-01-03,0.259,0.248,0.2792,0.2163,1156876
2025-01-06,0.248,0.242,0.2697,0.2259,236637
2025-01-07,0.251,0.2423,0.2539,0.2354,327460
2025-01-08,0.258,0.2218,0.258,0.221,310017
2025-01-10,0.22,0.2151,0.2367,0.2082,294601
2025-01-13,0.224,0.2149,0.224,0.2022,10955632
2025-01-14,0.2801,0.227,0.29,0.2225,81614565
2025-01-15,0.22,0.21,0.2268,0.1922,4951860
2025-01-16,0.211,0.2164,0.2249,0.1952,1305649
2025-01-17,0.22,0.206,0.22,0.195,910458
2025-01-21,0.1925,0.1979,0.2099,0.19,1457881
2025-01-22,0.1978,0.1943,0.2048,0.1941,722868
2025-01-23,0.2,0.1979,0.2032,0.19,285308
2025-01-24,0.194,0.1981,0.2116,0.1935,1177147
2025-01-27,0.1922,0.1952,0.1971,0.1818,714784
2025-01-28,0.1981,0.192,0.2025,0.1872,556032
2025-01-29,0.19,0.1924,0.1999,0.19,362754
2025-01-30,0.1967,0.175,0.1967,0.1713,1393833
2025-01-31,0.175,0.1804,0.1918,0.175,1064854
2025-02-03,0.179,0.1846,0.19,0.1731,602867
2025-02-04,0.183,0.1891,0.1955,0.1805,997786
2025-02-05,0.19,0.1866,0.199,0.1829,701943
2025-02-06,0.186,0.2032,0.2048,0.1807,1100696
2025-02-07,0.2,0.196,0.2012,0.19,331733
2025-02-10,0.1994,0.1951,0.205,0.19,947699
2025-02-11,0.2,0.2007,0.208,0.194,847403
2025-02-12,0.195,0.203,0.2113,0.1901,895748
2025-02-13,0.2029,0.239,0.2489,0.1988,7306604
2025-02-14,0.24,0.23,0.2472,0.22,1951454
2025-02-18,0.241,0.2313,0.241,0.225,1204426
2025-02-19,0.229,0.2147,0.2348,0.2,2244200
2025-02-20,0.2077,0.2181,0.2227,0.2009,1208012
2025-02-21,0.22,0.2082,0.2211,0.2009,929990
2025-02-24,0.21,0.2079,0.2101,0.2033,633793
2025-02-25,0.209,0.1981,0.209,0.1884,719368
2025-02-26,0.1922,0.199,0.204,0.191,673825
2025-02-27,0.2,0.191,0.2,0.19,642665
2025-02-28,0.19,0.189,0.1917,0.1849,516761
2025-03-03,0.1865,0.1823,0.199699,0.1823,228672
2025-03-04,0.186,0.1831,0.186,0.1702,803605
2025-03-05,0.181,0.1857,0.1899,0.18,280934
2025-03-06,0.175,0.186,0.1914,0.175,427107
2025-03-07,0.187,0.1851,0.1933,0.1802,527543
2025-03-10,0.189,0.1826,0.1896,0.18,252887
2025-03-11,0.1871,0.1836,0.1904,0.1734,329969
2025-03-12,0.19,0.1804,0.19,0.1766,112294
2025-03-13,0.175,0.1697,0.182177,0.1632,579081
2025-03-14,0.1703,0.1749,0.1772,0.17,111510
2025-03-17,0.174,0.1713,0.1809,0.1695,369418
2025-03-18,0.168,0.1611,0.168,0.1518,6612079
2025-03-19,0.155,0.1675,0.1769,0.155,442096
2025-03-20,0.1684,0.1699,0.1746,0.1651,297370
2025-03-21,0.179,0.172,0.179,0.1623,183061
2025-03-24,0.1751,0.1864,0.1898,0.167,583196
2025-03-25,0.19,0.1829,0.19,0.1754,276455
2025-03-26,0.189,0.1781,0.189,0.1735,344110
2025-03-27,0.198,0.1808,0.198,0.1713,968361
2025-03-28,0.1799,0.1725,0.18,0.1606,695605
2025-03-31,0.1725,0.1641,0.1725,0.164,343422
2025-04-01,0.1669,0.1835,0.1904,0.1669,685912
2025-04-02,0.18,0.1834,0.185,0.171,1531188
2025-04-03,0.1779,0.1739,0.18,0.1708,286230
2025-04-04,0.17,0.171,0.176,0.1622,700548
2025-04-07,0.16,0.17,0.1708,0.1445,942869
2025-04-08,0.17,0.1684,0.1781,0.1609,258992
2025-04-09,0.17,0.1765,0.1799,0.1611,410191
2025-04-10,0.1712,0.1641,0.17265,0.1614,291075
2025-04-11,0.168,0.1516,0.168,0.1474,398743
