2011-05-23,531.23,528.76,531.46,524.13,0
2011-05-24,528.76,525.67,530.67,525.39,0
2011-05-25,525.67,526.58,528.55,522.03,0
2011-05-26,526.47,529.86,531.53,525.51,0
2011-05-27,529.79,529.38,531.83,528.61,0
2011-05-31,529.38,532.63,533.44,529.38,0
2011-06-01,532.63,521.62,532.63,521.41,0
2011-06-02,521.64,517.97,521.64,514.43,0
2011-06-03,517.97,510.53,517.97,509.6,0
2011-06-06,510.53,503.67,511.08,503.61,0
2011-06-07,503.77,505.37,511.13,503.77,0
2011-06-08,505.28,501.78,505.28,500.06,0
2011-06-09,501.78,505.56,508.0,501.78,0
2011-06-10,505.51,496.76,505.51,496.27,0
2011-06-13,496.76,496.4,501.03,494.19,0
2011-06-14,496.69,507.73,508.55,496.69,0
2011-06-15,507.47,498.94,507.47,498.12,0
2011-06-16,498.81,498.86,502.28,494.41,0
2011-06-17,498.96,502.58,506.57,498.96,0
2011-06-20,502.58,507.65,509.31,499.77,0
2011-06-21,507.69,519.39,519.92,507.46,0
2011-06-22,519.33,513.46,519.9,513.3,0
2011-06-23,513.46,520.57,520.86,509.55,0
2011-06-24,520.57,513.12,520.57,512.31,0
2011-06-27,513.91,518.42,520.51,511.24,0
2011-06-28,518.69,526.62,526.75,518.69,0
2011-06-29,526.61,527.08,531.11,524.71,0
2011-06-30,527.16,529.96,530.4,526.52,0
2011-07-01,530.47,540.14,540.99,529.19,0
2011-07-05,540.18,543.01,544.93,539.17,0
2011-07-06,542.2,544.4,545.01,540.61,0
2011-07-07,545.47,557.26,559.79,545.47,0
2011-07-08,555.39,554.72,555.39,549.31,0
2011-07-11,554.15,545.12,554.15,542.77,0
2011-07-12,545.88,543.93,549.99,543.84,0
2011-07-13,543.97,546.31,551.82,543.97,0
2011-07-14,546.31,541.15,550.06,539.07,0
2011-07-15,541.15,542.73,544.41,537.46,0
2011-07-18,542.68,538.19,542.68,534.08,0
2011-07-19,538.19,549.16,550.03,538.19,0
2011-07-20,548.92,545.61,550.65,543.34,0
2011-07-21,545.49,547.59,553.69,545.49,0
2011-07-22,547.66,549.13,550.36,543.87,0
2011-07-25,549.13,545.18,549.13,544.69,0
2011-07-26,545.18,545.64,547.2,541.5,0
2011-07-27,545.78,539.89,549.26,539.27,0
2011-07-28,539.89,538.38,545.73,537.35,0
2011-07-29,537.8,539.16,543.48,532.68,0
2011-08-01,539.16,533.94,542.07,528.12,0
2011-08-02,533.94,513.89,533.94,513.81,0
2011-08-03,514.48,515.72,516.88,504.9,0
2011-08-04,515.52,492.68,515.52,492.42,0
2011-08-05,493.02,495.43,503.21,483.22,0
2011-08-08,494.13,465.36,494.13,460.86,0
2011-08-09,465.5,487.55,487.61,458.07,0
2011-08-10,487.11,465.9,487.11,465.34,0
2011-08-11,465.9,483.36,489.2,465.9,0
2011-08-12,483.38,490.55,493.47,481.03,0
2011-08-15,490.57,495.58,495.58,486.58,0
2011-08-16,495.43,495.83,498.89,489.12,0
2011-08-17,497.52,492.72,502.27,486.8,0
2011-08-18,491.2,471.99,491.2,467.67,0
2011-08-19,470.61,466.22,482.0,465.46,0
2011-08-22,466.22,469.45,477.14,466.22,0
2011-08-23,469.45,489.64,489.68,469.03,0
2011-08-24,489.73,495.81,496.37,487.19,0
2011-08-25,495.82,487.83,501.85,486.35,0
2011-08-26,487.82,498.79,501.37,482.27,0
2011-08-29,499.19,511.11,511.19,499.19,0
2011-08-30,510.7,513.1,516.07,505.09,0
2011-08-31,513.1,515.27,520.47,511.29,0
2011-09-01,515.23,509.16,519.93,508.32,0
2011-09-02,508.97,496.67,508.97,494.36,0
2011-09-06,496.45,499.4,500.05,485.09,0
2011-09-07,500.81,512.53,512.54,500.81,0
2011-09-08,511.08,506.56,514.06,504.12,0
2011-09-09,506.12,495.75,506.12,492.7,0
2011-09-12,495.75,503.88,504.02,489.79,0
2011-09-13,504.07,508.03,509.35,500.61,0
2011-09-14,508.66,516.52,522.31,503.63,0
2011-09-15,514.91,524.1,524.6,514.88,0
2011-09-16,524.53,533.17,534.65,524.41,0
2011-09-19,533.09,532.25,535.15,523.38,0
2011-09-20,532.26,526.36,536.35,525.89,0
2011-09-21,526.36,514.46,529.95,514.27,0
2011-09-22,514.46,499.06,514.46,492.23,0
2011-09-23,499.02,506.08,507.44,496.05,0
2011-09-26,508.67,518.2,518.49,502.73,0
2011-09-27,518.2,515.59,526.11,513.09,0
2011-09-28,515.59,513.38,524.65,513.01,0
2011-09-29,513.38,506.3,519.77,494.94,0
2011-09-30,504.75,492.91,505.52,492.82,0
2011-10-03,492.97,480.26,498.72,480.1,0
2011-10-04,480.26,492.19,492.38,469.23,0
2011-10-05,492.08,499.02,500.2,486.91,0
2011-10-06,498.99,509.62,509.75,497.67,0
2011-10-07,510.18,511.98,517.43,507.6,0
2011-10-10,514.33,526.6,527.39,514.33,0
2011-10-11,526.48,528.67,529.48,522.02,0
2011-10-12,529.42,530.85,537.82,529.42,0
2011-10-13,530.88,528.85,533.0,526.37,0
2011-10-14,531.38,539.37,539.38,531.38,0
2011-10-17,539.0,532.33,541.27,531.43,0
2011-10-18,532.33,541.99,545.53,526.31,0
2011-10-19,541.73,532.11,542.45,530.03,0
2011-10-20,532.16,536.28,537.73,528.31,0
2011-10-21,536.39,547.52,547.56,536.39,0
2011-10-24,547.63,554.04,558.05,547.63,0
2011-10-25,554.04,539.37,554.04,538.71,0
2011-10-26,529.08,527.1,533.72,520.73,0
2011-10-27,527.1,543.58,547.31,527.1,0
2011-10-28,543.36,541.89,544.88,538.13,0
2011-10-31,541.88,534.53,541.88,534.42,0
2011-11-01,534.37,527.8,534.37,520.88,0
2011-11-02,529.71,534.81,537.33,529.71,0
2011-11-03,534.85,540.9,541.31,525.95,0
2011-11-04,540.33,538.93,540.33,531.61,0
2011-11-07,539.09,543.17,543.66,535.8,0
2011-11-08,543.17,549.64,550.46,539.77,0
2011-11-09,547.38,533.83,547.38,532.4,0
2011-11-10,535.3,534.91,540.11,531.35,0
2011-11-11,535.45,548.22,549.19,535.45,0
2011-11-14,548.22,547.06,552.61,545.07,0
2011-11-15,546.27,547.08,549.14,540.42,0
2011-11-16,546.54,538.6,548.9,538.29,0
2011-11-17,538.58,528.89,539.31,525.16,0
2011-11-18,528.89,524.71,530.0,522.58,0
2011-11-21,524.71,515.01,524.71,507.99,0
2011-11-22,513.68,514.73,516.52,509.12,0
2011-11-23,514.52,504.47,514.52,504.47,0
2011-11-25,504.47,500.37,506.87,500.15,0
2011-11-28,500.48,515.87,519.96,500.48,0
2011-11-29,515.87,519.21,521.29,513.74,0
2011-11-30,519.28,527.43,531.0,519.28,0
2011-12-01,527.43,529.78,533.62,525.92,0
2011-12-02,530.72,532.1,537.96,530.72,0
2011-12-05,532.1,538.58,542.17,532.1,0
2011-12-06,538.58,536.34,539.62,534.3,0
2011-12-07,536.2,540.43,542.96,532.17,0
2011-12-08,540.06,531.28,540.17,530.34,0
2011-12-09,531.28,536.61,537.74,531.28,0
2011-12-12,536.56,533.48,536.56,527.66,0
2011-12-13,534.02,519.29,534.68,517.02,0
2011-12-14,519.27,515.33,519.27,509.36,0
2011-12-15,515.53,516.79,521.3,515.53,0
2011-12-16,516.79,519.83,523.91,516.79,0
2011-12-19,519.87,514.11,522.98,512.94,0
2011-12-20,514.11,528.76,529.06,514.11,0
2011-12-21,528.89,525.59,529.81,521.95,0
2011-12-22,525.58,526.21,527.69,524.03,0
2011-12-23,526.32,528.77,528.8,525.18,0
2011-12-27,528.77,530.06,531.96,526.07,0
2011-12-28,529.99,524.47,530.63,523.83,0
2011-12-29,524.47,527.23,527.58,522.42,0
2011-12-30,527.1,523.2,527.24,523.2,0
2012-01-03,523.2,526.7,532.13,523.2,0
2012-01-04,526.66,529.07,529.94,525.29,0
2012-01-05,528.96,531.06,531.6,520.74,0
2012-01-06,531.05,533.34,535.91,528.89,0
2012-01-09,533.47,531.67,534.75,526.94,0
2012-01-10,531.9,533.99,535.54,530.44,0
2012-01-11,533.99,533.09,534.45,531.59,0
2012-01-12,533.35,532.59,534.44,529.18,0
2012-01-13,532.35,533.56,534.42,528.72,0
2012-01-17,533.78,539.2,540.96,533.78,0
2012-01-18,539.2,551.91,552.53,537.66,0
2012-01-19,551.91,560.16,560.42,551.91,0
2012-01-20,560.16,551.44,560.16,549.7,0
2012-01-23,551.44,549.72,553.22,545.79,0
2012-01-24,549.33,553.53,553.82,547.16,0
2012-01-25,553.52,555.85,556.95,549.26,0
2012-01-26,555.87,556.43,561.86,553.44,0
2012-01-27,556.43,558.01,559.18,554.35,0
2012-01-30,557.17,555.17,557.17,549.74,0
2012-01-31,555.25,554.49,558.48,551.6,0
2012-02-01,554.49,550.92,554.49,546.64,0
2012-02-02,550.92,553.73,554.74,550.11,0
2012-02-03,554.23,563.34,563.8,554.23,0
2012-02-06,563.26,560.29,563.26,559.2,0
2012-02-07,560.29,562.77,564.02,559.1,0
2012-02-08,562.6,562.39,565.36,559.29,0
2012-02-09,561.84,563.27,563.8,557.72,0
2012-02-10,561.64,562.14,562.65,557.39,0
2012-02-13,562.36,568.09,569.07,562.36,0
2012-02-14,568.09,569.71,570.33,564.59,0
2012-02-15,569.78,563.79,571.07,562.48,0
2012-02-16,563.82,564.76,565.41,559.57,0
2012-02-17,564.76,571.55,572.18,564.76,0
2012-02-21,571.61,571.23,577.58,569.44,0
2012-02-22,571.23,569.07,571.91,566.06,0
2012-02-23,569.11,571.71,573.3,566.87,0
2012-02-24,571.86,572.55,574.36,571.16,0
2012-02-27,572.83,574.22,576.02,569.41,0
2012-02-28,574.22,584.03,584.45,574.22,0
2012-02-29,584.03,580.64,584.03,579.6,0
2012-03-01,580.73,585.39,585.59,579.26,0
2012-03-02,585.53,584.78,587.22,583.5,0
2012-03-05,584.78,586.33,587.94,583.43,0
2012-03-06,585.38,580.5,585.38,578.18,0
2012-03-07,580.9,588.26,589.34,580.9,0
2012-03-08,588.26,596.15,597.11,588.26,0
2012-03-09,596.17,597.7,599.45,595.53,0
2012-03-12,597.7,598.14,599.69,595.85,0
2012-03-13,598.14,602.72,602.77,596.71,0
2012-03-14,602.72,603.86,604.9,601.21,0
2012-03-15,603.75,606.69,606.8,599.93,0
2012-03-16,606.17,605.57,606.98,601.93,0
2012-03-19,605.57,607.36,608.43,602.37,0
2012-03-20,607.31,613.63,615.4,603.92,0
2012-03-21,613.63,616.4,618.6,613.32,0
2012-03-22,616.09,616.57,618.51,613.68,0
2012-03-23,616.41,616.9,617.83,609.4,0
2012-03-26,616.9,628.35,628.35,616.9,0
2012-03-27,628.35,628.33,632.7,628.3,0
2012-03-28,628.3,622.59,628.68,619.24,0
2012-03-29,622.59,622.43,622.91,616.24,0
2012-03-30,622.49,622.38,626.07,620.67,0
2012-04-02,622.42,623.16,625.09,620.02,0
2012-04-03,623.16,624.49,628.45,621.73,0
2012-04-04,623.1,620.53,623.1,615.38,0
2012-04-05,620.53,624.72,627.26,620.53,0
2012-04-09,624.67,620.22,624.67,615.05,0
2012-04-10,620.22,603.54,621.02,603.28,0
2012-04-11,604.68,610.09,612.98,604.68,0
2012-04-12,610.09,618.21,618.75,609.03,0
2012-04-13,618.21,616.19,619.33,613.42,0
2012-04-16,616.19,615.72,620.26,610.72,0
2012-04-17,615.72,622.92,624.53,615.72,0
2012-04-18,622.92,625.07,627.94,621.1,0
2012-04-19,624.76,621.21,628.53,618.57,0
2012-04-20,621.3,620.21,625.25,619.12,0
2012-04-23,620.21,613.41,620.21,608.74,0
2012-04-24,613.33,610.36,615.33,607.0,0
2012-04-25,610.44,622.23,622.49,610.44,0
2012-04-26,622.23,627.86,629.19,620.46,0
2012-04-27,628.27,650.09,653.6,628.27,0
2012-04-30,650.09,648.24,650.97,644.22,0
2012-05-01,648.24,649.82,655.18,645.28,0
2012-05-02,649.82,655.72,656.61,647.94,0
2012-05-03,655.72,649.78,655.98,647.21,0
2012-05-04,649.53,637.88,649.53,637.4,0
2012-05-07,637.88,636.19,640.89,635.04,0
2012-05-08,636.19,629.44,636.19,618.35,0
2012-05-09,629.44,626.61,631.39,620.77,0
2012-05-10,626.84,627.16,630.75,623.24,0
2012-05-11,627.1,625.64,632.54,623.56,0
2012-05-14,624.19,615.65,624.19,615.55,0
2012-05-15,615.71,616.01,624.9,611.03,0
2012-05-16,616.08,615.12,621.48,613.44,0
2012-05-17,614.14,594.36,614.16,594.36,0
2012-05-18,594.36,590.78,599.02,588.37,0
2012-05-21,590.85,595.37,596.44,582.59,0
2012-05-22,595.37,597.28,602.84,594.3,0
2012-05-23,597.28,604.52,605.58,592.93,0
2012-05-24,604.66,608.28,608.28,602.79,0
2012-05-25,608.28,607.13,610.73,605.5,0
2012-05-29,607.13,613.45,614.8,606.64,0
2012-05-30,613.45,603.66,613.45,601.02,0
2012-05-31,603.66,601.44,605.0,597.24,0
2012-06-01,601.44,586.86,601.44,585.0,0
2012-06-04,587.0,593.22,594.05,582.83,0
2012-06-05,593.2,592.97,594.13,587.96,0
2012-06-06,593.66,607.3,607.3,593.66,0
2012-06-07,607.57,605.31,613.75,604.54,0
2012-06-08,605.34,613.39,613.4,603.54,0
2012-06-11,613.48,603.96,616.28,603.41,0
2012-06-12,603.96,610.81,611.4,603.1,0
2012-06-13,610.81,601.53,610.81,599.86,0
2012-06-14,601.53,608.83,611.69,601.53,0
2012-06-15,608.83,615.11,615.66,608.83,0
2012-06-18,614.38,621.86,623.3,611.03,0
2012-06-19,622.04,627.05,628.26,622.04,0
2012-06-20,626.95,624.31,627.6,619.37,0
2012-06-21,622.34,605.57,622.59,605.23,0
2012-06-22,605.57,609.21,609.99,604.66,0
2012-06-25,608.76,600.29,608.76,597.77,0
2012-06-26,600.27,607.59,609.95,600.27,0
2012-06-27,607.6,600.83,607.6,597.77,0
2012-06-28,600.12,597.51,600.27,590.38,0
2012-06-29,597.92,614.29,614.31,597.92,0
2012-07-02,614.88,617.37,617.37,612.39,0
2012-07-03,617.35,612.72,617.35,609.5,0
2012-07-05,612.7,618.85,622.82,612.7,0
2012-07-06,618.85,618.27,619.46,614.93,0
2012-07-09,617.87,615.93,618.91,613.5,0
2012-07-10,617.66,611.68,620.87,609.12,0
2012-07-11,610.93,606.47,612.55,601.88,0
2012-07-12,603.53,604.79,607.1,597.3,0
2012-07-13,605.76,613.22,614.65,605.45,0
2012-07-16,611.8,608.44,612.31,606.05,0
2012-07-17,610.54,610.31,612.44,604.38,0
2012-07-18,608.5,613.93,615.64,607.72,0
2012-07-19,615.92,621.02,622.9,614.44,0
2012-07-20,620.16,617.13,620.24,615.99,0
2012-07-23,612.35,614.09,615.39,604.58,0
2012-07-24,614.54,610.15,615.3,605.95,0
2012-07-25,606.8,602.42,609.85,601.35,0
2012-07-26,605.1,611.02,612.71,602.87,0
2012-07-27,617.03,630.98,633.18,617.03,0
2012-07-30,630.46,629.51,633.0,625.3,0
2012-07-31,628.2,618.52,628.34,618.46,0
2012-08-01,620.13,612.32,621.26,611.29,0
2012-08-02,609.92,614.62,619.11,608.29,0
2012-08-03,619.29,625.29,627.24,619.08,0
2012-08-06,626.01,626.27,629.3,626.01,0
2012-08-07,628.3,632.89,634.57,627.4,0
2012-08-08,624.63,626.98,628.34,623.45,0
2012-08-09,626.6,626.24,628.95,624.19,0
2012-08-10,625.55,623.77,625.92,620.19,0
2012-08-13,623.74,622.2,624.23,619.31,0
2012-08-14,624.51,627.66,629.47,624.51,0
2012-08-15,625.72,632.19,632.7,625.72,0
2012-08-16,630.03,639.75,641.45,630.03,0
2012-08-17,639.75,644.43,645.26,639.75,0
2012-08-20,644.23,639.32,644.23,636.62,0
2012-08-21,641.09,638.99,643.78,637.47,0
2012-08-22,638.53,642.84,644.53,638.53,0
2012-08-23,641.99,638.91,642.07,637.25,0
2012-08-24,638.75,644.98,645.95,638.49,0
2012-08-27,645.78,642.4,647.49,641.73,0
2012-08-28,642.54,644.5,646.76,641.82,0
2012-08-29,645.21,649.48,650.25,644.97,0
2012-08-30,648.72,646.5,651.85,646.18,0
2012-08-31,648.78,648.26,651.24,645.03,0
2012-09-04,647.88,646.97,649.32,642.66,0
2012-09-05,646.92,643.8,648.49,642.49,0
2012-09-06,646.31,655.8,655.94,646.31,0
2012-09-07,657.48,658.08,659.89,656.55,0
2012-09-10,657.86,656.55,661.61,656.44,0
2012-09-11,656.88,654.06,657.3,653.25,0
2012-09-12,655.75,656.0,658.62,654.07,0
2012-09-13,655.56,665.31,667.15,653.8,0
2012-09-14,666.72,669.26,673.5,666.72,0
2012-09-17,668.59,664.38,668.59,662.79,0
2012-09-18,663.9,661.03,663.9,659.61,0
2012-09-19,661.33,667.09,669.29,661.33,0
2012-09-20,664.42,665.66,665.72,659.02,0
2012-09-21,666.97,662.77,668.34,662.12,0
2012-09-24,660.55,658.18,660.55,656.08,0
2012-09-25,659.09,653.38,664.98,653.19,0
2012-09-26,653.57,651.07,655.57,648.57,0
2012-09-27,652.11,657.16,659.27,650.71,0
2012-09-28,655.16,655.46,657.9,650.35,0
2012-10-02,658.04,653.92,658.27,651.23,0
2012-10-03,655.85,662.71,663.05,654.99,0
2012-10-04,663.86,668.44,671.11,663.86,0
2012-10-05,670.87,672.8,676.82,670.56,0
2012-10-08,672.03,671.05,674.2,669.01,0
2012-10-09,670.44,659.55,670.44,659.31,0
2012-10-10,660.19,651.82,661.0,651.08,0
2012-10-11,655.13,646.15,656.59,645.57,0
2012-10-12,644.72,644.41,648.42,643.74,0
2012-10-15,645.11,650.57,651.35,643.43,0
2012-10-16,652.27,654.11,655.31,651.35,0
2012-10-17,654.57,657.52,660.81,654.26,0
2012-10-18,657.42,655.51,660.99,652.06,0
2012-10-19,654.96,647.82,655.68,645.25,0
2012-10-22,646.19,643.88,646.19,639.38,0
2012-10-23,639.15,643.41,645.63,635.53,0
2012-10-24,644.36,636.71,644.72,636.34,0
2012-10-25,639.86,633.86,641.94,631.15,0
2012-10-26,636.85,640.11,641.0,630.88,0
2012-10-31,641.13,643.9,646.44,637.85,0
2012-11-01,645.21,649.86,650.6,644.9,0
2012-11-02,657.7,656.79,659.99,656.13,0
2012-11-07,650.9,650.9,650.9,650.9,0
2012-11-21,650.9,650.9,650.9,650.9,0
2012-11-28,650.9,650.9,650.9,650.9,0
2014-03-28,1152.19,1152.19,1152.19,1152.19,0
2014-11-04,1165.61,1165.61,1165.61,1165.61,0
2014-11-20,1153.01,1153.01,1153.01,1153.01,0
2014-11-21,1186.47,1186.47,1186.47,1186.47,0
2014-12-15,1158.67,1158.67,1158.67,1158.67,0
2014-12-18,1189.47,1189.47,1189.47,1189.47,0
2014-12-23,1207.25,1207.25,1207.25,1207.25,0
2021-01-22,22.34,29.51,30.97,22.3,95586838
2021-01-25,34.23,28.63,35.0,26.2,52581040
2021-01-26,28.53,24.04,28.53,24.0,27163978
2021-01-27,23.6,23.16,25.5,22.0,20218734
2021-01-28,24.1292,24.27,25.9,22.5365,12193016
2021-01-29,24.69,22.5,25.8,22.1,13529805
2021-02-01,23.43,23.0,24.0,22.15,9802685
2021-02-02,23.91,25.87,25.99,23.63,13088995
2021-02-03,27.17,26.76,27.17,25.9,5925103
2021-02-04,26.26,25.14,27.48,24.11,18787486
2021-02-05,25.22,24.23,25.22,23.65,5437044
2021-02-08,23.43,22.04,23.66,22.0,15065655
2021-02-09,22.91,22.52,23.25,22.13,7498841
2021-02-10,22.96,22.43,23.54,22.06,5104245
2021-02-11,22.4,24.95,25.52,22.29,8318176
2021-02-12,24.9,24.48,25.0,24.0,3147656
2021-02-16,24.12,23.97,24.6,22.71,6309690
2021-02-17,23.4401,23.72,24.99,22.82,4415861
2021-02-18,23.09,22.61,23.56,21.6,7828520
2021-02-19,22.74,21.04,23.0,20.75,8980444
2021-02-22,20.29,19.84,20.46,19.3,13173699
2021-02-23,18.77,20.12,20.57,17.5,11044454
2021-02-24,19.87,19.46,20.28,18.83,4459774
2021-02-25,19.2,17.21,19.49,16.85,6996458
2021-02-26,17.29,17.51,18.39,16.0,7590125
2021-03-01,18.42,19.88,20.07,18.08,4739330
2021-03-02,19.37,18.95,21.54,18.95,4457419
2021-03-03,19.3,17.94,19.78,17.89,3924482
2021-03-04,17.06,16.63,18.93,16.4,8535871
2021-03-05,17.4,16.09,17.58,15.0,9093585
2021-03-08,15.96,13.83,16.47,13.7,6514916
2021-03-09,14.87,16.13,16.32,14.41,5607022
2021-03-10,16.49,15.36,16.98,14.9,7378079
2021-03-11,16.25,18.8,19.3,15.5,11104960
2021-03-12,17.52,17.35,18.06,16.95,8767663
2021-03-15,18.6,19.56,19.89,17.52,5639768
2021-03-16,19.63,19.0,20.65,18.72,5378420
2021-03-17,18.5,18.06,18.59,17.03,5512685
2021-03-18,17.55,18.56,19.57,17.55,5297830
2021-03-19,19.02,19.46,20.03,18.785,4469933
2021-03-22,12.72,10.15,12.9,10.14,107476116
2021-03-23,10.42,10.1,11.1,10.01,32734695
2021-03-24,10.39,8.94,10.48,7.89,53408090
2021-03-25,8.33,9.18,9.8,8.24,19935600
2021-03-26,9.22,9.12,9.45,8.41,20662107
2021-03-29,9.07,10.67,10.87,9.02,19616915
2021-03-30,10.22,10.21,10.66,9.91,7986895
2021-03-31,10.37,10.36,10.63,10.18,5422583
2021-04-01,10.76,10.95,11.31,10.58,7275271
2021-04-05,11.22,10.13,11.22,9.82,7895103
2021-04-06,10.21,10.07,10.38,9.9,4401431
2021-04-07,9.94,9.56,10.0,9.5,4357188
2021-04-08,9.825,10.0,10.12,9.72,5009597
2021-04-09,9.82,9.32,9.8609,9.21,6527039
2021-04-12,9.34,8.56,9.35,8.42,9014452
2021-04-13,9.21,9.0,9.38,8.8401,5177847
2021-04-14,9.12,9.2,9.32,8.97,3183554
2021-04-15,9.3,9.25,9.3057,9.05,2940599
2021-04-16,9.2,9.1,9.2,9.0,1893409
2021-04-19,9.34,9.28,9.47,9.13,3747359
2021-04-20,9.6,9.08,9.63,8.94,3176367
2021-04-21,9.105,9.88,10.07,9.1,4549245
2021-04-22,10.205,10.5,11.1,10.15,8369392
2021-04-23,10.85,12.12,12.42,10.7,12193129
2021-04-26,12.16,12.53,12.54,11.73,6731956
2021-04-27,12.46,12.5,12.62,12.32,7085527
2021-04-28,12.23,12.01,12.51,12.0,6298867
2021-04-29,11.69,10.99,11.88,10.885,8336790
2021-04-30,10.96,10.89,11.57,10.8,5154953
2021-05-03,11.06,11.1,11.32,10.9009,2951369
2021-05-04,11.095,10.51,11.095,10.28,3787911
2021-05-05,10.6,10.83,10.96,10.6,1108079
2021-05-06,10.88,10.76,10.99,10.39,1759364
2021-05-07,10.59,11.04,11.34,10.58,2475356
2021-05-10,10.9535,9.94,11.06,9.93,3118033
2021-05-11,9.78,10.83,11.0,9.78,5586782
2021-05-12,10.76,10.76,10.84,10.36,2324471
2021-05-13,10.71,10.38,10.8,10.221,2916257
2021-05-14,10.49,10.97,11.08,10.49,2519451
2021-05-17,11.24,11.76,12.0,11.11,6594553
2021-05-18,12.08,12.1,12.6,11.85,6374856
2021-05-19,11.52,12.14,12.145,11.44,3860491
2021-05-20,12.095,11.63,12.095,11.23,5425196
2021-05-21,11.67,11.6,11.9005,11.55,2535523
2021-05-24,11.58,11.26,11.64,11.25,1854460
2021-05-25,11.38,11.02,11.51,10.91,3272463
2021-05-26,9.79,10.88,11.0,9.55,17535779
2021-05-27,10.75,11.73,11.99,10.42,8455296
2021-05-28,11.84,11.31,11.89,11.17,5182381
2021-06-01,11.6,11.85,12.141,11.32,4362073
2021-06-02,12.72,11.22,12.76,10.61,13498753
2021-06-03,10.96,10.87,11.16,10.7,3913223
2021-06-04,10.41,9.9,10.6799,9.89,9395607
2021-06-07,10.04,9.0,10.04,8.9,22293148
2021-06-08,9.18,9.01,9.41,8.9,10480167
2021-06-09,9.14,9.27,9.93,9.14,8426559
2021-06-10,9.45,9.15,9.7,9.1,5746416
2021-06-11,9.25,9.48,9.5,9.12,3465299
2021-06-14,9.6,9.44,9.6,9.11,3569481
2021-06-15,9.25,9.35,9.805,9.21,4616699
2021-06-16,9.21,9.4,9.565,8.75,6813024
2021-06-17,9.42,8.82,9.42,8.8,6901966
2021-06-18,8.92,8.99,9.105,8.78,12304517
2021-06-21,8.8,8.51,8.97,8.29,8260853
2021-06-22,8.51,8.42,8.57,8.3,3029407
2021-06-23,8.685,8.72,9.1,8.57,5675218
2021-06-24,8.95,9.27,9.44,8.88,7529340
2021-06-25,9.42,9.06,9.43,8.95,3403887
2021-06-28,9.07,9.03,9.0978,8.98,3534272
2021-06-29,8.95,8.71,8.95,8.48,6860655
2021-06-30,8.6,8.73,8.85,8.515,2555813
2021-07-01,8.7,8.77,8.97,8.67,2429303
2021-07-02,8.67,8.43,8.7,8.35,4159347
2021-07-06,8.215,8.1,8.25,8.0,4799834
2021-07-07,8.28,8.14,8.28,8.01,2741436
2021-07-08,7.91,7.78,7.945,7.57,5914822
2021-07-09,7.95,7.96,8.07,7.645,5077537
2021-07-12,8.08,7.53,8.08,7.52,5691264
2021-07-13,7.605,7.58,7.75,7.55,4314122
2021-07-14,7.67,7.24,7.67,7.21,5037303
2021-07-15,7.26,7.25,7.38,7.15,3194328
2021-07-16,7.23,6.56,7.25,6.4,15959070
2021-07-19,6.32,6.36,6.41,5.99,7124453
2021-07-20,6.5,6.08,6.69,6.02,10157554
2021-07-21,6.14,6.15,6.46,6.1,7556814
2021-07-22,6.17,5.71,6.21,5.525,16314978
2021-07-23,5.39,4.97,5.5,4.82,26130397
2021-07-26,4.48,4.46,4.93,4.3,16001866
2021-07-27,4.88,4.31,4.9,4.11,16395619
2021-07-28,4.48,4.38,5.32,4.05,37181368
2021-07-29,4.73,4.47,4.75,4.4,10156886
2021-07-30,4.5,4.36,4.5,4.1626,6109534
2021-08-02,4.49,4.65,4.88,4.3,13570278
2021-08-03,4.62,4.85,4.92,4.52,7841843
2021-08-04,5.2,4.61,5.2,4.53,31266914
2021-08-05,4.51,4.65,4.81,4.38,9293161
2021-08-06,4.65,4.46,4.67,4.32,10926298
2021-08-09,4.48,4.54,4.64,4.36,4887453
2021-08-10,4.7,4.61,4.77,4.45,5524573
2021-08-11,4.58,4.71,4.77,4.28,14580315
2021-08-12,4.74,4.92,5.06,4.715,16272915
2021-08-13,4.93,5.02,5.06,4.78,10048189
2021-08-16,4.96,4.55,4.98,4.415,8730207
2021-08-17,4.36,4.49,4.765,4.3402,7301739
2021-08-18,4.5,4.46,4.63,4.36,7112916
2021-08-19,4.42,4.23,4.6,4.21,9241737
2021-08-20,4.25,3.91,4.31,3.84,16882897
2021-08-23,3.93,3.82,3.94,3.7,15181960
2021-08-24,3.9,4.07,4.18,3.705,23008538
2021-08-25,4.02,4.36,4.38,3.935,12447019
2021-08-26,4.23,5.14,5.175,4.23,28623162
2021-08-27,5.1,5.38,5.62,5.1,18714618
2021-08-30,5.35,5.13,5.5,4.81,15382342
2021-08-31,5.21,5.14,5.28,5.06,52591647
2021-09-01,5.07,5.36,5.445,4.975,10690577
2021-09-02,5.5,5.9,6.02,5.35,13890602
2021-09-03,6.0,6.05,6.32,5.9,18061876
2021-09-07,6.15,7.0,7.34,6.15,43220640
2021-09-08,7.0,6.9,7.18,6.78,17557551
2021-09-09,6.66,6.9,6.94,6.39,10765386
2021-09-10,6.76,5.74,6.838,5.53,19581800
2021-09-13,5.15,5.11,5.62,5.08,16273746
2021-09-14,5.09,5.05,5.49,5.0,10138943
2021-09-15,5.05,4.91,5.075,4.8,7942459
2021-09-16,4.9,4.97,5.025,4.76,6930499
2021-09-17,5.01,4.82,5.05,4.75,33292697
2021-09-20,4.61,4.49,4.7499,4.46,9238479
2021-09-21,4.56,4.53,4.6,4.47,3685905
2021-09-22,4.55,4.66,4.76,4.46,5372078
2021-09-23,4.69,4.67,4.75,4.61,3883096
2021-09-24,4.55,4.51,4.57,4.37,3889658
2021-09-27,4.49,4.57,4.615,4.3,3749096
2021-09-28,4.52,4.5,4.6799,4.48,2288488
2021-09-29,4.47,4.43,4.53,4.35,2194537
2021-09-30,4.42,4.52,4.595,4.38,3470152
2021-10-01,4.5,4.6,4.65,4.475,2098605
2021-10-04,4.41,4.19,4.5,4.17,3660796
2021-10-05,4.21,4.28,4.39,4.15,3102429
2021-10-06,4.15,4.24,4.29,4.13,1642350
2021-10-07,4.38,4.76,4.94,4.33,8047669
2021-10-08,4.67,4.86,5.01,4.61,4560688
2021-10-11,5.01,4.87,5.15,4.83,3066718
2021-10-12,4.79,4.64,4.91,4.55,5606717
2021-10-13,5.085,5.33,5.46,4.94,14583727
2021-10-14,5.36,5.07,5.43,5.0,7964082
2021-10-15,5.13,5.4,5.53,4.99,8484436
2021-10-18,5.47,5.92,6.04,5.44,11079376
2021-10-19,6.33,6.0,6.465,5.72,16375778
2021-10-20,5.99,5.98,6.02,5.73,8783688
2021-10-21,5.88,5.63,6.01,5.545,7555410
2021-10-22,5.56,5.8,5.98,5.53,6869572
2021-10-25,5.71,5.78,5.78,5.61,3405343
2021-10-26,5.8,5.27,5.9,5.22,7164709
2021-10-27,5.36,5.1,5.435,4.98,5505535
2021-10-28,5.04,4.94,5.08,4.9,3860853
2021-10-29,4.94,4.86,5.0301,4.83,2422781
2021-11-01,4.88,4.97,4.99,4.85,2715977
2021-11-02,4.88,4.75,4.915,4.68,4391906
2021-11-03,4.73,4.89,5.0,4.6641,3178895
2021-11-04,4.94,4.75,5.13,4.68,4750931
2021-11-05,4.77,4.37,4.79,4.31,7925914
2021-11-08,4.51,4.27,4.51,4.21,6175851
2021-11-09,4.3,4.16,4.32,4.02,8093284
2021-11-10,4.16,4.4,4.59,4.04,10061055
2021-11-11,4.52,4.49,4.71,4.315,6284794
2021-11-12,5.34,4.98,5.65,4.86,34955806
2021-11-15,5.15,5.0,5.18,4.79,10590382
2021-11-16,4.99,4.66,5.24,4.61,11188816
2021-11-17,4.85,4.83,4.97,4.645,12210316
2021-11-18,4.68,4.36,4.7257,4.1716,12424185
2021-11-19,4.555,4.5,4.6,4.44,10155082
2021-11-22,4.71,4.91,5.2,4.445,26968482
2021-11-23,5.53,4.97,5.9,4.8,63617773
2021-11-24,5.01,5.41,5.79,5.01,37163486
2021-11-26,5.29,5.51,5.81,4.96,44160563
2021-11-29,5.63,5.07,5.65,5.059,23690488
2021-11-30,4.8,4.11,4.81,4.0,37900742
2021-12-01,4.3,4.11,4.53,4.035,21057904
2021-12-02,4.56,4.43,4.69,3.9,53597506
2021-12-03,4.01,3.69,4.1825,3.56,40025286
2021-12-06,3.43,3.66,3.71,3.3,18572546
2021-12-07,3.76,3.91,3.99,3.75,15225818
2021-12-08,4.33,4.76,4.93,4.15,55116925
2021-12-09,4.55,4.49,4.8,4.4,15048389
2021-12-10,4.55,4.22,4.55,4.135,10765543
2021-12-13,4.26,4.13,4.275,3.98,11023998
2021-12-14,3.99,4.02,4.115,3.91,6755209
2021-12-15,3.88,3.89,3.97,3.53,11381122
2021-12-16,3.99,3.71,4.0201,3.61,7718511
2021-12-17,3.51,3.9,3.91,3.5,7709586
2021-12-20,3.65,3.55,3.7,3.5,8254878
2021-12-21,3.74,3.76,3.86,3.6,6575188
2021-12-22,3.65,3.84,3.885,3.63,7194585
2021-12-23,3.81,4.11,4.13,3.78,7908812
2021-12-27,4.03,4.16,4.245,4.0,5079069
2021-12-28,4.16,4.02,4.19,3.915,6825042
2021-12-29,3.96,3.78,4.1,3.755,5507517
2021-12-30,3.84,4.17,4.23,3.8,7314085
2021-12-31,4.1,3.9,4.13,3.89,5763570
2022-01-03,4.03,4.04,4.09,3.88,4292567
2022-01-04,3.95,3.75,3.995,3.65,8218583
2022-01-05,3.65,3.32,3.66,3.3,17782518
2022-01-06,3.45,3.61,3.63,3.34,9099050
2022-01-07,3.58,3.67,3.77,3.51,6659830
2022-01-10,3.69,3.59,3.7,3.46,6310847
2022-01-11,3.64,3.82,3.859,3.6,5407037
2022-01-12,3.92,3.89,4.01,3.79,7351846
2022-01-13,3.77,3.63,3.778,3.61,4538069
2022-01-14,3.68,3.7,3.71,3.505,5398408
2022-01-18,3.56,3.63,3.805,3.56,4704985
2022-01-19,3.62,3.66,3.825,3.6197,4972029
2022-01-20,3.84,3.62,3.85,3.61,5277537
2022-01-21,3.67,3.56,3.795,3.53,8863063
2022-01-24,3.41,3.49,3.54,3.225,10759916
2022-01-25,3.35,3.41,3.44,3.28,5241730
2022-01-26,3.44,3.32,3.55,3.29,4606196
2022-01-27,3.32,3.06,3.3682,3.04,7541467
2022-01-28,3.07,2.98,3.12,2.835,11435948
2022-01-31,3.07,3.35,3.385,3.0575,8574782
2022-02-01,3.33,3.43,3.53,3.24,6370682
2022-02-02,3.48,3.24,3.48,3.215,3971079
2022-02-03,3.19,3.05,3.29,3.05,3798554
2022-02-04,3.13,3.19,3.26,3.105,4157542
2022-02-07,3.16,3.21,3.425,3.16,4913944
2022-02-08,3.19,3.21,3.28,3.1,3157877
2022-02-09,3.29,3.57,3.65,3.25,9543558
2022-02-10,3.42,3.49,3.73,3.4,7384862
2022-02-11,3.49,3.47,3.65,3.43,6062325
2022-02-14,3.43,3.41,3.525,3.37,4061415
2022-02-15,3.5,3.6,3.61,3.45,4497135
2022-02-16,3.56,3.81,3.97,3.55,8989840
2022-02-17,3.81,3.65,3.85,3.58,4853672
2022-02-18,3.6,3.48,3.7,3.44,5512114
2022-02-22,3.3,2.99,3.31,2.95,15050932
2022-02-23,3.11,3.02,3.165,3.01,5305457
2022-02-24,2.84,3.1,3.11,2.81,7190928
2022-02-25,3.09,3.01,3.12,2.91,4667167
2022-02-28,2.97,3.08,3.13,2.88,13442698
2022-03-01,3.05,3.02,3.09,2.95,3630752
2022-03-02,3.0,3.1,3.15,2.91,5404707
2022-03-03,3.02,2.78,3.06,2.6615,11515776
2022-03-04,2.72,2.63,2.77,2.61,5351472
2022-03-07,2.6,2.38,2.61,2.37,8840949
2022-03-08,2.26,2.32,2.4,2.105,11967493
2022-03-09,2.42,2.51,2.58,2.4,7137204
2022-03-10,2.41,2.34,2.48,2.26,15194125
2022-03-11,1.99,1.49,1.99,1.33,91147774
2022-03-14,1.41,1.22,1.45,1.16,76746408
2022-03-15,1.2,1.71,1.74,1.2,82071859
2022-03-16,2.09,2.1,2.275,1.82,99952342
2022-03-17,2.0,2.09,2.41,1.91,42744314
2022-03-18,2.21,2.39,2.71,2.1,60421852
2022-03-21,2.39,2.2,2.39,2.11,20015949
2022-03-22,2.34,2.3,2.385,2.21,20942737
2022-03-23,2.24,2.12,2.31,2.07,30772893
2022-03-24,2.18,2.05,2.21,2.02,16414068
2022-03-25,1.96,1.96,2.01,1.92,13475936
2022-03-28,2.0,1.99,2.03,1.9,14938188
2022-03-29,2.045,1.89,2.11,1.885,17237567
2022-03-30,1.895,1.91,1.985,1.88,10857202
2022-03-31,1.88,1.79,1.9,1.7,14111140
2022-04-01,1.95,1.85,2.0,1.83,7542238
2022-04-04,1.94,1.95,2.01,1.88,10891943
2022-04-05,1.95,1.87,2.03,1.845,9806793
2022-04-06,1.81,1.91,1.94,1.8,12183207
2022-04-07,1.9,1.78,1.988,1.77,9973879
2022-04-08,1.81,1.87,2.01,1.805,7793122
2022-04-11,1.79,1.87,1.9892,1.79,11265301
2022-04-12,2.07,1.9,2.14,1.89,28107277
2022-04-13,1.92,2.11,2.11,1.9,20033664
2022-04-14,2.11,2.06,2.15,2.005,9591480
2022-04-18,1.93,1.9,1.97,1.85,7197847
2022-04-19,1.86,1.98,2.02,1.86,6028468
2022-04-20,1.98,1.81,2.03,1.8,7515609
2022-04-21,1.85,1.75,1.9185,1.71,9545036
2022-04-22,1.83,1.88,2.0,1.81,8970980
2022-04-25,1.79,1.86,1.89,1.76,7875185
2022-04-26,1.85,1.93,1.95,1.84,8900140
2022-04-27,1.985,2.04,2.17,1.985,12282625
2022-04-28,1.99,2.04,2.055,1.91,6483771
2022-04-29,2.14,2.03,2.21,2.0,8731898
2022-05-02,2.04,2.05,2.14,1.99,4965723
2022-05-03,2.06,1.99,2.08,1.96,2166396
2022-05-04,1.95,2.04,2.04,1.93,4485741
2022-05-05,1.96,1.94,1.99,1.84,6826996
2022-05-06,1.89,1.86,1.92,1.81,3809042
2022-05-09,1.79,1.71,1.87,1.67,8598393
2022-05-10,1.78,1.76,1.81,1.67,5130003
2022-05-11,1.785,1.78,1.94,1.73,6377578
2022-05-12,1.78,1.88,1.92,1.7,7036482
2022-05-13,1.87,1.94,1.9692,1.87,5348711
2022-05-16,1.94,2.02,2.07,1.925,5770677
2022-05-17,2.1,1.98,2.12,1.98,6583304
2022-05-18,1.96,1.94,2.07,1.935,4044686
2022-05-19,1.96,1.98,2.03,1.9,6216963
2022-05-20,2.05,1.87,2.07,1.75,11375763
2022-05-23,1.84,1.87,1.9,1.79,4766929
2022-05-24,1.79,1.76,1.81,1.73,4722559
2022-05-25,1.75,1.79,1.8,1.73,3622998
2022-05-26,1.8,1.95,1.96,1.78,5779327
2022-05-27,1.93,2.03,2.03,1.87,5248155
2022-05-31,2.09,1.98,2.1,1.905,14186756
2022-06-01,1.95,1.87,1.98,1.86,4020554
2022-06-02,1.9,1.97,2.08,1.89,7629347
2022-06-03,1.96,1.88,1.96,1.84,4503439
2022-06-06,2.03,2.06,2.16,1.9911,16664700
2022-06-07,2.06,2.1,2.1,1.98,9492987
2022-06-08,2.175,2.35,2.51,2.15,29043022
2022-06-09,2.25,2.16,2.305,2.1,15039009
2022-06-10,2.21,2.3,2.48,2.21,17731606
2022-06-13,2.36,2.23,2.4,2.15,14487444
2022-06-14,2.28,2.22,2.35,2.2,12333750
2022-06-15,2.23,2.18,2.29,2.17,6603525
2022-06-16,2.1,2.4,2.4,2.04,9444253
2022-06-17,2.46,2.32,2.47,2.27,9597098
2022-06-21,2.35,2.29,2.37,2.29,6344246
2022-06-22,2.25,2.16,2.26,2.16,4912371
2022-06-23,2.22,2.28,2.35,2.17,7928270
2022-06-24,2.3,2.32,2.32,2.16,6873007
2022-06-27,2.35,2.36,2.45,2.32,8267260
2022-06-28,2.4,2.33,2.4791,2.33,5620777
2022-06-29,2.23,2.27,2.27,2.18,6119920
2022-06-30,2.2,2.13,2.21,2.06,6291602
2022-07-01,2.14,2.18,2.18,2.07,4967563
2022-07-05,2.14,2.06,2.155,2.01,9257282
2022-07-06,2.03,1.86,2.05,1.86,11001147
2022-07-07,1.9,2.1,2.1,1.83,8046555
2022-07-08,2.025,1.94,2.05,1.94,4780407
2022-07-11,1.89,1.86,1.9,1.81,5627601
2022-07-12,1.85,1.91,1.92,1.83,2428617
2022-07-13,1.85,1.95,1.95,1.83,4084087
2022-07-14,1.9,1.85,1.95,1.84,3652548
2022-07-15,1.84,1.83,1.86,1.73,4821939
2022-07-18,1.87,1.88,1.95,1.87,5076803
2022-07-19,1.89,1.86,1.91,1.83,3109815
2022-07-20,1.87,1.9,1.95,1.85,2742226
2022-07-21,1.91,2.05,2.05,1.85,6795045
2022-07-22,2.18,1.89,2.245,1.84,20675815
2022-07-25,1.89,1.82,1.89,1.77,6356195
2022-07-26,1.82,1.74,1.82,1.69,11412637
2022-07-27,1.8,1.77,1.8,1.71,5271170
2022-07-28,1.73,1.72,1.76,1.62,4757839
2022-07-29,1.68,1.62,1.69,1.6,8510424
2022-08-01,1.6,1.5,1.61,1.43,16511792
2022-08-02,1.45,1.47,1.5,1.41,7293730
2022-08-03,1.48,1.56,1.56,1.43,5973318
2022-08-04,1.6,1.61,1.61,1.5401,5360683
2022-08-05,1.57,1.57,1.6,1.53,2484415
2022-08-08,1.55,1.62,1.65,1.41,5273890
2022-08-09,1.6,1.57,1.63,1.56,2735111
2022-08-10,1.59,1.61,1.62,1.52,2489471
2022-08-11,1.62,1.62,1.72,1.6,4600223
2022-08-12,1.59,1.62,1.65,1.55,2058552
2022-08-15,1.61,1.59,1.61,1.53,2383267
2022-08-16,1.57,1.52,1.59,1.51,6040876
2022-08-17,1.52,1.47,1.54,1.46,3628591
2022-08-18,1.48,1.43,1.52,1.42,3863808
2022-08-19,1.46,1.46,1.5682,1.41,4438358
2022-08-22,1.49,1.45,1.49,1.42,2375746
2022-08-23,1.43,1.43,1.45,1.42,2702348
2022-08-24,1.42,1.4,1.46,1.4,3709920
2022-08-25,1.47,1.47,1.51,1.41,4419703
2022-08-26,1.61,1.48,1.61,1.46,7149329
2022-08-29,1.52,1.43,1.53,1.42,4190163
2022-08-30,1.45,1.42,1.465,1.4,3555654
2022-08-31,1.42,1.43,1.44,1.4,4385827
2022-09-01,1.405,1.38,1.41,1.35,3816119
2022-09-02,1.39,1.34,1.39,1.33,3399665
2022-09-06,1.32,1.27,1.35,1.27,4713327
2022-09-07,1.29,1.29,1.33,1.27,3145054
2022-09-08,1.3,1.29,1.33,1.27,2096341
2022-09-09,1.32,1.37,1.43,1.31,3361782
2022-09-12,1.38,1.4,1.41,1.37,1795462
2022-09-13,1.36,1.31,1.38,1.31,1823346
2022-09-14,1.31,1.3,1.34,1.28,2356462
2022-09-15,1.3,1.22,1.32,1.22,6185443
2022-09-16,1.22,1.2,1.23,1.17,3693354
2022-09-19,1.2,1.17,1.23,1.17,3823293
2022-09-20,1.18,1.23,1.3,1.18,7141140
2022-09-21,1.29,1.25,1.33,1.17,6924825
2022-09-22,1.26,1.16,1.27,1.16,4789855
2022-09-23,1.15,1.08,1.155,1.08,8160448
2022-09-26,1.09,1.05,1.11,1.05,4965171
2022-09-27,1.07,1.02,1.1,1.01,8575278
2022-09-28,1.02,1.06,1.08,1.01,7052282
2022-09-29,1.03,1.03,1.05,1.0,5600975
2022-09-30,1.05,1.05,1.11,1.03,7051912
2022-10-03,1.06,1.0,1.08,0.9999,4074193
2022-10-04,1.035,1.04,1.07,1.01,5400769
2022-10-05,1.06,1.03,1.11,1.02,4234054
2022-10-06,1.01,1.03,1.05,1.0,4053760
2022-10-07,1.02,0.9439,1.02,0.9301,9687675
2022-10-10,0.93,0.9742,1.01,0.92,5906455
2022-10-11,0.99,1.0,1.03,0.985,5905210
2022-10-12,1.05,1.12,1.2,1.03,16296498
2022-10-13,1.06,1.09,1.18,1.04,8925669
2022-10-14,1.1,1.03,1.11,1.03,5187997
2022-10-17,1.08,1.09,1.16,1.07,5615821
2022-10-18,1.16,1.16,1.21,1.13,7038329
2022-10-19,1.13,1.06,1.17,1.05,4478113
2022-10-20,1.05,1.0,1.085,1.0,6363611
2022-10-21,1.0,1.01,1.03,1.0,2458198
2022-10-24,0.975,1.0,1.02,0.9012,16553489
2022-10-25,1.135,1.14,1.15,1.015,15347235
2022-10-26,1.16,1.63,1.81,1.1,68746963
2022-10-27,1.46,1.48,1.6,1.35,24882339
2022-10-28,1.38,1.35,1.38,1.3,12286370
2022-10-31,1.35,1.25,1.41,1.25,5806895
2022-11-01,1.44,1.37,1.445,1.34,10989803
2022-11-02,1.48,1.53,1.6,1.42,22064748
2022-11-03,1.46,1.67,1.67,1.43,18210543
2022-11-04,1.8,1.52,1.8,1.47,27736924
2022-11-07,1.58,1.57,1.6,1.53,10415789
2022-11-08,1.53,1.5,1.53,1.42,7431102
2022-11-09,1.43,1.34,1.46,1.325,8075568
2022-11-10,1.46,1.44,1.465,1.37,7179482
2022-11-11,1.5,1.48,1.55,1.445,15820944
2022-11-14,1.5,1.58,1.61,1.49,10929898
2022-11-15,1.68,1.6,1.69,1.5,24431730
2022-11-16,1.6,1.44,1.61,1.44,17071509
2022-11-17,1.45,1.73,1.77,1.45,30831258
2022-11-18,1.67,1.76,1.8,1.64,27758928
2022-11-21,1.72,1.76,1.88,1.69,13967805
2022-11-22,1.71,1.69,1.755,1.67,14154966
2022-11-23,1.73,1.99,2.06,1.73,30638920
2022-11-25,1.95,1.88,2.09,1.79,21252896
2022-11-28,1.96,1.94,2.14,1.93,18332077
2022-11-29,2.04,2.18,2.28,2.0016,31707612
2022-11-30,2.28,2.3,2.43,2.12,78156802
2022-12-01,2.2,2.28,2.39,2.14,20301203
2022-12-02,2.24,2.61,2.635,2.24,29592750
2022-12-05,2.85,2.57,3.06,2.47,38795161
2022-12-06,2.51,2.59,2.77,2.51,24404849
2022-12-07,2.44,2.54,2.65,2.33,16973611
2022-12-08,2.71,2.86,2.87,2.61,28138970
2022-12-09,2.9,2.74,2.94,2.71,15592945
2022-12-12,2.6,2.65,2.75,2.55,11066601
2022-12-13,2.76,2.65,2.78,2.55,11756630
2022-12-14,2.64,2.65,2.67,2.45,10498007
2022-12-15,2.56,2.45,2.7027,2.4,9060324
2022-12-16,2.5,2.51,2.615,2.45,8702486
2022-12-19,2.54,2.37,2.57,2.34,7077130
2022-12-20,2.27,2.47,2.62,2.24,18339637
2022-12-21,2.47,2.5,2.54,2.42,8487405
2022-12-22,2.52,2.54,2.56,2.4,8128828
2022-12-23,2.52,2.51,2.59,2.49,5012958
2022-12-27,2.53,2.63,2.685,2.49,10412655
2022-12-28,2.58,2.35,2.61,2.34,15935286
2022-12-29,2.39,2.36,2.41,2.29,5402656
2022-12-30,2.27,2.3,2.35,2.23,8611063
2023-01-03,2.38,2.46,2.5,2.37,8849463
2023-01-04,2.52,2.81,2.815,2.48,16103933
2023-01-05,2.76,2.66,2.81,2.62,11033755
2023-01-06,2.73,2.55,2.74,2.49,10166864
2023-01-09,2.67,2.55,2.67,2.53,9016250
2023-01-10,2.55,2.55,2.595,2.49,4514170
2023-01-11,2.53,2.7,2.715,2.49,8121995
2023-01-12,2.67,2.69,2.74,2.54,10732936
2023-01-13,2.64,2.75,2.78,2.64,7612101
2023-01-17,2.68,2.61,2.69,2.53,6461303
2023-01-18,2.58,2.5,2.71,2.465,11404819
2023-01-19,2.55,2.71,2.78,2.53,13014617
2023-01-20,2.73,2.73,2.88,2.7,10568140
2023-01-23,2.74,2.77,2.85,2.71,7321342
2023-01-24,2.77,2.67,2.825,2.63,8687757
2023-01-25,2.64,2.61,2.66,2.56,4555760
2023-01-26,2.7,2.68,2.71,2.6,5577206
2023-01-27,2.71,2.59,2.73,2.55,10569853
2023-01-30,2.52,2.48,2.55,2.45,7828636
2023-01-31,2.48,2.48,2.51,2.395,6629512
2023-02-01,2.5,2.44,2.51,2.345,10259469
2023-02-02,2.45,2.49,2.5499,2.43,13126954
2023-02-03,2.4,2.2,2.4402,2.16,10143180
2023-02-06,2.13,2.13,2.22,2.03,14150696
2023-02-07,2.16,2.18,2.22,2.13,5971683
2023-02-08,2.17,2.18,2.23,2.125,5679871
2023-02-09,2.2,2.17,2.345,2.16,8119441
2023-02-10,2.1,2.07,2.13,2.05,6771616
2023-02-13,2.15,2.21,2.28,2.11,5246129
2023-02-14,2.2,2.19,2.3,2.145,6838773
2023-02-15,2.19,2.25,2.26,2.17,5689826
2023-02-16,2.23,2.24,2.31,2.175,7181022
2023-02-17,2.18,2.18,2.21,2.14,3876828
2023-02-21,2.06,1.98,2.08,1.96,16776331
2023-02-22,2.04,2.05,2.12,2.02,7281588
2023-02-23,2.11,2.13,2.135,2.045,6767840
2023-02-24,2.1,2.01,2.1,1.99,5632535
2023-02-27,2.02,1.97,2.04,1.97,12999646
2023-02-28,1.97,1.95,2.01,1.95,12822835
2023-03-01,2.095,2.17,2.26,2.04,17038818
2023-03-02,2.12,2.21,2.23,2.03,13264161
2023-03-03,2.25,2.44,2.5,2.22,15754420
2023-03-06,2.52,2.46,2.55,2.42,19797959
2023-03-07,2.41,2.23,2.41,2.21,11510156
2023-03-08,2.24,2.31,2.34,2.15,8681461
2023-03-09,2.3,2.19,2.31,2.17,7794617
2023-03-10,2.24,2.52,2.575,2.19,24609728
2023-03-13,2.42,2.7,2.96,2.4,40339632
2023-03-14,2.75,2.8,2.8,2.49,31661236
2023-03-15,2.62,2.61,2.76,2.51,9171741
2023-03-16,2.6,2.46,2.6,2.45,6579262
2023-03-17,2.53,2.47,2.61,2.43,7693291
2023-03-20,2.38,2.54,2.62,2.33,12036002
2023-03-21,2.65,2.53,2.7,2.47,10553728
2023-03-22,2.5,2.44,2.525,2.41,4331163
2023-03-23,2.48,2.48,2.55,2.31,7556447
2023-03-24,2.45,2.33,2.45,2.3,5838837
2023-03-27,2.31,2.34,2.38,2.28,11179424
2023-03-28,2.35,2.29,2.37,2.25,3857576
2023-03-29,2.3,2.58,2.63,2.29,16940019
2023-03-30,2.58,2.74,2.78,2.56,16360958
2023-03-31,2.79,2.9,2.9,2.745,17578881
2023-04-03,2.85,2.91,3.0,2.84,24837916
2023-04-04,2.93,2.91,2.9399,2.87,9018158
2023-04-05,2.89,2.81,2.9,2.7014,6816204
2023-04-06,2.8,2.88,2.93,2.77,9616697
2023-04-10,2.87,2.81,2.87,2.77,4434701
2023-04-11,2.88,2.81,2.99,2.8,8927941
2023-04-12,2.84,2.7,2.95,2.685,12449469
2023-04-13,2.8,2.82,2.87,2.77,6377350
2023-04-14,2.78,2.61,2.815,2.6,7538072
2023-04-17,2.72,2.62,2.72,2.61,5509066
2023-04-18,2.69,2.68,2.72,2.65,3605466
2023-04-19,2.64,2.78,2.78,2.6301,6875243
2023-04-20,2.74,2.62,2.74,2.5925,6352940
2023-04-21,2.59,2.58,2.62,2.5401,5271019
2023-04-24,2.57,2.49,2.63,2.45,10565824
2023-04-25,2.47,2.4,2.52,2.365,12025592
2023-04-26,2.47,2.36,2.49,2.36,3983967
2023-04-27,2.4,2.37,2.405,2.28,5845646
2023-04-28,2.37,2.46,2.5,2.3306,6052553
2023-05-01,2.43,2.5,2.545,2.43,8815031
2023-05-02,2.48,2.44,2.51,2.39,8210363
2023-05-03,2.41,2.45,2.49,2.35,9162962
2023-05-04,2.49,2.48,2.5,2.43,4216086
2023-05-05,2.48,2.44,2.49,2.44,8875225
2023-05-08,2.43,2.33,2.43,2.2,17858260
2023-05-09,2.24,2.23,2.31,2.19,6579661
2023-05-10,2.26,2.37,2.37,2.17,6502936
2023-05-11,2.34,2.37,2.42,2.33,6084976
2023-05-12,2.31,2.38,2.39,2.3,9384499
2023-05-15,2.41,2.44,2.47,2.34,5222165
2023-05-16,2.4,2.35,2.4,2.29,7707807
2023-05-17,2.23,2.44,2.47,2.08,18815928
2023-05-18,2.39,2.34,2.44,2.32,6440789
2023-05-19,2.3,2.31,2.34,2.18,13200296
2023-05-22,2.35,2.26,2.42,2.26,4663052
2023-05-23,2.24,2.23,2.29,2.2,9143463
2023-05-24,2.2,2.21,2.305,2.18,7137798
2023-05-25,2.18,2.03,2.19,1.97,13071737
2023-05-26,2.06,2.02,2.08,1.97,4387370
2023-05-30,2.0,1.8,2.03,1.8,12550432
2023-05-31,1.8,1.71,1.82,1.685,14756857
2023-06-01,1.71,1.83,1.945,1.705,11661482
2023-06-02,1.925,1.79,1.95,1.76,9303140
2023-06-05,1.81,1.79,1.85,1.785,4452750
2023-06-06,1.83,1.9,1.94,1.82,6706929
2023-06-07,1.9,1.91,1.98,1.89,3487981
2023-06-08,1.9,1.78,1.935,1.77,8218970
2023-06-09,1.81,1.7,1.83,1.7,11914701
2023-06-12,1.72,1.76,1.81,1.7,7898966
2023-06-13,1.81,1.84,1.9,1.79,7907716
2023-06-14,1.83,1.83,1.88,1.78,5912874
2023-06-15,1.87,1.96,1.995,1.85,9995905
2023-06-16,1.98,1.94,2.04,1.89,15498271
2023-06-20,1.88,1.79,1.93,1.745,7720117
2023-06-21,1.77,1.72,1.79,1.71,7789054
2023-06-22,1.71,1.82,1.83,1.68,7912458
2023-06-23,1.77,1.73,1.77,1.73,8786724
2023-06-26,1.73,1.75,1.77,1.73,5524901
2023-06-27,1.79,1.79,1.84,1.76,3573889
2023-06-28,1.76,1.78,1.8,1.74,2739108
2023-06-29,1.75,1.77,1.81,1.74,1746586
2023-06-30,1.76,1.77,1.8,1.74,2843466
2023-07-03,1.8,1.84,1.88,1.79,6276333
2023-07-05,1.86,1.78,1.92,1.78,7438159
2023-07-06,1.76,1.65,1.76,1.65,8114387
2023-07-07,1.68,1.73,1.78,1.67,4858752
2023-07-10,1.73,1.7,1.76,1.7,2602878
2023-07-11,1.73,1.7,1.755,1.7,3734178
2023-07-12,1.76,1.83,1.84,1.74,3564882
2023-07-13,1.85,1.8,1.895,1.78,5506059
2023-07-14,1.8,1.71,1.8,1.68,5935389
2023-07-17,1.73,1.65,1.73,1.62,9123509
2023-07-18,1.65,1.57,1.65,1.57,9067732
2023-07-19,1.63,1.57,1.63,1.55,13736440
2023-07-20,1.57,1.54,1.605,1.53,9893469
2023-07-21,1.56,1.5,1.56,1.45,18164150
2023-07-24,1.51,1.56,1.62,1.44,11521706
2023-07-25,1.63,1.51,1.64,1.48,16963580
2023-07-26,1.51,1.55,1.59,1.51,7330271
2023-07-27,1.55,1.53,1.59,1.46,8781820
2023-07-28,1.59,1.7,1.74,1.58,20146745
2023-07-31,1.69,1.75,1.775,1.67,8799205
2023-08-01,1.72,1.67,1.74,1.65,9595428
2023-08-02,1.63,1.6,1.65,1.585,9748065
2023-08-03,1.62,1.67,1.69,1.6,14785592
2023-08-04,1.58,1.64,1.72,1.56,8846891
2023-08-07,1.64,1.62,1.78,1.59,12064989
2023-08-08,1.66,1.63,1.71,1.59,12664752
2023-08-09,1.67,1.68,1.7,1.58,11150381
2023-08-10,1.68,1.6,1.68,1.59,6085074
2023-08-11,1.57,1.62,1.668,1.57,5913914
2023-08-14,1.6,1.58,1.6093,1.54,9844997
2023-08-15,1.56,1.53,1.575,1.52,6289536
2023-08-16,1.5,1.48,1.53,1.46,5864881
2023-08-17,1.51,1.42,1.51,1.42,11141505
2023-08-18,1.39,1.47,1.515,1.39,7009316
2023-08-21,1.48,1.49,1.58,1.435,6400969
2023-08-22,1.51,1.53,1.54,1.46,7837330
2023-08-23,1.51,1.45,1.51,1.435,5279485
2023-08-24,1.47,1.4,1.4712,1.39,6489557
2023-08-25,1.44,1.43,1.465,1.41,7427970
2023-08-28,1.5,1.44,1.5,1.43,2771323
2023-08-29,1.45,1.58,1.62,1.445,9886322
2023-08-30,1.54,1.58,1.605,1.54,8639503
2023-08-31,1.56,1.53,1.59,1.53,5418592
2023-09-01,1.55,1.58,1.65,1.55,5053186
2023-09-05,1.57,1.55,1.59,1.54,3504964
2023-09-06,1.57,1.51,1.57,1.5,2712128
2023-09-07,1.48,1.49,1.52,1.47,2240302
2023-09-08,1.46,1.47,1.49,1.46,1005412
2023-09-11,1.49,1.5,1.53,1.47,5193854
2023-09-12,1.49,1.47,1.505,1.44,4227613
2023-09-13,1.48,1.49,1.52,1.45,2060378
2023-09-14,1.47,1.49,1.515,1.47,1629886
2023-09-15,1.5,1.5,1.52,1.475,3077192
2023-09-18,1.46,1.47,1.5,1.44,4637335
2023-09-19,1.48,1.42,1.48,1.42,2078093
2023-09-20,1.41,1.47,1.52,1.41,4788061
2023-09-21,1.45,1.42,1.46,1.41,3124221
2023-09-22,1.46,1.44,1.52,1.43,2721990
2023-09-25,1.44,1.54,1.57,1.44,7463411
2023-09-26,1.51,1.52,1.585,1.5,4876711
2023-09-27,1.53,1.54,1.56,1.49,4004352
2023-09-28,1.55,1.53,1.59,1.51,3956758
2023-09-29,1.57,1.51,1.57,1.51,2146133
2023-10-02,1.5,1.52,1.58,1.49,2718688
2023-10-03,1.51,1.52,1.55,1.49,2878561
2023-10-04,1.53,1.51,1.53,1.5,2850177
2023-10-05,1.49,1.52,1.545,1.49,1290023
2023-10-06,1.54,1.54,1.58,1.52,2939454
2023-10-09,1.55,1.59,1.635,1.54,4773505
2023-10-10,1.6,1.66,1.665,1.58,7076977
2023-10-11,1.7,1.63,1.71,1.63,4969970
2023-10-12,1.62,1.58,1.67,1.57,5417512
2023-10-13,1.54,1.6,1.61,1.515,4045766
2023-10-16,1.57,1.6,1.65,1.565,2624931
2023-10-17,1.59,1.6,1.66,1.57,5620850
2023-10-18,1.58,1.58,1.62,1.57,1994441
2023-10-19,1.57,1.59,1.615,1.55,3928563
2023-10-20,1.58,1.6,1.62,1.56,2702943
2023-10-23,1.57,1.59,1.625,1.55,4249138
2023-10-24,1.59,1.62,1.69,1.59,3641284
2023-10-25,1.57,1.58,1.65,1.57,2002531
2023-10-26,1.58,1.63,1.66,1.58,4245752
2023-10-27,1.65,1.65,1.6899,1.63,4262414
2023-10-30,1.67,1.69,1.72,1.64,4856174
2023-10-31,1.75,1.7,1.77,1.69,3323227
2023-11-01,1.71,1.62,1.73,1.59,4745866
2023-11-02,1.64,1.68,1.73,1.64,6009970
2023-11-03,1.72,1.66,1.73,1.65,3491253
2023-11-06,1.7,1.65,1.75,1.625,9102127
2023-11-07,1.66,1.7,1.74,1.64,4770915
2023-11-08,1.7,1.66,1.74,1.66,3724134
2023-11-09,1.66,1.64,1.705,1.63,3298568
2023-11-10,1.64,1.64,1.66,1.61,5261383
2023-11-13,1.85,1.88,2.0,1.85,24871882
2023-11-14,1.94,1.91,1.98,1.9,11459280
2023-11-15,1.95,2.03,2.09,1.945,13172610
2023-11-16,2.01,2.03,2.07,1.975,10373228
2023-11-17,2.02,2.0,2.07,1.97,11866932
2023-11-20,2.04,2.35,2.385,2.04,27501194
2023-11-21,2.39,2.14,2.4,2.14,12648613
2023-11-22,2.16,2.2,2.22,2.15,13738460
2023-11-24,2.03,2.25,2.26,2.01,11899145
2023-11-27,2.25,2.29,2.3,2.185,20675188
2023-11-28,2.27,2.27,2.3,2.21,10213648
2023-11-29,2.2,2.23,2.26,2.18,10031972
2023-11-30,2.26,2.22,2.27,2.19,7263868
2023-12-01,2.21,2.2,2.26,2.181,10371540
2023-12-04,2.18,2.13,2.25,2.13,13049888
2023-12-05,2.08,2.12,2.15,2.04,13029106
2023-12-06,2.13,2.06,2.13,2.04,5599088
2023-12-07,2.08,2.06,2.11,2.05,6767948
2023-12-08,2.05,2.01,2.09,1.98,9539002
2023-12-11,2.01,2.03,2.055,1.99,4917279
2023-12-12,1.895,2.02,2.05,1.88,9572068
2023-12-13,1.99,2.17,2.18,1.945,10302417
2023-12-14,2.135,2.13,2.17,2.07,13533462
2023-12-15,2.09,2.1,2.16,2.06,10379262
2023-12-18,2.09,2.12,2.16,2.07,9373260
2023-12-19,2.12,2.08,2.15,2.07,8103811
2023-12-20,2.07,2.04,2.08,2.0005,7533592
2023-12-21,2.02,1.96,2.035,1.94,8487259
2023-12-22,1.92,1.95,1.96,1.855,10990755
2023-12-26,1.98,1.89,1.98,1.86,4403362
2023-12-27,1.92,1.98,2.0,1.9,8787508
2023-12-28,2.04,1.92,2.04,1.92,12609318
2023-12-29,1.98,2.0,2.0399,1.95,13737310
2024-01-02,2.0,1.95,2.03,1.925,4923285
2024-01-03,1.93,1.95,1.97,1.88,5593370
2024-01-04,1.91,1.95,1.96,1.9,5917804
2024-01-05,1.92,1.93,1.96,1.91,3991799
2024-01-08,1.9,1.91,1.93,1.86,7851064
2024-01-09,1.88,1.89,1.9007,1.86,2864825
2024-01-10,1.89,1.89,1.91,1.83,4110688
2024-01-11,1.91,1.88,1.92,1.85,3306741
2024-01-12,1.89,1.89,1.94,1.87,3305158
2024-01-16,1.86,1.88,1.905,1.82,6070364
2024-01-17,1.73,1.79,1.83,1.71,11659517
2024-01-18,1.86,1.8,1.86,1.79,4838495
2024-01-19,1.77,1.83,1.84,1.77,6751366
2024-01-22,1.75,1.77,1.775,1.695,11978008
2024-01-23,1.81,1.78,1.86,1.73,12469232
2024-01-24,1.83,1.73,1.91,1.73,12516786
2024-01-25,1.76,1.78,1.785,1.7301,5403186
2024-01-26,1.74,1.8,1.83,1.74,5050668
2024-01-29,1.78,1.82,1.8389,1.74,6192600
2024-01-30,1.76,1.78,1.8,1.75,6686368
2024-01-31,1.76,1.82,1.865,1.76,8344071
2024-02-01,1.84,1.86,1.9,1.81,6818685
2024-02-02,1.71,1.81,1.84,1.71,8511696
2024-02-05,1.76,1.82,1.86,1.76,7197563
2024-02-06,1.86,1.84,1.91,1.84,7916384
2024-02-07,1.82,1.85,1.85,1.81,5674421
2024-02-08,1.83,1.84,1.8793,1.82,3222632
2024-02-09,1.84,1.87,1.93,1.83,3664524
2024-02-12,1.86,1.95,2.02,1.86,4772192
2024-02-13,1.92,1.95,1.99,1.918,4696075
2024-02-14,1.96,2.04,2.07,1.96,9362869
2024-02-15,2.05,2.06,2.125,2.04,5093942
2024-02-16,2.1,2.07,2.125,2.06,3412698
2024-02-20,2.04,2.04,2.07,2.01,4171494
2024-02-21,2.04,2.03,2.12,2.02,4968055
2024-02-22,2.02,1.99,2.05,1.955,8665959
2024-02-23,2.0,2.0,2.0,1.95,3076879
2024-02-26,1.98,2.0,2.005,1.97,5244559
2024-02-27,1.99,2.0,2.02,1.98,2538409
2024-02-28,1.96,1.98,2.0,1.95,4515865
2024-02-29,1.98,1.95,2.0,1.95,4950424
2024-03-01,1.96,1.93,1.99,1.91,7722199
2024-03-04,1.91,1.92,1.94,1.865,4287467
2024-03-05,1.92,1.93,1.94,1.9,3488327
2024-03-06,1.92,1.9,1.99,1.88,4060291
2024-03-07,1.86,1.89,1.9,1.84,2829604
2024-03-08,1.88,1.86,1.89,1.84,5513102
2024-03-11,1.88,1.86,1.95,1.86,3935617
2024-03-12,1.93,1.9,1.95,1.89,6877019
2024-03-13,1.92,1.95,1.96,1.89,5475039
2024-03-14,1.93,1.95,1.97,1.88,8449351
2024-03-15,2.07,1.86,2.09,1.835,15738065
2024-03-18,1.9,1.94,2.03,1.875,19577205
2024-03-19,1.97,1.97,2.0,1.89,7501252
2024-03-20,1.97,2.11,2.15,1.94,15006448
2024-03-21,2.1,2.08,2.12,2.01,12496797
2024-03-22,2.04,2.07,2.08,2.0339,3208490
2024-03-25,2.07,2.01,2.11,1.98,5665102
2024-03-26,2.0,1.89,2.005,1.89,5989313
2024-03-27,1.89,1.9,1.92,1.85,5670464
2024-03-28,1.91,1.92,1.92,1.88,9529962
2024-04-01,1.9,1.9,1.965,1.88,5035862
2024-04-02,1.88,1.84,1.91,1.84,2571804
2024-04-03,1.85,1.83,1.875,1.83,1258009
2024-04-04,1.85,1.8,1.85,1.8,3110181
2024-04-05,1.83,1.8,1.83,1.79,1077830
2024-04-08,1.81,1.8,1.81,1.76,3607735
2024-04-09,1.8,1.82,1.83,1.79,5090065
2024-04-10,1.82,1.78,1.83,1.77,3669600
2024-04-11,1.78,1.81,1.82,1.77,1867820
2024-04-12,1.79,1.76,1.81,1.76,4418542
2024-04-15,1.77,1.78,1.78,1.75,2535088
2024-04-16,1.75,1.79,1.8,1.74,2696020
2024-04-17,1.79,1.78,1.81,1.78,1930672
2024-04-18,1.78,1.81,1.83,1.77,4426861
2024-04-19,1.82,1.78,1.82,1.74,4190751
2024-04-22,1.78,1.84,1.89,1.75,6196467
2024-04-23,1.87,1.83,1.87,1.82,2534459
2024-04-24,1.85,1.87,1.9,1.84,3662263
2024-04-25,1.86,1.91,1.91,1.82,4106089
2024-04-26,1.93,1.91,1.97,1.9,3380973
2024-04-29,1.87,1.96,1.96,1.87,3518885
2024-04-30,1.93,1.94,1.95,1.89,4247177
2024-05-01,1.93,1.91,1.96,1.91,1237249
2024-05-02,1.95,1.99,2.01,1.935,5774462
2024-05-03,2.0,2.08,2.09,1.96,4466840
2024-05-06,2.08,2.05,2.09,2.02,3498583
2024-05-07,2.02,2.0,2.03,1.97,3479650
2024-05-08,1.97,2.0,2.01,1.97,2219399
2024-05-09,2.0,2.0,2.01,1.98,1859537
2024-05-10,1.99,1.97,1.995,1.95,2231619
2024-05-13,1.99,2.03,2.1,1.99,5498979
2024-05-14,1.99,2.06,2.06,1.99,2025940
2024-05-15,2.06,2.07,2.08,2.01,2305423
2024-05-16,2.07,2.15,2.16,2.065,6822798
2024-05-17,2.19,2.04,2.19,2.03,5351962
2024-05-20,2.02,1.99,2.04,1.94,5071369
2024-05-21,1.97,1.98,1.99,1.91,5501815
2024-05-22,1.95,1.98,1.99,1.95,2769574
2024-05-23,1.95,1.93,1.975,1.9,7115365
2024-05-24,1.91,1.91,1.93,1.88,2566759
2024-05-28,1.9,1.91,1.94,1.9,2942491
2024-05-29,1.89,1.9,1.92,1.89,2242002
2024-05-30,1.9,1.91,1.92,1.89,4977355
2024-05-31,1.88,1.89,1.91,1.88,2826038
2024-06-03,1.9,1.87,1.93,1.86,3154746
2024-06-04,1.88,1.88,1.9,1.855,1866851
2024-06-05,1.84,1.89,1.89,1.82,5025715
2024-06-06,1.87,1.86,1.88,1.83,1459492
2024-06-07,1.89,1.84,1.89,1.81,3698810
2024-06-10,1.85,1.85,1.89,1.825,2645780
2024-06-11,1.86,1.85,1.89,1.84,2313475
2024-06-12,1.86,1.83,1.875,1.82,1155746
2024-06-13,1.82,1.82,1.87,1.82,2856768
2024-06-14,1.84,1.82,1.85,1.805,1450837
2024-06-17,1.81,1.83,1.83,1.8,1248420
2024-06-18,1.83,1.8,1.83,1.8,1486971
2024-06-20,1.81,1.8,1.84,1.8,1244102
2024-06-21,1.79,1.85,1.87,1.78,4415564
2024-06-24,1.86,1.87,1.91,1.855,2978526
2024-06-25,1.87,1.84,1.88,1.84,2206988
2024-06-26,1.84,1.88,1.9,1.84,1219962
2024-06-27,1.86,1.85,1.88,1.84,1330676
2024-06-28,1.85,1.84,1.86,1.81,1048011
2024-07-01,1.84,1.83,1.89,1.82,1364126
2024-07-02,1.82,1.82,1.84,1.82,695204
2024-07-03,1.82,1.84,1.86,1.82,1485981
2024-07-05,1.83,1.82,1.84,1.805,1301667
2024-07-08,1.82,1.81,1.83,1.81,1301058
2024-07-09,1.81,1.82,1.82,1.77,2248178
2024-07-10,1.8,1.81,1.82,1.78,1685991
2024-07-11,1.81,1.81,1.835,1.8,1726375
2024-07-12,1.83,1.81,1.8303,1.8,1468448
2024-07-15,1.79,1.77,1.8,1.75,2419510
2024-07-16,1.77,1.82,1.82,1.755,2293942
2024-07-17,1.8,1.8,1.81,1.77,1663772
2024-07-18,1.81,1.78,1.82,1.77,1490831
2024-07-19,1.8,1.78,1.81,1.75,2040399
2024-07-22,1.8,1.82,1.82,1.775,901721
2024-07-23,1.81,1.79,1.81,1.77,1559268
2024-07-24,1.77,1.76,1.79,1.75,859798
2024-07-25,1.76,1.79,1.79,1.76,1011102
2024-07-26,1.79,1.79,1.8,1.77,694278
2024-07-29,1.79,1.8,1.845,1.78,1372759
2024-07-30,1.79,1.76,1.8,1.75,1224615
2024-07-31,1.78,1.79,1.8,1.775,981327
2024-08-01,1.78,1.69,1.785,1.675,3248408
2024-08-02,1.69,1.69,1.72,1.68,1503095
2024-08-05,1.53,1.59,1.6151,1.53,4044667
2024-08-06,1.62,1.59,1.62,1.55,4039977
2024-08-07,1.62,1.57,1.62,1.57,1698581
2024-08-08,1.5,1.58,1.61,1.5,2669669
2024-08-09,1.55,1.58,1.59,1.55,1910881
2024-08-12,1.58,1.57,1.58,1.56,941770
2024-08-13,1.56,1.59,1.6,1.56,1732490
2024-08-14,1.6,1.58,1.6,1.56,1470770
2024-08-15,1.58,1.62,1.66,1.56,3445069
2024-08-16,1.63,1.61,1.64,1.59,2798824
2024-08-19,1.63,1.68,1.69,1.63,3028790
2024-08-20,1.66,1.68,1.7,1.65,2176453
2024-08-21,1.68,1.79,1.79,1.68,2826781
2024-08-22,1.79,1.78,1.8,1.7412,2768009
2024-08-23,1.75,1.8,1.83,1.75,2712952
2024-08-26,1.81,1.68,1.81,1.68,2203761
2024-08-27,1.71,1.69,1.725,1.65,1934312
2024-08-28,1.67,1.62,1.68,1.62,1211888
2024-08-29,1.65,1.66,1.7,1.64,1135080
2024-08-30,1.67,1.69,1.69,1.65,7699032
2024-09-03,1.74,1.68,1.74,1.67,2433925
2024-09-04,1.68,1.67,1.7,1.65,1001592
2024-09-05,1.66,1.68,1.72,1.66,2561184
2024-09-06,1.67,1.69,1.71,1.66,2394825
2024-09-09,1.68,1.69,1.73,1.67,1281597
2024-09-10,1.68,1.7,1.725,1.68,2036926
2024-09-11,1.7,1.67,1.705,1.67,1354783
2024-09-12,1.66,1.67,1.69,1.655,1228090
2024-09-13,1.67,1.65,1.69,1.65,1211534
2024-09-16,1.65,1.65,1.67,1.64,1662846
2024-09-17,1.65,1.65,1.66,1.645,967946
2024-09-18,1.66,1.65,1.66,1.645,1551344
2024-09-19,1.69,1.67,1.69,1.65,1610911
2024-09-20,1.66,1.65,1.67,1.65,3220613
2024-09-23,1.65,1.67,1.7,1.65,773754
2024-09-24,1.74,1.77,1.79,1.72,2647233
2024-09-25,1.75,1.72,1.75,1.72,1716586
2024-09-26,1.84,1.87,1.9,1.8,10491584
2024-09-27,1.9,1.68,1.91,1.665,12676294
2024-09-30,1.86,1.81,1.89,1.78,16208051
2024-10-01,1.81,1.71,1.82,1.66,12621888
2024-10-02,1.88,1.79,1.885,1.75,26372006
2024-10-03,1.78,1.89,1.93,1.75,20994649
2024-10-04,1.94,1.76,1.95,1.74,23461992
2024-10-07,1.85,1.87,1.93,1.8,13008787
2024-10-08,1.75,1.88,1.885,1.74,12555886
2024-10-09,1.8,1.75,1.8297,1.75,7362720
2024-10-10,1.76,1.74,1.78,1.73,3343724
2024-10-11,1.72,1.76,1.77,1.711,2633114
2024-10-14,1.74,1.69,1.76,1.68,5205593
2024-10-15,1.67,1.63,1.69,1.615,9653606
2024-10-16,1.65,1.67,1.706,1.63,7185218
2024-10-17,1.66,1.63,1.665,1.62,2043641
2024-10-18,1.68,1.65,1.69,1.64,5716899
2024-10-21,1.65,1.62,1.655,1.59,4819957
2024-10-22,1.62,1.63,1.64,1.615,1623151
2024-10-23,1.62,1.6,1.63,1.6,4398567
2024-10-24,1.61,1.6,1.615,1.6,1753699
2024-10-25,1.62,1.61,1.63,1.59,4220289
2024-10-28,1.63,1.7,1.71,1.625,3365270
2024-10-29,1.68,1.67,1.72,1.65,2420535
2024-10-30,1.68,1.63,1.68,1.62,2587608
2024-10-31,1.62,1.62,1.63,1.6,3044544
2024-11-01,1.62,1.61,1.63,1.6,2689896
2024-11-04,1.61,1.62,1.64,1.57,7868151
2024-11-05,1.65,1.61,1.65,1.6,7702511
2024-11-06,1.6,1.6,1.64,1.58,11290293
2024-11-07,1.65,1.65,1.68,1.615,9512576
2024-11-08,1.62,1.63,1.64,1.62,1868151
2024-11-11,1.61,1.6,1.63,1.59,2743700
2024-11-12,1.6,1.59,1.61,1.58,3918149
2024-11-13,1.59,1.61,1.63,1.59,2973082
2024-11-14,1.6,1.63,1.65,1.6,4275608
2024-11-15,1.75,1.69,1.75,1.64,8322726
2024-11-18,1.7,1.82,1.84,1.6811,13744662
2024-11-19,1.75,1.76,1.78,1.72,5596502
2024-11-20,1.77,1.82,1.82,1.765,5163885
2024-11-21,1.8,1.78,1.85,1.77,5471290
2024-11-22,1.77,1.8,1.81,1.7508,5423339
2024-11-25,1.8,1.83,1.86,1.79,9343428
2024-11-26,1.81,1.93,1.95,1.805,9082289
2024-11-27,1.94,1.95,1.98,1.92,6572544
2024-11-29,1.93,1.98,2.11,1.93,14914253
2024-12-02,2.03,1.97,2.06,1.965,4602222
2024-12-03,1.96,1.88,1.96,1.88,4645021
2024-12-04,1.88,1.83,1.89,1.83,2115667
2024-12-05,1.89,1.8,1.91,1.8,4437595
2024-12-06,1.82,1.83,1.84,1.815,1512517
2024-12-09,1.9,1.93,1.955,1.89,8033152
2024-12-10,1.88,1.91,1.91,1.84,4240341
2024-12-11,1.86,1.99,2.01,1.86,7554233
2024-12-12,1.98,2.0,2.09,1.98,8221454
2024-12-13,1.98,2.0,2.01,1.98,2923657
2024-12-16,1.97,1.96,1.99,1.93,2966035
2024-12-17,1.92,1.96,2.02,1.92,9176568
2024-12-18,1.98,2.0,2.08,1.98,9165741
2024-12-19,2.03,1.96,2.03,1.95,6121240
2024-12-20,1.95,1.96,1.98,1.94,6169365
2024-12-23,1.96,2.01,2.02,1.955,2410076
2024-12-24,2.02,2.0,2.03,1.99,822612
2024-12-26,2.0,2.06,2.07,1.985,3756632
2024-12-27,2.07,2.12,2.13,2.045,5003233
2024-12-30,2.15,2.18,2.19,2.13,5826036
2024-12-31,2.15,2.16,2.21,2.15,8129837
2025-01-02,2.13,2.21,2.28,2.12,8699207
2025-01-03,2.31,2.2,2.31,2.14,10477031
2025-01-06,2.2,2.2,2.29,2.18,6572615
2025-01-07,2.17,2.2,2.22,2.14,3578186
2025-01-08,2.18,2.19,2.2,2.12,3762676
2025-01-10,2.15,2.15,2.2,2.15,4088881
2025-01-13,2.14,2.15,2.1999,2.13,2644415
2025-01-14,2.17,2.16,2.23,2.16,2569858
2025-01-15,2.17,2.21,2.22,2.16,7191820
2025-01-16,2.19,2.2,2.21,2.18,2113863
2025-01-17,2.2,2.27,2.37,2.195,8613205
2025-01-21,2.32,2.29,2.35,2.27,7747604
2025-01-22,2.28,2.24,2.305,2.23,4094285
2025-01-23,2.24,2.16,2.24,2.14,4058285
2025-01-24,2.18,2.17,2.24,2.16,5878331
2025-01-27,2.16,2.12,2.2,2.11,4906573
2025-01-28,2.12,2.17,2.18,2.11,1295529
2025-01-29,2.18,2.13,2.185,2.13,2583610
2025-01-30,2.13,2.22,2.24,2.13,4178241
2025-01-31,2.21,2.22,2.26,2.21,3034009
2025-02-03,2.2,2.22,2.28,2.16,2101888
2025-02-04,2.22,2.26,2.28,2.21,1841423
2025-02-05,2.25,2.24,2.265,2.235,3133790
2025-02-06,2.26,2.28,2.34,2.245,7091217
2025-02-07,2.33,2.4,2.47,2.325,7949285
2025-02-10,2.4,2.45,2.6,2.38,10015297
2025-02-11,2.45,2.47,2.485,2.38,3889733
2025-02-12,2.44,2.36,2.45,2.35,4613369
2025-02-13,2.34,2.36,2.38,2.34,3100610
2025-02-14,2.45,2.34,2.45,2.29,5790444
2025-02-18,2.34,2.3,2.35,2.295,2583735
2025-02-19,2.28,2.26,2.31,2.26,2676357
2025-02-20,2.26,2.32,2.39,2.26,4817778
2025-02-21,2.33,2.43,2.69,2.325,15297960
2025-02-24,2.4,2.3,2.428,2.18,10459280
2025-02-25,2.29,2.26,2.315,2.25,2638619
2025-02-26,2.3,2.35,2.38,2.295,7328470
2025-02-27,2.32,2.35,2.39,2.2807,4450101
2025-02-28,2.29,2.49,2.53,2.29,14929041
2025-03-03,2.47,2.28,2.48,2.28,4428875
2025-03-04,2.29,2.29,2.37,2.29,2044136
2025-03-05,2.34,2.37,2.37,2.3,2602846
2025-03-06,2.39,2.34,2.42,2.31,5170407
2025-03-07,2.36,2.36,2.43,2.33,2615611
2025-03-10,2.36,2.21,2.36,2.19,4315018
2025-03-11,2.24,2.28,2.32,2.225,2770907
2025-03-12,2.33,2.31,2.3799,2.25,2988055
2025-03-13,2.29,2.35,2.38,2.23,7399067
2025-03-14,2.29,2.26,2.377,2.19,9666976
2025-03-17,2.2,1.96,2.2383,1.91,28816417
2025-03-18,2.04,2.09,2.12,2.02,13161653
2025-03-19,2.08,2.02,2.12,2.0,18791757
2025-03-20,1.98,1.99,2.08,1.963,7009227
2025-03-21,2.0,1.99,2.015,1.96,9462744
2025-03-24,2.0,2.0,2.03,2.0,2760096
2025-03-25,2.0,1.97,2.02,1.96,3041403
2025-03-26,1.98,1.91,2.01,1.91,11287650
2025-03-27,1.92,1.96,2.005,1.92,7014764
2025-03-28,1.94,1.91,1.96,1.87,4502056
2025-03-31,1.88,1.88,1.9,1.87,4227708
2025-04-01,1.9,1.89,1.94,1.86,2477526
2025-04-02,1.89,1.87,1.93,1.87,1709966
2025-04-03,1.83,1.84,1.87,1.82,3840087
2025-04-04,1.715,1.81,1.855,1.71,11476780
2025-04-07,1.69,1.81,1.85,1.69,10149095
2025-04-08,1.83,1.84,1.92,1.81,7041656
2025-04-09,1.82,1.78,1.875,1.76,10285704
2025-04-10,1.8,1.74,1.84,1.735,18769208
2025-04-11,1.79,1.7,1.79,1.69,10059391
