2011-05-23,10.55,10.6,10.72,10.55,17130
2011-05-24,10.65,10.61,10.68,10.59,12930
2011-05-25,10.61,10.63,10.63,10.55,15841
2011-05-26,10.62,10.6,10.626,10.55,9594
2011-05-27,10.63,10.73,10.73,10.59,4667
2011-05-31,10.79,10.91,10.91,10.64,29187
2011-06-01,10.87,10.36,10.9,10.36,17075
2011-06-02,10.4,10.22,10.4,10.21,4421
2011-06-03,10.12,9.97,10.26,9.96,14368
2011-06-06,9.98,9.93,9.99,9.07,35509
2011-06-07,10.01,9.91,10.01,9.91,6156
2011-06-08,9.87,9.85,9.9,9.85,6417
2011-06-09,9.9,9.83,9.91,9.81,8035
2011-06-10,9.83,9.65,9.83,9.65,10999
2011-06-13,9.71,9.52,9.78,9.52,33408
2011-06-14,9.6,9.71,9.73,9.6,25326
2011-06-15,9.63,9.63,9.71,9.6,18338
2011-06-16,9.68,9.68,9.71,9.64,12976
2011-06-17,9.74,9.85,9.87,9.74,32840
2011-06-20,9.83,9.82,9.85,9.78,10544
2011-06-21,9.88,9.9,9.9,9.75,15943
2011-06-22,9.86,9.6,9.86,9.6,7900
2011-06-23,9.53,9.64,9.65,9.5,10069
2011-06-24,9.63,9.93,9.97,9.5,161812
2011-06-27,9.88,10.15,10.26,9.83,17660
2011-06-28,10.13,10.28,10.29,10.11,10137
2011-06-29,10.29,10.29,10.31,10.21,8615
2011-06-30,10.31,10.5,10.75,10.2,26033
2011-07-01,10.475,10.29,10.475,10.241,11296
2011-07-05,10.3,10.29,10.3,10.23,8328
2011-07-06,10.26,10.45,10.52,10.1,15246
2011-07-07,10.48,10.51,10.52,10.38,9409
2011-07-08,10.43,10.48,10.54,10.36,5284
2011-07-11,10.42,10.19,10.42,10.15,9227
2011-07-12,10.23,10.18,10.28,10.06,5120
2011-07-13,10.25,10.39,10.39,10.25,8221
2011-07-14,10.45,10.52,10.6,10.371,12779
2011-07-15,10.54,10.26,10.58,10.25,16243
2011-07-18,10.31,10.04,10.32,10.03,7873
2011-07-19,10.05,10.39,10.39,10.05,9186
2011-07-20,10.4,10.27,10.5,10.27,1471
2011-07-21,10.34,10.57,10.57,10.28,4567
2011-07-22,10.57,10.49,10.57,10.42,4129
2011-07-25,10.42,10.3,10.42,10.26,8571
2011-07-26,10.3,10.08,10.33,10.0,5149
2011-07-27,10.08,10.0,10.8,10.0,27698
2011-07-28,10.05,9.96,10.28,9.8,33557
2011-07-29,9.93,9.77,10.0,9.74,14712
2011-08-01,9.9,9.58,9.9,9.54,22415
2011-08-02,9.53,9.31,9.62,9.31,18732
2011-08-03,9.41,9.47,9.57,9.1708,18947
2011-08-04,9.41,9.21,9.55,9.17,18901
2011-08-05,9.28,9.26,9.5,9.19,25819
2011-08-08,9.04,8.61,9.47,8.25,31255
2011-08-09,8.77,9.15,9.56,8.28,26797
2011-08-10,8.51,8.68,9.16,8.51,24149
2011-08-11,8.84,9.07,9.42,8.7,17928
2011-08-12,9.09,8.57,9.19,8.57,7345
2011-08-15,8.68,8.89,9.1,8.68,8252
2011-08-16,8.95,8.83,9.06,8.66,20868
2011-08-17,8.81,9.03,9.26,8.7,21551
2011-08-18,8.85,8.68,8.9,8.68,21407
2011-08-19,8.6,8.68,9.0,8.6,12368
2011-08-22,8.92,8.71,8.92,8.65,9370
2011-08-23,8.54,8.85,8.88,8.5,16612
2011-08-24,8.84,8.95,8.96,8.73,6338
2011-08-25,9.58,8.91,9.58,8.87,28866
2011-08-26,8.92,9.09,9.13,8.64,8552
2011-08-29,9.14,9.32,9.43,8.94,14949
2011-08-30,9.11,9.2,9.32,8.82,14250
2011-08-31,9.2,8.83,9.37,8.83,19500
2011-09-01,8.95,8.53,9.29,8.52,24465
2011-09-02,8.49,8.19,8.62,8.19,20742
2011-09-06,8.06,8.18,8.6,8.0,22726
2011-09-07,8.21,8.47,8.668,8.21,10578
2011-09-08,8.44,8.14,8.5,8.13,15940
2011-09-09,8.12,7.87,8.24,7.81,19443
2011-09-12,7.8,7.96,8.06,7.8,11619
2011-09-13,8.02,8.2,8.24,8.02,18123
2011-09-14,8.28,8.36,8.38,8.17,14198
2011-09-15,8.46,8.4,8.46,8.28,4653
2011-09-16,8.46,8.28,8.46,8.13,23730
2011-09-19,8.23,8.19,8.36,8.1,18892
2011-09-20,8.25,8.2,8.25,8.13,9467
2011-09-21,8.17,8.2,8.22,8.17,21300
2011-09-22,8.02,7.85,8.22,7.85,25607
2011-09-23,7.87,7.94,8.24,7.869,22328
2011-09-26,7.98,8.23,8.28,7.98,9187
2011-09-27,8.36,8.39,8.69,8.12,18464
2011-09-28,8.4,7.95,8.43,7.95,13146
2011-09-29,8.07,8.14,8.2,8.0,5435
2011-09-30,8.22,8.15,8.22,8.07,30547
2011-10-03,8.03,7.99,8.52,7.89,34786
2011-10-04,7.94,9.42,10.14,7.93,26245
2011-10-05,9.33,8.99,9.33,8.78,24726
2011-10-06,8.96,9.02,9.08,8.45,26600
2011-10-07,8.83,8.08,8.88,7.82,17724
2011-10-10,8.27,8.65,8.68,8.0851,13850
2011-10-11,8.79,8.75,8.89,8.39,24150
2011-10-12,8.92,8.81,8.92,8.75,17841
2011-10-13,8.89,8.63,8.89,8.401,15056
2011-10-14,8.71,8.79,8.79,8.58,11157
2011-10-17,8.7,8.34,8.7,8.25,12796
2011-10-18,8.62,8.8,8.99,8.39,12091
2011-10-19,8.79,8.7,8.91,8.6775,8605
2011-10-20,8.76,8.61,8.76,8.52,4663
2011-10-21,8.8,8.91,8.97,8.78,12172
2011-10-24,8.95,9.01,9.02,8.78,16035
2011-10-25,8.95,8.68,9.0,8.57,10691
2011-10-26,9.0,9.02,9.02,8.68,8491
2011-10-27,9.11,10.0,10.05,8.96,51792
2011-10-28,9.97,10.05,10.09,9.81,10657
2011-10-31,9.89,9.67,9.9,9.67,9211
2011-11-01,9.42,9.11,9.61,8.82,15141
2011-11-02,9.02,9.03,9.52,9.0,26500
2011-11-03,9.18,9.35,9.36,8.88,13884
2011-11-04,9.27,9.24,9.35,9.07,8562
2011-11-07,9.21,9.07,9.21,8.9,12142
2011-11-08,9.31,9.25,9.39,8.95,6521
2011-11-09,9.08,8.78,9.19,8.78,25934
2011-11-10,8.92,8.86,8.98,8.82,7964
2011-11-11,8.9,9.1,9.1,8.8875,9738
2011-11-14,8.98,8.93,9.09,8.83,8202
2011-11-15,8.93,9.02,9.11,8.85,7678
2011-11-16,9.0081,8.76,9.07,8.76,6466
2011-11-17,8.96,9.04,9.05,8.96,14349
2011-11-18,9.03,9.26,9.34,9.0,15603
2011-11-21,9.13,9.2,9.31,8.97,14254
2011-11-22,9.0,9.31,9.56,9.0,7329
2011-11-23,9.27,8.88,9.33,8.88,10644
2011-11-25,8.84,8.6,9.37,8.52,4184
2011-11-28,8.79,9.3,9.36,8.79,16291
2011-11-29,9.46,9.19,9.46,9.19,2482
2011-11-30,9.45,9.92,10.05,9.34,35957
2011-12-01,9.86,9.73,10.01,9.55,25803
2011-12-02,9.89,10.01,10.02,9.77,10035
2011-12-05,10.01,9.98,10.01,9.8,14358
2011-12-06,9.94,9.91,9.94,9.58,16629
2011-12-07,9.82,9.96,10.0,9.82,5311
2011-12-08,9.83,9.19,9.89,9.04,10225
2011-12-09,9.28,9.56,9.64,9.25,12012
2011-12-12,9.4,9.05,9.4,9.0,7422
2011-12-13,9.11,8.98,9.37,8.9752,17010
2011-12-14,8.92,9.48,9.73,8.92,15829
2011-12-15,9.95,9.67,9.95,9.12,13125
2011-12-16,9.77,9.52,9.77,9.28,61504
2011-12-19,9.63,9.33,9.7873,9.32,15616
2011-12-20,9.6,9.95,10.0,9.6,19879
2011-12-21,9.78,9.86,9.93,9.71,5647
2011-12-22,9.94,10.12,10.22,9.84,25320
2011-12-23,10.11,10.07,10.11,10.0,23751
2011-12-27,9.93,10.04,10.07,9.906,22376
2011-12-28,9.9731,9.89,10.0515,9.83,27730
2011-12-29,10.11,10.05,10.11,9.9445,10282
2011-12-30,9.93,9.84,9.99,9.61,6684
2012-01-03,10.1372,10.13,10.2,10.04,17894
2012-01-04,10.02,10.04,10.13,9.85,3838
2012-01-05,10.01,10.16,10.2,10.01,6858
2012-01-06,10.07,10.09,10.2,10.06,13570
2012-01-09,10.14,9.91,10.14,9.86,9702
2012-01-10,10.07,10.07,10.11,9.92,12388
2012-01-11,10.05,9.95,10.05,9.93,5367
2012-01-12,10.02,10.07,10.07,9.86,3253
2012-01-13,9.91,9.9,9.938,9.85,6239
2012-01-17,10.04,9.97,10.04,9.82,12438
2012-01-18,10.01,10.18,10.18,9.99,6726
2012-01-19,10.21,10.08,10.21,9.98,5450
2012-01-20,10.06,10.19,10.19,10.02,10436
2012-01-23,10.22,10.2,10.22,10.03,8571
2012-01-24,10.09,10.21,10.25,10.02,15309
2012-01-25,10.12,10.25,10.27,10.11,14114
2012-01-26,10.36,10.29,10.36,10.2195,11127
2012-01-27,10.23,10.38,10.38,10.23,5672
2012-01-30,10.24,10.29,10.32,10.15,3107
2012-01-31,10.41,10.32,10.41,10.27,4377
2012-02-01,10.44,10.6,10.76,10.39,22699
2012-02-02,10.57,10.76,10.76,10.01,8202
2012-02-03,10.95,10.99,11.15,10.75,24562
2012-02-06,10.96,11.0,11.01,10.94,4487
2012-02-07,10.85,10.98,11.08,10.85,10168
2012-02-08,11.02,11.2,11.22,11.01,4827
2012-02-09,11.15,11.0,11.15,10.98,3419
2012-02-10,10.86,10.74,10.96,10.74,3963
2012-02-13,10.92,10.98,10.98,10.62,2661
2012-02-14,10.77,10.78,10.87,10.68,3749
2012-02-15,10.69,10.55,10.7,10.51,5934
2012-02-16,10.52,10.68,10.68,10.51,9429
2012-02-17,10.7,10.67,10.7,10.59,5681
2012-02-21,10.59,10.47,10.61,10.47,1766
2012-02-22,10.5,10.41,10.61,10.4,15638
2012-02-23,10.48,10.64,10.676,10.48,6366
2012-02-24,10.68,10.37,10.68,10.37,4857
2012-02-27,10.28,10.45,10.45,10.25,754
2012-02-28,10.41,10.46,10.55,10.41,4759
2012-02-29,10.49,10.21,10.53,10.21,11845
2012-03-01,10.31,10.25,10.4,10.24,6820
2012-03-02,10.25,9.77,10.37,9.69,13526
2012-03-05,9.85,10.02,10.28,9.8,4335
2012-03-06,9.87,9.69,9.88,9.65,12355
2012-03-07,9.77,9.93,9.97,9.69,12563
2012-03-08,9.8,9.94,10.12,9.75,4757
2012-03-09,9.89,10.02,10.08,9.89,8312
2012-03-12,9.97,9.91,9.97,9.91,2863
2012-03-13,9.97,10.18,10.2,9.92,8516
2012-03-14,10.17,9.81,10.17,9.73,16236
2012-03-15,9.96,9.75,10.07,9.69,12884
2012-03-16,9.78,9.75,9.88,9.52,41781
2012-03-19,9.87,9.96,9.96,9.72,5037
2012-03-20,9.83,9.8,9.94,9.75,15680
2012-03-21,9.85,9.8,9.96,9.76,3264
2012-03-22,9.66,9.65,9.699,9.54,10218
2012-03-23,9.62,9.83,9.84,9.62,10581
2012-03-26,9.64,10.17,10.19,9.64,8447
2012-03-27,10.17,10.09,10.22,9.91,3440
2012-03-28,10.07,10.03,10.1,9.93,4040
2012-03-29,9.93,10.16,10.16,9.86,3986
2012-03-30,10.16,9.79,10.16,9.66,12238
2012-04-02,9.73,9.84,9.85,9.705,9072
2012-04-03,9.75,9.65,9.77,9.58,6024
2012-04-04,9.55,9.42,9.62,9.38,8708
2012-04-05,9.38,9.42,9.51,9.36,15517
2012-04-09,9.25,9.13,9.3285,9.12,7830
2012-04-10,9.14,9.0,9.14,8.87,21311
2012-04-11,9.19,9.23,9.23,9.0,11726
2012-04-12,9.2,9.21,9.39,9.11,15267
2012-04-13,9.19,8.86,9.19,8.86,16737
2012-04-16,8.89,9.06,9.09,8.89,3254
2012-04-17,9.1,9.22,9.34,9.1,8798
2012-04-18,9.19,9.02,9.254,9.02,8807
2012-04-19,9.07,8.85,9.267,8.85,7810
2012-04-20,9.32,9.04,9.32,8.89,16822
2012-04-23,8.9,8.91,9.03,8.9,18282
2012-04-24,8.96,9.17,9.17,8.96,4362
2012-04-25,9.25,9.35,9.37,9.25,7774
2012-04-26,9.3,9.45,9.45,9.3,4663
2012-04-27,9.43,9.71,9.71,9.32,12076
2012-04-30,9.65,9.44,9.68,9.4,8753
2012-05-01,9.5,9.28,9.82,9.27,10525
2012-05-02,9.27,9.4,9.78,9.22,7781
2012-05-03,9.42,9.46,9.56,9.42,7876
2012-05-04,9.39,8.94,9.754,8.9,14138
2012-05-07,8.96,9.08,9.16,8.96,4454
2012-05-08,8.97,9.3,9.53,8.97,7648
2012-05-09,9.15,8.98,9.16,8.86,11129
2012-05-10,9.05,8.91,9.1,8.86,10532
2012-05-11,8.87,8.91,9.0,8.87,5332
2012-05-14,8.82,8.86,8.92,8.61,16342
2012-05-15,8.9,8.89,9.02,8.76,15530
2012-05-16,8.97,8.2,8.97,7.95,23255
2012-05-17,8.31,8.25,8.355,8.21,19620
2012-05-18,8.23,8.13,8.29,8.1,37184
2012-05-21,8.15,8.08,8.24,8.0,57935
2012-05-22,8.05,8.14,8.18,8.05,42151
2012-05-23,8.14,8.21,8.25,8.14,26523
2012-05-24,8.25,8.17,8.4,8.1,36856
2012-05-25,8.14,8.05,8.24,8.05,25407
2012-05-29,8.17,8.09,8.23,8.09,14105
2012-05-30,8.08,8.05,8.24,8.05,20132
2012-05-31,8.06,8.04,8.27,8.04,239470
2012-06-01,7.94,7.82,8.16,7.75,38251
2012-06-04,7.85,7.96,7.97,7.85,15750
2012-06-05,7.93,7.96,8.07,7.91,26020
2012-06-06,8.0,8.43,8.44,8.0,19050
2012-06-07,8.51,8.66,8.735,8.5,15599
2012-06-08,8.57,8.65,8.71,8.56,9496
2012-06-11,8.69,8.2,8.85,8.2,19189
2012-06-12,8.2,8.62,8.6916,8.2,11320
2012-06-13,8.64,8.44,8.82,8.37,11171
2012-06-14,8.55,8.8,8.86,8.55,13661
2012-06-15,8.77,8.8,8.88,8.75,27099
2012-06-18,8.72,8.38,8.72,8.282,13008
2012-06-19,8.38,8.79,8.79,8.38,10681
2012-06-20,8.74,8.73,8.8,8.65,10385
2012-06-21,8.75,8.44,8.8,8.31,12199
2012-06-22,8.3,8.93,8.94,8.2,106934
2012-06-25,8.68,8.73,8.86,8.68,7943
2012-06-26,8.74,8.87,8.94,8.64,6152
2012-06-27,8.84,9.0,9.0,8.84,13359
2012-06-28,8.97,8.52,8.98,8.49,18443
2012-06-29,8.69,8.52,8.87,8.36,31286
2012-07-02,8.55,8.9,8.94,8.54,16413
2012-07-03,8.89,9.0,9.0,8.89,6577
2012-07-05,8.8,9.15,9.22,8.8,13897
2012-07-06,9.02,9.09,9.23,9.02,13907
2012-07-09,9.04,9.18,9.19,9.04,6664
2012-07-10,9.21,9.32,9.34,9.15,8642
2012-07-11,9.33,9.29,9.34,9.2101,14451
2012-07-12,9.06,9.25,9.34,9.06,16889
2012-07-13,9.33,9.58,9.59,9.33,9603
2012-07-16,9.77,9.45,9.79,9.27,30670
2012-07-17,9.49,9.42,9.83,8.92,28338
2012-07-18,9.4,9.23,9.67,9.17,24054
2012-07-19,9.29,9.32,9.56,9.29,8366
2012-07-20,9.28,8.84,9.5,8.67,40093
2012-07-23,8.63,8.69,9.43,8.6,42090
2012-07-24,8.71,8.88,9.17,8.71,14360
2012-07-25,8.99,8.8,9.1,8.66,33560
2012-07-26,9.01,9.24,9.43,8.93,22983
2012-07-27,9.23,9.2,9.23,8.83,25707
2012-07-30,9.21,8.89,9.32,8.75,13108
2012-07-31,8.84,9.09,9.22,8.84,22110
2012-08-01,9.125,8.8,9.33,8.66,31339
2012-08-02,8.77,8.82,9.11,8.65,21228
2012-08-03,9.06,9.23,9.31,8.71,37723
2012-08-06,9.21,9.06,9.28,8.89,13258
2012-08-07,9.17,9.21,9.35,8.87,34790
2012-08-08,9.18,9.1,9.28,8.91,18239
2012-08-09,9.08,8.95,9.27,8.82,30128
2012-08-10,8.91,9.01,9.19,8.91,5839
2012-08-13,9.01,9.15,9.18,8.9,14187
2012-08-14,9.16,9.12,9.24,9.05,25384
2012-08-15,9.1,9.25,9.27,8.97,15853
2012-08-16,9.23,9.29,9.33,9.061,37088
2012-08-17,9.25,9.45,9.71,9.21,28863
2012-08-20,9.45,9.36,9.57,9.231,17524
2012-08-21,9.25,9.41,9.6,9.06,34042
2012-08-22,9.34,9.19,9.42,9.18,13961
2012-08-23,9.27,9.17,9.34,9.17,5211
2012-08-24,9.21,9.23,9.45,9.12,17145
2012-08-27,9.15,9.31,9.38,9.15,11221
2012-08-28,9.31,9.3,9.43,9.25,25025
2012-08-29,9.35,9.4,9.58,9.28,26810
2012-08-30,9.315,9.26,9.4,9.22,18363
2012-08-31,9.31,9.4,9.4,9.3,1985
2012-09-04,9.33,9.4,9.45,9.21,54735
2012-09-05,9.45,9.42,9.49,9.35,44970
2012-09-06,9.4,9.44,9.59,9.35,63754
2012-09-07,9.36,9.38,9.5001,9.3,34754
2012-09-10,9.3401,9.36,9.5,9.3,22058
2012-09-11,9.32,9.34,9.43,9.31,6996
2012-09-12,9.34,9.33,9.35,9.3,8433
2012-09-13,9.39,9.57,9.7,9.37,28683
2012-09-14,9.57,9.55,9.6,9.5,22498
2012-09-17,9.48,9.5,9.55,9.36,7325
2012-09-18,9.45,9.47,9.4801,9.35,13648
2012-09-19,9.4,9.41,9.52,9.35,18466
2012-09-20,9.32,9.43,9.5,9.32,6806
2012-09-21,9.5,9.49,9.52,9.35,53460
2012-09-24,9.46,9.59,9.69,9.41,24928
2012-09-25,9.6,9.5,9.65,9.46,16088
2012-09-26,9.6984,9.6,9.71,9.56,4908
2012-09-27,9.58,9.78,9.79,9.58,5281
2012-09-28,9.67,8.9,9.67,8.9,89135
2012-10-01,8.95,8.89,9.26,8.75,30936
2012-10-02,8.86,8.86,9.0,8.75,42908
2012-10-03,8.9,8.89,8.98,8.61,49345
2012-10-04,8.75,8.88,8.91,8.7,18042
2012-10-05,8.98,8.93,9.23,8.76,43650
2012-10-08,9.1,9.0,9.16,8.8,15146
2012-10-09,8.99,8.91,9.03,8.79,14095
2012-10-10,9.0,9.04,9.085,8.79,18164
2012-10-11,9.07,9.05,9.2501,8.93,14155
2012-10-12,8.89,9.07,9.39,8.89,33302
2012-10-15,9.04,9.11,9.24,9.04,10551
2012-10-16,9.1601,9.13,9.18,9.13,5880
2012-10-17,9.16,9.16,9.27,9.16,4458
2012-10-18,9.2236,9.0,9.2236,8.97,5607
2012-10-19,8.95,8.96,9.22,8.85,40243
2012-10-22,9.0,8.95,9.09,8.87,5044
2012-10-23,8.91,8.92,9.26,8.86,46251
2012-10-24,8.93,9.04,9.09,8.93,4786
2012-10-25,9.13,9.01,9.22,8.99,16852
2012-10-26,8.89,8.99,9.0001,8.89,4311
2012-10-31,8.95,8.81,8.95,8.75,10005
2012-11-01,8.615,8.77,9.08,8.615,31509
2012-11-02,8.83,8.53,8.84,8.41,17472
2012-11-05,8.43,8.45,8.45,8.34,9542
2012-11-06,8.43,8.51,8.56,8.29,10721
2012-11-07,8.41,8.39,8.58,8.32,13644
2012-11-08,8.35,8.35,8.55,8.31,18558
2012-11-09,8.35,8.35,8.63,8.27,35134
2012-11-12,8.37,8.39,8.41,8.3,11500
2012-11-13,8.35,8.37,8.46,8.35,14388
2012-11-14,8.35,8.33,8.3701,8.26,31875
2012-11-15,8.31,8.27,8.42,8.21,10072
2012-11-16,8.23,8.33,8.409,8.23,14878
2012-11-19,8.45,8.41,8.47,8.25,14501
2012-11-20,8.38,8.36,8.43,8.265,8256
2012-11-21,8.42,8.44,8.45,8.31,2220
2012-11-23,8.44,8.44,8.48,8.3,8485
2012-11-26,8.45,8.41,8.475,8.31,9336
2012-11-27,8.58,8.33,8.58,8.26,11138
2012-11-28,8.32,8.31,8.38,8.27,3656
2012-11-29,8.38,8.43,8.44,8.3,3855
2012-11-30,8.44,8.46,8.46,8.35,17834
2012-12-03,8.49,8.48,8.49,8.43,2682
2012-12-04,8.36,8.41,8.43,8.35,4867
2012-12-05,8.45,8.42,8.45,8.35,14535
2012-12-06,8.39,8.39,8.39,8.28,9677
2012-12-07,8.45,8.36,8.45,8.36,6199
2012-12-10,8.41,8.4,8.48,8.36,13844
2012-12-11,8.4,8.4,8.4,8.38,14490
2012-12-12,8.41,8.38,8.41,8.37,4625
2012-12-13,8.39,8.37,8.49,8.35,8188
2012-12-14,8.32,8.43,8.51,8.32,7122
2012-12-17,8.45,8.51,8.55,8.36,12278
2012-12-18,8.52,9.06,9.112,8.51,61097
2012-12-19,9.1,9.26,9.32,9.1,8831
2012-12-20,14.55,15.15,15.91,14.55,477450
2012-12-21,15.0,15.1,15.15,14.8,250766
2012-12-24,14.96,14.92,15.1,14.81,33342
2012-12-26,14.92,15.04,15.05,14.58,130279
2012-12-27,14.8,14.9,14.96,14.71,35209
2012-12-28,14.98,14.9,15.04,14.8,61640
2012-12-31,14.89,15.12,15.13,14.65,126576
2013-01-02,15.26,15.61,15.73,15.076,84198
2013-01-03,15.59,15.82,15.89,15.16,76322
2013-01-04,15.82,15.75,15.86,15.64,42246
2013-01-07,15.61,15.63,15.75,15.45,26606
2013-01-08,15.55,15.64,15.7199,15.49,36776
2013-01-09,15.64,15.62,15.695,15.15,36017
2013-01-10,15.61,15.6,15.67,15.51,25039
2013-01-11,15.5,15.48,15.52,15.221,38191
2013-01-14,15.28,15.35,15.44,15.22,26884
2013-01-15,15.3,15.35,15.35,15.231,32370
2013-01-16,15.18,15.25,15.34,15.18,31750
2013-01-17,15.33,15.36,15.39,15.28,21822
2013-01-18,15.31,15.35,15.38,15.16,23602
2013-01-22,15.36,15.47,15.47,15.23,48697
2013-01-23,15.4,15.25,15.45,15.23,23903
2013-01-24,15.32,15.2,15.32,15.1,22490
2013-01-25,15.28,15.17,15.28,15.01,24788
2013-01-28,15.22,15.14,15.22,15.0,11794
2013-01-29,15.07,15.33,15.33,14.98,52749
2013-01-30,15.26,15.03,15.26,15.02,103907
2013-01-31,14.96,15.08,15.105,14.55,19866
2013-02-01,15.1,15.37,15.38,14.95,13833
2013-02-08,15.52,15.6,15.64,15.48,13462
2013-02-11,15.67,15.58,15.67,15.46,8148
2013-02-12,15.5,15.554,15.61,15.5,8102
2013-02-13,15.484,15.65,15.69,15.47,14870
2013-02-14,15.59,15.44,15.63,15.37,12427
2013-02-15,15.52,15.43,15.56,15.32,46376
2013-02-19,15.47,15.64,15.65,15.45,129240
2013-02-20,15.65,15.35,15.69,15.35,46665
2013-02-21,15.38,15.23,15.47,15.23,11049
2013-02-22,15.35,15.28,15.35,15.12,47044
2013-02-25,15.34,14.95,15.36,14.95,42898
2013-02-26,15.08,15.07,15.15,14.86,7363
2013-02-27,15.1001,15.02,15.2,14.9165,12762
2013-02-28,14.95,15.04,15.13,14.95,8713
2013-03-01,14.63,15.17,15.31,14.63,23924
2013-03-04,14.94,15.34,15.4,14.94,67634
2013-03-05,15.42,15.41,15.5,15.1,16636
2013-03-06,15.46,15.36,15.37,15.32,725
2013-03-07,15.41,15.48,15.48,15.2,69770
2013-03-08,15.5,15.45,15.55,15.35,18179
2013-03-11,15.44,15.27,15.44,15.2,6504
2013-03-12,15.33,15.17,15.33,15.12,5195
2013-03-13,15.23,15.35,15.358,15.24,3393
2013-03-14,15.37,15.51,15.55,15.34,3267
2013-03-15,15.45,15.57,15.57,15.38,69550
2013-03-18,15.16,15.41,15.6,15.16,9170
2013-03-19,15.35,15.51,15.69,15.35,6868
2013-03-20,15.62,15.67,15.7,15.46,6661
2013-03-21,15.51,15.77,15.86,15.51,32197
2013-03-22,15.79,15.79,15.82,15.69,8921
2013-03-25,15.83,16.0,16.02,15.72,13152
2013-03-26,16.0,16.01,16.02,15.96,4476
2013-03-27,15.83,16.07,16.09,15.83,11221
2013-03-28,16.11,16.06,16.17,16.01,20007
2013-04-01,16.04,15.97,16.09,15.9,8003
2013-04-02,16.11,15.88,16.15,15.82,9530
2013-04-03,15.86,15.72,15.82,15.72,9724
2013-04-04,15.72,15.94,15.94,15.694,4602
2013-04-05,15.62,15.93,16.04,15.62,20420
2013-04-08,15.93,16.08,16.08,15.93,20375
2013-04-09,16.06,16.02,16.165,16.02,24016
2013-04-10,16.12,16.46,16.46,16.11,19208
2013-04-11,16.44,16.55,16.55,16.42,5856
2013-04-12,16.51,16.47,16.53,16.42,7481
2013-04-15,16.33,16.2,16.49,16.14,35637
2013-04-16,16.3,16.54,16.57,16.24,11992
2013-04-17,16.37,16.16,16.46,16.12,26654
2013-04-18,16.22,16.2,16.26,16.14,90489
2013-04-19,16.17,16.56,16.56,16.17,14084
2013-04-22,16.47,16.47,16.48,16.19,13269
2013-04-23,16.4,16.74,16.75,16.38,14282
2013-04-24,16.62,16.77,16.82,16.62,11131
2013-04-25,16.78,16.84,16.95,16.68,5583
2013-04-26,16.82,16.55,16.82,16.55,8136
2013-04-29,16.67,16.56,16.67,16.56,8521
2013-04-30,16.63,17.02,17.05,16.54,34101
2013-05-01,17.07,16.54,16.95,16.51,32895
2013-05-02,16.69,16.8,16.86,16.54,9607
2013-05-03,16.8,16.99,17.1,16.8,16169
2013-05-06,17.01,17.03,17.0975,16.97,27053
2013-05-07,17.01,17.09,17.15,16.97,54508
2013-05-08,17.01,17.12,17.2,17.04,75998
2013-05-09,17.07,16.94,17.05,16.94,5206
2013-05-10,17.0,16.87,17.0,16.81,5589
2013-05-13,16.8,17.0,17.05,16.81,16431
2013-05-14,17.09,17.2,17.2,17.05,20978
2013-05-15,17.1,17.27,17.42,17.15,15111
2013-05-16,17.25,17.27,17.305,17.06,12723
2013-05-17,17.3,17.28,17.36,17.19,18503
2013-05-20,17.23,17.14,17.36,17.09,12472
2013-05-21,17.19,17.28,17.36,17.13,5288
2013-05-22,17.25,17.35,17.64,17.2001,18179
2013-05-23,17.27,17.26,17.4,17.24,10242
2013-05-24,17.23,17.51,17.54,17.23,12150
2013-05-28,17.61,17.69,17.8,17.52,21610
2013-05-29,17.71,17.43,17.69,17.32,21621
2013-05-30,17.45,17.5,17.62,17.45,6841
2013-05-31,17.38,17.05,17.38,17.05,14435
2013-06-03,17.16,17.26,17.3,16.88,25510
2013-06-04,17.27,16.95,17.32,16.94,7746
2013-06-05,16.97,16.86,17.15,16.82,6270
2013-06-06,16.89,17.19,17.27,16.91,18115
2013-06-07,17.26,17.24,17.35,17.061,16866
2013-06-10,17.35,17.61,17.62,17.17,14694
2013-06-11,17.56,17.49,17.65,17.4,7166
2013-06-12,17.53,17.09,17.54,17.05,9066
2013-06-13,17.09,17.37,17.38,17.08,9963
2013-06-14,17.39,17.04,17.41,17.0,4466
2013-06-17,17.17,17.2,17.325,16.86,11076
2013-06-18,17.18,17.59,17.625,17.18,19888
2013-06-19,17.57,17.59,17.8075,17.56,24375
2013-06-20,17.38,17.55,17.61,17.36,36922
2013-06-21,17.63,17.7,17.99,17.52,45314
2013-06-24,17.56,17.46,17.65,17.38,15049
2013-06-25,17.67,17.76,17.8,17.44,17959
2013-06-26,17.88,17.95,18.0,17.64,25886
2013-06-27,18.07,18.38,18.44,18.07,20658
2013-06-28,18.32,18.16,18.43,18.15,269882
2013-07-01,18.05,18.49,18.7,18.05,22308
2013-07-02,18.42,18.58,18.77,18.1,17864
2013-07-03,18.53,18.6,18.75,18.1,20270
2013-07-05,18.86,19.23,19.23,18.83,26765
2013-07-08,19.23,19.3,19.35,19.08,40991
2013-07-09,19.3,19.38,19.42,18.97,43791
2013-07-10,19.4,19.09,19.4,19.01,11851
2013-07-11,19.28,19.05,19.44,18.84,16786
2013-07-12,18.98,19.08,19.18,18.61,24500
2013-07-15,19.16,19.19,19.24,18.76,16517
2013-07-16,19.22,19.1,19.2325,18.651,22111
2013-07-17,19.11,19.16,19.23,18.77,16875
2013-07-18,19.12,19.25,19.29,19.12,19027
2013-07-19,19.18,19.26,19.29,19.07,23502
2013-07-22,19.09,19.42,19.45,19.09,26860
2013-07-23,19.45,19.44,19.45,19.17,14322
2013-07-24,19.45,19.46,19.54,19.29,18132
2013-07-25,19.48,19.42,19.6,19.38,23938
2013-07-26,19.24,19.35,19.49,19.0301,14347
2013-07-29,19.27,19.11,19.34,19.05,11081
2013-07-30,19.24,19.09,19.36,19.09,12213
2013-07-31,19.2,19.1,19.39,19.06,19019
2013-08-01,19.36,19.25,19.39,19.09,16021
2013-08-02,19.23,19.16,19.27,19.08,13874
2013-08-05,19.08,19.42,19.49,19.06,20959
2013-08-06,19.35,19.35,19.49,19.3075,20226
2013-08-07,19.35,19.26,19.4,19.18,8087
2013-08-08,19.3,19.26,19.35,19.22,6200
2013-08-09,19.23,19.18,19.33,19.071,2478
2013-08-12,19.07,18.99,19.19,18.99,866
2013-08-13,19.03,18.55,18.9,18.55,2226
2013-08-14,18.52,18.61,18.75,18.52,3612
2013-08-15,18.42,18.32,18.49,18.28,8801
2013-08-16,18.22,18.26,18.43,18.22,7402
2013-08-19,18.25,18.21,18.34,18.17,5413
2013-08-20,18.18,18.64,18.66,18.18,5962
2013-08-21,18.57,18.31,18.52,18.3,23517
2013-08-22,18.33,18.5,18.5,17.5,11582
2013-08-23,18.5,18.52,18.52,18.4301,1526
2013-08-26,18.56,18.33,18.46,18.3,8667
2013-08-27,18.15,17.81,18.15,17.72,23905
2013-08-28,17.85,17.73,17.87,17.685,12741
2013-08-29,17.66,17.87,17.88,17.8,17563
2013-08-30,17.88,17.96,17.96,17.75,25937
2013-09-03,18.11,18.06,18.14,17.93,4524
2013-09-04,18.09,18.45,18.475,18.09,10419
2013-09-05,18.48,18.37,18.48,18.33,12025
2013-09-06,18.45,18.35,18.45,18.13,8758
2013-09-09,18.37,18.4,18.4,18.161,6804
2013-09-10,18.47,18.47,18.49,18.33,6727
2013-09-11,18.37,18.49,18.51,18.14,76765
2013-09-12,18.54,18.48,18.7,18.42,93084
2013-09-13,18.57,18.36,18.8,18.32,29438
2013-09-16,18.56,18.46,18.46,18.24,15437
2013-09-17,18.45,18.72,18.75,18.42,57159
2013-09-18,18.69,18.96,19.1,18.68,17905
2013-09-19,18.95,18.64,18.95,18.391,21148
2013-09-20,18.64,18.96,19.045,18.55,24885
2013-09-23,18.9,18.71,18.85,18.63,22898
2013-09-24,18.67,18.79,19.08,18.67,14759
2013-09-25,18.83,18.76,18.9,18.69,8903
2013-09-26,18.78,18.8,18.84,18.63,8648
2013-09-27,18.67,18.85,18.915,18.67,24461
2013-09-30,18.68,18.59,18.78,18.59,84145
2013-10-01,18.65,18.86,18.86,18.61,14924
2013-10-02,18.73,18.73,18.855,17.68,17743
2013-10-03,18.69,18.72,18.84,17.7,20592
2013-10-04,18.69,18.75,18.915,18.69,7691
2013-10-07,18.68,18.56,18.77,18.56,7286
2013-10-08,18.605,18.37,18.64,18.31,8903
2013-10-09,18.4,18.39,18.54,18.37,3846
2013-10-10,18.63,18.69,18.9,18.41,21190
2013-10-11,18.7,18.91,18.98,18.56,15382
2013-10-14,18.81,19.09,19.09,18.46,13372
2013-10-15,19.16,19.14,19.3,19.08,15525
2013-10-16,19.31,19.15,19.19,19.02,3183
2013-10-17,19.06,19.14,19.42,19.14,16388
2013-10-18,19.32,19.44,19.45,19.16,20933
2013-10-21,19.33,19.21,19.45,19.142,45616
2013-10-22,19.3,19.34,19.425,19.23,8653
2013-10-23,19.18,19.24,19.37,19.18,7282
2013-10-24,19.2,19.45,19.59,19.18,20093
2013-10-25,19.5,20.2,20.3,19.2,60158
2013-10-28,20.2,20.31,20.55,20.3,16874
2013-10-29,20.43,20.2,20.83,20.09,35206
2013-10-30,20.28,20.04,20.33,19.99,64858
2013-10-31,20.07,19.46,20.15,19.46,40258
2013-11-01,19.42,19.05,20.02,18.98,50512
2013-11-04,19.16,19.09,19.27,18.86,48160
2013-11-05,19.03,18.99,19.13,18.89,58101
2013-11-06,18.99,19.18,19.29,18.91,31610
2013-11-07,19.31,19.09,19.16,19.0,22419
2013-11-08,19.06,19.6,19.73,19.06,36533
2013-11-11,19.63,19.37,19.66,19.26,26246
2013-11-12,19.28,19.29,19.48,19.05,28443
2013-11-13,19.17,19.39,19.45,19.1,14872
2013-11-14,19.44,19.74,19.95,19.344,14370
2013-11-15,19.7,19.73,19.86,19.6618,8610
2013-11-18,19.75,19.63,20.04,19.62,16254
2013-11-19,19.8,19.56,19.8,19.56,3369
2013-11-20,19.67,19.58,19.69,19.54,3092
2013-11-21,19.7,19.76,19.91,19.69,6740
2013-11-22,19.82,19.75,19.9,19.53,13127
2013-11-25,19.79,19.87,19.95,19.79,201859
2013-11-26,19.88,19.72,19.9,19.63,17766
2013-11-27,19.68,19.9,19.9,19.75,10487
2013-11-29,19.9,19.85,19.9,19.69,4576
2013-12-02,19.83,19.31,19.83,19.29,12315
2013-12-03,19.85,20.78,20.86,19.85,78755
2013-12-04,20.66,20.74,21.03,20.66,13271
2013-12-05,20.74,20.74,20.8,20.68,6979
2013-12-06,20.96,21.06,21.19,20.96,12191
2024-01-09,10.0,2.9,11.8,2.9,4601064
2024-01-10,2.43,3.95,5.6299,2.3,25792270
2024-01-11,4.18,4.04,6.73,3.95,40416888
2024-01-12,4.7,4.03,4.9,3.76,4884115
2024-01-16,3.66,3.91,3.91,3.25,946466
2024-01-17,4.27,1.14,5.11,1.0,15936265
2024-01-18,1.24,1.29,1.35,1.11,7888379
2024-01-19,1.1,1.11,1.16,1.05,2205117
2024-01-22,0.9551,0.91,1.0,0.88,2116675
2024-01-23,0.97,0.93,1.04,0.91,2007257
2024-01-24,0.91,1.04,1.06,0.85,1506989
2024-01-25,1.0,1.03,1.17,0.96,1287316
2024-01-26,0.9755,0.9033,0.98,0.901,604274
2024-01-29,0.9035,0.845,0.93,0.81,740250
2024-01-30,0.85,0.778,0.85,0.7601,701352
2024-01-31,0.7379,0.7161,0.75,0.7021,629493
2024-02-01,0.7161,0.751,0.76,0.6801,3217303
2024-02-02,1.01,0.9051,1.01,0.832,7271215
2024-02-05,0.81,0.80405,0.8478,0.75,1520691
2024-02-06,0.77,0.8151,0.85,0.75,610759
2024-02-07,0.8,0.7671,0.82,0.7376,2078165
2024-02-08,1.02,1.14,1.19,0.87,8598328
2024-02-09,1.07,1.02,1.08,0.89,1899567
2024-02-12,0.9374,1.27,1.32,0.93,2861262
2024-02-13,1.25,1.15,1.28,1.03,1424863
2024-02-14,1.19,1.08,1.19,1.05,667249
2024-02-15,1.2,1.43,1.6,1.142,6344113
2024-02-16,1.38,1.27,1.43,1.17,1414767
2024-02-20,1.3,1.4,1.44,1.21,1182319
2024-02-21,1.32,1.53,1.6,1.31,1368884
2024-02-22,1.64,1.83,2.28,1.57,8071672
2024-02-23,1.83,1.62,1.85,1.55,1106122
2024-02-26,1.6,1.4,1.6387,1.34,822196
2024-02-27,1.27,1.16,1.36,1.13,861618
2024-02-28,1.11,1.21,1.25,1.04,732141
2024-02-29,1.22,0.9,1.22,0.8606,840506
2024-03-01,0.92,1.36,1.43,0.919801,3032960
2024-03-04,1.5,1.49,1.66,1.38,2065061
2024-03-05,1.35,1.3,1.42,1.25,597071
2024-03-06,1.28,1.32,1.4,1.22,526681
2024-03-07,1.28,1.17,1.32,1.17,332373
2024-03-08,1.16,1.0856,1.18,1.06,249268
2024-03-11,1.12,1.195,1.24,1.0701,391474
2024-03-12,1.15,1.24,1.3053,1.15,244125
2024-03-13,1.18,1.24,1.28,1.15,188683
2024-03-14,1.24,1.06,1.24,0.97,611401
2024-03-15,1.13,1.07,1.14,1.0348,242237
2024-03-18,1.08,1.03,1.1,1.0,171687
2024-03-19,1.03,1.02,1.06,0.9702,133466
2024-03-20,1.02,1.03,1.07,0.99,178446
2024-03-21,1.08,1.0,1.08,0.96,182015
2024-03-22,0.9901,0.9601,1.005,0.9311,110650
2024-03-25,1.0,0.98,1.01,0.95,113935
2024-03-26,0.97,1.03,1.04,0.97,132134
2024-03-27,1.0,1.0,1.02,0.9604,76168
2024-03-28,1.0,1.03,1.06,0.9801,123665
2024-04-01,0.9977,1.06,1.18,0.9933,407369
2024-04-02,1.07,1.05,1.13,1.03,125674
2024-04-03,1.03,1.02,1.0641,1.02,90411
2024-04-04,1.07,0.9999,1.08,0.9601,123733
2024-04-05,0.97,0.9563,1.03,0.9472,69110
2024-04-08,0.94,0.89,0.987,0.8,221254
2024-04-09,0.8633,0.8501,0.910051,0.8451,78215
2024-04-10,0.867,0.821,0.867,0.8023,87976
2024-04-11,0.821,0.8274,0.849,0.8028,30285
2024-04-12,0.85,0.824,0.9186,0.7743,502076
2024-04-15,0.82,0.755501,0.829,0.751,138743
2024-04-16,0.75,0.71,0.75,0.6801,241732
2024-04-17,0.76,0.715,0.76,0.6852,110959
2024-04-18,0.73,0.75,0.75,0.69,112057
2024-04-19,0.711,0.74,0.75,0.7001,65873
2024-04-22,0.75,0.73,0.75,0.7034,159925
2024-04-23,0.72,0.723,0.74,0.6928,107007
2024-04-24,0.7345,0.7988,0.7988,0.7177,290222
2024-04-25,0.86,0.782,0.86,0.7688,94972
2024-04-26,0.86,0.7742,0.86,0.7315,76361
2024-04-29,0.79,0.733,0.79,0.7055,115815
2024-04-30,0.7355,0.729899,0.744234,0.68,111757
2024-05-01,0.71,0.678478,0.728,0.661,55525
2024-05-02,0.693,0.711,0.721,0.658,202933
2024-05-03,0.75,0.7186,0.777,0.67,1066773
2024-05-06,0.707,0.6955,0.725,0.6825,105327
2024-05-07,0.72,0.75,0.7739,0.6955,211040
2024-05-08,0.7499,0.751892,0.763,0.7229,64909
2024-05-09,0.76,0.7591,0.8,0.7137,86266
2024-05-10,0.76,0.7275,0.7936,0.72,73763
2024-05-13,0.7385,0.7106,0.7392,0.71,32925
2024-05-14,0.74,0.7428,0.81,0.715,273622
2024-05-15,0.7392,0.708,0.78,0.6603,187840
2024-05-16,0.72,0.705,0.7299,0.68,83116
2024-05-17,0.79,0.765,0.79,0.7363,412254
2024-05-20,0.7897,0.79,0.89,0.7411,633063
2024-05-21,0.79,0.7497,0.8085,0.7352,112780
2024-05-22,0.712,0.7228,0.75,0.7,139127
2024-05-23,0.7003,0.69,0.72,0.6701,140154
2024-05-24,0.71,0.6828,0.73,0.6828,105717
2024-05-28,0.694,0.6815,0.719653,0.668,125723
2024-05-29,0.67,0.6701,0.7148,0.66515,68709
2024-05-30,0.671984,0.6477,0.6823,0.63,106901
2024-05-31,0.6351,0.6452,0.67,0.63,41112
2024-06-03,0.63,0.5808,0.6301,0.5125,174834
2024-06-04,0.591,0.60079,0.62,0.59,104206
2024-06-05,0.612,0.618,0.66,0.59,86230
2024-06-06,0.6226,0.516,0.639999,0.500976,449782
2024-06-07,0.5005,0.5,0.52,0.482,240340
2024-06-10,0.418,0.485,0.4999,0.4002,363051
2024-06-11,0.4704,0.57,0.6,0.47,251509
2024-06-12,0.56,0.53,0.5999,0.53,139248
2024-06-13,0.5754,0.5578,0.5998,0.5133,210682
2024-06-14,0.5497,0.5411,0.58,0.5203,29876
2024-06-17,0.5575,0.522,0.5575,0.52,56500
2024-06-18,0.5368,0.5356,0.5683,0.52,37192
2024-06-20,0.5379,0.515,0.549,0.515,89141
2024-06-21,0.54,0.5249,0.54,0.51101,64226
2024-06-24,0.5002,0.5205,0.5274,0.5,50366
2024-06-25,0.524,0.52,0.54,0.52,63230
2024-06-26,0.54,0.6119,0.621,0.53,118573
2024-06-27,0.62,0.68,0.7184,0.62,106908
2024-06-28,0.71,0.63,0.71,0.6015,116728
2024-07-01,0.6111,0.611,0.650149,0.61,47992
2024-07-02,0.6309,0.61201,0.6309,0.6119,15043
2024-07-03,0.6197,0.573,0.6197,0.5722,114878
2024-07-05,0.568,0.575,0.5999,0.568,48382
2024-07-08,0.582,0.65,0.68,0.582,80694
2024-07-09,0.6305,0.6,0.6324,0.595,116066
2024-07-10,0.586,0.586,0.604,0.586,44928
2024-07-11,0.6,0.59,0.6155,0.585,47595
2024-07-12,0.596,0.61,0.618,0.59,30800
2024-07-15,0.6002,0.602,0.6199,0.59151,56094
2024-07-16,0.611,0.5899,0.611,0.5841,59861
2024-07-17,0.59,0.5739,0.6099,0.57,109498
2024-07-18,0.58,0.557,0.7913,0.5401,2162076
2024-07-19,0.542,0.535,0.56,0.5235,129651
2024-07-22,0.5565,0.5471,0.5565,0.5261,85039
2024-07-23,0.547,0.576,0.6034,0.54,112867
2024-07-24,0.57,0.5512,0.575,0.53,57781
2024-07-25,0.55,0.584,0.584,0.54,51413
2024-07-26,0.576,0.56,0.5795,0.5501,55793
2024-07-29,0.56,0.5599,0.5854,0.555,129191
2024-07-30,0.565,0.5887,0.6,0.555,99984
2024-07-31,0.605,0.589,0.605,0.5751,38248
2024-08-01,0.58,0.575,0.58,0.551,66718
2024-08-02,0.5699,0.5655,0.58,0.525,84036
2024-08-05,0.51,0.54,0.559,0.51,75861
2024-08-06,0.536601,0.565,0.565,0.536601,25891
2024-08-07,0.5403,0.5424,0.555,0.52,63125
2024-08-08,0.5204,0.53,0.544,0.5204,79027
2024-08-09,0.55,0.5519,0.5519,0.525,23677
2024-08-12,0.525,0.5225,0.558,0.52,12824
2024-08-13,0.5583,0.5467,0.5583,0.52,34661
2024-08-14,0.54,0.5251,0.540001,0.525,23462
2024-08-15,0.52,0.54,0.56,0.52,49111
2024-08-16,0.52,0.532,0.5473,0.52,21169
2024-08-19,0.52,0.54,0.5542,0.52,30811
2024-08-20,0.531,0.572,0.719,0.5305,418161
2024-08-21,0.5548,0.511,0.558,0.46,107079
2024-08-22,0.5211,0.5358,0.6399,0.5,407302
2024-08-23,0.5301,0.5424,0.5695,0.52,90887
2024-08-26,0.53,0.54,0.58,0.53,122836
2024-08-27,0.555,0.5616,0.58,0.5302,131015
2024-08-28,0.55,0.53,0.5699,0.53,31207
2024-08-29,0.53,0.531,0.5589,0.53,20733
2024-08-30,0.5353,0.5205,0.553,0.52,45564
2024-09-03,0.543,0.535,0.5799,0.525,28008
2024-09-04,0.5202,0.52,0.5534,0.52,34340
2024-09-05,0.525,0.5251,0.5659,0.524,55051
2024-09-06,0.5251,0.546,0.57,0.525,72132
2024-09-09,0.559,0.55,0.58,0.5285,28256
2024-09-10,0.56,0.5554,0.575,0.5501,35900
2024-09-11,0.601,0.5821,0.6299,0.5516,162854
2024-09-12,0.58,0.5512,0.58,0.5512,54861
2024-09-13,0.5553,0.556,0.5694,0.5403,43606
2024-09-16,0.551,0.57,0.577,0.535,19369
2024-09-17,0.5451,0.56,0.5621,0.54,50451
2024-09-18,0.56,0.546,0.5748,0.5454,61575
2024-09-19,0.5501,0.5502,0.5738,0.542,98077
2024-09-20,0.5503,0.556799,0.575,0.5415,116834
2024-09-23,0.56,0.5601,0.58,0.5582,72094
2024-09-24,0.586,0.6,0.613,0.58,104460
2024-09-25,0.61,0.6,0.61,0.6,16846
2024-09-26,0.601,0.7201,0.74,0.59,516856
2024-09-27,0.6999,0.651,0.74,0.6507,156701
2024-09-30,0.6805,0.715501,0.779,0.6805,423457
2024-10-01,0.72,0.861,0.94,0.7004,426801
2024-10-02,0.9116,0.83,0.9116,0.7504,216161
2024-10-03,0.8004,0.79,0.82,0.7704,69897
2024-10-04,0.79,0.8288,0.84,0.789,18962
2024-10-07,0.91,0.91,0.91,0.815,151214
2024-10-08,0.8827,0.88,0.9217,0.8554,65611
2024-10-09,0.919,0.92,0.975,0.8764,99140
2024-10-10,0.9204,0.92,0.945,0.8941,81662
2024-10-11,0.8924,0.927,0.948,0.8924,9110
2024-10-14,0.9003,0.94,0.94,0.9003,32722
2024-10-15,0.9003,0.957,0.9799,0.9003,101491
2024-10-16,0.957,1.0,1.02,0.94,171103
2024-10-17,0.974996,1.0009,1.0009,0.9504,163168
2024-10-18,1.0,1.039,1.12,1.0,295358
2024-10-21,1.05,1.02,1.05,0.93,252328
2024-10-22,0.94,1.02,1.02,0.94,186741
2024-10-23,0.9894,0.99,1.02,0.95,70716
2024-10-24,0.9591,1.02,1.02,0.9425,92711
2024-10-25,1.02,1.02,1.02,0.9155,161417
2024-10-28,0.98,1.03,1.03,0.9301,164294
2024-10-29,0.9991,1.0,1.02,0.9557,19454
2024-10-30,1.02,1.0,1.02,0.87,241051
2024-10-31,1.0,1.01,1.01,0.95,198306
2024-11-01,0.9879,1.0,1.01,0.96,53168
2024-11-04,1.0,1.0,1.01,0.9454,113220
2024-11-05,1.0,1.01,1.01,0.9527,65170
2024-11-06,0.9797,1.0001,1.01,0.9604,80967
2024-11-07,0.9621,0.9605,1.0,0.9601,8702
2024-11-08,0.95,0.99,1.0,0.95,27540
2024-11-11,0.97,0.9287,0.9999,0.8817,63342
2024-11-12,0.9698,0.89,0.9698,0.85,31487
2024-11-13,0.8802,0.76,0.8802,0.76,53777
2024-11-14,0.6922,0.765,0.853,0.6922,87869
2024-11-15,0.7278,0.6808,0.728,0.6199,40978
2024-11-18,0.6465,0.6622,0.723,0.63,21084
2024-11-19,0.706,0.6993,0.7161,0.622,9085
2024-11-20,0.63,0.6555,0.726,0.63,32821
2024-11-21,0.6343,0.6613,0.698,0.6343,18667
2024-11-22,0.671,0.684,0.7,0.655,9056
2024-11-25,0.684,0.69,0.7,0.6399,41763
2024-11-26,0.7,0.6749,0.7,0.6479,33080
2024-11-27,0.74,0.661,0.79,0.661,58916
2024-11-29,0.6611,0.673,0.75,0.6611,20045
2024-12-02,0.699,0.7,0.73229,0.68,17785
2024-12-03,0.77,0.7501,0.77,0.702001,29154
2024-12-04,0.7399,0.85,0.89999,0.7399,52557
2024-12-05,0.835,0.8103,0.8465,0.800001,7475
2024-12-06,0.8,0.798,0.8512,0.7284,32446
2024-12-09,0.801499,0.87,0.9,0.801,95944
2024-12-10,0.909,0.88,0.909,0.81,35011
2024-12-11,0.91,0.878,0.92,0.85,641429
2024-12-12,0.8503,0.878,0.878,0.8394,15650
2024-12-13,0.8101,0.848,0.878,0.8,25522
2024-12-16,0.8198,0.8,0.869,0.758,22799
2024-12-17,0.772,0.795,0.8699,0.772,7326
2024-12-18,0.7385,0.7899,0.795,0.7,34545
2024-12-19,0.7551,0.76,0.801,0.7212,38202
2024-12-20,0.7021,0.7447,0.76,0.7021,26460
2024-12-23,0.755,0.81,0.81,0.7207,8606
2024-12-24,0.79,0.732,0.79,0.7305,7297
2024-12-26,0.772,0.77,0.772,0.74,9601
2024-12-27,0.767,0.8,0.8099,0.73,12406
2024-12-30,0.752,0.77,0.77,0.7233,18735
2024-12-31,0.75125,0.78,0.78,0.700301,15327
2025-01-02,0.78,0.7548,0.8,0.71,20265
2025-01-03,0.7561,0.764,0.78,0.7015,26274
2025-01-06,0.722,0.688,0.758,0.65,94618
2025-01-07,0.6705,0.668772,0.7314,0.66,36887
2025-01-08,0.67,0.69,0.7,0.67,12154
2025-01-10,0.6799,0.655,0.71,0.65,3790
2025-01-13,0.655,0.6619,0.778,0.652,4327
2025-01-14,0.68,0.69,0.7299,0.65,15545
2025-01-15,0.71,0.67,0.71,0.65,28973
2025-01-16,0.66,0.65,0.66,0.65,796
2025-01-17,0.650001,0.654,0.6825,0.65,3594
2025-01-21,0.62,0.64,0.6971,0.62,33338
2025-01-22,0.6301,0.6501,0.6615,0.6301,3416
2025-01-23,0.658,0.749,0.75,0.658,60774
2025-01-24,0.7095,0.735,0.735,0.67,2540
2025-01-27,0.79,0.75,0.79,0.72,10575
2025-01-28,0.75,0.7095,0.75,0.6675,7481
2025-01-29,0.7095,0.652201,0.7095,0.65,3248
2025-01-30,0.676,0.74,0.75,0.67,24063
2025-01-31,0.6993,0.729,0.73,0.6687,14108
2025-02-03,0.6972,0.67865,0.6972,0.66,2233
2025-02-04,0.652,0.679,0.748,0.6251,45275
2025-02-05,0.7471,0.6617,0.7471,0.6601,29003
2025-02-06,0.704,0.6828,0.7499,0.68,18196
2025-02-07,0.6503,0.667,0.6779,0.6503,11673
2025-02-10,0.667,0.621,0.7,0.6201,69359
2025-02-11,0.66,0.625,0.7221,0.6001,128812
2025-02-12,0.63,0.58,0.7188,0.58,200805
2025-02-13,0.65,0.682,0.706,0.63,205107
2025-02-14,0.646993,0.6397,0.6704,0.6397,20971
2025-02-18,0.6543,0.639,0.672,0.639,2720
2025-02-19,0.639001,0.7,0.7087,0.639,9068
2025-02-20,0.6603,0.7,0.7,0.6511,15701
2025-02-21,0.690101,0.73,0.73,0.690001,27833
2025-02-24,0.7,0.7025,0.715001,0.7,12947
2025-02-25,0.72,0.7652,0.7652,0.68,65800
2025-02-26,0.7652,0.6,0.7652,0.599999,213399
2025-02-27,0.64,0.689899,0.69,0.62,62348
2025-02-28,0.709,0.705399,0.72,0.6502,35873
2025-03-03,0.66,0.734401,0.7899,0.66,59493
2025-03-04,0.71,0.718,0.7587,0.662,40536
2025-03-05,0.68,0.72,0.7588,0.68,38702
2025-03-06,0.7,0.7567,0.7567,0.7,1316
2025-03-07,0.756,0.752,0.756,0.6826,2587
2025-03-10,0.7489,0.76,0.7899,0.68,31270
2025-03-11,0.7599,0.68201,0.7599,0.68201,2299
2025-03-12,0.695895,0.7349,0.76,0.687,5017
2025-03-13,0.731,0.753,0.753,0.71,6054
2025-03-14,0.6711,0.7775,0.795,0.6711,44604
2025-03-17,0.7775,0.79,0.79,0.746001,11844
2025-03-18,0.8,0.799,0.825,0.76,9548
2025-03-19,0.711,0.760401,0.79,0.711,6608
2025-03-20,0.7605,0.760401,0.7716,0.760401,2811
2025-03-21,0.76042,0.77,0.789,0.73,14352
2025-03-24,0.77,0.7495,0.77,0.725,34003
2025-03-25,0.77,0.76,0.77,0.74,12225
2025-03-26,0.768,0.76,0.775,0.76,14065
2025-03-27,0.76,0.76,0.76,0.76,1160
2025-03-28,0.76,0.76,0.76,0.76,832
2025-03-31,0.8,0.785,0.8,0.7656,14798
2025-04-01,0.785,0.81,0.8246,0.785,31876
2025-04-02,0.82,0.8,0.9499,0.750001,80071
2025-04-03,0.7851,0.791402,0.829999,0.7851,3949
2025-04-04,0.8101,0.811,0.82,0.79,14535
2025-04-07,0.7227,0.8,0.88,0.7227,122495
2025-04-08,0.85,0.939999,0.97,0.849,265179
2025-04-09,0.9598,0.96,0.97,0.9108,112247
2025-04-10,0.9702,0.989599,1.0,0.95,201330
2025-04-11,0.99,1.01,1.01,0.9702,103364
