2015-02-26,24.99,24.934,25.015,24.908,826908
2015-02-27,25.01,25.02,25.0399,25.01,1510
2015-03-02,25.041,25.04,25.041,25.04,600
2015-03-05,24.94,24.96,24.96,24.93,748
2015-03-11,24.3336,24.3336,24.3336,24.3336,175
2015-03-12,24.6799,24.6799,24.6799,24.6799,250
2015-03-13,NaN,24.6799,NaN,NaN,0
2015-03-16,24.939,24.94,24.94,24.939,78694
2015-03-17,24.8,24.8,24.8,24.8,8315
2015-03-20,25.34,25.34,25.34,25.34,400
2015-03-23,25.44,25.34,25.45,25.34,3881
2015-03-24,25.72,25.48,25.72,25.36,10460
2015-03-27,24.7,24.7,24.7,24.7,100
2015-03-30,25.14,25.16,25.16,25.14,5580
2015-03-31,25.049,25.05,25.05,25.049,4009
2015-04-01,24.79,24.7666,24.79,24.7666,700
2015-04-02,24.87,24.87,24.87,24.87,100
2015-04-07,25.01,25.04,25.04,25.01,68484
2015-04-08,24.95,24.97,24.97,24.9,1800
2015-04-09,25.52,24.95,25.52,24.95,500
2015-04-10,25.17,25.17,25.17,25.17,200
2015-04-14,25.03,25.05,25.05,25.03,350
2015-04-20,25.04,25.04,25.04,25.04,200
2015-04-29,24.9,24.9,24.9,24.9,600
2015-05-01,24.8099,24.8099,24.8099,24.8099,500
2015-05-04,24.9889,25.01,25.01,24.9889,1400
2015-05-05,24.77,24.7499,24.8,24.7499,73733
2015-05-06,24.58,24.58,24.58,24.58,4170
2015-05-08,25.04,25.07,25.07,25.04,2592
2015-05-13,25.06,24.93,25.06,24.92,14815
2015-05-19,25.22,25.23,25.231,25.22,1430
2015-05-20,25.27,25.27,25.27,25.27,100
2015-05-21,25.279,25.28,25.28,25.279,2750
2015-05-22,25.25,25.25,25.25,25.25,750
2015-05-26,24.95,24.9299,24.96,24.9299,20660
2015-06-01,25.17,25.16,25.24,25.1,800
2015-06-02,25.11,25.09,25.12,25.03,3000
2015-06-08,24.77,24.76,24.77,24.76,300
2015-06-19,25.31,25.31,25.31,25.31,100
2015-06-23,25.5,25.28,25.5,25.28,300
2015-06-29,24.7,24.49,24.7,24.49,2104
2015-06-30,24.5099,24.51,24.51,24.5099,400
2015-07-08,24.46,24.46,24.46,24.46,150
2015-07-14,24.933,24.93,24.933,24.93,1800
2015-08-05,24.91,24.9592,24.9592,24.91,634
2015-08-06,24.75,24.65,24.75,24.64,129320
2015-08-18,24.26,25.06,25.06,24.26,1300
2015-08-19,24.8,24.8,24.8,24.8,100
2015-08-21,24.0,24.0,24.0,24.0,100
2015-08-24,22.5,23.07,23.07,22.5,2100
2015-08-25,22.7,22.7,22.7,22.7,600
2015-09-02,23.2,23.2,23.2,23.2,285
2015-09-04,23.2299,23.03,23.2299,23.03,1709
2015-09-17,24.14,24.14,24.14,24.14,100
2015-09-21,23.543,23.54,23.543,23.54,3030
2015-09-25,23.08,23.08,23.08,23.08,1000
2015-09-28,22.75,22.75,22.75,22.75,1000
2015-09-29,22.51,22.51,22.51,22.51,2975
2015-10-01,22.74,22.74,22.74,22.74,1000
2015-10-02,22.88,22.88,22.88,22.88,1076
2015-10-08,23.75,23.75,23.75,23.75,1000
2015-10-16,23.835,23.93,23.93,23.835,3584
2015-10-20,23.91,23.91,23.91,23.91,2965
2015-10-21,23.75,23.75,23.75,23.75,100
2015-10-22,23.966,23.94,23.9665,23.94,1050
2015-10-26,24.1599,24.16,24.16,24.1568,9752
2015-10-27,24.0,24.0,24.0045,24.0,1120
2015-10-28,24.14,24.35,24.35,24.14,2293
2015-10-30,24.33,24.28,24.4,24.28,2300
2015-11-02,24.3801,24.574,24.61,24.38,14064
2015-11-03,24.66,24.66,24.69,24.65,117354
2015-11-04,24.56,24.56,24.56,24.56,100
2015-11-09,24.44,24.44,24.44,24.44,100
2015-11-11,24.33,24.33,24.33,24.33,100
2015-11-12,24.02,24.02,24.02,24.02,100
2015-11-13,23.68,23.68,23.68,23.68,100
2015-11-16,23.79,23.79,23.79,23.79,100
2015-11-17,24.01,23.886,24.01,23.886,80945
2015-11-18,23.96,24.14,24.14,23.96,200
2015-12-01,24.59,24.59,24.59,24.59,2000
2015-12-02,24.56,24.56,24.56,24.56,2000
2015-12-03,24.19,24.19,24.19,24.19,100
2015-12-04,24.24,24.24,24.24,24.24,100
2015-12-07,24.23,24.23,24.23,24.23,930
2015-12-08,24.1367,24.186,24.186,24.1367,912
2015-12-09,23.9432,23.9432,23.9432,23.9432,200
2015-12-10,24.03,24.03,24.03,24.03,100
2015-12-11,23.54,23.47,23.54,23.47,5200
2015-12-14,23.34,23.34,23.34,23.34,100
2015-12-15,23.7999,23.77,23.81,23.77,129400
2015-12-16,23.77,23.77,23.77,23.77,0
2015-12-17,23.83,23.83,23.83,23.83,16037
2015-12-18,23.83,23.83,23.83,23.83,0
2015-12-22,23.62,23.62,23.62,23.62,100
2015-12-23,23.83,23.83,23.83,23.83,134
2015-12-24,23.83,23.83,23.83,23.83,0
2015-12-28,23.83,23.83,23.83,23.83,0
2015-12-29,23.83,23.83,23.83,23.83,0
2015-12-30,23.83,23.83,23.83,23.83,0
2015-12-31,23.7699,23.7699,23.7699,23.7699,190
2016-01-04,23.26,23.26,23.26,23.26,1501
2016-01-05,23.26,23.26,23.26,23.26,0
2016-01-06,23.13,23.13,23.13,23.13,100
2016-01-07,23.13,23.13,23.13,23.13,0
2016-01-08,22.53,22.5341,22.55,22.53,800
2016-01-11,22.21,22.2,22.21,22.19,300
2016-01-12,22.27,22.296,22.296,22.27,550
2016-01-13,22.41,22.16,22.41,22.16,1398
2016-01-14,21.74,22.12,22.12,21.74,300
2016-01-15,22.12,22.12,22.12,22.12,0
2016-01-19,21.85,21.5299,21.85,21.5299,772
2016-01-20,21.17,21.12,21.24,21.12,8700
2016-01-21,21.32,21.5,21.66,21.32,3150
2016-01-22,21.84,21.85,21.85,21.84,1211
2016-01-25,21.7064,21.6,21.7064,21.6,1800
2016-01-26,21.72,21.93,21.93,21.72,1499
2016-01-27,21.98,22.0,22.0,21.98,200
2016-01-28,21.95,21.69,21.95,21.55,1600
2016-01-29,21.91,21.91,21.91,21.91,100
2016-02-01,21.91,21.91,21.91,21.91,0
2016-02-02,22.06,21.8674,22.06,21.8374,4938
2016-02-03,21.81,21.6299,21.81,21.6299,200
2016-02-04,21.846,21.82,21.85,21.79,49979
2016-02-05,21.68,21.5993,21.68,21.595,22840
2016-02-08,21.08,21.14,21.14,20.876,41434
2016-02-09,21.066,21.1601,21.1601,21.066,2753
2016-02-10,21.32,21.2,21.369,21.2,11191
2016-02-11,21.01,20.9364,21.18,20.69,7715
2016-02-12,21.1,21.32,21.33,21.03,40890
2016-02-16,21.52,21.708,21.74,21.46,4273
2016-02-17,21.99,22.094,22.094,21.93,3085
2016-02-18,22.15,22.3,22.3,22.03,2680
2016-02-19,21.87,21.95,21.95,21.87,2411
2016-02-22,22.34,22.34,22.34,22.34,100
2016-02-23,22.35,22.19,22.35,22.19,117873
2016-02-24,22.19,22.19,22.19,22.19,0
2016-02-25,22.36,22.5187,22.52,22.26,2101
2016-02-26,22.5187,22.5187,22.5187,22.5187,0
2016-02-29,22.5187,22.5187,22.5187,22.5187,0
2016-03-01,22.7,22.86,22.87,22.7,12372
2016-03-02,23.01,23.01,23.01,23.0099,500
2016-03-03,23.01,23.01,23.01,23.01,0
2016-03-04,23.01,23.01,23.01,23.01,0
2016-03-07,23.18,23.18,23.18,23.18,1100
2016-03-08,23.03,23.09,23.035,23.0199,3615
2016-03-09,23.09,23.1294,23.09,23.09,6354
2016-03-10,22.96,23.11,23.11,22.94,674
2016-03-11,23.11,23.4606,23.11,23.11,2450
2016-03-16,23.45,23.42,23.5,23.42,776
2016-03-17,23.5,23.64,23.66,23.5,151274
2016-03-18,23.64,23.64,23.64,23.64,0
2016-03-23,NaN,23.5,NaN,NaN,0
2016-03-24,23.44,23.37,23.44,23.37,164700
2016-03-29,23.37,23.37,23.37,23.37,1
2016-03-30,23.37,23.37,23.37,23.37,0
2016-03-31,23.71,23.71,23.71,23.71,476
2016-04-01,23.597,23.597,23.597,23.597,106
2016-04-04,23.597,23.597,23.597,23.597,1
2016-04-05,23.597,23.597,23.597,23.597,0
2016-04-06,23.597,23.597,23.597,23.597,0
2016-04-07,23.376,23.376,23.376,23.376,462
2016-04-08,23.376,23.376,23.376,23.376,0
2016-04-11,23.38,23.38,23.38,23.38,1111
2016-04-12,23.38,23.38,23.38,23.38,0
2016-04-13,23.38,23.38,23.38,23.38,0
2016-04-14,23.38,23.38,23.38,23.38,0
2016-04-15,23.38,23.38,23.38,23.38,0
2016-04-22,23.973,23.973,23.973,23.973,837
2016-04-29,23.6,23.6,23.6,23.6,100
2016-05-03,23.6,23.6,23.6,23.6,5
2016-05-04,23.121,23.1298,23.1298,23.121,1011
2016-05-05,23.08,23.08,23.08,23.08,694
2016-05-06,23.035,23.1201,23.1399,23.0306,1300
2016-05-09,23.24,23.25,23.25,23.24,1570
2016-05-10,23.25,23.25,23.25,23.25,0
2016-05-11,23.36,23.2501,23.36,23.2499,5550
2016-05-12,23.2501,23.2501,23.2501,23.2501,0
2016-05-13,23.2501,23.2501,23.2501,23.2501,0
2016-05-16,23.2501,23.2501,23.2501,23.2501,0
2016-05-17,23.2501,23.2501,23.2501,23.2501,0
2016-05-18,23.26,23.26,23.26,23.26,199
2016-05-19,23.26,23.26,23.26,23.26,0
2016-05-20,23.2199,23.16,23.2199,23.16,1220
2016-05-23,23.16,23.16,23.16,23.16,0
2016-05-24,23.16,23.16,23.16,23.16,0
2016-05-25,23.16,23.16,23.16,23.16,0
2016-05-26,23.5701,23.5701,23.5701,23.5701,574
2016-05-27,23.67,23.7304,23.7304,23.67,6351
2016-05-31,23.7304,23.7304,23.7304,23.7304,0
2016-06-01,23.77,23.765,23.774,23.76,7230
2016-06-02,23.765,23.765,23.765,23.765,0
2016-06-03,23.73,23.74,23.79,23.72,3550
2016-06-06,23.811,23.815,23.815,23.811,1460
2016-06-07,NaN,23.815,NaN,NaN,0
2016-06-08,23.815,23.815,23.815,23.815,0
2016-06-09,23.815,23.815,23.815,23.815,0
2016-06-10,23.815,23.815,23.815,23.815,0
2016-06-13,23.575,23.606,23.606,23.57,8022
2016-06-14,23.2848,23.258,23.2848,23.21,428
2016-06-15,23.472,23.33,23.472,23.33,1212
2016-06-16,23.16,23.23,23.23,23.16,200
2016-06-17,NaN,23.23,NaN,NaN,0
2016-06-20,23.53,23.53,23.5498,23.53,450
2016-06-21,23.53,23.4,23.53,23.53,0
2016-06-22,23.53,23.4,23.53,23.53,0
2016-06-23,23.4,23.4,23.4,23.4,0
2016-06-24,23.4,23.4,23.4,23.4,0
2016-06-27,22.51,22.51,22.51,22.51,114
2016-06-28,22.51,22.51,22.51,22.51,0
2016-06-29,23.002,23.002,23.002,23.002,2785
2016-06-30,23.379,23.35,23.379,23.35,2048
2016-07-01,23.35,23.35,23.35,23.35,0
2016-07-05,23.35,23.35,23.35,23.35,0
2016-07-06,23.35,23.35,23.35,23.35,0
2016-07-07,23.35,23.35,23.35,23.35,0
2016-07-08,23.35,23.35,23.35,23.35,0
2016-07-11,23.85,23.84,23.88,23.81,1048
2016-07-12,23.84,23.84,23.84,23.84,0
2016-07-13,23.84,23.84,23.84,23.84,0
2016-07-14,23.84,23.84,23.84,23.84,0
2016-07-15,23.84,23.84,23.84,23.84,0
2016-07-18,23.84,23.84,23.84,23.84,0
2016-07-19,23.84,23.84,23.84,23.84,0
2016-07-20,24.3201,24.3201,24.3201,24.3201,235
2016-07-21,24.16,24.16,24.193,24.16,831
2016-07-22,24.2,24.315,24.315,24.2,335
2016-07-25,24.315,24.315,24.315,24.315,0
2016-07-26,24.416,24.41,24.416,24.4,638
2016-07-27,24.352,24.352,24.352,24.352,1141
2016-07-28,24.352,24.352,24.352,24.352,0
2016-07-29,24.352,24.352,24.352,24.352,0
2016-08-01,24.3,24.3,24.3,24.3,130
2016-08-02,24.06,24.16,24.16,24.06,767
2016-08-03,24.09,24.165,24.2,24.09,1040
2016-08-04,24.32,24.18,24.32,24.1734,1511
2016-08-05,24.47,24.43,24.47,24.43,17380
2016-08-08,24.43,24.46,24.46,24.43,54928
2016-08-09,NaN,24.46,NaN,NaN,37
2016-08-10,24.355,24.355,24.355,24.355,840
2016-08-11,24.48,24.48,24.48,24.48,3244
2016-08-12,24.49,24.48,24.5199,24.4599,13852
2016-08-15,24.58,24.63,24.64,24.58,7463
2016-08-16,24.512,24.44,24.512,24.44,4300
2016-08-17,NaN,24.44,NaN,NaN,39
2016-08-18,24.48,24.54,24.54,24.48,828
2016-08-19,24.49,24.58,24.59,24.49,3244
2016-08-22,24.5093,24.5093,24.5093,24.5093,275
2016-08-23,NaN,24.5093,NaN,NaN,0
2016-08-24,NaN,24.5093,NaN,NaN,0
2016-08-25,24.49,24.45,24.49,24.45,950
2016-08-26,24.53,24.35,24.6,24.336,1379
2016-08-29,NaN,24.35,NaN,NaN,0
2016-08-30,24.5,24.56,24.56,24.5,1734
2016-08-31,NaN,24.56,NaN,NaN,0
2016-09-01,NaN,24.56,NaN,NaN,0
2016-09-02,NaN,24.56,NaN,NaN,0
2016-09-06,24.52,24.54,24.55,24.52,949
2016-09-07,24.64,24.65,24.65,24.6,1399
2016-09-08,NaN,24.65,NaN,NaN,0
2016-09-09,NaN,24.65,NaN,NaN,0
2016-09-12,23.87,24.2,24.2,23.87,2594
2016-09-13,NaN,24.2,NaN,NaN,0
2016-09-16,24.1364,24.146,24.146,24.1364,321
2016-09-19,24.17,24.17,24.17,24.17,100
2016-09-20,24.206,24.206,24.206,24.206,114
2016-09-26,24.282,24.2,24.282,24.2,1991
2016-09-27,24.29,24.29,24.29,24.29,15562
2016-09-29,24.21,24.21,24.21,24.21,200
2016-09-30,24.452,24.452,24.452,24.452,4645
2016-10-03,24.3,24.358,24.358,24.3,60762
2016-10-04,24.27,24.23,24.27,24.22,1350
2016-10-05,NaN,24.23,NaN,NaN,20
2016-10-06,24.3467,24.3467,24.3467,24.3467,100
2016-10-11,24.25,24.25,24.25,24.25,200
2016-10-13,24.012,24.012,24.012,24.012,245
2016-10-14,24.322,24.322,24.322,24.322,1414
2016-10-17,NaN,24.322,NaN,NaN,82
2016-10-18,NaN,24.322,NaN,NaN,15
2016-10-26,24.076,24.18,24.18,24.076,1577
2016-10-27,NaN,24.18,NaN,NaN,27
2016-10-28,23.846,23.846,23.846,23.846,104
2016-10-31,24.0189,24.0189,24.0189,24.0189,200
2016-11-03,23.58,23.57,23.58,23.57,286
2016-11-04,23.28,23.52,23.65,23.28,38988
2016-11-11,NaN,23.52,NaN,NaN,75
2016-11-14,25.02,25.04,25.04,25.0,29566
2016-11-16,NaN,25.04,NaN,NaN,96
2016-11-17,NaN,25.04,NaN,NaN,96
2016-11-18,25.19,25.205,25.205,25.19,71783
2016-11-21,25.346,25.346,25.346,25.346,2234
2016-11-25,25.648,25.648,25.648,25.648,911
2016-11-30,25.61,25.5501,25.61,25.53,44910
2016-12-02,25.515,25.515,25.515,25.515,100
2016-12-07,25.88,25.88,25.88,25.88,100
2016-12-13,26.374,26.374,26.374,26.374,4020
2016-12-14,NaN,26.374,NaN,NaN,1
2016-12-16,26.16,26.3,26.3,26.16,2740
2016-12-21,NaN,26.3,NaN,NaN,11
2016-12-23,NaN,26.15,NaN,NaN,1
2016-12-27,26.17,26.185,26.185,26.17,1180
2016-12-29,25.85,25.85,25.85,25.85,2115
2016-12-30,25.89,25.89,25.89,25.89,10007
2017-01-03,25.9511,25.9511,25.9511,25.9511,1576
2017-01-05,26.12,26.12,26.12,26.12,4081
2017-01-06,26.1325,26.1325,26.1325,26.1325,100
2017-01-09,26.0,26.0,26.0,26.0,100
2017-01-12,25.9611,25.9611,25.9611,25.9611,100
2017-01-13,NaN,25.9611,NaN,NaN,13
2017-01-18,26.08,26.0887,26.0887,26.0771,505
2017-01-24,26.33,26.32,26.33,26.32,1290
2017-01-25,26.48,26.48,26.48,26.48,637
2017-01-26,26.55,26.4827,26.55,26.4827,4580
2017-01-27,26.4235,26.4235,26.4235,26.4235,300
2017-02-01,NaN,26.4235,NaN,NaN,20
2017-02-02,26.3,26.27,26.3,26.27,815
2017-02-03,26.539,26.51,26.539,26.4688,1200
2017-02-06,NaN,26.51,NaN,NaN,42
2017-02-07,26.32,26.3708,26.3708,26.32,6000
2017-02-08,26.3626,26.3626,26.3626,26.3626,189
2017-02-09,26.61,26.63,26.65,26.61,60949
2017-02-10,26.85,26.72,26.85,26.67,166726
2017-02-13,26.8298,26.8598,26.8598,26.8298,227
2017-02-14,26.9099,26.96,26.96,26.9099,220
2017-02-15,27.0388,27.1,27.1,25.24,6593
2017-02-16,27.0072,27.01,27.029,27.0,9710
2017-02-17,26.9362,26.9316,26.9362,26.9186,1445
2017-02-21,27.34,27.195,27.34,27.195,893
2017-02-22,27.2099,27.18,27.21,27.13,15500
2017-02-23,27.57,27.21,27.57,27.21,5583
2017-02-24,27.0887,27.0887,27.0887,27.0887,375
2017-02-27,27.2786,27.2786,27.2786,27.2786,275
2017-02-28,27.1872,27.1872,27.1872,27.1872,134
2017-03-01,27.47,27.47,27.47,27.47,1000
2017-03-02,27.37,27.36,27.39,27.36,23460
2017-03-03,27.28,27.3,27.3,27.27,2203
2017-03-06,27.13,27.18,27.21,27.12,1000
2017-03-07,27.121,27.1209,27.121,27.1209,1000
2017-03-08,27.06,27.0,27.0762,27.0,3399
2017-03-09,27.07,26.9736,27.11,26.9662,18528
2017-03-10,NaN,26.9736,NaN,NaN,216
2017-03-13,27.12,27.0796,27.12,27.0478,4205
2017-03-14,26.99,26.99,26.99,26.99,100
2017-03-15,27.09,27.1176,27.1176,27.07,5995
2017-03-16,27.28,27.25,27.28,27.1984,2154
2017-03-17,27.25,27.24,27.25,27.18,3743
2017-03-20,27.33,27.03,27.33,27.03,7408
2017-03-21,26.78,26.67,26.78,26.65,2152
2017-03-22,26.62,26.49,26.62,26.62,100
2017-03-23,26.56,26.5,26.56,26.5,3251
2017-03-24,26.63,26.51,26.63,26.51,1915
2017-03-27,26.49,26.49,26.49,26.49,1069
2017-03-28,26.68,26.72,26.72,26.6675,7675
2017-03-29,26.72,26.7075,26.72,26.7075,1214
2017-03-30,26.8799,26.8799,26.8799,26.8799,377
2017-03-31,26.88,26.8585,26.88,26.8585,852
2017-04-03,26.56,26.56,26.56,26.56,1427
2017-04-04,26.8,26.784,26.8,26.71,5655
2017-04-05,26.8099,26.4798,26.8099,26.4798,241
2017-04-06,26.5998,26.5998,26.5998,26.5998,377
2017-04-07,26.66,26.66,26.66,26.66,700
2017-04-10,NaN,26.66,NaN,NaN,8
2017-04-11,26.5706,26.5844,26.5844,26.5706,414
2017-04-17,26.42,26.4035,26.42,26.4035,1500
2017-04-18,26.5,26.4156,26.5,26.39,7344
2017-04-19,26.489,26.489,26.489,26.489,100
2017-04-20,26.63,26.7999,26.8,26.606,26809
2017-04-21,26.6312,26.695,26.695,26.6312,2198
2017-04-25,27.1983,27.2,27.2,27.17,1701
2017-04-26,27.23,27.198,27.2777,27.198,917
2017-04-27,27.26,27.27,27.385,27.17,5005
2017-04-28,27.28,27.21,27.28,27.21,2516
2017-05-01,27.13,27.19,27.19,27.1,3504
2017-05-02,27.0694,27.1016,27.11,27.0694,3688
2017-05-03,27.08,27.0986,27.1465,27.03,7039
2017-05-04,27.18,27.159,27.18,27.0894,2401
2017-05-05,NaN,27.159,NaN,NaN,95
2017-05-09,27.3384,27.349,27.4,27.05,29486
2017-05-10,27.41,27.38,27.43,27.38,2400
2017-05-11,27.34,27.32,27.3452,27.32,21193
2017-05-12,27.3,27.15,27.3,27.15,92501
2017-05-15,27.33,27.37,27.38,27.2994,4910
2017-05-16,NaN,27.37,NaN,NaN,7
2017-05-17,26.93,26.68,26.93,26.68,8587
2017-05-18,26.7895,26.82,26.86,26.74,8902
2017-05-19,27.04,27.02,27.11,27.02,1536
2017-05-22,27.25,27.13,27.25,27.04,8358
2017-05-23,27.1195,27.17,27.18,27.1195,5242
2017-05-24,27.16,27.15,27.184,27.15,2454
2017-05-25,NaN,27.15,NaN,NaN,62
2017-05-26,27.3044,27.3044,27.3044,27.3044,100
2017-05-30,27.49,27.39,27.49,27.331,7963
2017-05-31,27.26,27.24,27.26,27.24,800
2017-06-02,27.59,27.6028,27.6028,27.59,253
2017-06-05,27.72,27.6,27.72,27.6,2479
2017-06-06,27.34,27.51,27.51,27.34,3521
2017-06-07,27.49,27.46,27.49,27.46,400
2017-06-08,27.63,27.5815,27.63,27.55,1983
2017-06-09,27.7212,27.7212,27.7212,27.7212,228
2017-06-12,27.6099,27.6099,27.6099,27.6099,345
2017-06-13,27.755,27.755,27.755,27.755,150
2017-06-14,NaN,27.755,NaN,NaN,1
2017-06-15,27.59,27.605,27.64,27.54,2600
2017-06-16,27.485,27.5,27.5,27.485,912
2017-06-19,27.8,27.78,27.815,27.7186,1115
2017-06-20,27.688,27.688,27.688,27.688,307
2017-06-21,27.56,27.49,27.565,27.49,520
2017-06-22,27.581,27.500839,27.61,27.581,434
2017-06-23,27.45,27.49,27.52,27.45,6482
2017-06-26,27.6,27.59,27.62,27.4896,2159
2017-06-28,27.71,27.71,27.71,27.71,148
2017-06-29,27.505,27.53,27.5599,27.505,12159
2017-06-30,27.6,27.636,27.636,27.5731,4455
2017-07-03,27.785,27.8012,27.8012,27.785,647
2017-07-05,27.69,27.73,27.73,27.6831,17007
2017-07-06,27.52,27.52,27.52,27.52,1061
2017-07-07,27.655,27.69,27.7,27.645,2884
2017-07-10,27.67,27.67,27.67,27.67,456
2017-07-11,27.5201,27.56,27.6014,27.51,19377
2017-07-12,27.735,27.75,27.7716,27.73,1134
2017-07-13,NaN,27.75,NaN,NaN,58
2017-07-14,28.0099,27.9827,28.0099,27.9827,1055
2017-07-17,28.09,28.09,28.09,28.09,935
2017-07-18,27.9699,27.9699,27.9699,27.9699,177
2017-07-20,28.1,28.1,28.1,28.1,400
2017-07-21,27.99,28.05,28.05,27.99,215
2017-07-25,28.22,28.1,28.22,28.1,808
2017-07-26,NaN,28.1,NaN,NaN,26
2017-07-27,27.98,27.863,28.04,27.8387,15031
2017-07-28,27.885,27.91,27.91,27.885,1350
2017-07-31,27.965,27.9769,27.9769,27.965,1000
2017-08-01,28.14,27.98,28.14,27.98,6088
2017-08-03,28.0,27.98,28.02,27.92,1786
2017-08-04,28.13,28.049,28.13,28.0168,4603
2017-08-07,28.05,28.0426,28.05,27.96,3556
2017-08-08,28.12,28.02,28.13,28.02,4836
2017-08-09,NaN,28.02,NaN,NaN,19
2017-08-10,27.6072,27.565,27.6072,27.565,28052
2017-08-11,27.558,27.56,27.56,27.558,38500
2017-08-14,27.829,27.84,27.85,27.78,2714
2017-08-15,27.8,27.77,27.8,27.73,7602
2017-08-16,27.909,27.8064,27.909,27.8064,480
2017-08-17,27.64,27.365,27.64,27.365,1530
2017-08-18,27.445,27.445,27.445,27.445,100
2017-08-21,27.25,27.365,27.365,27.25,300
2017-08-22,27.56,27.62,27.62,27.5511,3123
2017-08-23,27.559,27.545,27.559,27.545,382
2017-08-24,27.635,27.55,27.635,27.55,1137
2017-08-25,27.71,27.6934,27.71,27.6933,1558
2017-08-28,27.69,27.655,27.69,27.655,1457
2017-08-29,27.52,27.5999,27.62,27.52,7760
2017-08-30,27.7301,27.73,27.7346,27.73,3275
2017-08-31,27.805,27.805,27.805,27.805,100
2017-09-01,27.9519,28.08,28.08,27.9519,3778
2017-09-05,27.85,27.7096,27.8766,27.7096,2722
2017-09-06,27.809,27.809,27.809,27.809,162
2017-09-07,NaN,27.809,NaN,NaN,88
2017-09-08,27.785,27.7908,27.7934,27.785,777
2017-09-11,NaN,27.7908,NaN,NaN,27
2017-09-12,28.32,28.32,28.32,28.32,412
2017-09-13,NaN,28.32,NaN,NaN,5
2017-09-14,28.36,28.388,28.388,28.35,442
2017-09-15,28.3256,28.3256,28.3256,28.3256,487
2017-09-18,28.54,28.486,28.54,28.486,1091
2017-09-20,28.445,28.42,28.48,28.42,31675
2017-09-21,NaN,28.42,NaN,NaN,23
2017-09-22,28.4572,28.443,28.47,28.443,1053
2017-09-25,28.55,28.35,28.55,28.35,800
2017-09-26,28.4799,28.42,28.4799,28.42,9881
2017-09-27,28.44,28.55,28.5628,28.44,2865
2017-09-28,28.56,28.56,28.56,28.56,7544
2017-09-29,28.7599,28.721,28.7599,28.721,937
2017-10-02,NaN,28.721,NaN,NaN,3
2017-10-03,28.965,28.97,28.97,28.965,670
2017-10-04,NaN,28.97,NaN,NaN,1
2017-10-05,29.13,29.13,29.13,29.13,504
2017-10-09,NaN,29.13,NaN,NaN,5
2017-10-10,29.242,29.1499,29.242,29.1499,1200
2017-10-11,29.25,29.16,29.25,29.16,1952
2017-10-12,29.14,29.1,29.14,29.1,1901
2017-10-13,29.1902,29.2399,29.2399,29.1902,637
2017-10-16,29.1799,29.1799,29.1799,29.1799,554
2017-10-17,29.14,29.14,29.208,29.14,3999
2017-10-18,29.3,29.295,29.3,29.295,442
2017-10-19,29.28,29.24,29.28,29.24,1064
2017-10-20,29.4598,29.54,29.6,29.4598,2767
2017-10-23,29.78,29.6,29.78,29.6,7811
2017-10-24,29.68,29.663,29.7044,29.663,5478
2017-10-25,29.6,29.6,29.6,29.6,367
2017-10-26,29.48,29.55,29.66,29.48,3802
2017-10-27,29.51,29.5899,29.5899,29.51,861
2017-10-30,29.59,29.59,29.59,29.59,277
2017-10-31,29.546,29.546,29.546,29.546,238
2017-11-01,29.67,29.59,29.67,29.59,644
2017-11-02,29.64,29.64,29.64,29.64,203
2017-11-03,29.655,29.655,29.655,29.655,269
2017-11-06,29.79,29.71,29.79,29.71,447
2017-11-07,29.625,29.625,29.625,29.625,505
2017-11-08,29.65,29.75,29.75,29.6,2619
2017-11-09,29.66,29.47,29.66,29.47,2373
2017-11-10,29.55,29.57,29.58,29.55,20055
2017-11-13,29.597,29.6387,29.6387,29.597,1969
2017-11-14,29.59,29.6058,29.6099,29.5202,6554
2017-11-15,29.4584,29.4584,29.4584,29.4584,864
2017-11-16,29.7871,29.85,29.85,29.7871,1757
2017-11-17,29.82,29.86,29.86,29.82,16012
2017-11-20,30.0,29.946,30.0,29.812,3055
2017-11-21,30.17,30.17,30.17,30.17,358
2017-11-22,30.19,30.06,30.19,30.0163,2623
2017-11-24,NaN,30.06,NaN,NaN,10
2017-11-27,30.1,30.06,30.1,29.9922,2932
2017-11-28,30.16,30.31,30.31,30.16,671
2017-11-29,30.64,30.5958,30.64,30.5958,1006
2017-11-30,30.86,30.85,30.8873,30.8001,34658
2017-12-01,NaN,30.85,NaN,NaN,188
2017-12-04,30.78,30.88,31.0592,30.78,2685
2017-12-05,30.72,30.72,30.7634,30.72,893
2017-12-06,30.59,30.69,30.69,30.59,1716
2017-12-07,30.7,30.7,30.7,30.7,347
2017-12-08,NaN,30.7,NaN,NaN,85
2017-12-12,30.96,31.03,31.1,30.96,27430
2017-12-13,31.0902,31.05,31.0902,31.05,2026
2017-12-14,30.78,30.78,30.78,30.78,469
2017-12-15,31.06,31.05,31.1,31.05,651
2017-12-18,31.34,31.34,31.34,31.34,638
2017-12-19,31.34,31.32,31.355,31.32,1422
2017-12-20,31.6,31.461123,31.6,31.6,139
2017-12-21,31.305,31.27,31.305,31.26,925
2017-12-22,31.31,31.17,31.31,31.17,802
2017-12-26,31.4,31.4,31.4,31.4,341
2017-12-27,31.282,31.25,31.282,31.25,851
2017-12-28,NaN,31.25,NaN,NaN,34
2017-12-29,31.28,31.28,31.28,31.28,208
2018-01-02,31.37,31.3901,31.3901,31.37,4008
2018-01-03,31.4,31.5,31.5492,31.4,1303
2018-01-04,31.63,31.78,31.78,31.613,3613
2018-01-05,31.7316,31.8153,31.8153,31.72,1824
2018-01-08,31.95,31.97,31.97,31.95,1531
2018-01-09,31.99,32.0599,32.0599,31.99,132536
2018-01-10,32.05,31.9,32.05,31.9,610
2018-01-11,32.19,32.19,32.19,32.19,164
2018-01-12,32.49,32.58,32.58,32.49,1791
2018-01-16,32.8,32.53,32.8,32.45,10615
2018-01-17,32.7785,32.86,32.92,32.7785,3722
2018-01-18,32.8002,32.79,32.89,32.79,4104
2018-01-19,32.992,32.992,32.992,32.992,280
2018-01-22,33.1844,33.2182,33.2182,33.1824,821
2018-01-23,33.3026,33.3026,33.3026,33.3026,248
2018-01-24,33.37,33.0,33.37,33.0,1252
2018-01-25,33.051,33.15,33.15,33.051,829
2018-01-26,33.34,33.34,33.34,33.34,755
2018-01-29,33.4192,33.41,33.4192,33.41,809
2018-01-30,32.9702,32.907,32.9702,32.8631,5564
2018-01-31,32.9,32.7583,32.9,32.6992,1803
2018-02-01,32.7199,32.731,32.731,32.7199,1169
2018-02-02,32.55,32.3644,32.55,32.3644,1667
2018-02-05,30.91,31.2273,31.2273,30.78,2107
2018-02-06,30.0,31.25,31.25,29.87,2353
2018-02-07,31.0831,31.6069,31.6069,31.0831,691
2018-02-08,30.9151,30.5689,30.9151,30.5689,2450
2018-02-09,30.32,30.13,30.32,29.55,10505
2018-02-12,30.85,30.87,30.87,30.85,3505
2018-02-13,30.7126,30.96,30.96,30.7126,5364
2018-02-14,30.95,31.4803,31.5,30.95,999
2018-02-15,31.92,31.62,31.92,31.49,54293
2018-02-16,31.8768,31.8252,31.9874,31.8252,652
2018-02-20,31.7174,31.562,31.7174,31.47,3670
2018-02-21,31.8503,31.6903,31.8503,31.6903,2823
2018-02-22,31.69,31.4299,31.69,31.4299,1048
2018-02-23,31.6043,31.8488,31.8526,31.6043,1572
2018-02-26,32.07,32.1304,32.1304,32.0575,713
2018-02-27,32.44,32.01,32.44,32.01,7839
2018-02-28,32.13,32.0368,32.13,32.0368,296403
2018-03-01,31.73,31.2299,31.75,31.1428,8669
2018-03-02,31.0692,31.3091,31.3826,31.0692,1594
2018-03-05,31.45,31.6304,31.66,31.45,724
2018-03-06,31.8598,31.9612,31.9612,31.7521,615
2018-03-07,31.95,31.82,31.95,31.74,1922
2018-03-08,31.82,31.8862,31.95,31.82,1727
2018-03-09,32.01,32.48,32.48,32.01,11513
2018-03-12,32.5601,32.3973,32.5601,32.3973,3075
2018-03-13,NaN,32.3973,NaN,NaN,33
2018-03-14,32.38,32.08,32.38,32.08,826
2018-03-15,32.16,32.0999,32.16,32.015,36212
2018-03-16,32.21,32.24,32.2902,32.21,5719
2018-03-19,32.15,31.68,32.15,31.68,25982
2018-03-20,32.0,31.9734,32.0,31.9734,187952
2018-03-21,31.94,32.111294,32.21,31.94,7922
2018-03-22,31.38,31.15,31.5162,31.15,11000
2018-03-23,31.01,30.4852,31.03,30.4607,19891
2018-03-26,30.93,30.9584,30.9584,30.75,3240
2018-03-27,31.35,30.83,31.35,30.83,3714
2018-03-28,30.63,30.59,30.63,30.59,1550
2018-03-29,30.85,31.13,31.13,30.8086,19356
2018-04-02,30.6188,30.1799,30.6188,30.0528,5418
2018-04-03,30.7,30.68,30.7,30.62,2419
2018-04-04,30.66,31.094,31.094,30.65,1853
2018-04-05,31.1,31.26,31.27,31.1,28895
2018-04-06,30.8338,30.94,30.94,30.8338,1248
2018-04-09,30.655,30.97,31.03,30.59,12545
2018-04-10,31.13,31.15,31.15,31.1227,2233
2018-04-11,31.04,31.05,31.1262,31.04,5987
2018-04-12,31.25,31.31,31.3345,31.2,8891
2018-04-13,31.17,31.033,31.204,31.033,960
2018-04-16,31.43,31.45,31.549,31.36,226443
2018-04-17,31.58,31.67,31.76,31.58,38586
2018-04-18,31.88,31.84,31.9,31.84,5687
2018-04-19,31.6858,31.5,31.6858,31.4499,224005
2018-04-20,31.3105,31.2406,31.3105,31.2406,532
2018-04-23,31.3572,31.25,31.409,31.165,378074
2018-04-24,31.48,30.94,31.48,30.882,8858
2018-04-25,30.96,31.14,31.14,30.91,18899
2018-04-26,31.3644,31.3644,31.3644,31.3644,325
2018-04-27,31.31,31.31,31.31,31.31,13832
2018-04-30,31.49,31.12,31.49,31.12,7276
2018-05-01,30.91,30.99,30.99,30.91,495
2018-05-02,31.03,30.94,31.03,30.874,4332
2018-05-03,30.31,30.7,30.7,30.31,382741
2018-05-04,30.88,31.04,31.13,30.8633,4662
2018-05-07,31.0552,31.08,31.15,31.0444,3548
2018-05-08,30.96,30.9166,30.98,30.9166,4722
2018-05-09,31.16,31.2496,31.32,31.05,352660
2018-05-10,31.38,31.5338,31.59,31.325,9372
2018-05-11,31.62,31.62,31.7,31.56,7452
2018-05-14,31.81,31.66,31.81,31.66,33093
2018-05-15,31.73,31.5351,31.73,31.53,386055
2018-05-16,31.7,31.84,31.929,31.7,9358
2018-05-17,31.99,31.86,32.06,31.84,2890
2018-05-18,31.8756,31.8756,31.8756,31.8756,102
2018-05-21,32.13,32.01,32.13,32.0,4956
2018-05-22,32.17,31.9305,32.17,31.9305,5313
2018-05-23,31.7282,31.89,31.89,31.7282,46739
2018-05-24,31.74,31.98,31.98,31.72,1360
2018-05-25,31.8765,31.85,31.91,31.8401,2319
2018-05-29,31.7234,31.4,31.7234,31.3904,3792
2018-05-30,31.92,31.99,31.99,31.76,177535
2018-05-31,32.03,31.58,32.03,31.54,3185
2018-06-01,31.84,31.96,31.98,31.84,5101
2018-06-04,32.08,32.12,32.12,32.0734,4400
2018-06-05,32.31,32.32,32.32,32.129,2615
2018-06-06,32.3,32.445,32.4472,32.2732,11540
2018-06-07,32.61,32.39,32.61,32.39,6064
2018-06-08,32.4233,32.61,32.61,32.41,51048
2018-06-11,32.7456,32.7696,32.77,32.7134,7402
2018-06-12,32.6968,32.6017,32.6968,32.6,1548
2018-06-13,32.7,32.599,32.7,32.59,6885
2018-06-14,32.76,32.5398,32.76,32.5,81589
2018-06-15,32.32,32.5,32.57,32.32,88677
2018-06-18,32.47,32.4625,32.47,32.3,18414
2018-06-19,32.31,32.2741,32.31,32.09,9825
2018-06-20,32.34,32.255614,32.39,32.28,1548
2018-06-21,32.42,32.05,32.42,32.05,12458
2018-06-22,32.25,32.05,32.25,32.045,23866
2018-06-25,31.6189,31.5,31.6189,31.5,2207
2018-06-26,31.72,31.66,31.72,31.5167,13855
2018-06-27,31.62,31.29,31.7598,31.29,16124
2018-06-28,31.33,31.31,31.37,31.1298,4365
2018-06-29,31.529,31.49,31.64,31.49,12764
2018-07-02,31.15,31.31,31.34,31.15,7753
2018-07-03,31.65,31.35,31.65,31.35,3854
2018-07-05,31.63,31.56,31.63,31.4,14762
2018-07-06,31.621,31.8274,31.8399,31.621,5706
2018-07-09,32.08,32.14,32.15,31.99,22962
2018-07-10,32.49,32.17,32.49,32.14,10158
2018-07-11,32.1,31.84,32.1,31.815,8872
2018-07-12,31.91,31.9897,32.03,31.91,8940
2018-07-13,32.14,32.07,32.14,32.02,25759
2018-07-16,32.0497,32.0464,32.0497,32.0464,402
2018-07-17,32.03,32.27,32.27,32.03,6549
2018-07-18,32.28,32.375,32.39,32.259,19999
2018-07-19,32.45,32.27,32.45,32.225,16955
2018-07-20,32.28,32.1393,32.28,32.1344,13455
2018-07-23,32.22,32.25,32.25,32.04,10266
2018-07-24,32.3284,32.06,32.3284,32.0291,15486
2018-07-25,32.22,32.23,32.23,32.0617,47139
2018-07-26,32.5992,32.6083,32.65,32.569,18855
2018-07-27,32.76,32.3946,32.76,32.3946,7820
2018-07-30,32.5,32.2534,32.5,32.2534,6544
2018-07-31,32.53,32.48,32.54,32.43,57354
2018-08-01,32.59,32.3,32.59,32.3,2923
2018-08-02,32.31,32.4757,32.49,32.27,5264
2018-08-03,32.66,32.66,32.6794,32.5699,55907
2018-08-06,32.7,32.77,32.79,32.7,28895
2018-08-07,32.9307,32.94,32.99,32.9307,9490
2018-08-08,33.08,32.98,33.08,32.9,51022
2018-08-09,32.94,32.97,32.9899,32.935,10459
2018-08-10,32.88,32.7,32.88,32.6272,14651
2018-08-13,32.86,32.61,32.86,32.4899,24549
2018-08-14,32.74,32.8297,32.88,32.6999,22995
2018-08-15,32.83,32.5594,32.83,32.371,17471
2018-08-16,32.7658,32.81,32.8501,32.7496,11461
2018-08-17,32.79,33.0,33.07,32.79,14223
2018-08-20,33.138,33.23,33.2494,33.07,51888
2018-08-21,33.3,33.3499,33.43,33.2865,20886
2018-08-22,33.26,33.35,33.41,33.26,45585
2018-08-23,33.4,33.27,33.4,33.21,9943
2018-08-24,33.31,33.39,33.41,33.2316,22568
2018-08-27,33.42,33.57,33.65,33.42,18276
2018-08-28,33.65,33.59,33.65,33.48,13485
2018-08-29,33.67,33.64,33.7,33.51,27544
2018-08-30,33.51,33.43,33.5643,33.3847,35412
2018-08-31,33.27,33.48,33.48,33.27,15060
2018-09-04,33.33,33.49,33.49,33.33,25174
2018-09-05,33.49,33.42,33.49,33.2477,26460
2018-09-06,33.4222,33.2514,33.47,33.22,42967
2018-09-07,33.2,33.0895,33.279,33.05,12081
2018-09-10,33.33,33.15,33.33,33.1256,4095
2018-09-11,33.23,33.13,33.23,33.0499,21829
2018-09-12,33.23,33.15,33.23,33.02,47705
2018-09-13,33.34,33.23,33.34,33.19,87187
2018-09-14,33.39,33.34,33.39,33.21,26547
2018-09-17,33.46,33.115,33.46,33.115,35704
2018-09-18,33.25,33.31,33.36,33.1802,15324
2018-09-19,33.44,33.2,33.44,33.1999,16921
2018-09-20,33.51,33.331779,33.51,33.33,24340
2018-09-21,33.61,33.3696,33.61,33.3696,13086
2018-09-24,33.29,33.2233,33.42,33.18,21999
2018-09-25,33.25,33.0638,33.25,33.0638,32521
2018-09-26,33.11,33.01,33.24,32.99,22481
2018-09-27,33.16,33.0073,33.17,33.0073,13934
2018-09-28,32.99,33.04,33.0677,32.9491,6145
2018-10-01,33.28,33.0,33.28,32.9391,107444
2018-10-02,33.14,32.9,33.14,32.9,7928
2018-10-03,33.0301,33.06,33.175,33.0284,63831
2018-10-04,33.09,32.84,33.09,32.6538,9532
2018-10-05,32.94,32.66,32.94,32.49,17273
2018-10-08,32.62,32.65,32.665,32.4209,10216
2018-10-09,32.69,32.45,32.69,32.415,25481
2018-10-10,32.48,31.58,32.48,31.58,32479
2018-10-11,31.54,30.92,31.68,30.9128,31271
2018-10-12,31.56,31.26,31.56,30.8763,43584
2018-10-15,31.29,31.1446,31.3497,31.1295,18081
2018-10-16,31.36,31.75,31.75,31.26,78471
2018-10-17,31.98,31.69,31.98,31.4255,31718
2018-10-18,31.61,31.34,31.75,31.245,34390
2018-10-19,31.5,31.17,31.5,31.0701,27833
2018-10-22,31.32,31.06,31.32,30.9762,70958
2018-10-23,30.73,30.91,30.949,30.2216,24974
2018-10-24,30.84,29.7955,30.84,29.7955,66474
2018-10-25,30.07,30.28,30.45,29.9281,30824
2018-10-26,29.94,29.79,30.06,29.54,57023
2018-10-29,29.94,29.44,30.32,29.44,17180
2018-10-30,29.76,30.3,30.34,29.76,23492
2018-10-31,30.68,30.56,30.89,30.56,63492
2018-11-01,30.789,30.9817,30.9817,30.72,36474
2018-11-02,31.29,30.88,31.29,30.6801,32659
2018-11-05,31.08,31.1336,31.2199,30.89,45748
2018-11-06,31.26,31.25,31.32,31.1699,12314
2018-11-07,31.59,31.92,31.92,31.458,55105
2018-11-08,31.97,31.86,31.97,31.75,53327
2018-11-09,31.79,31.52,31.79,31.3451,41145
2018-11-12,31.46,31.04,31.46,31.04,12721
2018-11-13,31.1,31.02,31.2743,30.93,351024
2018-11-14,31.31,30.74,31.31,30.6565,26788
2018-11-15,30.57,30.88,30.95,30.42,22248
2018-11-16,30.8218,31.0,31.0675,30.79,27845
2018-11-19,30.99,30.46,30.99,30.421,62910
2018-11-20,30.16,29.9,30.19,29.79,69071
2018-11-21,30.42,30.1074,30.42,30.04,25899
2018-11-23,30.05,30.08,30.14,29.9041,11326
2018-11-26,31.18,30.43,31.18,30.25,34455
2018-11-27,30.43,30.44,30.44,30.22,234335
2018-11-28,30.54,31.02,31.05,30.4081,108022
2018-11-29,31.01,30.97,31.18,30.77,37138
2018-11-30,31.1,31.15,31.19,30.86,31612
2018-12-03,31.75,31.44,31.75,31.2293,53856
2018-12-04,31.49,30.35,31.49,30.3,240691
2018-12-06,30.04,30.26,30.27,29.488,94443
2018-12-07,30.33,29.5373,30.33,29.455,29884
2018-12-10,29.57,29.423,29.57,28.9012,44874
2018-12-11,29.71,29.3575,29.8341,29.17,65876
2018-12-12,29.83,29.61,29.9209,29.6039,12224
2018-12-13,29.61,29.4,29.779,29.28,23365
2018-12-14,29.21,28.9116,29.35,28.89,96728
2018-12-17,28.53,28.2993,28.9599,28.23,27771
2018-12-18,28.59,28.37,28.75,28.1861,138993
2018-12-19,28.52,27.714857,28.72,27.7507,77473
2018-12-20,27.59,27.27,27.81,26.98,410404
2018-12-21,27.32,26.87,27.6,26.79,290463
2018-12-24,26.66,26.2311,26.66,26.22,131231
2018-12-26,26.21,27.37,27.37,26.09,183150
2018-12-27,27.02,27.5211,27.54,26.6307,301795
2018-12-28,27.82,27.52,27.9336,27.4472,100815
2018-12-31,27.79,27.8,27.86,27.57,109586
2019-01-02,27.56,27.94,28.039,27.56,71894
2019-01-03,27.8,27.27,27.8,27.27,20326
2019-01-04,27.56,28.26,28.29,27.56,159299
2019-01-07,28.31,28.54,28.74,28.14,35600
2019-01-08,28.82,28.76,28.82,28.4333,60387
2019-01-09,28.76,28.91,29.08,28.76,93072
2019-01-10,28.78,29.0059,29.0185,28.68,31059
2019-01-11,28.83,29.11,29.16,28.83,31808
2019-01-14,29.03,28.9,29.03,28.7974,36469
2019-01-15,28.88,29.06,29.1281,28.88,146982
2019-01-16,29.13,29.16,29.29,29.13,12056
2019-01-17,29.07,29.46,29.49,29.07,70377
2019-01-18,29.67,29.84,29.92,29.6,84264
2019-01-22,29.89,29.5,29.89,29.37,44503
2019-01-23,29.63,29.55,29.668,29.2529,65481
2019-01-24,29.69,29.68,29.739,29.54,44254
2019-01-25,29.91,30.01,30.059,29.91,47092
2019-01-28,29.8,29.88,29.88,29.6715,59809
2019-01-29,29.93,29.87,29.93,29.7376,17332
2019-01-30,30.1,30.11,30.27,29.8803,32811
2019-01-31,30.04,30.44,30.44,30.04,19956
2019-02-01,30.57,30.38,30.57,30.31,18141
2019-02-04,30.3127,30.5593,30.57,30.3127,9720
2019-02-05,30.63,30.59,30.76,30.49,25076
2019-02-06,30.6,30.7,30.74,30.5,234942
2019-02-07,30.52,30.4,30.62,30.2356,16906
2019-02-08,30.23,30.4,30.4,30.14,18097
2019-02-11,30.65,30.45,30.65,30.361,17917
2019-02-12,30.66,30.85,30.88,30.66,13014
2019-02-13,31.11,31.03,31.11,30.9008,19617
2019-02-14,30.85,30.95,31.0439,30.85,21680
2019-02-15,31.19,31.36,31.36,31.19,15651
2019-02-19,31.33,31.43,31.51,31.3265,31036
2019-02-20,31.47,31.47,31.56,31.43,175874
2019-02-21,31.421,31.3342,31.47,31.2529,86378
2019-02-22,31.34,31.53,31.61,31.34,133554
2019-02-25,31.59,31.555,31.75,31.555,227640
2019-02-26,31.58,31.47,31.59,31.47,206761
2019-02-27,31.41,31.39,31.5,31.2853,201840
2019-02-28,31.35,31.18,31.35,31.18,24937
2019-03-01,31.44,31.4,31.55,31.3,68461
2019-03-04,31.52,31.12,31.52,30.9214,26335
2019-03-05,31.13,31.06,31.3373,30.991,59958
2019-03-06,31.14,30.78,31.14,30.7501,115947
2019-03-07,30.75,30.48,30.75,30.4329,27597
2019-03-08,30.33,30.42,30.42,30.17,22131
2019-03-11,30.48,30.84,30.84,30.48,13886
2019-03-12,30.97,30.93,30.99,30.8249,17530
2019-03-13,31.0228,31.0935,31.2042,31.02,20909
2019-03-14,31.16,31.06,31.16,31.01,50600
2019-03-15,31.28,31.2471,31.35,31.1801,40703
2019-03-18,31.31,31.42,31.43,31.26,52717
2019-03-19,31.56,31.38,31.63,31.3001,18077
2019-03-20,31.36,31.09,31.36,31.0126,26615
2019-03-21,30.96,31.41,31.47,30.96,37717
2019-03-22,31.26,30.593263,31.2903,30.75,79847
2019-03-25,30.55,30.5,30.64,30.3757,57939
2019-03-26,30.74,30.7,30.81,30.5,34793
2019-03-27,30.8,30.6,30.8,30.4,67643
2019-03-28,30.71,30.67,30.7899,30.5459,149783
2019-03-29,30.97,30.91,30.97,30.7601,31447
2019-04-01,31.09,31.31,31.31,31.09,20389
2019-04-02,31.33,31.205,31.33,31.14,56756
2019-04-03,31.33,31.38,31.49,31.31,17657
2019-04-04,31.43,31.5093,31.5093,31.38,17601
2019-04-05,31.63,31.64,31.6999,31.63,60660
2019-04-08,31.685,31.68,31.7099,31.58,77038
2019-04-09,31.65,31.49,31.66,31.4063,32556
2019-04-10,31.56,31.6765,31.6822,31.48,21663
2019-04-11,31.76,31.7,31.82,31.6,38003
2019-04-12,31.88,31.86,31.94,31.74,39016
2019-04-15,31.86,31.8,31.8949,31.69,35484
2019-04-16,31.91,31.79,31.913,31.71,24353
2019-04-17,31.92,31.6,31.92,31.5401,63293
2019-04-18,31.67,31.64,31.69,31.4991,29560
2019-04-22,31.61,31.55,31.61,31.46,42297
2019-04-23,31.58,31.87,31.87,31.55,115717
2019-04-24,31.84,31.83,31.91,31.7833,78153
2019-04-25,31.79,31.75,31.8,31.55,39113
2019-04-26,31.69,31.78,31.82,31.5921,45853
2019-04-29,31.89,31.91,31.98,31.79,34671
2019-04-30,31.92,32.02,32.02,31.7,27889
2019-05-01,32.0899,31.76,32.0899,31.745,36934
2019-05-02,31.71,31.74,31.77,31.49,37568
2019-05-03,31.89,32.04,32.04,31.79,32859
2019-05-06,31.76,31.88,31.92,31.5374,59606
2019-05-07,31.54,31.34,31.58,31.192,51331
2019-05-08,31.4,31.2569,31.4192,31.2569,31139
2019-05-09,30.98,31.2,31.2173,30.8475,37998
2019-05-10,31.07,31.31,31.35,30.71,27772
2019-05-13,30.73,30.4602,30.765,30.3316,30109
2019-05-14,30.5998,30.79,30.9,30.5998,22770
2019-05-15,30.75,30.89,30.95,30.5381,88416
2019-05-16,30.93,31.02,31.24,30.93,51613
2019-05-17,30.77,30.9,31.19,30.77,38291
2019-05-20,30.75,30.84,30.96,30.7431,31478
2019-05-21,31.01,31.14,31.204,30.9907,26758
2019-05-22,31.03,30.98,31.04,30.873,26445
2019-05-23,30.69,30.46,30.69,30.345,51833
2019-05-24,30.64,30.65,30.65,30.4925,37025
2019-05-28,30.6739,30.32,30.6846,30.32,278827
2019-05-29,30.19,30.12,30.19,29.931,47156
2019-05-30,30.22,30.16,30.61,30.0136,73405
2019-05-31,29.83,29.68,29.83,29.6321,48035
2019-06-03,29.68,29.85,29.95,29.665,29279
2019-06-04,30.11,30.59,30.59,30.11,25696
2019-06-05,30.56,30.69,30.69,30.48,30321
2019-06-06,30.75,30.84,30.84,30.653,23350
2019-06-07,30.945,31.03,31.11,30.9411,17792
2019-06-10,31.23,31.14,31.31,31.121,23580
2019-06-11,31.44,31.14,31.44,31.1,54808
2019-06-12,31.16,31.06,31.16,31.0114,12891
2019-06-13,31.26,31.28,31.31,31.162,22759
2019-06-14,31.26,31.2394,31.26,31.096,10459
2019-06-17,31.19,31.18,31.256,31.16,11400
2019-06-18,31.47,31.52,31.68,31.46,32582
2019-06-19,31.58,31.66,31.66,31.5518,13510
2019-06-20,31.95,31.85,31.95,31.5787,10930
2019-06-21,31.78,31.69,31.841,31.69,40771
2019-06-24,31.68,31.494817,31.74,31.6,12181
2019-06-25,31.49,31.26,31.5,31.22,24754
2019-06-26,31.32,31.19,31.45,31.19,20670
2019-06-27,31.35,31.46,31.49,31.35,22340
2019-06-28,31.61,31.66,31.66,31.52,7529
2019-07-01,31.99,31.89,32.012,31.7301,42954
2019-07-02,31.87,31.8,31.88,31.7151,21347
2019-07-03,32.07,32.14,32.14,31.9827,51975
2019-07-05,31.95,32.0786,32.1408,31.95,16341
2019-07-08,31.97,31.945,32.1,31.87,30380
2019-07-09,31.86,31.93,31.93,31.801,165415
2019-07-10,32.11,32.03,32.1555,31.9512,113709
2019-07-11,32.1139,32.15,32.15,31.9703,19881
2019-07-12,32.2,32.48,32.48,32.2,23780
2019-07-15,32.478,32.4,32.49,32.38,17747
2019-07-16,32.4,32.43,32.505,32.38,16217
2019-07-17,32.295,32.12,32.3,32.12,22323
2019-07-18,32.08,32.23,32.31,32.08,9971
2019-07-19,32.41,32.2,32.41,32.2,11289
2019-07-22,32.33,32.12,32.33,32.09,12834
2019-07-23,32.34,32.42,32.424,32.13,21113
2019-07-24,32.45,32.78,32.78,32.39,18686
2019-07-25,32.7,32.56,32.7,32.4901,13165
2019-07-26,32.66,32.84,32.84,32.61,11464
2019-07-29,32.7961,32.75,32.7961,32.69,26758
2019-07-30,32.48,32.61,32.66,32.48,14355
2019-07-31,32.63,32.34,32.64,32.14,9829
2019-08-01,32.42,31.86,32.5359,31.762,9792
2019-08-02,31.72,31.41,31.72,31.3273,26065
2019-08-05,30.95,30.62,30.95,30.42,33324
2019-08-06,30.82,30.895,30.9006,30.4946,61800
2019-08-07,30.62,30.91,30.9197,30.36,26913
2019-08-08,31.1379,31.43,31.48,31.1379,347929
2019-08-09,31.38,31.23,31.41,31.047,24759
2019-08-12,30.915,30.755,30.99,30.6739,21654
2019-08-13,30.75,31.27,31.4918,30.75,57156
2019-08-14,30.79,30.32,30.79,30.2709,41211
2019-08-15,30.38,30.19,30.38,30.0938,11808
2019-08-16,30.34,30.71,30.73,30.34,18504
2019-08-19,31.105,31.1,31.14,31.05,9710
2019-08-20,30.98,30.73,31.005,30.73,10350
2019-08-21,31.01,31.04,31.09,30.98,27620
2019-08-22,31.1997,31.11,31.205,30.94,31297
2019-08-23,30.815,30.23,30.9947,30.13,15075
2019-08-26,30.34,30.45,30.46,30.32,9068
2019-08-27,30.67,30.27,30.67,30.195,34470
2019-08-28,30.16,30.53,30.54,30.15,26368
2019-08-29,30.89,30.95,31.015,30.84,23927
2019-08-30,31.19,31.09,31.19,30.96,33716
2019-09-03,30.85,30.85,30.9,30.66,15521
2019-09-04,31.07,31.13,31.18,31.0304,42290
2019-09-05,31.41,31.67,31.7473,31.41,40983
2019-09-06,31.67,31.71,31.82,31.67,21796
2019-09-09,31.81,31.97,31.97,31.8,22757
2019-09-10,31.89,32.09,32.1,31.89,65762
2019-09-11,32.18,32.3696,32.3696,32.1039,16182
2019-09-12,32.51,32.45,32.5669,32.4195,30528
2019-09-13,32.61,32.38,32.61,32.3318,22390
2019-09-16,32.33,32.28,32.33,32.1387,19527
2019-09-17,32.26,32.39,32.39,32.26,29058
2019-09-18,32.54,32.4,32.54,32.17,66514
2019-09-19,32.4,32.4,32.56,32.375,365132
2019-09-20,32.56,32.33,32.56,32.31,282139
2019-09-23,32.2626,32.182931,32.39,32.2541,18444
2019-09-24,32.29,32.03,32.3596,31.9449,340620
2019-09-25,32.06,32.16,32.1773,31.9386,21418
2019-09-26,32.14,32.1063,32.1901,32.01,20855
2019-09-27,32.23,32.03,32.23,31.875,52706
2019-09-30,32.1429,32.22,32.3,32.1429,25347
2019-10-01,32.34,31.88,32.34,31.8401,55858
2019-10-02,31.57,31.38,31.65,31.21,22922
2019-10-03,31.44,31.55,31.55,31.08,35782
2019-10-04,31.73,31.94,31.94,31.6321,19211
2019-10-07,31.84,31.77,31.933,31.77,25885
2019-10-08,31.66,31.34,31.7,31.3,29790
2019-10-09,31.66,31.53,31.66,31.43,39052
2019-10-10,31.58,31.72,31.78,31.5732,15346
2019-10-11,32.0,31.97,32.2,31.96,44033
2019-10-14,32.01,31.94,32.04,31.9057,16328
2019-10-15,31.96,32.09,32.1898,31.96,20905
2019-10-16,32.03,32.09,32.1543,32.0057,18931
2019-10-17,32.22,32.25,32.28,32.1881,18056
2019-10-18,32.22,32.26,32.28,32.1451,18466
2019-10-21,32.37,32.39,32.39,32.32,18046
2019-10-22,32.53,32.26,32.53,32.2344,23563
2019-10-23,32.32,32.28,32.32,32.17,29044
2019-10-24,32.35,32.25,32.35,32.18,16929
2019-10-25,32.25,32.39,32.42,32.25,48322
2019-10-28,32.59,32.4302,32.59,32.42,35840
2019-10-29,32.41,32.4987,32.5899,32.4,55813
2019-10-30,32.48,32.61,32.61,32.3879,21990
2019-10-31,32.61,32.51,32.61,32.3552,32609
2019-11-01,32.59,32.66,32.69,32.59,13494
2019-11-04,32.85,32.68,32.85,32.6338,17894
2019-11-05,32.76,32.62,32.76,32.61,20776
2019-11-06,32.63,32.7486,32.77,32.63,46821
2019-11-07,32.93,32.781,32.96,32.758,26640
2019-11-08,32.78,32.87,32.87,32.65,18527
2019-11-11,32.7584,32.82,32.84,32.7584,22277
2019-11-12,32.84,32.81,32.894,32.75,33263
2019-11-13,32.75,32.88,32.9,32.71,25285
2019-11-14,32.85,32.88,32.8924,32.77,28003
2019-11-15,33.03,33.0778,33.08,32.9657,16361
2019-11-18,33.02,33.1044,33.1504,33.02,14698
2019-11-19,33.2,33.17,33.21,33.0784,36066
2019-11-20,33.11,33.07,33.16,32.91,18793
2019-11-21,33.11,33.0,33.11,32.9,43968
2019-11-22,33.1,32.98,33.1,32.93,44295
2019-11-25,33.1,33.25,33.25,33.1,23186
2019-11-26,33.25,33.42,33.42,33.25,33050
2019-11-27,33.5,33.54,33.54,33.4052,13058
2019-11-29,33.54,33.3648,33.54,33.3648,13912
2019-12-02,33.41,33.14,33.41,33.12,38320
2019-12-03,32.84,32.94,32.94,32.75,48465
2019-12-04,33.1,33.1125,33.17,33.0825,14974
2019-12-05,33.31,33.1677,33.31,33.0308,33699
2019-12-06,33.43,33.3753,33.4566,33.3741,115411
2019-12-09,33.38,33.3265,33.41,33.21,23849
2019-12-10,33.39,33.27,33.39,33.225,31312
2019-12-11,33.29,33.2999,33.328,33.19,17529
2019-12-12,33.4499,33.55,33.62,33.41,15001
2019-12-13,33.49,33.42,33.552,33.3589,22973
2019-12-16,33.65,33.66,33.7228,33.59,27461
2019-12-17,33.78,33.6774,33.78,33.64,21979
2019-12-18,33.86,33.62,33.86,33.61,96769
2019-12-19,33.63,33.515723,33.79,33.63,51447
2019-12-20,33.68,33.7536,33.7594,33.67,31459
2019-12-23,33.89,33.681,33.89,33.6301,72231
2019-12-24,33.75,33.6799,33.7508,33.6501,13968
2019-12-26,33.8,33.77,33.8,33.69,19633
2019-12-27,33.85,33.765,33.85,33.71,41714
2019-12-30,33.81,33.67,33.81,33.62,16891
2019-12-31,33.6,33.7,33.7208,33.58,7810
2020-01-02,33.93,33.7819,33.93,33.64,33295
2020-01-03,33.53,33.74,33.77,33.53,33438
2020-01-06,33.7,33.65,33.71,33.5,71788
2020-01-07,33.65,33.59,33.67,33.51,48628
2020-01-08,33.58,33.7398,33.85,33.58,63665
2020-01-09,33.8,33.86,33.8899,33.76,66354
2020-01-10,33.94,33.84,33.973,33.83,180477
2020-01-13,33.92,34.04,34.04,33.8924,28651
2020-01-14,34.01,34.04,34.0986,33.93,30092
2020-01-15,34.01,34.15,34.18,34.01,13391
2020-01-16,34.34,34.3561,34.39,34.12,30977
2020-01-17,34.52,34.4822,34.52,34.43,22506
2020-01-21,34.45,34.435,34.5,34.3801,27358
2020-01-22,34.57,34.47,34.62,34.4438,54356
2020-01-23,34.47,34.55,34.55,34.27,14579
2020-01-24,34.55,34.2585,34.5672,34.14,14145
2020-01-27,33.91,33.96,34.04,33.89,181591
2020-01-28,34.05,34.07,34.1706,33.9671,37294
2020-01-29,34.17,34.03,34.1711,34.0,39920
2020-01-30,33.82,34.14,34.15,33.7608,21339
2020-01-31,34.0,33.54,34.0,33.54,18198
2020-02-03,33.7,33.78,33.8866,33.7,12222
2020-02-04,34.1,34.14,34.26,34.0997,38381
2020-02-05,34.46,34.54,34.54,34.1,26950
2020-02-06,34.59,34.55,34.65,34.5,43605
2020-02-07,34.61,34.3391,34.61,34.3,23913
2020-02-10,34.26,34.49,34.53,34.26,23023
2020-02-11,34.69,34.69,34.7656,34.62,26245
2020-02-12,34.84,34.85,34.8599,34.7301,19043
2020-02-13,34.75,34.87,34.91,34.75,19319
2020-02-14,34.95,34.905,34.95,34.7541,14276
2020-02-18,34.84,34.766,34.8618,34.7229,64915
2020-02-19,34.95,34.8684,34.95,34.81,31146
2020-02-20,34.83,34.78,34.84,34.558,20850
2020-02-21,34.65,34.55,34.65,34.5,24157
2020-02-24,33.77,33.6366,33.93,33.51,41843
2020-02-25,33.73,32.6969,33.73,32.68,40399
2020-02-26,32.77,32.4005,33.08,32.4005,28917
2020-02-27,31.99,31.15,32.27,31.15,43605
2020-02-28,30.69,30.56,30.69,29.66,143875
2020-03-02,30.58,31.7363,31.7363,30.53,411546
2020-03-03,31.91,31.0966,32.31,30.87,102457
2020-03-04,31.61,32.3773,32.38,31.53,51988
2020-03-05,31.65,31.45,31.96,31.17,42441
2020-03-06,30.52,31.0318,31.19,30.375,104455
2020-03-09,28.98,28.98,29.8199,28.0001,29599
2020-03-10,29.93,30.0484,30.0484,28.72,85442
2020-03-11,29.34,28.6901,29.41,28.36,117735
2020-03-12,26.78,25.66,27.5499,25.66,259197
2020-03-13,27.36,27.77,27.77,25.875,177707
2020-03-16,25.65,24.49,26.26,24.24,83440
2020-03-17,24.88,25.6,25.88,24.38,119179
2020-03-18,24.53,24.255,24.7763,22.91,71434
2020-03-19,23.9,24.32,24.85,21.72,186831
2020-03-20,24.66,23.2408,24.66,23.2,59215
2020-03-23,23.06,22.51,23.06,22.05,241134
2020-03-24,23.19,24.279107,24.5134,23.19,80282
2020-03-25,24.44,24.87,25.8386,24.0803,110123
2020-03-26,25.07,26.55,26.69,25.07,35761
2020-03-27,25.68,25.7476,26.35,25.58,36129
2020-03-30,26.07,26.57,26.58,25.91,34905
2020-03-31,26.3,26.09,26.57,25.89,38430
2020-04-01,25.05,24.87,25.2599,24.6,29526
2020-04-02,24.59,25.34,25.34,24.59,62917
2020-04-03,25.16,24.74,25.4,24.57,53926
2020-04-06,25.65,26.5,26.5448,25.65,579860
2020-04-07,27.44,26.67,27.66,26.67,32743
2020-04-08,26.97,27.74,27.81,26.9303,24167
2020-04-09,28.16,28.36,28.6814,28.055,49796
2020-04-13,28.28,27.89,28.47,27.5,50500
2020-04-14,28.51,28.58,28.58,28.3,31509
2020-04-15,27.85,27.68,27.9,27.47,32350
2020-04-16,27.7,27.77,27.82,27.4,791717
2020-04-17,28.45,28.55,28.65,28.16,49720
2020-04-20,28.23,27.93,28.49,27.93,64609
2020-04-21,27.56,27.25,27.6154,27.13,34272
2020-04-22,27.78,27.73,27.85,27.58,31557
2020-04-23,27.84,27.75,28.13,27.7448,22637
2020-04-24,27.94,28.0305,28.17,27.7226,37755
2020-04-27,28.489,28.8,28.87,28.38,45289
2020-04-28,29.23,28.88,29.31,28.86,16430
2020-04-29,29.34,29.54,29.74,29.27,54367
2020-04-30,29.2199,28.97,29.2199,28.88,17114
2020-05-01,28.4,28.11,28.45,28.03,24821
2020-05-04,28.02,28.16,28.16,27.7905,22397
2020-05-05,28.49,28.39,28.67,28.34,67348
2020-05-06,28.56,28.03,28.56,28.03,23879
2020-05-07,28.34,28.35,28.609,28.34,20312
2020-05-08,28.74,29.009,29.05,28.74,22066
2020-05-11,28.76,28.87,28.97,28.58,37811
2020-05-12,28.98,28.17,29.0164,28.11,22008
2020-05-13,28.02,27.42,28.02,27.2124,41401
2020-05-14,27.21,27.86,27.86,26.86,87680
2020-05-15,27.61,27.9,27.9256,27.61,10963
2020-05-18,28.63,29.04,29.2185,28.6001,18397
2020-05-19,29.01,28.75,29.12,28.75,43887
2020-05-20,29.03,29.05,29.24,29.03,36605
2020-05-21,29.02,28.97,29.2,28.84,131923
2020-05-22,28.95,28.9901,29.02,28.83,17938
2020-05-26,29.7778,29.65,29.87,29.59,13574
2020-05-27,30.08,30.25,30.25,29.8101,10703
2020-05-28,30.35,30.07,30.415,30.07,77769
2020-05-29,29.93,30.1651,30.1651,29.79,29823
2020-06-01,30.1,30.22,30.37,30.02,175886
2020-06-02,30.42,30.55,30.55,30.3472,407598
2020-06-03,30.77,31.08,31.1763,30.77,15406
2020-06-04,30.96,31.12,31.1933,30.91,17599
2020-06-05,31.93,31.97,32.211,31.85,19489
2020-06-08,32.0,32.34,32.3899,32.0,23777
2020-06-09,32.06,31.89,32.06,31.77,18482
2020-06-10,31.97,31.45,31.97,31.3699,19759
2020-06-11,30.41,29.43,30.5199,29.43,26736
2020-06-12,30.27,29.86,30.27,29.3544,10859
2020-06-15,29.24,30.15,30.19,29.07,17894
2020-06-16,30.97,30.68,30.97,30.5506,12709
2020-06-17,30.76,30.4597,30.76,30.4597,26008
2020-06-18,30.31,30.43,30.4617,30.31,8207
2020-06-19,30.63,30.17,30.64,30.11,3732
2020-06-22,30.06,30.26,30.32,30.04,24222
2020-06-23,30.49,30.3179,30.52,30.3179,38280
2020-06-24,30.05,29.28245,30.06,29.25,15382
2020-06-25,29.22,29.5725,29.5725,29.14,6371
2020-06-26,29.45,29.02,29.45,28.9928,20373
2020-06-29,29.25,29.65,29.65,29.12,11085
2020-06-30,29.64,30.03,30.05,29.63,17503
2020-07-01,29.99,29.89,30.12,29.89,17713
2020-07-02,30.29,30.06,30.44,30.06,407820
2020-07-06,30.39,30.29,30.46,30.16,487312
2020-07-07,30.06,29.8,30.17,29.8,13369
2020-07-08,29.86,29.91,30.0,29.69,153614
2020-07-09,29.93,29.51,29.93,29.3271,21273
2020-07-10,29.54,30.01,30.01,29.54,11233
2020-07-13,30.12,29.82,30.3353,29.81,9897
2020-07-14,29.7,30.24,30.2924,29.7,15969
2020-07-15,30.52,30.72,30.79,30.52,20470
2020-07-16,30.56,30.67,30.833,30.56,9559
2020-07-17,30.74,30.9428,30.9799,30.74,3133
2020-07-20,30.7166,30.8323,30.855,30.65,6442
2020-07-21,31.03,30.96,31.19,30.95,23560
2020-07-22,30.91,31.26,31.27,30.91,12003
2020-07-23,31.24,31.17,31.435,31.11,11114
2020-07-24,31.0499,30.89,31.0598,30.89,177709
2020-07-27,30.88,31.03,31.04,30.845,13127
2020-07-28,31.02,30.9,31.15,30.9,347618
2020-07-29,31.04,31.29,31.37,31.04,11507
2020-07-30,31.03,31.13,31.1828,30.85,9026
2020-07-31,31.025,31.1283,31.1283,30.755,42940
2020-08-03,31.31,31.45,31.47,31.2412,14436
2020-08-04,31.42,31.46,31.49,31.3,7788
2020-08-05,31.69,31.72,31.72,31.6007,12614
2020-08-06,31.7,31.7281,31.7281,31.6,5589
2020-08-07,31.64,32.0,32.0,31.64,15380
2020-08-10,32.1,32.25,32.33,32.1,8022
2020-08-11,32.42,32.14,32.57,32.14,14059
2020-08-12,32.32,32.38,32.4783,32.32,8479
2020-08-13,32.27,32.23,32.33,32.19,7484
2020-08-14,32.21,32.2804,32.38,32.21,3948
2020-08-17,32.38,32.3358,32.38,32.29,4532
2020-08-18,32.28,32.17,32.3105,32.17,15325
2020-08-19,32.29,32.0969,32.29,32.02,16506
2020-08-20,31.85,31.97,32.0393,31.85,10613
2020-08-21,31.95,31.9814,31.99,31.88,14425
2020-08-24,32.1314,32.3747,32.3815,32.1314,15199
2020-08-25,32.46,32.3648,32.47,32.25,10400
2020-08-26,32.3,32.35,32.44,32.23,89575
2020-08-27,32.45,32.5598,32.66,32.45,7706
2020-08-28,32.66,32.7654,32.7666,32.57,9290
2020-08-31,32.6369,32.5912,32.6376,32.55,10027
2020-09-01,32.48,32.55,32.55,32.45,11559
2020-09-02,32.75,33.1938,33.2008,32.75,58531
2020-09-03,33.02,32.3,33.02,32.18,10756
2020-09-04,32.36,32.2322,32.5,31.8,4805
2020-09-08,31.83,31.52,31.9207,31.52,15723
2020-09-09,31.79,32.0,32.2399,31.79,10289
2020-09-10,32.2,31.5709,32.2,31.5,5845
2020-09-11,31.6,31.5913,31.785,31.43,9220
2020-09-14,31.8,32.0363,32.11,31.8,385745
2020-09-15,32.26,32.1285,32.29,32.0672,7177
2020-09-16,32.18,32.06,32.42,32.05,9092
2020-09-17,31.8901,31.92,31.92,31.745,19776
2020-09-18,32.1,31.7255,32.1,31.55,5357
2020-09-21,31.2,31.2704,31.4,30.93,29621
2020-09-22,31.3,31.4889,31.4999,31.1991,13123
2020-09-23,31.4799,30.8811,31.4799,30.8811,4954
2020-09-24,30.655,30.817862,31.19,30.655,10594
2020-09-25,30.63,31.171,31.171,30.63,10337
2020-09-28,31.625,31.6,31.736,31.59,10857
2020-09-29,31.8,31.5702,31.82,31.5027,9501
2020-09-30,31.68,31.76,31.99,31.6172,13820
2020-10-01,31.8531,31.79,31.9332,31.73,33030
2020-10-02,31.5,31.7372,31.8799,31.5,18819
2020-10-05,31.75,32.2916,32.2923,31.75,5810
2020-10-06,32.39,31.92,32.547,31.92,6755
2020-10-07,32.2,32.48,32.5506,32.15,16265
2020-10-08,32.47,32.74,32.7993,32.47,6371
2020-10-09,33.02,32.9503,33.0555,32.93,6094
2020-10-12,33.12,33.27,33.4053,33.1163,21160
2020-10-13,33.18,33.2217,33.2572,33.1001,6397
2020-10-14,33.13,32.97,33.2871,32.97,12941
2020-10-15,32.74,32.9834,33.0316,32.71,12544
2020-10-16,33.08,33.0633,33.23,33.0633,11722
2020-10-19,33.16,32.51,33.16,32.51,12074
2020-10-20,32.765,32.6515,32.98,32.59,19793
2020-10-21,32.51,32.565,32.721,32.51,8525
2020-10-22,32.63,32.6363,32.6912,32.361,21159
2020-10-23,32.7,32.68,32.72,32.575,6092
2020-10-26,32.415,32.1393,32.415,31.98,7975
2020-10-27,32.19,31.91,32.25,31.91,6320
2020-10-28,31.36,31.0562,31.535,31.0562,18012
2020-10-29,31.071,31.3318,31.39,31.071,6484
2020-10-30,31.17,31.05,31.17,30.86,8780
2020-11-02,31.581,31.5109,31.581,31.26,5489
2020-11-03,31.95,32.1634,32.2,31.95,12693
2020-11-04,32.35,32.5558,33.0,32.33,14717
2020-11-05,32.98,33.06,33.1888,32.98,4388
2020-11-06,33.08,33.1427,33.19,33.05,5300
2020-11-09,34.08,33.2662,34.08,33.2662,4983
2020-11-10,33.13,33.41,33.4999,33.11,12734
2020-11-11,33.75,33.5974,33.75,33.53,6359
2020-11-12,33.4417,33.13,33.56,33.13,14202
2020-11-13,33.42,33.7689,33.7689,33.42,3963
2020-11-16,33.919,34.0679,34.11,33.919,7852
2020-11-17,33.78,33.9273,34.05,33.75,9700
2020-11-18,33.99,33.5706,34.005,33.5706,6000
2020-11-19,33.43,33.6463,33.6463,33.43,8222
2020-11-20,33.53,33.5424,33.63,33.53,6736
2020-11-23,33.75,33.7601,33.799,33.61,4369
2020-11-24,34.09,34.155,34.2299,33.99,12340
2020-11-25,34.1,34.0686,34.13,34.0001,7639
2020-11-27,34.26,34.13,34.26,34.13,3266
2020-11-30,34.0626,34.03,34.0626,33.918,11328
2020-12-01,34.4,34.45,34.5,34.32,22113
2020-12-02,34.2733,34.45,34.45,34.2733,103655
2020-12-03,34.34,34.44,34.5261,34.328,11766
2020-12-04,34.59,34.75,34.75,34.59,6446
2020-12-07,34.6489,34.7002,34.76,34.6001,326569
2020-12-08,34.6404,34.8602,34.89,34.6404,18761
2020-12-09,34.99,34.7112,34.99,34.52,102265
2020-12-10,34.61,34.6476,34.6599,34.5,176107
2020-12-11,34.39,34.5464,34.5599,34.36,489351
2020-12-14,34.945,34.54,34.945,34.54,30392
2020-12-15,34.69,34.9098,34.97,34.69,5179
2020-12-16,34.93,34.9725,35.03,34.895,4322
2020-12-17,35.07,35.1394,35.25,35.07,26299
2020-12-18,35.13,35.1365,35.1365,34.95,15917
2020-12-21,34.82,34.8823,34.9506,34.52,11515
2020-12-22,34.8715,34.62618,34.99,34.8366,7656
2020-12-23,34.86,34.756,34.86,34.756,3002
2020-12-24,34.69,34.7733,34.7733,34.6774,1674
2020-12-28,35.09,34.93,35.09,34.85,9767
2020-12-29,34.95,34.7505,35.045,34.7049,5422
2020-12-30,34.91,34.8512,34.945,34.8188,6714
2020-12-31,34.78,35.0976,35.0976,34.78,13248
2021-01-04,35.0774,34.57,35.0774,34.3863,28891
2021-01-05,34.66,34.8688,34.98,34.6353,372124
2021-01-06,34.67,35.4328,35.68,34.67,14473
2021-01-07,35.66,35.8901,35.91,35.66,27881
2021-01-08,36.02,35.9351,36.02,35.67,27158
2021-01-11,35.82,35.9284,36.0799,35.785,1445446
2021-01-12,36.06,36.09,36.1,35.8825,56347
2021-01-13,36.12,35.95,36.12,35.95,27136
2021-01-14,36.08,36.03,36.19,36.02,21696
2021-01-15,35.85,35.91,35.96,35.655,17943
2021-01-19,36.06,36.0892,36.12,35.98,22180
2021-01-20,36.23,36.34,36.39,36.22,37003
2021-01-21,36.47,36.34,36.545,36.25,36611
2021-01-22,36.06,36.26,36.29,36.06,15207
2021-01-25,36.38,36.36,36.42,36.0765,24256
2021-01-26,36.49,36.3588,36.5,36.255,49785
2021-01-27,36.28,35.61,36.28,35.535,67102
2021-01-28,35.79,35.8058,36.09,35.79,92899
2021-01-29,35.61,35.15,35.705,35.06,32015
2021-02-01,35.34,35.58,35.63,35.27,25676
2021-02-02,35.72,35.8451,36.0199,35.72,23624
2021-02-03,35.94,35.875,35.95,35.67,106522
2021-02-04,36.0,36.28,36.28,35.895,134845
2021-02-05,36.54,36.44,36.54,36.3601,15149
2021-02-08,36.63,36.82,36.82,36.56,14923
2021-02-09,36.87,36.83,36.87,36.725,87992
2021-02-10,37.14,36.79,37.14,36.645,18051
2021-02-11,36.99,36.89,36.99,36.7098,20122
2021-02-12,36.91,37.06,37.06,36.8686,12648
2021-02-16,37.34,36.9,37.34,36.9,682158
2021-02-17,37.03,36.9,37.03,36.72,28119
2021-02-18,36.93,36.7,36.93,36.585,17117
2021-02-19,36.98,36.72,36.98,36.72,136489
2021-02-22,36.79,36.56,36.79,36.53,10154
2021-02-23,36.64,36.59,36.659,36.16,17815
2021-02-24,36.75,36.94,36.94,36.52,31919
2021-02-25,36.98,36.17,36.98,36.1117,30712
2021-02-26,36.53,35.91,36.53,35.8175,14461
2021-03-01,36.52,36.71,36.7793,36.475,17834
2021-03-02,36.89,36.44,36.89,36.3783,38370
2021-03-03,36.55,36.13,36.55,36.13,14838
2021-03-04,35.95,35.5101,36.24,35.295,14450
2021-03-05,36.1,36.28,36.36,35.46,18287
2021-03-08,36.4038,36.31,36.7846,36.28,34960
2021-03-09,36.87,36.61,36.9409,36.61,36623
2021-03-10,36.98,36.89,37.06,36.89,18833
2021-03-11,37.06,37.2508,37.42,37.06,23906
2021-03-12,37.26,37.39,37.43,37.2038,19232
2021-03-15,37.65,37.6809,37.6809,37.39,19913
2021-03-16,37.88,37.6753,37.88,37.6261,22119
2021-03-17,37.83,37.74,37.83,37.42,39550
2021-03-18,37.38,37.2353,37.6265,37.22,33672
2021-03-19,37.23,37.39,37.49,37.1622,16663
2021-03-22,37.61,37.5325,37.61,37.42,18907
2021-03-23,37.7,37.18,37.7,37.0839,17873
2021-03-24,37.18,36.762163,37.38,36.9,11636
2021-03-25,36.51,37.1383,37.16,36.51,6714
2021-03-26,37.2752,37.885,37.93,37.25,23747
2021-03-29,37.56,37.7946,37.94,37.56,10568
2021-03-30,37.94,37.7054,37.94,37.6,63046
2021-03-31,38.03,37.69,38.03,37.69,88327
2021-04-01,37.9803,38.1413,38.1423,37.88,15307
2021-04-05,38.68,38.63,38.68,38.41,542795
2021-04-06,38.69,38.53,38.69,38.53,31547
2021-04-07,38.78,38.47,38.78,38.41,23473
2021-04-08,38.46,38.6,38.62,38.445,28143
2021-04-09,38.76,38.8098,38.8098,38.5798,16253
2021-04-12,38.98,38.9,38.98,38.7201,31314
2021-04-13,39.09,38.96,39.09,38.81,44544
2021-04-14,38.84,38.8299,39.03,38.8299,12562
2021-04-15,39.26,39.21,39.26,39.08,11119
2021-04-16,39.59,39.51,39.59,39.35,12105
2021-04-19,39.31,39.2699,39.432,39.2039,16079
2021-04-20,39.12,39.1397,39.2972,39.02,13549
2021-04-21,39.09,39.3988,39.47,39.09,11879
2021-04-22,39.65,39.23,39.65,39.16,16468
2021-04-23,39.35,39.49,39.629,39.2647,12952
2021-04-26,39.67,39.47,39.67,39.4655,20575
2021-04-27,39.63,39.54,39.63,39.44,17432
2021-04-28,39.6,39.37,39.6,39.36,6714
2021-04-29,39.59,39.68,39.69,39.4547,28382
2021-04-30,39.59,39.3,39.59,39.27,43047
2021-05-03,39.43,39.51,39.66,39.43,30679
2021-05-04,39.47,39.51,39.51,39.16,117464
2021-05-05,39.55,39.5,39.65,39.35,20771
2021-05-06,39.69,39.86,39.86,39.41,206980
2021-05-07,40.13,40.15,40.22,40.04,17671
2021-05-10,40.17,39.94,40.4,39.94,9473
2021-05-11,39.45,39.55,39.73,39.3577,14146
2021-05-12,39.23,38.69,39.41,38.69,16732
2021-05-13,38.7,39.22,39.43,38.7,21798
2021-05-14,39.42,39.74,39.86,39.42,12768
2021-05-17,39.65,39.69,39.75,39.5706,17630
2021-05-18,39.78,39.37,39.78,39.37,16929
2021-05-19,39.04,39.25,39.25,38.774,14952
2021-05-20,39.3,39.5583,39.68,39.3,15162
2021-05-21,39.63,39.5867,39.81,39.55,18394
2021-05-24,39.67,39.73,39.89,39.67,8652
2021-05-25,39.85,39.54,39.85,39.54,13273
2021-05-26,39.54,39.66,39.71,39.54,10553
2021-05-27,39.73,39.67,39.85,39.67,6574
2021-05-28,39.81,39.7469,39.82,39.73,7574
2021-06-01,39.93,39.664,39.93,39.6078,10647
2021-06-02,39.82,39.695,39.82,39.62,10286
2021-06-03,39.54,39.74,39.77,39.54,7646
2021-06-04,39.89,39.9601,39.9601,39.84,10863
2021-06-07,40.03,39.9147,40.03,39.85,6226
2021-06-08,40.03,40.0063,40.03,39.8101,7199
2021-06-09,40.33,40.0,40.33,39.9161,31868
2021-06-10,40.09,40.07,40.17,39.96,11728
2021-06-11,40.219,40.23,40.26,40.08,21190
2021-06-14,40.22,40.0894,40.22,39.9713,8113
2021-06-15,40.37,40.0749,40.37,39.97,9555
2021-06-16,40.04,39.7563,40.04,39.7563,8408
2021-06-17,39.59,39.57,39.73,39.39,9583
2021-06-18,39.37,39.09,39.37,39.09,105960
2021-06-21,39.3,39.6368,39.64,39.3,5159
2021-06-22,39.81,39.74,39.81,39.55,15174
2021-06-23,40.0,39.6373,40.0,39.6373,13372
2021-06-24,39.84,39.77213,39.95,39.7921,27497
2021-06-25,39.95,40.01,40.0447,39.923,11061
2021-06-28,39.978,40.1014,40.12,39.978,10651
2021-06-29,40.24,40.19,40.29,40.11,30401
2021-06-30,40.18,40.15,40.188,40.09,10194
2021-07-01,40.22,40.35,40.44,40.2,16150
2021-07-02,40.42,40.52,40.57,40.42,53251
2021-07-06,40.46,40.37,40.46,40.195,108085
2021-07-07,40.44,40.6151,40.67,40.35,17215
2021-07-08,40.18,40.3,40.3495,40.08,23044
2021-07-09,40.49,40.795,40.839,40.49,10534
2021-07-12,40.81,40.8557,40.89,40.765,4524
2021-07-13,40.83,40.6113,40.83,40.6011,8787
2021-07-14,40.95,40.71,40.95,40.62,11326
2021-07-15,40.47,40.47,40.56,40.29,62354
2021-07-16,40.67,40.34,40.67,40.26,11694
2021-07-19,39.97,39.8236,39.97,39.6373,14182
2021-07-20,40.2,40.3235,40.4516,40.2,11995
2021-07-21,40.51,40.5071,40.52,40.46,9837
2021-07-22,40.44,40.4956,40.53,40.4006,11666
2021-07-23,40.625,40.95,40.95,40.625,8632
2021-07-26,40.95,40.9317,40.96,40.85,13309
2021-07-27,40.72,40.88,40.88,40.62,9881
2021-07-28,40.8075,40.8952,40.98,40.79,6550
2021-07-29,40.82,41.0,41.13,40.82,19548
2021-07-30,40.86,40.9836,41.138,40.86,9256
2021-08-02,41.27,40.98,41.27,40.98,9545
2021-08-03,41.03,41.28,41.32,40.89,420664
2021-08-04,41.24,41.1459,41.25,41.12,339579
2021-08-05,41.27,41.22,41.27,41.1043,7684
2021-08-06,41.32,41.34,41.37,41.26,7273
2021-08-09,41.335,41.3055,41.36,41.3055,14773
2021-08-10,41.3283,41.42,41.47,41.3283,9276
2021-08-11,41.47,41.52,41.55,41.47,7268
2021-08-12,41.63,41.6,41.63,41.475,17583
2021-08-13,41.59,41.59,41.65,41.59,8833
2021-08-16,41.5,41.7536,41.7536,41.5,10451
2021-08-17,41.4923,41.55,41.55,41.26,11481
2021-08-18,41.56,41.0,41.56,41.0,41687
2021-08-19,40.96,41.18,41.23,40.915,18691
2021-08-20,41.24,41.4704,41.5054,41.24,11796
2021-08-23,41.71,41.6836,41.7793,41.6692,11665
2021-08-24,41.68,41.639,41.7169,41.639,5989
2021-08-25,41.59,41.69,41.8294,41.59,6174
2021-08-26,41.78,41.5013,41.78,41.501,6933
2021-08-27,41.65,41.8234,41.897,41.65,17523
2021-08-30,41.88,41.9673,42.0672,41.88,6703
2021-08-31,41.8822,41.9204,41.94,41.84,4104
2021-09-01,41.93,41.88,42.04,41.82,7758
2021-09-02,42.01,42.1729,42.19,42.01,8478
2021-09-03,42.2,42.1581,42.25,42.135,5604
2021-09-07,42.04,41.7,42.04,41.7,8062
2021-09-08,41.58,41.73,41.81,41.58,10182
2021-09-09,41.68,41.5417,41.868,41.5337,12511
2021-09-10,41.72,41.31,41.725,41.31,8940
2021-09-13,41.4734,41.3047,41.4734,41.197,2725
2021-09-14,41.49,41.07,41.49,40.9918,48690
2021-09-15,41.14,41.4,41.4481,41.14,159198
2021-09-16,41.4226,41.29,41.44,41.1242,22335
2021-09-17,41.23,41.0,41.233,40.92,11446
2021-09-20,40.5439,40.4228,40.58,40.105,18084
2021-09-21,40.61,40.32,40.8159,40.32,101475
2021-09-22,40.64,40.6417,40.83,40.4879,38982
2021-09-23,41.16,41.0657,41.2778,41.06,36595
2021-09-24,41.08,40.92185,41.1799,41.0,17412
2021-09-27,41.0,40.92,41.0,40.8428,86911
2021-09-28,40.77,40.2744,40.77,40.2744,14101
2021-09-29,40.37,40.4291,40.67,40.28,14406
2021-09-30,40.54,39.83,40.54,39.83,17482
2021-10-01,39.79,40.1976,40.415,39.6957,12276
2021-10-04,40.243,39.9181,40.243,39.745,83338
2021-10-05,40.14,40.2713,40.4025,39.9601,49177
2021-10-06,39.96,40.3467,40.3467,39.8829,94689
2021-10-07,40.54,40.67,40.96,40.54,49863
2021-10-08,40.67,40.52,40.767,40.52,13743
2021-10-11,40.57,40.35,40.78,40.35,24343
2021-10-12,40.4817,40.29,40.55,40.2173,7233
2021-10-13,40.45,40.4,40.53,40.22,9949
2021-10-14,40.75,41.06,41.1208,40.7326,11197
2021-10-15,41.2,41.17,41.4,41.17,9350
2021-10-18,41.11,41.27,41.3721,40.98,14945
2021-10-19,41.55,41.63,41.63,41.4488,136500
2021-10-20,41.66,41.81,41.9489,41.66,19827
2021-10-21,41.84,42.0369,42.0404,41.8268,7139
2021-10-22,42.1,42.21,42.2165,42.0376,5486
2021-10-25,42.15,42.27,42.35,42.15,12306
2021-10-26,42.23,42.08,42.27,42.08,25997
2021-10-27,42.1,41.604,42.1,41.604,20456
2021-10-28,41.95,41.9455,41.95,41.8293,7050
2021-10-29,41.95,42.13,42.15,41.95,15649
2021-11-01,42.24,42.26,42.26,42.1141,11334
2021-11-02,42.2326,42.35,42.46,42.2326,101439
2021-11-03,42.4139,42.6984,42.6984,42.4,11717
2021-11-04,42.78,42.76,42.854,42.5983,90077
2021-11-05,43.0,42.76,43.005,42.64,7592
2021-11-08,42.87,42.81,42.87,42.6741,67527
2021-11-09,42.71,42.79,42.79,42.62,16852
2021-11-10,42.63,42.69,42.83,42.5825,10308
2021-11-11,42.82,42.79,42.82,42.7116,6655
2021-11-12,42.91,43.04,43.05,42.86,2586
2021-11-15,43.1,43.0,43.1382,42.97,8132
2021-11-16,43.0,43.1228,43.3,43.0,38816
2021-11-17,42.837,42.9252,42.98,42.8047,33450
2021-11-18,42.98,42.79,42.98,42.66,10238
2021-11-19,42.8,42.6842,42.8799,42.6842,6641
2021-11-22,42.75,42.77,43.0848,42.75,9148
2021-11-23,42.7,42.8279,42.8579,42.56,14473
2021-11-24,42.81,42.97,42.97,42.78,13403
2021-11-26,42.29,42.1822,42.54,42.1764,4576
2021-11-29,42.395,42.56,42.7,42.3416,16230
2021-11-30,42.22,41.448,42.23,41.448,43714
2021-12-01,41.81,41.0675,42.12,41.01,10230
2021-12-02,41.16,41.7825,42.0065,41.16,18619
2021-12-03,42.02,41.7201,42.02,41.495,3953
2021-12-06,41.89,42.14,42.2745,41.89,429436
2021-12-07,42.69,42.61,42.7865,42.61,11692
2021-12-08,42.78,42.7413,42.78,42.5261,15537
2021-12-09,42.58,42.45,42.7,42.45,13555
2021-12-10,42.72,42.8585,42.8585,42.68,7667
2021-12-13,42.89,42.8291,42.98,42.7165,11704
2021-12-14,42.52,42.59,42.6973,42.45,9154
2021-12-15,42.73,43.2136,43.24,42.62,16389
2021-12-16,43.46,43.33,43.5853,43.1961,12825
2021-12-17,43.04,42.95,43.1894,42.89,16780
2021-12-20,42.2853,42.5,42.52,42.06,11830
2021-12-21,42.66,42.750214,42.9541,42.57,14498
2021-12-22,42.65,43.08,43.08,42.65,6425
2021-12-23,43.13,43.37,43.42,43.13,14163
2021-12-27,43.4,43.9,43.9,43.4,13584
2021-12-28,44.04,43.9182,44.08,43.842,18131
2021-12-29,44.1057,44.12,44.22,43.9709,17109
2021-12-30,44.22,43.9919,44.22,43.9919,17616
2021-12-31,43.996,44.02,44.0927,43.985,5795
2022-01-03,44.06,43.8692,44.06,43.625,6146
2022-01-04,44.02,44.0835,44.185,43.9705,19579
2022-01-05,44.07,43.46,44.22,43.46,27509
2022-01-06,43.4,43.38,43.7,43.36,572042
2022-01-07,43.38,43.26,43.48,43.26,29579
2022-01-10,43.16,43.37,43.37,42.7903,14142
2022-01-11,43.21,43.53,43.53,43.055,46472
2022-01-12,43.63,43.55,43.63,43.355,27567
2022-01-13,43.6,43.1955,43.6,43.1955,29419
2022-01-14,43.29,43.11,43.29,42.7901,24257
2022-01-18,42.84,42.5,42.84,42.47,21367
2022-01-19,42.63,42.2076,42.78,42.2076,23038
2022-01-20,42.28,41.64,42.68,41.64,25965
2022-01-21,41.58,41.17,41.8098,41.08,21895
2022-01-24,40.64,41.39,41.47,40.07,60315
2022-01-25,40.91,40.81,41.3182,40.43,250369
2022-01-26,41.1504,40.56,41.42,40.43,16666
2022-01-27,40.95,40.44,41.365,40.39,18597
2022-01-28,40.54,41.26,41.26,40.2,10153
2022-01-31,41.26,41.87,41.87,41.22,19599
2022-02-01,41.89,41.96,42.0144,41.65,46474
2022-02-02,42.01,42.3,42.4153,41.9932,225585
2022-02-03,42.0298,41.75,42.17,41.75,10068
2022-02-04,41.76,41.68,41.9882,41.33,153568
2022-02-07,41.68,41.64,41.91,41.5699,12301
2022-02-08,41.66,41.97,42.03,41.59,21860
2022-02-09,42.23,42.5,42.525,42.23,10862
2022-02-10,41.95,41.7908,42.4158,41.659,13680
2022-02-11,41.71,41.26,41.81,41.26,6738
2022-02-14,41.29,40.98,41.29,40.8,56617
2022-02-15,41.46,41.49,41.56,41.4054,11456
2022-02-16,41.28,41.5153,41.5882,41.215,12812
2022-02-17,41.24,40.9234,41.27,40.9234,10675
2022-02-18,40.92,40.76,41.13,40.72,129687
2022-02-22,40.53,40.31,40.83,40.2999,13064
2022-02-23,40.53,39.7,40.54,39.7,12586
2022-02-24,38.98,39.96,40.05,38.75,24167
2022-02-25,40.34,40.99,41.09,40.2311,7937
2022-02-28,40.57,40.86,40.86,40.4954,7266
2022-03-01,40.87,40.4074,40.97,40.22,14095
2022-03-02,40.71,41.25,41.4,40.71,194027
2022-03-03,41.55,41.3,41.555,41.08,123058
2022-03-04,40.91,41.28,41.35,40.83,8396
2022-03-07,41.14,40.38,41.14,40.38,8435
2022-03-08,40.49,39.8785,40.7387,39.8785,35784
2022-03-09,40.28,40.63,40.83,40.28,74059
2022-03-10,40.2402,40.4595,40.4595,40.0687,7910
2022-03-11,40.43,40.1262,40.72,40.1262,19723
2022-03-14,40.12,40.0387,40.3863,39.9207,19356
2022-03-15,40.1,40.7513,40.7903,40.1,6618
2022-03-16,41.2,41.34,41.34,40.89,15140
2022-03-17,41.33,41.6905,41.77,41.31,16427
2022-03-18,41.71,42.1103,42.1103,41.605,10206
2022-03-21,42.11,41.9995,42.129,41.8497,354210
2022-03-22,42.2,42.2106,42.3077,42.1725,18050
2022-03-23,41.93,41.6974,41.994,41.6974,9466
2022-03-24,41.78,41.935441,42.11,41.734,10175
2022-03-25,42.04,42.2077,42.2077,41.95,4113
2022-03-28,42.12,42.3866,42.3866,42.12,4564
2022-03-29,42.67,42.8939,42.9592,42.6,6390
2022-03-30,42.91,42.6076,42.91,42.5512,11911
2022-03-31,42.7,42.1,42.7,42.1,8749
2022-04-01,41.895,42.1857,42.1857,41.895,2505
2022-04-04,42.26,42.2311,42.28,42.12,143018
2022-04-05,42.23,41.93,42.42,41.93,541462
2022-04-06,41.65,41.98,41.9973,41.65,9696
2022-04-07,41.9,42.3028,42.4489,41.9,11578
2022-04-08,42.3207,42.29,42.52,42.2,5738
2022-04-11,42.23,41.8277,42.23,41.8277,4318
2022-04-12,42.14,41.689,42.265,41.5901,12624
2022-04-13,41.7,41.9827,42.035,41.69,9437
2022-04-14,41.89,41.6928,41.93,41.6928,5298
2022-04-18,41.61,41.58,41.8215,41.48,11477
2022-04-19,41.6,42.1985,42.29,41.6,9495
2022-04-20,42.46,42.59,42.6619,42.46,6572
2022-04-21,42.83,42.1708,42.89,42.06,14715
2022-04-22,41.93,41.1301,41.93,41.1301,7286
2022-04-25,40.94,41.32,41.32,40.6323,13254
2022-04-26,41.14,40.48,41.14,40.47,10848
2022-04-27,40.44,40.43,40.6941,40.43,9192
2022-04-28,40.78,41.079,41.2465,40.38,6096
2022-04-29,40.76,39.7033,40.76,39.7033,2393
2022-05-02,39.82,39.83,39.83,39.12,7060
2022-05-03,39.89,40.12,40.3,39.79,182643
2022-05-04,40.17,41.22,41.22,40.0792,15965
2022-05-05,40.7,39.9,40.76,39.6,29162
2022-05-06,39.7,39.7,39.8817,39.28,11246
2022-05-09,39.23,38.9859,39.29,38.9859,9638
2022-05-10,39.39,38.85,39.43,38.61,20648
2022-05-11,38.77,38.5001,39.42,38.5001,9371
2022-05-12,38.35,38.5833,38.6074,38.35,7931
2022-05-13,38.94,39.22,39.415,38.94,12774
2022-05-16,39.21,39.27,39.5,39.157,5029
2022-05-17,39.8,39.9467,40.0266,39.56,483269
2022-05-18,39.55,38.3241,39.55,38.2816,9439
2022-05-19,38.26,38.1303,38.445,37.8687,18912
2022-05-20,38.42,38.1178,38.42,37.4781,21662
2022-05-23,38.48,38.7006,38.7764,38.48,7690
2022-05-24,38.42,38.7849,38.843,38.1842,9696
2022-05-25,38.64,39.13,39.2124,38.6144,9164
2022-05-26,39.38,39.7867,39.9199,39.38,27635
2022-05-27,40.1,40.5575,40.5575,40.1,5252
2022-05-31,40.08,40.24,40.4,39.99,13939
2022-06-01,40.43,39.97,40.43,39.685,6793
2022-06-02,39.88,40.52,40.52,39.77,1902290
2022-06-03,40.13,40.1012,40.36,40.07,68032
2022-06-06,40.35,40.1667,40.49,40.0917,10127
2022-06-07,39.82,40.4677,40.4677,39.82,10565
2022-06-08,40.39,39.9,40.39,39.885,15269
2022-06-09,39.86,39.22,39.9952,39.21,12072
2022-06-10,38.46,38.4348,38.689,38.43,10218
2022-06-13,37.6,37.08,37.6,37.08,15367
2022-06-14,37.25,36.89,37.25,36.62,18019
2022-06-15,37.19,37.3,37.5799,37.0319,19995
2022-06-16,36.48,36.18,36.48,36.0138,39542
2022-06-17,36.31,36.2759,36.46,36.02,16575
2022-06-21,36.73,37.0615,37.1797,36.73,35126
2022-06-22,36.66,37.1446,37.44,36.66,16044
2022-06-23,37.3729,37.4759,37.5208,37.16,8795
2022-06-24,37.8525,38.330605,38.4693,37.8275,7292
2022-06-27,38.51,38.42,38.5519,38.28,11286
2022-06-28,38.57,37.7112,38.69,37.7112,21053
2022-06-29,37.8,37.66,37.81,37.5065,9549
2022-06-30,37.34,37.5,37.767,37.2414,20214
2022-07-01,37.54,37.8746,37.88,37.415,3442
2022-07-05,37.49,37.72,37.77,37.1923,109243
2022-07-06,37.84,37.97,38.2199,37.68,8782
2022-07-07,38.27,38.3928,38.5,38.27,17341
2022-07-08,38.31,38.27,38.4755,38.2,15899
2022-07-11,38.25,38.0569,38.32,38.0569,7118
2022-07-12,38.25,37.834,38.25,37.765,13880
2022-07-13,37.5,37.64,37.92,37.36,15346
2022-07-14,37.0494,37.48,37.51,37.0494,17816
2022-07-15,38.04,38.07,38.12,38.01,65913
2022-07-18,38.27,37.75,38.2884,37.74,21661
2022-07-19,38.3535,38.61,38.77,38.3535,89619
2022-07-20,38.63,38.8,38.85,38.55,11618
2022-07-21,38.71,38.974,38.98,38.4717,6386
2022-07-22,38.9593,38.6982,39.0439,38.565,14682
2022-07-25,38.78,38.8418,38.93,38.659,55192
2022-07-26,38.74,38.62,38.74,38.4901,11138
2022-07-27,38.71,39.14,39.3199,38.6299,39405
2022-07-28,39.14,39.69,39.72,38.91,31940
2022-07-29,39.6,39.9913,40.04,39.5858,14953
2022-08-01,39.6549,39.95,40.07,39.6549,294583
2022-08-02,39.81,39.55,39.83,39.55,8987
2022-08-03,39.73,40.0385,40.1041,39.69,190020
2022-08-04,39.99,39.88,40.04,39.88,16334
2022-08-05,39.89,40.0151,40.0151,39.755,5178
2022-08-08,40.09,40.0621,40.3299,39.995,12497
2022-08-09,39.9818,39.8626,39.9818,39.8091,9286
2022-08-10,40.4573,40.599,40.6364,40.4573,13086
2022-08-11,40.86,40.65,41.0225,40.5777,19294
2022-08-12,40.86,41.23,41.23,40.8498,15557
2022-08-15,41.04,41.42,41.46,41.04,24095
2022-08-16,41.42,41.6031,41.66,41.42,18246
2022-08-17,41.3799,41.3202,41.5,41.195,217173
2022-08-18,41.35,41.4681,41.5239,41.3411,483325
2022-08-19,41.243,41.1258,41.243,41.046,12469
2022-08-22,40.78,40.33,40.78,40.3,17346
2022-08-23,40.32,40.1,40.45,40.1,24737
2022-08-24,40.1011,40.1844,40.32,40.07,10004
2022-08-25,40.32,40.67,40.67,40.245,19990
2022-08-26,40.74,39.4916,40.74,39.4916,8086
2022-08-29,39.33,39.27,39.52,39.16,280981
2022-08-30,39.39,38.8564,39.39,38.8564,9425
2022-08-31,38.9,38.6328,38.94,38.6328,14467
2022-09-01,38.3999,38.7106,38.7106,38.2929,13786
2022-09-02,39.03,38.3099,39.17,38.2356,315241
2022-09-06,38.44,38.2,38.44,38.09,685449
2022-09-07,38.37,38.8918,38.93,38.3468,239813
2022-09-08,38.67,39.1235,39.1321,38.67,172218
2022-09-09,39.32,39.64,39.73,39.32,8009
2022-09-12,39.98,39.87,39.98,39.7503,20103
2022-09-13,39.2,38.4559,39.2,38.35,15832
2022-09-14,38.4705,38.3618,38.52,38.1265,11468
2022-09-15,38.23,38.0707,38.415,37.94,27667
2022-09-16,37.63,37.8627,37.8627,37.595,11766
2022-09-19,37.57,38.09,38.09,37.57,15734
2022-09-20,37.79,37.58,37.8599,37.5281,13693
2022-09-21,37.86,37.12,37.9448,37.09,21762
2022-09-22,36.9348,36.9461,37.1244,36.899,22646
2022-09-23,36.56,36.37,36.56,35.98,15144
2022-09-26,36.31,35.707959,36.375,35.83,17654
2022-09-27,36.11,35.68,36.17,35.5627,16502
2022-09-28,35.79,36.32,36.41,35.79,27812
2022-09-29,36.14,35.76,36.14,35.537,21265
2022-09-30,35.76,35.32,36.03,35.32,70703
2022-10-03,35.71,36.25,36.43,35.71,33175
2022-10-04,36.68,37.2,37.24,36.68,61304
2022-10-05,36.83,37.07,37.335,36.67,280650
2022-10-06,37.08,36.66,37.08,36.62,31657
2022-10-07,36.34,35.87,36.34,35.7283,20355
2022-10-10,35.98,35.8,35.99,35.645,13417
2022-10-11,35.64,35.74,36.14,35.64,47203
2022-10-12,35.74,35.56,35.94,35.56,25667
2022-10-13,35.12,36.45,36.63,34.98,23120
2022-10-14,36.64,35.82,36.64,35.8,15540
2022-10-17,36.31,36.48,36.55,36.31,15187
2022-10-18,37.16,36.95,37.16,36.62,20775
2022-10-19,36.8,36.6453,36.92,36.425,91093
2022-10-20,36.64,36.33,36.8698,36.29,1212494
2022-10-21,36.55,37.16,37.2,36.55,12864
2022-10-24,37.35,37.65,37.73,37.35,17871
2022-10-25,37.62,38.07,38.1,37.62,87470
2022-10-26,38.17,38.1479,38.5,38.02,73439
2022-10-27,38.32,38.12,38.4433,38.12,35121
2022-10-28,38.42,39.02,39.06,38.42,49940
2022-10-31,38.8539,38.8604,39.04,38.8175,15732
2022-11-01,39.17,38.9045,39.17,38.74,48554
2022-11-02,38.85,38.1204,39.09,38.1204,136613
2022-11-03,37.7,37.78,37.97,37.48,53387
2022-11-04,38.16,38.25,38.3662,37.6773,30017
2022-11-07,38.43,38.55,38.63,38.2636,48465
2022-11-08,38.7,38.78,39.1,38.5,26315
2022-11-09,38.64,38.21,38.78,38.14,11538
2022-11-10,39.33,39.64,39.66,39.17,38301
2022-11-11,39.8,39.63,39.8,39.3782,39511
2022-11-14,39.73,39.51,40.03,39.51,21227
2022-11-15,40.05,39.77,40.05,39.51,31326
2022-11-16,39.84,39.55,39.84,39.5356,56666
2022-11-17,39.4,39.6,39.6,39.1365,286862
2022-11-18,39.96,39.92,39.96,39.59,604517
2022-11-21,39.88,39.92,39.98,39.75,20430
2022-11-22,40.04,40.41,40.46,40.04,21053
2022-11-23,40.48,40.55,40.62,40.3621,26845
2022-11-25,40.47,40.6432,40.72,40.47,4150
2022-11-28,40.38,40.15,40.51,40.085,15248
2022-11-29,40.24,40.11,40.26,39.97,41943
2022-11-30,40.08,41.0,41.04,39.9103,43018
2022-12-01,41.24,41.01,41.24,40.82,16295
2022-12-02,40.57,40.99,41.0778,40.57,152564
2022-12-05,40.66,40.3746,40.66,40.26,619174
2022-12-06,40.43,39.99,40.43,39.76,69079
2022-12-07,39.99,39.96,40.17,39.89,26714
2022-12-08,40.18,40.25,40.36,40.1488,21089
2022-12-09,40.26,39.93,40.26,39.87,22181
2022-12-12,39.909,40.37,40.3849,39.909,17695
2022-12-13,41.34,40.48,41.34,40.31,21046
2022-12-14,40.37,40.38,40.7723,40.12,17284
2022-12-15,39.8,39.47,39.82,39.3385,23804
2022-12-16,39.33,39.1,39.33,38.87,38430
2022-12-19,39.05,38.85,39.15,38.6886,172916
2022-12-20,38.76,38.93,39.09,38.71,824927
2022-12-21,39.19,39.200087,39.5059,39.1768,25829
2022-12-22,38.91,38.85,38.91,38.35,28230
2022-12-23,38.79,39.1,39.1236,38.75,17190
2022-12-27,39.14,39.13,39.2584,39.01,25002
2022-12-28,39.29,38.66,39.33,38.66,42628
2022-12-29,38.96,39.21,39.28,38.96,24826
2022-12-30,39.04,39.0277,39.04,38.7524,30476
2023-01-03,39.16,39.0471,39.31,38.85,12929
2023-01-04,39.2458,39.34,39.57,39.11,12483
2023-01-05,39.12,39.06,39.2039,38.95,17080
2023-01-06,39.57,39.92,40.025,39.31,13844
2023-01-09,40.1,39.66,40.18,39.66,290014
2023-01-10,39.72,39.9,39.9269,39.566,14274
2023-01-11,39.96,40.2,40.2,39.91,15125
2023-01-12,40.22,40.16,40.325,39.9601,73895
2023-01-13,39.94,40.25,40.25,39.91,31591
2023-01-17,40.17,40.0573,40.35,40.0573,37899
2023-01-18,40.12,39.43,40.165,39.43,233343
2023-01-19,39.22,39.12,39.3241,39.12,18865
2023-01-20,39.29,39.62,39.6373,39.08,838375
2023-01-23,39.81,39.98,40.153,39.81,6878
2023-01-24,39.82,39.96,40.04,39.77,18638
2023-01-25,39.76,40.04,40.0827,39.635,35883
2023-01-26,40.31,40.38,40.39,40.03,21023
2023-01-27,40.31,40.25,40.41,40.17,5668
2023-01-30,40.01,40.01,40.3,39.99,16152
2023-01-31,40.08,40.53,40.53,40.06,15460
2023-02-01,40.35,40.85,40.94,40.31,37238
2023-02-02,41.0,41.13,41.1791,40.9,112557
2023-02-03,40.87,40.8449,41.08,40.79,45149
2023-02-06,40.7,40.64,40.7,40.59,14786
2023-02-07,40.51,40.93,41.0,40.3397,42479
2023-02-08,40.7,40.54,40.785,40.54,769630
2023-02-09,40.75,40.29,40.8534,40.27,11627
2023-02-10,40.29,40.54,40.57,40.29,15663
2023-02-13,40.64,40.95,40.96,40.64,91419
2023-02-14,40.76,40.79,41.065,40.62,44255
2023-02-15,40.6,40.88,40.89,40.6,31247
2023-02-16,40.47,40.58,40.885,40.47,11482
2023-02-17,40.53,40.62,40.68,40.42,19192
2023-02-21,40.34,39.9733,40.35,39.93,11178
2023-02-22,40.0,39.84,40.07,39.7767,23938
2023-02-23,39.99,39.92,40.13,39.63,71330
2023-02-24,39.48,39.64,39.75,39.47,10388
2023-02-27,39.89,39.6,39.99,39.55,7573
2023-02-28,39.63,39.45,39.7,39.45,23821
2023-03-01,39.32,39.32,39.42,39.2585,7289
2023-03-02,39.23,39.57,39.64,39.23,10279
2023-03-03,39.69,39.98,40.0,39.63,481951
2023-03-06,39.98,39.92,40.1401,39.8471,36840
2023-03-07,39.92,39.38,39.92,39.355,15238
2023-03-08,39.38,39.37,39.49,39.195,21407
2023-03-09,39.5,38.82,39.55,38.8,55215
2023-03-10,38.7,38.34,38.9299,38.26,32736
2023-03-13,38.04,38.12,38.54,37.96,9118
2023-03-14,38.6,38.58,38.7477,38.1808,36790
2023-03-15,37.96,38.152,38.2099,37.81,88854
2023-03-16,38.05,38.7178,38.7178,38.0,9410
2023-03-17,38.57,38.21,38.57,38.08,67539
2023-03-20,38.31,38.762,38.82,38.31,9997
2023-03-21,39.1,39.06,39.1715,38.88,26962
2023-03-22,39.14,38.4,39.1757,38.35,24015
2023-03-23,38.62,38.25205,38.87,38.18,40934
2023-03-24,38.0839,38.4982,38.5646,37.94,36113
2023-03-27,38.77,38.7729,38.939,38.6501,21874
2023-03-28,38.68,38.82,38.89,38.67,21046
2023-03-29,39.1,39.17,39.19,38.99,45254
2023-03-30,39.4133,39.3539,39.4699,39.24,19976
2023-03-31,39.49,39.8768,39.8768,39.43,54147
2023-04-03,39.9,40.03,40.0424,39.9,8760
2023-04-04,40.03,39.7,40.0683,39.63,25319
2023-04-05,39.76,39.8189,39.8189,39.654,256697
2023-04-06,39.81,39.8109,39.87,39.715,70553
2023-04-10,39.66,40.01,40.01,39.66,14631
2023-04-11,40.02,40.1306,40.28,39.89,34989
2023-04-12,40.29,40.0137,40.315,40.0,25466
2023-04-13,40.1,40.29,40.37,39.9501,87463
2023-04-14,40.25,40.2,40.5,40.05,17914
2023-04-17,40.17,40.35,40.35,40.1536,14205
2023-04-18,40.49,40.398,40.49,40.2946,17892
2023-04-19,40.25,40.23,40.2863,40.18,10646
2023-04-20,40.08,40.13,40.2547,40.02,160839
2023-04-21,40.2,40.1566,40.2,39.98,6261
2023-04-24,40.12,40.2,40.242,40.12,5942
2023-04-25,40.0972,39.7153,40.0972,39.71,11174
2023-04-26,39.57,39.25,39.57,39.19,13265
2023-04-27,39.43,39.8125,39.83,39.369,14861
2023-04-28,39.78,40.0887,40.1083,39.78,10046
2023-05-01,40.13,40.24,40.31,40.13,9212
2023-05-02,39.9616,39.7675,40.0079,39.41,65428
2023-05-03,39.962,39.57,39.97,39.57,57119
2023-05-04,39.49,39.2288,39.49,39.1203,24375
2023-05-05,39.58,39.8002,39.9,39.58,3882
2023-05-08,39.85,39.761,39.85,39.69,37712
2023-05-09,39.62,39.66,39.722,39.62,15082
2023-05-10,39.88,39.7081,39.9,39.3884,52868
2023-05-11,39.64,39.5444,39.64,39.39,17561
2023-05-12,39.64,39.5703,39.67,39.3899,10474
2023-05-15,39.65,39.68,39.6809,39.5085,10248
2023-05-16,39.56,39.28,39.56,39.28,22589
2023-05-17,39.51,39.63,39.6832,39.32,20828
2023-05-18,39.55,39.8729,39.8729,39.52,5653
2023-05-19,39.92,39.77,39.9961,39.7112,11814
2023-05-22,39.79,39.72,39.8152,39.72,28674
2023-05-23,39.59,39.4345,39.71,39.4345,19181
2023-05-24,39.33,39.0817,39.33,39.0557,7533
2023-05-25,39.07,39.142,39.1776,38.9501,10858
2023-05-26,39.24,39.4938,39.525,39.215,9491
2023-05-30,39.58,39.4,39.58,39.3124,30357
2023-05-31,39.17,39.08,39.1895,39.025,20940
2023-06-01,39.15,39.252,39.3686,39.0866,14399
2023-06-02,39.44,39.96,40.0142,39.44,4478
2023-06-05,39.97,39.96,39.9337,39.7485,6711
2023-06-06,39.8301,39.9147,39.9161,39.76,8310
2023-06-07,39.94,40.1287,40.16,39.94,42161
2023-06-08,40.16,40.2306,40.28,40.04,11590
2023-06-09,40.24,40.2,40.3647,40.16,17336
2023-06-12,40.25,40.4791,40.4951,40.25,8223
2023-06-13,40.63,40.7663,40.8399,40.63,26409
2023-06-14,40.84,40.6986,40.9495,40.63,14828
2023-06-15,40.7,41.229,41.28,40.7,14905
2023-06-16,41.41,41.2377,41.41,41.21,13108
2023-06-20,41.04,40.89,41.09,40.85,8045
2023-06-21,40.78,40.771,40.92,40.6853,26858
2023-06-22,40.73,40.7792,40.8,40.665,16466
2023-06-23,40.62,40.349027,40.66,40.47,13572
2023-06-26,40.33,40.46,40.55,40.33,25262
2023-06-27,40.5316,40.8376,40.869,40.4805,11550
2023-06-28,40.76,40.72,40.765,40.58,15326
2023-06-29,40.74,41.0341,41.0341,40.6792,24026
2023-06-30,41.27,41.43,41.5146,41.27,19109
2023-07-03,41.32,41.43,41.46,41.32,2855
2023-07-05,41.29,41.28,41.37,41.225,15924
2023-07-06,40.96,40.97,41.01,40.7601,15155
2023-07-07,40.9,40.8897,41.24,40.885,14499
2023-07-10,40.88,41.1332,41.1651,40.88,4979
2023-07-11,41.24,41.55,41.55,41.24,23621
2023-07-12,41.83,41.6594,41.83,41.6594,14921
2023-07-13,41.79,41.82,41.82,41.759,8884
2023-07-14,41.82,41.62,41.82,41.58,5363
2023-07-17,41.52,41.69,41.77,41.52,12521
2023-07-18,41.69,41.9497,42.0099,41.69,12517
2023-07-19,42.04,42.1233,42.16,42.04,11580
2023-07-20,42.13,42.1899,42.21,42.12,17897
2023-07-21,42.3,42.2739,42.35,42.2,10390
2023-07-24,42.29,42.3502,42.392,42.29,5881
2023-07-25,42.28,42.4469,42.4906,42.28,17312
2023-07-26,42.34,42.38,42.466,42.31,16966
2023-07-27,42.59,42.1511,42.59,42.125,15381
2023-07-28,42.4,42.3714,42.4225,42.32,11923
2023-07-31,42.4078,42.3994,42.4949,42.32,9472
2023-08-01,42.33,42.31,42.36,42.235,6588
2023-08-02,42.12,42.09,42.17,42.0488,15942
2023-08-03,41.93,42.0075,42.0879,41.83,14299
2023-08-04,42.07,41.79,42.18,41.75,13539
2023-08-07,42.1,42.1407,42.17,42.08,8287
2023-08-08,41.87,41.984,41.99,41.74,356729
2023-08-09,41.97,41.9,42.1245,41.89,38055
2023-08-10,42.12,41.92,42.31,41.8152,20880
2023-08-11,41.8,41.9594,42.0241,41.8,2929
2023-08-14,42.0,42.04,42.04,41.94,6173
2023-08-15,41.8,41.6202,41.8,41.59,19279
2023-08-16,41.54,41.35,41.74,41.35,29414
2023-08-17,41.56,41.13,41.56,41.13,8371
2023-08-18,40.91,41.1995,41.22,40.91,8550
2023-08-21,41.2615,41.2779,41.32,41.0,9297
2023-08-22,41.35,41.1541,41.36,41.12,19878
2023-08-23,41.18,41.38,41.4266,41.18,27849
2023-08-24,41.4,41.0871,41.62,41.0871,15371
2023-08-25,41.24,41.2635,41.3219,40.9981,6088
2023-08-28,41.4,41.5147,41.62,41.4,13688
2023-08-29,41.54,41.9139,41.9139,41.54,44585
2023-08-30,41.92,41.9707,42.0477,41.9,32441
2023-08-31,42.05,41.9051,42.07,41.9051,8687
2023-09-01,42.15,42.0863,42.1788,42.034,3899
2023-09-05,42.05,41.6191,42.05,41.6191,327098
2023-09-06,41.51,41.4589,41.56,41.3675,9131
2023-09-07,41.36,41.37,41.4619,41.3131,17248
2023-09-08,41.45,41.4584,41.5497,41.42,10578
2023-09-11,41.6107,41.5762,41.6107,41.5191,8157
2023-09-12,41.5,41.47,41.58,41.4112,12167
2023-09-13,41.51,41.47,41.53,41.4201,12391
2023-09-14,41.7474,41.8115,41.85,41.73,38509
2023-09-15,41.68,41.3466,41.68,41.3466,5648
2023-09-18,41.32,41.46,41.5521,41.32,8463
2023-09-19,41.44,41.4498,41.4861,41.2873,8282
2023-09-20,41.57,41.292,41.69,41.29,27692
2023-09-21,41.05,40.7087,41.05,40.7087,24474
2023-09-22,40.82,40.7156,40.8556,40.67,6748
2023-09-25,40.59,40.587771,40.81,40.59,15119
2023-09-26,40.37,40.0955,40.44,40.0785,17392
2023-09-27,40.23,40.1,40.23,39.89,12895
2023-09-28,40.07,40.401,40.53,40.07,11450
2023-09-29,40.64,40.1577,40.64,40.0953,33763
2023-10-02,40.11,39.9737,40.11,39.8111,12757
2023-10-03,39.81,39.544,39.88,39.46,327258
2023-10-04,39.61,39.91,39.93,39.5013,16098
2023-10-05,39.88,39.8373,39.908,39.7047,16365
2023-10-06,39.67,40.14,40.2726,39.5737,7469
2023-10-09,40.07,40.45,40.4896,40.0552,9085
2023-10-10,40.56,40.65,40.78,40.56,19623
2023-10-11,40.78,40.84,40.84,40.5761,11007
2023-10-12,40.76,40.5122,40.7601,40.304,8544
2023-10-13,40.62,40.3744,40.715,40.3101,13771
2023-10-16,40.6,40.8376,40.86,40.6,176458
2023-10-17,40.67,40.89,41.05,40.67,117010
2023-10-18,40.71,40.41,40.77,40.35,35297
2023-10-19,40.29,39.9353,40.29,39.86,108694
2023-10-20,39.89,39.54,39.9,39.54,16870
2023-10-23,39.38,39.3115,39.56,39.3115,11628
2023-10-24,39.47,39.58,39.635,39.4674,21463
2023-10-25,39.37,39.2209,39.5,39.22,19931
2023-10-26,39.241,39.06,39.34,39.06,16785
2023-10-27,39.11,38.7089,39.11,38.6555,9609
2023-10-30,38.97,39.0899,39.1533,38.84,16010
2023-10-31,39.1691,39.3692,39.4,39.12,9521
2023-11-01,39.39,39.7199,39.77,39.39,9022
2023-11-02,39.97,40.2745,40.29,39.97,5939
2023-11-03,40.6912,40.7085,40.8238,40.6912,8763
2023-11-06,40.64,40.6615,40.68,40.625,7113
2023-11-07,40.64,40.7,40.81,40.64,17531
2023-11-08,40.77,40.74,40.795,40.6058,14249
2023-11-09,40.9,40.4491,40.9,40.4463,20138
2023-11-10,40.63,40.9765,40.9765,40.62,10930
2023-11-13,40.9048,40.97,41.04,40.9048,11111
2023-11-14,41.53,41.7173,41.816,41.5003,10770
2023-11-15,41.77,41.68,41.8884,41.64,10722
2023-11-16,41.6957,41.6054,41.72,41.5244,19982
2023-11-17,41.76,41.73,41.762,41.66,300216
2023-11-20,41.71,41.95,42.02,41.71,9841
2023-11-21,41.94,41.9,41.94,41.8301,16444
2023-11-22,42.08,42.0876,42.1663,42.0515,8773
2023-11-24,42.13,42.2349,42.26,42.13,2383
2023-11-27,42.1318,42.1774,42.24,42.1318,20079
2023-11-28,42.1699,42.05,42.1699,42.015,9535
2023-11-29,42.25,42.0541,42.3055,42.0,44690
2023-11-30,42.15,42.41,42.41,42.03,9995
2023-12-01,42.35,42.73,42.73,42.35,6672
2023-12-04,42.48,42.72,42.72,42.48,152147
2023-12-05,42.7,42.4799,42.7,42.43,8780
2023-12-06,42.6,42.3428,42.6865,42.34,41054
2023-12-07,42.44,42.5178,42.55,42.39,20624
2023-12-08,42.5,42.6538,42.71,42.5,11697
2023-12-11,42.7,43.0422,43.0422,42.7,8529
2023-12-12,43.07,43.2004,43.2425,42.98,17146
2023-12-13,43.26,43.7643,43.7643,43.2,52708
2023-12-14,44.01,43.87,44.01,43.71,29754
2023-12-15,43.76,43.7102,43.78,43.5999,9130
2023-12-18,43.78,43.8729,43.88,43.76,8952
2023-12-19,43.96,44.0686,44.0815,43.96,12041
2023-12-20,44.0,43.49,44.15,43.48,10815
2023-12-21,43.73,43.622406,43.8876,43.59,32502
2023-12-22,43.75,43.781,43.8727,43.75,7824
2023-12-26,43.83,43.9394,44.0,43.83,10383
2023-12-27,43.96,44.03,44.04,43.9,10637
2023-12-28,44.04,44.011,44.0799,44.01,21077
2023-12-29,44.0,43.99,44.04,43.8489,17244
2024-01-02,43.77,43.8455,43.91,43.6951,17264
2024-01-03,43.69,43.55,43.73,43.53,23129
2024-01-04,43.62,43.47,43.771,43.47,11342
2024-01-05,43.47,43.5001,43.62,43.38,13479
2024-01-08,43.51,43.9998,43.9998,43.51,10776
2024-01-09,43.76,43.8602,43.9,43.72,103163
2024-01-10,43.95,44.0407,44.1213,43.88,15441
2024-01-11,44.14,44.1064,44.14,43.795,10822
2024-01-12,44.23,44.2059,44.23,44.07,12599
2024-01-16,44.07,44.0126,44.18,43.935,13220
2024-01-17,43.81,43.82,43.935,43.69,26395
2024-01-18,43.97,44.2,44.2,43.87,6494
2024-01-19,44.27,44.5879,44.6299,44.1714,13728
2024-01-22,44.8194,44.8136,44.8382,44.7675,28471
2024-01-23,44.84,44.7803,44.84,44.67,76597
2024-01-24,45.06,44.6174,45.06,44.6099,36070
2024-01-25,44.9,44.93,44.93,44.71,231972
2024-01-26,44.84,44.8502,44.98,44.8,74452
2024-01-29,44.88,45.072,45.072,44.8001,56274
2024-01-30,45.05,45.26,45.28,45.05,28739
2024-01-31,45.13,44.6832,45.1371,44.654,6586
2024-02-01,44.73,45.1422,45.1499,44.6341,22863
2024-02-02,45.09,45.3,45.4599,45.04,31176
2024-02-05,45.18,45.09,45.1831,44.94,6283
2024-02-06,45.15,45.0705,45.15,44.98,7761
2024-02-07,45.27,45.37,45.435,45.18,48464
2024-02-08,45.33,45.57,45.57,45.33,26396
2024-02-09,45.57,45.73,45.7625,45.52,26889
2024-02-12,45.71,45.7913,45.94,45.71,6258
2024-02-13,45.23,45.1347,45.32,44.9306,16819
2024-02-14,45.46,45.62,45.62,45.3201,14215
2024-02-15,45.72,45.94,45.9745,45.6927,10309
2024-02-16,45.9,45.6913,45.96,45.6913,6028
2024-02-20,45.63,45.56,45.63,45.46,8237
2024-02-21,45.42,45.61,45.61,45.28,88069
2024-02-22,45.93,46.2812,46.3421,45.9,16057
2024-02-23,46.4,46.5049,46.515,46.3838,9648
2024-02-26,46.55,46.38,46.56,46.38,18196
2024-02-27,46.43,46.41,46.43,46.31,9077
2024-02-28,46.35,46.45,46.5012,46.35,4509
2024-02-29,46.65,46.6,46.66,46.408,9023
2024-03-01,46.82,47.1,47.1,46.78,6642
2024-03-04,47.07,47.12,47.2467,47.07,10880
2024-03-05,47.06,46.7672,47.1158,46.55,13518
2024-03-06,47.06,47.0564,47.21,46.94,56485
2024-03-07,47.32,47.422,47.49,47.32,11209
2024-03-08,47.47,47.1234,47.51,47.1234,10727
2024-03-11,47.02,47.09,47.1,46.8453,7272
2024-03-12,47.17,47.4108,47.4407,47.08,151673
2024-03-13,47.38,47.32,47.4642,47.3005,24858
2024-03-14,47.45,47.1211,47.45,46.8934,9012
2024-03-15,46.83,46.952,47.055,46.83,17547
2024-03-18,47.21,47.03,47.21,47.03,7986
2024-03-19,46.99,47.3,47.362,46.99,7926
2024-03-20,47.34,47.63,47.6881,47.3141,14379
2024-03-21,47.88,47.95,48.0499,47.8621,31977
2024-03-22,48.0,47.63523,48.0,47.79,18068
2024-03-25,47.63,47.52,47.65,47.52,11554
2024-03-26,47.6,47.5269,47.6899,47.5269,10075
2024-03-27,47.83,48.05,48.05,47.71,18991
2024-03-28,48.1,48.1825,48.1825,48.1,11747
2024-04-01,48.02,48.0015,48.07,47.93,14187
2024-04-02,47.68,47.56,47.68,47.43,34578
2024-04-03,47.59,47.63,47.744,47.585,9093
2024-04-04,48.04,47.14,48.04,47.04,17308
2024-04-05,47.21,47.45,47.526,47.1861,13011
2024-04-08,47.455,47.41,47.545,47.41,15666
2024-04-09,47.59,47.36,47.59,47.0079,14621
2024-04-10,46.92,46.84,46.93,46.73,13678
2024-04-11,46.93,46.83,46.9944,46.63,15522
2024-04-12,46.52,46.2006,46.52,46.111,7354
2024-04-15,46.62,45.85,46.62,45.81,14228
2024-04-16,45.92,45.78,45.96,45.7,22752
2024-04-17,45.9,45.6,45.925,45.56,11636
2024-04-18,45.68,45.58,45.856,45.51,30287
2024-04-19,45.7601,45.67,45.8001,45.5501,24142
2024-04-22,45.94,45.97,46.2301,45.79,23972
2024-04-23,46.07,46.34,46.44,46.07,23072
2024-04-24,46.44,46.4,46.44,46.2144,17599
2024-04-25,46.05,46.21,46.3078,45.94,12015
2024-04-26,46.26,46.3,46.4251,46.26,50284
2024-04-29,46.43,46.51,46.54,46.34,54346
2024-04-30,46.37,45.92,46.37,45.91,26562
2024-05-01,45.77,45.71,46.2109,45.68,21306
2024-05-02,46.06,46.0,46.07,45.76,14661
2024-05-03,46.27,46.43,46.43,46.2599,19581
2024-05-06,46.7359,46.7872,46.7872,46.63,17800
2024-05-07,46.98,47.0376,47.13,46.98,14893
2024-05-08,46.92,47.1177,47.1231,46.92,9844
2024-05-09,47.14,47.37,47.3853,47.14,18774
2024-05-10,47.52,47.5851,47.59,47.4857,16348
2024-05-13,47.73,47.47,47.7333,47.45,10772
2024-05-14,47.58,47.6341,47.6341,47.426,37694
2024-05-15,47.87,48.1153,48.1153,47.808,11367
2024-05-16,48.12,48.1037,48.1813,48.1037,5467
2024-05-17,48.09,48.1373,48.1373,47.98,9841
2024-05-20,48.2,48.0976,48.2515,48.0976,6902
2024-05-21,48.0,48.1196,48.1196,48.0,17032
2024-05-22,48.12,48.0365,48.21,47.93,10138
2024-05-23,48.24,47.6506,48.24,47.59,30014
2024-05-24,47.84,47.8542,47.9731,47.788,18736
2024-05-28,47.98,47.5732,47.98,47.4538,23910
2024-05-29,47.29,47.22,47.31,47.19,18530
2024-05-30,47.23,47.26,47.3799,47.1694,10308
2024-05-31,47.27,47.667,47.667,47.01,11268
2024-06-03,47.71,47.4751,47.71,47.1976,10558
2024-06-04,47.39,47.4104,47.46,47.25,111086
2024-06-05,47.63,47.7982,47.7982,47.36,4948
2024-06-06,47.81,47.7249,47.88,47.6404,10044
2024-06-07,47.585,47.63,47.87,47.585,7034
2024-06-10,47.48,47.73,47.73,47.48,5011
2024-06-11,47.63,47.6537,47.6537,47.3482,21883
2024-06-12,48.16,47.8927,48.16,47.77,81789
2024-06-13,47.95,47.94,47.95,47.6336,51332
2024-06-14,47.82,47.7292,47.82,47.56,11349
2024-06-17,47.74,48.1764,48.21,47.7354,9857
2024-06-18,48.2,48.41,48.46,48.2,9267
2024-06-20,48.54,48.43,48.59,48.37,54472
2024-06-21,48.57,48.455,48.57,48.32,16834
2024-06-24,48.58,48.5674,48.75,48.485,13893
2024-06-25,48.65,48.34,48.65,48.2648,12707
2024-06-26,48.33,48.072552,48.33,48.12,26982
2024-06-27,48.15,48.022,48.15,47.9061,20257
2024-06-28,48.17,48.0956,48.4225,48.029,9725
2024-07-01,48.35,48.03,48.35,47.93,13322
2024-07-02,48.01,48.1527,48.1527,47.9,7258
2024-07-03,48.28,48.18,48.28,48.1145,42050
2024-07-05,48.27,48.19,48.27,48.04,28100
2024-07-08,48.39,48.3,48.43,48.1967,13573
2024-07-09,48.41,48.2184,48.41,48.2184,27343
2024-07-10,48.38,48.635,48.6355,48.26,8005
2024-07-11,48.87,48.89,48.96,48.68,68122
2024-07-12,49.07,49.2064,49.44,48.98,15861
2024-07-15,49.33,49.3408,49.585,49.33,94879
2024-07-16,49.58,50.08,50.11,49.58,27282
2024-07-17,49.79,49.77,50.06,49.77,38974
2024-07-18,49.85,49.41,49.85,49.31,21859
2024-07-19,49.39,49.11,49.39,49.02,17182
2024-07-22,49.27,49.5,49.5099,49.2537,17298
2024-07-23,49.4,49.3327,49.5089,49.3327,12408
2024-07-24,49.17,48.7595,49.2747,48.7595,102988
2024-07-25,48.8,48.8784,49.4044,48.8,24447
2024-07-26,49.25,49.4479,49.655,49.25,12609
2024-07-29,49.67,49.44,49.67,49.44,15563
2024-07-30,49.66,49.6694,49.74,49.5124,15473
2024-07-31,50.07,50.0018,50.29,50.0,10232
2024-08-01,50.07,49.3661,50.07,49.14,9012
2024-08-02,48.84,48.65,48.84,48.23,30423
2024-08-05,47.28,47.4295,47.905,47.275,27615
2024-08-06,47.6,47.8896,48.45,47.6,14664
2024-08-07,48.23,47.5437,48.455,47.5437,34531
2024-08-08,47.99,48.3933,48.4402,47.8901,15641
2024-08-09,48.32,48.63,48.745,48.2315,17534
2024-08-12,48.78,48.413,48.78,48.4,11742
2024-08-13,48.65,48.9702,48.9702,48.57,9367
2024-08-14,49.17,49.189,49.23,49.02,16130
2024-08-15,49.7,49.7804,49.8698,49.66,7808
2024-08-16,49.82,49.97,50.02,49.8,56202
2024-08-19,50.09,50.32,50.32,50.05,10742
2024-08-20,50.36,50.22,50.36,50.158,18385
2024-08-21,50.25,50.55,50.609,50.25,11260
2024-08-22,50.7,50.2427,50.7,50.24,13691
2024-08-23,50.61,50.8679,50.8911,50.5779,9222
2024-08-26,51.0483,50.7884,51.1059,50.785,10330
2024-08-27,50.88,50.8395,50.88,50.7299,7857
2024-08-28,50.8,50.7674,50.96,50.5484,15285
2024-08-29,50.96,50.87,51.1813,50.7947,15541
2024-08-30,51.11,51.37,51.37,50.9,8760
2024-09-03,51.16,50.53,51.1752,50.38,14863
2024-09-04,50.49,50.47,50.5698,50.3107,48552
2024-09-05,50.47,50.03,50.47,49.89,11596
2024-09-06,50.06,49.4,50.18,49.39,16696
2024-09-09,49.74,49.8279,50.04,49.65,66959
2024-09-10,49.95,49.93,49.95,49.6289,34858
2024-09-11,49.84,50.045,50.07,49.1,11976
2024-09-12,50.14,50.37,50.419,49.8965,17086
2024-09-13,50.55,50.83,50.91,50.55,10701
2024-09-16,50.97,51.16,51.17,50.9345,11600
2024-09-17,51.36,51.12,51.46,51.0167,18166
2024-09-18,51.21,50.92,51.3689,50.87,18404
2024-09-19,51.72,51.54,51.72,51.3972,14604
2024-09-20,51.44,51.3879,51.45,51.1781,12535
2024-09-23,51.61,51.64,51.65,51.52,24164
2024-09-24,51.67,51.68,51.72,51.58,22802
2024-09-25,51.77,51.245363,51.77,51.4385,17153
2024-09-26,51.63,51.68,51.68,51.52,55281
2024-09-27,51.81,51.67,51.92,51.65,11415
2024-09-30,51.67,51.86,51.88,51.47,23470
2024-10-01,51.85,51.52,51.85,51.36,114546
2024-10-02,51.45,51.51,51.618,51.32,12299
2024-10-03,51.39,51.31,51.4,51.185,183402
2024-10-04,51.67,51.69,51.69,51.32,11518
2024-10-07,51.59,51.3,51.59,51.16,20847
2024-10-08,51.33,51.59,51.62,51.33,10604
2024-10-09,51.61,51.97,51.97,51.5315,9461
2024-10-10,51.91,51.73,51.91,51.5998,18560
2024-10-11,51.82,52.2222,52.2222,51.82,5372
2024-10-14,52.3028,52.5825,52.66,52.3,7496
2024-10-15,52.58,52.24,52.66,52.23,19169
2024-10-16,52.4287,52.54,52.61,52.3815,24494
2024-10-17,52.73,52.57,52.73,52.4807,13981
2024-10-18,52.54,52.52,52.58,52.4013,17387
2024-10-21,52.54,52.11,52.54,51.9983,13393
2024-10-22,51.89,51.85,51.8992,51.6162,87269
2024-10-23,51.77,51.66,51.86,51.41,15044
2024-10-24,51.74,51.62,51.74,51.4565,35739
2024-10-25,51.88,51.3518,51.96,51.35,86694
2024-10-28,51.65,51.67,51.7541,51.5813,9423
2024-10-29,51.66,51.7087,51.79,51.4512,9659
2024-10-30,51.76,51.6726,51.9609,51.6654,20671
2024-10-31,51.64,51.19,51.64,51.19,14120
2024-11-01,51.38,51.26,51.57,51.24,11832
2024-11-04,51.36,51.16,51.42,51.15,17095
2024-11-05,51.29,51.81,51.81,51.29,19318
2024-11-06,53.17,53.291,53.4,52.89,43010
2024-11-07,53.57,53.51,53.619,53.3901,16632
2024-11-08,53.62,53.74,53.8751,53.6144,21921
2024-11-11,54.0,53.85,54.0581,53.7873,16391
2024-11-12,53.88,53.5,53.88,53.395,1634873
2024-11-13,53.61,53.43,53.6523,53.3907,21448
2024-11-14,53.57,53.03,53.59,52.9462,26281
2024-11-15,52.9,52.47,52.9,52.4486,17974
2024-11-18,52.59,52.69,52.76,52.59,34383
2024-11-19,52.42,52.56,52.6194,52.135,42553
2024-11-20,52.75,52.78,52.78,52.38,24610
2024-11-21,53.07,53.44,53.53,52.9157,31619
2024-11-22,53.63,53.83,53.83,53.576,28987
2024-11-25,54.13,54.25,54.44,54.13,26051
2024-11-26,54.37,54.39,54.39,54.085,17963
2024-11-27,54.49,54.0815,54.49,54.04,10516
2024-11-29,54.3,54.29,54.3999,54.2695,9423
2024-12-02,54.37,54.24,54.37,54.06,39157
2024-12-03,54.19,54.11,54.19,53.9924,31108
2024-12-04,54.25,54.26,54.26,53.9915,27137
2024-12-05,54.29,54.02,54.29,53.95,406891
2024-12-06,54.23,54.01,54.23,53.9057,37050
2024-12-09,54.03,53.61,54.03,53.57,23860
2024-12-10,53.66,53.26,53.66,53.2346,18078
2024-12-11,53.55,53.32,53.55,53.25,19297
2024-12-12,53.32,53.16,53.3499,53.16,21446
2024-12-13,53.32,53.1,53.32,52.98,20199
2024-12-16,53.17,52.96,53.27,52.94,14829
2024-12-17,52.83,52.5,52.83,52.38,30768
2024-12-18,52.51,51.11,52.63,51.11,24344
2024-12-19,51.49,51.02,51.49,50.91,39913
2024-12-20,50.94,51.221183,51.8205,50.94,22125
2024-12-23,51.2,51.37,51.38,50.8899,34255
2024-12-24,51.44,51.73,51.73,51.308,12385
2024-12-26,51.65,51.81,51.85,51.49,32304
2024-12-27,51.65,51.39,51.72,51.11,11480
2024-12-30,51.05,50.86,51.05,50.5035,23807
2024-12-31,51.07,50.89,51.07,50.7001,11021
2025-01-02,51.12,50.8,51.2892,50.6,37567
2025-01-03,50.99,51.2489,51.325,50.99,6934
2025-01-06,51.58,51.41,51.81,51.3496,14220
2025-01-07,51.65,51.25,51.69,51.0736,30212
2025-01-08,51.23,51.37,51.37,50.9,32944
2025-01-10,51.09,50.69,51.09,50.605,49402
2025-01-13,50.52,50.99,50.99,50.52,31428
2025-01-14,51.12,51.4,51.41,50.9842,17024
2025-01-15,52.1,52.0,52.1,51.807,22151
2025-01-16,52.05,52.16,52.238,51.9004,27751
2025-01-17,52.54,52.38,52.54,52.34,15964
2025-01-21,52.57,52.98,52.98,52.57,68671
2025-01-22,53.16,53.0,53.16,52.96,80630
2025-01-23,52.89,53.15,53.15,52.775797,17054
2025-01-24,53.06,53.07,53.1932,52.97,22778
2025-01-27,52.58,52.85,52.85,52.5392,20708
2025-01-28,52.85,52.76,52.85,52.5006,17170
2025-01-29,52.83,52.64,52.9077,52.52,105494
2025-01-30,52.77,53.11,53.23,52.72,42744
2025-01-31,53.22,52.8,53.275,52.75,13024
2025-02-03,51.98,52.5792,52.7284,51.9736,11608
2025-02-04,52.58,52.795,52.837,52.58,16169
2025-02-05,52.87,53.28,53.28,52.7519,28478
2025-02-06,53.37,53.2,53.37,52.9771,25654
2025-02-07,53.28,52.88,53.325,52.8101,16262
2025-02-10,53.19,53.1,53.19,52.965,8284
2025-02-11,53.0,53.15,53.15,52.9029,10184
2025-02-12,52.73,52.89,53.02,52.63,43051
2025-02-13,53.03,53.41,53.42,53.01,39529
2025-02-14,53.5,53.34,53.55,53.3068,20298
2025-02-18,53.46,53.58,53.58,53.23,23459
2025-02-19,53.56,53.78,53.78,53.4532,19388
2025-02-20,53.73,53.56,53.73,53.2952,16743
2025-02-21,53.45,52.75,53.45,52.7007,16725
2025-02-24,52.89,52.71,52.98,52.61,11388
2025-02-25,52.71,52.85,53.02,52.58,23595
2025-02-26,53.02,52.72,53.19,52.62,19754
2025-02-27,52.78,52.27,53.03,52.26,37009
2025-02-28,52.32,52.79,52.8,51.96,50806
2025-03-03,53.0,52.09,53.029,51.92,19423
2025-03-04,51.8,51.3648,52.0043,51.2173,20768
2025-03-05,51.41,51.8,51.85,51.0854,25225
2025-03-06,51.33,51.26,51.547,51.0253,34008
2025-03-07,51.19,51.75,51.75,50.93,14581
2025-03-10,51.3,50.97,51.5388,50.65,24232
2025-03-11,50.97,50.27,50.97,49.99,38591
2025-03-12,50.64,50.08,50.64,49.8,93985
2025-03-13,50.07,49.44,50.07,49.31,65396
2025-03-14,49.85,50.36,50.36,49.785,65376
2025-03-17,50.36,50.96,51.07,50.36,27530
2025-03-18,50.87,50.57,50.87,50.48,27579
2025-03-19,50.62,51.05,51.2405,50.62,23039
2025-03-20,50.89,50.76,51.18,50.6506,43738
2025-03-21,50.46,50.66,50.66,50.24,12489
2025-03-24,51.18,51.286613,51.474,51.18,18348
2025-03-25,51.4,51.1866,51.4,51.11,17056
2025-03-26,51.36,51.09,51.39,50.96,50675
2025-03-27,51.05,50.895,51.13,50.744,40354
2025-03-28,50.77,50.1821,50.8,50.07,18075
2025-03-31,49.8,50.73,50.73,49.8,17421
2025-04-01,50.58,50.8,50.95,50.2019,68718
2025-04-02,50.43,51.2223,51.33,50.43,24245
2025-04-03,49.78,48.97,49.78,48.9,42770
2025-04-04,47.96,46.39,47.96,46.2415,57944
2025-04-07,44.94,46.02,47.2316,44.356,267083
2025-04-08,47.34,45.36,47.4786,44.771,111928
2025-04-09,44.88,48.7108,48.7541,44.8717,71094
2025-04-10,47.77,47.34,47.82,46.26,31126
2025-04-11,47.37,48.03,48.148,46.8992,40593
