2020-02-13,47.0,38.6,47.0,36.688,26651
2020-02-14,38.2,39.5,42.2,38.2,4312
2020-02-18,39.8,40.6,41.342,39.5,3433
2020-02-19,41.0,36.6,41.2,35.8,6333
2020-02-20,36.7,36.9,38.75,31.1,6620
2020-02-21,37.8,37.0,38.6,33.8,4398
2020-02-24,36.9,36.5,38.343,33.5,2568
2020-02-25,36.7,38.6,44.7,36.5,4747
2020-02-26,38.9,37.0,39.633,34.1,3501
2020-02-27,40.0,43.3,44.0,37.398,15623
2020-02-28,44.4,40.8,44.4,38.0,5664
2020-03-02,38.0,30.788,38.2,28.4,13595
2020-03-03,30.5,33.9,36.862,30.5,6804
2020-03-04,35.5,35.0,38.4,34.0,3722
2020-03-05,36.0,33.7,36.0,32.85,876
2020-03-06,33.1,32.4,34.3,31.0,2242
2020-03-09,30.7,28.1,30.8,27.5,1781
2020-03-10,29.61,30.5,30.614,29.0,1328
2020-03-11,31.9,28.9,32.0,28.2,733
2020-03-12,24.8,24.5,27.5,20.7,1195
2020-03-13,25.23,21.9,27.2,19.15,3572
2020-03-16,18.8,23.8,27.37,18.8,4222
2020-03-17,23.2,33.5,39.7,23.2,126153
2020-03-18,35.8,36.0,50.9,32.0,317884
2020-03-19,41.5,27.6,47.5,25.6,141999
2020-03-20,24.9,23.0,26.884,20.0,31297
2020-03-23,22.0,20.5,23.0,17.3,25370
2020-03-24,20.9,19.4,23.999,19.1,15002
2020-03-25,19.0,19.5,20.5,17.0,16869
2020-03-26,18.8,22.5,23.4,16.5,22117
2020-03-27,22.0,19.5,22.0,18.0,10867
2020-03-30,20.9,19.0,22.0,18.5,13885
2020-03-31,18.8,16.6,19.7,16.2,8658
2020-04-01,16.2,17.0,19.0,16.0,14411
2020-04-02,17.4,16.5,17.406,15.8,6072
2020-04-03,15.2,15.7,17.4,14.2,4477
2020-04-06,16.4,17.4,17.5,14.818,3381
2020-04-07,18.236,17.3,18.9,16.2,3825
2020-04-08,16.6,17.0,17.6,16.6,2081
2020-04-09,16.1,16.5,16.789,14.2,8222
2020-04-13,16.8,16.8,16.9,15.3,1249
2020-04-14,16.7,17.4,17.5,15.531,2166
2020-04-15,19.6,20.2,30.0,18.7,409812
2020-04-16,19.2,19.3,21.6,17.4,33579
2020-04-17,19.6,18.2,20.795,17.5,9052
2020-04-20,17.6,18.7,20.4,16.6,13377
2020-04-21,18.5,18.3,18.8,17.495,4176
2020-04-22,18.0,18.1,19.7,17.7,2733
2020-04-23,18.0,18.2,18.3,17.1,4138
2020-04-24,17.5,17.9,18.5,16.8,1180
2020-04-27,17.71,17.3,17.9,16.6,5057
2020-04-28,17.4,17.5,17.5,16.7,4720
2020-04-29,17.1,18.0,18.4,16.5,8592
2020-04-30,18.3,19.2,19.895,17.3,11162
2020-05-01,19.2,17.6,21.5,17.0,20781
2020-05-04,18.0,18.7,18.7,16.4,6266
2020-05-05,18.6,17.6,18.95,17.5,3014
2020-05-06,18.8,17.4,18.8,16.5,3506
2020-05-07,18.3,18.0,19.1,16.8,17957
2020-05-08,18.4,18.6,19.8,17.6,19227
2020-05-11,18.6,17.787,19.0,17.361,11407
2020-05-12,18.0,18.826,20.4,17.286,31550
2020-05-13,18.8,18.332,19.0,17.5,10007
2020-05-14,17.7,17.6,18.2,17.0,6073
2020-05-15,17.6,17.999,18.0,17.6,3143
2020-05-18,18.4,20.913,24.7,18.0,116813
2020-05-19,21.7,20.2,22.0,19.4,14291
2020-05-20,19.9,19.1,20.7,18.6,8236
2020-05-21,18.7,19.3,20.0,18.5,8015
2020-05-22,18.8,19.2,19.6,18.2,3590
2020-05-26,20.0,19.2,20.0,19.2,2904
2020-05-27,19.1,20.4,22.0,19.0,14150
2020-05-28,20.7,19.6,21.2,19.5,6962
2020-05-29,19.6,19.322,20.5,19.1,3086
2020-06-01,19.4,20.301,21.0,19.38,4076
2020-06-02,20.2,22.1,23.5,20.2,42383
2020-06-03,22.8,22.2,24.8,21.034,18349
2020-06-04,22.9,21.8,22.9,21.0,5722
2020-06-05,22.8,22.718,24.0,21.1,12651
2020-06-08,22.5,25.0,27.0,22.5,48097
2020-06-09,24.5,23.115,24.6,23.0,8960
2020-06-10,23.3,22.6,23.3,20.9,10904
2020-06-11,20.6,24.6,29.0,20.1,86757
2020-06-12,24.0,21.683,24.15,20.8,15394
2020-06-15,21.0,23.1,24.7,20.8,11804
2020-06-16,24.0,26.3,27.5,22.7,52566
2020-06-17,26.4,24.5,26.9,24.0,17085
2020-06-18,24.5,25.0,26.79,23.813,9865
2020-06-19,24.1,22.3,25.6,22.3,10926
2020-06-22,23.6,23.0,24.4,22.6,5463
2020-06-23,23.25,27.1,27.5,22.9,71556
2020-06-24,26.0,24.5,31.2,23.1,67439
2020-06-25,25.2,26.8,29.5,24.4,60432
2020-06-26,27.0,25.9,27.7,25.0,11781
2020-06-29,26.3,26.1,29.5,25.6,75861
2020-06-30,26.1,27.1,29.0,25.1,49175
2020-07-01,28.1,27.0,28.199,26.5,13090
2020-07-02,26.6,26.6,27.4,24.6,30347
2020-07-06,26.2,26.6,28.9,25.7,32106
2020-07-07,26.4,24.8,26.4,24.6,15282
2020-07-08,24.7,24.1,25.4,23.5,13934
2020-07-09,24.3,26.1,26.2,23.845,18735
2020-07-10,25.9,25.6,25.9,24.7,4216
2020-07-13,25.5,23.5,25.701,23.0,9282
2020-07-14,23.9,22.5,23.996,22.1,9687
2020-07-15,22.7,23.9,24.0,22.5,10040
2020-07-16,23.1,23.3,23.699,22.5,4228
2020-07-17,23.6,23.9,25.4,23.104,15931
2020-07-20,24.0,23.6,24.0,23.201,4629
2020-07-21,23.5,24.1,24.9,23.5,8381
2020-07-22,25.0,24.0,25.6,24.0,11283
2020-07-23,24.1,23.3,24.65,22.6,7679
2020-07-24,22.9,22.4,22.96,20.1,10430
2020-07-27,22.4,22.5,23.167,22.3,4247
2020-07-28,22.4,22.5,23.5,22.4,7346
2020-07-29,22.3,20.9,22.55,20.5,12715
2020-07-30,23.0,23.2,23.7,21.2,35103
2020-07-31,22.9,21.2,22.9,20.9,8414
2020-08-03,22.0,21.6,22.0,21.0,4782
2020-08-04,21.3,21.4,22.1,21.3,2749
2020-08-05,21.5,21.5,21.65,21.0,3424
2020-08-06,21.6,21.25,21.799,20.7,4128
2020-08-07,21.2,21.2,21.8,20.9,5496
2020-08-10,21.2,24.0,24.2,21.2,28306
2020-08-11,24.5,26.4,27.5,23.5,70757
2020-08-12,27.4,26.3,28.24,25.61,56111
2020-08-13,25.8,25.3,26.0,24.48,16809
2020-08-14,25.7,32.0,34.5,25.0,177448
2020-08-17,32.0,28.6,38.4,28.0,225611
2020-08-18,29.5,32.6,32.7,26.95,64311
2020-08-19,31.7,33.2,35.8,31.0,141872
2020-08-20,33.2,31.5,33.4,29.0,50295
2020-08-21,31.0,30.6,34.0,29.5,74729
2020-08-24,30.3,30.0,30.45,28.3,36457
2020-08-25,29.8,28.5,29.8,27.9,18871
2020-08-26,28.6,27.3,29.6,27.0,54433
2020-08-27,24.8,25.6,26.3,24.2,27655
2020-08-28,25.1,26.5,26.798,25.0,9536
2020-08-31,28.0,26.5,28.0,25.6,14978
2020-09-01,25.8,24.5,25.8,24.2,12963
2020-09-02,24.6,23.0,25.265,22.9,14341
2020-09-03,22.9,24.3,26.5,22.8,49199
2020-09-04,24.3,25.1,26.0,24.1,21482
2020-09-08,25.8,26.3,27.39,25.1,41205
2020-09-09,26.7,24.5,26.7,24.1,78947
2020-09-10,22.0,18.8,22.5,18.5,91226
2020-09-11,17.1,16.2,17.4,15.8,136458
2020-09-14,16.2,15.1,16.3,15.0,57154
2020-09-15,15.7,15.0,15.8,15.0,51448
2020-09-16,15.0,15.5,16.0,15.0,103310
2020-09-17,15.8,16.0,16.9,15.25,89059
2020-09-18,15.8,15.8,16.2,15.0,41485
2020-09-21,15.4,15.7,16.2,15.1,179591
2020-09-22,16.0,15.7,16.2,15.411,69000
2020-09-23,15.7,15.2,15.7,15.0,68048
2020-09-24,16.0,14.4,16.394,14.0,222314
2020-09-25,14.3,13.8,14.3,13.1,60181
2020-09-28,13.6,14.5,14.8,13.5,31354
2020-09-29,14.1,14.0,14.5,13.72,41025
2020-09-30,14.3,14.2,14.7,14.0,29901
2020-10-01,14.8,15.5,16.299,14.457,84245
2020-10-02,14.8,16.202,16.6,14.7,52421
2020-10-05,16.4,16.0,16.7,15.8,27261
2020-10-06,16.4,16.9,18.7,16.3,133389
2020-10-07,19.4,17.6,20.3,17.1,474887
2020-10-08,16.7,17.2,17.4,16.5,71666
2020-10-09,16.8,16.2,16.914,15.715,69925
2020-10-12,16.0,15.9,16.5,15.8,25483
2020-10-13,15.9,15.7,16.086,15.5,27966
2020-10-14,15.6,15.4,16.2,15.0,55687
2020-10-15,15.3,15.9,16.2,15.2,24138
2020-10-16,15.9,15.8,16.9,15.8,70994
2020-10-19,16.3,16.2,16.8,15.5,47890
2020-10-20,16.6,16.6,17.2,16.0,87750
2020-10-21,16.6,15.3,16.6,15.2,163419
2020-10-22,15.5,15.3,15.7,14.922,31695
2020-10-23,15.3,15.3,16.6,15.0,430759
2020-10-26,22.1,20.4,26.9,19.0,8401992
2020-10-27,19.0,17.6,19.2,17.0,336894
2020-10-28,16.8,16.2,16.9,15.6,110684
2020-10-29,15.5,16.2,16.6,15.5,116686
2020-10-30,16.1,18.1,18.6,15.5,171006
2020-11-02,17.4,18.2,18.4,16.917,148025
2020-11-03,18.5,19.5,20.0,17.6,107097
2020-11-04,19.9,19.0,19.9,18.8,37399
2020-11-05,19.4,18.6,19.5,18.5,38275
2020-11-06,18.0,18.2,18.5,17.836,24967
2020-11-09,18.2,18.4,19.4,18.1,50774
2020-11-10,18.6,18.2,18.999,17.8,24002
2020-11-11,18.2,19.8,20.315,17.8,168807
2020-11-12,19.4,18.8,20.0,18.8,33628
2020-11-13,18.8,19.1,19.4,18.8,18554
2020-11-16,19.5,20.4,21.2,19.0,131965
2020-11-17,20.5,19.3,20.8,19.3,47318
2020-11-18,19.5,19.8,20.17,18.7,60557
2020-11-19,19.7,20.5,20.8,19.2,83899
2020-11-20,20.0,20.7,21.0,19.5,62728
2020-11-23,20.7,23.0,23.0,20.6,122657
2020-11-24,23.2,21.0,23.5,20.9,61228
2020-11-25,21.0,21.5,22.05,20.6,28096
2020-11-27,21.7,21.5,22.0,21.2,12444
2020-11-30,21.587,21.35,22.0,21.0,33180
2020-12-01,21.6,20.1,21.6,19.6,51849
2020-12-02,19.6,20.8,21.5,19.5,47255
2020-12-03,20.6,20.2,21.6,19.5,79538
2020-12-04,20.3,19.8,20.374,19.7,22678
2020-12-07,19.9,20.3,20.9,19.6,60881
2020-12-08,20.2,20.8,21.3,19.6,92069
2020-12-09,21.4,20.9,23.5,19.7,203461
2020-12-10,20.5,20.2,20.8,20.047,20980
2020-12-11,20.3,20.6,21.15,19.9,44567
2020-12-14,21.2,20.2,21.2,20.0,22511
2020-12-15,20.3,19.9,20.334,19.7,18942
2020-12-16,20.0,20.1,20.609,19.6,29403
2020-12-17,20.4,20.1,20.6,19.819,26340
2020-12-18,20.1,19.7,20.3,19.7,25359
2020-12-21,19.7,20.1,20.4,19.2,38542
2020-12-22,20.3,19.6,20.3,19.5,19585
2020-12-23,19.6,20.0,20.3,19.6,15242
2020-12-24,20.0,19.7,20.0,19.6,7904
2020-12-28,19.7,19.7,20.2,19.554,25303
2020-12-29,19.8,19.1,19.8,18.7,17973
2020-12-30,19.2,19.1,19.4,18.8,24008
2020-12-31,19.4,17.5,19.4,16.7,51784
2021-01-04,17.8,18.05,18.35,17.8,20892
2021-01-05,18.2,19.0,19.5,18.2,39525
2021-01-06,18.7,18.2,19.318,18.1,25497
2021-01-07,18.65,18.6,18.9,18.4,18695
2021-01-08,18.7,18.7,19.001,18.3,19088
2021-01-11,18.8,18.8,19.4,18.7,19212
2021-01-12,19.3,19.5,19.85,19.0,35976
2021-01-13,19.5,19.4,19.5,18.5,22727
2021-01-14,19.0,18.9,19.3,18.6,28655
2021-01-15,19.0,18.9,19.075,18.3,25066
2021-01-19,18.9,18.9,19.2,18.5,21999
2021-01-20,19.0,20.9,21.0,18.6,187900
2021-01-21,20.9,21.0,21.5,19.55,164008
2021-01-22,20.9,21.5,21.799,20.0,76870
2021-01-25,21.5,21.9,22.0,20.0,56777
2021-01-26,22.4,22.7,24.301,21.0,112741
2021-01-27,22.6,22.54,25.0,22.05,95128
2021-01-28,22.4,21.8,23.1,21.4,31577
2021-01-29,21.7,21.3,22.0,20.2,34945
2021-02-01,21.2,21.3,21.6,20.2,29708
2021-02-02,21.0,20.9,22.1,20.701,70657
2021-02-03,21.4,21.4,21.8,21.0,22418
2021-02-04,21.6,22.3,22.4,21.6,24681
2021-02-05,22.4,23.2,23.8,22.2,37566
2021-02-08,23.5,24.2,25.0,23.5,40657
2021-02-09,24.5,24.8,25.5,23.7,52530
2021-02-10,25.3,24.4,25.7,23.2,27227
2021-02-11,24.7,28.7,31.3,23.901,961241
2021-02-12,29.8,30.2,37.0,27.0,872157
2021-02-16,28.9,27.65,28.9,26.8,133609
2021-02-17,28.0,27.5,28.0,26.3,41598
2021-02-18,26.7,26.3,27.5,26.1,28229
2021-02-19,26.7,27.9,28.9,26.3,49727
2021-02-22,27.4,26.7,29.4,26.7,42992
2021-02-23,25.9,24.3,25.9,21.6,49574
2021-02-24,24.6,26.7,26.9,24.2,21984
2021-02-25,25.3,25.4,25.8,23.601,26328
2021-02-26,25.0,22.8,25.5,22.6,26975
2021-03-01,23.5,24.2,25.9,22.8,26553
2021-03-02,24.4,23.5,24.9,23.4,8821
2021-03-03,23.3,22.5,24.4,21.5,22244
2021-03-04,21.9,20.3,22.5,19.6,36946
2021-03-05,21.4,21.2,21.9,19.994,21080
2021-03-08,22.0,22.7,22.9,21.3,21752
2021-03-09,23.0,22.8,23.0,22.1,15705
2021-03-10,22.6,23.699,24.7,22.187,35241
2021-03-11,23.7,23.7,24.7,22.7,20577
2021-03-12,23.5,23.5,24.3,23.168,24861
2021-03-15,23.2,25.5,26.3,23.1,112665
2021-03-16,26.5,24.9,26.53,24.0,35510
2021-03-17,24.5,24.0,25.399,23.9,29955
2021-03-18,23.9,23.8,24.6,23.3,13322
2021-03-19,23.8,24.1,24.1,22.2,22437
2021-03-22,24.1,22.4,24.1,22.2,18732
2021-03-23,22.8,21.5,22.9,21.2,17852
2021-03-24,21.6,22.3,23.7,20.6,55354
2021-03-25,22.5,23.3,23.3,22.0,19219
2021-03-26,23.3,23.5,23.6,22.5,23922
2021-03-29,23.6,24.3,25.5,22.59,68023
2021-03-30,23.2,22.2,23.8,20.6,137864
2021-03-31,22.0,22.8,23.0,21.8,30247
2021-04-01,23.0,23.5,23.5,22.0,29855
2021-04-05,23.3,22.9,23.529,22.601,18534
2021-04-06,22.9,23.7,24.7,22.9,38501
2021-04-07,22.3,21.8,23.5,21.8,24374
2021-04-08,22.2,21.2,22.2,20.6,39036
2021-04-09,21.1,20.6,21.5,20.0,42861
2021-04-12,20.6,19.7,20.6,18.5,54306
2021-04-13,19.5,19.8,20.0,19.5,10666
2021-04-14,19.8,19.0,19.9,18.6,19603
2021-04-15,18.9,16.6,19.025,16.4,74476
2021-04-16,17.05,17.0,17.997,16.0,42383
2021-04-19,16.4,15.5,17.0,15.5,39624
2021-04-20,16.1,14.9,16.1,13.8,68676
2021-04-21,14.9,15.4,15.899,14.0,33481
2021-04-22,15.7,15.4,16.68,14.6,102498
2021-04-23,15.7,16.2,16.3,15.434,59459
2021-04-26,16.5,17.0,17.164,15.9,26406
2021-04-27,17.3,16.5,17.3,16.2,15525
2021-04-28,16.7,16.15,17.1,15.7,48481
2021-04-29,16.4,14.9,16.4,14.65,70160
2021-04-30,14.8,14.7,15.7,14.2,49528
2021-05-03,14.6,14.9,15.4,14.3,41092
2021-05-04,14.9,14.6,14.95,14.1,21575
2021-05-05,14.7,14.6,15.2,13.9,48915
2021-05-06,14.3,14.3,14.6,14.0,16690
2021-05-07,14.2,15.4,16.4,14.1,160459
2021-05-10,15.3,14.3,15.4,14.1,60786
2021-05-11,13.8,13.6,14.3,13.1,60148
2021-05-12,13.8,12.9,13.818,12.4,58277
2021-05-13,12.9,12.3,13.2,11.302,74805
2021-05-14,12.5,12.4,13.2,12.0,87879
2021-05-17,12.3,12.0,12.35,11.7,38770
2021-05-18,12.5,12.9,13.2,11.8,148566
2021-05-19,13.2,12.8,13.2,12.1,40969
2021-05-20,13.3,13.9,13.9,12.6,43502
2021-05-21,14.0,14.6,15.9,13.5,186290
2021-05-24,14.6,13.6,14.77,13.3,63987
2021-05-25,13.8,12.9,13.8,12.7,39365
2021-05-26,12.9,12.6,13.2,12.4,68969
2021-05-27,12.9,13.1,13.8,12.299,211046
2021-05-28,13.0,12.9,14.1,12.3,377370
2021-06-01,12.8,13.2,13.5,12.7,59830
2021-06-02,13.2,13.4,13.5,12.786,83302
2021-06-03,13.2,13.6,13.6,13.0,44207
2021-06-04,13.5,14.1,14.45,13.1,80974
2021-06-07,14.5,14.4,14.5,13.8,39099
2021-06-08,14.5,14.6,15.0,13.9,118194
2021-06-09,14.5,13.9,14.7,13.7,59264
2021-06-10,13.7,13.6,14.2,13.4,68929
2021-06-11,13.8,14.2,14.3,13.6,26773
2021-06-14,14.1,13.7,14.2,13.5,75240
2021-06-15,13.5,12.9,13.7,12.8,54597
2021-06-16,12.9,13.1,13.3,12.65,30206
2021-06-17,13.0,13.1,13.6,12.9,32837
2021-06-18,13.1,12.5,13.2,12.5,36388
2021-06-21,13.0,12.8,13.1,12.7,21264
2021-06-22,12.9,12.8,13.0,12.8,6572
2021-06-23,13.1,12.8,13.4,12.5,40492
2021-06-24,13.1,13.0,13.3,12.8,17518
2021-06-25,13.0,14.2,14.4,13.0,135818
2021-06-28,14.3,15.2,15.8,13.8,256370
2021-06-29,14.9,15.3,15.8,14.5,120168
2021-06-30,15.5,14.0,15.5,13.5,86215
2021-07-01,13.7,13.4,14.5,13.4,43403
2021-07-02,13.9,13.1,13.9,12.91,41165
2021-07-06,13.3,14.2,14.3,12.8,146062
2021-07-07,13.9,13.3,14.1,13.1,49323
2021-07-08,13.0,13.0,13.178,12.7,30443
2021-07-09,13.1,13.3,13.499,12.9,17058
2021-07-12,13.4,13.3,13.5,13.101,15429
2021-07-13,13.3,12.9,13.4,12.7,33631
2021-07-14,12.8,12.6,13.29,12.6,26415
2021-07-15,12.5,12.15,12.6,12.1,36506
2021-07-16,12.2,11.7,12.3,11.6,40754
2021-07-19,11.5,11.7,12.0,11.2,77836
2021-07-20,12.0,12.1,12.4,11.5,39760
2021-07-21,12.6,12.1,12.6,12.1,15766
2021-07-22,12.2,12.4,12.4,12.0,10691
2021-07-23,12.3,11.9,12.6,11.75,31050
2021-07-26,11.8,12.0,13.1,11.701,59593
2021-07-27,12.2,12.7,13.3,11.9,90464
2021-07-28,12.4,12.2,12.7,12.0,19656
2021-07-29,12.4,12.3,12.999,12.2,42531
2021-07-30,12.2,12.6,13.0,12.2,132724
2021-08-02,12.4,12.2,12.6,12.2,30658
2021-08-03,12.3,12.4,12.7,12.3,20131
2021-08-04,12.5,12.4,12.6,12.2,13296
2021-08-05,12.4,12.2,12.4,12.1,13478
2021-08-06,12.2,12.3,12.5,12.2,8494
2021-08-09,12.5,12.5,12.6,12.2,15445
2021-08-10,12.3,12.2,12.5,12.2,8276
2021-08-11,12.2,12.2,12.4,12.1,7102
2021-08-12,12.3,12.1,12.3,12.0,8952
2021-08-13,12.2,11.9,12.2,11.9,16785
2021-08-16,12.0,11.4,12.224,11.4,24859
2021-08-17,11.8,10.7,11.8,10.5,39671
2021-08-18,10.7,10.8,11.2,10.7,16714
2021-08-19,10.8,10.3,11.4,9.8,64108
2021-08-20,10.4,10.4,10.5,9.85,20220
2021-08-23,10.3,10.4,10.4,10.114,10140
2021-08-24,10.2,11.3,11.4,10.2,21946
2021-08-25,11.5,11.2,11.5,10.7,7834
2021-08-26,11.2,11.4,11.4,11.001,8215
2021-08-27,11.3,11.4,11.5,11.0,9774
2021-08-30,11.2,11.7,11.8,11.2,8950
2021-08-31,11.4,11.7,11.9,11.399,8978
2021-09-01,11.8,12.2,12.3,11.5,22297
2021-09-02,12.1,12.0,12.1,11.521,24392
2021-09-03,12.0,11.8,12.0,11.7,8829
2021-09-07,11.8,11.7,12.1,11.4,7407
2021-09-08,11.6,11.5,11.7,10.811,8917
2021-09-09,11.3,11.2,11.3,11.0,9909
2021-09-10,11.3,10.7,11.3,10.6,19154
2021-09-13,11.1,11.1,11.2,10.7,10406
2021-09-14,11.0,10.7,11.1,10.7,10446
2021-09-15,10.5,10.9,11.472,10.3,94687
2021-09-16,10.8,10.4,10.8,10.1,20562
2021-09-17,10.4,10.7,10.7,10.3,9239
2021-09-20,10.4,10.2,10.6,10.2,12323
2021-09-21,10.3,9.9,10.4,9.9,17202
2021-09-22,10.0,10.15,10.36,9.904,27450
2021-09-23,10.2,10.4,10.4,10.1,11808
2021-09-24,10.4,10.5,10.6,10.2,9448
2021-09-27,10.6,10.3,10.6,10.0,14079
2021-09-28,10.3,10.7,10.9,10.2,19207
2021-09-29,10.8,10.4,10.8,10.3,18007
2021-09-30,11.2,11.4,11.8,11.2,51121
2021-10-01,11.6,11.2,11.6,10.9,14565
2021-10-04,11.9,10.9,12.0,10.5,36977
2021-10-05,11.2,10.7,11.2,10.6,10066
2021-10-06,10.8,10.9,11.0,10.3,21249
2021-10-07,11.0,10.7,11.0,10.5,21452
2021-10-08,10.8,10.4,10.8,10.2,22835
2021-10-11,10.3,10.2,10.4,10.1,5027
2021-10-12,10.1,10.1,10.3,10.027,9997
2021-10-13,10.3,10.6,10.6,10.201,28197
2021-10-14,10.3,10.3,10.5,10.2,8862
2021-10-15,10.2,10.3,10.9,10.1,22494
2021-10-18,10.5,10.3,10.5,10.1,17485
2021-10-19,10.4,10.2,10.4,10.1,7778
2021-10-20,10.2,10.3,10.4,10.0,26413
2021-10-21,10.4,10.6,10.6,10.2,9531
2021-10-22,10.4,10.1,10.438,10.1,16075
2021-10-25,10.2,10.9,11.7,10.0,109093
2021-10-26,10.9,11.7,11.7,10.3,104638
2021-10-27,11.5,11.0,11.7,10.7,55147
2021-10-28,10.8,10.8,11.399,10.6,21136
2021-10-29,10.5,11.1,11.1,10.5,223461
2021-11-01,12.2,16.7,22.0,11.5,8251917
2021-11-02,13.7,14.4,15.6,12.6,1566383
2021-11-03,13.7,13.1,14.8,12.8,538851
2021-11-04,13.9,13.9,14.9,13.401,480323
2021-11-05,13.7,13.0,14.412,12.7,174399
2021-11-08,12.625,13.1,13.3,12.6,165195
2021-11-09,12.8,12.7,13.199,12.5,58491
2021-11-10,12.5,12.3,12.9,12.2,66601
2021-11-11,12.7,13.0,14.6,12.7,482341
2021-11-12,12.9,13.9,14.1,12.6,266007
2021-11-15,14.0,14.5,15.9,13.4,833480
2021-11-16,13.4,12.6,14.3,12.22,762256
2021-11-17,12.2,12.6,12.8,11.5,308677
2021-11-18,11.6,11.5,11.9,11.2,246281
2021-11-19,11.1,11.2,11.599,11.1,89957
2021-11-22,11.0,11.0,11.2,10.2,134074
2021-11-23,10.3,10.6,11.0,10.2,101619
2021-11-24,10.6,10.7,11.0,10.4,89662
2021-11-26,10.5,11.2,11.3,10.4,48501
2021-11-29,11.2,10.5,11.2,10.2,91529
2021-11-30,10.5,10.6,10.9,10.3,60062
2021-12-01,11.0,11.1,12.5,10.6,149021
2021-12-02,11.0,10.6,11.2,10.4,68334
2021-12-03,10.7,10.3,10.7,10.2,67711
2021-12-06,10.1,11.2,11.4,9.6,92690
2021-12-07,10.8,11.1,11.4,10.6,69510
2021-12-08,11.0,11.5,11.9,10.9,55975
2021-12-09,11.722,11.5,11.9,11.2,58983
2021-12-10,11.7,11.1,11.7,10.4,71593
2021-12-13,11.4,10.6,11.501,10.6,42269
2021-12-14,10.5,10.6,10.9,10.4,29834
2021-12-15,10.7,10.5,10.9,9.9,104011
2021-12-16,10.3,8.932,10.4,8.932,209530
2021-12-17,8.9,8.751,9.25,8.702,84715
2021-12-20,9.4,7.9,9.4,7.7,169973
2021-12-21,8.477,7.88,8.477,7.6,162244
2021-12-22,8.012,7.557,8.48,7.501,178069
2021-12-23,7.5,7.5,7.745,7.2,129573
2021-12-27,7.5,7.4,7.6,7.3,72699
2021-12-28,7.411,6.901,7.55,6.73,338898
2021-12-29,6.8,6.884,7.0,6.7,62045
2021-12-30,6.902,7.2505,7.383,6.902,138052
2021-12-31,7.15,7.201,7.499,7.102,98628
2022-01-03,7.2,7.585,7.6,7.05,144277
2022-01-04,7.438,7.127,7.58299,7.016,96301
2022-01-05,7.054,6.301,7.329,6.301,311479
2022-01-06,6.167,6.49,6.758,6.0,108544
2022-01-07,6.534,6.612,6.82,6.2,67121
2022-01-10,6.5,6.205,6.5,6.051,50416
2022-01-11,6.2,6.48,6.661,6.2,87505
2022-01-12,6.54,6.519,6.65,6.2,36912
2022-01-13,6.5,5.8,6.533,5.8,91784
2022-01-14,6.0,5.5,6.07449,5.24,90884
2022-01-18,5.374,5.22,5.5,5.101,106541
2022-01-19,5.187,6.29,6.599,5.1,445357
2022-01-20,6.1,6.497,6.751,6.1,129458
2022-01-21,6.18,5.951,6.298,5.84,85019
2022-01-24,5.777,6.0,6.075,5.4,57186
2022-01-25,6.0,6.12,6.4,5.621,46609
2022-01-26,6.101,6.257,6.394,6.0,21141
2022-01-27,6.256,6.049,6.289,6.0,30355
2022-01-28,6.0,6.201,6.49699,5.8,35206
2022-01-31,6.116,6.411,6.662,6.104,26012
2022-02-01,6.477,6.177,6.5,6.15,20594
2022-02-02,6.2,6.422,6.7,6.2,50741
2022-02-03,6.491,6.061,6.5,6.053,13461
2022-02-04,6.3,6.272,6.6,6.001,20009
2022-02-07,6.6,6.175,6.64,6.135,27946
2022-02-08,6.2,6.3,6.3,6.1,11082
2022-02-09,6.3,6.408,6.454,6.101,25868
2022-02-10,6.235,6.324,6.4,6.2,13653
2022-02-11,6.4,6.001,6.509,6.0,25140
2022-02-14,6.0,5.8,6.0,5.8,8952
2022-02-15,5.8,5.818,6.0,5.8,13981
2022-02-16,5.827,5.61,5.948,5.572,20615
2022-02-17,5.6,5.309,5.78,5.233,21972
2022-02-18,5.4,4.867,5.45899,4.7,150324
2022-02-22,4.804,4.504,4.804,4.5,58412
2022-02-23,4.54,4.278,4.765,4.01,47269
2022-02-24,3.8,4.389,4.5,3.8,57019
2022-02-25,4.6,4.615,4.8,4.473,33746
2022-02-28,4.615,4.532,4.698,4.422,18550
2022-03-01,4.8,5.159,5.7101,4.405,160385
2022-03-02,5.4,4.671,6.5,4.6,1214791
2022-03-03,4.738,4.725,5.31,4.5,164998
2022-03-04,4.3,4.2,4.6,4.1,115370
2022-03-07,4.2,3.899,4.474,3.899,79636
2022-03-08,3.946,3.995,4.39,3.678,100679
2022-03-09,4.111,4.301,4.373,4.102,32124
2022-03-10,4.226,4.197,4.648,4.1,142153
2022-03-11,4.2,4.08,4.458,4.0,63267
2022-03-14,4.017,3.533,4.017,3.5,142713
2022-03-15,3.6,3.738,3.898,3.598,29204
2022-03-16,3.822,3.855,3.975,3.7,60195
2022-03-17,3.91,4.55,4.594,3.91,156047
2022-03-18,4.6,4.494,4.77899,4.322,107215
2022-03-21,4.8,4.499,4.899,4.2,36619
2022-03-22,4.8,4.828,5.0,4.445,106194
2022-03-23,4.75,4.883,4.9,4.4,67840
2022-03-24,5.03,4.93,5.03,4.701,42818
2022-03-25,5.2,5.123,5.2,4.961,54842
2022-03-28,5.1,5.09,5.24,4.7,37152
2022-03-29,5.137,5.1,5.22,4.836,67853
2022-03-30,5.191,5.298,5.38,4.99101,38242
2022-03-31,5.23,5.275,5.3,5.12,20756
2022-04-01,5.4,5.4,5.599,5.23,38149
2022-04-04,5.4,5.6,5.6,5.3,29646
2022-04-05,5.7,5.882,5.95,5.678,42287
2022-04-06,5.85,5.4,5.85,5.31,38830
2022-04-07,5.45,5.1,5.4875,4.81,115524
2022-04-08,5.387,4.829,5.387,4.8,49562
2022-04-11,5.041,4.828,5.167,4.7,13300
2022-04-12,4.743,4.779,5.1,4.7,22091
2022-04-13,4.726,4.895,4.999,4.726,27943
2022-04-14,4.937,5.051,5.139,4.901,28187
2022-04-18,5.051,4.9,5.098,4.8,24974
2022-04-19,4.9,5.02,5.057,4.71,19527
2022-04-20,5.112,4.977,5.112,4.901,13406
2022-04-21,4.981,4.48799,5.018,4.414,66478
2022-04-22,4.6,4.52,4.719,4.477,15948
2022-04-25,4.426,4.411,4.74999,4.267,16463
2022-04-26,4.456,4.298,4.5,4.1351,24450
2022-04-27,4.2,4.275,4.499,4.171,6470
2022-04-28,4.228,4.158,4.228,4.028,18325
2022-04-29,4.214,4.171,4.39899,4.054,12844
2022-05-02,4.046,4.245,4.5,3.999,34156
2022-05-03,4.394,4.477,4.519,4.3,11406
2022-05-04,4.499,4.62599,4.65,4.17001,14188
2022-05-05,4.7,4.6,4.79,4.4,7842
2022-05-06,4.5,4.471,4.7,4.19,8279
2022-05-09,4.471,3.99,4.471,3.8,22405
2022-05-10,3.87,3.71,4.0,3.71,19437
2022-05-11,3.75,3.676,3.766,3.379,16615
2022-05-12,3.8,3.737,4.197,3.62,77737
2022-05-13,3.95,4.101,4.43,3.62001,123193
2022-05-16,4.292,4.087,4.292,3.8,6723
2022-05-17,4.5,4.17499,4.5,4.0001,5869
2022-05-18,4.2,3.85,4.201,3.696,18227
2022-05-19,3.8,3.841,4.129,3.8,21538
2022-05-20,3.85,3.685,4.129,3.6,21336
2022-05-23,3.6,3.68799,3.68799,3.6,24342
2022-05-24,3.6,3.345,3.60198,3.2,31385
2022-05-25,3.759,3.71,4.599,3.375,216362
2022-05-26,3.647,3.552,3.9,3.434,29780
2022-05-27,3.6,3.78,4.2,3.5,23482
2022-05-31,4.023,3.84,4.023,3.72,11655
2022-06-01,3.7,3.71,3.85,3.677,6318
2022-06-02,3.685,3.984,4.049,3.685,24346
2022-06-03,3.974,3.899,4.052,3.8,16590
2022-06-06,4.0,3.86,4.0,3.7,12537
2022-06-07,3.9,3.823,4.1,3.711,14442
2022-06-08,3.708,3.9,4.0,3.708,11460
2022-06-09,3.85,3.81,4.085,3.5,22084
2022-06-10,3.89,3.78,4.0,3.525,5880
2022-06-13,3.66,3.484,3.785,3.4,20479
2022-06-14,3.511,3.355,3.657,3.3,28709
2022-06-15,3.49,3.422,3.83,3.3,18982
2022-06-16,3.53,3.38,3.557,3.253,13060
2022-06-17,3.368,3.457,3.696,3.35,7763
2022-06-21,3.41,3.412,3.694,3.4,24620
2022-06-22,3.3,3.585,3.75,3.3,27631
2022-06-23,3.885,3.83,4.05,3.523,64376
2022-06-24,3.8,3.948,4.05,3.8,29004
2022-06-27,4.145,3.818,4.2,3.623,11244
2022-06-28,4.0,3.897,4.065,3.8,12315
2022-06-29,4.2,3.7,4.2,3.6,46577
2022-06-30,3.9,3.85,4.086,3.64,66773
2022-07-01,3.807,3.745,4.0,3.7,13436
2022-07-05,3.772,3.68,3.8,3.6,7795
2022-07-06,3.667,3.7,3.85,3.61,12879
2022-07-07,3.8,3.75,3.8,3.641,5231
2022-07-08,3.713,3.885,3.92,3.703,7308
2022-07-11,3.885,3.701,3.885,3.613,8290
2022-07-12,3.711,3.702,3.817,3.65,5097
2022-07-13,3.59,3.564,3.70199,3.417,18634
2022-07-14,3.55,3.679,3.749,3.5,3262
2022-07-15,3.5,3.595,3.749,3.5,6788
2022-07-18,3.591,3.662,3.74,3.511,33015
2022-07-19,3.662,3.65,3.74,3.516,40496
2022-07-20,3.554,3.672,4.2,3.554,42417
2022-07-21,3.749,3.803,4.0,3.661,9902
2022-07-22,3.851,4.0,4.4,3.682,25287
2022-07-25,4.0,3.975,4.09999,3.75,12259
2022-07-26,3.99999,3.84,4.0,3.603,6847
2022-07-27,3.9,3.89,4.09899,3.775,5601
2022-07-28,3.999,3.781,4.0,3.75,9771
2022-07-29,4.0,3.69,4.0,3.599,9122
2022-08-01,3.789,3.55,3.85001,3.502,15558
2022-08-02,3.5,3.5,3.7,3.289,31876
2022-08-03,3.45,3.577,3.699,3.421,32188
2022-08-04,3.576,3.701,3.79999,3.475,29784
2022-08-05,3.8,3.768,3.82,3.501,15730
2022-08-08,3.7,3.928,4.099,3.7,26438
2022-08-09,3.98,3.96,4.098,3.80945,11041
2022-08-10,4.2,4.413,4.44,3.87001,30386
2022-08-11,4.813,4.025,4.813,3.901,71036
2022-08-12,4.29,4.4,4.498,4.012,14452
2022-08-15,4.268,4.25,4.438,4.1,11962
2022-08-16,4.401,4.5,4.89899,4.35,27459
2022-08-17,4.601,4.42,4.68,4.18,7880
2022-08-18,4.342,4.6,5.2,4.1,81762
2022-08-19,4.95,4.4,4.95,4.2,24112
2022-08-22,4.205,4.3,4.507,4.02,10316
2022-08-23,4.27,4.05101,4.459,4.021,11212
2022-08-24,4.142,4.3,4.5,4.1,13727
2022-08-25,4.326,4.444,4.5,4.225,6951
2022-08-26,4.40301,4.364,4.5,4.326,6847
2022-08-29,4.2,4.344,4.364,4.02,4397
2022-08-30,4.344,4.234,4.344,4.1,6793
2022-08-31,4.198,4.25,4.4,4.122,2298
2022-09-01,4.5,4.111,4.5,4.0595,6817
2022-09-02,4.22,4.197,4.264,4.081,5131
2022-09-06,4.407,4.098,4.407,4.03001,3863
2022-09-07,4.02,4.28025,4.4,4.02,8126
2022-09-08,4.367,4.391,4.5,4.085,8829
2022-09-09,4.47,4.3,4.47,4.181,8595
2022-09-12,4.37,4.3,4.44,4.2,8347
2022-09-13,4.205,4.1,4.444,4.0,18010
2022-09-14,4.09,4.06,4.25,4.058,11303
2022-09-15,4.09,4.093,4.225,4.05,4332
2022-09-16,4.08,4.2,4.49,4.0,37251
2022-09-19,4.2,4.171,4.30049,4.06,9096
2022-09-20,4.394,4.05,4.394,3.94,10830
2022-09-21,3.9,3.95101,4.18,3.84,15103
2022-09-22,3.937,4.03,4.175,3.90801,9961
2022-09-23,4.03,4.01,4.2,3.9,6672
2022-09-26,4.095,3.949,4.179,3.9,5671
2022-09-27,4.0,3.85,4.1,3.8,5226
2022-09-28,3.8,3.762,4.0,3.7,9700
2022-09-29,3.929,3.7,3.93,3.63,21598
2022-09-30,3.7,3.76,3.869,3.5,15602
2022-10-03,3.7,3.727,3.859,3.63,11331
2022-10-04,3.7,4.0,4.099,3.7,11640
2022-10-05,3.827,3.981,4.398,3.823,15832
2022-10-06,4.095,4.0,4.188,4.0,8152
2022-10-07,4.15,3.801,4.2,3.8,6181
2022-10-10,3.6,3.809,4.09999,3.6,8882
2022-10-11,3.95,3.731,4.05,3.7,10260
2022-10-12,3.731,3.8,4.0,3.72,7697
2022-10-13,3.851,3.931,4.0,3.73,5040
2022-10-14,3.958,3.807,4.09899,3.75,10107
2022-10-17,3.8,3.9,4.02599,3.8,4215
2022-10-18,3.979,3.825,3.979,3.8,7834
2022-10-19,3.703,3.7,3.85999,3.7,10117
2022-10-20,3.711,3.822,3.95,3.711,3664
2022-10-21,3.8,3.756,3.899,3.7,4007
2022-10-24,3.9,3.734,3.9,3.7,4811
2022-10-25,3.67,3.889,3.8995,3.67,8396
2022-10-26,3.899,3.9,4.0,3.791,11761
2022-10-27,3.999,3.87,4.0,3.8,7421
2022-10-28,3.89,3.90999,3.995,3.815,5422
2022-10-31,3.9,3.805,3.93899,3.8,7385
2022-11-01,3.8,3.856,3.995,3.8,4811
2022-11-02,3.7,3.84,3.88,3.7,6442
2022-11-03,3.807,3.809,3.98,3.8,3343
2022-11-04,3.8,3.71,3.96999,3.4,13023
2022-11-07,3.648,3.74,3.924,3.58,9459
2022-11-08,3.689,3.625,3.799,3.525,8721
2022-11-09,3.991,3.629,3.991,3.4,10949
2022-11-10,3.65,3.25,3.69751,3.05,44014
2022-11-11,3.2,3.425,3.51,3.2,10275
2022-11-14,3.43,3.349,3.521,3.2,21113
2022-11-15,3.21,3.2,3.432,3.0,37085
2022-11-16,3.3,3.1,3.48,3.08,28141
2022-11-17,3.2,3.191,3.228,3.1,16238
2022-11-18,3.3,3.4,4.1,3.215,199470
2022-11-21,3.4,3.484,4.0,3.2,79080
2022-11-22,3.5,3.5,3.8,3.404,33160
2022-11-23,3.7,3.5,3.71,3.3,36611
2022-11-25,3.7,3.8945,4.0,3.601,43929
2022-11-28,3.999,4.539,4.55,3.725,83373
2022-11-29,4.591,5.19,5.299,4.396,101926
2022-11-30,5.39,6.23,6.5,4.61,125227
2022-12-01,6.2,6.101,6.38799,5.98,36207
2022-12-02,6.1,6.69,7.1,6.0,51029
2022-12-05,6.5,6.953,7.13,6.5,75300
2022-12-06,7.2,7.798,8.4,7.0,181714
2022-12-07,7.742,7.875,8.801,7.4,85357
2022-12-08,7.88,8.755,8.8,7.802,70462
2022-12-09,9.3,8.9,9.75,7.82,150791
2022-12-12,9.9,9.105,10.0,6.8,410935
2022-12-13,9.5,8.35,9.5,8.005,61532
2022-12-14,8.12,7.848,8.12,6.901,81035
2022-12-15,7.6,8.399,9.0,7.386,32297
2022-12-16,8.2,8.497,8.5,7.4,34095
2022-12-19,8.3,8.135,8.55,7.895,12774
2022-12-20,8.23,7.198,8.3,6.5,47811
2022-12-21,7.8,7.461,7.8,7.202,26300
2022-12-22,7.5,7.45,7.518,7.281,5482
2022-12-23,8.0,7.825,8.0,7.5,23995
2022-12-27,7.9,8.4,8.488,7.9,23365
2022-12-28,8.5,8.7,8.833,8.0,31313
2022-12-29,9.2,9.19,10.0,8.329,154721
2022-12-30,9.19,9.1,9.481,8.802,46927
2023-01-03,9.0,8.74641,9.2,8.55,32296
2023-01-04,9.0,9.707,9.777,8.8,55430
2023-01-05,9.613,9.794,10.1,9.35,59594
2023-01-06,9.972,10.1,10.8,9.6,104036
2023-01-09,10.4,10.4,11.3,9.85,161077
2023-01-10,10.5,10.5,11.1,10.1,82948
2023-01-11,11.0,11.2,11.2,10.5,29606
2023-01-12,11.5,11.05,11.5,10.7,23732
2023-01-13,11.2,10.1,11.3,9.95,62840
2023-01-17,10.0,10.3,10.441,10.0,17952
2023-01-18,10.3,10.1,10.338,10.0,27044
2023-01-19,10.1,9.326,10.3,8.5,90937
2023-01-20,8.7,8.69,9.5,8.201,42138
2023-01-23,8.9,8.251,8.9,8.25,33128
2023-01-24,8.564,8.371,8.699,8.25,19282
2023-01-25,8.402,8.201,8.402,8.01,21906
2023-01-26,8.2,8.5,8.599,8.2,11885
2023-01-27,8.867,9.859,9.859,8.715,30801
2023-01-30,9.9,10.2,10.9,9.80001,73381
2023-01-31,10.2,10.5,10.7,10.2,34742
2023-02-01,10.7,9.701,10.8,9.512,25968
2023-02-02,9.8,9.86,10.2,9.7,16524
2023-02-03,10.1,10.2,10.4,9.6,19781
2023-02-06,10.9,10.3,10.9,10.0,40088
2023-02-07,10.4,10.1,10.4,9.672,27203
2023-02-08,10.1,9.7,10.1,9.513,18177
2023-02-09,9.7,9.795,10.0,9.5,14883
2023-02-10,9.793,9.899,10.299,9.512,17780
2023-02-13,9.75,10.3,10.5,9.511,25517
2023-02-14,10.5,10.2,10.5,9.75,11633
2023-02-15,10.0,10.25,10.4,9.851,17091
2023-02-16,10.2,11.4,12.0,10.1,155603
2023-02-17,11.7,13.9,14.0,11.5,182885
2023-02-21,13.2,12.5,14.399,11.9,80585
2023-02-22,13.0,13.2,13.5,12.301,21558
2023-02-23,13.4,13.5,13.5,12.6,16468
2023-02-24,13.5,15.05,15.2,13.1,71621
2023-02-27,15.0,13.2,15.0,13.0,83790
2023-02-28,13.4,13.65,14.3,13.3,33863
2023-03-01,13.9,14.1,14.3,13.5,17219
2023-03-02,14.0,14.4,14.5,13.6,15338
2023-03-03,15.25,14.4,15.25,14.1,27467
2023-03-06,14.1,14.2,14.5,14.0,17739
2023-03-07,13.7,13.5,14.3,13.5,17649
2023-03-08,13.5,13.2,13.6,12.1,35526
2023-03-09,13.0,13.0,13.7,13.0,11552
2023-03-10,13.1,12.4,13.1,11.8,48748
2023-03-13,12.5,11.9,12.5,10.7,38606
2023-03-14,11.6,11.7,12.8,11.6,26677
2023-03-15,11.7,11.8,12.296,11.5,28904
2023-03-16,12.0,12.5,13.099,12.0,35255
2023-03-17,12.8,12.3,13.0,11.8,16436
2023-03-20,12.3,12.9,12.9,12.026,11716
2023-03-21,13.0,12.6,13.0,12.2,21403
2023-03-22,12.4,11.1,12.4,9.275,127031
2023-03-23,10.2,10.1,10.8,9.91,25065
2023-03-24,10.1,10.3,10.602,10.079,12607
2023-03-27,10.9,10.6,10.9,10.3,10206
2023-03-28,10.8,11.2,11.2,10.6,16543
2023-03-29,11.2,10.6,11.201,10.4,11330
2023-03-30,10.8,10.6,11.1,10.5,8075
2023-03-31,10.4,10.7,11.0,10.4,10718
2023-04-03,10.7,11.2,11.5,10.7,10250
2023-04-04,11.2,11.1,11.7,10.7,9798
2023-04-05,11.1,11.0,11.4,10.5,9317
2023-04-06,11.0,11.2,11.5,10.6,10552
2023-04-10,11.1,12.3,12.7,10.8,43501
2023-04-11,12.5,13.2,13.9,12.499,50060
2023-04-12,13.0,12.7,13.1,12.566,12469
2023-04-13,13.3,13.7,14.0,12.7,29472
2023-04-14,13.7,13.6,14.4,13.5,18647
2023-04-17,13.6,13.6,14.1,13.319,14487
2023-04-18,13.5,13.4,14.5,13.3,27038
2023-04-19,12.0,12.6,13.0,11.3,79312
2023-04-20,12.6,12.7,12.999,12.0,13094
2023-04-21,12.5,13.4,13.7,12.4,17913
2023-04-24,13.6,13.0,13.696,12.6,11470
2023-04-25,12.4,12.4,12.9,12.4,13767
2023-04-26,12.4,12.4,13.009,12.2,9618
2023-04-27,12.4,12.1,12.6,12.0,9768
2023-04-28,12.2,12.7,13.2,12.2,15557
2023-05-01,13.0,12.6,13.0,12.6,9654
2023-05-02,12.7,13.1,13.378,12.5,11235
2023-05-03,13.0,13.4,13.899,13.0,10584
2023-05-04,13.4,13.5,13.9,13.4,8243
2023-05-05,13.9,13.6,13.9,13.2,19596
2023-05-08,13.2,14.4,14.4,13.2,16676
2023-05-09,14.3,14.8,14.9,14.0,22990
2023-05-10,14.8,14.6,14.9,14.501,181421
2023-05-11,15.7,13.3,15.989,12.6,320814
2023-05-12,12.4,12.4,13.5,12.4,64015
2023-05-15,12.2,12.2,12.5,11.1,55462
2023-05-16,11.6,11.0,11.999,11.0,49918
2023-05-17,11.0,11.5,11.8,10.3,42538
2023-05-18,11.5,11.4,11.7,11.1,25134
2023-05-19,11.4,11.1,11.6,11.0,25612
2023-05-22,11.2,11.3,11.8,11.0,45303
2023-05-23,11.4,11.5,11.5,11.1,15501
2023-05-24,11.2,11.5,12.2,10.9,40315
2023-05-25,11.7,11.2,11.7,11.2,10130
2023-05-26,11.6,11.4,11.6,11.0,18069
2023-05-30,11.1,10.7,11.3,10.5,27420
2023-05-31,11.3,10.9,11.3,10.701,19866
2023-06-01,11.3,11.9,12.4,10.9,43210
2023-06-02,12.2,12.2,12.4,11.873,13633
2023-06-05,12.6,12.9,12.95,12.0,21559
2023-06-06,13.0,13.1,13.2,12.693,14477
2023-06-07,13.3,12.2,13.3,12.0,18196
2023-06-08,11.9,12.2,12.6,11.9,12528
2023-06-09,12.0,12.7,12.9,11.9,16434
2023-06-12,12.5,12.95,13.1,12.5,9411
2023-06-13,13.0,13.1,13.5,12.9,18560
2023-06-14,13.0,13.0,13.5,13.0,18163
2023-06-15,12.9,13.1,13.3,12.9,9980
2023-06-16,13.1,12.8,13.4,12.5,10188
2023-06-20,12.8,12.4,13.0,12.0,13484
2023-06-21,12.4,12.2,12.4,11.9,9103
2023-06-22,12.1,11.8,12.5,11.8,17401
2023-06-23,12.2,12.4,12.6,11.9,13826
2023-06-26,12.5,11.9,12.543,11.7,11818
2023-06-27,12.3,12.0,12.399,11.8,8274
2023-06-28,12.2,11.9,12.2,11.5,6307
2023-06-29,12.2,11.4,12.2,11.0,18010
2023-06-30,11.5,11.9,11.9,11.3,11676
2023-07-03,11.9,11.7,11.997,11.4,17106
2023-07-05,11.7,11.5,11.8,11.1,23251
2023-07-06,11.5,11.4,11.8,11.3,11467
2023-07-07,11.4,11.2,11.795,11.1,11426
2023-07-10,11.2,11.4,12.3,10.9,24718
2023-07-11,11.4,10.6,11.6,10.3,33759
2023-07-12,10.5,11.4,11.6,10.5,49342
2023-07-13,11.5,11.7,11.7,11.3,20899
2023-07-14,11.6,11.5,11.8,11.5,11903
2023-07-17,11.6,12.1,12.1,11.5,15716
2023-07-18,12.2,12.9,14.2,12.1,136251
2023-07-19,13.2,12.8,13.4,12.8,91283
2023-07-20,12.9,12.9,13.0,12.3,27632
2023-07-21,12.9,12.85,12.9,12.3,23390
2023-07-24,12.7,13.6,14.7,12.7,142339
2023-07-25,13.9,12.6,14.7,12.3,160321
2023-07-26,12.9,13.2,13.698,12.7,93683
2023-07-27,13.5,12.5,14.0,12.2,50133
2023-07-28,13.6,10.4,13.6,10.3,131923
2023-07-31,11.2,11.0,11.2,10.8,55349
2023-08-01,11.1,10.7,11.1,10.6,48497
2023-08-02,10.6,9.8,10.757,9.6,52186
2023-08-03,9.8,11.0,11.1,9.8,62521
2023-08-04,11.2,11.8,12.2,11.2,35408
2023-08-07,12.0,11.8,12.5,11.0,57114
2023-08-08,11.9,11.9,12.5,11.8,58973
2023-08-09,12.0,11.8,12.2,11.272,48672
2023-08-10,12.1,11.1,12.1,11.0,77757
2023-08-11,11.0,11.0,11.1,9.002,101319
2023-08-14,11.5,10.6,12.0,10.5,31063
2023-08-15,10.5,10.8,11.0,10.18,48020
2023-08-16,10.9,10.6,10.999,10.5,22432
2023-08-17,10.5,10.1,10.798,10.0,15342
2023-08-18,10.0,11.0,11.0,10.0,31957
2023-08-21,11.0,10.1,11.0,10.1,18270
2023-08-22,10.3,9.946,10.4,9.8,25949
2023-08-23,10.1,10.4,10.5,9.8,15785
2023-08-24,10.4,10.1,10.5,10.0,15068
2023-08-25,10.0,9.901,10.199,9.651,12726
2023-08-28,9.9,10.2,10.3,9.701,11056
2023-08-29,10.0,10.4,10.4,9.8,18652
2023-08-30,10.1,10.4,10.5,10.1,6986
2023-08-31,10.3,10.4,10.5,10.2,12443
2023-09-01,10.3,10.3,10.6,10.3,18712
2023-09-05,10.3,10.0,10.587,10.0,20286
2023-09-06,10.0,9.7,10.3,9.7,30021
2023-09-07,9.5,10.0,10.1,9.5,10553
2023-09-08,9.829,10.1,10.296,9.8,10205
2023-09-11,10.014,10.014,10.014,10.014,40
2023-09-12,10.0,10.1,10.3,10.0,8070
2023-09-13,10.0,10.2,10.2,9.9,10281
2023-09-14,10.1,10.5,10.5,9.915,21230
2023-09-15,10.2,11.0,11.0,10.1,33283
2023-09-18,11.0,11.1,11.2,10.6,27505
2023-09-19,10.9,11.0,11.0,10.6,12999
2023-09-20,10.8,11.0,11.2,10.6,18479
2023-09-21,10.5,11.0,11.0,10.5,13639
2023-09-22,10.7,10.4,10.831,10.1,40011
2023-09-25,10.4,10.0,10.491,10.0,30052
2023-09-26,10.0,8.341,10.699,7.427,136862
2023-09-27,7.831,7.6,8.4,7.6,44850
2023-09-28,7.801,7.051,8.0,7.005,29887
2023-09-29,7.767,6.99,7.767,6.901,10618
2023-10-02,7.099,6.136,7.507,6.101,40011
2023-10-03,6.3,5.899,6.331,5.71,36794
2023-10-04,5.8,6.157,6.29,5.7,13078
2023-10-05,5.9,6.89,6.99999,5.5,30531
2023-10-06,6.89,7.49,7.49,6.8,21573
2023-10-09,7.5,7.5,7.65,7.122,6403
2023-10-10,7.582,7.965,8.099,7.4,13075
2023-10-11,8.0,7.6,8.0,7.6,4952
2023-10-12,7.91,7.185,8.085,7.08,18770
2023-10-13,7.258,7.11,7.7,7.11,3761
2023-10-16,7.108,7.4,7.699,7.01,12260
2023-10-17,7.607,7.398,7.607,7.1,16499
2023-10-18,7.201,7.702,8.094,7.201,14414
2023-10-19,7.702,7.5,8.0,7.402,12888
2023-10-20,7.853,7.6,8.099,7.5,1921
2023-10-23,7.6,7.2,7.6,7.2,7413
2023-10-24,7.39,7.159,7.46,7.001,4472
2023-10-25,7.25051,6.787,7.46,6.7575,6462
2023-10-26,6.8,6.543,7.1,6.4,8050
2023-10-27,7.25,6.6,7.25,6.4,11445
2023-10-30,6.6,6.894,7.05,6.6,10236
2023-10-31,6.9,6.8,7.0,6.75,5435
2023-11-01,6.9,6.5,6.99,6.18,14121
2023-11-02,6.5,6.932,6.99799,6.5,6282
2023-11-03,6.91,7.299,7.696,6.8,7475
2023-11-06,7.562,7.4,7.7,7.104,3951
2023-11-07,7.365,7.32,7.7,7.2,11331
2023-11-08,7.21,7.29,7.67,7.151,7866
2023-11-09,7.1,6.841,7.2,6.668,7475
2023-11-10,7.6,6.75,7.6,6.7,4089
2023-11-13,7.7,6.79,7.7,6.6,11895
2023-11-14,6.76,7.168,7.5,6.76,15632
2023-11-15,6.954,5.742,7.251,4.2,158929
2023-11-16,5.742,4.98,5.742,4.801,26340
2023-11-17,5.02,4.613,5.02,4.3,37503
2023-11-20,4.716,5.05,5.1,4.5,21571
2023-11-21,5.082,5.45,5.73,5.041,47933
2023-11-22,5.3,5.6995,5.9,5.3,11207
2023-11-24,5.7,5.8,6.086,5.7,5989
2023-11-27,5.8,5.506,5.95,5.403,12782
2023-11-28,5.55,5.65,5.7,5.1,18570
2023-11-29,5.5,5.225,5.78,5.151,10917
2023-11-30,5.203,5.0,5.55935,5.0,10550
2023-12-01,4.537,4.387,4.977,4.312,47122
2023-12-04,4.814,4.202,4.999,4.202,31340
2023-12-05,4.15,4.251,4.5,4.15,22679
2023-12-06,4.3,4.351,4.898,4.269,9416
2023-12-07,4.3,4.108,4.399,4.01,30461
2023-12-08,4.15,4.068,4.48,4.001,18187
2023-12-11,4.0,3.9,4.132,3.75,27114
2023-12-12,3.907,3.951,4.065,3.85,14165
2023-12-13,4.0,4.07,4.25,3.901,23987
2023-12-14,4.1,4.257,4.5,3.913,52868
2023-12-15,4.7,4.3,4.7,4.257,32987
2023-12-18,4.295,4.36,4.6,4.25,22104
2023-12-19,4.4,4.37,4.501,4.37,21155
2023-12-20,4.3,4.231,4.3,4.1,16418
2023-12-21,4.225,4.1,4.499,3.913,45525
2023-12-22,4.0,4.2,4.242,4.0,9789
2023-12-26,4.32,4.31,4.4,4.1,13429
2023-12-27,4.294,4.184,4.5,4.102,21459
2023-12-28,4.25,4.107,4.25,4.1,20973
2023-12-29,4.1,4.005,4.26999,4.0,24253
2024-01-02,4.0,4.14,4.199,4.0,26845
2024-01-03,4.0,4.011,4.25,3.9,79121
2024-01-04,4.0,3.97,4.099,3.85,15758
2024-01-05,3.824,4.03,4.03,3.8,9469
2024-01-08,3.89,3.9,4.3,3.7,42899
2024-01-09,3.783,3.89899,3.89899,3.7,18522
2024-01-10,3.81,3.89,3.9,3.711,4833
2024-01-11,3.721,3.722,3.899,3.65,18631
2024-01-12,3.53,3.78,4.195,3.53,30983
2024-01-16,3.8,3.63,3.89,3.63,27032
2024-01-17,3.799,3.449,3.799,3.425,23891
2024-01-18,3.45,3.37,3.45,3.233,29513
2024-01-19,3.481,3.364,3.498,3.3,10071
2024-01-22,3.4,3.46,3.739,3.4,33550
2024-01-23,3.426,3.4,3.699,3.364,22373
2024-01-24,3.401,3.488,3.513,3.31,22198
2024-01-25,3.35,3.1,3.59,3.003,95336
2024-01-26,3.29,3.17,3.35,3.101,20887
2024-01-29,3.142,3.29,3.39,3.101,39038
2024-01-30,3.2,3.29,3.29,3.157,7886
2024-01-31,3.2,3.26,3.32,3.2,11452
2024-02-01,3.308,3.4,3.546,3.3,11806
2024-02-02,3.533,3.7,3.711,3.5,12086
2024-02-05,3.792,3.658,3.799,3.5,13042
2024-02-06,3.58,3.47,3.655,3.401,4589
2024-02-07,3.5,3.444,3.5,3.41,5566
2024-02-08,3.4,3.52,3.6,3.4,3649
2024-02-09,3.698,3.555,3.698,3.3,13853
2024-02-12,3.4,3.45,3.548,3.4,5202
2024-02-13,3.4,3.55,3.6,3.4,2956
2024-02-14,3.59,3.648,3.648,3.4,11681
2024-02-15,3.65,3.8,3.889,3.6,9614
2024-02-16,3.76,3.793,3.85,3.5,7653
2024-02-20,3.555,3.594,3.8,3.5,21325
2024-02-21,3.8,3.725,3.8,3.5,12994
2024-02-22,3.7,3.649,3.7,3.5,6463
2024-02-23,3.6,3.49,3.649,3.36,17118
2024-02-26,3.4,3.35,3.4,3.26,11402
2024-02-27,3.5,3.49,3.535,3.275,13096
2024-02-28,3.443,3.528,3.535,3.373,3837
2024-02-29,3.533,3.5,3.585,3.341,11920
2024-03-01,3.452,3.433,3.5025,3.38,5668
2024-03-04,3.35,3.528,3.585,3.313,13724
2024-03-05,3.49,3.486,3.5,3.311,5836
2024-03-06,3.389,3.498,3.5,3.35,3541
2024-03-07,3.386,3.668,3.67,3.386,8954
2024-03-08,3.659,3.658,3.669,3.503,6884
2024-03-11,3.6,3.659,3.67,3.552,4516
2024-03-12,3.69899,3.727,3.837,3.64,12341
2024-03-13,3.77,3.846,4.1,3.702,18947
2024-03-14,3.96,3.93,4.0,3.8,14867
2024-03-15,3.9,3.818,3.9,3.65,27028
2024-03-18,3.9,4.244,4.264,3.7,42002
2024-03-19,4.27,3.8,4.27,3.68,51373
2024-03-20,4.211,4.028,4.254,3.75,82179
2024-03-21,3.802,3.412,3.87,3.31,74454
2024-03-22,3.28,3.004,3.299,2.901,59083
2024-03-25,3.037,3.15,3.199,3.0,22344
2024-03-26,3.1,2.888,3.15,2.8,33015
2024-03-27,2.909,2.98,3.088,2.804,19144
2024-03-28,2.996,2.99,3.29,2.9,32380
2024-04-01,3.139,3.04,3.14001,3.0,4265
2024-04-02,3.167,3.08,3.167,2.8805,28688
2024-04-03,3.16,3.181,3.295,2.95,22701
2024-04-04,3.289,3.259,3.289,3.151,12150
2024-04-05,3.302,3.236,3.302,3.101,5781
2024-04-08,3.2,3.156,3.228,2.951,39691
2024-04-09,3.192,3.107,3.198,2.985,2406
2024-04-10,3.07,2.804,3.107,2.5,31198
2024-04-11,2.9,2.964,3.044,2.805,5791
2024-04-12,3.0,2.73899,3.046,2.72,9365
2024-04-15,2.84,2.355,2.84,2.301,28475
2024-04-16,2.4,2.491,2.75,2.4,9056
2024-04-17,2.5,2.244,2.599,2.244,15306
2024-04-18,2.34,2.58,2.66099,2.3,15738
2024-04-19,2.69,2.715,2.85,2.6,11607
2024-04-22,2.82452,2.759,2.849,2.72,6275
2024-04-23,2.82,2.791,2.82,2.7,3416
2024-04-24,3.0,2.772,3.0,2.701,4670
2024-04-25,2.772,2.71,2.93,2.4995,7348
2024-04-26,2.703,2.703,2.842,2.703,1218
2024-04-29,2.735,2.688,2.843,2.55,3173
2024-04-30,2.784,2.708,2.784,2.612,2842
2024-05-01,2.65,2.553,2.65,2.402,10478
2024-05-02,2.526,2.555,2.701,2.5,3730
2024-05-03,2.6,2.55,2.72499,2.517,4480
2024-05-06,2.59,2.6,2.7,2.525,7219
2024-05-07,2.6,2.55,2.784,2.55,4859
2024-05-08,2.55,2.65,2.798,2.518,11547
2024-05-09,2.65,2.99,3.283,2.65,68458
2024-05-10,3.0,3.111,3.286,2.824,17486
2024-05-13,3.28,3.16,3.499,3.013,37335
2024-05-14,3.19,3.324,3.38,3.19,24412
2024-05-15,3.323,3.422,3.469,3.3,20176
2024-05-16,2.679,2.853,3.099,2.679,26103
2024-05-17,2.9,2.909,3.155,2.75,14313
2024-05-20,2.751,2.833,3.0,2.7,12961
2024-05-21,2.83,2.8,2.929,2.724,10934
2024-05-22,2.904,2.949,3.0,2.805,7672
2024-05-23,2.96,3.0,3.099,2.9,7206
2024-05-24,3.0,3.108,3.199,2.9,9115
2024-05-28,3.196,3.17,3.198,2.901,9400
2024-05-29,3.01,2.921,3.15,2.8,10988
2024-05-30,2.84,2.8,3.09,2.711,13413
2024-05-31,2.87,2.92,3.0,2.72,16603
2024-06-03,3.04,2.756,3.04,2.46,32195
2024-06-04,2.747,2.867,2.9,2.64,9690
2024-06-05,2.754,2.888,2.899,2.75,6477
2024-06-06,2.91,2.8781,2.92,2.801,4101
2024-06-07,2.7,2.93299,3.0,2.46,42251
2024-06-10,2.95,2.75,3.165,2.716,18571
2024-06-11,2.77,2.829,2.949,2.77,2585
2024-06-12,2.8,2.752,2.91,2.614,16253
2024-06-13,2.656,2.7475,2.802,2.65,6181
2024-06-14,2.7,2.719,4.777,2.626,569901
2024-06-17,2.698,3.14,3.267,2.698,65810
2024-06-18,3.046,3.222,3.5,3.001,51390
2024-06-20,3.2,3.392,3.944,3.2,35164
2024-06-21,3.4,4.1,4.15,3.31,45507
2024-06-24,3.9,4.3,4.6,3.9,39732
2024-06-25,4.3,4.5,4.9,4.297,33662
2024-06-26,4.574,4.614,4.85,4.501,11919
2024-06-27,4.62,4.102,4.62,4.05,17440
2024-06-28,4.018,3.817,4.096,3.817,13225
2024-07-01,3.817,3.901,4.1832,3.627,8160
2024-07-02,4.04,4.301,4.9,3.713,82228
2024-07-03,4.305,4.509,4.6,4.305,6000
2024-07-05,4.38,4.291,4.423,4.122,8224
2024-07-08,4.205,4.349,4.5,4.018,20251
2024-07-09,4.28,4.234,4.348,4.1,7107
2024-07-10,4.233,4.2,4.3999,4.005,5588
2024-07-11,4.14,4.251,4.49,4.14,6667
2024-07-12,4.41,4.425,4.475,4.2,7452
2024-07-15,4.46,6.05,6.999,4.301,156056
2024-07-16,5.8,5.87,6.4989,5.25,66046
2024-07-17,5.869,5.73,5.869,5.46,14889
2024-07-18,5.78,5.209,5.898,4.915,18160
2024-07-19,5.053,5.15,5.39799,5.0,2202
2024-07-22,5.1,5.287,5.37,5.0,11544
2024-07-23,5.384,5.77,6.1,5.155,12669
2024-07-24,5.76,5.56,5.77,5.448,15745
2024-07-25,5.56,5.604,5.899,5.5,7412
2024-07-26,5.6,5.486,5.78799,5.364,7182
2024-07-29,5.5,4.9,5.592,4.4,46968
2024-07-30,4.996,4.958,5.369,4.9,3802
2024-07-31,5.055,4.732,5.19,4.49101,11431
2024-08-01,4.61,4.786,5.072,4.61,6667
2024-08-02,4.72,4.41,4.72,4.35,8368
2024-08-05,4.48,4.24,4.5,3.70299,20639
2024-08-06,4.4,4.298,4.409,4.2,2957
2024-08-07,4.308,4.1,4.468,4.05,10750
2024-08-08,4.12,4.102,4.263,3.951,3734
2024-08-09,4.2,4.41536,4.7,4.0,6338
2024-08-12,4.7,4.501,4.999,4.244,30501
2024-08-13,4.508,4.55,4.899,4.45,113785
2024-08-14,5.21,5.0,5.4,4.716,84427
2024-08-15,4.9,4.794,5.5,4.1625,62880
2024-08-16,4.9,4.701,4.9,4.4,9802
2024-08-19,4.8,4.982,5.28,4.7,45493
2024-08-20,5.05,4.76,5.23,4.7,12338
2024-08-21,4.79,4.9,4.9,4.4,14053
2024-08-22,4.81,4.579,5.037,4.412,13514
2024-08-23,4.554,4.61899,4.762,4.222,18698
2024-08-26,4.615,4.4235,4.803,4.29,12291
2024-08-27,4.291,4.47199,4.6,4.27,16780
2024-08-28,4.485,4.12,4.649,4.1,18631
2024-08-29,4.28,4.058,4.284,3.927,25062
2024-08-30,3.999,3.866,4.1,3.76,22261
2024-09-03,3.9,3.354,3.9,3.111,69934
2024-09-04,3.401,3.636,3.653,3.23,8153
2024-09-05,3.636,3.36,3.636,3.36,9496
2024-09-06,3.4,3.48,3.671,3.331,6893
2024-09-09,3.4,3.69,3.699,3.4,5027
2024-09-10,3.705,3.561,3.75,3.33,10048
2024-09-11,3.6,3.649,3.65,3.4,13707
2024-09-12,3.622,3.745,3.9,3.422,13654
2024-09-13,3.633,3.899,3.9,3.45,11054
2024-09-16,3.8,3.624,3.8,3.511,11750
2024-09-17,3.719,3.45,3.72,3.443,11886
2024-09-18,3.5,3.267,3.58899,3.267,13042
2024-09-19,3.3,3.3,3.4,3.111,31597
2024-09-20,3.362,3.38,3.4,3.25,35182
2024-09-23,3.4,3.543,3.6205,3.39,13154
2024-09-24,3.601,3.597,3.68,3.444,4243
2024-09-25,3.67,3.78,3.8,3.444,8831
2024-09-26,3.8,4.08,4.227,3.78,20643
2024-09-27,4.25,4.28,4.299,3.971,5911
2024-09-30,4.28,4.24,4.35,3.929,16878
2024-10-01,4.114,3.68,4.2,3.5,18647
2024-10-02,3.864,3.678,3.9,3.5,11994
2024-10-03,3.678,3.41,3.695,3.4,8266
2024-10-04,3.48,3.45,3.685,3.312,28070
2024-10-07,3.45,3.64,3.9,3.42015,16284
2024-10-08,3.531,3.28,3.7,3.18,28892
2024-10-09,3.28,3.155,3.28,3.14,6623
2024-10-10,3.155,3.17,3.305,3.095,5750
2024-10-11,3.17,3.312,3.4,3.11,14691
2024-10-14,3.312,3.3,3.488,3.29,18310
2024-10-15,3.5,3.306,3.5,3.301,15814
2024-10-16,3.306,3.0,3.473,2.712,110969
2024-10-17,3.06,3.07,3.121,2.545,166535
2024-10-18,3.0,3.16,3.3,2.71,131826
2024-10-21,3.2,3.33,3.4,3.0501,90651
2024-10-22,3.25,3.75,3.75,3.22,43731
2024-10-23,3.77,3.64,4.0,3.36,157858
2024-10-24,3.47,3.51,3.65,3.2647,45277
2024-10-25,3.03,2.84,3.3771,2.81,117795
2024-10-28,2.83,2.52,2.83,2.44,112514
2024-10-29,2.55,2.75,2.89,2.53,59227
2024-10-30,2.71,2.6,2.838,2.6,16214
2024-10-31,2.57,2.76,3.15,2.57,131065
2024-11-01,2.8,2.6003,3.1486,2.575,66693
2024-11-04,2.73,2.82,3.07,2.6478,120509
2024-11-05,2.83,2.79,2.89,2.72,35156
2024-11-06,2.934,2.86,2.9859,2.75,25572
2024-11-07,2.95,3.03,3.1018,2.88,33351
2024-11-08,3.28,3.74,3.81,3.16,100875
2024-11-11,3.94,3.81,4.195,3.695,43090
2024-11-12,3.68,3.79,3.8615,3.66,54552
2024-11-13,3.9,3.56,3.9,3.13,88993
2024-11-14,3.49,3.49,3.6781,3.49,13233
2024-11-15,3.49,3.36,3.51,3.2,21292
2024-11-18,3.28,2.98,3.35,2.83,62658
2024-11-19,3.025,3.02,3.2061,2.96,39558
2024-11-20,3.25,3.7,4.1,3.25,233930
2024-11-21,3.81,3.53,3.81,3.4,36290
2024-11-22,3.46,3.36,3.58,3.25,36005
2024-11-25,3.4,3.56,3.68,3.29,43478
2024-11-26,3.75,4.0,4.08,3.7,263245
2024-11-27,4.15,4.32,4.7925,4.0,241899
2024-11-29,4.78,5.25,5.7,4.78,228802
2024-12-02,5.57,4.23,5.57,3.72,527774
2024-12-03,4.4,4.28,4.4058,3.92,160533
2024-12-04,4.32,4.25,4.39,4.11,74469
2024-12-05,4.23,3.86,4.23,3.72,144853
2024-12-06,3.96,3.735,4.1,3.73,109493
2024-12-09,3.89,3.62,3.89,3.4,146199
2024-12-10,3.62,3.97,3.99,3.45,79365
2024-12-11,3.97,3.91,4.39,3.56,129553
2024-12-12,3.87,3.87,3.9,3.66,56438
2024-12-13,3.87,3.96,4.0825,3.75,52175
2024-12-16,3.97,3.95,4.1982,3.87,72535
2024-12-17,3.92,3.91,4.12,3.74,33842
2024-12-18,3.94,3.84,4.08,3.8,31350
2024-12-19,3.92,3.72,3.95,3.5,56062
2024-12-20,3.61,3.64,3.8,3.46,57362
2024-12-23,3.56,3.36,3.7347,3.34,37109
2024-12-24,3.35,3.39,3.417,3.25,12816
2024-12-26,3.27,3.47,3.52,3.27,41116
2024-12-27,3.45,3.46,3.5341,3.37,15604
2024-12-30,3.47,3.62,3.78,3.3153,37280
2024-12-31,3.67,3.79,3.8691,3.625,26783
2025-01-02,3.85,3.83,4.08,3.7125,39317
2025-01-03,3.95,3.82,3.97,3.67,37616
2025-01-06,3.8,3.7,3.97,3.6,99564
2025-01-07,3.69,3.91,3.9573,3.48,81579
2025-01-08,3.733,3.9,4.05,3.733,55957
2025-01-10,3.86,3.65,3.86,3.63,22131
2025-01-13,3.71,3.54,3.71,3.509,32348
2025-01-14,3.6368,3.59,3.71,3.26,60040
2025-01-15,3.6,3.43,3.61,3.3391,25024
2025-01-16,3.4367,3.39,3.47,3.3,38875
2025-01-17,3.4,3.415,3.58,3.3,31887
2025-01-21,3.41,3.15,3.485,3.07,68185
2025-01-22,3.18,3.08,3.32,2.9307,92804
2025-01-23,3.26,2.97,3.4,2.95,38799
2025-01-24,3.015,3.02,3.1,3.0,17202
2025-01-27,3.04,3.04,3.24,3.0,32288
2025-01-28,3.1,2.91,3.1,2.78,34712
2025-01-29,2.9,2.97,3.0599,2.87,10680
2025-01-30,2.99,2.85,3.1529,2.74,75460
2025-01-31,2.91,2.76,2.91,2.6701,50723
2025-02-03,2.74,2.6,2.74,2.5501,35087
2025-02-04,2.61,2.74,2.8,2.52,22572
2025-02-05,2.82,2.79,2.87,2.7549,8928
2025-02-06,2.87,2.74,2.87,2.6916,5935
2025-02-07,2.74,2.7,2.85,2.7,9700
2025-02-10,2.8,2.8,2.81,2.75,8531
2025-02-11,2.71,2.7,2.8,2.64,15146
2025-02-12,2.75,2.76,2.9,2.74,23249
2025-02-13,2.9,2.79,2.95,2.71,38365
2025-02-14,2.81,2.891,2.93,2.8,12527
2025-02-18,2.9,3.21,3.29,2.88,85675
2025-02-19,3.16,3.15,3.29,3.15,35065
2025-02-20,3.06,3.31,3.32,3.01,35545
2025-02-21,3.29,3.38,3.39,3.1899,7698
2025-02-24,3.29,3.35,3.46,3.1233,25963
2025-02-25,3.2,3.56,3.56,3.2,27672
2025-02-26,3.46,3.4392,3.5064,3.33,9138
2025-02-27,3.23,3.36,3.5116,3.23,5253
2025-02-28,3.37,3.45,3.4887,3.13,11975
2025-03-03,3.18,3.16,3.43,3.16,25771
2025-03-04,3.16,3.1,3.16,2.865,25207
2025-03-05,3.14,3.1,3.21,3.07,13316
2025-03-06,3.1861,3.23,3.24,3.16,12635
2025-03-07,3.0749,3.2,3.21,2.9,8853
2025-03-10,3.25,3.07,3.25,3.0,8245
2025-03-11,3.19,3.08,3.19,2.99,25873
2025-03-12,3.05,3.24,3.3,2.95,33191
2025-03-13,3.24,3.0199,3.24,2.91,59098
2025-03-14,3.02,3.04,3.11,2.9938,13725
2025-03-17,3.0,2.92,3.0214,2.81,30744
2025-03-18,2.99,2.965,3.069,2.87,27778
2025-03-19,2.95,2.93,2.95,2.82,10281
2025-03-20,2.97,2.965,3.05,2.965,3515
2025-03-21,2.99,2.89,3.0,2.87,14941
2025-03-24,2.89,2.84,2.89,2.7399,34415
2025-03-25,2.8062,2.78,2.8786,2.7411,5900
2025-03-26,2.81,2.85,2.85,2.74,4764
2025-03-27,2.77,2.79,2.87,2.76,10973
2025-03-28,2.765,2.7,2.765,2.69,8251
2025-03-31,2.64,2.68,2.68,2.54,7978
2025-04-01,2.6,2.61,2.645,2.58,15626
2025-04-02,2.6545,2.6,2.69,2.5925,16303
2025-04-03,2.58,2.56,2.681,2.5,20834
2025-04-04,2.5,2.29,2.6899,2.214,36297
2025-04-07,2.13,2.12,2.34,2.1002,30392
2025-04-08,2.19,2.1,2.2653,2.07,27706
2025-04-09,2.0463,2.28,2.31,2.0463,15596
2025-04-10,2.1,1.9663,2.34,1.9201,34977
2025-04-11,1.9,1.9,2.09,1.9,32213
