2022-06-09,24.2797,24.2797,24.2797,24.2797,0
2022-06-10,24.03,23.6747,24.03,23.67,501
2022-06-13,22.9682,22.9682,22.9682,22.9682,0
2022-06-14,23.1744,23.1744,23.1744,23.1744,2
2022-06-15,23.5274,23.5274,23.5274,23.5274,3
2022-06-16,22.8253,22.8253,22.8253,22.8253,4
2022-06-17,22.8519,22.8519,22.8519,22.8519,4
2022-06-21,23.2239,23.2239,23.2239,23.2239,96
2022-06-22,23.1428,23.1428,23.1428,23.1428,8
2022-06-23,23.15,23.1926,23.1926,23.15,3914
2022-06-24,23.8966,23.8966,23.8966,23.8966,0
2022-06-27,23.8686,23.8686,23.8686,23.8686,2
2022-06-28,23.665,23.5168,23.665,23.5168,294
2022-06-29,23.4249,23.4249,23.4249,23.4249,0
2022-06-30,23.2589,23.2589,23.2589,23.2589,40
2022-07-01,23.4039,23.4039,23.4039,23.4039,0
2022-07-05,23.2082,23.2082,23.2082,23.2082,4
2022-07-06,23.12,23.226,23.31,23.12,3886
2022-07-07,23.56,23.6159,23.6159,23.56,186
2022-07-08,23.6235,23.6235,23.6235,23.6235,0
2022-07-11,23.2707,23.2707,23.2707,23.2707,20
2022-07-12,22.8239,22.8239,22.8239,22.8239,0
2022-07-13,22.7236,22.7236,22.7236,22.7236,0
2022-07-14,22.6469,22.6469,22.6469,22.6469,4
2022-07-15,22.985,23.0172,23.019,22.9401,1009
2022-07-18,23.3711,23.1745,23.3711,23.1745,101
2022-07-19,23.56,23.943,23.943,23.56,200
2022-07-20,24.0406,24.0406,24.0406,24.0406,0
2022-07-21,24.1688,24.2344,24.2344,24.1688,315
2022-07-22,24.2035,24.2035,24.2035,24.2035,97
2022-07-25,24.24,24.2473,24.2473,24.21,306
2022-07-26,23.9209,23.9209,23.9209,23.9209,0
2022-07-27,24.4893,24.4893,24.4893,24.4893,0
2022-07-28,24.873,24.873,24.873,24.873,0
2022-07-29,25.4404,25.4404,25.4404,25.4404,0
2022-08-01,25.4278,25.4278,25.4278,25.4278,1
2022-08-02,25.1193,25.1193,25.1193,25.1193,1
2022-08-03,25.4152,25.4152,25.4152,25.4152,0
2022-08-04,25.6916,25.6916,25.6916,25.6916,2
2022-08-05,25.716,25.716,25.716,25.716,6
2022-08-08,25.5946,25.5946,25.5946,25.5946,66
2022-08-09,25.3477,25.3477,25.3477,25.3477,0
2022-08-10,26.1719,26.1719,26.1719,26.1719,0
2022-08-11,26.2494,26.117,26.2494,26.117,4201
2022-08-12,26.1804,26.1804,26.1804,26.1804,10
2022-08-15,25.9709,25.9709,25.9709,25.9709,0
2022-08-16,26.0712,26.0712,26.0712,26.0712,2
2022-08-17,25.7863,25.7863,25.7863,25.7863,6
2022-08-18,25.8114,25.8114,25.8114,25.8114,0
2022-08-19,25.5234,25.5234,25.5234,25.5234,10
2022-08-22,25.0227,25.0227,25.0227,25.0227,0
2022-08-23,24.9763,24.9763,24.9763,24.9763,0
2022-08-24,24.9967,24.9967,24.9967,24.9967,0
2022-08-25,25.2938,25.2938,25.2938,25.2938,10
2022-08-26,24.5183,24.5183,24.5183,24.5183,0
2022-08-29,24.28,24.3672,24.3672,24.28,700
2022-08-30,23.978,23.978,23.978,23.978,3
2022-08-31,23.9142,23.9142,23.9142,23.9142,2
2022-09-01,23.6487,23.6487,23.6487,23.6487,18
2022-09-02,23.4165,23.4165,23.4165,23.4165,1
2022-09-06,23.2713,23.2713,23.2713,23.2713,2
2022-09-07,23.4945,23.4945,23.4945,23.4945,33
2022-09-08,23.5,23.5435,23.5435,23.44,206
2022-09-09,24.106,24.106,24.106,24.106,0
2022-09-12,24.3744,24.3744,24.3744,24.3744,22
2022-09-13,23.5278,23.5278,23.5278,23.5278,4
2022-09-14,23.4333,23.4333,23.4333,23.4333,0
2022-09-15,23.0318,23.0318,23.0318,23.0318,2
2022-09-16,22.2739,22.2739,22.2739,22.2739,27
2022-09-19,22.4532,22.4532,22.4532,22.4532,11
2022-09-20,22.053,22.053,22.053,22.053,48
2022-09-21,21.7878,21.634525,21.7878,21.7878,0
2022-09-22,21.2929,21.2929,21.2929,21.2929,5
2022-09-23,20.6929,20.6929,20.6929,20.6929,5
2022-09-26,20.4857,20.4857,20.4857,20.4857,3
2022-09-27,20.5425,20.5425,20.5425,20.5425,1
2022-09-28,21.0109,21.0109,21.0109,21.0109,0
2022-09-29,20.6466,20.6466,20.6466,20.6466,1
2022-09-30,20.389,20.389,20.389,20.389,10
2022-10-03,21.0241,21.0241,21.0241,21.0241,3
2022-10-04,21.7772,21.7772,21.7772,21.7772,0
2022-10-05,21.5437,21.5437,21.5437,21.5437,1
2022-10-06,21.3614,21.3614,21.3614,21.3614,0
2022-10-07,21.0,20.7984,21.0,20.7984,112
2022-10-10,20.7479,20.7479,20.7479,20.7479,0
2022-10-11,20.5524,20.5524,20.5524,20.5524,0
2022-10-12,20.5677,20.5677,20.5677,20.5677,5
2022-10-13,20.9343,20.9343,20.9343,20.9343,5
2022-10-14,20.5999,20.5999,20.5999,20.5999,0
2022-10-17,21.1382,21.1382,21.1382,21.1382,10
2022-10-18,21.3919,21.3919,21.3919,21.3919,0
2022-10-19,21.0892,21.11,21.11,21.0892,101
2022-10-20,20.7014,20.7014,20.7014,20.7014,0
2022-10-21,21.1701,21.1701,21.1701,21.1701,0
2022-10-24,21.271,21.2327,21.271,21.2327,100
2022-10-25,21.6722,21.6722,21.6722,21.6722,110
2022-10-26,21.9203,21.9203,21.9203,21.9203,0
2022-10-27,21.8256,21.8256,21.8256,21.8256,31
2022-10-28,21.9243,21.9243,21.9243,21.9243,0
2022-10-31,21.95,21.8873,21.95,21.8873,121
2022-11-01,21.9875,21.9875,21.9875,21.9875,20
2022-11-02,21.3857,21.3857,21.3857,21.3857,0
2022-11-03,21.3037,21.3037,21.3037,21.3037,0
2022-11-04,21.7628,21.7628,21.7628,21.7628,31
2022-11-07,22.0904,22.0904,22.0904,22.0904,0
2022-11-08,22.37,22.3684,22.37,22.31,4200
2022-11-09,21.9619,21.9619,21.9619,21.9619,0
2022-11-10,23.2626,23.2626,23.2626,23.2626,38
2022-11-11,23.8709,23.8709,23.8709,23.8709,0
2022-11-14,23.7609,23.7609,23.7609,23.7609,0
2022-11-15,24.05,23.7961,24.05,23.7961,602
2022-11-16,23.5983,23.5983,23.5983,23.5983,0
2022-11-17,23.315,23.4566,23.459,23.315,200
2022-11-18,23.4533,23.4533,23.4533,23.4533,10
2022-11-21,23.3891,23.3891,23.3891,23.3891,95
2022-11-22,23.6582,23.6582,23.6582,23.6582,10
2022-11-23,23.8273,23.8273,23.8273,23.8273,0
2022-11-25,23.9337,23.9337,23.9337,23.9337,0
2022-11-28,23.6046,23.6046,23.6046,23.6046,0
2022-11-29,23.658,23.7423,23.7423,23.658,675
2022-11-30,24.3771,24.3801,24.3801,24.3771,100
2022-12-01,24.44,24.4617,24.4634,24.44,1000
2022-12-02,24.4088,24.409,24.42,24.4088,337
2022-12-05,24.142,23.8354,24.142,23.8354,506
2022-12-06,23.5108,23.5108,23.5108,23.5108,25
2022-12-07,23.4818,23.4818,23.4818,23.4818,0
2022-12-08,23.6,23.6575,23.69,23.6,325
2022-12-09,23.6098,23.6098,23.6098,23.6098,0
2022-12-12,23.9427,23.9427,23.9427,23.9427,0
2022-12-13,24.2797,24.2797,24.2797,24.2797,15
2022-12-14,24.2696,24.2696,24.2696,24.2696,26
2022-12-15,23.5984,23.5984,23.5984,23.5984,100
2022-12-16,23.38,23.4899,23.4899,23.38,315
2022-12-19,23.1689,23.1689,23.1689,23.1689,55
2022-12-20,23.0919,23.0919,23.0919,23.0919,0
2022-12-21,23.4148,23.30445,23.4148,23.4148,5
2022-12-22,23.1288,23.104,23.1288,23.104,110
2022-12-23,23.235,23.235,23.235,23.235,0
2022-12-27,23.288,23.288,23.288,23.288,1
2022-12-28,22.8991,22.8991,22.8991,22.8991,0
2022-12-29,23.3,23.2501,23.3,23.2501,101
2022-12-30,23.0072,23.0072,23.0072,23.0072,14
2023-01-03,23.161,23.161,23.161,23.161,4
2023-01-04,23.3644,23.3644,23.3644,23.3644,0
2023-01-05,23.1,22.983,23.1,22.983,1308
2023-01-06,23.6328,23.6328,23.6328,23.6328,2
2023-01-09,23.9376,23.9376,23.9376,23.9376,36
2023-01-10,23.9219,23.9219,23.9219,23.9219,24
2023-01-11,24.1868,24.1868,24.1868,24.1868,3
2023-01-12,24.4003,24.4003,24.4003,24.4003,0
2023-01-13,24.425,24.425,24.425,24.425,1
2023-01-17,24.555,24.565,24.565,24.555,210
2023-01-18,24.4701,24.3975,24.495,24.3975,629
2023-01-19,24.2002,24.2002,24.2002,24.2002,0
2023-01-20,24.5477,24.5477,24.5477,24.5477,0
2023-01-23,24.7782,24.7782,24.7782,24.7782,10
2023-01-24,24.63,24.6493,24.6493,24.63,210
2023-01-25,24.3151,24.3151,24.3151,24.3151,3
2023-01-26,24.24,24.3375,24.3375,24.205,650
2023-01-27,24.4282,24.4282,24.4282,24.4282,0
2023-01-30,24.1627,24.1627,24.1627,24.1627,0
2023-01-31,24.69,24.69,24.69,24.69,35
2023-02-01,25.12,25.2771,25.2771,25.12,425
2023-02-02,25.8525,25.8525,25.8525,25.8525,0
2023-02-03,25.5733,25.5733,25.5733,25.5733,10
2023-02-06,25.2699,25.2221,25.2699,25.2221,204
2023-02-07,25.405,25.405,25.405,25.405,5
2023-02-08,25.301,25.301,25.301,25.301,1
2023-02-09,25.1937,25.1937,25.1937,25.1937,15
2023-02-10,25.1767,25.1767,25.1767,25.1767,3
2023-02-13,25.3409,25.3409,25.3409,25.3409,45
2023-02-14,25.335,25.335,25.335,25.335,40
2023-02-15,25.2753,25.2753,25.2753,25.2753,25
2023-02-16,25.0,25.0779,25.0779,25.0,105
2023-02-17,24.98,24.948,24.98,24.948,148
2023-02-21,24.568,24.5115,24.568,24.5115,127
2023-02-22,24.3647,24.3647,24.3647,24.3647,17
2023-02-23,24.6437,24.6437,24.6437,24.6437,1
2023-02-24,24.3745,24.3745,24.3745,24.3745,21
2023-02-27,24.7987,24.7987,24.7987,24.7987,0
2023-02-28,24.5916,24.5916,24.5916,24.5916,5
2023-03-01,24.8071,24.8071,24.8071,24.8071,0
2023-03-02,25.15,25.1,25.15,25.1,300
2023-03-03,25.3513,25.3513,25.3513,25.3513,4
2023-03-06,25.3483,25.3483,25.3483,25.3483,2
2023-03-07,24.892,24.892,24.892,24.892,7
2023-03-08,24.985,24.985,24.985,24.985,78
2023-03-09,24.7127,24.7127,24.7127,24.7127,3
2023-03-10,24.3924,24.3924,24.3924,24.3924,1
2023-03-13,24.285,24.285,24.285,24.285,10
2023-03-14,24.5185,24.5185,24.5185,24.5185,6
2023-03-15,24.203,24.203,24.203,24.203,161
2023-03-16,24.7339,24.7339,24.7339,24.7339,11
2023-03-17,24.525,24.525,24.525,24.525,25
2023-03-20,24.5346,24.5346,24.5346,24.5346,3
2023-03-21,24.8211,24.8211,24.8211,24.8211,0
2023-03-22,24.5699,24.529251,24.5699,24.5699,13
2023-03-23,24.587,24.587,24.587,24.587,2
2023-03-24,24.5087,24.5087,24.5087,24.5087,0
2023-03-27,24.7358,24.7358,24.7358,24.7358,1
2023-03-28,24.8277,24.8277,24.8277,24.8277,0
2023-03-29,25.0854,25.0854,25.0854,25.0854,1
2023-03-30,25.2876,25.2876,25.2876,25.2876,12
2023-03-31,25.5818,25.5818,25.5818,25.5818,2
2023-04-03,25.4232,25.4232,25.4232,25.4232,7
2023-04-04,25.3193,25.3193,25.3193,25.3193,0
2023-04-05,25.068,25.068,25.068,25.068,2
2023-04-06,25.177,25.177,25.177,25.177,0
2023-04-10,25.2398,25.2398,25.2398,25.2398,0
2023-04-11,25.4209,25.4209,25.4209,25.4209,0
2023-04-12,25.4497,25.4497,25.4497,25.4497,51
2023-04-13,25.7303,25.7303,25.7303,25.7303,0
2023-04-14,25.7114,25.7114,25.7114,25.7114,0
2023-04-17,25.8847,25.8847,25.8847,25.8847,1
2023-04-18,26.0167,26.0167,26.0167,26.0167,0
2023-04-19,25.8878,25.8878,25.8878,25.8878,0
2023-04-20,25.8534,25.8534,25.8534,25.8534,3
2023-04-21,26.0282,26.0282,26.0282,26.0282,10
2023-04-24,26.0587,26.0587,26.0587,26.0587,1
2023-04-25,25.2522,25.2522,25.2522,25.2522,2
2023-04-26,24.8859,24.8859,24.8859,24.8859,21
2023-04-27,25.268,25.2383,25.268,25.2,1010
2023-04-28,25.3553,25.3553,25.3553,25.3553,1
2023-05-01,25.4637,25.4637,25.4637,25.4637,1
2023-05-02,25.1888,25.1599,25.1888,25.1599,100
2023-05-03,25.1598,25.1598,25.1598,25.1598,0
2023-05-04,24.987,24.987,24.987,24.987,50
2023-05-05,25.3553,25.3553,25.3553,25.3553,0
2023-05-08,25.37,25.3325,25.37,25.3325,177
2023-05-09,25.2606,25.2606,25.2606,25.2606,10
2023-05-10,25.2757,25.2757,25.2757,25.2757,0
2023-05-11,25.1613,25.1613,25.1613,25.1613,0
2023-05-12,25.1734,25.1734,25.1734,25.1734,3
2023-05-15,25.2343,25.2343,25.2343,25.2343,2
2023-05-16,25.0844,25.0844,25.0844,25.0844,0
2023-05-17,25.3283,25.3283,25.3283,25.3283,26
2023-05-18,25.4948,25.4948,25.4948,25.4948,3
2023-05-19,25.466,25.5143,25.5143,25.466,200
2023-05-22,25.4804,25.4804,25.4804,25.4804,0
2023-05-23,25.1308,25.1308,25.1308,25.1308,0
2023-05-24,24.93,24.7569,24.93,24.7569,602
2023-05-25,24.8762,24.8762,24.8762,24.8762,36
2023-05-26,25.0494,25.0494,25.0494,25.0494,5
2023-05-30,25.0297,25.0297,25.0297,25.0297,0
2023-05-31,24.78,24.7397,24.78,24.7397,126
2023-06-01,25.0,25.0505,25.0505,25.0,201
2023-06-02,25.4903,25.4903,25.4903,25.4903,4
2023-06-05,25.3097,25.4903,25.3097,25.3097,0
2023-06-06,25.18,25.3061,25.31,25.18,400
2023-06-07,25.5091,25.5091,25.5091,25.5091,0
2023-06-08,25.6135,25.6135,25.6135,25.6135,136
2023-06-09,25.3979,25.3979,25.3979,25.3979,1
2023-06-12,25.4161,25.4161,25.4161,25.4161,5
2023-06-13,25.7615,25.7615,25.7615,25.7615,2
2023-06-14,26.0051,26.0051,26.0051,26.0051,0
2023-06-15,26.378,26.378,26.378,26.378,0
2023-06-16,26.2583,26.2583,26.2583,26.2583,6
2023-06-20,25.9195,25.9195,25.9195,25.9195,1
2023-06-21,25.71,25.553981,25.9462,25.71,490
2023-06-22,25.45,25.6063,25.61,25.45,402
2023-06-23,25.2847,25.2847,25.2847,25.2847,26
2023-06-26,25.4697,25.4697,25.4697,25.4697,31
2023-06-27,25.8783,25.8783,25.8783,25.8783,28
2023-06-28,25.9372,25.9372,25.9372,25.9372,1
2023-06-29,25.8814,25.9584,25.9584,25.8814,399
2023-06-30,26.2308,26.2308,26.2308,26.2308,2
2023-07-03,26.3592,26.3592,26.3592,26.3592,11
2023-07-05,26.1638,26.1638,26.1638,26.1638,7
2023-07-06,25.8797,25.8797,25.8797,25.8797,1
2023-07-07,26.0507,26.0507,26.0507,26.0507,1
2023-07-10,26.25,26.25,26.25,26.25,106
2023-07-11,26.5496,26.5496,26.5496,26.5496,40
2023-07-12,26.92,26.92,26.92,26.92,105
2023-07-13,27.208,27.2,27.208,27.2,308
2023-07-14,27.16,27.1246,27.16,27.1246,221
2023-07-17,27.069,27.0696,27.0696,27.069,851
2023-07-18,27.3565,27.3565,27.3565,27.3565,148
2023-07-19,27.3721,27.4406,27.4406,27.3721,341
2023-07-20,27.2699,27.1738,27.2699,27.1738,111
2023-07-21,27.0491,27.0491,27.0491,27.0491,6
2023-07-24,27.07,27.0445,27.07,27.0445,100
2023-07-25,27.01,27.056,27.12,27.01,393
2023-07-26,27.4013,27.4013,27.4013,27.4013,1
2023-07-27,27.3084,27.3084,27.3084,27.3084,16
2023-07-28,27.6637,27.6637,27.6637,27.6637,11
2023-07-31,27.5419,27.5419,27.5419,27.5419,2
2023-08-01,27.252,27.252,27.252,27.252,59
2023-08-02,26.8724,26.8724,26.8724,26.8724,12
2023-08-03,26.69,26.9048,26.9048,26.69,331
2023-08-04,26.765,26.765,26.765,26.765,33
2023-08-07,26.9959,26.9959,26.9959,26.9959,38
2023-08-08,26.7672,26.7672,26.7672,26.7672,6
2023-08-09,26.6869,26.6869,26.6869,26.6869,2
2023-08-10,26.7287,26.7287,26.7287,26.7287,15
2023-08-11,26.57,26.57,26.57,26.57,3
2023-08-14,26.3941,26.5707,26.5707,26.3941,109
2023-08-15,26.48,26.253,26.48,26.253,101
2023-08-16,26.0501,26.0501,26.0501,26.0501,24
2023-08-17,25.8631,25.8631,25.8631,25.8631,8
2023-08-18,25.9013,25.9013,25.9013,25.9013,5
2023-08-21,25.8343,25.8343,25.8343,25.8343,51
2023-08-22,25.7767,25.7767,25.7767,25.7767,43
2023-08-23,25.9998,25.9998,25.9998,25.9998,9
2023-08-24,25.684,25.684,25.684,25.684,0
2023-08-25,25.7107,25.8489,25.8489,25.7107,143
2023-08-28,26.11,25.9984,26.11,25.9984,100
2023-08-29,26.2782,26.2782,26.2782,26.2782,5
2023-08-30,26.25,26.3396,26.3396,26.25,205
2023-08-31,26.2798,26.0826,26.29,26.0826,410
2023-09-01,26.1749,26.1749,26.1749,26.1749,35
2023-09-05,25.7447,25.7447,25.7447,25.7447,6
2023-09-06,25.6325,25.6325,25.6325,25.6325,4
2023-09-07,25.4837,25.4837,25.4837,25.4837,1
2023-09-08,25.3807,25.3807,25.3807,25.3807,42
2023-09-11,25.4836,25.4836,25.4836,25.4836,5
2023-09-12,25.3255,25.3255,25.3255,25.3255,0
2023-09-13,25.371,25.371,25.371,25.371,0
2023-09-14,25.739,25.739,25.739,25.739,60
2023-09-15,25.705,25.6932,25.72,25.6932,1333
2023-09-18,25.6405,25.6405,25.6405,25.6405,0
2023-09-19,25.4765,25.4765,25.4765,25.4765,2
2023-09-20,25.5149,25.358805,25.5149,25.5149,64
2023-09-21,25.0241,25.0241,25.0241,25.0241,120
2023-09-22,25.0973,24.989,25.0973,24.989,203
2023-09-25,25.0139,25.0139,25.0139,25.0139,4
2023-09-26,24.5596,24.5596,24.5596,24.5596,7
2023-09-27,24.4859,24.4859,24.4859,24.4859,6
2023-09-28,24.73,24.7454,24.7454,24.73,216
2023-09-29,24.87,24.6913,24.87,24.6913,122
2023-10-02,24.4656,24.4656,24.4656,24.4656,15
2023-10-03,24.3606,24.3606,24.3606,24.3606,0
2023-10-04,24.19,24.2899,24.2899,24.15,1348
2023-10-05,24.3653,24.3653,24.3653,24.3653,0
2023-10-06,24.6234,24.6234,24.6234,24.6234,18
2023-10-09,24.6871,24.6871,24.6871,24.6871,22
2023-10-10,24.8885,24.8885,24.8885,24.8885,0
2023-10-11,24.8918,24.8918,24.8918,24.8918,1
2023-10-12,24.6943,24.6943,24.6943,24.6943,1
2023-10-13,24.442,24.442,24.442,24.442,8
2023-10-16,24.7292,24.7292,24.7292,24.7292,11
2023-10-17,24.6955,24.6955,24.6955,24.6955,1
2023-10-18,24.0719,24.0719,24.0719,24.0719,4
2023-10-19,24.0473,24.0473,24.0473,24.0473,0
2023-10-20,23.9616,23.9616,23.9616,23.9616,1
2023-10-23,23.7853,23.7853,23.7853,23.7853,4
2023-10-24,23.7595,23.7595,23.7595,23.7595,0
2023-10-25,23.49,23.3439,23.4901,23.3439,560
2023-10-26,23.0775,23.0775,23.0775,23.0775,2
2023-10-27,23.005,23.0025,23.04,23.0025,2887
2023-10-30,23.4011,23.4011,23.4011,23.4011,0
2023-10-31,23.43,23.4833,23.4833,23.43,461
2023-11-01,23.45,23.622,23.622,23.45,160
2023-11-02,24.0402,24.0402,24.0402,24.0402,107
2023-11-03,24.1674,24.1674,24.1674,24.1674,3
2023-11-06,23.88,23.962,23.962,23.84,2328
2023-11-07,23.9,23.882,23.935,23.882,865
2023-11-08,23.9307,23.9307,23.9307,23.9307,1
2023-11-09,23.8726,23.8726,23.8726,23.8726,0
2023-11-10,23.89,23.88,23.98,23.85,1428
2023-11-13,24.0174,24.0174,24.0174,24.0174,0
2023-11-14,24.685,24.7056,24.7372,24.685,2404
2023-11-15,24.8758,24.8758,24.8758,24.8758,153
2023-11-16,24.78,24.8134,24.8134,24.78,227
2023-11-17,24.93,24.9634,24.9634,24.93,301
2023-11-20,25.1391,25.1391,25.1391,25.1391,6
2023-11-21,25.11,25.0929,25.11,25.07,2060
2023-11-22,25.1954,25.1954,25.1954,25.1954,1
2023-11-24,25.3942,25.3942,25.3942,25.3942,25
2023-11-27,25.2055,25.2055,25.2055,25.2055,1
2023-11-28,25.18,25.2035,25.2035,25.18,102
2023-11-29,25.3736,25.3736,25.3736,25.3736,45
2023-11-30,25.4925,25.4925,25.4925,25.4925,1
2023-12-01,26.0158,26.0158,26.0158,26.0158,8
2023-12-04,25.9832,25.9832,25.9832,25.9832,51
2023-12-05,25.7559,25.7559,25.7559,25.7559,9
2023-12-06,25.7519,25.7519,25.7519,25.7519,4
2023-12-07,25.7826,25.7826,25.7826,25.7826,0
2023-12-08,25.702,25.702,25.702,25.702,4
2023-12-11,25.8212,25.8212,25.8212,25.8212,0
2023-12-12,25.8534,25.8534,25.8534,25.8534,12
2023-12-13,26.1538,26.1538,26.1538,26.1538,52
2023-12-14,26.57,26.5278,26.57,26.5278,630
2023-12-15,26.6938,26.6938,26.6938,26.6938,0
2023-12-18,26.835,26.835,26.835,26.835,7
2023-12-19,27.0308,27.0308,27.0308,27.0308,2
2023-12-20,26.5764,26.5764,26.5764,26.5764,26
2023-12-21,27.0269,27.0269,27.0269,27.0269,0
2023-12-22,27.235,27.235,27.235,27.235,11
2023-12-26,27.2823,27.091875,27.2823,27.2823,20
2023-12-27,27.0777,27.0777,27.0777,27.0777,61
2023-12-28,27.0146,27.0146,27.0146,27.0146,1
2023-12-29,26.9838,26.9838,26.9838,26.9838,25
2024-01-02,26.84,26.7585,26.84,26.7585,748
2024-01-03,26.6471,26.6471,26.6471,26.6471,1
2024-01-04,26.8078,26.8078,26.8078,26.8078,3
2024-01-05,26.8278,26.8278,26.8278,26.8278,1
2024-01-08,26.9217,26.9217,26.9217,26.9217,0
2024-01-09,26.6909,26.6909,26.6909,26.6909,60
2024-01-10,26.8262,26.8262,26.8262,26.8262,14
2024-01-11,26.8254,26.8254,26.8254,26.8254,8
2024-01-12,26.9684,26.9684,26.9684,26.9684,2
2024-01-16,26.6786,26.6786,26.6786,26.6786,97
2024-01-17,26.4549,26.4549,26.4549,26.4549,5
2024-01-18,26.7355,26.7355,26.7355,26.7355,2
2024-01-19,26.839,26.839,26.839,26.839,1
2024-01-22,27.0785,27.0785,27.0785,27.0785,7
2024-01-23,27.0808,27.0808,27.0808,27.0808,31
2024-01-24,27.1197,27.1197,27.1197,27.1197,11
2024-01-25,27.2609,27.2609,27.2609,27.2609,2
2024-01-26,27.1862,27.1862,27.1862,27.1862,7
2024-01-29,27.18,27.2766,27.2766,27.18,302
2024-01-30,27.03,27.0984,27.0984,27.03,101
2024-01-31,26.7065,26.7065,26.7065,26.7065,50
2024-02-01,27.1579,27.1579,27.1579,27.1579,0
2024-02-02,27.156,27.156,27.156,27.156,2
2024-02-05,27.004,27.004,27.004,27.004,10
2024-02-06,27.2788,27.2788,27.2788,27.2788,4
2024-02-07,27.424,27.424,27.424,27.424,1
2024-02-08,27.3679,27.3679,27.3679,27.3679,2
2024-02-09,27.4077,27.4077,27.4077,27.4077,0
2024-02-12,27.3565,27.3565,27.3565,27.3565,6
2024-02-13,26.8895,26.8895,26.8895,26.8895,10
2024-02-14,27.1899,27.2698,27.2698,27.1899,331
2024-02-15,27.41,27.422,27.422,27.4099,552
2024-02-16,27.3177,27.3177,27.3177,27.3177,2
2024-02-20,27.2439,27.2439,27.2439,27.2439,5
2024-02-21,27.33,27.4285,27.4285,27.32,294
2024-02-22,27.8399,27.8399,27.8399,27.8399,4
2024-02-23,27.9293,27.9293,27.9293,27.9293,25
2024-02-26,27.8204,27.8204,27.8204,27.8204,2
2024-02-27,27.7947,27.7947,27.7947,27.7947,21
2024-02-28,27.6623,27.6623,27.6623,27.6623,10
2024-02-29,27.8494,27.8099,27.8494,27.8099,101
2024-03-01,27.8543,27.8543,27.8543,27.8543,25
2024-03-04,27.86,27.8499,27.86,27.825,1449
2024-03-05,27.6521,27.6521,27.6521,27.6521,7
2024-03-06,27.86,27.7744,27.86,27.7744,1798
2024-03-07,28.0163,28.0163,28.0163,28.0163,106
2024-03-08,27.9034,27.9034,27.9034,27.9034,9
2024-03-11,27.7992,27.7992,27.7992,27.7992,1
2024-03-12,28.0717,28.0717,28.0717,28.0717,55
2024-03-13,27.9411,27.9411,27.9411,27.9411,5
2024-03-14,27.538,27.538,27.538,27.538,4
2024-03-15,27.4699,27.4699,27.4699,27.4699,11
2024-03-18,27.4008,27.4008,27.4008,27.4008,2
2024-03-19,27.4104,27.42,27.42,27.375,408
2024-03-20,27.8079,27.8079,27.8079,27.8079,56
2024-03-21,28.024,28.024,28.024,28.024,8
2024-03-22,28.0246,28.0246,28.0246,28.0246,25
2024-03-25,27.8125,27.8125,27.8125,27.8125,45
2024-03-26,27.6272,27.6272,27.6272,27.6272,3
2024-03-27,27.909,27.909,27.909,27.909,0
2024-03-28,27.9749,27.9749,27.9749,27.9749,22
2024-04-01,27.745,27.709,27.745,27.709,104
2024-04-02,27.5348,27.5348,27.5348,27.5348,40
2024-04-03,27.7526,27.7526,27.7526,27.7526,14
2024-04-04,27.5171,27.5171,27.5171,27.5171,5
2024-04-05,27.6548,27.6548,27.6548,27.6548,4
2024-04-08,27.6785,27.6785,27.6785,27.6785,2
2024-04-09,27.6764,27.6764,27.6764,27.6764,4
2024-04-10,27.2,27.2397,27.2397,27.2,1206
2024-04-11,27.3421,27.3421,27.3421,27.3421,7
2024-04-12,26.9083,26.9083,26.9083,26.9083,16
2024-04-15,27.15,26.8302,27.15,26.8302,747
2024-04-16,26.552,26.552,26.552,26.552,175
2024-04-17,26.3386,26.3386,26.3386,26.3386,2
2024-04-18,26.2591,26.2591,26.2591,26.2591,12
2024-04-19,26.364,26.364,26.364,26.364,0
2024-04-22,26.7074,26.7074,26.7074,26.7074,0
2024-04-23,27.1185,27.1185,27.1185,27.1185,5
2024-04-24,26.6103,26.6103,26.6103,26.6103,3
2024-04-25,26.6276,26.6276,26.6276,26.6276,7
2024-04-26,26.6464,26.6464,26.6464,26.6464,4
2024-04-29,26.6093,26.6093,26.6093,26.6093,8
2024-04-30,26.2635,26.2635,26.2635,26.2635,2
2024-05-01,26.11,26.1191,26.1191,26.11,163
2024-05-02,26.4092,26.4092,26.4092,26.4092,1
2024-05-03,26.6173,26.6173,26.6173,26.6173,25
2024-05-06,26.7085,26.7085,26.7085,26.7085,20
2024-05-07,26.8229,26.8229,26.8229,26.8229,9
2024-05-08,26.9716,26.9716,26.9716,26.9716,0
2024-05-09,27.181,27.181,27.181,27.181,5
2024-05-10,27.2963,27.2963,27.2963,27.2963,10
2024-05-13,27.3387,27.3387,27.3387,27.3387,19
2024-05-14,27.2461,27.2461,27.2461,27.2461,1
2024-05-15,27.4001,27.4001,27.4001,27.4001,27
2024-05-16,27.473,27.473,27.473,27.473,0
2024-05-17,27.4171,27.4171,27.4171,27.4171,3
2024-05-20,27.3752,27.3752,27.3752,27.3752,27
2024-05-21,27.1127,27.1127,27.1127,27.1127,2
2024-05-22,26.9859,26.9859,26.9859,26.9859,2
2024-05-23,27.0,26.8082,27.0,26.8082,2001
2024-05-24,26.96,26.973,26.973,26.96,100
2024-05-28,26.9066,26.9066,26.9066,26.9066,1
2024-05-29,26.5546,26.5546,26.5546,26.5546,41
2024-05-30,26.5953,26.5953,26.5953,26.5953,7
2024-05-31,26.9158,26.9158,26.9158,26.9158,2
2024-06-03,26.8384,26.8384,26.8384,26.8384,3
2024-06-04,26.7,26.7576,26.7576,26.7,400
2024-06-05,27.0271,27.0271,27.0271,27.0271,8
2024-06-06,27.1836,27.1836,27.1836,27.1836,0
2024-06-07,26.9551,26.9551,26.9551,26.9551,0
2024-06-10,27.0179,27.0179,27.0179,27.0179,3
2024-06-11,26.6429,26.6429,26.6429,26.6429,2
2024-06-12,27.05,26.8753,27.05,26.8753,453
2024-06-13,26.5567,26.5567,26.5567,26.5567,6
2024-06-14,26.25,26.347,26.347,26.25,151
2024-06-17,26.525,26.525,26.525,26.525,2
2024-06-18,26.5619,26.5619,26.5619,26.5619,0
2024-06-20,26.6742,26.6742,26.6742,26.6742,2
2024-06-21,26.588,26.588,26.588,26.588,0
2024-06-24,26.83,26.7505,26.83,26.7505,109
2024-06-25,26.6225,26.6225,26.6225,26.6225,48
2024-06-26,26.8808,26.323151,26.8808,26.8808,0
2024-06-27,26.33,26.2701,26.33,26.2701,104
2024-06-28,26.4478,26.4478,26.4478,26.4478,7
2024-07-01,26.4505,26.4505,26.4505,26.4505,44
2024-07-02,26.5396,26.5396,26.5396,26.5396,6
2024-07-03,26.845,26.845,26.845,26.845,147
2024-07-05,26.7245,26.7245,26.7245,26.7245,4
2024-07-08,26.4725,26.4725,26.4725,26.4725,3
2024-07-09,26.2707,26.2253,26.2707,26.2253,133
2024-07-10,26.5388,26.5388,26.5388,26.5388,4
2024-07-11,26.82,26.838,26.838,26.82,107
2024-07-12,27.0361,27.0361,27.0361,27.0361,2
2024-07-15,27.2051,27.2051,27.2051,27.2051,2
2024-07-16,27.6827,27.6827,27.6827,27.6827,4
2024-07-17,27.4322,27.4322,27.4322,27.4322,46
2024-07-18,27.3,27.0433,27.3,27.0433,348
2024-07-19,26.9332,26.9332,26.9332,26.9332,114
2024-07-22,27.2276,27.2276,27.2276,27.2276,15
2024-07-23,26.9525,26.9525,26.9525,26.9525,9
2024-07-24,26.6468,26.6468,26.6468,26.6468,105
2024-07-25,26.6298,26.6298,26.6298,26.6298,186
2024-07-26,26.9547,26.9547,26.9547,26.9547,5
2024-07-29,26.9294,26.9294,26.9294,26.9294,2
2024-07-30,27.0376,27.0376,27.0376,27.0376,22
2024-07-31,27.3837,27.3837,27.3837,27.3837,4
2024-08-01,26.7439,26.7439,26.7439,26.7439,0
2024-08-02,26.2083,26.2083,26.2083,26.2083,2
2024-08-05,25.6,25.6217,25.6217,25.6,108
2024-08-06,25.8702,25.8702,25.8702,25.8702,5
2024-08-07,25.7413,25.7413,25.7413,25.7413,72
2024-08-08,26.08,26.0942,26.0942,26.08,116
2024-08-09,26.0336,26.0336,26.0336,26.0336,2
2024-08-12,25.978,25.978,25.978,25.978,25
2024-08-13,26.2749,26.2749,26.2749,26.2749,14
2024-08-14,26.4091,26.4091,26.4091,26.4091,23
2024-08-15,26.6997,26.6997,26.6997,26.6997,0
2024-08-16,26.7997,26.7997,26.7997,26.7997,36
2024-08-19,27.0911,27.0911,27.0911,27.0911,1
2024-08-20,26.9922,26.9922,26.9922,26.9922,6
2024-08-21,27.1914,27.1914,27.1914,27.1914,3
2024-08-22,27.09,27.0216,27.09,27.0216,204
2024-08-23,27.4148,27.4148,27.4148,27.4148,13
2024-08-26,27.2869,27.2869,27.2869,27.2869,13
2024-08-27,27.3073,27.3073,27.3073,27.3073,5
2024-08-28,27.2317,27.2317,27.2317,27.2317,5
2024-08-29,27.44,27.2466,27.44,27.2466,201
2024-08-30,27.4535,27.4535,27.4535,27.4535,23
2024-09-03,27.126,27.126,27.126,27.126,6
2024-09-04,27.2537,27.2537,27.2537,27.2537,7
2024-09-05,26.97,26.8658,26.97,26.8658,302
2024-09-06,26.5144,26.5144,26.5144,26.5144,3
2024-09-09,26.7694,26.7694,26.7694,26.7694,0
2024-09-10,26.766,26.766,26.766,26.766,5
2024-09-11,26.8542,26.8542,26.8542,26.8542,4
2024-09-12,27.1722,27.1722,27.1722,27.1722,13
2024-09-13,27.1999,27.1999,27.1999,27.1999,3
2024-09-16,27.4483,27.4483,27.4483,27.4483,69
2024-09-17,27.5507,27.5507,27.5507,27.5507,3
2024-09-18,27.53,27.518,27.6801,27.518,3541
2024-09-19,27.9992,27.9992,27.9992,27.9992,115
2024-09-20,27.4185,27.4185,27.4185,27.4185,1
2024-09-23,27.5544,27.5544,27.5544,27.5544,3
2024-09-24,27.9063,27.9063,27.9063,27.9063,8
2024-09-25,27.6843,27.648851,27.6843,27.6843,40
2024-09-26,28.029,28.029,28.029,28.029,2
2024-09-27,28.0503,28.0503,28.0503,28.0503,4
2024-09-30,28.1167,28.1167,28.1167,28.1167,0
2024-10-01,27.8456,27.8456,27.8456,27.8456,14
2024-10-02,27.895,27.8184,27.895,27.8184,2908
2024-10-03,27.5568,27.5568,27.5568,27.5568,16
2024-10-04,27.3891,27.3891,27.3891,27.3891,14
2024-10-07,27.2296,27.2296,27.2296,27.2296,12
2024-10-08,27.3433,27.3433,27.3433,27.3433,40
2024-10-09,27.4116,27.4116,27.4116,27.4116,6
2024-10-10,27.3596,27.3596,27.3596,27.3596,2
2024-10-11,27.6767,27.6767,27.6767,27.6767,1
2024-10-14,27.8752,27.8752,27.8752,27.8752,84
2024-10-15,27.6029,27.6029,27.6029,27.6029,8
2024-10-16,27.8098,27.8098,27.8098,27.8098,4
2024-10-17,27.5612,27.5612,27.5612,27.5612,2
2024-10-18,27.6966,27.6966,27.6966,27.6966,1
2024-10-21,27.4005,27.4005,27.4005,27.4005,21
2024-10-22,27.49,27.5506,27.5506,27.49,103
2024-10-23,27.3002,27.3002,27.3002,27.3002,3
2024-10-24,27.3834,27.4356,27.4356,27.3834,548
2024-10-25,27.4366,27.4366,27.4366,27.4366,2
2024-10-28,27.6654,27.6654,27.6654,27.6654,3
2024-10-29,27.6269,27.6269,27.6269,27.6269,3
2024-10-30,27.72,27.5198,27.72,27.5198,245
2024-10-31,27.39,27.405,27.405,27.39,100
2024-11-01,27.57,27.406,27.57,27.406,122
2024-11-04,27.4196,27.4196,27.4196,27.4196,22
2024-11-05,27.7636,27.7636,27.7636,27.7636,30
2024-11-06,28.1157,28.1157,28.1157,28.1157,3
2024-11-07,28.276,28.276,28.276,28.276,1
2024-11-08,28.0941,28.0941,28.0941,28.0941,9
2024-11-11,28.119,28.119,28.119,28.119,0
2024-11-12,27.71,27.7555,27.7555,27.7053,421
2024-11-13,27.7452,27.7452,27.7452,27.7452,1
2024-11-14,27.72,27.6315,27.72,27.6315,113
2024-11-15,27.4658,27.4658,27.4658,27.4658,31
2024-11-18,27.6475,27.6095,27.6475,27.6095,808
2024-11-19,27.5531,27.5531,27.5531,27.5531,26
2024-11-20,27.5376,27.5376,27.5376,27.5376,40
2024-11-21,27.7847,27.7847,27.7847,27.7847,6
2024-11-22,27.9741,27.9741,27.9741,27.9741,3
2024-11-25,28.196,28.196,28.196,28.196,9
2024-11-26,27.9647,27.9647,27.9647,27.9647,3
2024-11-27,28.0,27.9091,28.0,27.9091,404
2024-11-29,28.1671,28.1671,28.1671,28.1671,1
2024-12-02,28.1129,28.1129,28.1129,28.1129,23
2024-12-03,27.9168,27.9168,27.9168,27.9168,31
2024-12-04,27.9488,27.9488,27.9488,27.9488,4
2024-12-05,27.8659,27.8659,27.8659,27.8659,5
2024-12-06,27.7282,27.7282,27.7282,27.7282,23
2024-12-09,27.8016,27.8016,27.8016,27.8016,2
2024-12-10,27.7789,27.7789,27.7789,27.7789,85
2024-12-11,27.688,27.688,27.688,27.688,205
2024-12-12,27.5856,27.5856,27.5856,27.5856,1
2024-12-13,27.64,27.5682,27.64,27.5682,440
2024-12-16,27.4276,27.4276,27.4276,27.4276,44
2024-12-17,27.19,27.1626,27.1901,27.1626,813
2024-12-18,26.5457,26.5457,26.5457,26.5457,7
2024-12-19,26.39,26.3712,26.39,26.3712,120
2024-12-20,26.25,26.5141,26.5141,26.25,135
2024-12-23,26.35,26.6305,26.6305,26.35,1099
2024-12-24,26.7477,26.7477,26.7477,26.7477,7
2024-12-26,26.61,26.895,26.9419,26.61,212
2024-12-27,26.7514,26.7514,26.7514,26.7514,21
2024-12-30,26.5927,26.5927,26.5927,26.5927,31
2024-12-31,26.54,26.5439,26.5439,26.5,203
2025-01-02,26.64,26.4954,26.69,26.4954,1479
2025-01-03,26.664,26.664,26.664,26.664,112
2025-01-06,26.83,26.8339,26.8339,26.83,525
2025-01-07,26.785,26.785,26.785,26.785,121
2025-01-08,26.9168,26.9168,26.9168,26.9168,19
2025-01-10,26.29,26.2932,26.2932,26.29,581
2025-01-13,26.368,26.368,26.368,26.368,5
2025-01-14,26.544,26.544,26.544,26.544,7
2025-01-15,26.9013,26.885,26.9013,26.885,433
2025-01-16,27.0032,27.0032,27.0032,27.0032,7
2025-01-17,26.968,26.968,26.968,26.968,3
2025-01-21,27.41,27.47,27.47,27.41,226
2025-01-22,27.5308,27.5308,27.5308,27.5308,8
2025-01-23,27.8809,27.8809,27.8809,27.8809,5
2025-01-24,27.8959,27.8959,27.8959,27.8959,6
2025-01-27,27.9288,27.9288,27.9288,27.9288,20
2025-01-28,27.74,27.6954,27.75,27.6954,1366
2025-01-29,27.6775,27.6775,27.6775,27.6775,4
2025-01-30,27.39,27.4328,27.4328,27.3708,586
2025-01-31,27.415,27.2198,27.47,27.2198,609
2025-02-03,26.669,26.5632,26.669,26.5632,611
2025-02-04,26.9763,26.9763,26.9763,26.9763,14
2025-02-05,27.2323,27.2323,27.2323,27.2323,151
2025-02-06,27.2935,27.2935,27.2935,27.2935,0
2025-02-07,27.0552,27.0552,27.0552,27.0552,46
2025-02-10,27.3561,27.3561,27.3561,27.3561,17
2025-02-11,27.6584,27.6584,27.6584,27.6584,2
2025-02-12,27.6578,27.6578,27.6578,27.6578,4
2025-02-13,27.735,27.8541,27.8541,27.735,910
2025-02-14,27.8966,27.8966,27.8966,27.8966,5
2025-02-18,28.117,28.1338,28.1338,28.117,322
2025-02-19,27.7728,27.7728,27.7728,27.7728,7
2025-02-20,27.8322,27.8322,27.8322,27.8322,4
2025-02-21,27.4171,27.4171,27.4171,27.4171,8
2025-02-24,27.1265,27.1265,27.1265,27.1265,2
2025-02-25,27.321,27.321,27.321,27.321,3
2025-02-26,27.2664,27.2664,27.2664,27.2664,47
2025-02-27,26.9338,26.9338,26.9338,26.9338,2
2025-02-28,27.084,27.084,27.084,27.084,4
2025-03-03,27.46,26.9602,27.46,26.9602,237
2025-03-04,26.6705,26.6705,26.6705,26.6705,11
2025-03-05,27.2177,27.154121,27.2177,27.2177,17
2025-03-06,27.2603,27.2603,27.2603,27.2603,0
2025-03-07,27.4812,27.4812,27.4812,27.4812,29
2025-03-10,26.8638,26.8638,26.8638,26.8638,1
2025-03-11,26.4466,26.4466,26.4466,26.4466,23
2025-03-12,26.5145,26.5145,26.5145,26.5145,13
2025-03-13,26.1686,26.1686,26.1686,26.1686,60
2025-03-14,26.6448,26.6448,26.6448,26.6448,15
2025-03-17,26.953,26.953,26.953,26.953,42
2025-03-18,26.9064,26.9064,26.9064,26.9064,1
2025-03-19,27.0267,27.0267,27.0267,27.0267,0
2025-03-20,26.8255,26.8255,26.8255,26.8255,3
2025-03-21,26.5267,26.5267,26.5267,26.5267,9
2025-03-24,26.7903,26.7903,26.7903,26.7903,21
2025-03-25,26.6461,26.6461,26.6461,26.6461,10
2025-03-26,26.4475,26.4475,26.4475,26.4475,7
2025-03-27,26.26,26.3818,26.3818,26.26,411
2025-03-28,25.9178,25.9178,25.9178,25.9178,73
2025-03-31,25.935,25.9393,25.9393,25.935,110
2025-04-01,26.0476,26.0476,26.0476,26.0476,21
2025-04-02,26.2348,26.2348,26.2348,26.2348,16
2025-04-03,24.7311,24.7311,24.7311,24.7311,51
2025-04-04,23.6088,23.6088,23.6088,23.6088,21
2025-04-07,23.2127,23.2127,23.2127,23.2127,19
2025-04-08,22.8541,22.8541,22.8541,22.8541,93
2025-04-09,24.6248,24.6248,24.6248,24.6248,83
2025-04-10,24.1691,24.1691,24.1691,24.1691,9
2025-04-11,24.5098,24.5098,24.5098,24.5098,7
