2023-11-06,8.3518,8.38,8.42,8.34,1307
2023-11-07,8.34,8.284,8.34,8.25,103541
2023-11-08,8.305,8.2601,8.305,8.23,482
2023-11-09,8.24,8.3049,8.31,8.24,4220
2023-11-10,8.3799,8.295,8.3799,8.295,197
2023-11-13,8.31,8.3299,8.3299,8.3,313
2023-11-14,8.2,8.2299,8.2463,8.2,5936
2023-11-15,8.2051,8.1948,8.2051,8.16,10273
2023-11-16,8.21,8.2149,8.2149,8.21,5036
2023-11-17,8.16,8.2098,8.2098,8.16,4235
2023-11-20,8.13,8.1698,8.1698,8.13,1538
2023-11-21,8.1901,8.1899,8.1901,8.17,3603
2023-11-22,8.13,8.1449,8.165,8.13,4818
2023-11-24,8.18,8.18,8.18,8.18,0
2023-11-27,8.21,8.245,8.245,8.21,2295
2023-11-28,8.21,8.19,8.21,8.19,150
2023-11-29,8.1659,8.1899,8.21,8.15,6971
2023-11-30,8.2135,8.1999,8.2137,8.19,2187
2023-12-01,8.21,8.2172,8.26,8.19,39870
2023-12-04,8.13,8.2499,8.2925,8.13,9665
2023-12-05,8.28,8.32,8.32,8.28,3614
2023-12-06,7.49,8.29,8.32,7.49,15263
2023-12-07,8.26,8.25,8.28,8.2443,2941
2023-12-08,8.255,8.275,8.2926,8.25,13996
2023-12-11,8.26,8.24,8.26,8.21,4358
2023-12-12,8.33,8.2699,8.33,8.25,1388
2023-12-13,8.16,8.0799,8.16,8.0799,1974
2023-12-14,7.9373,7.961,7.961,7.9373,5595
2023-12-15,7.98,7.9599,7.9844,7.9599,6771
2023-12-18,7.99,7.985,8.0,7.94,11093
2023-12-19,7.945,7.9499,7.9499,7.93,1104
2023-12-20,7.99,8.0435,8.0435,7.94,6777
2023-12-21,7.99,7.918413,7.99,7.93,8602
2023-12-22,7.9,7.8941,7.9,7.84,37487
2023-12-26,7.8582,7.8234,7.8582,7.82,2918
2023-12-27,7.86,7.835,7.86,7.79,13774
2023-12-28,7.835,7.8121,7.8599,7.73,64124
2023-12-29,7.81,7.8699,7.89,7.81,25614
2024-01-02,7.89,7.966,7.99,7.89,13276
2024-01-03,8.07,8.0799,8.1,8.03,41078
2024-01-04,8.1,8.0999,8.1209,8.09,10535
2024-01-05,8.16,8.1,8.16,8.0401,4403
2024-01-08,8.065,8.02,8.07,8.02,5372
2024-01-09,7.9673,7.995,8.02,7.96,35926
2024-01-10,8.04,8.0199,8.07,8.0199,11930
2024-01-11,8.13,8.08,8.1399,8.05,1066
2024-01-12,8.09,8.0999,8.13,8.08,7765
2024-01-16,8.14,8.1499,8.1699,8.1,16771
2024-01-17,8.2018,8.2207,8.2499,8.2018,6258
2024-01-18,8.1748,8.1748,8.1748,8.1748,0
2024-01-19,8.09,8.105,8.16,8.09,9003
2024-01-22,8.05,8.095,8.11,8.05,6606
2024-01-23,8.0201,8.0299,8.0652,8.01,8286
2024-01-24,8.0407,8.0594,8.07,8.0407,2326
2024-01-25,8.0792,8.075,8.08,8.06,4067
2024-01-26,8.1,8.108,8.11,8.06,8776
2024-01-29,8.1,8.0861,8.1199,8.0861,1825
2024-01-30,8.0877,8.1199,8.13,8.06,2338
2024-01-31,8.11,8.1204,8.139,8.04,33934
2024-02-01,8.1299,8.0799,8.1299,8.0799,301
2024-02-02,8.09,8.0842,8.1,8.06,36303
2024-02-05,8.11,8.1299,8.13,8.06,10026
2024-02-06,8.125,8.1705,8.1705,8.125,1250
2024-02-07,8.17,8.165,8.18,8.1497,6154
2024-02-08,8.14,8.125,8.15,8.08,11804
2024-02-09,8.135,8.1201,8.135,8.1,4274
2024-02-12,8.0828,8.105,8.11,8.08,2161
2024-02-13,8.1699,8.14,8.19,8.09,26278
2024-02-14,8.14,8.1222,8.19,8.1222,33217
2024-02-15,8.08,8.0649,8.0945,8.04,9757
2024-02-16,8.05,8.025,8.05,8.0,17466
2024-02-20,8.05,8.0599,8.08,8.0499,16069
2024-02-21,8.1699,8.1352,8.1699,8.12,25327
2024-02-22,8.02,8.025,8.03,8.02,415
2024-02-23,8.01,8.04,8.05,8.01,6399
2024-02-26,8.08,8.0469,8.08,8.02,9901
2024-02-27,8.06,8.0442,8.0615,8.01,14929
2024-02-28,8.075,8.1099,8.14,8.075,29802
2024-02-29,8.055,8.008,8.06,8.0,10537
2024-03-01,7.92,7.935,7.935,7.9,1980
2024-03-04,7.914,7.9249,7.9599,7.86,6724
2024-03-05,7.9846,7.9799,7.9989,7.96,4025
2024-03-06,7.9513,7.91,7.9513,7.91,13120
2024-03-07,7.95,7.875,7.95,7.87,3059
2024-03-08,7.8501,7.9,7.94,7.8501,12636
2024-03-11,7.9605,7.96,7.99,7.94,15733
2024-03-12,7.96,7.94,7.96,7.94,247
2024-03-13,7.9505,7.99,8.0,7.95,18914
2024-03-14,8.0332,8.09,8.16,8.0332,15271
2024-03-15,8.09,8.06,8.0902,8.06,2939
2024-03-18,8.0502,8.06,8.09,8.05,11887
2024-03-19,8.165,8.13,8.176,8.095,29429
2024-03-20,8.1361,8.115,8.155,8.091,32803
2024-03-21,8.0999,8.09,8.0999,8.08,658
2024-03-22,8.12,8.12,8.12,8.09,14200
2024-03-25,8.1359,8.16,8.18,8.13,3662
2024-03-26,8.19,8.19,8.19,8.19,56
2024-03-27,8.17,8.13,8.17,8.13,240
2024-03-28,8.07,8.105,8.11,8.07,14640
2024-04-01,8.1376,8.112,8.16,8.1,357319
2024-04-02,8.1738,8.19,8.24,8.16,43927
2024-04-03,8.19,8.24,8.24,8.19,5980
2024-04-04,8.26,8.29,8.29,8.26,15451
2024-04-05,8.26,8.252,8.26,8.24,9111
2024-04-08,8.23,8.23,8.25,8.23,317
2024-04-09,8.1584,8.1457,8.1854,8.13,5731
2024-04-10,8.16,8.17,8.2156,8.12,20092
2024-04-11,8.13,8.155,8.155,8.13,6708
2024-04-12,8.23,8.255,8.255,8.23,2203
2024-04-15,8.26,8.295,8.32,8.24,37521
2024-04-16,8.32,8.32,8.3276,8.31,6015
2024-04-17,8.3089,8.335,8.34,8.29,11802
2024-04-18,8.31,8.33,8.38,8.31,48996
2024-04-19,8.36,8.375,8.375,8.31,34716
2024-04-22,8.41,8.3654,8.41,8.32,11119
2024-04-23,8.29,8.31,8.32,8.29,5689
2024-04-24,8.295,8.225,8.295,8.225,2439
2024-04-25,8.2028,8.175,8.26,8.13,39039
2024-04-26,8.195,8.195,8.195,8.195,31
2024-04-29,8.2069,8.21,8.21,8.2069,418
2024-04-30,8.2,8.2371,8.244,8.16,23701
2024-05-01,8.2843,8.26,8.2843,8.19,10026
2024-05-02,8.26,8.2599,8.32,8.23,8262
2024-05-03,8.23,8.1986,8.23,8.1986,102
2024-05-06,8.1822,8.145,8.1822,8.14,5107
2024-05-07,8.1709,8.145,8.1709,8.12,1463
2024-05-08,8.1673,8.14,8.1673,8.12,39316
2024-05-09,8.13,8.11,8.13,8.11,19843
2024-05-10,8.09,8.1252,8.1252,8.09,158
2024-05-13,8.1334,8.12,8.1399,8.12,953
2024-05-14,8.08,8.08,8.08,8.08,63
2024-05-15,8.05,8.0079,8.05,8.0079,1848
2024-05-16,7.995,7.95,8.012,7.94,5664
2024-05-17,7.95,7.98,8.0299,7.92,62859
2024-05-20,8.0,7.96,8.0,7.94,811
2024-05-21,7.9603,8.01,8.01,7.9602,1401
2024-05-22,7.98,7.9899,7.9899,7.97,2667
2024-05-23,7.93,8.0451,8.0451,7.93,15922
2024-05-24,8.03,8.05,8.05,8.03,287
2024-05-28,7.98,8.01,8.03,7.98,3638
2024-05-29,8.03,8.06,8.06,8.02,4417
2024-05-30,8.0638,8.09,8.09,8.05,13733
2024-05-31,8.04,8.085,8.1,8.04,46334
2024-06-03,7.99,8.0272,8.08,7.99,1806
2024-06-04,8.01,8.0052,8.035,8.0,6613
2024-06-05,8.0,8.0018,8.0304,8.0,934
2024-06-06,8.01,7.9949,8.01,7.9949,1121
2024-06-07,8.04,8.0,8.04,7.97,6645
2024-06-10,7.98,7.97,8.0,7.97,1198
2024-06-11,8.0083,8.0066,8.0083,8.0066,684
2024-06-12,8.0,7.9731,8.0,7.95,3949
2024-06-13,7.95,7.99,7.99,7.95,3200
2024-06-14,8.04,8.0083,8.04,7.99,540
2024-06-17,7.97,7.968,7.97,7.968,380
2024-06-18,7.93,7.948,7.948,7.91,6632
2024-06-20,7.99,7.97,7.99,7.9,3512
2024-06-21,7.91,7.9554,7.968,7.91,2430
2024-06-24,7.91,7.94,7.9418,7.91,681
2024-06-25,7.9,7.92,7.95,7.9,3126
2024-06-26,7.8809,7.8809,7.8809,7.8809,0
2024-06-27,7.83,7.83,7.86,7.8,14279
2024-06-28,7.8249,7.8249,7.8249,7.8249,0
2024-07-01,7.84,7.8399,7.87,7.82,3994
2024-07-02,7.86,7.81,7.86,7.79,327
2024-07-03,7.81,7.8396,7.8396,7.79,3375
2024-07-05,7.75,7.77,7.77,7.71,351500
2024-07-08,7.75,7.76,7.77,7.75,2902
2024-07-09,7.77,7.77,7.8099,7.76,4825
2024-07-10,7.82,7.8,7.82,7.8,225
2024-07-11,7.8,7.8,7.86,7.79,32022
2024-07-12,7.77,7.78,7.8,7.69,12705
2024-07-15,7.825,7.8,7.825,7.8,4817
2024-07-16,7.82,7.78,7.855,7.78,92050
2024-07-17,7.85,7.89,7.9,7.8,33961
2024-07-18,7.9,7.91,7.9785,7.84,29173
2024-07-19,7.9363,7.91,7.9597,7.91,34217
2024-07-22,8.0,7.99,8.0,7.9,37599
2024-07-23,8.05,7.96,8.05,7.93,68126
2024-07-24,8.04,8.15,8.16,8.04,30881
2024-07-25,8.18,8.27,8.3,8.18,37633
2024-07-26,8.29,8.3,8.33,8.29,3125
2024-07-29,8.28,8.33,8.3413,8.28,3377
2024-07-30,8.27,8.29,8.309,8.27,2915
2024-07-31,8.2892,8.2892,8.2892,8.2892,0
2024-08-01,8.3121,8.3,8.345,8.29,2300
2024-08-02,8.42,8.37,8.4699,8.37,5305
2024-08-05,8.78,8.57,8.79,8.28,25887
2024-08-06,8.46,8.5385,8.54,8.46,58918
2024-08-07,8.47,8.4967,8.5199,8.441,5306
2024-08-08,8.4,8.33,8.4,8.33,8208
2024-08-09,8.42,8.42,8.45,8.3901,329103
2024-08-12,8.44,8.44,8.44,8.4,5796
2024-08-13,8.42,8.36,8.4308,8.36,1026
2024-08-14,8.39,8.37,8.43,8.37,5559
2024-08-15,8.3699,8.29,8.3699,8.29,6172
2024-08-16,8.3,8.28,8.325,8.28,3078
2024-08-19,8.27,8.2802,8.2802,8.27,243
2024-08-20,8.28,8.29,8.29,8.28,104
2024-08-21,8.25,8.23,8.31,8.23,5798
2024-08-22,8.27,8.2952,8.32,8.27,2996
2024-08-23,8.23,8.25,8.2627,8.23,9949
2024-08-26,8.25,8.2651,8.2651,8.25,5734
2024-08-27,8.3,8.3299,8.3299,8.3,107
2024-08-28,8.34,8.43,8.43,8.34,3077
2024-08-29,8.31,8.3399,8.3399,8.31,172
2024-08-30,8.26,8.26,8.26,8.26,2
2024-09-03,8.345,8.405,8.4099,8.33,3017
2024-09-04,8.3735,8.35,8.3735,8.35,12082
2024-09-05,8.36,8.37,8.4199,8.36,1345
2024-09-06,8.3988,8.43,8.47,8.3988,2763
2024-09-09,8.4499,8.38,8.4499,8.38,4986
2024-09-10,8.42,8.4074,8.42,8.4074,113
2024-09-11,8.43,8.3495,8.43,8.3495,1622
2024-09-12,8.33,8.33,8.33,8.31,421
2024-09-13,8.3,8.28,8.31,8.24,1296
2024-09-16,8.27,8.2799,8.29,8.26,7209
2024-09-17,8.22,8.27,8.27,8.22,221
2024-09-18,8.28,8.31,8.31,8.26,750
2024-09-19,8.25,8.33,8.33,8.25,2235
2024-09-20,8.3,8.26,8.3,8.26,205
2024-09-23,8.29,8.2801,8.29,8.25,2606
2024-09-24,8.3,8.3299,8.3299,8.3,271
2024-09-25,8.32,8.3142,8.3465,8.31,1627
2024-09-26,8.31,8.3599,8.3599,8.31,198
2024-09-27,8.34,8.33,8.39,8.33,5356
2024-09-30,8.38,8.3926,8.41,8.38,501
2024-10-01,8.36,8.41,8.42,8.36,1284
2024-10-02,8.34,8.405,8.405,8.34,101
2024-10-03,8.4,8.42,8.42,8.4,131
2024-10-04,8.37,8.3,8.37,8.3,684
2024-10-07,8.31,8.33,8.33,8.31,321
2024-10-08,8.33,8.28,8.33,8.28,949
2024-10-09,8.22,8.2293,8.2293,8.22,636
2024-10-10,8.22,8.18,8.22,8.18,6618
2024-10-11,8.14,8.1354,8.14,8.1354,209
2024-10-14,8.1559,8.11,8.1559,8.11,1134
2024-10-15,8.11,8.19,8.21,8.11,2289
2024-10-16,8.17,8.1696,8.2,8.16,694
2024-10-17,8.1201,8.135,8.15,8.12,643
2024-10-18,8.1001,8.1,8.1399,8.1,735
2024-10-21,8.1,8.1242,8.1242,8.1,112
2024-10-22,8.15,8.13,8.15,8.12,957
2024-10-23,8.15,8.175,8.18,8.135,4449
2024-10-24,8.15,8.1399,8.15,8.1399,336
2024-10-25,8.115,8.125,8.125,8.1,597
2024-10-28,8.1044,8.1131,8.1131,8.1,307
2024-10-29,8.1,8.115,8.115,8.1,156
2024-10-30,8.1,8.0899,8.1,8.03,2337
2024-10-31,8.08,8.0962,8.0962,8.08,224
2024-11-01,8.061,8.11,8.11,8.06,456
2024-11-04,8.15,8.145,8.15,8.13,624
2024-11-05,8.13,8.1199,8.13,8.1199,114
2024-11-06,8.02,7.785,8.02,7.77,44351
2024-11-07,7.68,7.705,7.71,7.68,2319
2024-11-08,7.715,7.685,7.73,7.68,9029
2024-11-11,7.68,7.62,7.68,7.6,2197
2024-11-12,7.66,7.655,7.67,7.65,1223
2024-11-13,7.66,7.685,7.6995,7.65,631
2024-11-14,7.69,7.69,7.6942,7.685,1557
2024-11-15,7.68,7.725,7.75,7.68,7435
2024-11-18,7.69,7.67,7.7,7.67,5009
2024-11-19,7.7,7.68,7.7,7.68,102
2024-11-20,7.64,7.64,7.6875,7.64,1850
2024-11-21,7.56,7.5651,7.5651,7.56,266
2024-11-22,7.56,7.5549,7.56,7.5549,151
2024-11-25,7.5053,7.53,7.53,7.5,435
2024-11-26,7.51,7.535,7.535,7.51,128
2024-11-27,7.54,7.545,7.5566,7.54,1407
2024-11-29,7.5,7.52,7.5309,7.5,2148
2024-12-02,7.5,7.515,7.515,7.5,644
2024-12-03,7.52,7.525,7.525,7.52,1131
2024-12-04,7.64,7.53,7.64,7.5,23689
2024-12-05,7.5,7.5236,7.5236,7.5,1036
2024-12-06,7.5,7.555,7.555,7.49,11800
2024-12-09,7.56,7.545009,7.61,7.56,612
2024-12-10,7.51,7.65,7.65,7.51,12541
2024-12-11,7.56,7.62,7.62,7.56,43384
2024-12-12,7.57,7.605,7.62,7.57,3179
2024-12-13,7.584,7.5749,7.619,7.57,13064
2024-12-16,7.61,7.571,7.61,7.55,1560
2024-12-17,7.57,7.56,7.59,7.56,16689
2024-12-18,7.6,7.671,7.71,7.56,8131
2024-12-19,7.71,7.7164,7.75,7.71,157453
2024-12-20,7.6765,7.6746,7.68,7.64,10794
2024-12-23,7.72,7.705,7.72,7.6829,20302
2024-12-24,7.6356,7.61,7.65,7.61,959
2024-12-26,7.65,7.644,7.65,7.644,5948
2024-12-27,7.6685,7.65,7.6685,7.65,1803
2024-12-30,7.7184,7.6932,7.75,7.69,36737
2024-12-31,7.69,7.69,7.69,7.69,155
2025-01-02,7.72,7.72,7.72,7.72,253
2025-01-03,7.75,7.73,7.769,7.73,1833
2025-01-06,7.72,7.762,7.762,7.72,602
2025-01-07,7.81,7.81,7.81,7.81,1427
2025-01-08,7.83,7.84,7.84,7.795,762
2025-01-10,7.929,7.885,7.93,7.885,5203
2025-01-13,7.87,7.865,7.92,7.81,39002
2025-01-14,7.8702,7.905,7.94,7.8702,2178
2025-01-15,7.87,7.895,7.895,7.86,1377
2025-01-16,7.8556,7.835,7.869,7.82,2128
2025-01-17,7.81,7.81,7.81,7.81,380
2025-01-21,7.77,7.7377,7.77,7.72,7090
2025-01-22,7.69,7.7182,7.7182,7.67,1886
2025-01-23,7.68,7.6849,7.7001,7.68,2087
2025-01-24,7.65,7.7401,7.75,7.65,13405
2025-01-27,7.78,7.8997,7.8997,7.78,313
2025-01-28,7.851,7.8097,7.8735,7.8097,2545
2025-01-29,7.85,7.8697,7.8897,7.85,240
2025-01-30,7.83,7.8247,7.8557,7.82,4706
2025-01-31,7.79,7.82,7.83,7.79,1207
2025-02-03,7.93,7.85,7.93,7.84,1604
2025-02-04,7.82,7.76,7.82,7.7501,4777
2025-02-05,7.73,7.7095,7.73,7.7,2445
2025-02-06,7.7296,7.7296,7.7296,7.7296,52
2025-02-07,7.7181,7.7297,7.7297,7.7181,213
2025-02-10,7.65,7.65,7.68,7.65,914
2025-02-11,7.66,7.6777,7.6777,7.66,219
2025-02-12,7.75,7.6648,7.75,7.651,3049
2025-02-13,7.6,7.6,7.6,7.6,1027
2025-02-14,7.57,7.57,7.57,7.57,32
2025-02-18,7.57,7.5225,7.57,7.501,7257
2025-02-19,7.56,7.4999,7.56,7.48,9639
2025-02-20,7.49,7.5,7.57,7.49,3753
2025-02-21,7.62,7.6996,7.6996,7.62,4203
2025-02-24,7.67,7.7491,7.7491,7.67,1305
2025-02-25,7.72,7.8494,7.86,7.72,166764
2025-02-26,7.77,7.8497,7.9,7.77,165384
2025-02-27,7.895,7.9129,7.9129,7.895,1488
2025-02-28,7.87,7.87,7.87,7.87,197
2025-03-03,7.8,7.8799,7.885,7.8,3661
2025-03-04,7.91,7.935,7.9399,7.87,2765
2025-03-05,7.92,7.9452,7.9452,7.92,5966
2025-03-06,8.03,8.0152,8.0371,8.0,5551
2025-03-07,8.06,8.0453,8.14,8.0301,6247
2025-03-10,8.12,8.22,8.22,8.12,23443
2025-03-11,8.2,8.2167,8.23,8.2,6693
2025-03-12,8.15,8.1246,8.15,8.11,300
2025-03-13,8.16,8.1158,8.16,8.1158,218
2025-03-14,8.01,8.0101,8.0101,7.98,922
2025-03-17,8.005,7.9684,8.02,7.9684,426
2025-03-18,8.04,8.0101,8.04,7.98,17966
2025-03-19,8.01,8.0154,8.0154,8.01,180
2025-03-20,8.03,8.0403,8.06,8.0,8875
2025-03-21,8.079,8.0402,8.079,8.0402,207
2025-03-24,8.0,8.0052,8.019,8.0,4948
2025-03-25,8.019,8.025,8.0499,8.0155,2570
2025-03-26,8.0403,8.0403,8.0403,8.0403,9
2025-03-27,8.03,8.0549,8.0549,8.03,141
2025-03-28,8.11,8.11,8.11,8.11,23
2025-03-31,8.17,8.1349,8.17,8.1349,6819
2025-04-01,8.16,8.0901,8.16,8.0901,409
2025-04-02,8.12,8.0651,8.12,8.0651,1120
2025-04-03,8.2,7.9855,8.2,7.9855,28848
2025-04-04,8.0,8.2198,8.23,8.0,13714
2025-04-07,8.44,8.36,8.4999,7.6,37507
2025-04-08,8.28,8.2814,8.2814,8.28,3194
2025-04-09,8.07,7.95,8.15,7.901,5294
2025-04-10,7.87,7.8595,7.94,7.82,2922
2025-04-11,7.87,7.78,7.87,7.78,236660
