2014-09-29,7.0,8.3,8.3,7.0,309
2014-09-30,7.0,7.0,7.0,7.0,799
2014-10-01,7.0,6.5,7.0,6.3,1796
2014-10-02,6.74,7.0,7.0,6.74,2081
2014-10-03,6.25,6.25,6.25,6.25,103
2014-10-06,6.4,6.5,6.5,6.4,1571
2014-10-08,6.4,7.9,7.9,6.4,1939
2014-10-10,6.01,6.01,6.01,6.01,426
2014-10-14,6.51,6.5,6.51,6.5,347
2014-10-15,6.0,6.0,6.0,6.0,717
2014-10-16,6.0001,6.0,6.0001,6.0,440
2014-10-21,6.0,5.76,6.0,5.76,602
2014-10-22,6.5,6.5,6.5,6.5,352
2014-10-23,6.5,6.5,6.5,6.5,200
2014-10-27,6.35,6.35,6.35,6.35,512
2014-10-29,6.3,6.35,6.35,6.3,516
2014-10-30,6.35,6.35,6.35,6.35,410
2014-11-04,6.24,6.24,6.24,6.24,450
2014-11-06,5.76,5.5,5.76,5.5,1592
2014-11-13,5.5,5.7,5.7,5.5,1000
2014-11-14,5.0,5.47,5.47,5.0,200
2014-11-19,5.0,5.0,5.0,5.0,14
2014-11-21,5.24,4.5,5.24,4.5,854
2014-11-24,5.01,5.01,5.01,5.01,200
2014-11-25,5.0,5.0,5.0,5.0,1650
2014-11-26,5.05,5.05,5.5,5.05,518
2014-11-28,5.0,5.0,5.0,5.0,6527
2014-12-01,5.0,5.0,5.0,5.0,3900
2014-12-03,4.99,4.99,4.99,4.99,720
2014-12-05,4.75,5.0,5.3,4.0,1625
2014-12-08,5.5,5.0,5.5,5.0,4170
2014-12-09,5.2,5.0,5.2,5.0,1100
2014-12-10,5.0,5.0,5.5,5.0,3400
2014-12-11,5.5,5.0,6.0,5.0,2700
2014-12-15,7.98,8.4605,8.52,7.2501,5917
2014-12-16,8.0,8.449,8.45,8.0,4874
2014-12-17,8.5,8.1,8.5,8.1,5257
2014-12-18,8.44,8.1001,8.1001,8.01,7965
2014-12-19,8.25,8.5,8.5,8.0,28051
2014-12-22,7.39,7.5,7.54,7.0097,3348
2014-12-23,7.99,7.24,7.99,7.24,6006
2014-12-24,5.2,5.91,5.91,5.2,1581
2014-12-26,8.5,8.33,8.5,6.08,7599
2014-12-29,8.5,7.83,8.45,7.0,6170
2014-12-30,7.82,7.1475,7.25,7.06,6125
2014-12-31,7.15,7.1701,7.1701,7.1499,3187
2015-01-02,7.16,8.07,8.07,7.3274,1978
2015-01-05,8.08,8.0417,8.08,7.3601,1599
2015-01-06,8.0,7.7,8.0,7.4439,409
2015-01-07,8.0,7.88,8.03,7.48,1731
2015-01-08,8.0,7.9,8.0,7.9,286
2015-01-09,7.6,8.07,8.07,7.53,1501
2015-01-12,8.0,7.55,8.0,7.42,1716
2015-01-13,8.04,8.15,8.15,8.04,3111
2015-01-14,8.13,8.03,8.13,8.0,2736
2015-01-16,6.38,8.2,8.45,6.38,7832
2015-01-20,8.2,8.2,8.2,8.2,223
2015-01-22,8.0403,8.0,8.0403,7.9,641
2015-01-23,7.9999,7.5393,7.9999,7.5393,580
2015-01-26,7.06,7.03,7.06,7.01,1754
2015-01-27,7.02,7.25,7.25,7.02,3857
2015-01-28,7.03,6.7001,7.03,6.6,3995
2015-01-29,6.75,6.75,6.75,6.75,811
2015-02-02,6.37,6.27,6.6999,6.27,1965
2015-02-03,6.94,6.0,6.94,5.93,6041
2015-02-04,6.0,7.6,7.67,6.0,4513
2015-02-05,7.68,6.86,7.6,6.2,2982
2015-02-06,7.56,7.57,7.57,7.56,237
2015-02-09,7.6,7.73,7.73,7.6,768
2015-02-10,7.56,8.49,8.49,6.96,54408
2015-02-11,8.45,7.9,8.45,7.9,2629
2015-02-12,6.84,8.4,8.4,6.84,6055
2015-02-13,8.05,7.8,8.05,7.8,715
2015-02-17,8.25,7.99,8.25,7.99,8088
2015-02-18,7.95,8.1,8.1,7.97,3595
2015-02-19,8.1,8.24,8.25,8.048,15647
2015-02-20,8.4,8.52,8.52,8.24,16859
2015-02-23,8.5,8.6,8.6,8.45,22142
2015-02-24,8.61,8.61,8.61,8.4178,11054
2015-02-25,8.52,8.65,8.65,8.52,20632
2015-02-26,8.65,8.66,8.66,8.5736,9519
2015-02-27,8.65,8.65,8.65,7.89,3341
2015-03-02,8.65,8.55,8.65,8.55,7822
2015-03-03,8.61,8.64,8.64,8.52,1040
2015-03-04,8.36,8.68,8.68,7.43,18867
2015-03-05,8.68,8.68,8.68,8.6,2297
2015-03-06,8.68,8.28,8.68,8.28,1418
2015-03-09,8.32,8.68,8.68,8.66,4317
2015-03-10,8.68,8.63,8.68,8.63,1384
2015-03-11,8.62,8.55,8.62,8.5,1565
2015-03-12,8.56,8.68,8.68,8.56,10852
2015-03-13,8.68,8.7,8.7,8.01,14360
2015-03-16,8.1,8.6,8.68,8.05,4287
2015-03-17,8.7,8.68,8.68,8.6,1652
2015-03-18,8.68,8.65,8.7,8.65,7045
2015-03-19,8.25,8.55,8.7,8.25,8601
2015-03-20,8.69,7.75,8.71,7.71,15010
2015-03-23,8.33,8.5,8.59,8.1,4156
2015-03-24,8.58,8.6,8.6,8.0,10059
2015-03-25,8.59,8.65,8.7,8.0,30582
2015-03-26,8.7,8.13,8.7,8.0,3744
2015-03-27,8.53,8.13,8.13,8.13,257
2015-03-30,8.23,8.64,8.64,8.23,377
2015-03-31,8.26,8.0,8.4,8.0,15966
2015-04-01,8.08,8.28,8.28,8.28,725
2015-04-02,8.35,8.3599,8.3599,8.3599,285
2015-04-06,8.11,8.01,8.01,8.0,1192
2015-04-07,8.0,8.49,8.5,8.0,8065
2015-04-08,8.48,8.7,8.7,8.41,6281
2015-04-09,8.5,8.7,8.7,8.5,5471
2015-04-10,8.7,8.71,8.71,8.54,6345
2015-04-13,8.52,8.71,8.71,8.52,10165
2015-04-14,8.7,8.72,8.72,8.68,6170
2015-04-15,8.62,8.72,8.72,8.7,3376
2015-04-16,8.53,8.61,8.72,8.5066,2589
2015-04-17,8.68,8.73,8.73,8.6,4493
2015-04-20,8.7,8.73,8.73,8.7,5070
2015-04-21,8.7,8.7,8.7,8.5001,4957
2015-04-22,8.67,8.19,8.5,7.49,46920
2015-04-23,8.2,8.63,8.67,7.57,17378
2015-04-24,8.6,8.67,8.67,7.9855,7189
2015-04-27,8.65,8.55,8.65,7.8,1850
2015-04-28,8.5,8.55,8.55,8.5,6955
2015-04-29,8.23,8.55,8.55,8.0,6015
2015-04-30,8.55,8.55,8.55,8.53,2474
2015-05-01,8.21,8.37,8.55,7.845,3123
2015-05-04,8.37,8.33,8.65,7.8501,15831
2015-05-05,8.22,8.59,8.65,8.46,1820
2015-05-06,7.93,8.41,8.6,7.93,8598
2015-05-07,8.27,8.48,8.55,8.27,7833
2015-05-08,8.51,8.54,8.54,8.5,3260
2015-05-11,8.4,8.6,8.65,8.54,8602
2015-05-12,8.15,8.65,8.65,7.5,6748
2015-05-13,8.62,8.67,8.67,8.62,19743
2015-05-14,8.58,8.6,8.6,8.05,11366
2015-05-15,8.37,8.45,8.58,8.12,16927
2015-05-18,8.49,8.64,8.65,8.4,29225
2015-05-19,8.65,8.66,8.67,8.35,38950
2015-05-20,8.65,8.68,8.68,8.6499,27178
2015-05-21,8.65,8.68,8.68,8.5778,19766
2015-05-22,8.5,8.68,8.68,8.5,20370
2015-05-26,8.68,8.67,8.68,8.265,26341
2015-05-27,8.65,8.68,8.68,8.6,23262
2015-05-28,8.68,8.68,8.68,8.51,21042
2015-05-29,8.52,8.68,8.68,8.312,11550
2015-06-01,8.59,8.68,8.68,8.4,37740
2015-06-02,8.65,8.65,8.65,8.21,35958
2015-06-03,8.42,8.68,8.69,8.335,43766
2015-06-04,8.19,8.7,8.7,8.19,23500
2015-06-05,8.4,9.09,9.26,8.4,29904
2015-06-08,8.89,9.0,9.0,8.27,35899
2015-06-09,9.0,8.89,9.0,8.376,15132
2015-06-10,8.71,9.15,9.15,8.52,28422
2015-06-11,9.1,9.07,9.1,8.67,14620
2015-06-12,8.99,9.18,9.2,8.66,39804
2015-06-15,9.15,9.38,9.75,9.0,64977
2015-06-16,9.38,9.3,9.41,9.035,25439
2015-06-17,9.22,8.79,9.3899,8.79,39536
2015-06-18,8.76,9.55,9.55,8.76,56700
2015-06-19,9.4,8.42,9.54,8.42,46499
2015-06-22,8.68,8.37,8.97,8.33,42256
2015-06-23,8.43,7.71,8.8,7.66,58260
2015-06-24,7.55,6.91,7.65,6.91,39085
2015-06-25,7.02,6.78,7.23,5.755,229676
2015-06-26,6.6,6.79,6.85,5.795,2359653
2015-06-29,6.66,6.5,6.7,6.38,60313
2015-06-30,6.33,6.54,6.59,6.21,77324
2015-07-01,6.55,7.2,7.2,6.55,92285
2015-07-02,7.2,7.49,7.5,7.04,199869
2015-07-06,7.24,9.59,9.6,7.08,251677
2015-07-07,9.7,10.14,10.3,9.28,244061
2015-07-08,10.05,11.25,11.7,9.27,253854
2015-07-09,11.45,10.87,19.41,10.61,417738
2015-07-10,11.04,12.2,13.66,11.04,128697
2015-07-13,12.31,7.4,12.31,7.32,294152
2015-07-14,7.39,5.34,7.5,5.16,272554
2015-07-15,5.61,5.56,6.15,5.35,360434
2015-07-16,5.62,5.03,5.84,5.03,117360
2015-07-17,5.01,4.42,5.29,4.33,95388
2015-07-20,4.46,4.63,4.76,3.9492,127539
2015-07-21,4.57,4.52,5.1899,4.5,58518
2015-07-22,4.42,4.58,5.1,4.4,41416
2015-07-23,4.58,4.6,5.0,4.45,63886
2015-07-24,4.57,4.75,5.08,4.45,211836
2015-07-27,4.75,4.53,4.845,4.42,46064
2015-07-28,4.46,4.66,4.84,4.46,36996
2015-07-29,4.5408,4.8,5.3,4.53,123835
2015-07-30,4.68,4.61,4.83,4.44,42847
2015-07-31,4.59,4.5,4.59,4.46,23932
2015-08-03,4.48,4.5,4.56,4.228,29401
2015-08-04,5.04,4.56,5.04,4.52,5553
2015-08-05,4.56,4.86,4.89,4.52,76414
2015-08-06,4.84,4.72,5.02,4.61,56415
2015-08-07,4.66,4.86,5.2,4.66,37384
2015-08-10,4.91,5.1,5.19,4.9,46787
2015-08-11,5.2,5.66,5.67,5.165,51858
2015-08-12,5.64,5.27,6.3,5.11,89991
2015-08-13,5.41,4.3,5.8,4.3,132354
2015-08-14,4.3,3.03,4.7113,2.84,389079
2015-08-17,3.53,2.97,3.6262,2.96,97229
2015-08-18,2.95,2.51,2.95,2.39,104833
2015-08-19,2.29,2.25,2.55,2.25,271893
2015-08-20,2.24,1.95,2.44,1.84,136060
2015-08-21,1.92,1.47,1.92,1.28,389051
2015-08-24,1.41,1.24,1.41,1.2,158305
2015-08-25,1.4,3.44,4.45,1.32,3063746
2015-08-26,3.05,2.89,3.44,2.55,784897
2015-08-27,2.75,2.88,3.35,2.66,293976
2015-08-28,2.65,2.72,2.858,2.51,188960
2015-08-31,2.82,2.41,2.86,2.21,140627
2015-09-01,2.38,2.63,2.799,2.28,170985
2015-09-02,2.65,2.72,2.75,2.63,86418
2015-09-03,2.92,2.78,2.92,2.67,53461
2015-09-04,2.72,2.59,2.72,2.56,43848
2015-09-08,2.62,3.29,3.39,2.59,202927
2015-09-09,3.5,3.0,3.5,2.84,89843
2015-09-10,2.98,2.9,2.99,2.825,40531
2015-10-28,2.9,2.9,2.9,2.88,2000
2016-03-29,1.1,1.0,2.75,1.0,142698
2016-03-30,1.0,0.5,0.95,0.25,709640
2016-03-31,0.5,0.3,0.5,0.25,296675
2016-04-01,0.2,0.21,0.3,0.18,78265
2016-04-04,0.2,0.25,0.25,0.12,188606
2016-04-05,0.2,0.18,0.2,0.18,158054
2016-04-06,0.16,0.18,0.2,0.1,88167
2016-04-07,0.18,0.15,0.22,0.15,56821
2016-04-08,0.15,0.12,0.18,0.12,484855
2016-04-11,0.12,0.12,0.12,0.12,59686
2016-04-12,0.15,0.23,0.25,0.12,130247
2016-04-13,0.23,0.25,0.25,0.23,16504
2016-04-14,0.21,0.21,0.24,0.21,21135
2016-04-15,0.21,0.21,0.21,0.21,398
2016-04-18,0.3,0.27,0.3005,0.155,43025
2016-04-19,0.27,0.3,0.3,0.15,41194
2016-04-20,0.31,0.18,0.31,0.18,6225
2016-04-21,0.18,0.18,0.18,0.18,0
2016-04-22,0.2,0.3,0.3,0.2,4457
2016-04-25,0.25,0.15,0.26,0.15,3610
2016-04-26,0.18,0.2,0.24,0.18,42079
2016-04-27,0.2,0.23,0.23,0.19,73630
2016-04-28,0.23,0.17,0.23,0.17,13100
2016-04-29,0.17,0.16,0.17,0.15,36549
2016-05-02,0.2,0.2,0.2,0.2,2000
2016-05-03,0.2,0.2,0.2,0.2,216
2016-05-04,0.2,0.2,0.2,0.2,0
2016-05-05,0.2,0.25,0.25,0.151,29312
2016-05-06,0.25,0.25,0.25,0.25,150
2016-05-09,0.25,0.25,0.25,0.25,0
2016-05-10,0.25,0.25,0.25,0.25,0
2016-05-11,0.25,0.25,0.25,0.16,3643
2016-05-12,0.25,0.27,0.27,0.16,100059
2016-05-13,0.25,0.15,0.25,0.15,820
2016-05-16,0.15,0.15,0.15,0.15,10
2016-05-17,0.24,0.3,0.3,0.24,2613
2016-05-18,0.25,0.25,0.25,0.25,265
2016-05-19,0.25,0.25,0.25,0.25,0
2016-05-20,0.15,0.15,0.15,0.15,180
2016-05-23,0.15,0.15,0.15,0.15,1610
2016-05-24,0.15,0.15,0.15,0.15,0
2016-05-25,0.172,0.172,0.172,0.172,215
2016-05-26,0.15,0.15,0.15,0.15,313
2016-05-27,0.15,0.15,0.15,0.15,0
2016-05-31,0.15,0.15,0.15,0.15,200
2016-06-01,0.19,0.19,0.19,0.19,1452
2016-06-02,0.19,0.19,0.19,0.19,0
2016-06-03,0.19,0.19,0.19,0.19,0
2016-06-06,0.19,0.19,0.19,0.19,400
2016-06-07,0.25,0.15,0.25,0.15,602
2016-06-09,0.165,0.165,0.165,0.165,2201
2016-06-10,0.15,0.15,0.15,0.15,265
2016-06-13,0.15,0.2,0.2,0.15,7662
2016-06-14,0.16,0.15,0.16,0.15,13779
2016-06-15,0.15,0.15,0.15,0.15,0
2016-06-16,0.15,0.15,0.15,0.15,0
2016-06-17,0.162,0.162,0.162,0.162,1998
2016-06-21,0.2,0.2,0.2,0.2,1006
2016-06-22,0.2,0.2,0.2,0.2,0
2016-06-23,0.2,0.2,0.2,0.2,0
2016-06-24,0.2,0.2,0.2,0.2,0
2016-06-27,0.15,0.15,0.15,0.15,215
2016-06-28,0.15,0.15,0.15,0.15,0
2016-06-29,0.15,0.15,0.15,0.15,0
2016-06-30,0.15,0.15,0.15,0.15,1450
2016-07-01,0.15,0.15,0.15,0.15,0
2016-07-05,0.15,0.15,0.15,0.15,1000
2016-07-06,0.15,0.15,0.15,0.15,350
2016-07-07,0.15,0.15,0.15,0.15,0
2016-07-08,0.15,0.2,0.2,0.15,391
2016-07-11,0.15,0.15,0.15,0.15,154
2016-07-12,0.15,0.15,0.15,0.15,0
2016-07-13,0.15,0.15,0.15,0.15,0
2016-07-14,0.15,0.15,0.15,0.15,0
2016-07-15,0.15,0.15,0.15,0.15,0
2016-07-18,0.15,0.15,0.15,0.15,0
2016-07-19,0.16,0.16,0.16,0.16,5000
2016-07-20,0.15,0.2,0.2,0.15,5153
2016-07-21,0.2,0.2,0.2,0.2,0
2016-07-22,0.2,0.12,0.2,0.12,2470
2016-07-25,0.1,0.1,0.15,0.1,22956
2016-07-26,0.1,0.1,0.1,0.1,600
2016-07-27,0.1,0.1,0.1,0.1,0
2016-07-28,0.1,0.1,0.1,0.1,0
2016-07-29,0.2,0.2,0.2,0.2,3000
2016-08-01,0.1,0.1,0.1,0.1,500
2016-08-02,0.1,0.1,0.1,0.1,0
2016-08-03,0.1,0.1,0.1,0.1,0
2016-08-04,0.1,0.1,0.1,0.1,0
2016-08-05,0.1,0.1,0.1,0.1,0
2016-08-09,0.12,0.12,0.12,0.12,800
2016-08-10,0.12,0.12,0.2,0.12,8165
2016-08-15,0.12,0.12,0.12,0.12,2333
2016-08-16,0.2,0.2,0.2,0.2,7000
2016-08-24,0.1,0.1,0.1,0.1,8034
2016-08-29,0.25,0.25,0.25,0.25,1466
2016-08-30,0.2,0.2,0.2,0.2,4391
2016-08-31,0.1,0.1,0.1,0.1,4269
2016-09-06,0.1899,0.1899,0.1899,0.1899,3263
2016-09-07,0.1,0.2,0.2,0.1,1618
2016-09-12,0.2,0.2,0.2,0.2,2247
2016-09-13,0.1,0.1,0.1,0.1,1000
2016-09-14,0.12,0.1,0.12,0.1,14563
2016-09-26,0.08,0.08,0.08,0.08,1800
2016-09-30,0.05,0.05,0.05,0.05,3000
2016-10-04,0.06,0.06,0.06,0.06,105
2016-10-05,0.04,0.04,0.04,0.04,316
2016-10-06,0.04,0.04,0.04,0.04,155
2016-10-07,0.04,0.04,0.04,0.04,1000
2016-10-11,0.08,0.065,0.08,0.065,26937
2016-10-13,0.04,0.04,0.04,0.04,500
2016-10-14,0.04,0.04,0.04,0.04,100
2016-10-17,0.06,0.03,0.06,0.03,5310
2016-10-18,0.03,0.03,0.03,0.03,329
2016-10-21,0.01,0.01,0.01,0.01,200
2016-10-24,0.07,0.07,0.07,0.07,2488
2016-10-25,0.05,0.05,0.05,0.05,242
2016-10-28,0.08,0.08,0.08,0.08,877
2016-11-01,0.08,0.08,0.08,0.08,1569
2016-11-04,0.0802,0.1,0.1,0.0802,450
2016-11-09,0.012,0.0802,0.0802,0.012,397
2016-11-22,0.08,0.08,0.08,0.08,931
2016-11-30,0.09,0.09,0.09,0.09,1000
2016-12-01,0.05,0.015,0.05,0.015,31033
2016-12-02,0.01,0.01,0.01,0.01,9951
2016-12-06,0.02,0.06,0.06,0.02,8400
2016-12-07,0.01,0.01,0.02,0.01,12412
2016-12-08,0.04,0.04,0.04,0.04,10000
2016-12-14,0.01,0.01,0.01,0.01,3040
2016-12-16,0.011,0.011,0.011,0.011,2000
2016-12-19,1.0E-4,1.0E-4,1.0E-4,1.0E-4,100
2016-12-20,1.0E-4,1.0E-4,1.0E-4,1.0E-4,815
2016-12-22,1.0E-4,1.0E-4,0.01,1.0E-4,9130
2016-12-23,0.01,0.01,0.01,0.01,100
2017-01-13,0.0222,0.018,0.0222,0.018,3500
2017-01-18,0.005,0.005,0.005,0.005,1251
2017-02-21,5.0E-4,5.0E-4,0.05,5.0E-4,7283
2017-02-27,0.04,0.04,0.04,0.04,3900
2017-03-02,0.0401,0.0401,0.0401,0.0401,559
2017-03-07,0.011,0.011,0.011,0.011,800
2017-03-08,0.039,0.045,0.045,0.039,3140
2017-03-10,0.05,0.095,0.095,0.05,27857
2017-03-14,0.095,0.095,0.095,0.095,726
2017-03-21,0.08,0.095,0.095,0.08,1488
2017-03-24,0.0953,0.0953,0.0953,0.0953,550
2017-03-31,0.1,0.1,0.1,0.1,2000
2017-04-03,0.06,0.06,0.06,0.06,1800
2017-04-05,0.06,0.06,0.06,0.06,700
2017-04-10,0.05,0.1,0.1,0.05,14144
2017-04-18,0.1,0.1,0.1,0.1,345
2017-04-19,0.1003,0.1003,0.1003,0.1003,300
2017-04-25,0.1,0.1,0.1,0.1,535
2017-05-02,0.05,0.05,0.05,0.05,1200
2017-05-05,0.005,0.005,0.005,0.005,31221
2017-05-09,0.005,0.005,0.005,0.005,37060
2017-05-18,0.01,0.01,0.01,0.01,120
2017-05-24,0.01,0.01,0.01,0.01,1403
2017-05-30,0.015,0.015,0.015,0.015,325
2017-06-01,0.02,0.02,0.02,0.02,2149
2017-06-05,0.02,0.02,0.02,0.02,300
2017-06-07,0.005,0.005,0.005,0.005,2000
2017-06-15,0.02,0.005,0.02,0.005,4102
2017-07-07,0.02,0.02,0.02,0.02,1058
2017-07-10,0.01,0.01,0.01,0.01,4119
2017-07-11,0.02,0.02,0.02,0.02,1000
2017-07-18,0.01,0.01,0.01,0.01,2504
2017-07-20,0.02,0.02,0.02,0.02,820
2017-07-26,0.015,0.02,0.02,0.015,19908
2017-08-04,0.015,0.015,0.015,0.015,17358
2017-08-07,0.02,0.02,0.02,0.02,1000
2017-08-11,0.02,0.02,0.02,0.02,600
2017-08-14,0.02,0.02,0.02,0.02,250
2017-08-21,0.02,0.02,0.02,0.02,100
2017-08-22,0.02,0.02,0.02,0.02,1180
2017-08-24,0.02,0.02,0.02,0.02,500
2017-09-07,1.0E-4,0.001,0.001,1.0E-4,3146
2017-09-13,0.03,0.03,0.03,0.03,100
2017-09-18,0.03,0.03,0.03,0.03,100
2017-09-28,0.001,0.001,0.001,0.001,9774
2017-10-19,0.002,0.002,0.002,0.002,300
2017-10-24,0.01,0.01,0.01,0.01,1510
2017-11-09,0.002,0.06,0.06,0.05,59077
2017-11-16,0.08,0.09,0.1,0.08,23558
2017-11-21,0.09,0.09,0.09,0.09,32890
2017-11-22,0.002,0.002,0.002,0.002,800
2017-11-29,0.05,0.05,0.05,0.05,500
2017-11-30,0.05,0.05,0.05,0.05,100
2017-12-01,0.06,0.06,0.06,0.06,5000
2017-12-06,0.06,0.02,0.02,0.02,171
2017-12-08,0.06,0.05,0.06,0.06,774
2017-12-15,0.01,0.0599,0.06,0.0599,4550
2017-12-27,0.0599,0.0599,0.0599,0.0599,2000
2018-01-05,0.05,0.05,0.05,0.05,100
2018-01-08,0.02,0.05,0.05,0.05,592
2018-01-12,0.05,0.05,0.05,0.05,420
2018-01-18,0.01,0.01,0.01,0.01,1000
2018-01-29,0.05,0.05,0.05,0.05,300
2018-01-30,0.05,0.05,0.05,0.05,143
2018-02-01,0.02,0.02,0.02,0.02,145
2018-02-06,0.011,0.011,0.011,0.011,4406
2018-02-12,0.05,0.02,0.05,0.02,1657
2018-02-15,0.02,0.02,0.02,0.02,248
2018-02-21,0.02,0.02,0.02,0.02,6000
2018-02-26,0.011,0.01,0.011,0.01,58900
2018-02-27,0.02,0.012,0.02,0.012,9621
2018-03-13,0.005,0.01,0.01,0.005,1209
2018-03-14,0.01,0.011,0.011,0.01,2750
2018-03-21,0.02,0.011,0.02,0.011,600
2018-03-22,0.01,0.01,0.01,0.01,790
2018-04-04,0.01,0.01,0.01,0.01,912
2018-04-06,0.02,0.011,0.02,0.011,4400
2018-04-09,0.021,0.021,0.021,0.021,105
2018-04-17,0.011,0.011,0.011,0.011,275
2018-04-18,0.0021,0.0021,0.0021,0.0021,2000
2018-04-24,0.02,0.02,0.02,0.02,6044
2018-05-04,0.02,0.03,0.03,0.02,16432
2018-05-07,0.0199,0.0199,0.0199,0.0199,12000
2018-05-09,0.02,0.02,0.02,0.02,8397
2018-05-14,0.01,0.002,0.01,0.002,3378
2018-05-16,0.002,0.002,0.002,0.002,17051
2018-05-18,1.0E-4,1.0E-4,1.0E-4,1.0E-4,163
2018-05-31,0.002,0.0021,0.0021,0.002,557
2018-06-14,0.01,0.01,0.01,0.01,602
2018-06-15,0.01,0.01,0.01,0.01,247
2018-06-19,0.01,0.01,0.01,0.01,185
2018-06-20,0.01,0.01,0.01,0.01,8000
2018-07-17,0.02,0.02,0.02,0.02,400
2018-07-18,0.01,0.01,0.01,0.01,421
2018-07-19,0.005,0.001,0.005,0.001,2218
2018-07-20,0.001,0.001,0.001,0.001,783
2018-07-25,0.001,0.001,0.001,0.001,620
2018-08-01,0.005,0.005,0.005,0.005,174
2018-08-08,0.02,0.02,0.02,0.02,260
2018-08-16,0.03,0.03,0.03,0.03,200
2018-08-17,0.005,0.005,0.005,0.005,140
2018-09-25,0.001,0.001,0.001,0.001,700
2018-10-08,0.01,0.01,0.01,0.01,3444
2018-10-17,0.001,0.001,0.001,0.001,1800
2018-10-23,0.001,0.001,0.001,0.001,1000
2018-11-01,0.001,0.001,0.001,0.001,100
2018-11-09,1.0E-4,0.001,0.001,1.0E-4,4457
2019-03-07,0.01,0.01,0.01,0.01,13400
2019-03-18,0.01,0.01,0.01,0.01,700
2019-03-19,0.01,0.01,0.01,0.01,146
2019-03-21,NaN,0.01,0.01,0.01,100
2019-04-08,0.02,0.02,0.02,0.02,200
2019-04-15,1.0E-4,1.0E-4,1.0E-4,1.0E-4,300
2019-04-25,1.0E-4,1.0E-4,1.0E-4,1.0E-4,1000
2019-05-14,1.0E-6,1.0E-6,1.0E-6,1.0E-6,258
2019-06-03,0.01,0.01,0.01,0.01,1200
2019-06-05,NaN,0.01,NaN,NaN,20
2019-06-10,1.0E-4,1.0E-4,1.0E-4,1.0E-4,500
2019-07-31,NaN,1.0E-4,NaN,NaN,5
2019-08-09,0.0011,0.0011,0.0011,0.0011,190
2019-08-12,NaN,0.0011,NaN,NaN,12
2019-08-15,5.0E-4,5.0E-4,5.0E-4,5.0E-4,144
2019-09-17,1.0E-6,1.0E-6,1.0E-6,1.0E-6,1490
2019-09-25,0.005,0.005,0.005,0.005,1170
2019-10-04,0.003,0.003,0.003,0.003,100
2019-10-16,NaN,0.003,NaN,NaN,50
2019-10-30,NaN,0.003,NaN,NaN,12
2019-11-18,0.001,0.001,0.001,0.001,3611
2019-11-19,0.001,0.001,0.001,0.001,702
2019-12-13,0.001,0.001,0.001,0.001,500
2019-12-19,NaN,0.001,NaN,NaN,26
2019-12-31,0.001,0.001,0.001,0.001,22877
2020-01-09,0.001,0.001,0.001,0.001,1240
2020-01-22,0.001,0.001,0.001,0.001,200
2020-02-11,NaN,0.001,NaN,NaN,25
2020-02-27,0.001,0.001,0.001,0.001,1000
2020-03-27,NaN,0.001,NaN,NaN,0
2020-04-06,0.02,0.042,0.042,0.02,13700
2020-04-07,0.005,0.005,0.005,0.005,17954
2020-04-13,NaN,0.005,NaN,NaN,0
2020-04-14,0.01,0.01,0.01,0.01,2000
2020-04-15,0.01,0.01,0.01,0.01,200
2020-04-21,0.011,0.0111,0.0111,0.011,1974
2020-04-23,0.012,0.012,0.012,0.012,135
2020-04-27,0.012,0.012,0.012,0.012,10002
2020-04-28,NaN,0.012,NaN,NaN,14
2020-04-29,0.012,0.012,0.012,0.012,1015
2020-04-30,0.012,0.012,0.012,0.012,126
2020-05-01,0.012,0.012,0.012,0.012,265
2020-05-04,NaN,0.012,NaN,NaN,1
2020-05-05,0.012,0.012,0.012,0.012,3600
2020-05-06,0.05,0.013,0.05,0.013,5605
2020-05-07,NaN,0.013,NaN,NaN,85
2020-05-08,0.0425,0.0425,0.0425,0.0278,11700
2020-05-11,0.04,0.04,0.0425,0.04,16644
2020-05-13,0.04,0.04,0.04,0.04,25000
2020-05-18,0.5275,0.022,0.99,0.02,10562
2020-05-19,NaN,0.022,NaN,NaN,1
2020-05-20,0.022,0.015,0.022,0.015,12185
2020-05-21,NaN,0.015,NaN,NaN,70
2020-05-22,NaN,0.015,NaN,NaN,0
2020-05-26,0.015,0.015,0.015,0.015,103
2020-05-27,0.016,0.016,0.016,0.016,125
2020-05-28,NaN,0.016,NaN,NaN,21
2020-05-29,NaN,0.016,NaN,NaN,0
2020-06-01,0.0016,0.01,0.01,0.0016,5200
2020-06-02,NaN,0.01,NaN,NaN,3
2020-06-03,NaN,0.01,NaN,NaN,8
2020-06-04,NaN,0.01,NaN,NaN,20
2020-06-05,0.0017,0.0017,0.0017,0.0017,684
2020-06-08,0.0017,0.0017,0.0017,0.0017,250
2020-06-09,0.0031,0.0031,0.0031,0.0031,3025
2020-06-10,0.0036,0.0036,0.0036,0.0036,250
2020-06-11,NaN,0.0036,NaN,NaN,7
2020-06-16,NaN,0.0036,NaN,NaN,15
2020-06-18,NaN,0.0036,NaN,NaN,20
2020-06-19,NaN,0.0036,NaN,NaN,0
2020-06-22,0.01,0.01,0.01,0.01,296
2020-06-24,NaN,0.01,NaN,NaN,1
2020-06-25,NaN,0.01,NaN,NaN,1
2020-06-29,NaN,0.01,NaN,NaN,44
2020-07-01,NaN,0.01,NaN,NaN,40
2020-07-06,0.5,0.02,0.5,0.02,1711
2020-07-08,0.0061,0.0061,0.0061,0.0061,1243
2020-07-09,0.01,0.01,0.01,0.01,200
2020-07-10,NaN,0.01,NaN,NaN,0
2020-07-16,0.0061,0.0061,0.0061,0.0061,206
2020-07-20,0.49,0.02,0.49,0.02,2100
2020-07-22,0.02,0.02,0.02,0.02,11600
2020-07-23,0.02,0.02,0.02,0.02,784
2020-07-28,0.0075,0.0075,0.0075,0.0075,200
2020-07-31,0.0075,0.0075,0.0075,0.0075,150
2020-08-03,NaN,0.0075,NaN,NaN,30
2020-08-04,NaN,0.0075,NaN,NaN,10
2020-08-07,0.0075,0.0075,0.0075,0.0075,6100
2020-08-11,0.0075,0.0075,0.0075,0.0075,1075
2020-08-17,0.0076,0.0076,0.0076,0.0076,1150
2020-08-21,0.0077,0.0077,0.0077,0.0077,6650
2020-08-25,0.02,0.04,0.04,0.02,2800
2020-08-28,0.45,0.011,0.45,0.011,1035
2020-09-01,0.011,0.035,0.035,0.011,567
2020-09-08,0.4,0.015,0.4,0.0115,4819
2020-09-11,0.0075,0.0075,0.0075,0.0075,218
2020-09-18,NaN,0.0075,NaN,NaN,0
2020-09-21,0.02,0.02,0.02,0.02,1011
2020-09-22,NaN,0.02,NaN,NaN,1
2020-09-23,NaN,0.02,NaN,NaN,59
2020-10-08,NaN,0.02,NaN,NaN,30
2020-10-09,NaN,0.02,NaN,NaN,0
2020-10-12,0.0075,0.0075,0.0075,0.0075,400
2020-10-16,0.1,0.1,0.1,0.1,644
2020-10-19,0.1,0.2,0.2,0.1,1074
2020-10-20,0.2,0.0031,0.2,0.0031,27500
2020-10-21,0.2,0.16,0.2,0.16,1325
2020-10-22,0.02,0.1876,0.1876,0.02,5600
2020-10-23,0.03,0.03,0.03,0.03,585
2020-10-26,0.0106,0.0106,0.0106,0.0106,1325
2020-10-27,0.025,0.0199,0.025,0.0199,7000
2020-10-30,NaN,0.0199,NaN,NaN,50
2020-11-02,0.02005,0.02005,0.02005,0.02005,101
2020-11-03,0.0103,0.0103,0.0103,0.0103,7543
2020-11-04,0.02015,0.02015,0.02015,0.02015,200
2020-11-05,0.19,0.0113,0.19,0.011,8589
2020-11-13,NaN,0.0113,NaN,NaN,0
2020-11-23,NaN,0.0113,NaN,NaN,1
2020-11-24,0.0223,0.0223,0.0223,0.0223,1000
2020-11-25,0.145,0.0242,0.145,0.0242,1200
2020-12-01,0.19,0.025,0.19,0.025,11573
2020-12-02,0.17,0.18,0.18,0.17,2600
2020-12-03,0.18,0.025,0.18,0.025,2200
2020-12-04,0.0261,0.0261,0.0261,0.0261,325
2020-12-07,0.17,0.0261,0.17,0.0261,6424
2020-12-08,0.18,0.0261,0.18,0.0261,12313
2020-12-09,0.0273,0.0273,0.0273,0.0273,1390
2020-12-14,0.17,0.14,0.17,0.1,8730
2020-12-15,0.17,0.17,0.17,0.16,2318
2020-12-16,0.0511,0.05,0.0511,0.05,12150
2020-12-17,0.05,0.051,0.051,0.05,2617
2020-12-18,NaN,0.051,NaN,NaN,0
2020-12-21,0.051,0.051,0.051,0.051,39845
2020-12-23,0.0261,0.16,0.16,0.0261,2183
2020-12-28,0.16,0.0264,0.16,0.0264,14051
2020-12-30,0.0265,0.027,0.027,0.0265,1689
2020-12-31,0.16,0.15,0.16,0.15,64215
2021-01-04,0.15,0.15,0.15,0.04,3526
2021-01-05,0.15,0.14,0.15,0.14,767
2021-01-06,0.15,0.15,0.15,0.15,1521
2021-01-07,0.053,0.053,0.053,0.053,510
2021-01-08,0.12,0.12,0.12,0.12,147
2021-01-12,0.15,0.15,0.15,0.15,708
2021-01-13,0.15,0.15,0.15,0.03,5530
2021-01-15,0.15,0.0312,0.15,0.0312,1500
2021-01-19,0.15,0.15,0.15,0.05,4900
2021-01-20,0.1,0.1,0.1,0.09,3310
2021-01-21,0.1,0.03,0.1,0.03,8307
2021-01-22,0.1,0.0401,0.15,0.04,4405
2021-01-26,0.1,0.0415,0.15,0.0415,2885
2021-01-27,0.15,0.05,0.15,0.0415,9835
2021-01-28,0.0551,0.0551,0.145,0.0551,1514
2021-01-29,0.1,0.15,0.15,0.1,21640
2021-02-01,0.06805,0.06,0.2468,0.05,3736
2021-02-02,NaN,0.06,NaN,NaN,1364
2021-02-03,0.15,0.14,0.15,0.06,7450
2021-02-04,0.15,0.11,0.15,0.11,10015
2021-02-05,0.11,0.11,0.15,0.0601,48676
2021-02-08,0.15,0.14,0.15,0.13,19027
2021-02-09,0.0625,0.14,0.15,0.0625,11320
2021-02-10,0.15,0.12,0.15,0.12,604
2021-02-11,0.1,0.15,0.15,0.1,9760
2021-02-12,0.15,0.12,0.15,0.11,3280
2021-02-16,0.0815,0.0651,0.1,0.0651,1300
2021-02-17,0.0652,0.0652,0.0652,0.0652,1000
2021-02-18,0.07,0.15,0.15,0.07,12110
2021-02-19,0.06,0.15,0.15,0.06,12570
2021-02-22,0.14,0.14,0.14,0.0722,7226
2021-02-23,0.14,0.14,0.14,0.14,1140
2021-02-24,0.13,0.12995,0.13,0.12995,1030
2021-02-25,0.13,0.13,0.13,0.13,340
2021-02-26,0.13,0.1229,0.13,0.08,2026
2021-03-01,0.08,0.1229,0.1229,0.08,1122
2021-03-02,0.12,0.12,0.12,0.12,740
2021-03-03,0.045,0.09,0.09,0.045,2120
2021-03-04,0.08,0.08,0.08,0.08,500
2021-03-05,0.1,0.08,0.1,0.08,614
2021-03-08,0.17985,0.1329,0.17985,0.1129,5733
2021-03-09,0.18985,0.0961,0.23,0.0961,2300
2021-03-12,NaN,0.0961,NaN,NaN,0
2021-03-16,0.01,0.1289,0.19,0.01,10380
2021-03-17,0.134,0.1,0.134,0.08,2054
2021-03-18,0.178,0.13,0.178,0.08,26786
2021-03-19,0.13,0.14,0.178,0.13,6050
2021-03-22,0.14,0.17,0.17,0.14,9629
2021-03-23,0.08,0.17,0.17,0.08,10982
2021-03-24,0.17,0.17,0.17,0.05,6020
2021-03-25,0.09,0.0522,0.17,0.0522,10806
2021-03-26,0.0754,0.0722,0.0754,0.0722,2342
2021-03-29,0.945,0.0751,0.945,0.0751,6649
2021-03-30,0.03215,0.1,0.1,0.03215,22900
2021-03-31,0.0999,0.0999,0.0999,0.0999,100
2021-04-01,0.0999,0.0999,0.0999,0.0999,100
2021-04-05,0.17,0.16,0.17,0.12,11350
2021-04-06,0.12,0.12,0.12,0.12,5578
2021-04-07,0.12,0.12,0.12,0.12,2630
2021-04-08,0.12,0.12,0.12,0.12,3000
2021-04-09,0.12,0.12,0.12,0.12,500
2021-04-12,0.11,0.1455,0.17,0.11,7435
2021-04-13,0.5125,0.14,0.5125,0.11,7440
2021-04-14,0.17,0.11,0.17,0.11,2118
2021-04-15,0.11,0.17,0.17,0.11,4500
2021-04-16,0.17,0.12,0.17,0.12,3800
2021-04-19,0.12,0.12,0.12,0.12,10252
2021-04-20,0.16,0.15,0.16,0.15,841
2021-04-21,0.12,0.12,0.12,0.12,770
2021-04-22,NaN,0.12,NaN,NaN,18
2021-04-23,0.01,0.12,0.12,0.01,1051
2021-04-26,0.13,0.13,0.13,0.13,361
2021-04-27,0.12,0.12,0.12,0.12,9666
2021-04-28,0.12,0.16,0.16,0.12,12400
2021-04-29,0.17,0.16,0.17,0.16,11595
2021-05-03,0.16,0.16,0.16,0.12,7428
2021-05-04,0.205,0.16,0.205,0.16,650
2021-05-05,0.16,0.16,0.16,0.16,1000
2021-05-06,0.1211,0.16,0.16,0.12,6511
2021-05-07,0.12,0.1491,0.1491,0.12,350
2021-05-10,NaN,0.1491,NaN,NaN,10
2021-05-11,0.14,0.12,0.14,0.12,12238
2021-05-13,0.125,0.125,0.125,0.125,208
2021-05-17,0.125,0.125,0.125,0.125,1040
2021-05-18,0.12,0.12,0.12,0.12,2810
2021-05-20,0.14,0.12,0.14,0.12,8822
2021-05-25,0.13,0.0561,0.13,0.0561,25100
2021-05-28,0.065,0.065,0.065,0.065,15000
2021-06-01,NaN,0.065,NaN,NaN,20
2021-06-02,0.08,0.08,0.08,0.08,4990
2021-06-03,0.4619,0.0988,0.4619,0.0988,300
2021-06-04,0.1493,0.08,0.1493,0.08,227
2021-06-07,0.13965,0.13965,0.13965,0.13965,100
2021-06-08,0.08,0.0601,0.08,0.0601,1391
2021-06-09,0.149,0.12325,0.14995,0.12,10555
2021-06-10,0.14,0.12,0.14,0.0731,2400
2021-06-11,0.08,0.0726,0.08,0.0726,4654
2021-06-14,0.25,0.1399,0.25,0.13,2955
2021-06-15,0.08,0.08,0.08,0.08,1930
2021-06-16,0.1,0.139,0.139,0.1,6374
2021-06-17,0.07,0.1599,0.1599,0.07,4108
2021-06-18,0.0875,0.081,0.0875,0.081,4438
2021-06-21,0.081,0.081,0.081,0.081,600
2021-06-22,NaN,0.081,NaN,NaN,2
2021-06-24,0.145,0.08,0.145,0.08,5650
2021-06-28,0.1289,0.1289,0.1289,0.1289,100
2021-07-01,0.14445,0.1289,0.14445,0.0753,5600
2021-07-02,0.1443,0.1443,0.1443,0.1443,300
2021-07-06,0.1366,0.14,0.14215,0.1366,2096
2021-07-07,NaN,0.14,NaN,NaN,72
2021-07-08,0.0753,0.14,0.14,0.0753,1190
2021-07-09,0.1399,0.1399,0.1399,0.1399,375
2021-07-12,NaN,0.1399,NaN,NaN,85
2021-07-13,0.13,0.08,0.13,0.08,900
2021-07-14,0.0765,0.0765,0.1299,0.0765,11850
2021-07-16,0.08,0.08,0.08,0.08,10040
2021-07-19,0.084525,0.084525,0.084525,0.084525,3971
2021-07-20,NaN,0.084525,NaN,NaN,36
2021-07-21,0.07005,0.111,0.111,0.07005,600
2021-07-22,0.1299,0.11495,0.1299,0.11495,410
2021-07-23,0.11495,0.11495,0.11495,0.11495,100
2021-07-26,0.0335,0.0335,0.0335,0.0335,1130
2021-07-27,0.12,0.12,0.12,0.12,100
2021-07-28,0.10995,0.10995,0.10995,0.10995,271
2021-07-30,0.1049,0.1049,0.1049,0.1049,150
2021-08-02,0.1,0.1,0.1,0.1,590
2021-08-04,0.06,0.06,0.06,0.06,1844
2021-08-05,0.06,0.06,0.06,0.06,125
2021-08-09,0.165,0.02,0.165,0.02,80356
2021-08-10,0.15435,0.12615,0.15435,0.12615,1100
2021-08-11,0.2014,0.12,0.2014,0.12,4925
2021-08-13,0.1599,0.0999,0.1599,0.0999,1128
2021-08-16,0.0401,0.0401,0.0401,0.0401,400
2021-08-17,0.12995,0.04025,0.1597,0.04025,15049
2021-08-18,0.1599,0.0401,0.1599,0.0401,21460
2021-08-19,0.0404,0.0404,0.0404,0.0404,2500
2021-08-20,0.045,0.045,0.045,0.045,157
2021-08-23,NaN,0.045,NaN,NaN,10
2021-08-24,0.0425,0.0425,0.0425,0.0425,1035
2021-08-25,0.0425,0.0425,0.0425,0.0425,219
2021-08-26,0.1517,0.15175,0.15175,0.1517,1000
2021-08-27,0.155,0.14935,0.155,0.1386,19150
2021-08-30,0.1499,0.149,0.1499,0.149,1420
2021-08-31,0.045,0.045,0.045,0.045,344
2021-09-01,0.145,0.055,0.145,0.055,1033
2021-09-09,0.059985,0.059985,0.059985,0.059985,2899
2021-09-13,0.045,0.045,0.045,0.045,3120
2021-09-16,0.045,0.045,0.045,0.045,9060
2021-09-20,0.0306,0.0306,0.0306,0.0306,1751
2021-10-04,1.0E-4,1.0E-4,1.0E-4,1.0E-4,826
2022-08-05,1.0E-6,1.0E-6,1.0E-6,1.0E-6,1200
2024-06-03,25.0,25.0164,25.08,24.92,263198
2024-06-04,25.02,25.035,25.07,24.975,24740
2024-06-05,25.13,25.19,25.2,25.0876,25800
2024-06-06,25.1923,25.1801,25.28,25.1396,6075894
2024-06-07,25.3,25.1701,25.3,25.1372,21690
2024-06-10,25.1799,25.1856,25.23,25.13,31758
2024-06-11,25.1395,25.2273,25.25,25.1395,36476
2024-06-12,25.2,25.3486,25.4139,25.2,45234
2024-06-13,25.41,25.374,25.41,25.28,25755
2024-06-14,25.325,25.3409,25.38,25.261,28350
2024-06-17,25.35,25.47,25.48,25.35,28886
2024-06-18,25.48,25.465,25.49,25.43,17257
2024-06-20,25.54,25.4577,25.54,25.4001,54079
2024-06-21,25.4782,25.4453,25.52,25.4001,81581
2024-06-24,25.4594,25.42,25.64,25.41,22640
2024-06-25,25.405,25.466,25.525,25.3901,21736
2024-06-26,25.29,25.4915,25.62,25.29,33850
2024-06-27,25.37,25.4802,25.56,25.37,17519
2024-06-28,25.535,25.4742,25.6,25.47,11022
2024-07-01,25.35,25.5465,25.55,25.35,28616
2024-07-02,25.536,25.57,25.6,25.51,11701
2024-07-03,25.73,25.6259,25.73,25.585,24681
2024-07-05,25.66,25.6787,25.71,25.62,14406
2024-07-08,25.65,25.6853,25.72,25.65,14041
2024-07-09,25.73,25.7093,25.75,25.67,23973
2024-07-10,25.725,25.7815,25.85,25.6901,20314
2024-07-11,25.74,25.7152,25.77,25.6757,23780
2024-07-12,25.7833,25.76,25.8301,25.75,18237
2024-07-15,25.83,25.7877,25.85,25.75,17970
2024-07-16,25.8014,25.8251,25.85,25.78,11250
2024-07-17,25.7001,25.7153,25.8199,25.66,15397
2024-07-18,25.76,25.6471,25.79,25.6206,21053
2024-07-19,25.51,25.5802,25.62,25.51,9861
2024-07-22,25.68,25.7047,25.73,25.68,14054
2024-07-23,25.67,25.6893,25.74,25.67,13839
2024-07-24,25.57,25.46,25.57,25.425,15253
2024-07-25,25.37,25.411,25.526,25.3674,15176
2024-07-26,25.52,25.5109,25.6,25.48,21201
2024-07-29,25.556,25.5633,25.6,25.5,18063
2024-07-30,25.41,25.4969,25.565,25.41,33118
2024-07-31,25.6209,25.6637,25.729,25.58,12368
2024-08-01,25.745,25.475,25.745,25.42,233121
2024-08-02,25.18,25.2442,25.2518,25.16,19901
2024-08-05,24.45,24.79,24.98,24.45,17452
2024-08-06,25.05,25.0393,25.21,24.98,59636
2024-08-07,25.12,24.9116,25.25,24.8801,28196
2024-08-08,25.0,25.1905,25.24,25.0,23697
2024-08-09,25.226,25.2922,25.345,25.1886,81946
2024-08-12,25.31,25.33,25.39,25.26,138654
2024-08-13,25.4028,25.5186,25.5186,25.4028,12901
2024-08-14,25.51,25.6012,25.6034,25.4701,18826
2024-08-15,25.7355,25.7554,25.78,25.7101,21540
2024-08-16,25.731,25.795,25.83,25.731,16983
2024-08-19,25.85,25.8951,25.8951,25.8,13276
2024-08-20,25.95,25.875,25.95,25.8483,14599
2024-08-21,25.8882,25.916,25.9299,25.8601,15472
2024-08-22,25.98,25.84,25.98,25.79,27569
2024-08-23,25.91,25.9784,25.99,25.8801,26188
2024-08-26,25.9201,25.9351,25.96,25.8901,27981
2024-08-27,25.95,25.965,26.0,25.93,58440
2024-08-28,25.91,25.94,25.945,25.86,97100
2024-08-29,25.91,25.9,26.45,25.9,30125
2024-08-30,25.993,26.0305,26.0305,25.94,26914
2024-09-03,25.94,25.77,25.94,25.77,8215
2024-09-04,25.6,25.74,25.83,25.6,56560
2024-09-05,25.795,25.76,25.84,25.6901,18825
2024-09-06,25.7238,25.56,25.87,25.52,35543
2024-09-09,25.62,25.72,25.75,25.62,20892
2024-09-10,25.66,25.73,25.7469,25.62,9388
2024-09-11,25.66,25.86,25.9,25.56,42019
2024-09-12,25.83,25.92,25.98,25.83,25926
2024-09-13,25.95,26.0,26.05,25.95,17765
2024-09-16,25.98,26.02,26.0599,25.97,15373
2024-09-17,26.04,26.05,26.11,26.0001,9469
2024-09-18,26.01,26.01,26.16,26.01,28948
2024-09-19,26.15,26.21,26.23,26.15,31198
2024-09-20,26.16,26.16,26.2099,26.14,20880
2024-09-23,26.19,26.2207,26.25,26.1801,25811
2024-09-24,26.2,26.258,26.27,26.2,20936
2024-09-25,26.21,26.225,26.275,26.2,14487
2024-09-26,26.2678,26.255,26.28,26.22,23423
2024-09-27,26.2757,26.2454,26.31,26.22,25375
2024-09-30,26.21,26.278,26.278,26.21,12242
2024-10-01,26.24,26.18,26.24,26.14,15434
2024-10-02,26.24,26.18,26.24,26.18,22961
2024-10-03,26.1786,26.1849,26.2,26.14,6432207
2024-10-04,26.2481,26.26,26.2918,26.19,5042
2024-10-07,26.27,26.2016,26.27,26.2016,1156
2024-10-08,26.26,26.295,26.295,26.26,640
2024-10-09,26.32,26.3499,26.35,26.305,4204
2024-10-10,26.34,26.3,26.36,26.3,1042
2024-10-11,26.4,26.397,26.4,26.397,152
2024-10-14,26.41,26.4353,26.44,26.41,2371
2024-10-15,26.46,26.4084,26.46,26.4084,114
2024-10-16,26.38,26.41,26.43,26.29,44182
2024-10-17,26.421,26.504,26.504,26.42,302
2024-10-18,26.4501,26.54,26.54,26.45,3798
2024-10-21,26.49,26.4822,26.49,26.4822,169
2024-10-22,26.4824,26.47,26.495,26.47,902
2024-10-23,26.45,26.4269,26.45,26.4,612
2024-10-24,26.43,26.46,26.46,26.43,1043
2024-10-25,26.46,26.42,26.46,26.42,1001
2024-10-28,26.48,26.49,26.49,26.48,104
2024-10-29,26.4775,26.5007,26.53,26.4775,1286
2024-10-30,26.509,26.485,26.509,26.48,519
2024-10-31,26.3673,26.3441,26.3673,26.3441,187
2024-11-01,26.41,26.38,26.43,26.38,2146
2024-11-04,26.38,26.3749,26.39,26.3401,4848
2024-11-05,26.46,26.4863,26.4863,26.46,158
2024-11-06,26.63,26.675,26.675,26.6117,3300
2024-11-07,26.68,26.7047,26.74,26.6774,4406
2024-11-08,26.71,26.73,26.73,26.7033,8085
2024-11-11,26.7325,26.735,26.7794,26.71,7921
2024-11-12,26.68,26.745,26.77,26.68,60399
2024-11-13,26.76,26.7557,26.83,26.73,5394
2024-11-14,26.7643,26.76,26.7996,26.73,20296
2024-11-15,26.7349,26.74,26.77,26.71,9257
2024-11-18,26.73,26.7652,26.81,26.72,18646
2024-11-19,26.7749,26.7749,26.7749,26.7749,0
2024-11-20,26.77,26.7648,26.77,26.73,13076
2024-11-21,26.82,26.7753,28.16,26.75,5831
2024-11-22,26.76,26.7994,26.82,26.76,2231
2024-11-25,26.82,26.7949,26.82,26.77,3617
2024-11-26,26.8195,26.78,26.83,26.77,1183
2024-11-27,26.83,26.8019,26.83,26.7805,30181
2024-11-29,27.0,26.85,27.0,26.781,104042
2024-12-02,26.92,26.8548,26.92,26.8,3160671
2024-12-03,26.9,26.875,26.905,26.7978,30344
2024-12-04,26.92,26.98,26.99,26.88,86690
2024-12-05,26.88,26.9649,27.04,26.88,28790
2024-12-06,26.97,26.9661,27.01,26.8901,30893
2024-12-09,26.88,26.88,26.96,26.8414,15368
2024-12-10,27.15,26.866,27.15,26.78,16797
2024-12-11,26.94,26.95,26.9899,26.88,29781
2024-12-12,26.9081,26.9207,27.01,26.8701,21009
2024-12-13,27.03,26.8854,27.03,26.84,34782
2024-12-16,26.94,26.925,26.97,26.92,14368
2024-12-17,26.8708,26.9024,26.93,26.8301,29959
2024-12-18,26.93,26.5262,26.95,26.5122,22821
2024-12-19,26.575,26.4624,26.59,26.4405,77353
2024-12-20,26.45,26.6159,26.75,26.45,34654
2024-12-23,26.58,26.77,26.77,26.57,16556
2024-12-24,26.84,26.8921,26.9099,26.8327,7050
2024-12-26,26.89,26.9021,26.945,26.87,3713
2024-12-27,26.6801,26.747,26.79,26.655,9536
2024-12-30,26.5375,26.62,26.683,26.525,24662
2024-12-31,26.63,26.5549,26.66,26.52,36935
2025-01-02,26.63,26.5291,26.63,26.4361,53871
2025-01-03,26.78,26.7056,26.78,26.5707,48845
2025-01-06,26.8413,26.73,26.8973,26.72,16760
2025-01-07,26.72,26.6353,26.73,26.604,40312
2025-01-08,26.61,26.6354,26.92,26.55,49580
2025-01-10,26.5,26.4579,26.5499,26.37,28324
2025-01-13,26.41,26.4702,26.51,26.385,8194
2025-01-14,26.5429,26.4466,26.5429,26.3901,31609
2025-01-15,26.725,26.7769,26.7899,26.6803,22547
2025-01-16,26.82,26.7897,26.8799,26.69,19874
2025-01-17,26.83,26.9057,26.9583,26.83,9297
2025-01-21,26.94,27.0734,27.0799,26.89,42113
2025-01-22,27.0501,27.07,27.13,27.0401,21778
2025-01-23,27.049,27.1725,27.23,27.0409,20456
2025-01-24,27.1472,27.107,27.26,27.06,12880
2025-01-27,26.92,26.89,26.92,26.82,14434
2025-01-28,26.92,27.08,27.08,26.91,25298
2025-01-29,27.0,27.0254,27.05,26.93,11203
2025-01-30,26.99,27.03,27.1499,26.94,11996
2025-01-31,27.11,27.0183,27.2195,26.98,18978
2025-02-03,26.76,26.921,26.98,26.72,33306
2025-02-04,26.86,26.98,27.03,26.86,23025
2025-02-05,26.96,27.0564,27.0699,26.77,26923
2025-02-06,27.06,27.1159,27.1299,27.02,30832
2025-02-07,27.1,27.01,27.1195,26.9789,11753
2025-02-10,27.16,27.1,27.16,27.03,23812
2025-02-11,26.97,27.11,27.145,26.97,22248
2025-02-12,26.9646,27.05,27.1,26.9646,18806
2025-02-13,27.085,27.2092,27.21,27.085,8574
2025-02-14,27.2248,27.2148,27.26,27.18,13376
2025-02-18,27.24,27.22,27.26,27.18,14941
2025-02-19,27.23,27.2868,27.34,27.2019,17597
2025-02-20,27.18,27.25,27.26,27.17,13761
2025-02-21,27.19,27.02,27.21,26.9604,34982
2025-02-24,26.96,26.9645,27.115,26.9284,20330
2025-02-25,26.88,26.92,26.97,26.78,55512
2025-02-26,26.99,26.93,27.0192,26.8,13950
2025-02-27,26.83,26.68,26.93,26.65,14313
2025-02-28,26.6201,26.83,27.02,26.6,18510
2025-03-03,26.86,26.62,26.9061,26.5191,12548
2025-03-04,26.61,26.42,26.64,26.3262,41682
2025-03-05,26.455,26.58,26.71,26.385,16263
2025-03-06,26.43,26.33,26.53,26.31,22940
2025-03-07,26.29,26.48,26.58,26.2753,24462
2025-03-10,26.2231,26.06,26.28,25.98,22656
2025-03-11,26.1,26.0366,26.16,25.91,14574
2025-03-12,26.18,26.0943,26.18,25.98,24150
2025-03-13,26.0201,25.9753,26.1,25.8909,22081
2025-03-14,25.98,26.24,26.25,25.98,29401
2025-03-17,26.255,26.31,26.34,26.2,7824
2025-03-18,26.18,26.16,26.2391,26.13,10842
2025-03-19,26.17,26.3,26.4,26.17,15751
2025-03-20,26.19,26.2974,26.37,26.19,27734
2025-03-21,26.2,26.27,26.35,26.1701,27013
2025-03-24,26.48,26.55,26.55,26.39,20589
2025-03-25,26.56,26.49,26.57,26.37,9679
2025-03-26,26.56,26.37,26.56,26.37,8277
2025-03-27,26.32,26.39,26.4999,26.32,11613
2025-03-28,26.3,26.175,26.34,26.13,14541
2025-03-31,25.99,26.225,26.2549,25.99,17869
2025-04-01,26.21,26.28,26.32,26.17,14014
2025-04-02,26.21,26.3247,26.3774,26.21,13652
2025-04-03,25.805,25.68,25.96,25.66,49683
2025-04-04,25.335,24.715,25.335,22.84,65079
2025-04-07,24.06,24.5969,26.34,22.25,140986
2025-04-08,25.15,24.31,25.3429,24.1371,25569
2025-04-09,24.44,25.9418,26.0099,24.0,18763
2025-04-10,25.67,25.236,25.67,24.86,19120
2025-04-11,25.175,25.5496,25.6066,25.101,17965
