2019-07-09,65.6942,65.305,65.6942,65.25,1961
2019-07-10,66.06,65.7355,66.32,65.7208,4325
2019-07-11,66.46,65.7528,66.46,65.56,2508
2019-07-12,65.75,66.345,66.345,65.75,2885
2019-07-15,66.3102,66.335,66.4631,66.2873,2925
2019-07-16,65.96,66.25,66.57,65.82,25795
2019-07-17,66.6,66.3636,66.62,66.28,1114
2019-07-18,66.0658,66.35,66.35,65.83,12193
2019-07-19,66.71,66.585,66.71,66.5194,2602
2019-07-22,66.49,66.545,66.75,66.49,2539
2019-07-23,66.63,67.08,67.08,66.55,1949
2019-07-24,66.98,67.895,67.895,66.98,8499
2019-07-25,67.05,66.235,67.05,66.14,4031
2019-07-26,66.45,66.2525,66.45,66.2,8285
2019-07-29,66.2587,66.41,66.56,66.11,2605
2019-07-30,65.9372,66.37,66.39,65.6,6374
2019-07-31,65.47,65.965,66.58,65.37,6570
2019-08-01,65.98,65.5828,67.325,65.3,9007
2019-08-02,64.56,64.7953,64.8143,64.4401,12601
2019-08-05,63.55,62.43,63.55,62.0,4769
2019-08-06,63.4779,63.5003,63.678,63.1843,5821
2019-08-07,63.3416,64.2244,64.2244,63.3416,2188
2019-08-08,64.9034,65.2821,65.4,64.9034,7058
2019-08-09,64.87,64.4936,64.87,64.4936,887
2019-08-12,63.84,63.415,63.84,62.87,820
2019-08-13,62.97,64.14,64.24,62.79,1405
2019-08-14,62.72,61.78,62.73,61.73,2809
2019-08-15,61.75,61.525,61.75,61.525,490
2019-08-16,61.6545,62.41,62.41,61.6545,8158
2019-08-19,63.41,63.565,63.7,63.3436,2025
2019-08-20,63.34,63.1691,63.49,63.11,3943
2019-08-21,63.63,62.9101,63.63,62.83,1738
2019-08-22,62.8,62.6398,62.8799,62.5679,1409
2019-08-23,62.16,60.96,62.35,60.96,3812
2019-08-26,61.64,61.275,61.64,61.2097,1758
2019-08-27,61.72,61.185,61.73,61.13,2908
2019-08-28,60.29,61.31,61.49,60.29,2514
2019-08-29,61.8999,61.833,61.9,61.4762,5410
2019-08-30,62.4504,62.15,62.4515,62.1332,1840
2019-09-03,61.75,61.25,61.75,61.1,1926
2019-09-04,61.84,62.005,62.05,61.78,3184
2019-09-05,62.81,63.15,63.44,62.81,3234
2019-09-06,62.93,63.46,63.46,62.93,1487
2019-09-09,63.71,63.995,64.295,63.71,2425
2019-09-10,63.76,64.49,64.49,63.654,3084
2019-09-11,65.39,65.7885,65.7885,65.3,4132
2019-09-12,66.08,66.07,66.2261,65.8264,3624
2019-09-13,66.21,66.3019,66.3985,66.21,1037
2019-09-16,65.81,66.07,66.2335,65.81,699
2019-09-17,65.76,66.246,66.31,65.5344,4834
2019-09-18,66.04,66.0,66.2459,65.63,2316
2019-09-19,66.28,66.56,66.68,66.28,3312
2019-09-20,66.3699,65.6647,66.3699,65.5662,4896
2019-09-23,64.0801,65.8551,66.02,64.0801,3534
2019-09-24,65.91,64.65,66.0,64.65,2182
2019-09-25,64.3066,64.76,64.9426,64.1711,4254
2019-09-26,64.83,64.65,64.84,64.6,1360
2019-09-27,64.6011,63.7892,64.6011,63.6261,2063
2019-09-30,63.69,64.005,64.08,63.6,2497
2019-10-01,64.0852,63.045,64.0852,62.96,1592
2019-10-02,62.46,61.915,62.46,61.5001,3185
2019-10-03,61.69,62.0406,62.1001,61.0101,4347
2019-10-04,62.47,63.006,63.006,62.47,4649
2019-10-07,63.0,62.76,63.1049,62.7125,2857
2019-10-08,61.68,61.7481,61.86,61.55,2106
2019-10-09,62.04,62.25,62.3776,61.83,2903
2019-10-10,62.38,62.655,63.1499,62.38,6584
2019-10-11,63.53,64.0359,64.18,63.53,6792
2019-10-14,63.4901,63.7176,63.7176,63.4901,335
2019-10-15,63.82,64.16,64.41,63.82,1659
2019-10-16,63.94,63.875,64.0732,63.6842,2051
2019-10-17,64.46,64.26,64.46,64.06,2671
2019-10-18,64.23,64.1597,64.4054,63.84,3836
2019-10-21,64.71,64.755,64.8363,64.06,872
2019-10-22,64.9701,64.6189,64.9701,64.38,3333
2019-10-23,64.38,64.39,64.42,64.19,720
2019-10-24,65.66,65.41,65.66,65.02,1526
2019-10-25,65.47,66.384,66.384,65.47,1711
2019-10-28,66.67,67.205,67.475,66.67,2500
2019-10-29,66.51,66.8001,67.1565,66.51,2740
2019-10-30,66.67,66.345,66.67,65.994,2508
2019-10-31,66.09,66.1095,66.2,65.9792,1820
2019-11-01,67.79,66.8207,67.79,66.5417,4571
2019-11-04,67.4005,67.7523,67.89,67.4005,2632
2019-11-05,67.49,67.785,67.9235,67.49,2147
2019-11-06,67.28,67.2863,67.41,67.2516,958
2019-11-07,68.0,68.2668,68.912,68.0,4316
2019-11-08,68.25,68.4012,68.4405,68.25,879
2019-11-11,69.0,68.74,69.0,68.684,3897
2019-11-12,69.14,68.5162,69.16,68.4671,3949
2019-11-13,68.52,68.295,68.83,68.295,2010
2019-11-14,68.16,68.33,68.49,68.16,2032
2019-11-15,68.8981,68.985,69.2599,68.871,2057
2019-11-18,69.0356,68.745,69.0356,68.6486,979
2019-11-19,68.8344,69.405,69.62,68.491,2996
2019-11-20,68.94,68.485,68.9427,68.26,2572
2019-11-21,68.62,68.505,68.62,68.4218,702
2019-11-22,68.43,68.2,68.43,67.82,1772
2019-11-25,68.98,69.12,69.28,68.98,1727
2019-11-26,69.365,69.375,69.375,69.365,302
2019-11-27,69.43,69.56,69.5915,69.3518,1948
2019-11-29,69.82,69.49,70.63,69.49,1129
2019-12-02,69.54,69.42,69.9648,69.3569,17894
2019-12-03,69.0473,69.14,69.25,68.64,2946
2019-12-04,69.87,70.0054,70.1979,69.79,2102
2019-12-05,70.1083,69.93,70.11,69.8587,1424
2019-12-06,70.61,70.795,70.99,70.61,734
2019-12-09,70.83,70.73,70.93,70.45,3427
2019-12-10,70.69,70.845,71.0,70.5907,5103
2019-12-11,71.09,71.475,71.66,71.09,1370
2019-12-12,71.76,72.8543,72.9062,71.76,4003
2019-12-13,72.8,72.665,73.54,72.53,3986
2019-12-16,73.47,74.03,74.13,73.47,2238
2019-12-17,74.3378,74.45,74.61,74.2865,5491
2019-12-18,74.4,74.62,74.77,74.2223,1083
2019-12-19,74.7,74.845,75.09,74.5927,5155
2019-12-20,75.58,75.315,75.58,75.22,3195
2019-12-23,76.21,75.54,76.21,75.41,2018
2019-12-24,75.44,75.78,75.78,75.44,1213
2019-12-26,76.12,76.45,76.6,76.05,7005
2019-12-27,76.92,76.41,77.73,76.16,3544
2019-12-30,76.43,75.6559,78.05,75.64,3359
2019-12-31,76.0458,75.8176,76.0458,75.53,3660
2020-01-02,76.7,76.918,76.96,76.315,4258
2020-01-03,76.67,76.54,76.7599,76.33,5595
2020-01-06,76.5,76.45,76.5,75.81,2990
2020-01-07,76.75,77.095,77.265,76.4,5147
2020-01-08,77.18,77.765,77.99,77.0052,2161
2020-01-09,77.92,77.385,77.92,77.1494,3789
2020-01-10,77.42,77.235,77.42,77.0,3790
2020-01-13,77.61,78.3739,78.3739,77.61,1416
2020-01-14,78.76,78.765,79.2028,78.25,10258
2020-01-15,78.55,78.3201,78.6797,78.3201,5966
2020-01-16,78.21,78.615,78.66,78.21,6717
2020-01-17,78.884,79.03,79.28,78.884,1880
2020-01-21,79.45,79.335,79.74,79.1,7955
2020-01-22,80.2,79.6784,80.65,79.6784,7608
2020-01-23,79.7,79.8727,80.02,79.04,8443
2020-01-24,79.98,79.085,81.9,78.8,7656
2020-01-27,77.48,77.45,77.745,76.8582,5633
2020-01-28,78.12,78.4497,78.549,77.91,3347
2020-01-29,79.45,78.76,79.5865,78.6904,3440
2020-01-30,79.45,79.13,79.45,78.49,7087
2020-01-31,79.91,77.57,79.91,77.52,4992
2020-02-03,78.63,80.5897,80.5897,78.63,11251
2020-02-04,85.0,84.6077,86.3796,83.27,29163
2020-02-05,86.1,83.3235,86.1,83.0134,15036
2020-02-06,83.75,83.3177,83.8449,82.38,12944
2020-02-07,83.85,82.2429,83.85,82.035,10971
2020-02-10,84.32,83.2466,84.32,82.5,24137
2020-02-11,83.43,84.63,85.0089,83.43,9588
2020-02-12,84.86,85.1604,85.2215,84.8296,5804
2020-02-13,84.8,85.33,85.87,83.925,12364
2020-02-14,85.74,84.995,85.74,84.62,7358
2020-02-18,85.41,85.4698,86.0,85.0068,7339
2020-02-19,87.39,88.33,88.59,87.39,22694
2020-02-20,88.38,88.15,88.66,87.0,22942
2020-02-21,87.82,87.216,87.82,86.5093,4990
2020-02-24,84.12,83.3,84.12,82.19,10742
2020-02-25,84.73,80.1582,85.58,80.12,6934
2020-02-26,80.02,79.175,81.4578,79.175,24473
2020-02-27,77.3,74.9865,77.9,74.96,15491
2020-02-28,72.1,74.94,74.98,71.83,18087
2020-03-02,75.97,77.7334,77.7334,75.0,7670
2020-03-03,79.55,77.3069,80.2679,77.06,10497
2020-03-04,79.03,79.31,79.3354,77.795,3931
2020-03-05,77.9,77.7355,78.94,77.7355,3036
2020-03-06,75.65,76.0503,76.27,74.759,3365
2020-03-09,68.01,68.05,71.17,65.78,13795
2020-03-10,73.26,71.1282,73.26,68.65,12765
2020-03-11,69.11,66.85,69.99,65.84,9666
2020-03-12,59.77,59.6547,62.17,57.84,60804
2020-03-13,61.11,61.8944,64.31,58.7,9796
2020-03-16,53.6,57.17,58.94,53.0,16715
2020-03-17,55.27,56.7706,57.02,53.54,19184
2020-03-18,53.85,50.8404,53.85,49.81,10995
2020-03-19,51.45,54.9985,55.37,50.52,12790
2020-03-20,56.27,53.5322,56.27,53.51,6916
2020-03-23,51.61,52.4195,53.59,50.965,14902
2020-03-24,53.36,58.9143,58.9143,53.36,12399
2020-03-25,58.97,61.245,62.465,58.9298,7132
2020-03-26,61.72,62.87,62.94,61.455,5795
2020-03-27,59.81,59.39,60.95,56.92,2761
2020-03-30,59.77,60.3581,60.3732,59.0,11889
2020-03-31,60.12,60.38,61.45,59.885,10404
2020-04-01,58.24,56.7528,58.84,56.56,9448
2020-04-02,57.15,57.3714,57.8307,56.38,7500
2020-04-03,58.26,57.0548,58.26,56.5,2588
2020-04-06,59.45,61.578,61.578,59.45,4711
2020-04-07,64.18,62.0638,64.6,62.0,7624
2020-04-08,63.07,64.443,64.443,63.07,5046
2020-04-09,66.7,65.15,66.915,64.844,4321
2020-04-13,65.9,65.1781,65.9,64.05,3221
2020-04-14,67.23,67.5912,68.291,66.84,5434
2020-04-15,65.94,65.2231,65.94,64.8,4963
2020-04-16,65.01,64.715,65.02,63.68,3835
2020-04-17,66.72,67.0978,67.55,66.4859,4072
2020-04-20,65.85,65.8338,66.7,65.18,4107
2020-04-21,64.58,63.26,64.97,63.26,4482
2020-04-22,64.78,65.6635,65.7462,64.67,4057
2020-04-23,65.77,65.7217,66.55,65.7217,2042
2020-04-24,65.9684,66.09,66.09,65.057,3340
2020-04-27,66.89,68.8003,68.8003,66.89,1846
2020-04-28,70.12,69.8302,70.25,69.3,4122
2020-04-29,70.5,73.0774,73.0774,70.5,2250
2020-04-30,72.41,71.0425,72.41,70.73,2332
2020-05-01,69.08,67.5205,69.08,67.05,6932
2020-05-04,66.9,68.27,68.27,66.65,3773
2020-05-05,69.59,68.7211,70.0,68.7211,3805
2020-05-06,69.01,69.125,69.43,69.01,1179
2020-05-07,70.02,70.4206,70.6925,70.02,1246
2020-05-08,70.51,72.1051,72.3999,70.51,4372
2020-05-11,72.06,72.3608,72.3608,71.76,3632
2020-05-12,72.66,70.99,72.915,70.99,3156
2020-05-13,70.14,68.6646,70.9,68.27,5051
2020-05-14,66.87,69.1263,69.1263,66.87,1296
2020-05-15,68.5,69.105,69.2631,68.5,2170
2020-05-18,71.34,73.24,73.49,71.34,6492
2020-05-19,73.52,72.7,73.98,72.7,1783
2020-05-20,74.23,74.0848,74.38,74.08,7747
2020-05-21,74.0,73.3,74.05,72.99,1615
2020-05-22,72.881,73.0093,73.0093,72.88,1092
2020-05-26,75.46,75.7086,76.29,75.44,4622
2020-05-27,76.6304,77.0807,77.0807,75.39,4834
2020-05-28,77.35,76.2586,77.4218,76.2586,3175
2020-05-29,76.34,77.12,77.257,75.953,1735
2020-06-01,76.4,78.429,78.545,76.4,2357
2020-06-02,78.79,79.14,79.3,78.6462,3664
2020-06-03,80.21,81.7322,81.94,78.87,5769
2020-06-04,81.38,81.6211,82.05,81.38,11178
2020-06-05,84.11,83.9085,84.915,83.9085,7178
2020-06-08,84.69,84.8129,84.8129,84.1815,9164
2020-06-09,83.835,84.044,84.23,83.835,1465
2020-06-10,83.1279,83.2207,83.8,83.04,4237
2020-06-11,79.83,78.0293,80.255,78.0293,7843
2020-06-12,80.35,78.8944,80.35,77.4011,3901
2020-06-15,77.0,80.17,80.3078,76.88,2924
2020-06-16,82.17,81.08,82.5921,80.481,34188
2020-06-17,82.0789,80.5505,82.0789,80.5505,3794
2020-06-18,80.59,80.2024,80.6,80.15,5294
2020-06-19,81.575,79.9597,81.575,79.9597,2398
2020-06-22,79.315,80.4598,80.63,79.315,2294
2020-06-23,81.12,80.8707,81.49,80.8707,2191
2020-06-24,79.44,78.7005,79.44,78.47,3420
2020-06-25,78.54,79.4943,79.4943,78.5245,632
2020-06-26,79.36,78.0743,79.36,78.0743,2543
2020-06-29,78.67,79.7627,80.01,78.67,2839
2020-06-30,80.64,81.6639,81.6639,80.62,4601
2020-07-01,81.87,81.8,82.19,81.69,7613
2020-07-02,83.63,83.08,83.8,82.932,3086
2020-07-06,85.02,86.3496,86.3496,85.02,9043
2020-07-07,86.18,85.8311,86.98,85.761,3566
2020-07-08,86.455,87.15,87.15,86.22,3142
2020-07-09,87.72,87.23,88.0553,86.39,5801
2020-07-10,87.68,88.2787,88.2787,86.69,3182
2020-07-13,89.27,87.51,91.5061,87.51,17796
2020-07-14,87.2,89.7382,89.7382,87.2,6900
2020-07-15,91.34,91.9504,91.9504,90.99,3865
2020-07-16,91.6,91.281,91.6144,91.2,2177
2020-07-17,92.2115,92.3941,92.72,91.999,31773
2020-07-20,93.53,94.59,94.59,92.79,4524
2020-07-21,96.16,93.6895,96.16,93.6895,4890
2020-07-22,94.25,94.7826,95.09,94.25,9417
2020-07-23,96.11,94.17,96.11,93.361,13283
2020-07-24,93.22,92.5755,93.22,91.72,3040
2020-07-27,92.6,94.26,94.26,92.6,1400
2020-07-28,94.0,92.6587,94.1526,92.6587,3783
2020-07-29,93.86,93.66,93.86,93.3247,1687
2020-07-30,92.85,93.6128,93.6128,92.635,3835
2020-07-31,93.135,92.7219,93.135,92.19,2480
2020-08-03,94.205,95.3813,95.47,94.12,7755
2020-08-04,94.91,96.3898,96.6599,94.91,2629
2020-08-05,96.845,98.0357,98.0357,96.845,2251
2020-08-06,97.9,98.085,98.085,97.6269,1983
2020-08-07,99.04,98.8066,99.279,98.3551,1670
2020-08-10,99.35,99.2036,99.4,98.89,2969
2020-08-11,100.0,98.729,100.76,98.729,5619
2020-08-12,100.92,101.9817,102.0999,100.18,7320
2020-08-13,102.88,103.0085,103.42,102.81,4189
2020-08-14,103.35,102.4438,103.35,102.35,3194
2020-08-17,103.63,104.24,104.45,103.3,6039
2020-08-18,106.12,104.9903,106.12,104.64,4160
2020-08-19,105.13,104.89,105.4945,104.89,2294
2020-08-20,103.92,104.3411,104.57,103.8144,3996
2020-08-21,103.72,104.9982,105.303,103.72,3699
2020-08-24,107.43,105.88,107.43,105.355,7847
2020-08-25,105.69,106.1779,106.1779,105.401,2412
2020-08-26,106.8945,107.4,107.5664,106.8945,3442
2020-08-27,107.07,106.8427,107.57,106.1585,5265
2020-08-28,108.03,108.1829,108.33,107.4,4418
2020-08-31,108.69,109.4073,109.6,108.23,5634
2020-09-01,109.385,109.5082,110.0,109.2258,4821
2020-09-02,111.38,109.435,111.38,107.99,6021
2020-09-03,109.0,103.7785,109.0,103.1885,9118
2020-09-04,104.71,103.609,104.71,99.3307,5602
2020-09-08,101.0,98.3004,101.0,98.3004,4541
2020-09-09,100.4,101.6785,101.6806,100.4,4831
2020-09-10,102.73,100.5223,102.76,100.5223,2158
2020-09-11,101.5399,100.6138,101.5399,100.0,3303
2020-09-14,102.06,103.8229,103.8229,102.06,1414
2020-09-15,105.0,106.15,106.99,105.0,9169
2020-09-16,107.07,106.59,107.7,106.5,5193
2020-09-17,103.65,104.895,105.06,103.65,4184
2020-09-18,106.02,105.0077,106.02,104.595,1655
2020-09-21,104.35,103.0878,104.35,102.3199,2299
2020-09-22,102.74,103.0,103.0,101.66,4459
2020-09-23,103.17,100.669,103.3245,100.669,6081
2020-09-24,99.61,100.785,101.365,98.5,2989
2020-09-25,100.83,103.46,103.61,100.62,6663
2020-09-28,104.81,106.3031,106.3699,104.81,3655
2020-09-29,106.97,108.45,108.93,106.97,13398
2020-09-30,109.05,109.9637,110.71,109.05,7238
2020-10-01,112.15,113.1756,113.66,112.02,14456
2020-10-02,111.25,111.81,113.415,111.25,13656
2020-10-05,113.2,115.545,115.545,113.2,6991
2020-10-06,115.96,115.165,116.675,114.531,6942
2020-10-07,117.65,119.9431,120.3899,117.65,6389
2020-10-08,120.89,119.3,123.71,119.21,37069
2020-10-09,120.46,121.7167,122.2402,120.46,10459
2020-10-12,122.82,121.8345,122.82,121.0501,11068
2020-10-13,120.92,121.1724,122.0835,118.92,9438
2020-10-14,122.88,123.95,124.66,122.88,7416
2020-10-15,121.96,123.0767,123.0767,121.96,6672
2020-10-16,123.39,122.5836,123.855,122.54,3385
2020-10-19,123.92,122.52,124.26,122.3,10152
2020-10-20,124.34,122.4018,124.34,122.4018,6731
2020-10-21,122.35,118.8531,122.5,118.69,8277
2020-10-22,120.1521,119.51,120.1521,117.3,13319
2020-10-23,120.68,119.54,120.68,118.5864,5870
2020-10-26,118.96,116.6912,118.96,115.12,9919
2020-10-27,117.36,116.27,117.5785,115.916,5741
2020-10-28,114.6,114.3209,115.06,112.9,15038
2020-10-29,115.37,117.7111,117.7605,115.24,7795
2020-10-30,116.65,115.38,116.65,113.98,5179
2020-11-02,117.48,117.5,118.82,116.38,13618
2020-11-03,119.04,120.27,120.48,118.29,11570
2020-11-04,119.96,119.9442,121.17,117.5,8075
2020-11-05,124.27,128.8443,128.98,124.27,37846
2020-11-06,130.0,130.07,130.13,128.64,22152
2020-11-09,143.88,129.7316,143.88,129.56,41017
2020-11-10,129.62,127.28,129.67,126.3501,17405
2020-11-11,129.28,131.804,131.84,129.28,11951
2020-11-12,132.46,131.7643,133.49,130.962,8688
2020-11-13,133.61,131.01,134.27,129.5,22278
2020-11-16,130.78,133.09,133.09,130.78,8229
2020-11-17,134.02,134.56,135.028,132.7312,21100
2020-11-18,134.23,133.57,135.7583,132.7004,9696
2020-11-19,135.31,138.2055,138.456,135.31,17521
2020-11-20,139.49,140.5101,141.9189,139.49,19563
2020-11-23,143.51,144.57,144.7,141.91,23192
2020-11-24,146.83,145.62,146.86,142.36,30702
2020-11-25,145.13,146.9622,147.1799,144.55,15720
2020-11-27,148.84,149.1297,150.93,148.84,18835
2020-11-30,151.37,146.69,151.37,145.65,32515
2020-12-01,148.75,145.5056,148.75,145.0625,14873
2020-12-02,142.96,144.4668,144.98,140.21,20226
2020-12-03,146.08,144.11,146.08,143.895,19635
2020-12-04,145.06,145.0679,145.38,143.805,25414
2020-12-07,145.54,147.1769,147.8055,145.54,18524
2020-12-08,147.46,149.8736,150.66,146.57,20638
2020-12-09,151.05,145.14,151.05,144.06,49469
2020-12-10,144.05,146.43,147.0419,143.26,10105
2020-12-11,145.59,146.5554,147.61,145.385,7547
2020-12-14,147.93,147.0673,147.93,146.205,13230
2020-12-15,148.53,151.6381,151.9699,148.53,15272
2020-12-16,152.78,151.37,152.78,149.79,12963
2020-12-17,153.77,154.63,154.9083,152.548,15322
2020-12-18,155.57,156.0882,158.156,155.32,20820
2020-12-21,158.36,159.1982,160.1583,155.98,35154
2020-12-22,160.69,160.41,161.78,158.95,55050
2020-12-23,162.16,162.4,162.99,161.3389,14723
2020-12-24,163.22,161.6308,163.22,160.81,9977
2020-12-28,165.1,161.63,165.565,161.63,22426
2020-12-29,163.28,160.81,163.28,158.7114,17174
2020-12-30,162.46,164.6,164.6699,162.46,14628
2020-12-31,165.64,165.4805,166.01,164.6001,15878
2021-01-04,170.13,169.375,172.53,167.89,35095
2021-01-05,170.0,171.59,171.7,168.83,22587
2021-01-06,175.0,177.8521,181.6472,175.0,49153
2021-01-07,187.23,187.48,190.28,184.0,78209
2021-01-08,192.87,191.3,193.0421,188.0,46586
2021-01-11,190.55,188.7658,190.55,186.75,33053
2021-01-12,188.89,190.3759,190.81,188.6201,31745
2021-01-13,191.84,190.35,191.84,189.3487,15591
2021-01-14,189.92,189.3772,190.92,189.3772,16850
2021-01-15,187.0,180.13,187.0,179.5813,48698
2021-01-19,184.02,186.4366,186.7254,183.6376,32619
2021-01-20,188.5,186.005,188.5,184.1001,28475
2021-01-21,187.38,189.3688,189.5521,185.4551,21928
2021-01-22,188.74,191.3677,191.5019,188.71,22979
2021-01-25,192.9,191.24,195.55,189.2645,26146
2021-01-26,192.62,189.5481,192.62,187.87,18125
2021-01-27,184.5,179.47,184.5,178.25,41293
2021-01-28,179.66,181.308,182.808,179.11,18466
2021-01-29,180.57,176.5118,182.275,174.48,27486
2021-02-01,180.02,180.64,181.96,176.62,21062
2021-02-02,183.55,182.56,183.7166,181.45,22249
2021-02-03,183.5,183.08,183.855,182.215,13475
2021-02-04,183.08,181.9,183.08,180.8,15717
2021-02-05,183.52,182.59,183.998,181.6,14625
2021-02-08,184.64,185.4,185.569,183.6601,15154
2021-02-09,184.98,186.41,187.2779,184.08,33517
2021-02-10,188.52,183.12,189.63,183.12,20928
2021-02-11,186.14,186.05,187.598,184.8143,14453
2021-02-12,185.52,187.2842,187.7799,184.9753,13235
2021-02-16,190.56,185.7,190.99,185.6201,20445
2021-02-17,185.8,183.54,185.8,180.4039,15880
2021-02-18,179.5,175.75,179.5,175.0,22365
2021-02-19,178.33,179.2649,180.485,178.33,12200
2021-02-22,175.7,169.52,176.335,169.17,19028
2021-02-23,165.06,165.68,166.93,155.07,44632
2021-02-24,167.51,169.8072,169.849,163.092,21366
2021-02-25,168.81,161.67,169.3,160.66,22355
2021-02-26,160.98,163.0274,163.6073,158.26,13892
2021-03-01,166.93,168.83,169.67,166.077,21944
2021-03-02,167.41,162.988,167.41,162.988,12285
2021-03-03,162.99,156.6189,162.99,156.0101,10916
2021-03-04,155.69,148.5,155.69,145.8801,33660
2021-03-05,149.43,147.44,149.43,138.9288,31493
2021-03-08,146.82,142.9792,149.19,142.51,16946
2021-03-09,147.31,153.5308,154.6399,147.31,18628
2021-03-10,157.31,154.1781,159.559,153.4063,12504
2021-03-11,159.81,162.6794,162.6794,158.53,15596
2021-03-12,158.24,161.7676,161.9491,158.24,10681
2021-03-15,160.94,162.3755,162.558,160.94,5540
2021-03-16,161.85,160.1146,162.74,159.644,8199
2021-03-17,156.72,159.2377,161.1199,153.8,10443
2021-03-18,159.99,151.7,159.99,151.63,5919
2021-03-19,153.36,154.8817,155.3758,150.75,6425
2021-03-22,156.55,157.7443,159.22,156.0,9949
2021-03-23,156.47,152.4974,156.47,152.1,5493
2021-03-24,153.04,147.5,153.04,147.5,5836
2021-03-25,145.78,149.1727,149.1727,144.97,10944
2021-03-26,152.07,151.9,152.07,148.1,10255
2021-03-29,151.0,148.3513,151.0,147.6361,7715
2021-03-30,146.2,152.2001,152.7818,146.2,5519
2021-03-31,155.1,157.1512,157.918,155.1,5352
2021-04-01,161.02,159.31,162.47,158.85,9502
2021-04-05,162.0,159.4898,162.0,158.87,9219
2021-04-06,158.44,158.86,160.15,158.44,22835
2021-04-07,157.77,154.3314,157.81,153.63,5256
2021-04-08,155.81,156.0628,157.3227,155.23,16738
2021-04-09,155.65,155.4774,155.66,154.745,7553
2021-04-12,153.95,153.2715,153.95,152.339,8650
2021-04-13,153.97,154.69,155.84,153.1,13218
2021-04-14,156.33,153.5556,156.33,153.17,6532
2021-04-15,155.42,152.06,155.42,150.93,9496
2021-04-16,151.3,154.0,154.3342,151.3,7305
2021-04-19,153.49,151.15,153.5,150.3,8330
2021-04-20,150.79,148.85,150.79,147.78,7575
2021-04-21,147.71,153.3728,153.56,147.71,7115
2021-04-22,155.44,155.152,157.438,154.84,6602
2021-04-23,155.74,159.2511,159.2511,155.74,7885
2021-04-26,160.04,159.77,160.21,158.8329,81184
2021-04-27,160.6,158.5833,160.6,158.5833,4101
2021-04-28,160.8,156.4638,160.8,155.63,4834
2021-04-29,156.3,153.711,156.3,153.1067,7950
2021-04-30,152.62,151.7,152.79,148.95,14822
2021-05-03,151.17,150.2558,152.02,150.0,86609
2021-05-04,147.74,144.95,147.74,144.2686,12056
2021-05-05,146.49,145.5508,146.37,145.36,3216
2021-05-06,144.33,143.31,144.5944,142.01,13157
2021-05-07,144.6,145.695,147.06,144.6,9918
2021-05-10,145.04,141.5294,145.04,141.47,7549
2021-05-11,137.93,140.2157,140.95,137.87,16113
2021-05-12,137.43,136.38,139.95,136.11,13093
2021-05-13,136.63,135.64,138.41,134.07,14012
2021-05-14,136.84,140.25,140.7828,136.84,9984
2021-05-17,138.37,138.93,139.77,138.31,3665
2021-05-18,139.99,141.555,142.5,139.99,3447
2021-05-19,138.68,140.93,141.32,138.6061,11198
2021-05-20,142.04,144.88,145.0,142.04,8763
2021-05-21,145.57,146.0077,146.7498,145.57,4747
2021-05-24,145.7,147.1757,147.56,145.7,3651
2021-05-25,147.75,147.1951,147.75,146.6,11341
2021-05-26,147.23,149.1983,149.505,147.23,3141
2021-05-27,149.43,149.8563,149.8563,149.035,2781
2021-05-28,149.96,150.07,151.33,149.9544,5141
2021-06-01,151.11,151.4077,152.33,150.61,7147
2021-06-02,150.11,149.33,150.11,149.01,10381
2021-06-03,148.92,147.6459,148.92,147.4325,8417
2021-06-04,148.23,149.7236,149.7236,148.23,3620
2021-06-07,148.88,150.445,150.5287,148.88,5786
2021-06-08,150.78,151.64,151.99,150.51,11004
2021-06-09,151.8,150.35,152.67,150.03,6595
2021-06-10,148.83,150.75,151.12,148.81,9613
2021-06-11,151.39,152.5314,152.564,151.39,4375
2021-06-14,153.94,154.3323,154.72,153.08,4988
2021-06-15,154.31,152.9395,154.31,152.9,3967
2021-06-16,152.78,153.43,154.257,152.1301,3311
2021-06-17,153.86,155.3669,155.509,153.79,6876
2021-06-18,154.43,154.1226,154.914,153.21,3559
2021-06-21,154.45,155.2597,155.385,153.28,2677
2021-06-22,154.57,155.4,156.45,153.775,4647
2021-06-23,154.42,155.8908,156.1089,154.42,17242
2021-06-24,156.53,156.9926,157.68,156.53,12821
2021-06-25,157.1,157.5232,158.595,157.1,4707
2021-06-28,157.63,160.8479,160.88,157.63,21493
2021-06-29,162.27,162.39,164.14,161.52,4736
2021-06-30,161.03,161.13,161.49,160.94,4061
2021-07-01,161.94,161.32,163.25,160.6591,5327
2021-07-02,160.85,160.57,160.9,159.27,3972
2021-07-06,160.95,161.0072,161.4202,160.23,4204
2021-07-07,161.99,159.2223,162.125,158.48,4523
2021-07-08,156.92,156.8222,157.0853,153.91,8619
2021-07-09,156.78,157.5932,157.675,156.62,2131
2021-07-12,158.67,160.125,161.0716,158.67,18550
2021-07-13,159.48,158.47,159.69,158.07,4957
2021-07-14,157.88,155.04,157.88,154.76,4061
2021-07-15,153.4,153.01,154.14,152.09,52241
2021-07-16,154.08,152.3771,154.57,152.3692,4622
2021-07-19,151.11,151.0286,151.5899,149.38,13087
2021-07-20,151.41,153.5352,153.84,150.9,9214
2021-07-21,154.47,157.6828,157.6828,154.47,3608
2021-07-22,158.77,157.5553,159.38,157.03,9415
2021-07-23,157.73,155.675,157.73,154.42,3744
2021-07-26,153.73,154.4512,155.98,153.73,19914
2021-07-27,154.09,151.657,154.09,150.4522,3417
2021-07-28,153.85,156.2294,156.2294,153.24,4031
2021-07-29,156.24,157.5,157.61,155.97,3447
2021-07-30,155.8809,157.4624,158.63,155.8809,6297
2021-08-02,158.33,159.46,161.08,158.33,174624
2021-08-03,159.81,160.51,160.68,158.3562,12548
2021-08-04,161.24,161.6143,162.505,160.6,5314
2021-08-05,161.57,161.63,161.9339,161.38,10451
2021-08-06,161.01,159.2062,161.01,159.2062,2638
2021-08-09,158.95,160.9181,161.13,158.95,177062
2021-08-10,161.82,161.1418,162.52,160.8201,4444
2021-08-11,161.67,160.7,161.67,159.9,5194
2021-08-12,160.5,159.8612,160.5,159.39,2466
2021-08-13,160.42,158.76,160.42,158.5234,2169
2021-08-16,157.92,155.907,158.58,155.0185,4374
2021-08-17,154.51,153.6887,155.0,152.7063,9629
2021-08-18,154.15,155.9473,156.8976,154.15,4954
2021-08-19,155.085,154.654,155.515,154.654,3305
2021-08-20,154.96,156.8975,156.9,154.96,3791
2021-08-23,157.61,159.58,159.6341,157.61,1861
2021-08-24,159.17,160.3754,160.65,159.17,3633
2021-08-25,160.05,160.481,160.6799,160.05,2815
2021-08-26,159.84,158.7162,160.02,158.7162,9293
2021-08-27,158.83,159.872,160.26,158.72,2677
2021-08-30,160.57,161.1576,161.22,159.945,1934
2021-08-31,162.04,162.1107,162.268,161.441,4591
2021-09-01,162.5,163.16,163.8145,162.5,2417
2021-09-02,164.0,163.9459,164.784,163.9344,7348
2021-09-03,163.29,162.9357,163.35,162.9357,3359
2021-09-07,163.19,163.3347,163.84,163.19,2684
2021-09-08,163.33,160.2244,163.33,159.98,3543
2021-09-09,159.81,160.28,160.73,159.81,3309
2021-09-10,159.94,157.9061,160.3858,157.9061,5376
2021-09-13,158.68,159.3677,159.4091,158.01,2628
2021-09-14,159.66,159.0699,160.0963,159.0699,2900
2021-09-15,157.65,157.2559,157.65,155.97,6199
2021-09-16,155.95,155.68,155.95,155.18,3015
2021-09-17,155.94,155.5333,155.94,154.5946,1863
2021-09-20,151.85,151.1336,151.93,150.14,8805
2021-09-21,152.33,153.37,153.741,152.33,5545
2021-09-22,153.51,154.57,154.88,153.51,3707
2021-09-23,155.8,155.78,156.44,155.75,3055
2021-09-24,155.0,153.71,155.0,153.28,3861
2021-09-27,154.5499,154.5353,154.85,154.4,3167
2021-09-28,152.51,149.8212,152.51,149.8212,10482
2021-09-29,149.52,149.2742,151.085,149.2742,2631
2021-09-30,149.33,148.99,150.139,148.46,4616
2021-10-01,148.53,148.8,149.7599,148.1448,7750
2021-10-04,148.78,145.6365,148.78,145.068,5765
2021-10-05,146.1,146.65,147.6172,146.1,4214
2021-10-06,145.0,146.6551,146.7,144.56,4046
2021-10-07,147.67,149.9673,150.46,147.67,2811
2021-10-08,149.63,148.3902,149.75,148.3902,3693
2021-10-11,149.0,148.2706,150.034,148.2706,3417
2021-10-12,150.88,151.5501,151.6,150.88,6578
2021-10-13,152.65,156.2642,156.2642,152.65,8623
2021-10-14,158.22,156.66,158.22,155.59,3910
2021-10-15,156.88,158.5211,159.15,156.88,3078
2021-10-18,158.42,160.08,160.08,158.2059,4930
2021-10-19,161.82,162.4475,163.08,161.722,3256
2021-10-20,163.77,163.5318,164.425,163.3237,4716
2021-10-21,164.5,164.57,165.2931,163.815,3301
2021-10-22,165.74,164.3427,165.74,163.612,2585
2021-10-25,164.35,169.28,169.94,164.35,7988
2021-10-26,170.0,168.738,172.06,168.151,5441
2021-10-27,169.91,170.6411,172.0625,169.91,2623
2021-10-28,173.19,176.43,176.43,173.15,3284
2021-10-29,175.5,175.92,175.96,174.17,8725
2021-11-01,175.9,179.4541,179.4541,175.9,20513
2021-11-02,179.76,176.887,179.76,175.54,7270
2021-11-03,175.39,175.6819,175.6819,173.39,4070
2021-11-04,177.82,177.24,177.82,176.0971,11720
2021-11-05,177.17,175.7298,177.17,175.3874,3280
2021-11-08,177.71,177.76,179.38,177.1,18780
2021-11-09,178.76,172.56,179.21,172.49,15855
2021-11-10,172.57,171.2482,173.86,169.62,8837
2021-11-11,171.59,175.3468,175.97,171.59,5229
2021-11-12,176.51,175.2951,176.51,174.42,4649
2021-11-15,177.02,173.1282,177.02,172.4432,4421
2021-11-16,172.58,175.6526,175.68,172.58,11007
2021-11-17,176.72,175.09,176.72,174.86,4539
2021-11-18,175.75,172.99,175.75,171.435,13341
2021-11-19,173.492,175.19,175.19,173.38,11770
2021-11-22,175.0,173.94,178.21,173.025,11658
2021-11-23,173.89,172.72,174.49,170.46,6015
2021-11-24,172.34,173.47,173.56,170.385,5641
2021-11-26,172.79,170.0461,172.79,169.48,8339
2021-11-29,170.95,173.56,173.7372,170.95,2966
2021-11-30,171.79,172.0989,175.57,170.11,10902
2021-12-01,172.78,168.2465,174.25,168.2465,7248
2021-12-02,167.04,166.0626,170.125,165.32,12216
2021-12-03,166.35,159.2608,166.35,159.0,3949
2021-12-06,158.0,160.91,161.73,158.0,15471
2021-12-07,163.0,165.0102,165.56,163.0,6325
2021-12-08,165.86,166.9419,166.9419,164.7305,4514
2021-12-09,167.52,161.8076,167.52,161.4059,5127
2021-12-10,161.23,161.6725,162.67,160.56,7262
2021-12-13,161.85,159.7932,162.07,158.551,6943
2021-12-14,158.88,156.2705,158.88,155.33,24107
2021-12-15,156.03,157.73,158.429,154.32,4607
2021-12-16,158.95,155.6341,159.6101,155.03,8870
2021-12-17,152.572,153.6284,155.73,151.84,11004
2021-12-20,151.0,148.7062,151.67,148.6,18221
2021-12-21,150.21,153.5169,153.5169,150.21,7479
2021-12-22,155.41,155.684,156.0,154.2624,3813
2021-12-23,156.14,157.7051,157.7051,156.059,2252
2021-12-27,158.93,158.0645,158.93,157.781,6977
2021-12-28,158.41,157.1799,158.51,157.1799,4067
2021-12-29,157.6,157.0373,157.6,155.3,11117
2021-12-30,157.02,159.982,161.06,157.02,6240
2021-12-31,159.77,160.1843,160.9,159.77,7176
2022-01-03,161.03,162.9248,163.2551,160.42,4370
2022-01-04,162.59,159.33,162.59,157.92,15551
2022-01-05,158.63,153.7273,158.63,153.7273,5201
2022-01-06,152.25,151.1388,152.69,150.04,7320
2022-01-07,151.14,150.639,152.85,149.855,20729
2022-01-10,148.68,148.7564,148.7564,146.0,12963
2022-01-11,149.15,151.7615,151.7615,149.15,8001
2022-01-12,153.38,154.36,154.62,153.38,5628
2022-01-13,154.44,151.2,156.82,151.2,15811
2022-01-14,147.93,150.4917,151.42,147.93,8740
2022-01-18,148.26,146.914,149.23,146.914,8139
2022-01-19,146.89,145.6503,147.5976,145.6503,2851
2022-01-20,148.17,146.2236,151.3606,146.16,4945
2022-01-21,145.29,142.23,145.54,141.83,5697
2022-01-24,138.19,139.9945,139.9945,134.0,12899
2022-01-25,137.16,135.5383,137.16,134.44,8301
2022-01-26,138.75,134.6556,139.93,134.6556,7688
2022-01-27,136.76,130.0017,136.76,130.0,5381
2022-01-28,128.52,129.5628,129.5628,125.6,5116
2022-01-31,129.76,137.3813,137.4,129.76,6583
2022-02-01,137.84,138.2024,138.2024,137.4049,6559
2022-02-02,140.35,137.4264,140.35,136.8137,7518
2022-02-03,133.89,133.95,136.358,133.4,4700
2022-02-04,133.83,136.1024,136.505,133.83,12213
2022-02-07,136.13,134.6,136.13,134.6,5232
2022-02-08,133.35,134.9919,134.9919,132.91,5052
2022-02-09,138.11,139.893,139.893,138.11,4357
2022-02-10,136.26,136.5013,139.8,136.26,5813
2022-02-11,136.46,132.7459,136.46,131.94,5281
2022-02-14,132.8,132.2988,136.2423,132.0634,7062
2022-02-15,135.6,138.4943,138.55,135.6,7374
2022-02-16,137.52,138.934,138.98,137.2877,2858
2022-02-17,137.73,136.5667,137.77,136.2409,2046
2022-02-18,134.16,133.38,134.6662,132.99,6158
2022-02-22,132.16,129.8216,132.16,128.87,3571
2022-02-23,131.19,127.31,131.96,127.31,4239
2022-02-24,123.43,132.5631,132.5631,123.43,28610
2022-02-25,135.18,136.4888,136.4888,134.8,5910
2022-02-28,137.06,142.5777,143.83,137.06,4015
2022-03-01,141.44,138.35,142.32,137.21,11243
2022-03-02,141.12,138.6659,141.12,137.56,4047
2022-03-03,138.9,132.875,138.9,132.74,3653
2022-03-04,130.37,130.5168,131.23,129.49,6148
2022-03-07,132.24,130.693,134.1399,130.3225,6319
2022-03-08,132.76,135.4112,137.559,132.2658,6769
2022-03-09,137.66,139.4162,140.7725,137.66,9839
2022-03-10,136.01,135.2603,136.01,133.86,4381
2022-03-11,136.99,131.83,136.99,131.83,2909
2022-03-14,128.61,127.3055,130.2529,126.9019,4605
2022-03-15,127.61,129.68,130.47,125.652,12102
2022-03-16,132.39,137.1027,137.1027,132.39,3192
2022-03-17,134.3,137.8783,138.32,134.3,4238
2022-03-18,136.0,140.3562,140.6196,136.0,2991
2022-03-21,140.12,138.63,140.12,137.73,3867
2022-03-22,141.306,142.3681,142.3681,140.98,2526
2022-03-23,140.0,140.6385,141.2499,139.92,2904
2022-03-24,140.2,142.1813,142.1813,140.2,1476
2022-03-25,138.51,139.54,139.54,138.34,7447
2022-03-28,139.75,141.9754,141.9754,139.75,2529
2022-03-29,144.36,145.7797,145.99,144.2534,3882
2022-03-30,147.9,146.0832,148.1601,146.0832,5534
2022-03-31,145.68,145.1369,146.705,145.1369,1653
2022-04-01,145.7,145.8951,147.085,144.64,3594
2022-04-04,146.11,149.99,150.0,146.11,11244
2022-04-05,151.01,147.6132,152.0991,147.447,7079
2022-04-06,145.81,145.2369,146.06,143.49,2401
2022-04-07,143.25,144.0135,144.0135,141.88,3164
2022-04-08,143.74,142.35,143.8027,142.04,1968
2022-04-11,140.58,139.665,140.58,139.635,1354
2022-04-12,140.03,138.2281,140.03,137.57,3136
2022-04-13,140.4565,140.95,140.9776,140.07,2023
2022-04-14,140.36,139.4516,140.36,139.16,4379
2022-04-18,140.14,137.7439,140.14,135.74,4049
2022-04-19,137.82,140.0211,140.0211,137.35,3356
2022-04-20,141.21,137.53,141.21,137.53,7170
2022-04-21,138.68,131.7633,138.68,131.465,5017
2022-04-22,132.39,130.6482,133.7,130.272,3872
2022-04-25,129.75,130.82,131.444,129.49,2592
2022-04-26,129.5,125.05,129.5,125.05,6170
2022-04-27,126.1,127.105,128.7127,126.1,3885
2022-04-28,126.12,128.3702,128.51,125.9,8431
2022-04-29,128.19,126.9801,130.852,126.9801,3069
2022-05-02,125.72,127.0734,127.0734,124.58,5150
2022-05-03,128.88,128.6614,128.88,128.4158,2458
2022-05-04,129.02,133.1997,133.1997,127.3741,7842
2022-05-05,130.4,125.5632,130.4,124.98,3688
2022-05-06,125.19,123.1815,125.19,122.4874,2494
2022-05-09,120.27,115.8947,120.27,115.77,8612
2022-05-10,118.26,116.2208,118.26,114.1096,5984
2022-05-11,116.95,113.4657,119.17,113.44,8381
2022-05-12,111.68,112.9155,115.19,111.465,5871
2022-05-13,118.8699,118.4706,118.976,117.905,2818
2022-05-16,119.38,117.9346,119.38,117.52,3747
2022-05-17,121.42,122.7,122.7,119.957,18529
2022-05-18,122.18,120.1477,123.49,119.8602,9607
2022-05-19,121.45,124.1852,124.4,121.45,11467
2022-05-20,125.03,123.377,125.03,121.49,2720
2022-05-23,123.87,124.8644,125.1599,123.8204,3862
2022-05-24,123.36,122.3199,123.36,122.09,2198
2022-05-25,121.99,123.9646,124.4521,121.99,6672
2022-05-26,124.56,127.7959,127.7959,124.56,1301
2022-05-27,130.0,130.2109,130.2109,129.825,872
2022-05-31,130.18,129.3434,130.44,129.24,3137
2022-06-01,130.38,128.2044,130.38,127.58,1723
2022-06-02,126.91,132.3638,132.3638,126.91,5539
2022-06-03,130.53,129.739,130.53,129.5529,1530
2022-06-06,133.0,132.411,133.46,131.81,3165
2022-06-07,130.83,133.045,133.045,130.8,3072
2022-06-08,132.44,132.3497,132.44,131.92,1677
2022-06-09,130.4,128.865,130.56,128.79,1538
2022-06-10,125.83,126.26,127.03,125.8258,3351
2022-06-13,121.89,119.144,121.89,118.765,3976
2022-06-14,120.65,119.995,120.65,118.71,6711
2022-06-15,119.78,123.4506,123.4506,119.2084,3457
2022-06-16,118.46,118.3048,119.69,117.85,2590
2022-06-17,119.8,121.5725,122.01,119.6359,10870
2022-06-21,123.98,125.49,126.5945,123.98,4830
2022-06-22,125.49,125.1745,125.84,125.11,1555
2022-06-23,126.14,127.6908,127.6908,126.14,2674
2022-06-24,130.3656,130.1024,130.3656,128.741,9075
2022-06-27,130.33,129.8836,130.4,129.8836,2567
2022-06-28,130.38,127.5883,131.74,127.07,2924
2022-06-29,125.38,124.9295,125.38,124.48,1919
2022-06-30,123.4,124.8639,125.11,122.19,4891
2022-07-01,125.17,126.2362,126.2362,124.685,3237
2022-07-05,124.1,125.65,125.65,122.33,7927
2022-07-06,126.0199,125.7349,126.5763,124.99,1347
2022-07-07,127.15,130.1602,130.1602,127.15,2111
2022-07-08,128.92,130.925,131.4295,128.905,3430
2022-07-11,130.48,126.5796,130.48,126.42,4327
2022-07-12,125.77,124.8488,126.52,123.95,5289
2022-07-13,122.51,125.37,126.19,122.51,2363
2022-07-14,123.77,125.1012,125.1012,123.62,2173
2022-07-15,125.02,124.55,125.02,123.94,5608
2022-07-18,126.02,126.1317,128.6699,126.02,2220
2022-07-19,127.93,127.323,127.93,126.36,7982
2022-07-20,126.16,127.26,128.0,126.16,7349
2022-07-21,128.17,128.2787,128.58,127.79,4593
2022-07-22,129.05,127.83,129.92,127.4999,3565
2022-07-25,127.89,127.5438,127.89,127.22,3879
2022-07-26,127.4,125.91,127.4,125.9078,4014
2022-07-27,127.89,130.2137,130.45,127.601,8918
2022-07-28,133.87,134.699,135.6299,133.12,4954
2022-07-29,134.23,136.67,137.5,134.23,2535
2022-08-01,137.07,137.74,138.4099,134.53,9458
2022-08-02,135.5,137.45,138.57,135.5,2351
2022-08-03,137.86,137.322,137.86,134.08,4309
2022-08-04,138.5,139.2108,139.445,138.5,2124
2022-08-05,138.45,137.9,138.45,137.2241,1879
2022-08-08,139.54,138.83,140.3662,138.52,2930
2022-08-09,137.82,137.56,137.82,136.75,3993
2022-08-10,141.13,140.79,141.13,139.16,3812
2022-08-11,142.41,140.67,142.9056,140.43,4470
2022-08-12,140.05,142.313,142.4,140.05,3233
2022-08-15,141.22,142.23,143.15,141.22,5154
2022-08-16,142.03,141.3482,142.07,140.66,2651
2022-08-17,140.45,140.1,141.59,139.53,2869
2022-08-18,140.08,139.86,140.2391,139.09,2578
2022-08-19,137.87,135.726,137.87,135.64,2536
2022-08-22,133.99,133.4681,134.25,133.36,2409
2022-08-23,133.86,133.2784,134.21,132.86,3964
2022-08-24,134.32,134.7783,134.7783,134.29,1723
2022-08-25,136.85,137.0594,137.0594,136.85,1235
2022-08-26,138.04,134.0992,138.04,134.0992,2619
2022-08-29,132.79,132.4354,133.3587,132.33,1570
2022-08-30,133.74,130.6446,133.74,130.55,1530
2022-08-31,131.47,130.34,131.47,129.9,1673
2022-09-01,128.55,128.01,128.845,126.44,3668
2022-09-02,129.17,125.5181,129.24,125.36,3891
2022-09-06,125.48,125.9623,126.79,125.48,1630
2022-09-07,128.53,131.183,131.22,128.53,2974
2022-09-08,131.2,131.6484,131.96,130.0,3500
2022-09-09,133.5915,133.63,133.76,132.63,6360
2022-09-12,135.0,135.8,135.8,135.0,1865
2022-09-13,133.47,133.28,134.0155,132.62,3041
2022-09-14,132.99,134.4174,134.62,132.99,1813
2022-09-15,133.21,132.33,134.2,131.68,5364
2022-09-16,130.62,130.5191,130.9299,130.216,1602
2022-09-19,128.98,130.82,131.6444,128.98,3641
2022-09-20,129.0801,128.5343,129.3955,128.33,1607
2022-09-21,128.38,125.8834,128.38,125.84,1794
2022-09-22,125.79,123.7306,125.79,123.4556,1959
2022-09-23,120.74,119.9169,120.76,119.375,2433
2022-09-26,118.94,118.0896,119.95,117.56,2333
2022-09-27,118.69,117.5073,118.9868,117.152,2154
2022-09-28,118.02,119.9002,120.22,118.02,2918
2022-09-29,116.9,113.6295,116.9,113.14,5437
2022-09-30,112.92,113.3728,114.3701,112.92,2717
2022-10-03,113.8863,115.87,115.87,113.8863,2276
2022-10-04,118.508,119.9542,120.65,118.508,8297
2022-10-05,117.59,115.8868,117.59,115.72,7875
2022-10-06,115.8766,113.21,115.8766,112.62,3513
2022-10-07,111.01,109.17,111.93,108.21,3718
2022-10-10,107.76,108.09,108.33,106.82,7755
2022-10-11,107.1,106.5152,107.69,105.94,4914
2022-10-12,105.66,105.46,106.35,105.3795,2193
2022-10-13,103.95,106.2637,106.65,102.99,3587
2022-10-14,107.27,103.3471,107.46,103.3471,4645
2022-10-17,104.92,107.1,107.4468,104.92,1665
2022-10-18,109.3,108.275,109.3,107.31,1315
2022-10-19,105.2,104.9355,105.435,104.71,2774
2022-10-20,104.8,104.18,105.255,103.5,2933
2022-10-21,102.75,106.49,106.49,102.75,3178
2022-10-24,103.66,105.05,105.05,102.73,6404
2022-10-25,107.474,109.43,109.43,107.474,2674
2022-10-26,109.55,112.09,112.09,109.55,2270
2022-10-27,112.09,112.06,113.035,111.22,3354
2022-10-28,110.4975,111.22,112.2,110.16,2275
2022-10-31,110.6,111.57,111.58,110.6,3473
2022-11-01,113.42,112.2829,113.42,111.57,3174
2022-11-02,112.35,110.59,113.95,110.34,7931
2022-11-03,110.0,111.3704,111.795,110.0,3501
2022-11-04,114.56,113.89,114.56,111.77,7141
2022-11-07,115.8,112.728,115.8,112.16,2909
2022-11-08,113.05,114.3706,114.48,113.05,4121
2022-11-09,113.11,111.456,113.5618,111.456,3563
2022-11-10,116.82,119.2948,119.424,116.5295,1941
2022-11-11,121.58,121.7307,121.77,121.1,2109
2022-11-14,120.47,119.8917,120.58,119.1,8041
2022-11-15,120.9,120.917,121.179,120.6565,1302
2022-11-16,119.99,119.2024,119.99,119.1748,3736
2022-11-17,116.47,118.8477,118.89,116.41,3933
2022-11-18,117.561,118.085,118.085,117.09,2349
2022-11-21,116.7881,116.4641,116.94,115.68,4114
2022-11-22,115.53,117.6662,117.75,115.53,4013
2022-11-23,116.39,118.83,119.68,116.39,3304
2022-11-25,119.1,119.46,119.6222,119.09,1087
2022-11-28,117.2,117.36,118.09,117.2,2089
2022-11-29,116.83,117.4,117.55,116.83,4077
2022-11-30,119.69,123.375,123.375,119.02,3604
2022-12-01,123.46,123.1611,124.02,122.3225,7933
2022-12-02,122.19,124.8271,125.62,122.19,7049
2022-12-05,125.29,122.975,125.29,122.33,4006
2022-12-06,123.33,121.71,123.33,121.23,4041
2022-12-07,120.38,121.1987,121.345,120.38,6368
2022-12-08,121.94,122.2083,122.69,121.0723,2862
2022-12-09,122.285,121.0244,122.285,120.932,2480
2022-12-12,120.05,121.1731,121.1731,120.05,6721
2022-12-13,123.5,122.17,124.72,121.875,2763
2022-12-14,122.72,122.6316,123.82,122.209,4391
2022-12-15,120.18,119.7173,120.45,119.23,4132
2022-12-16,118.21,116.251,119.7,117.24,3595
2022-12-19,116.04,114.9837,116.7399,114.67,4250
2022-12-20,115.551,114.224,115.6599,114.0801,7439
2022-12-21,114.8,116.2,116.26,113.7425,9806
2022-12-22,114.74,113.0719,114.74,112.78,1751
2022-12-23,113.58,112.5428,114.44,111.99,3619
2022-12-27,112.39,110.3212,116.67,110.19,6850
2022-12-28,110.23,108.87,111.18,108.7101,5579
2022-12-29,111.06,111.6982,111.9371,111.06,7266
2022-12-30,110.56,110.861,111.15,109.89,6406
2023-01-03,111.22,109.9147,111.22,109.0,4874
2023-01-04,111.2,112.07,112.26,111.2,2357
2023-01-05,110.98,110.2949,111.25,110.27,3225
2023-01-06,110.87,111.7849,112.16,110.68,4440
2023-01-09,112.99,113.2125,114.5399,112.99,6942
2023-01-10,113.2,114.67,114.67,113.2,3877
2023-01-11,115.22,117.9495,117.9495,115.22,4495
2023-01-12,118.32,119.3494,119.55,116.745,6754
2023-01-13,118.38,118.84,118.84,118.38,1848
2023-01-17,118.07,119.4477,119.66,118.07,2431
2023-01-18,120.05,118.4335,120.77,118.38,4349
2023-01-19,117.44,115.8373,117.44,115.0,3797
2023-01-20,115.92,116.915,116.915,115.81,2601
2023-01-23,116.89,119.457,120.17,116.325,6770
2023-01-24,118.36,119.1619,119.62,118.17,5849
2023-01-25,117.43,118.353,118.8859,116.67,4398
2023-01-26,120.0,119.9663,120.0,118.94,2825
2023-01-27,118.93,121.835,122.76,118.88,5262
2023-01-30,120.56,119.3272,121.3023,119.3272,5624
2023-01-31,119.1,121.4115,121.4115,119.1,3571
2023-02-01,121.69,123.9,124.35,121.25,9926
2023-02-02,125.83,125.0153,126.325,125.0,2097
2023-02-03,122.49,122.7023,122.7023,122.49,1021
2023-02-06,121.29,121.855,121.855,121.29,983
2023-02-07,121.58,122.0997,122.0997,120.49,3783
2023-02-08,122.11,121.2548,122.11,120.9,1413
2023-02-09,123.17,120.5942,123.17,120.5942,1830
2023-02-10,119.12,119.3903,119.49,119.067,3457
2023-02-13,118.87,120.5599,121.96,118.87,1593
2023-02-14,119.3,121.3039,121.3039,119.14,2082
2023-02-15,120.06,122.8247,122.8247,120.06,2284
2023-02-16,121.74,120.5143,122.18,120.5143,1557
2023-02-17,118.67,120.04,120.04,118.53,3653
2023-02-21,118.44,117.1822,118.72,117.16,3890
2023-02-22,116.54,116.5791,116.7164,116.37,4864
2023-02-23,117.51,116.9699,117.51,115.35,3997
2023-02-24,115.0,114.8095,115.73,113.83,3614
2023-02-27,115.12,116.689,116.689,115.12,2837
2023-02-28,115.86,116.3981,116.4089,115.86,3268
2023-03-01,116.96,116.4376,116.96,116.23,2775
2023-03-02,114.82,116.5673,116.728,114.82,2760
2023-03-03,118.3699,119.0,119.0,118.2039,1280
2023-03-06,118.8,119.3538,120.2413,118.3797,2799
2023-03-07,117.24,116.857,117.24,116.857,853
2023-03-08,115.64,116.26,116.26,115.46,2996
2023-03-09,116.362,114.0705,116.53,114.0705,1555
2023-03-10,114.0,112.3903,114.7731,112.3903,1189
2023-03-13,112.6923,113.0702,113.0702,112.4601,961
2023-03-14,114.06,114.4333,114.77,114.06,1299
2023-03-15,111.8638,111.8638,111.8638,111.8638,754
2023-03-16,110.53,113.3352,113.3352,110.53,1389
2023-03-17,112.32,110.8124,112.32,110.69,1467
2023-03-20,110.85,112.5475,112.82,110.85,2481
2023-03-21,113.81,115.6387,115.64,113.81,2688
2023-03-22,115.53,114.5721,115.5501,114.39,5127
2023-03-23,115.45,114.55,115.52,114.55,1226
2023-03-24,112.73,113.957,113.957,112.73,768
2023-03-27,114.5991,114.69,114.69,114.5991,563
2023-03-28,114.49,114.5156,114.87,114.22,2902
2023-03-29,116.3799,116.977,116.977,115.25,1430
2023-03-30,118.82,119.1744,119.38,118.81,2550
2023-03-31,119.26,121.511,121.511,119.08,52198
2023-04-03,121.51,119.9527,121.51,119.33,1852
2023-04-04,118.85,118.54,118.94,118.26,2561
2023-04-05,118.05,117.8743,118.13,117.46,6217
2023-04-06,118.03,117.7953,118.18,117.44,9260
2023-04-10,116.83,118.5355,118.68,116.83,7347
2023-04-11,118.33,119.19,119.73,118.33,3475
2023-04-12,119.4,118.5047,120.1825,118.5047,3734
2023-04-13,118.94,120.455,120.82,118.94,5209
2023-04-14,119.18,119.11,119.24,118.5,4726
2023-04-17,119.38,120.7135,120.88,119.38,1986
2023-04-18,120.73,120.4401,120.73,120.35,2901
2023-04-19,119.35,119.6587,119.6779,119.35,1110
2023-04-20,117.38,117.5874,118.138,117.38,1779
2023-04-21,117.6,117.685,119.51,117.36,1901
2023-04-24,117.82,117.9902,117.9902,117.37,2038
2023-04-25,116.23,115.6751,116.3455,115.45,2290
2023-04-26,115.18,112.5329,115.18,112.26,5809
2023-04-27,112.81,115.5143,115.6099,112.81,5151
2023-04-28,113.75,115.2607,115.2607,113.75,1562
2023-05-01,115.22,114.17,115.537,114.16,1621
2023-05-02,113.55,112.7,113.55,112.25,1297
2023-05-03,112.43,112.8122,113.62,112.43,2507
2023-05-04,113.44,113.7459,114.0,113.33,3206
2023-05-05,114.0,115.6194,115.9874,114.0,6220
2023-05-08,115.38,116.0195,116.1615,115.38,2580
2023-05-09,113.56,114.68,114.68,113.56,765
2023-05-10,115.75,115.98,116.31,115.7,1746
2023-05-11,114.84,115.8604,115.8604,114.82,3519
2023-05-12,116.07,116.5473,117.23,115.1725,2974
2023-05-15,116.39,117.7554,118.0,116.28,2575
2023-05-16,116.81,115.9107,116.86,115.61,1934
2023-05-17,115.32,116.7294,116.94,115.32,8736
2023-05-18,115.81,115.8429,115.8429,115.21,2017
2023-05-19,116.14,116.4273,117.2,115.0,6490
2023-05-22,116.97,118.41,118.41,116.97,3659
2023-05-23,116.97,116.55,117.6776,116.55,2177
2023-05-24,116.01,115.458,116.01,115.2585,2402
2023-05-25,114.75,114.4301,114.75,113.65,8063
2023-05-26,114.41,115.31,115.31,114.23,1348
2023-05-30,115.85,115.7509,116.54,115.08,3510
2023-05-31,114.92,115.1194,115.25,113.55,4443
2023-06-01,114.68,116.7956,116.84,114.47,5022
2023-06-02,118.37,117.915,118.37,117.805,1269
2023-06-05,117.76,117.915,118.6254,117.84,1351
2023-06-06,117.68,119.5559,119.655,117.68,2659
2023-06-07,120.0,119.2617,120.14,119.115,3017
2023-06-08,119.64,120.035,120.34,119.64,4729
2023-06-09,120.96,119.865,121.0,119.76,2401
2023-06-12,120.3,121.49,121.49,120.3,2524
2023-06-13,122.07,123.2031,123.2031,122.07,1933
2023-06-14,123.54,122.8661,123.77,121.84,3511
2023-06-15,122.3,124.6096,124.8699,121.83,2613
2023-06-16,125.08,124.6359,125.08,124.6359,1218
2023-06-20,123.18,123.125,123.32,121.78,3831
2023-06-21,122.03,121.885,122.845,121.49,2041
2023-06-22,120.64,120.961,121.2999,120.391,1286
2023-06-23,118.36,117.7254,118.36,117.01,5566
2023-06-26,117.94,118.038,118.9,117.76,4602
2023-06-27,118.25,119.265,119.41,117.86,2715
2023-06-28,120.155,119.97,120.155,119.97,1677
2023-06-29,119.71,119.98,120.0313,119.36,1789
2023-06-30,121.49,122.1761,122.25,119.75,4408
2023-07-03,124.51,124.8177,126.0989,124.51,2985
2023-07-05,123.99,124.1364,124.42,122.3,4754
2023-07-06,122.2,121.43,122.2,120.68,2046
2023-07-07,121.56,122.8307,122.8307,120.95,2752
2023-07-10,122.14,123.2155,123.56,121.46,2592
2023-07-11,123.93,124.5651,124.5651,123.53,2049
2023-07-12,126.68,127.1992,127.1992,126.6,1238
2023-07-13,128.16,128.5042,128.65,127.8101,2270
2023-07-14,128.03,127.245,128.03,126.82,5111
2023-07-17,126.68,128.5248,128.71,126.68,3120
2023-07-18,129.4674,128.6359,129.4674,127.75,2349
2023-07-19,128.77,128.475,129.8101,128.1,3416
2023-07-20,127.1098,126.4932,127.1098,126.2,1761
2023-07-21,126.74,126.8092,126.8092,126.0101,1633
2023-07-24,126.51,127.8849,128.0,126.51,1605
2023-07-25,128.08,127.7452,128.3724,127.6,2405
2023-07-26,129.119,128.862,129.119,128.715,1204
2023-07-27,128.9,126.1529,128.905,126.1529,2945
2023-07-28,128.3559,128.9796,128.9796,127.8,2373
2023-07-31,128.68,129.0408,129.439,128.66,2313
2023-08-01,127.64,127.6381,128.57,126.9601,3337
2023-08-02,124.38,123.84,124.38,123.0772,1404
2023-08-03,123.65,123.8399,124.4699,123.17,2278
2023-08-04,124.2099,122.4578,124.21,122.4578,1586
2023-08-07,122.48,121.9849,122.48,121.14,1303
2023-08-08,119.82,120.88,120.88,119.82,1260
2023-08-09,121.01,120.6425,121.01,120.56,1112
2023-08-10,120.82,119.8355,120.9122,119.555,4165
2023-08-11,118.37,118.4292,118.4292,117.8966,1620
2023-08-14,116.98,117.22,117.22,116.49,1704
2023-08-15,116.28,114.84,116.63,114.68,4160
2023-08-16,113.9,113.368,114.287,113.368,2375
2023-08-17,113.81,112.1098,113.81,112.1098,1086
2023-08-18,110.59,111.0378,111.08,110.59,2031
2023-08-21,111.67,111.6204,111.67,111.18,1563
2023-08-22,113.44,111.1081,113.44,110.73,2773
2023-08-23,111.63,112.9015,113.0788,111.63,3380
2023-08-24,113.22,111.6923,113.22,111.6923,1683
2023-08-25,113.25,113.468,113.468,112.49,1498
2023-08-28,113.65,114.6292,115.21,113.65,3107
2023-08-29,113.89,117.1,117.5799,112.98,3373
2023-08-30,115.35,115.9107,116.02,114.96,2589
2023-08-31,115.96,115.2,115.96,115.0,2101
2023-09-01,115.82,115.4882,115.825,115.285,1196
2023-09-05,113.62,114.1217,114.1217,113.5,3048
2023-09-06,113.14,112.23,113.14,112.19,2472
2023-09-07,111.01,111.2894,111.3189,110.24,3508
2023-09-08,111.18,110.61,111.49,110.22,3415
2023-09-11,111.98,112.5128,112.57,111.98,2062
2023-09-12,111.67,112.8743,113.0643,111.67,2031
2023-09-13,111.98,111.8141,112.44,111.8141,1834
2023-09-14,112.76,114.4032,114.4032,112.76,1316
2023-09-15,114.01,113.3702,114.01,112.78,3288
2023-09-18,112.7,111.7601,112.7,111.6882,3266
2023-09-19,111.43,110.9749,111.43,110.55,2409
2023-09-20,111.72,111.1749,112.47,111.1749,2842
2023-09-21,109.2,108.6581,109.45,108.6581,1442
2023-09-22,109.09,107.9601,109.1,107.87,2870
2023-09-25,106.45,106.6325,106.87,106.4204,3034
2023-09-26,105.5,105.2624,106.2115,104.99,32320
2023-09-27,105.18,103.9649,105.18,103.14,1965
2023-09-28,103.8,104.114,104.5,103.8,2546
2023-09-29,105.76,104.7757,106.135,104.4,3813
2023-10-02,103.55,101.7971,103.55,101.74,37069
2023-10-03,100.29,99.6456,100.29,99.2,5065
2023-10-04,99.6,100.2225,100.2225,99.6,6052
2023-10-05,100.34,98.9476,100.34,97.86,4399
2023-10-06,98.05,100.06,100.06,97.19,3369
2023-10-09,99.25,99.1045,99.3999,98.43,2559
2023-10-10,100.24,103.1,103.1,100.24,5394
2023-10-11,103.7035,103.8098,104.08,103.56,2709
2023-10-12,103.2,102.0802,103.57,101.4993,7847
2023-10-13,101.45,100.8552,101.78,100.8552,2155
2023-10-16,100.6599,101.703,101.703,100.6215,2762
2023-10-17,100.92,102.0035,102.13,100.92,4257
2023-10-18,101.51,98.89,101.51,98.89,1568
2023-10-19,98.5,97.1929,98.5,97.1929,1468
2023-10-20,95.36,94.9102,95.36,94.81,3134
2023-10-23,94.31,95.1799,95.949,93.86,3122
2023-10-24,96.44,97.5969,97.5969,96.3195,1126
2023-10-25,95.54,95.5293,95.8007,95.276,3743
2023-10-26,95.29,95.7503,95.765,95.29,1690
2023-10-27,96.18,94.3056,96.18,94.28,907
2023-10-30,95.3,94.725,95.93,93.9228,2688
2023-10-31,94.29,94.2449,94.546,93.74,2505
2023-11-01,94.24,94.5809,94.72,93.59,2216
2023-11-02,96.78,98.32,98.32,96.78,2200
2023-11-03,100.24,100.59,100.61,100.23,2455
2023-11-06,101.5,100.468,101.5,100.08,4137
2023-11-07,99.67,99.835,99.9563,99.1701,2936
2023-11-08,99.65,98.7893,99.65,98.46,2874
2023-11-09,98.93,96.9144,98.93,96.5831,2461
2023-11-10,95.3701,96.49,96.6466,95.3701,2334
2023-11-13,96.58,97.6592,97.7499,96.58,1682
2023-11-14,99.92,103.1016,103.1706,99.92,4222
2023-11-15,102.89,103.7661,104.745,102.89,2391
2023-11-16,102.69,102.2147,102.69,101.77,1897
2023-11-17,102.86,103.309,103.309,102.52,1852
2023-11-20,104.5,105.1798,105.1818,104.5,1388
2023-11-21,104.1,103.6701,104.1,103.604,2369
2023-11-22,103.3294,103.3926,103.7099,103.0,1840
2023-11-24,102.76,103.2452,103.25,102.76,1694
2023-11-27,103.0523,102.8516,103.0523,102.5,1709
2023-11-28,102.66,103.9802,104.36,102.43,5330
2023-11-29,104.52,103.8798,104.56,103.8798,1837
2023-11-30,103.88,103.5207,103.88,103.33,2988
2023-12-01,102.55,104.5303,104.5303,102.55,1939
2023-12-04,104.0803,104.0993,104.439,103.84,2975
2023-12-05,103.85,103.613,104.7503,103.54,2747
2023-12-06,104.67,104.6871,105.5984,104.62,6997
2023-12-07,104.22,104.9686,105.02,104.22,3422
2023-12-08,104.33,104.54,105.1461,103.8737,2335
2023-12-11,103.72,104.1064,104.4,103.72,1796
2023-12-12,103.48,102.7598,103.48,102.0,3810
2023-12-13,102.325,105.4598,105.74,101.86,3644
2023-12-14,107.73,110.0003,110.1,107.73,4865
2023-12-15,109.64,107.7417,110.3314,109.03,3854
2023-12-18,106.13,107.0538,110.0,104.37,6032
2023-12-19,108.05,108.9551,108.9551,108.05,3577
2023-12-20,108.3,105.9545,108.73,105.9545,5701
2023-12-21,107.37,108.1138,108.1409,107.3,7374
2023-12-22,109.07,108.2798,109.07,108.154,5395
2023-12-26,110.0,109.5695,110.655,109.37,10560
2023-12-27,110.16,110.5933,110.87,110.16,3190
2023-12-28,111.2,111.1459,112.11,110.97,4023
2023-12-29,111.25,110.6362,111.25,110.4501,5417
2024-01-02,108.42,107.86,108.5,107.6,4674
2024-01-03,106.6166,106.3313,106.8899,105.59,3869
2024-01-04,106.56,106.0286,106.56,105.9401,1543
2024-01-05,105.17,105.5643,106.86,105.17,1494
2024-01-08,104.95,106.1634,106.26,104.02,3324
2024-01-09,105.08,104.8568,105.2868,104.58,2277
2024-01-10,104.29,104.535,104.535,104.2172,1766
2024-01-11,104.7,103.6543,104.7,103.12,2655
2024-01-12,102.77,102.7689,102.9186,102.4801,2045
2024-01-16,100.25,99.6054,100.356,99.27,4763
2024-01-17,96.58,97.1215,97.2,96.1,4018
2024-01-18,97.74,96.8686,97.74,96.33,3923
2024-01-19,96.31,96.6009,96.6599,95.3601,6627
2024-01-22,95.38,96.1458,97.338,95.38,7505
2024-01-23,97.46,96.9365,97.46,96.39,2865
2024-01-24,98.38,96.4945,98.38,96.4945,2089
2024-01-25,95.61,95.2544,95.91,95.0682,2607
2024-01-26,95.31,95.3217,95.88,95.01,8768
2024-01-29,94.67,96.1892,96.52,94.67,4645
2024-01-30,95.42,95.4907,95.6799,95.1562,3050
2024-01-31,95.9288,94.8541,96.65,94.8541,3632
2024-02-01,95.29,96.1065,96.1065,95.16,3002
2024-02-02,94.94,94.785,96.23,94.1631,4276
2024-02-05,93.04,92.2,93.04,92.07,2337
2024-02-06,92.51,94.2759,94.2759,92.49,1834
2024-02-07,95.45,95.0,95.67,94.5,2415
2024-02-08,94.95,95.096,95.096,94.8644,3379
2024-02-09,95.45,95.52,95.8655,94.71,2778
2024-02-12,95.66,96.8133,97.08,95.66,2243
2024-02-13,95.6,93.8697,95.62,93.6643,2311
2024-02-14,94.77,95.7098,95.99,94.75,4044
2024-02-15,96.23,97.3488,97.4939,96.23,917
2024-02-16,97.08,96.9835,97.62,96.9835,1908
2024-02-20,95.99,95.8905,96.3,95.57,2879
2024-02-21,95.96,96.1894,96.285,95.9,2330
2024-02-22,95.88,95.5159,95.88,94.84,8934
2024-02-23,94.51,94.2684,94.88,93.87,3375
2024-02-26,94.33,95.6048,95.78,94.33,3983
2024-02-27,96.95,97.0124,97.2898,96.4301,2323
2024-02-28,95.81,96.0846,96.48,95.81,2121
2024-02-29,97.55,97.2654,97.55,96.87,2763
2024-03-01,97.39,98.6075,98.67,97.32,4059
2024-03-04,97.32,95.93,97.32,95.42,3982
2024-03-05,95.45,95.854,96.3,95.25,2967
2024-03-06,96.89,96.67,96.99,96.67,2239
2024-03-07,97.4,98.42,98.7299,97.4,1646
2024-03-08,98.28,98.7,99.195,98.28,2118
2024-03-11,98.85,99.1807,99.4,98.85,1083
2024-03-12,99.66,99.5057,100.0338,99.0,5233
2024-03-13,98.74,99.0449,99.335,98.74,2107
2024-03-14,98.54,96.5806,98.54,96.5806,1441
2024-03-15,96.8377,96.5375,96.8377,96.19,2391
2024-03-18,97.25,96.7812,97.25,96.759,3099
2024-03-19,97.04,97.0481,97.2548,96.85,2419
2024-03-20,97.1,98.5646,98.665,97.1,2623
2024-03-21,98.46,98.04,98.46,97.8922,2204
2024-03-22,97.47,97.4922,97.75,97.3468,1609
2024-03-25,97.03,97.2865,97.2865,97.0138,1455
2024-03-26,98.21,97.3211,98.21,97.25,3437
2024-03-27,97.17,98.5706,98.5706,97.17,1713
2024-03-28,98.0301,98.32,98.65,98.0301,2666
2024-04-01,97.96,97.9214,98.71,97.3,3338
2024-04-02,96.5,96.3014,96.5,95.7801,2023
2024-04-03,95.19,96.2108,96.3,95.19,2361
2024-04-04,97.16,96.2628,98.152,96.2628,1749
2024-04-05,95.2,95.4338,95.86,95.2,3005
2024-04-08,96.44,96.6749,96.6754,96.29,2302
2024-04-09,97.03,98.6996,98.89,97.03,8096
2024-04-10,95.84,96.1587,96.1587,95.84,1742
2024-04-11,96.8,96.41,96.8,95.2,1984
2024-04-12,95.34,94.4179,95.35,94.3303,2697
2024-04-15,94.49,92.4258,94.49,92.145,1545
2024-04-16,91.65,91.4098,91.7415,91.1101,2777
2024-04-17,91.2401,91.925,92.13,91.2401,2131
2024-04-18,92.22,92.0651,92.41,92.0,1330
2024-04-19,91.49,91.1403,91.55,91.1403,3634
2024-04-22,91.27,91.7616,92.095,91.01,2161
2024-04-23,91.85,93.2534,93.53,91.85,4017
2024-04-24,93.64,93.3282,93.67,93.13,1558
2024-04-25,91.99,93.201,93.3,91.86,9417
2024-04-26,94.44,94.92,95.07,94.44,6979
2024-04-29,96.25,97.2021,97.305,96.25,2524
2024-04-30,96.07,95.7657,96.0901,95.7657,870
2024-05-01,96.2153,96.219,97.7199,96.2,1334
2024-05-02,97.45,98.4006,98.615,97.45,5408
2024-05-03,100.0,99.8398,100.4,99.59,1503
2024-05-06,101.38,101.08,101.38,100.765,2330
2024-05-07,101.12,101.149,101.4149,100.36,3423
2024-05-08,99.34,100.265,100.74,99.34,2709
2024-05-09,101.26,101.5907,101.5907,101.26,1493
2024-05-10,101.91,100.32,102.1429,100.32,1709
2024-05-13,99.14,101.205,101.6539,99.14,1436
2024-05-14,102.51,102.9472,103.13,101.99,5199
2024-05-15,104.0,103.3382,104.0,102.8401,1802
2024-05-16,103.22,103.3735,103.9707,102.85,3504
2024-05-17,102.0,102.5349,102.86,102.0,3064
2024-05-20,101.86,101.6553,101.86,101.6553,885
2024-05-21,101.52,102.0587,102.0587,101.52,1344
2024-05-22,102.38,102.7779,103.245,102.2801,2134
2024-05-23,102.58,100.8353,102.58,100.73,1843
2024-05-24,100.96,102.6203,102.6203,100.96,844
2024-05-28,103.56,103.4,104.0763,102.86,3255
2024-05-29,102.0,102.2951,103.0,102.0,1299
2024-05-30,103.04,104.0994,104.1359,103.04,3704
2024-05-31,104.2,104.3609,104.3609,103.79,843
2024-06-03,105.01,104.6663,105.44,104.23,4204
2024-06-04,103.8501,104.07,104.44,103.45,1757
2024-06-05,104.25,104.75,105.04,104.25,2973
2024-06-06,103.9893,103.9893,103.9893,103.9893,769
2024-06-07,102.11,101.91,102.8903,101.91,1026
2024-06-10,101.03,102.4675,102.4675,101.03,1541
2024-06-11,100.85,101.2537,101.51,100.655,1703
2024-06-12,102.89,102.2855,103.21,102.2855,1971
2024-06-13,102.67,101.6707,103.3004,101.6707,1603
2024-06-14,100.17,99.61,100.17,99.47,975
2024-06-17,99.11,99.355,99.355,98.42,2929
2024-06-18,98.74,99.235,99.48,98.74,2221
2024-06-20,98.69,98.765,98.98,98.28,7320
2024-06-21,98.2,98.3053,98.3053,97.94,1302
2024-06-24,98.59,99.315,99.315,98.59,1440
2024-06-25,99.04,98.5,99.04,98.3782,2085
2024-06-26,98.67,98.9296,98.9296,98.6201,969
2024-06-27,97.9807,98.31,98.6499,97.9807,1289
2024-06-28,98.14,96.24,98.14,95.98,2910
2024-07-01,97.52,97.3539,97.98,97.34,1709
2024-07-02,97.8,98.3022,98.3022,97.8,1078
2024-07-03,99.35,101.4603,101.4603,99.35,1911
2024-07-05,101.88,101.8079,101.88,100.41,1654
2024-07-08,101.8315,101.8365,101.8365,101.76,1419
2024-07-09,101.55,102.3037,102.9407,101.17,2714
2024-07-10,103.6434,103.32,103.8,103.32,1962
2024-07-11,105.12,105.0535,106.43,105.0535,2647
2024-07-12,105.43,107.2373,107.7389,105.43,2174
2024-07-15,105.96,104.2638,105.96,104.2638,855
2024-07-16,104.03,105.7141,105.7141,104.03,991
2024-07-17,104.28,103.3459,104.82,100.88,3730
2024-07-18,103.69,102.9174,103.73,102.41,1555
2024-07-19,102.09,102.345,102.345,101.83,1467
2024-07-22,103.08,103.99,104.0199,103.0201,3040
2024-07-23,102.84,102.93,102.97,102.59,1574
2024-07-24,101.0734,100.9889,101.0734,100.63,1126
2024-07-25,102.17,101.5571,102.49,101.5571,2428
2024-07-26,102.41,102.6602,102.78,102.25,1256
2024-07-29,102.6,102.363,102.6,102.1001,1126
2024-07-30,102.34,101.4443,102.34,101.4443,1134
2024-07-31,102.8,103.3574,103.43,102.8,1347
2024-08-01,103.11,101.06,103.11,100.66,2431
2024-08-02,100.58,99.9302,100.58,99.875,1621
2024-08-05,95.42,96.8736,97.464,95.42,2060
2024-08-06,96.98,97.4797,97.66,96.83,772
2024-08-07,98.76,96.7762,98.82,96.7762,3266
2024-08-08,98.2,98.4504,98.77,97.8001,2603
2024-08-09,97.94,98.25,98.5699,97.5701,1364
2024-08-12,98.16,97.5048,98.16,97.43,1737
2024-08-13,99.1201,99.9309,100.0299,99.1201,1080
2024-08-14,100.11,99.165,100.11,98.91,3243
2024-08-15,99.81,100.855,101.1957,99.81,2432
2024-08-16,100.4,101.06,101.06,99.7,1585
2024-08-19,101.24,102.5356,102.5356,101.24,1292
2024-08-20,102.36,101.3486,102.36,101.2512,849
2024-08-21,101.75,102.3498,102.355,101.73,5166
2024-08-22,102.26,100.8092,102.26,100.58,2269
2024-08-23,101.9694,103.4517,103.47,101.9694,1136
2024-08-26,103.66,103.0022,104.0,102.97,2482
2024-08-27,103.56,103.002,103.56,102.47,1974
2024-08-28,102.24,101.2211,102.24,101.01,1221
2024-08-29,102.6343,102.057,102.81,102.02,2149
2024-08-30,103.12,102.8645,103.26,102.43,2118
2024-09-03,103.11,101.3349,103.11,101.22,1976
2024-09-04,101.91,102.4044,103.01,101.91,2190
2024-09-05,103.71,103.804,104.07,103.38,4214
2024-09-06,103.6,100.8164,103.6,100.795,2785
2024-09-09,101.29,101.8813,102.3599,101.29,1390
2024-09-10,102.03,102.32,102.32,101.24,1292
2024-09-11,103.34,105.2984,105.4299,103.34,2765
2024-09-12,104.53,105.268,105.35,104.53,1913
2024-09-13,105.9072,106.0748,106.0748,105.9072,832
2024-09-16,106.27,106.395,106.72,106.02,1994
2024-09-17,107.28,107.4595,107.8931,107.19,1418
2024-09-18,106.7572,107.1261,108.47,106.7572,1127
2024-09-19,108.29,108.2365,108.63,107.37,3044
2024-09-20,106.76,107.335,107.7299,106.76,1340
2024-09-23,107.77,108.425,108.425,107.73,5035
2024-09-24,109.99,110.5,110.5,109.04,5418
2024-09-25,109.7144,109.491,109.7144,109.491,1047
2024-09-26,111.85,111.428,111.85,111.415,2117
2024-09-27,112.52,113.145,113.53,110.42,4079
2024-09-30,113.8,112.26,114.01,112.18,2814
2024-10-01,112.92,112.6713,112.92,110.13,1338
2024-10-02,111.24,112.045,112.045,111.24,1021
2024-10-03,110.63,110.2052,110.63,110.1,871
2024-10-04,109.9,110.6714,110.6714,109.6955,2130
2024-10-07,111.44,111.2099,111.7659,110.56,2740
2024-10-08,109.08,109.1706,109.1706,109.05,11636
2024-10-09,108.96,108.7246,108.9893,108.7246,1673
2024-10-10,107.61,107.17,107.61,107.1025,1286
2024-10-11,105.36,107.0952,107.0952,105.36,1238
2024-10-14,105.48,106.2802,106.68,105.48,2166
2024-10-15,105.43,104.23,105.53,104.23,878
2024-10-16,104.41,105.045,105.045,104.41,1231
2024-10-17,104.71,104.0133,104.71,103.8,1988
2024-10-18,104.9562,105.0449,105.0449,104.69,859
2024-10-21,104.6,104.2304,104.6,104.2304,2165
2024-10-22,103.56,104.0138,104.145,103.56,2459
2024-10-23,104.2,103.4665,104.64,102.96,2649
2024-10-24,105.1,105.2553,105.44,104.93,4249
2024-10-25,106.17,106.425,106.425,106.17,710
2024-10-28,106.73,108.4731,108.4731,106.73,1353
2024-10-29,107.23,105.9205,107.23,105.71,1987
2024-10-30,105.0,105.4716,105.6979,105.0,1628
2024-10-31,104.34,103.5708,104.34,103.12,1580
2024-11-01,103.92,103.3975,104.17,103.078,1352
2024-11-04,104.63,104.8854,104.9,104.53,1646
2024-11-05,104.15,105.4803,105.4803,104.15,1248
2024-11-06,100.93,100.4075,101.09,99.8401,4896
2024-11-07,101.44,102.545,102.94,101.44,3920
2024-11-08,101.48,102.135,102.2499,101.33,5087
2024-11-11,103.47,103.1206,103.6,102.7,3842
2024-11-12,101.57,99.6284,101.57,99.19,3833
2024-11-13,100.33,99.7147,100.33,99.41,3558
2024-11-14,100.0,99.1099,100.385,99.1099,3226
2024-11-15,99.46,99.762,99.875,99.1575,1990
2024-11-18,99.98,100.5,100.9909,99.98,3358
2024-11-19,99.4601,100.514,100.596,99.4601,2172
2024-11-20,99.9,100.3421,100.6,99.605,3854
2024-11-21,99.99,100.1604,100.64,99.61,3049
2024-11-22,99.3,100.6201,100.8759,99.3,2932
2024-11-25,102.05,102.2915,102.675,102.05,3915
2024-11-26,101.96,101.39,101.96,101.16,1848
2024-11-27,102.01,102.1649,102.6,101.8313,1903
2024-11-29,101.91,102.88,102.88,101.91,1150
2024-12-02,103.2,103.3851,103.3851,102.8,2949
2024-12-03,102.46,102.6865,103.0409,102.46,1987
2024-12-04,102.08,101.5897,102.18,101.5897,2750
2024-12-05,101.94,102.0526,102.87,101.94,4402
2024-12-06,102.67,102.5229,102.85,102.42,4828
2024-12-09,102.61,104.7903,106.27,102.61,2258
2024-12-10,103.52,103.9999,104.8,103.51,5729
2024-12-11,104.35,104.5498,104.5498,103.54,1660
2024-12-12,104.0,103.621,104.2127,103.621,3727
2024-12-13,103.36,103.9878,103.9878,102.95,1790
2024-12-16,103.63,104.1951,104.92,103.63,2747
2024-12-17,104.24,104.7527,105.0699,104.24,1336
2024-12-18,104.53,100.9885,105.4199,100.955,3134
2024-12-19,101.96,100.3719,101.96,100.3,1610
2024-12-20,99.75,99.7973,102.24,99.58,2303
2024-12-23,99.7,100.3126,100.52,99.59,5057
2024-12-24,101.71,101.9322,102.12,101.2263,4023
2024-12-26,101.95,102.6,102.6,101.95,1110
2024-12-27,100.725,100.6691,101.1099,100.6691,1070
2024-12-30,99.86,99.638,100.289,98.905,6138
2024-12-31,100.12,98.7054,100.12,98.7054,1072
2025-01-02,99.69,98.7002,99.69,98.7002,957
2025-01-03,99.6,101.7324,101.83,99.6,7463
2025-01-06,102.21,101.5781,102.21,101.5781,1465
2025-01-07,102.68,100.6668,102.68,100.6668,837
2025-01-08,99.31,98.9396,99.31,98.66,726
2025-01-10,97.27,96.4617,97.27,96.0823,5784
2025-01-13,95.63,96.0597,96.0597,95.05,1537
2025-01-14,97.01,97.0217,97.36,97.01,1948
2025-01-15,99.27,99.2049,100.0,99.16,2030
2025-01-16,98.74,99.6205,99.7101,98.74,2920
2025-01-17,100.51,100.55,101.2019,100.35,1516
2025-01-21,101.18,100.525,101.18,99.82,4080
2025-01-22,100.08,98.6261,100.08,98.6261,2868
2025-01-23,98.26,98.895,98.895,97.98,2460
2025-01-24,99.36,99.8552,100.047,99.36,3978
2025-01-27,99.61,99.39,99.791,98.94,4911
2025-01-28,99.3,98.3523,99.3,97.43,2749
2025-01-29,98.38,97.9817,98.8,97.96,2585
2025-01-30,99.19,100.0302,100.25,99.19,1746
2025-01-31,99.89,99.1543,100.725,99.1543,3130
2025-02-03,96.74,97.8871,98.035,96.611,4091
2025-02-04,98.54,99.3765,99.805,98.54,1859
2025-02-05,99.82,99.495,100.1299,99.495,3047
2025-02-06,100.24,100.4771,100.72,100.24,4928
2025-02-07,101.02,99.951,101.02,99.951,2318
2025-02-10,100.33,100.2258,100.3893,99.9811,3608
2025-02-11,99.43,98.8678,99.5,98.7036,1599
2025-02-12,99.15,99.7304,100.01,99.15,1565
2025-02-13,99.45,100.385,100.385,99.45,1184
2025-02-14,101.795,101.5051,101.795,101.475,794
2025-02-18,101.59,101.6118,101.74,101.42,1030
2025-02-19,102.24,102.0471,102.65,102.0471,2219
2025-02-20,102.74,102.6501,102.87,101.9,1981
2025-02-21,103.35,102.0702,103.5299,101.78,3537
2025-02-24,101.99,101.6991,102.1,101.6991,3323
2025-02-25,103.001,102.5336,103.001,101.85,2029
2025-02-26,103.54,103.31,104.38,103.31,1494
2025-02-27,102.84,101.7587,103.093,101.7587,2549
2025-02-28,100.77,100.8107,101.185,100.23,3019
2025-03-03,100.6,98.78,100.6,98.78,2187
2025-03-04,97.46,98.8452,99.5519,96.94,11997
2025-03-05,99.78,100.8556,100.8556,99.48,2652
2025-03-06,100.65,100.04,101.13,100.04,5078
2025-03-07,100.69,102.5048,102.555,100.69,4093
2025-03-10,101.37,100.9238,102.24,100.59,2515
2025-03-11,103.5,103.2619,103.5799,101.961,5824
2025-03-12,102.18,102.4572,102.54,102.18,845
2025-03-13,101.85,101.8052,102.31,101.8052,2506
2025-03-14,102.67,102.87,103.15,102.5668,1925
2025-03-17,103.375,104.36,104.5911,103.2705,1618
2025-03-18,104.1,103.9761,104.115,103.87,4493
2025-03-19,104.295,104.9567,105.85,104.295,1549
2025-03-20,103.79,103.8198,104.355,103.72,3405
2025-03-21,102.3,102.625,103.39,101.95,3307
2025-03-24,103.32,103.435,103.84,103.32,769
2025-03-25,103.37,103.18,103.45,102.86,3893
2025-03-26,103.16,101.91,103.16,101.91,536
2025-03-27,103.19,102.8734,103.415,102.8734,1053
2025-03-28,102.53,101.64,102.53,101.51,1099
2025-03-31,99.98,101.0981,101.1,99.98,1015
2025-04-01,101.02,101.5986,101.5986,100.585,2706
2025-04-02,100.69,102.4253,102.4253,100.69,489
2025-04-03,102.0557,102.1044,102.1044,102.03,3309
2025-04-04,97.89,95.553,97.89,95.06,2230
2025-04-07,90.53,91.5412,92.76,90.23,5904
2025-04-08,93.44,89.0646,93.44,88.51,1972
2025-04-09,89.33,96.6779,96.6779,89.33,2598
2025-04-10,94.3165,94.7747,94.9501,92.56,2007
2025-04-11,96.42,97.9251,97.9251,96.06,891
