2016-12-08,396000.0,391680.0,409200.0,384000.0,8
2016-12-09,386400.0,384000.0,407040.0,384000.0,0
2016-12-12,398400.0,384000.0,398400.0,384000.0,0
2016-12-13,384000.0,384000.0,398395.2,357120.0,1
2016-12-14,386400.0,384000.0,386400.0,384000.0,3
2016-12-15,394560.0,384000.0,394560.0,384000.0,1
2016-12-16,391200.0,384000.0,391200.0,384000.0,0
2016-12-19,391200.0,388800.0,393600.0,384240.0,0
2016-12-20,391200.0,390619.2,391200.0,385036.8,0
2016-12-21,387840.0,385920.0,387840.0,384000.0,0
2016-12-22,384000.0,384825.6,384960.0,384000.0,0
2016-12-23,388800.0,393120.0,398400.0,385920.0,1
2016-12-27,431040.0,396000.0,431040.0,389280.0,0
2016-12-28,406560.0,384000.0,414720.0,384000.0,1
2016-12-29,390240.0,391200.0,403200.0,386880.0,1
2016-12-30,393600.0,391200.0,402240.0,387360.0,0
2017-01-03,405600.0,384960.0,408384.0,384960.0,1
2017-01-04,407040.0,395040.0,407040.0,391680.0,0
2017-01-05,397920.0,395520.0,408000.0,392640.0,0
2017-01-06,405115.2,391680.0,405115.2,384000.0,0
2017-01-09,386400.0,375840.0,395520.0,366240.0,1
2017-01-10,394080.0,378720.0,394080.0,354240.0,0
2017-01-11,384480.0,388800.0,395040.0,369600.0,0
2017-01-12,393600.0,387360.0,395040.0,384465.6,0
2017-01-13,390720.0,450240.0,457920.0,386640.0,0
2017-01-17,485760.0,468000.0,512880.0,451200.0,1
2017-01-18,468000.0,473760.0,507614.4,448800.0,0
2017-01-19,472800.0,451200.0,472800.0,403300.8,0
2017-01-20,444000.0,423120.0,444000.0,413280.0,0
2017-01-23,374400.0,360000.0,402720.0,339120.0,4
2017-01-24,381120.0,354240.0,381120.0,347040.0,3
2017-01-25,373440.0,346560.0,378720.0,346084.8,1
2017-01-26,356160.0,342240.0,368385.6,338400.0,0
2017-01-27,359040.0,359520.0,375950.4,350400.0,0
2017-01-30,356625.6,362880.0,374025.6,351360.0,0
2017-01-31,378720.0,371520.0,392361.6,359337.6,0
2017-02-01,431520.0,390960.0,431520.0,384960.0,0
2017-02-02,407520.0,398400.0,415200.0,395040.0,0
2017-02-03,431520.0,408000.0,431520.0,406560.0,0
2017-02-06,426720.0,406080.0,426720.0,405600.0,0
2017-02-07,412800.0,412800.0,420960.0,408000.0,0
2017-02-08,408480.0,411360.0,415200.0,408000.0,0
2017-02-09,416160.0,405600.0,416160.0,405600.0,0
2017-02-10,407520.0,407520.0,430080.0,407520.0,0
2017-02-13,410400.0,400800.0,419040.0,400800.0,0
2017-02-14,437280.0,391200.0,437280.0,384000.0,0
2017-02-15,399840.0,391200.0,408000.0,391200.0,0
2017-02-16,401760.0,384000.0,407520.0,384000.0,0
2017-02-17,404640.0,386880.0,408000.0,386880.0,0
2017-02-21,392160.0,388800.0,396000.0,388800.0,0
2017-02-22,403200.0,392160.0,407040.0,389280.0,0
2017-02-23,394320.0,387840.0,402960.0,387840.0,0
2017-02-24,397920.0,389280.0,403195.2,389280.0,0
2017-02-27,394080.0,389760.0,396000.0,389280.0,0
2017-02-28,389712.0,389280.0,402134.4,389280.0,0
2017-03-01,393120.0,402720.0,407520.0,393120.0,0
2017-03-02,397440.0,396480.0,403200.0,396480.0,0
2017-03-03,432000.0,408000.0,432000.0,408000.0,0
2017-03-06,408480.0,425760.0,433920.0,396000.0,0
2017-03-07,431520.0,410880.0,460800.0,403200.0,0
2017-03-08,458371.2,408000.0,458371.2,408000.0,0
2017-03-09,422400.0,399360.0,437616.0,398880.0,0
2017-03-10,408000.0,405120.0,413280.0,404640.0,0
2017-03-13,428160.0,417600.0,441600.0,408480.0,0
2017-03-14,425280.0,440640.0,449280.0,417120.0,0
2017-03-15,442080.0,432480.0,453120.0,432480.0,0
2017-03-16,435499.2,425280.0,454080.0,412800.0,0
2017-03-17,434400.0,398400.0,440160.0,396960.0,1
2017-03-20,403200.0,407520.0,447657.6,395520.0,0
2017-03-21,416160.0,396480.0,425760.0,396000.0,0
2017-03-22,399360.0,385920.0,399360.0,359040.0,0
2017-03-23,388800.0,406560.0,406560.0,384480.0,0
2017-03-24,404160.0,397440.0,406560.0,377568.0,0
2017-03-27,391680.0,400800.0,406080.0,391680.0,0
2017-03-28,398400.0,393600.0,406080.0,380640.0,0
2017-03-29,385920.0,393600.0,397920.0,385920.0,0
2017-03-30,390240.0,384480.0,427555.2,384480.0,0
2017-03-31,408000.0,379680.0,408000.0,378700.8,1
2017-04-03,376800.0,384000.0,421084.8,376800.0,0
2017-04-04,388800.0,383040.0,392640.0,383040.0,0
2017-04-05,383520.0,383520.0,385948.8,375360.0,0
2017-04-06,378240.0,380160.0,384000.0,374880.0,0
2017-04-07,378480.0,383520.0,386880.0,378480.0,0
2017-04-10,390720.0,376800.0,407995.2,376800.0,0
2017-04-11,390240.0,381600.0,391200.0,380702.4,0
2017-04-12,395208.0,387840.0,395208.0,380640.0,0
2017-04-13,384000.0,384000.0,384000.0,379200.0,0
2017-04-17,393600.0,386400.0,393600.0,385440.0,0
2017-04-18,392640.0,384000.0,393600.0,378163.2,0
2017-04-19,384000.0,369600.0,388800.0,369600.0,0
2017-04-20,374400.0,366720.0,384000.0,363360.0,0
2017-04-21,372000.0,366720.0,376320.0,360960.0,0
2017-04-24,366240.0,361540.8,381600.0,359520.0,0
2017-04-25,383995.2,367680.0,383995.2,367680.0,0
2017-04-26,357931.2,353760.0,364152.0,353760.0,0
2017-04-27,358080.0,349920.0,364267.2,349920.0,0
2017-04-28,343200.0,343200.0,355200.0,336000.0,0
2017-05-01,347040.0,339360.0,383520.0,335040.0,0
2017-05-02,335040.0,327360.0,342720.0,327360.0,0
2017-05-03,327360.0,312480.0,327360.0,311030.4,0
2017-05-04,312480.0,315840.0,315840.0,307680.0,1
2017-05-05,316320.0,355200.0,355200.0,312000.0,0
2017-05-08,337920.0,325440.0,351787.2,321120.0,0
2017-05-09,324000.0,318720.0,335904.0,312480.0,0
2017-05-10,347520.0,335040.0,347520.0,321120.0,0
2017-05-11,335040.0,330720.0,348000.0,322080.0,0
2017-05-12,348000.0,353760.0,353760.0,332640.0,0
2017-05-15,354240.0,372000.0,373982.4,351840.0,0
2017-05-16,372000.0,383520.0,383520.0,372000.0,0
2017-05-17,369873.6,339840.0,369873.6,339840.0,0
2017-05-18,354720.0,327840.0,382128.0,327360.0,0
2017-05-19,340320.0,335520.0,344352.0,335520.0,0
2017-05-22,340320.0,337920.0,343200.0,328320.0,0
2017-05-23,329342.4,334080.0,340800.0,329342.4,0
2017-05-24,331200.0,338400.0,340800.0,331200.0,0
2017-05-25,337041.6,328320.0,337041.6,328320.0,0
2017-05-26,328320.0,312480.0,337632.0,312000.0,0
2017-05-30,325920.0,288960.0,325920.0,288960.0,0
2017-05-31,299040.0,292800.0,310348.8,281280.0,0
2017-06-01,318720.0,291360.0,318720.0,290400.0,0
2017-06-02,292800.0,283680.0,295680.0,264480.0,0
2017-06-05,287520.0,240000.0,288000.0,240000.0,0
2017-06-06,240480.0,234240.0,245616.0,232800.0,0
2017-06-07,234446.4,264000.0,264000.0,234446.4,1
2017-06-08,276000.0,269280.0,280320.0,256800.0,1
2017-06-09,286545.6,273600.0,286545.6,271200.0,0
2017-06-12,280800.0,296640.0,311520.0,271200.0,0
2017-06-13,312000.0,298080.0,312000.0,296640.0,0
2017-06-14,299520.0,287520.0,299520.0,283200.0,0
2017-06-15,283200.0,270960.0,284400.0,269280.0,0
2017-06-16,269760.0,297120.0,300000.0,269760.0,0
2017-06-19,300000.0,287808.0,300000.0,285600.0,0
2017-06-20,307200.0,288000.0,307200.0,285600.0,0
2017-06-21,291360.0,285600.0,291360.0,270720.0,0
2017-06-22,292560.0,290400.0,300000.0,280800.0,0
2017-06-23,293280.0,304320.0,304320.0,292800.0,1
2017-06-26,307200.0,290400.0,307200.0,286080.0,0
2017-06-27,297120.0,293371.2,297600.0,293371.2,0
2017-06-28,288480.0,281280.0,289440.0,280800.0,0
2017-06-29,283200.0,282240.0,299520.0,281361.6,0
2017-06-30,283200.0,273600.0,286080.0,273052.8,0
2017-07-03,286080.0,268680.0,288000.0,268680.0,0
2017-07-05,273120.0,250560.0,293836.8,250560.0,0
2017-07-06,248160.0,245280.0,256017.6,245280.0,0
2017-07-07,245760.0,259200.0,259200.0,241920.0,0
2017-07-10,276000.0,264480.0,282240.0,257760.0,0
2017-07-11,273196.8,255840.0,273196.8,249120.0,0
2017-07-12,256800.0,257760.0,267360.0,250080.0,1
2017-07-13,254400.0,243600.0,264960.0,243600.0,0
2017-07-14,255840.0,245760.0,255840.0,243360.0,0
2017-07-17,247200.0,237600.0,247200.0,227659.2,0
2017-07-18,242400.0,214080.0,242400.0,207091.2,0
2017-07-19,216000.0,199680.0,216000.0,198720.0,0
2017-07-20,199200.0,199200.0,205440.0,186355.2,0
2017-07-21,203520.0,200640.0,205569.6,192000.0,0
2017-07-24,201600.0,175382.4,201600.0,168484.8,0
2017-07-25,170880.0,134400.0,172320.0,125760.0,5
2017-07-26,147360.0,150720.0,163680.0,141321.6,3
2017-07-27,165600.0,144000.0,165600.0,141600.0,2
2017-07-28,150720.0,155035.2,161073.6,150720.0,0
2017-07-31,160800.0,164640.0,173280.0,156960.0,1
2017-08-01,170400.0,158880.0,170400.0,155520.0,0
2017-08-02,165600.0,148320.0,165600.0,148320.0,0
2017-08-03,147840.0,148800.0,159360.0,147840.0,0
2017-08-04,149280.0,148800.0,153806.4,148800.0,0
2017-08-07,158400.0,146880.0,158400.0,146880.0,0
2017-08-08,151324.8,150240.0,151324.8,147360.0,0
2017-08-09,147360.0,147840.0,150672.0,134400.0,1
2017-08-10,144480.0,131520.0,144480.0,127200.0,0
2017-08-11,124800.0,131520.0,137342.4,119040.0,1
2017-08-14,127200.0,129120.0,129120.0,119040.0,0
2017-08-15,129374.4,132480.0,132480.0,120480.0,0
2017-08-16,131520.0,136320.0,137174.4,131088.0,0
2017-08-17,136320.0,133440.0,138720.0,129600.0,1
2017-08-18,134400.0,121920.0,134400.0,97440.0,7
2017-08-21,123840.0,118080.0,123840.0,112800.0,1
2017-08-22,115200.0,113280.0,118545.6,110880.0,0
2017-08-23,111609.6,113280.0,115200.0,110880.0,0
2017-08-24,113760.0,112800.0,116640.0,110400.0,0
2017-08-25,112800.0,109920.0,112800.0,108480.0,0
2017-08-28,108484.8,106560.0,111840.0,105600.0,0
2017-08-29,106560.0,110400.0,112800.0,105600.0,0
2017-08-30,108000.0,109920.0,112320.0,105600.0,0
2017-08-31,112320.0,109920.0,114720.0,106080.0,1
2017-09-01,110793.6,112320.0,112800.0,110793.6,0
2017-09-05,110880.0,107520.0,117600.0,105600.0,1
2017-09-06,106776.0,107520.0,111600.0,104640.0,1
2017-09-07,107520.0,107520.0,108000.0,104880.0,0
2017-09-08,105600.0,103680.0,107040.0,101515.2,0
2017-09-11,106080.0,105120.0,108000.0,103680.0,0
2017-09-12,103200.0,99840.0,104160.0,99360.0,0
2017-09-13,98400.0,98400.0,104160.0,96960.0,1
2017-09-14,102739.2,100800.0,110880.0,100800.0,1
2017-09-15,101280.0,87840.0,103200.0,87840.0,2
2017-09-18,91680.0,73920.0,93120.0,73920.0,4
2017-09-19,84000.0,84480.0,90547.2,77760.0,3
2017-09-20,88800.0,82080.0,90014.4,79200.0,0
2017-09-21,87360.0,86880.0,88800.0,81600.0,1
2017-09-22,86400.0,89760.0,89760.0,85440.0,0
2017-09-25,89280.0,79200.0,95520.0,79200.0,0
2017-09-26,80160.0,81600.0,83956.8,80160.0,0
2017-09-27,82080.0,80640.0,83040.0,80640.0,0
2017-09-28,81600.0,87840.0,88800.0,80160.0,0
2017-09-29,88320.0,88800.0,95520.0,84700.8,0
2017-10-02,91200.0,102720.0,110788.8,91200.0,2
2017-10-03,104160.0,94560.0,106761.6,92160.0,0
2017-10-04,96000.0,96000.0,99326.4,95040.0,0
2017-10-05,98352.0,91680.0,98352.0,89280.0,1
2017-10-06,91680.0,88320.0,93120.0,81648.0,1
2017-10-09,90720.0,84000.0,90720.0,81600.0,1
2017-10-10,86755.2,84480.0,86755.2,80640.0,0
2017-10-11,85920.0,80640.0,88152.0,80640.0,0
2017-10-12,79680.0,76800.0,82560.0,76800.0,0
2017-10-13,76800.0,77280.0,89760.0,75840.0,1
2017-10-16,83520.0,88800.0,98880.0,79680.0,2
2017-10-17,90720.0,80160.0,90720.0,79680.0,0
2017-10-18,81600.0,78720.0,81600.0,72960.0,0
2017-10-19,79200.0,75360.0,79200.0,73008.0,0
2017-10-20,75840.0,76800.0,79680.0,72000.0,0
2017-10-23,77760.0,140160.0,166560.0,77760.0,268
2017-10-24,135360.0,124800.0,144000.0,113760.0,40
2017-10-25,121920.0,143040.0,144000.0,120000.0,24
2017-10-26,140640.0,128160.0,156000.0,124800.0,22
2017-10-27,128640.0,127200.0,130080.0,116160.0,4
2017-10-30,131040.0,129600.0,131040.0,115680.0,3
2017-10-31,127200.0,128640.0,128889.6,125280.0,1
2017-11-01,130560.0,133920.0,136320.0,125764.8,2
2017-11-02,132480.0,132480.0,137232.0,126240.0,1
2017-11-03,131520.0,138720.0,148800.0,125328.0,9
2017-11-06,142080.0,130560.0,142080.0,127204.8,2
2017-11-07,132000.0,119040.0,138240.0,117120.0,3
2017-11-08,118080.0,134400.0,185755.2,100800.0,24
2017-11-09,103680.0,97440.0,103680.0,89284.8,8
2017-11-10,98400.0,93600.0,98400.0,90720.0,2
2017-11-13,96000.0,84960.0,96000.0,83044.8,3
2017-11-14,84480.0,80160.0,84480.0,77280.0,1
2017-11-15,80160.0,76320.0,80160.0,73920.0,3
2017-11-16,77760.0,65280.0,80640.0,64800.0,12
2017-11-17,43680.0,41332.8,44640.0,41332.8,67
2017-11-20,42240.0,43435.2,43680.0,38880.0,29
2017-11-21,43200.0,42720.0,43435.2,41760.0,21
2017-11-22,43200.0,42244.8,43348.8,41280.0,12
2017-11-24,42720.0,43200.0,43204.8,42249.6,5
2017-11-27,42763.2,43080.0,43675.2,41236.8,5
2017-11-28,43200.0,42249.6,43200.0,41760.0,2
2017-11-29,42720.0,41769.6,43200.0,41760.0,1
2017-11-30,44160.0,42422.4,44160.0,42240.0,4
2017-12-01,43161.6,39360.0,43680.0,39360.0,18
2017-12-04,40670.4,36816.0,40795.2,36480.0,7
2017-12-05,37939.2,37272.0,37996.8,36148.8,1
2017-12-06,37272.0,36278.4,37838.4,36000.0,3
2017-12-07,36494.4,35726.4,36595.2,34080.0,3
2017-12-08,36000.0,35947.2,36000.0,34176.0,0
2017-12-11,36000.0,34992.0,36052.8,34560.0,4
2017-12-12,34080.0,34473.6,34800.0,33888.0,1
2017-12-13,34473.6,31200.0,34473.6,29928.0,5
2017-12-14,31214.4,31684.8,33072.0,31204.8,0
2017-12-15,32064.0,32299.2,33072.0,31680.0,1
2017-12-18,31680.0,32160.0,33604.8,31200.0,2
2017-12-19,33120.0,32640.0,33768.0,31680.0,2
2017-12-20,32160.0,33124.8,33600.0,31920.0,1
2017-12-21,32640.0,32400.0,32640.0,30864.0,6
2017-12-22,32400.0,31780.8,32404.8,30864.0,6
2017-12-26,32160.0,28320.0,32222.4,26880.0,9
2017-12-27,30192.0,28948.8,30192.0,27840.0,6
2017-12-28,27844.8,31670.4,31992.0,27844.8,6
2017-12-29,33777.6,34560.0,34560.0,31680.0,12
2018-01-02,35040.0,32208.0,35520.0,31440.0,5
2018-01-03,34080.0,33504.0,34080.0,32208.0,3
2018-01-04,33120.0,35520.0,35520.0,33120.0,2
2018-01-05,35520.0,35251.2,36000.0,34560.0,3
2018-01-08,36960.0,34099.2,37440.0,31200.0,11
2018-01-09,33600.0,33960.0,36000.0,32640.0,2
2018-01-10,34080.0,35016.0,35472.0,33120.0,2
2018-01-11,35808.0,35520.0,36000.0,34560.0,2
2018-01-12,35875.2,39806.4,46560.0,35280.48,33
2018-01-16,42240.0,41755.2,43195.2,39792.0,13
2018-01-17,40800.0,39254.4,41760.0,37440.0,5
2018-01-18,40560.0,37924.8,40704.0,36000.0,1
2018-01-19,39360.0,38112.0,39360.0,36484.8,1
2018-01-22,38880.0,38203.2,39355.2,37584.0,2
2018-01-23,38400.0,36974.4,38400.0,35520.0,1
2018-01-24,37372.8,38150.4,39840.0,36000.0,9
2018-01-25,38966.4,37142.4,39163.2,36000.0,2
2018-01-26,36672.0,34545.6,36672.0,34291.2,3
2018-01-29,33950.4,35678.4,35952.0,33840.0,2
2018-01-30,35678.4,33600.0,35678.4,33600.0,2
2018-01-31,35520.0,33840.0,35520.0,33600.0,2
2018-02-01,33600.0,32640.0,33820.8,32640.0,2
2018-02-02,32640.0,31809.6,33571.2,31680.0,1
2018-02-05,31809.6,31204.8,32841.6,30720.0,2
2018-02-06,30720.0,30480.0,32635.2,29280.0,1
2018-02-07,30590.4,33115.2,36000.0,30590.4,1
2018-02-08,33600.0,29280.0,33600.0,29280.0,1
2018-02-09,30240.0,29760.0,32044.8,29760.0,0
2018-02-12,30720.0,32155.2,33110.4,28800.0,3
2018-02-13,31963.2,31425.6,32145.6,31204.8,1
2018-02-14,31968.0,31195.2,31968.0,30768.0,1
2018-02-15,31358.4,31204.8,31608.0,30768.0,0
2018-02-16,31680.0,32160.0,33528.0,30720.48,0
2018-02-20,32160.0,30720.0,32160.0,30120.048,1
2018-02-21,30240.0,32160.0,32160.0,30240.0,0
2018-02-22,32160.0,35040.0,36000.0,31205.28,5
2018-02-23,35520.0,32472.0,36000.0,32472.0,3
2018-02-26,33600.0,31176.0,34555.2,29755.2,13
2018-02-27,31200.0,30168.0,32160.0,27936.0,3
2018-02-28,30734.4,28756.8,30734.4,28324.8,3
2018-03-01,29040.0,28320.0,29755.2,28080.0,1
2018-03-02,28675.2,29280.0,29280.0,27840.0,1
2018-03-05,30240.0,29750.4,30672.0,27844.8,1
2018-03-06,29280.0,28800.0,30240.0,28800.0,1
2018-03-07,29736.0,29760.0,30240.0,29040.0,0
2018-03-08,29760.0,29404.8,30235.2,29040.0,0
2018-03-09,29280.0,30000.0,30672.0,28800.0,1
2018-03-12,30720.0,30240.0,30720.0,28848.0,1
2018-03-13,31680.0,29918.4,31680.0,29284.8,1
2018-03-14,31200.0,31200.0,31200.0,29016.0,1
2018-03-15,31200.0,29280.0,31200.0,28862.4,1
2018-03-16,29760.0,30240.0,30720.0,28872.0,3
2018-03-19,30240.0,28800.0,30240.0,27844.8,5
2018-03-20,29280.0,29280.0,29280.0,26976.0,3
2018-03-21,27360.0,27868.8,28785.6,27360.0,1
2018-03-22,29232.0,27830.4,29232.0,27360.0,1
2018-03-23,27830.4,27360.0,28298.976,26899.2,1
2018-03-26,28704.0,27158.4,28800.0,26400.0,1
2018-03-27,27360.0,26400.0,28704.0,24213.456,1
2018-03-28,26400.0,26400.0,27720.0,24480.0,1
2018-03-29,25291.2,24480.0,25291.2,24000.0,1
2018-04-02,26400.0,24960.0,26879.04,24240.0,0
2018-04-03,26400.0,24480.0,26400.0,24480.0,0
2018-04-04,24288.0,24432.0,26107.2,21724.8,2
2018-04-05,24480.0,24299.904,24480.0,23040.0,0
2018-04-06,24168.0,23856.0,24168.0,23040.0,0
2018-04-09,23856.0,22552.128,24105.6,22552.128,1
2018-04-10,23112.0,21537.6,23112.0,21120.0,2
2018-04-11,22612.8,22944.0,22944.0,21201.6,2
2018-04-12,24000.0,23515.2,24000.0,21600.0,4
2018-04-13,22128.0,23760.0,23889.6,22128.0,0
2018-04-16,24480.0,22564.8,25440.0,22320.0,1
2018-04-17,22800.0,23054.4,23520.0,22800.0,1
2018-04-18,22800.0,22320.0,23472.0,22320.0,0
2018-04-19,22320.0,22113.6,22320.0,22084.8,0
2018-04-20,22128.0,21600.0,22272.0,21139.2,0
2018-04-23,21360.0,21100.8,22080.0,20592.0,0
2018-04-24,20515.2,21600.0,22080.0,20515.2,0
2018-04-25,20160.0,21600.0,21600.0,20160.0,0
2018-04-26,22560.0,21264.0,22560.0,19200.0,0
2018-04-27,19200.0,21600.0,22080.0,19200.0,0
2018-04-30,22080.0,21600.0,22080.0,20971.2,0
2018-05-01,21120.0,21600.0,21600.0,21120.0,0
2018-05-02,22080.0,20073.6,22080.0,20073.6,0
2018-05-03,22080.0,21720.0,22080.0,20692.8,1
2018-05-04,21648.0,21600.0,22080.0,19828.8,0
2018-05-07,22080.0,21166.992,22080.0,20160.48,1
2018-05-08,20313.6,20908.8,23040.0,20313.6,3
2018-05-09,21120.0,20640.0,21120.0,19257.6,1
2018-05-10,20640.0,19680.0,20640.0,19358.4,1
2018-05-11,19358.4,19673.952,20155.2,19358.4,0
2018-05-14,19680.0,20640.0,21120.0,19680.0,4
2018-05-15,20640.0,15648.0,20640.0,15648.0,6
2018-05-16,18240.0,15345.6,18240.0,14400.0,4
2018-05-17,15024.0,15590.4,16324.8,14496.0,2
2018-05-18,16704.0,15148.8,17054.4,14400.0,3
2018-05-21,19200.0,60000.0,61920.0,17040.0,920
2018-05-22,73440.0,60960.0,91200.0,58560.0,860
2018-05-23,76320.0,71520.0,76800.0,60480.0,274
2018-05-24,67200.0,60960.0,74400.0,59040.0,81
2018-05-25,62880.0,58560.0,63724.8,53760.0,42
2018-05-29,57120.0,60960.0,64800.0,55200.0,41
2018-05-30,62880.0,67680.0,69120.0,61036.8,44
2018-05-31,68640.0,64320.0,69120.0,62400.0,21
2018-06-01,68160.0,67200.0,68160.0,60480.0,25
2018-06-04,71040.0,65760.0,71505.6,64800.0,14
2018-06-05,68640.0,88800.0,90720.0,65548.8,113
2018-06-06,95520.0,98400.0,113760.0,87360.0,200
2018-06-07,96960.0,79680.0,96960.0,78720.0,47
2018-06-08,79200.0,67680.0,80145.6,65280.0,52
2018-06-11,75360.0,84480.0,88320.0,75360.0,142
2018-06-12,80640.0,78720.0,84000.0,73920.0,31
2018-06-13,79200.0,80640.0,82560.0,76800.0,15
2018-06-14,81600.0,78240.0,81600.0,76800.0,16
2018-06-15,79200.0,80640.0,80640.0,78720.0,11
2018-06-18,80160.0,87840.0,90720.0,76800.0,42
2018-06-19,84000.0,87360.0,88800.0,83040.0,22
2018-06-20,91200.0,101280.0,101760.0,90264.0,44
2018-06-21,102240.0,99120.0,109440.0,93600.0,52
2018-06-22,96000.0,92160.0,97920.0,86400.0,21
2018-06-25,93600.0,92160.0,97872.0,90720.0,14
2018-06-26,91680.0,89280.0,92160.0,86400.0,17
2018-06-27,88800.0,86400.0,91680.0,84480.0,12
2018-06-28,88800.0,84000.0,88800.0,83040.0,10
2018-06-29,85920.0,78240.0,87312.0,76800.0,14
2018-07-02,80640.0,75892.8,80640.0,72960.0,8
2018-07-03,75840.0,75840.0,82080.0,73920.0,5
2018-07-05,75840.0,81600.0,81600.0,75840.0,6
2018-07-06,81600.0,79680.0,83520.0,75840.0,7
2018-07-09,79680.0,77760.0,81004.8,77280.0,6
2018-07-10,76800.0,74400.0,77280.0,72000.0,9
2018-07-11,72480.0,65280.0,73920.0,65280.0,17
2018-07-12,63360.0,64800.0,66240.0,59040.0,21
2018-07-13,77760.0,78240.0,88800.0,69600.0,124
2018-07-16,84000.0,76800.0,92160.0,74400.0,94
2018-07-17,76800.0,73920.0,77284.8,69600.0,16
2018-07-18,72000.0,71040.0,72000.0,69600.0,12
2018-07-19,76800.0,75840.0,83520.0,72000.0,61
2018-07-20,74880.0,76320.0,78720.0,74400.0,11
2018-07-23,74400.0,71040.0,76800.0,70080.0,14
2018-07-24,72000.0,66240.0,72844.8,65760.0,12
2018-07-25,65280.0,63360.0,66240.0,60960.0,18
2018-07-26,63840.0,62880.0,64800.0,61920.0,6
2018-07-27,62880.0,60480.0,62918.4,59520.0,9
2018-07-30,62400.0,60960.0,62400.0,60000.0,6
2018-07-31,60480.0,57120.0,61440.0,55200.0,12
2018-08-01,61440.0,63840.0,70560.0,61440.0,29
2018-08-02,61920.0,58560.0,63360.0,58555.2,13
2018-08-03,58560.0,55680.0,60000.0,55680.0,11
2018-08-06,52800.0,45643.2,52800.0,43200.0,36
2018-08-07,47040.0,47097.6,53582.4,45628.8,27
2018-08-08,50400.0,47116.8,50400.0,47040.0,6
2018-08-09,50400.0,46372.8,50400.0,43339.2,15
2018-08-10,47040.0,48960.0,50400.0,45499.2,7
2018-08-13,49920.0,48960.0,51360.0,48480.0,13
2018-08-14,43200.0,45172.8,46800.0,41280.0,25
2018-08-15,44160.0,43200.0,46035.6,41280.0,13
2018-08-16,43200.0,43680.0,45025.2,41520.0,11
2018-08-17,43680.0,42720.0,43824.0,42240.0,4
2018-08-20,43608.0,41280.0,43608.0,40800.0,9
2018-08-21,41212.8,38520.0,41212.8,36960.48,10
2018-08-22,38400.0,39009.6,40800.0,37334.4,6
2018-08-23,40320.0,44179.2,48960.0,40272.0,31
2018-08-24,46320.0,42436.8,47520.0,42240.0,12
2018-08-27,44160.0,42240.0,44995.2,39600.0,6
2018-08-28,42240.0,42240.0,43200.0,40800.0,4
2018-08-29,42720.0,42590.4,42720.0,40944.0,3
2018-08-30,42720.0,42955.2,43200.0,41788.8,3
2018-08-31,42182.4,42240.0,43200.0,41040.0,3
2018-09-04,43200.0,40324.8,43200.0,40320.0,6
2018-09-05,42480.0,39902.4,42720.0,39840.0,6
2018-09-06,39888.0,40320.0,41280.0,39888.0,3
2018-09-07,40670.4,39360.0,40709.952,38544.0,2
2018-09-10,39360.0,37588.8,40800.0,36960.0,4
2018-09-11,37920.0,36768.0,39360.0,36000.0,5
2018-09-12,36000.0,35236.8,36960.0,34080.0,4
2018-09-13,34248.0,34924.8,35760.0,34080.0,2
2018-09-14,35040.0,33744.0,35435.52,33696.0,3
2018-09-17,34046.4,34080.0,35051.52,33648.0,1
2018-09-18,34560.0,33115.2,35270.4,32851.2,2
2018-09-19,33120.0,32884.8,34080.0,32160.0,3
2018-09-20,33120.0,34545.6,35040.0,32164.8,2
2018-09-21,35520.0,38400.0,48000.0,35275.2,40
2018-09-24,37598.4,40032.0,40320.0,36336.0,8
2018-09-25,37488.0,37440.0,40248.0,37440.0,4
2018-09-26,38592.0,36270.72,39254.4,35520.0,4
2018-09-27,34560.0,34670.4,36220.8,33600.0,4
2018-09-28,33652.8,33120.0,36000.0,31200.0,5
2018-10-01,33120.0,33705.6,36000.0,32640.0,2
2018-10-02,33600.0,32836.8,33998.4,32640.0,3
2018-10-03,32644.8,33432.0,33672.0,30724.8,4
2018-10-04,33600.0,32644.8,34625.52,32160.0,3
2018-10-05,32644.8,32644.8,33595.2,31680.0,3
2018-10-08,33600.0,36720.0,39264.0,32644.8,19
2018-10-09,36672.0,34320.0,38985.6,33120.0,4
2018-10-10,34560.0,34320.0,35116.8,33600.0,4
2018-10-11,33801.6,34032.0,34560.0,33600.0,1
2018-10-12,33840.0,34200.0,34560.0,33600.0,2
2018-10-15,34214.4,35520.0,36000.0,34180.8,2
2018-10-16,35908.8,34804.8,36000.0,33648.0,2
2018-10-17,35040.0,35164.8,35500.8,33648.0,1
2018-10-18,35040.0,45984.0,55200.0,35040.0,141
2018-10-19,48000.0,41318.4,54240.0,40800.0,59
2018-10-22,41760.0,44640.0,49920.0,40368.0,33
2018-10-23,44160.0,42720.0,49440.0,41280.0,27
2018-10-24,41544.0,40920.0,44428.8,39624.0,8
2018-10-25,42964.8,41280.0,42964.8,40800.0,5
2018-10-26,40800.0,40214.4,41280.0,37920.0,7
2018-10-29,39840.0,36000.0,39840.0,35236.8,9
2018-10-30,36480.0,34560.0,38158.08,33600.0,8
2018-10-31,36480.0,37920.0,38400.0,33600.0,4
2018-11-01,36960.0,38937.6,40800.0,35116.8,4
2018-11-02,39835.2,37920.0,40320.0,37694.4,2
2018-11-05,38433.6,38400.0,40080.0,37920.0,3
2018-11-06,39360.0,39360.0,41035.2,37924.8,2
2018-11-07,39360.0,39840.0,40800.0,39360.0,2
2018-11-08,39168.0,40564.8,40800.0,38956.416,1
2018-11-09,42240.0,41640.0,42480.0,40320.0,5
2018-11-12,43200.0,41332.8,44160.0,41280.0,5
2018-11-13,43200.0,38203.2,43200.0,36960.0,4
2018-11-14,37824.0,34089.6,37824.0,32476.8,6
2018-11-15,34132.8,34089.6,35760.0,34080.0,2
2018-11-16,33600.0,33936.0,35520.0,33235.2,2
2018-11-19,33600.0,33408.0,35400.0,33124.8,2
2018-11-20,33120.0,31200.0,33768.0,30724.8,4
2018-11-21,33600.0,32616.0,33926.4,32160.0,1
2018-11-23,33120.0,33120.0,33600.0,33120.0,0
2018-11-26,32164.8,32932.8,33110.4,30720.0,2
2018-11-27,31680.0,31739.088,32385.6,31680.0,1
2018-11-28,31728.0,30240.0,32256.0,29174.4,4
2018-11-29,30624.0,31680.0,32640.0,30244.8,2
2018-11-30,30720.0,31104.0,33120.0,30720.0,1
2018-12-03,32640.0,32160.0,32644.8,30336.0,1
2018-12-04,31675.2,32208.0,32304.0,30720.0,1
2018-12-06,32640.0,30974.4,32640.0,30480.0,1
2018-12-07,32438.4,30244.8,32494.464,30240.0,1
2018-12-10,30240.0,33284.352,35520.0,30240.0,6
2018-12-11,33600.0,32558.4,34560.0,30964.8,6
2018-12-12,31684.8,30240.0,32212.8,29760.0,5
2018-12-13,30720.0,29760.0,31104.0,28939.2,1
2018-12-14,29856.0,29088.0,29856.0,29088.0,1
2018-12-17,28800.0,28320.0,29760.0,28320.0,2
2018-12-18,28324.8,28800.0,29760.0,28324.8,0
2018-12-19,29740.8,29040.0,29760.0,28800.0,0
2018-12-20,29280.0,27628.8,29745.6,26400.0,2
2018-12-21,27360.0,28651.2,29760.0,27360.0,2
2018-12-24,27360.0,27844.8,28310.4,27360.0,0
2018-12-26,29635.2,27360.0,29635.2,26880.0,1
2018-12-27,27360.0,27360.0,28800.0,27360.0,1
2018-12-28,27542.4,27739.2,28262.4,27360.0,4
2018-12-31,28320.0,28089.6,28800.0,27360.0,3
2019-01-02,29760.0,33446.4,33600.0,29289.6,2
2019-01-03,33600.0,30720.0,33600.0,30720.0,1
2019-01-04,30244.8,31358.4,32625.6,30244.8,0
2019-01-07,33072.0,35034.816,35520.0,31791.36,2
2019-01-08,39360.0,39086.4,44424.0,36720.0,13
2019-01-09,39600.0,36552.0,39600.0,34560.0,2
2019-01-10,37920.0,36480.0,37968.0,36417.6,1
2019-01-11,36480.0,37320.0,37968.0,36480.0,0
2019-01-14,38400.0,38880.0,40320.0,37444.8,2
2019-01-15,40320.0,39840.0,40800.0,38404.8,3
2019-01-16,40656.0,39216.0,40656.0,38884.8,0
2019-01-17,39580.8,39864.0,40320.0,38880.0,1
2019-01-18,40320.0,38860.8,40320.0,38400.0,1
2019-01-22,40320.0,37920.0,40320.0,37646.4,1
2019-01-23,37920.0,38856.192,40060.8,37920.0,0
2019-01-24,38880.0,38922.24,39840.0,37920.0,0
2019-01-25,38880.0,37920.0,39840.0,32942.4,2
2019-01-28,39360.0,39312.0,39360.0,37824.0,0
2019-01-29,39360.0,39120.0,40320.0,38880.0,1
2019-01-30,38400.0,38476.416,39840.0,36000.0,1
2019-01-31,38596.8,37440.0,39360.0,36960.0,2
2019-02-01,38395.2,38880.0,39355.2,36960.0,1
2019-02-04,38880.0,39364.8,40800.0,38880.0,2
2019-02-05,38400.0,40795.2,41275.2,38400.0,3
2019-02-06,43200.0,46541.04,47520.0,41802.816,12
2019-02-07,47040.0,42024.0,47520.0,41760.0,8
2019-02-08,41760.0,41361.6,42720.0,41044.8,2
2019-02-11,42720.0,41808.0,43056.0,40368.0,1
2019-02-12,41760.0,42398.4,44044.8,41760.0,1
2019-02-13,42240.0,43680.0,44644.8,42000.0,3
2019-02-14,43680.0,41006.4,45120.0,41006.4,2
2019-02-15,42240.0,43104.0,44064.0,41006.4,2
2019-02-19,43680.0,44160.0,44160.0,41760.0,2
2019-02-20,44160.0,42240.0,44160.0,42240.0,2
2019-02-21,42484.8,42864.0,43627.2,41760.0,0
2019-02-22,43632.0,44160.0,44160.0,42014.4,1
2019-02-25,44160.0,43680.0,44160.0,42720.0,2
2019-02-26,44160.0,44640.0,45600.0,43680.0,7
2019-02-27,45120.0,43680.0,45120.0,43675.2,2
2019-02-28,43680.0,43920.0,45953.568,43680.0,4
2019-03-01,43900.8,44400.0,45360.0,43728.0,1
2019-03-04,44160.0,42720.0,44390.4,42480.0,2
2019-03-05,43680.0,44102.4,44160.0,41856.0,1
2019-03-06,44160.0,52800.0,54240.0,43200.0,24
2019-03-07,50400.0,51840.0,54720.0,47520.0,17
2019-03-08,51840.0,52320.0,52800.0,49440.0,4
2019-03-11,54720.0,48960.0,56160.0,47136.0,20
2019-03-12,45590.4,49920.0,52800.0,42964.8,19
2019-03-13,48000.0,54720.0,55680.0,48000.0,12
2019-03-14,55200.0,56640.0,58560.0,53280.0,7
2019-03-15,56640.0,53760.0,57120.0,53280.0,5
2019-03-18,54240.0,51840.0,56640.0,51840.0,6
2019-03-19,53760.0,51840.0,57120.0,51840.0,9
2019-03-20,53280.0,55200.0,56640.0,53280.0,6
2019-03-21,55680.0,57120.0,60960.0,55665.6,13
2019-03-22,60000.0,59040.0,60960.0,58080.0,6
2019-03-25,59520.0,65280.0,68160.0,59040.0,25
2019-03-26,66720.0,61440.0,66720.0,57120.0,15
2019-03-27,61440.0,65280.0,66124.8,60000.0,9
2019-03-28,66240.0,67680.0,74400.0,64243.2,28
2019-03-29,58560.0,58560.0,64320.0,55680.0,17
2019-04-01,61920.0,58560.0,61920.0,57600.0,3
2019-04-02,59040.0,53760.0,59040.0,53280.0,11
2019-04-03,55200.0,58080.0,65280.0,55200.0,9
2019-04-04,59040.0,58080.0,61680.0,57600.0,2
2019-04-05,58080.0,56361.6,59457.6,53760.0,4
2019-04-08,54720.0,54720.0,58560.0,54720.0,2
2019-04-09,55680.0,55200.0,56486.4,54480.0,3
2019-04-10,54720.0,55200.0,56640.0,53760.0,4
2019-04-11,55200.0,57120.0,59520.0,55185.6,3
2019-04-12,57120.0,58080.0,58560.0,57120.0,2
2019-04-15,59520.0,65280.0,65760.0,58464.0,9
2019-04-16,63840.0,68160.0,72480.0,63840.0,14
2019-04-17,69600.0,67680.0,71040.0,66240.0,4
2019-04-18,71520.0,69600.0,71520.0,67200.0,2
2019-04-22,69600.0,72960.0,75840.0,69600.0,9
2019-04-23,75840.0,72480.0,75840.0,69393.6,5
2019-04-24,72480.0,70560.0,74352.0,70056.0,4
2019-04-25,72000.0,72480.0,73766.4,71040.0,2
2019-04-26,72960.0,77760.0,77760.0,71040.0,7
2019-04-29,79680.0,80880.0,84000.0,78907.2,11
2019-04-30,79680.0,80640.0,81600.0,79200.0,4
2019-05-01,83040.0,85920.0,86400.0,81129.6,11
2019-05-02,87360.0,84960.0,87360.0,84480.0,5
2019-05-03,87840.0,87360.0,88800.0,84960.0,8
2019-05-06,88800.0,87840.0,88800.0,82080.0,8
2019-05-07,89280.0,90240.0,93600.0,86400.0,15
2019-05-08,91200.0,87840.0,91200.0,86880.0,5
2019-05-09,88800.0,84460.8,88800.0,83520.0,6
2019-05-10,84480.0,80160.0,85440.0,75840.0,11
2019-05-13,80160.0,81120.0,81600.0,77760.0,4
2019-05-14,81600.0,80640.0,82560.0,77280.0,4
2019-05-15,79200.0,80160.0,80184.0,77760.0,8
2019-05-16,72000.0,80160.0,81120.0,71040.0,15
2019-05-17,86400.0,81600.0,86400.0,79200.0,6
2019-05-20,83040.0,77760.0,83040.0,76800.0,4
2019-05-21,77280.0,72000.0,78720.0,71040.0,6
2019-05-22,72000.0,72360.0,75955.2,71520.0,3
2019-05-23,72000.0,75840.0,75840.0,71040.0,3
2019-05-24,76800.0,75360.0,76800.0,72000.0,2
2019-05-28,75360.0,73920.0,75360.0,73440.0,1
2019-05-29,72960.0,70560.0,74049.6,68640.0,4
2019-05-30,70080.0,71520.0,72225.6,67680.0,2
2019-05-31,70080.0,72480.0,74400.0,69600.0,2
2019-06-03,71520.0,70080.0,74400.0,69604.8,2
2019-06-04,70080.0,70560.0,72000.0,69600.0,1
2019-06-05,70080.0,72000.0,73828.8,70080.0,1
2019-06-06,72960.0,69120.0,73440.0,68640.0,2
2019-06-07,69120.0,69120.0,72000.0,69120.0,2
2019-06-10,68640.0,70080.0,72000.0,68640.0,1
2019-06-11,71040.0,71520.0,72000.0,70080.0,1
2019-06-12,71520.0,70320.0,71990.4,70080.0,1
2019-06-13,71040.0,63840.0,71040.0,62409.6,4
2019-06-14,64320.0,65760.0,67680.0,64320.0,1
2019-06-17,65760.0,70560.0,72960.0,65760.0,2
2019-06-18,68640.0,68160.0,71760.0,67200.0,1
2019-06-19,68640.0,68160.0,70272.0,63840.0,2
2019-06-20,71040.0,74880.0,79200.0,69600.0,10
2019-06-21,74400.0,75360.0,75840.0,72960.0,1
2019-06-24,74400.0,72000.0,75360.0,72000.0,1
2019-06-25,71520.0,70560.0,73900.8,69600.0,1
2019-06-26,71040.0,72960.0,72960.0,71040.0,0
2019-06-27,72480.0,75840.0,75840.0,72480.0,2
2019-06-28,75360.0,86400.0,86400.0,75360.0,9
2019-07-01,85440.0,79680.0,85920.0,77760.0,4
2019-07-02,80640.0,82996.8,85886.4,79680.0,3
2019-07-03,82080.0,82334.4,84480.0,80640.0,1
2019-07-05,82080.0,82800.0,85440.0,81120.0,0
2019-07-08,84000.0,84480.0,84921.6,81600.0,4
2019-07-09,84480.0,84000.0,87835.2,82041.6,4
2019-07-10,84480.0,83188.8,86880.0,82080.0,6
2019-07-11,83040.0,73200.0,83040.0,72000.0,17
2019-07-12,64800.0,62880.0,64800.0,61920.0,24
2019-07-15,62400.0,63360.0,66720.0,62400.0,6
2019-07-16,67200.0,64320.0,67200.0,63360.0,4
2019-07-17,64320.0,63360.0,65760.0,63360.0,7
2019-07-18,63360.0,63835.2,65140.8,63360.0,2
2019-07-19,66240.0,64800.0,67200.0,63840.0,4
2019-07-22,67200.0,65760.0,67200.0,64320.0,3
2019-07-23,65760.0,64324.8,65760.0,63360.0,1
2019-07-24,64800.0,62880.0,64800.0,62400.0,2
2019-07-25,64320.0,63840.0,64627.2,62400.0,2
2019-07-26,63840.0,67680.0,70032.0,63379.2,5
2019-07-29,70080.0,71040.0,73440.0,69600.0,11
2019-07-30,72000.0,72720.0,75360.0,71520.0,4
2019-07-31,72960.0,74400.0,77760.0,72960.0,5
2019-08-01,74880.0,74880.0,76800.0,74400.0,3
2019-08-02,74880.0,74880.0,74880.0,72000.0,2
2019-08-05,73920.0,68640.0,73920.0,68640.0,3
2019-08-06,69600.0,69600.0,72000.0,67680.0,1
2019-08-07,72480.0,69120.0,72480.0,65280.0,2
2019-08-08,68160.0,67680.0,69600.0,67680.0,1
2019-08-09,67680.0,65760.0,69120.0,64800.0,1
2019-08-12,66240.0,63600.0,66787.2,57600.0,6
2019-08-13,63360.0,67512.0,68160.0,61444.8,3
2019-08-14,62400.0,60000.0,62400.0,55680.0,7
2019-08-15,60000.0,59520.0,62400.0,56640.0,3
2019-08-16,60000.0,65760.0,68160.0,58560.0,4
2019-08-19,66240.0,61440.0,68448.0,60480.0,3
2019-08-20,61440.0,60960.0,61804.8,59040.0,1
2019-08-21,60000.0,60480.0,64017.6,60000.0,1
2019-08-22,60960.0,47784.0,65280.0,45600.0,12
2019-08-23,48960.0,53760.0,58972.8,48960.0,12
2019-08-26,53760.0,55440.0,55680.0,48000.0,3
2019-08-27,55200.0,53280.0,58080.0,51480.0,5
2019-08-28,53760.0,50880.0,53760.0,49920.0,2
2019-08-29,50880.0,52800.0,55680.0,50880.0,1
2019-08-30,53280.0,51840.0,53760.0,51840.0,1
2019-09-03,53760.0,55200.0,55680.0,52324.8,0
2019-09-04,55680.0,52320.0,56160.0,50400.0,1
2019-09-05,54240.0,54240.0,55200.0,51364.8,2
2019-09-06,54720.0,53760.0,55200.0,53280.0,0
2019-09-09,54720.0,52800.0,54720.0,50400.0,2
2019-09-10,52320.0,48960.0,52320.0,47040.0,5
2019-09-11,49440.0,48480.0,50400.0,45600.0,11
2019-09-12,48960.0,45576.0,49440.0,44160.0,6
2019-09-13,45600.0,41760.0,48480.0,41280.0,10
2019-09-16,44640.0,44788.8,47515.2,41769.6,7
2019-09-17,47520.0,44160.0,50400.0,43680.0,2
2019-09-18,43200.0,44385.6,47382.912,43200.0,2
2019-09-19,44160.0,46080.0,47899.2,44160.0,2
2019-09-20,46262.4,47904.0,48000.0,46262.4,1
2019-09-23,47760.0,48000.0,48480.0,47058.768,2
2019-09-24,46560.0,47832.0,48000.0,46560.0,0
2019-09-25,46080.0,47308.8,48000.0,46080.0,0
2019-09-26,51360.0,49838.4,51360.0,48000.0,1
2019-09-27,49920.0,48960.0,52320.0,48960.0,1
2019-09-30,49440.0,48480.0,49440.0,48000.0,0
2019-10-01,48480.0,47980.8,48480.0,46756.8,0
2019-10-02,48000.0,41760.0,48000.0,41760.0,5
2019-10-03,42720.0,44274.576,44582.64,42720.0,2
2019-10-04,44880.0,44152.368,45600.0,43425.6,0
2019-10-07,43200.0,42720.0,45120.0,41760.0,1
2019-10-08,42240.0,40800.0,42240.0,40800.0,1
2019-10-09,40800.0,38400.0,41952.0,38400.0,2
2019-10-10,38400.0,38880.0,39355.2,36484.8,4
2019-10-11,39020.928,40381.92,42096.0,38496.0,1
2019-10-14,38880.0,39552.0,39552.0,37920.0,3
2019-10-15,39360.0,39360.0,41250.048,38016.0,1
2019-10-16,38928.0,39360.0,42235.2,38400.0,0
2019-10-17,40320.0,39254.4,42038.4,38779.2,0
2019-10-18,38880.0,40084.8,40084.8,36964.8,1
2019-10-21,39840.0,37920.0,39840.0,36960.0,1
2019-10-22,37440.0,36969.6,37920.0,34656.0,1
2019-10-23,37147.2,36192.0,38400.0,35712.0,3
2019-10-24,37824.0,36537.6,37824.0,36537.6,0
2019-10-25,37588.8,36955.2,38400.0,36480.0,0
2019-10-28,34080.0,35284.8,37687.68,34080.0,3
2019-10-29,36000.0,33504.0,36912.0,33504.0,2
2019-10-30,33600.0,31459.2,33912.0,31200.0,5
2019-10-31,31459.2,34497.6,34560.0,31200.0,1
2019-11-01,35995.2,36720.0,38362.464,35040.0,1
2019-11-04,37444.8,36768.0,38683.2,36480.0,0
2019-11-05,34560.0,34084.8,36174.24,33614.4,3
2019-11-06,35520.0,34579.2,35520.0,33600.0,1
2019-11-07,34368.0,33120.0,35040.0,33120.0,0
2019-11-08,34080.0,32640.0,34911.888,31680.0,3
2019-11-11,31680.0,32649.6,33820.8,31396.8,2
2019-11-12,32640.0,37200.0,38683.2,31348.8,9
2019-11-13,31200.0,33172.8,35520.0,31200.0,4
2019-11-14,31680.0,31200.0,33595.2,31200.0,3
2019-11-15,31200.0,31531.2,33120.0,31200.0,1
2019-11-18,31200.0,30763.2,32640.0,29945.856,1
2019-11-19,30720.0,30686.4,31680.0,29280.0,1
2019-11-20,30254.4,30120.0,31680.0,29760.0,1
2019-11-21,30720.0,29258.4,30720.0,28814.4,2
2019-11-22,28800.0,28659.888,30652.8,28320.0,2
2019-11-25,27902.4,27960.0,30144.0,27902.4,1
2019-11-26,29760.0,29260.8,29760.0,27840.0,0
2019-11-27,28320.0,29688.0,29755.2,28320.0,1
2019-11-29,29760.0,29760.0,30240.0,28800.0,0
2019-12-02,29280.0,28790.4,30023.952,27931.2,1
2019-12-03,30240.0,29035.968,30240.0,28320.0,1
2019-12-04,29136.0,27840.0,29397.024,27840.0,0
2019-12-05,27902.4,28608.0,29280.0,27902.4,0
2019-12-06,30240.0,28089.6,30240.0,27840.0,1
2019-12-09,27408.0,27835.2,28800.0,27408.0,0
2019-12-10,28694.4,27840.0,28699.2,27360.0,2
2019-12-11,27969.6,26880.0,28800.0,25924.8,2
2019-12-12,25920.0,25924.8,26400.0,24960.0,2
2019-12-13,26040.0,26587.2,26675.568,25296.0,2
2019-12-16,26443.2,25704.0,27110.4,24960.0,2
2019-12-17,26160.0,25300.8,26875.2,25191.6,2
2019-12-18,25449.6,26712.0,27120.0,25440.0,1
2019-12-19,26755.2,26164.8,27072.0,25440.0,2
2019-12-20,25550.4,25939.2,26803.2,25540.8,1
2019-12-23,26304.0,25207.104,26304.0,24960.0,3
2019-12-24,24960.0,25204.8,25915.2,24960.0,0
2019-12-26,24960.0,25363.2,25896.0,24960.0,2
2019-12-27,25291.2,28320.0,30230.4,25291.2,6
2019-12-30,29280.0,26644.8,30096.0,25924.8,6
2019-12-31,26942.4,26400.0,27552.0,26040.0,2
2020-01-02,26400.0,26918.352,27835.2,25440.0,2
2020-01-03,27840.0,26400.0,27840.0,25776.0,0
2020-01-06,30244.8,28449.6,31200.0,27840.0,3
2020-01-07,30720.0,27364.8,30720.0,26832.0,2
2020-01-08,27364.8,28195.2,28977.6,27364.8,1
2020-01-09,28656.0,27115.2,28800.0,26496.0,2
2020-01-10,24960.0,25564.8,25920.0,24480.0,6
2020-01-13,25012.8,24240.0,25920.0,24000.0,3
2020-01-14,24979.2,25075.2,25430.4,22008.0,8
2020-01-15,24912.0,24729.6,25440.0,23040.0,2
2020-01-16,24729.6,28315.2,28800.0,24729.6,5
2020-01-17,28320.0,27552.0,29760.0,26712.0,5
2020-01-21,26400.0,28795.2,29688.0,26400.0,5
2020-01-22,28166.4,27696.0,28843.2,27360.0,1
2020-01-23,27360.0,21552.0,27556.8,21120.0,25
2020-01-24,16804.8,17136.0,17664.0,16320.0,59
2020-01-27,17136.0,18480.0,20640.0,16473.6,19
2020-01-28,17332.8,18960.0,19200.0,17332.8,7
2020-01-29,18672.0,17884.8,18897.6,17380.8,7
2020-01-30,18240.0,16852.8,18240.0,16339.2,7
2020-01-31,16531.2,16867.2,17904.0,14894.4,8
2020-02-03,16008.0,17472.0,17755.2,15499.2,2
2020-02-04,17337.6,16051.2,19344.0,15504.0,12
2020-02-05,16056.0,15648.0,27446.4,14535.12,135
2020-02-06,13608.0,13560.0,15096.0,13152.0,33
2020-02-07,12000.0,11544.0,12887.76,10800.0,47
2020-02-10,10992.0,12624.0,12863.76,10800.0,111
2020-02-11,12840.0,11232.0,13440.0,11088.0,80
2020-02-12,11232.0,11376.0,11928.0,10800.24,61
2020-02-13,10512.0,10872.0,11280.0,9240.0,92
2020-02-14,10800.0,9720.0,10800.0,9264.0,33
2020-02-18,8040.0,9888.0,10368.0,7894.8,33
2020-02-19,9840.0,10236.0,10608.0,8664.0,21
2020-02-20,10128.0,10608.0,10791.84,10079.76,10
2020-02-21,10560.0,10008.0,10656.0,9672.0,7
2020-02-24,10080.0,9312.0,10128.0,8706.72,22
2020-02-25,9264.0,8928.0,9595.92,8736.0,8
2020-02-26,8856.0,9168.0,9576.0,8640.0,11
2020-02-27,8976.0,8688.0,9120.0,8424.0,5
2020-02-28,9000.0,7968.0,9000.0,7896.0,13
2020-03-02,7944.0,7728.0,8107.2,7332.0,13
2020-03-03,7848.0,7200.0,8256.0,7200.0,6
2020-03-04,7224.24,6912.0,7754.64,6720.0,18
2020-03-05,6504.0,4920.0,7429.92,4920.0,363
2020-03-06,5952.0,5640.0,6000.0,5208.0,54
2020-03-09,5280.0,5280.0,5496.0,4800.24,28
2020-03-10,5112.0,5172.0,5592.0,4944.0,6
2020-03-11,5184.0,5952.0,6391.2,4982.4,20
2020-03-12,5760.0,6120.0,6120.0,5088.0,12
2020-03-13,5808.0,5280.0,6246.48,5256.24,5
2020-03-16,5064.0,4920.0,6024.0,4920.0,11
2020-03-17,4608.0,4488.0,4992.0,4272.0,11
2020-03-18,4032.0,4104.0,4486.32,3888.0,6
2020-03-19,4320.0,4536.0,4560.0,4068.72,2
2020-03-20,4752.0,4680.0,5040.0,4584.24,3
2020-03-23,4341.6,4536.0,4872.0,4008.0,4
2020-03-24,4380.0,4800.0,4800.0,4353.6,2
2020-03-25,4632.0,5148.0,5232.0,4440.0,5
2020-03-26,5280.0,5760.0,5760.0,4884.0,5
2020-03-27,5556.0,5808.0,5856.0,5329.44,3
2020-03-30,5880.0,5232.0,5880.0,4800.0,3
2020-03-31,5364.0,4968.0,5364.0,4968.0,1
2020-04-01,4872.0,5808.0,6096.0,4680.24,1
2020-04-02,5016.0,5640.0,5760.0,5016.0,22
2020-04-03,5304.0,5424.0,5591.28,4968.0,5
2020-04-06,5304.0,5856.0,5877.12,5256.0,4
2020-04-07,5760.0,5544.0,5982.72,5544.0,3
2020-04-08,5736.0,6552.0,7008.0,5664.24,14
2020-04-09,6552.0,6435.84,6600.0,6000.24,2
2020-04-13,6720.0,8088.0,8299.68,6042.0,28
2020-04-14,8136.0,7771.2,9096.0,7032.0,18
2020-04-15,7752.0,8520.0,10176.0,7704.0,59
2020-04-16,8400.0,9312.0,9600.0,7752.0,31
2020-04-17,9576.0,8280.0,9576.0,7944.0,20
2020-04-20,8520.0,7248.0,8854.56,7200.0,31
2020-04-21,7656.0,7320.0,7715.04,6120.0,63
2020-04-22,6000.0,6000.0,7224.24,6000.0,35
2020-04-23,6600.0,5856.0,6600.0,5736.0,26
2020-04-24,5832.0,5760.0,6192.0,5352.0,19
2020-04-27,6000.0,5760.0,6888.0,5675.52,26
2020-04-28,5736.0,5786.4,6000.0,5520.0,13
2020-04-29,5880.0,5424.0,6119.76,5264.4,41
2020-04-30,5400.0,5160.0,5508.0,4992.0,30
2020-05-01,5160.0,5160.0,5160.0,4824.0,17
2020-05-04,5400.0,5040.0,5400.0,4959.36,5
2020-05-05,4992.0,4992.0,5218.56,4763.76,42
2020-05-06,5160.0,4896.0,5160.0,4785.12,7
2020-05-07,4848.0,4848.0,5622.0,4728.0,90
2020-05-08,4944.0,5160.0,5447.76,4944.0,93
2020-05-11,5520.0,6120.0,6720.0,5160.0,1460
2020-05-12,6576.0,6384.0,7440.0,6048.0,1003
2020-05-13,5928.0,5760.0,6383.52,4944.0,292
2020-05-14,5520.0,5376.0,5520.0,4704.0,172
2020-05-15,4176.0,4008.0,4320.0,3600.0,493
2020-05-18,3720.0,3600.0,3903.84,3168.0,265
2020-05-19,3600.0,3888.0,4056.0,3600.0,139
2020-05-20,3864.0,3768.0,3864.0,3600.0,97
2020-05-21,3720.0,3720.0,3840.0,3600.48,56
2020-05-22,3624.0,3756.0,3816.0,3600.0,66
2020-05-26,3960.0,4104.0,4104.0,3792.0,135
2020-05-27,4200.0,4392.0,4560.0,3960.0,158
2020-05-28,4536.0,4512.0,4775.76,4248.0,190
2020-05-29,4728.0,4584.0,5520.0,4416.0,261
2020-06-01,4800.0,4680.0,4845.12,4440.0,99
2020-06-02,4728.0,4872.0,5256.0,4560.24,185
2020-06-03,5088.0,4824.0,5328.0,4800.0,164
2020-06-04,4848.0,4752.0,4944.0,4584.0,94
2020-06-05,4872.0,4632.0,4872.0,4392.0,166
2020-06-08,4824.0,4872.0,5364.0,4584.0,322
2020-06-09,4776.0,4776.0,5016.0,4680.0,77
2020-06-10,4800.0,4968.0,5208.0,4704.0,110
2020-06-11,4728.0,4416.0,4919.52,4272.0,121
2020-06-12,4632.0,4368.0,4680.0,4320.0,55
2020-06-15,4344.0,4368.0,4411.2,3840.0,81
2020-06-16,4440.0,4512.0,4608.0,4222.8,45
2020-06-17,4488.0,5040.0,5400.0,4464.24,331
2020-06-18,5040.0,4968.0,5448.0,4752.0,205
2020-06-19,4968.0,4704.0,5016.0,4704.0,60
2020-06-22,4752.0,4656.0,4842.96,4416.0,52
2020-06-23,4680.0,5244.0,5976.0,4584.0,580
2020-06-24,5040.0,4896.0,5092.8,4704.0,101
2020-06-25,4800.0,4992.0,5208.0,4776.0,77
2020-06-26,4872.0,5040.0,5136.0,4728.0,100
2020-06-29,5040.0,4968.0,5448.0,4824.0,125
2020-06-30,4992.0,4800.0,5040.0,4800.0,63
2020-07-01,4992.0,4872.0,5016.0,4548.0,95
2020-07-02,4848.0,4776.0,4944.0,4608.0,56
2020-07-06,4944.0,4920.0,5142.96,4680.0,92
2020-07-07,4872.0,4872.0,4968.0,4728.0,37
2020-07-08,4776.0,4656.0,4850.4,4656.0,49
2020-07-09,4728.0,4896.0,4920.0,4608.0,40
2020-07-10,4824.0,4728.0,4872.0,4656.0,44
2020-07-13,4656.0,4776.0,4920.0,4632.0,38
2020-07-14,4752.0,4872.0,5615.76,4680.0,435
2020-07-15,4872.0,4776.0,4944.0,4728.0,76
2020-07-16,5016.0,5475.84,5496.0,4896.0,184
2020-07-17,5592.0,5976.0,8064.0,5352.0,2133
2020-07-20,5640.0,4800.0,6168.0,4392.0,526
2020-07-21,5088.0,4872.0,5639.76,4632.0,157
2020-07-22,4872.0,4752.0,4968.0,4704.0,99
2020-07-23,4752.0,4680.0,4848.0,4392.0,106
2020-07-24,4728.0,4728.0,4848.0,4536.0,51
2020-07-27,4680.0,4584.0,4799.52,4440.0,76
2020-07-28,4560.0,4368.0,4584.0,4200.0,96
2020-07-29,4368.0,4416.0,4560.0,4320.0,43
2020-07-30,4488.0,4392.0,4512.0,4344.0,35
2020-07-31,4344.0,4320.0,4488.0,4320.0,43
2020-08-03,4320.0,4368.0,4488.0,4320.0,66
2020-08-04,4392.0,4920.0,5016.0,4392.0,397
2020-08-05,4680.0,4680.0,4968.0,4560.48,120
2020-08-06,4800.0,4992.0,5160.0,4800.0,163
2020-08-07,4992.0,4656.0,4992.0,4464.0,144
2020-08-10,4704.0,4992.0,5088.0,4584.0,201
2020-08-11,4968.0,4608.0,5088.0,4584.24,168
2020-08-12,4800.0,4272.0,5256.0,4080.0,835
2020-08-13,4008.0,4200.0,4248.0,4008.0,117
2020-08-14,4200.0,4248.0,4320.0,4056.0,72
2020-08-17,4248.0,4032.0,4272.0,3984.0,103
2020-08-18,4080.0,4032.0,4152.0,3984.0,49
2020-08-19,4008.0,4080.0,4128.0,3864.0,43
2020-08-20,4080.0,4128.0,4271.76,4008.0,37
2020-08-21,4080.0,3960.0,4104.0,3912.0,38
2020-08-24,3936.0,3720.0,4032.0,3648.0,60
2020-08-25,3720.0,3744.0,3816.0,3408.0,64
2020-08-26,3744.0,3576.0,3792.0,3576.0,27
2020-08-27,3624.0,3672.0,3699.6,3480.0,19
2020-08-28,3672.0,3576.0,3744.0,3504.0,36
2020-08-31,3600.0,3432.0,3707.52,3288.0,73
2020-09-01,3288.0,3480.0,3480.0,3288.0,41
2020-09-02,3840.0,3504.0,3840.0,3360.0,97
2020-09-03,3504.0,3648.0,3744.0,3504.0,35
2020-09-04,3648.0,3576.0,3816.0,3312.0,75
2020-09-08,3576.0,3600.0,3648.0,3336.0,16
2020-09-09,3576.0,3600.0,3696.0,3492.24,38
2020-09-10,3720.0,3960.0,4008.0,3600.0,98
2020-09-11,3888.0,3864.0,3984.0,3744.0,22
2020-09-14,3792.0,3816.0,3864.0,3600.0,6
2020-09-15,3744.0,3864.0,3935.52,3744.0,18
2020-09-16,3864.0,3696.0,3864.0,3648.0,13
2020-09-17,3648.0,3816.0,3840.0,3648.0,25
2020-09-18,3792.0,3768.0,3840.0,3720.0,7
2020-09-21,3720.0,3600.0,3720.0,3480.0,19
2020-09-22,3624.0,3600.0,3696.0,3528.0,9
2020-09-23,3648.0,3816.0,3840.0,3576.48,36
2020-09-24,3840.0,3624.0,3840.0,3624.0,12
2020-09-25,3600.0,3816.0,3816.0,3528.0,25
2020-09-28,4440.0,4128.0,4440.0,3816.0,259
2020-09-29,4272.0,4368.0,4416.0,3912.48,104
2020-09-30,4440.0,4512.0,4631.76,4320.0,87
2020-10-01,4512.0,4224.0,4560.0,4200.0,34
2020-10-02,4080.0,4272.0,4368.0,3912.0,38
2020-10-05,4272.0,4224.0,4483.44,4176.0,14
2020-10-06,4224.0,5088.0,5112.0,4224.0,163
2020-10-07,5304.0,4776.0,5304.0,4680.0,73
2020-10-08,4896.0,4813.2,4944.0,4320.0,54
2020-10-09,4848.0,4608.0,4848.0,4584.0,22
2020-10-12,4848.0,4560.0,4956.0,4560.0,14
2020-10-13,4560.0,4512.0,4776.0,4368.0,9
2020-10-14,4632.0,4512.0,4680.0,4464.0,3
2020-10-15,4560.0,4368.0,4560.0,4320.0,7
2020-10-16,4320.0,4392.0,4560.0,4320.0,10
2020-10-19,4392.0,4152.0,4392.0,4080.0,11
2020-10-20,4152.0,3984.0,4246.08,3960.0,22
2020-10-21,4080.0,4176.24,4248.0,4044.0,10
2020-10-22,4272.0,3840.0,4272.0,3600.0,52
2020-10-23,4080.0,4200.0,7680.0,4032.0,4809
2020-10-26,4080.0,3528.0,4104.0,3336.0,306
2020-10-27,3600.0,3480.0,3741.12,3408.0,83
2020-10-28,3360.0,3264.0,3432.0,3192.0,110
2020-10-29,3408.0,3504.0,3504.0,3312.0,39
2020-10-30,3480.0,3384.0,3527.52,3312.0,36
2020-11-02,3384.0,3360.0,3432.0,3240.0,19
2020-11-03,3312.0,3360.0,3456.0,3276.0,32
2020-11-04,3336.0,3360.0,3480.0,3264.0,25
2020-11-05,3312.0,3384.0,3435.12,3264.0,33
2020-11-06,3456.0,3360.0,3480.0,3264.24,51
2020-11-09,3408.0,3432.0,3456.0,3288.0,38
2020-11-10,3432.0,3480.0,3528.0,3408.0,36
2020-11-11,3480.0,3384.0,3480.0,3312.0,49
2020-11-12,3360.0,3384.0,3432.0,3312.0,23
2020-11-13,3360.0,3336.0,3420.0,3264.0,54
2020-11-16,3456.0,3360.0,3456.24,3292.32,35
2020-11-17,3360.0,3288.0,3360.0,3264.0,16
2020-11-18,3312.0,3384.0,3408.0,3300.48,33
2020-11-19,3408.0,3456.0,3456.0,3336.0,15
2020-11-20,3439.2,3480.0,3599.76,3408.0,74
2020-11-23,3456.0,3456.0,3456.0,3360.0,38
2020-11-24,3456.0,3569.76,3600.0,3384.48,65
2020-11-25,3600.0,3760.32,3778.32,3552.0,82
2020-11-27,3816.0,4008.0,4128.0,3780.0,61
2020-11-30,4032.0,3864.0,4032.0,3720.0,36
2020-12-01,3912.0,3816.0,3936.0,3792.0,31
2020-12-02,3744.0,3744.0,3816.0,3408.0,55
2020-12-03,3600.0,3744.0,3816.0,3600.0,25
2020-12-04,3696.0,3816.0,3816.0,3648.0,16
2020-12-07,3768.0,4344.0,4704.0,3768.0,1511
2020-12-08,3883.68,3744.0,4137.6,3624.0,599
2020-12-09,3648.0,3528.0,3720.0,3360.0,290
2020-12-10,3384.0,3456.0,3528.0,3363.36,73
2020-12-11,3480.0,3432.0,3480.0,3384.0,66
2020-12-14,3480.0,3480.0,3552.0,3408.0,50
2020-12-15,3480.0,3504.0,3528.0,3432.0,36
2020-12-16,3504.0,3528.0,3528.0,3384.0,34
2020-12-17,3480.0,3528.0,3528.0,3442.56,42
2020-12-18,3432.0,3408.0,3528.0,3408.0,94
2020-12-21,3504.0,3840.0,5112.0,3432.0,2865
2020-12-22,3840.0,3744.0,3859.2,3480.0,183
2020-12-23,3696.0,4128.0,4320.0,3696.0,401
2020-12-24,4056.0,3960.0,4104.0,3720.0,147
2020-12-28,3936.0,4200.0,4800.0,3847.68,507
2020-12-29,4200.0,4368.0,4536.0,4008.0,135
2020-12-30,4368.0,4176.0,4467.12,4008.0,160
2020-12-31,4248.0,4140.0,4248.0,4008.0,48
2021-01-04,4032.0,4080.0,4104.0,3840.0,86
2021-01-05,4008.0,4080.0,4295.76,3960.24,83
2021-01-06,4200.0,4104.0,4464.0,3984.0,141
2021-01-07,4104.0,4248.0,4320.0,4104.0,50
2021-01-08,4272.0,4272.0,4535.76,4200.0,80
2021-01-11,4368.0,4560.0,4776.0,4320.0,145
2021-01-12,4584.0,4536.0,4719.84,4440.0,58
2021-01-13,4680.0,4512.0,4680.0,4368.0,60
2021-01-14,4584.0,4584.0,4632.0,4416.0,53
2021-01-15,4656.0,4944.0,4944.0,4464.0,279
2021-01-19,4872.72,5112.0,5376.0,4800.0,321
2021-01-20,5712.0,5208.0,5736.0,5112.0,452
2021-01-21,5232.0,5232.0,5568.0,5040.0,182
2021-01-22,5280.0,5256.0,5352.0,5040.0,138
2021-01-25,5376.0,5448.0,5736.0,5088.0,230
2021-01-26,5568.0,5448.0,5712.0,5324.64,179
2021-01-27,5400.0,4656.0,5400.0,4440.0,660
2021-01-28,4560.0,4560.0,4704.0,4248.0,312
2021-01-29,4560.0,4272.0,4584.0,4223.76,212
2021-02-01,4296.0,4920.0,5040.0,4272.0,394
2021-02-02,4752.0,4632.0,4785.6,4440.0,183
2021-02-03,4800.0,4848.0,5160.0,4704.0,545
2021-02-04,4992.0,4752.0,4992.0,4632.0,167
2021-02-05,4776.0,5016.0,5160.0,4633.68,264
2021-02-08,5184.0,5040.0,5280.0,4944.0,401
2021-02-09,5280.0,5376.0,5472.0,5088.0,418
2021-02-10,5640.0,5160.0,6240.0,5088.0,900
2021-02-11,5376.0,5304.0,5640.0,5232.0,594
2021-02-12,5712.0,5472.0,5832.0,5304.0,846
2021-02-16,5808.0,5136.0,5880.0,5136.0,796
2021-02-17,5256.0,5184.0,5496.0,4944.0,549
2021-02-18,5352.0,4872.0,5423.76,4680.0,744
2021-02-19,4848.0,4896.0,5016.0,4704.0,484
2021-02-22,4848.0,4896.0,5136.0,4560.0,906
2021-02-23,4536.0,4848.0,5352.0,4344.0,1675
2021-02-24,4776.0,4848.0,5160.0,4728.0,655
2021-02-25,4896.0,4608.0,4896.0,4440.0,454
2021-02-26,4464.0,4296.0,4572.0,3912.0,605
2021-03-01,4320.0,4392.0,4656.0,4128.0,453
2021-03-02,4368.0,4104.0,4464.0,4008.0,329
2021-03-03,4128.0,4104.0,4128.0,3864.0,212
2021-03-04,3816.0,3576.0,4056.0,3456.0,420
2021-03-05,3624.0,3726.24,3792.0,3120.0,345
2021-03-08,3936.0,3720.0,3936.0,3600.0,140
2021-03-09,3840.0,4008.0,4032.0,3720.0,410
2021-03-10,4008.0,3864.0,4055.76,3720.0,231
2021-03-11,3960.0,4104.0,4104.0,3792.0,195
2021-03-12,4032.0,4128.0,4128.0,3945.6,118
2021-03-15,4128.0,4176.0,4247.76,3936.0,201
2021-03-16,4128.0,4080.0,4248.0,3960.0,320
2021-03-17,3960.0,4104.0,4224.0,3864.0,121
2021-03-18,4176.0,4032.0,4248.0,4025.28,1554
2021-03-19,7296.0,5448.0,7536.0,5352.0,31735
2021-03-22,5160.0,4776.0,5174.88,4608.0,2257
2021-03-23,4531.68,4224.0,4632.0,4128.0,1213
2021-03-24,4560.0,4752.0,4800.0,4320.0,1245
2021-03-25,4536.0,4728.0,4920.0,4200.0,835
2021-03-26,4368.0,4272.0,4512.0,4176.0,582
2021-03-29,4296.0,4128.0,4536.0,4104.0,381
2021-03-30,3996.0,3768.0,4056.0,3720.0,479
2021-03-31,3768.0,3984.0,4044.0,3744.0,280
2021-04-01,3912.0,4416.0,4464.0,3888.0,246
2021-04-05,4416.0,4176.0,4416.0,4080.0,263
2021-04-06,4080.0,4200.0,4272.0,4080.0,131
2021-04-07,4152.0,4056.0,4237.2,4008.0,135
2021-04-08,4056.0,4200.0,4248.0,4032.0,167
2021-04-09,4224.0,4056.0,4224.0,3912.0,190
2021-04-12,4032.0,3768.0,4032.0,3744.0,166
2021-04-13,3720.0,3792.0,3812.4,3600.0,152
2021-04-14,3744.0,3768.0,3885.36,3707.28,100
2021-04-15,3816.0,3600.0,3816.0,3600.0,114
2021-04-16,3600.0,3528.0,3652.8,3444.0,194
2021-04-19,3504.0,3720.0,3744.0,3408.0,112
2021-04-20,3768.0,3456.0,3768.0,3384.0,205
2021-04-21,3408.0,3696.0,3816.0,3398.64,120
2021-04-22,3755.76,3840.0,3914.16,3648.0,92
2021-04-23,3864.0,3864.0,3936.0,3792.0,59
2021-04-26,3912.0,3936.0,4008.0,3864.0,71
2021-04-27,3960.0,3936.0,3984.0,3840.0,45
2021-04-28,3888.0,4008.0,4104.0,3847.68,109
2021-04-29,3960.0,3864.0,4007.04,3816.0,72
2021-04-30,3888.0,3744.0,3925.44,3720.0,72
2021-05-03,3816.0,3816.0,3864.0,3744.0,42
2021-05-04,3840.0,3648.0,3840.0,3552.0,89
2021-05-05,3624.0,3744.0,3984.0,3600.0,283
2021-05-06,3696.0,3600.0,3840.0,3552.0,103
2021-05-07,3600.0,3672.0,3756.0,3600.0,39
2021-05-10,3672.0,3648.0,3779.28,3576.0,81
2021-05-11,3648.0,3696.0,3767.76,3552.0,105
2021-05-12,3672.0,3600.0,3744.0,3576.0,107
2021-05-13,3576.0,3672.0,3720.0,3431.52,127
2021-05-14,3528.0,3408.0,3648.24,3408.0,146
2021-05-17,3480.0,3576.0,3600.0,3408.0,125
2021-05-18,3600.0,3888.0,3936.0,3552.0,140
2021-05-19,3720.0,3828.72,3936.0,3648.0,58
2021-05-20,3816.0,3888.0,3936.0,3699.6,133
2021-05-21,3888.0,3888.0,3960.0,3816.0,73
2021-05-24,3960.0,3816.0,3960.0,3792.0,41
2021-05-25,3768.0,3696.0,3888.0,3696.0,113
2021-05-26,3672.0,3768.0,3840.0,3672.0,51
2021-05-27,3744.0,3912.0,3984.0,3744.0,80
2021-05-28,3912.0,3888.0,3984.0,3816.0,61
2021-06-01,3936.0,4032.0,4104.0,3888.0,123
2021-06-02,4056.0,4008.0,4080.0,3888.0,120
2021-06-03,3984.0,4080.0,4104.0,3936.0,123
2021-06-04,4104.0,4104.0,4176.0,4032.0,109
2021-06-07,4152.0,4128.0,4176.0,4056.0,64
2021-06-08,4128.0,4104.0,4189.44,4056.0,78
2021-06-09,4176.0,4272.0,4296.0,4104.0,120
2021-06-10,4272.0,4440.0,4464.0,4224.0,135
2021-06-11,4560.0,4344.0,4560.0,4248.0,104
2021-06-14,4392.0,4200.0,4433.04,4152.0,81
2021-06-15,4200.0,4080.0,4224.0,4042.08,78
2021-06-16,4080.0,4008.0,4104.0,3984.0,77
2021-06-17,3984.0,3912.0,4128.0,3912.0,33
2021-06-18,3936.0,3816.0,4008.0,3816.0,60
2021-06-21,3912.0,3744.0,3960.0,3600.0,90
2021-06-22,3672.0,3768.0,3864.0,3624.0,51
2021-06-23,3744.0,3696.0,3840.0,3648.0,87
2021-06-24,3768.0,3816.0,3840.0,3744.0,27
2021-06-25,3768.0,3984.0,4008.0,3768.0,108
2021-06-28,4104.0,3936.0,4152.0,3840.0,121
2021-06-29,3888.0,3864.0,4008.0,3840.0,66
2021-06-30,3936.0,3864.0,3936.0,3840.0,66
2021-07-01,3840.0,3960.0,4103.76,3792.24,330
2021-07-02,3864.0,3672.0,3912.0,3672.0,113
2021-07-06,4104.0,4224.0,4608.0,3950.88,1201
2021-07-07,4296.0,3888.0,4296.0,3840.0,383
2021-07-08,3840.0,3960.0,4104.0,3792.0,212
2021-07-09,4056.0,4080.0,4104.0,3960.0,102
2021-07-12,4128.0,4056.0,4151.76,4008.0,95
2021-07-13,3960.0,3936.0,4008.0,3888.0,68
2021-07-14,3912.0,3792.0,3972.0,3720.0,93
2021-07-15,3864.0,3792.0,3878.88,3720.0,62
2021-07-16,3840.0,3768.0,3864.0,3768.0,18
2021-07-19,3720.0,3792.0,3816.0,3624.0,79
2021-07-20,3744.0,3840.0,3924.0,3744.0,52
2021-07-21,3816.0,3840.0,3984.0,3816.0,57
2021-07-22,3792.0,3792.0,3845.52,3744.0,40
2021-07-23,3648.0,3696.0,3840.0,3648.0,52
2021-07-26,3720.0,3756.48,3840.0,3672.0,26
2021-07-27,3720.0,3624.0,3768.0,3624.0,45
2021-07-28,3624.0,3648.0,3720.0,3624.0,37
2021-07-29,3672.0,3648.0,3720.48,3624.0,24
2021-07-30,3624.0,3648.0,3720.0,3624.0,38
2021-08-02,3624.0,3696.0,3792.0,3624.0,23
2021-08-03,3672.0,3624.0,3672.0,3624.0,37
2021-08-04,3624.0,3576.0,3648.0,3528.0,57
2021-08-05,3576.0,3696.0,3768.0,3504.0,84
2021-08-06,3672.0,3840.0,3912.0,3648.0,61
2021-08-09,3792.0,3816.0,3840.0,3720.0,35
2021-08-10,3864.0,3768.0,3912.0,3696.0,37
2021-08-11,3720.0,3696.0,3840.0,3672.0,35
2021-08-12,3720.0,3696.24,3732.0,3624.0,53
2021-08-13,3792.0,3696.0,3792.0,3600.0,65
2021-08-16,3624.0,3624.0,3696.0,3600.0,51
2021-08-17,3624.0,3648.0,3669.6,3528.0,75
2021-08-18,3624.0,3600.0,3720.24,3528.0,85
2021-08-19,3696.0,4008.0,4176.0,3684.0,518
2021-08-20,3960.0,3960.0,4008.0,3816.0,137
2021-08-23,3912.0,4176.0,4344.0,3888.0,211
2021-08-24,4128.0,4248.0,4344.0,4032.0,90
2021-08-25,4272.0,4320.0,4416.0,4224.0,138
2021-08-26,4320.0,3936.0,4392.0,3912.0,135
2021-08-27,3984.0,3888.0,4248.0,3888.0,80
2021-08-30,3864.0,3984.0,4008.0,3864.0,25
2021-08-31,3960.0,4152.0,4152.0,3960.0,57
2021-09-01,4080.0,4032.0,4176.0,4008.0,20
2021-09-02,4032.0,4056.0,4152.0,3984.0,53
2021-09-03,4056.0,4056.0,4104.0,4011.84,20
2021-09-07,4056.0,4056.0,4152.0,3960.0,26
2021-09-08,4056.0,3960.0,4056.0,3912.0,25
2021-09-09,4008.0,4128.0,4272.0,4008.0,55
2021-09-10,4032.0,4080.0,4173.6,4008.0,54
2021-09-13,4059.6,4104.0,4176.0,3987.36,20
2021-09-14,4080.0,3936.0,4100.64,3936.0,28
2021-09-15,3936.0,3816.0,3957.12,3720.0,39
2021-09-16,3792.0,3792.0,3891.84,3744.0,29
2021-09-17,3840.0,3960.0,3960.0,3768.0,29
2021-09-20,3816.0,3744.0,3960.0,3696.0,39
2021-09-21,3768.0,3744.0,3816.0,3696.0,21
2021-09-22,3744.0,3720.0,3840.0,3648.0,122
2021-09-23,3720.0,3720.0,3743.76,3683.04,16
2021-09-24,3696.0,3744.0,3792.0,3696.0,22
2021-09-27,3768.0,3768.0,3888.0,3720.0,58
2021-09-28,3720.0,3720.0,3804.0,3720.0,19
2021-09-29,3720.0,3624.0,3764.4,3624.0,44
2021-09-30,3648.0,3624.0,3696.0,3600.0,27
2021-10-01,3672.0,3624.0,3787.68,3600.0,14
2021-10-04,3744.0,3576.0,3744.0,3552.0,21
2021-10-05,3624.0,3600.0,3650.16,3552.0,18
2021-10-06,3599.76,3648.0,3648.0,3528.0,25
2021-10-07,3672.0,3576.0,3672.0,3552.0,35
2021-10-08,3615.6,3552.0,3624.0,3504.0,28
2021-10-11,3504.0,3564.0,3600.0,3504.0,37
2021-10-12,3576.0,3576.0,3576.0,3528.0,15
2021-10-13,3529.92,3552.0,3576.0,3504.0,13
2021-10-14,3552.0,3576.0,3576.0,3504.0,27
2021-10-15,3576.0,3552.0,3576.0,3528.0,8
2021-10-18,3552.0,3617.52,3648.0,3504.0,32
2021-10-19,3648.0,3720.0,3720.0,3558.24,18
2021-10-20,3672.0,3648.0,3720.0,3584.64,8
2021-10-21,3624.0,3624.0,3743.76,3576.0,16
2021-10-22,3581.04,3554.88,3672.0,3552.0,13
2021-10-25,3552.0,3504.0,3576.0,3432.0,43
2021-10-26,3432.0,3552.0,3624.0,3410.88,2019
2021-10-27,3552.0,3672.0,3815.76,3456.0,519
2021-10-28,3600.0,3552.0,3792.0,3504.0,125
2021-10-29,3576.0,3528.0,3648.0,3528.0,45
2021-11-01,3528.0,3648.0,3684.0,3504.0,61
2021-11-02,3600.0,3648.0,3648.0,3600.0,28
2021-11-03,3648.0,3624.0,3744.0,3601.2,50
2021-11-04,3624.0,3696.0,3744.0,3624.0,29
2021-11-05,3648.0,3792.0,3864.0,3600.0,62
2021-11-08,3720.0,3912.0,4044.0,3720.0,117
2021-11-09,3960.0,3960.0,3990.96,3770.4,30
2021-11-10,3840.0,3720.0,3960.0,3720.0,85
2021-11-11,3648.0,3792.0,3888.0,3648.0,49
2021-11-12,3768.0,3792.0,3792.0,3662.88,18
2021-11-15,3744.0,3768.0,3792.0,3720.0,16
2021-11-16,3768.0,3720.0,3768.0,3600.0,33
2021-11-17,3672.0,3600.0,3739.2,3599.76,75
2021-11-18,3648.0,3384.0,3648.0,3384.0,148
2021-11-19,3432.0,3312.0,3456.0,3264.0,61
2021-11-22,3384.0,3240.0,3384.0,3168.0,98
2021-11-23,3240.0,3120.0,3240.0,3120.0,59
2021-11-24,3120.0,3192.0,3240.0,3072.0,70
2021-11-26,3192.0,3120.0,3212.64,3072.0,43
2021-11-29,3120.0,3000.0,3144.0,3000.0,46
2021-11-30,3024.0,2976.0,3048.0,2952.0,47
2021-12-01,2976.0,2856.0,3048.0,2856.0,51
2021-12-02,2832.0,2688.0,2880.0,2664.0,89
2021-12-03,2688.0,2520.0,2688.0,2376.0,197
2021-12-06,2496.0,2471.76,2568.0,2424.0,48
2021-12-07,2496.0,2424.0,2568.0,2394.0,98
2021-12-08,2424.0,2472.0,2544.0,2424.0,74
2021-12-09,2496.0,2616.0,2784.0,2472.24,184
2021-12-10,2616.0,2544.0,2664.0,2544.0,45
2021-12-13,2592.0,2544.0,2616.0,2472.0,22
2021-12-14,2520.0,2616.0,2616.0,2448.0,34
2021-12-15,2520.0,2496.0,2568.0,2448.0,84
2021-12-16,2520.0,2520.0,2567.76,2472.24,39
2021-12-17,2472.0,2520.0,2520.0,2448.0,18
2021-12-20,2472.0,2496.0,2496.0,2400.0,20
2021-12-21,2448.0,2472.0,2496.0,2376.0,77
2021-12-22,2496.0,2520.0,2616.0,2496.0,92
2021-12-23,2496.0,2520.0,2568.0,2399.52,60
2021-12-27,2448.0,2472.0,2544.0,2448.0,58
2021-12-28,2424.0,2469.6,2544.0,2424.0,95
2021-12-29,2424.0,2251.68,2496.0,2251.2,75
2021-12-30,2342.64,2400.0,2448.0,2254.32,59
2021-12-31,2424.0,2349.12,2424.0,2330.4,57
2022-01-03,2350.8,2472.0,2591.76,2345.04,72
2022-01-04,2448.0,2448.0,2495.76,2424.0,23
2022-01-05,2448.0,2424.0,2484.0,2407.68,44
2022-01-06,2376.0,2472.0,2472.48,2332.08,46
2022-01-07,2448.0,2448.0,2448.0,2388.24,16
2022-01-10,2400.72,2328.24,2400.72,2280.2424,42
2022-01-11,2280.0,2354.4,2375.76,2223.12,11
2022-01-12,2375.76,2400.0,2424.0,2328.0024,23
2022-01-13,2424.0,2424.0,2447.76,2352.24,31
2022-01-14,2337.6,2375.52,2400.0,2337.6,12
2022-01-18,2352.0,2296.8,2382.96,2293.2,12
2022-01-19,2280.0,2372.64,2375.76,2236.8,26
2022-01-20,2351.76,2312.4,2399.76,2285.28,30
2022-01-21,2312.4,2160.0,2312.4,2160.0,83
2022-01-24,2136.0,2064.0,2136.0,1880.88,62
2022-01-25,2208.0,2100.72,2208.0,2100.72,61
2022-01-26,2184.0,2231.76,2376.0,2160.48,61
2022-01-27,2232.0,2112.0,2241.6,2064.0,35
2022-01-28,2072.64,2136.0,2137.44,2016.24,25
2022-01-31,2135.76,2280.0,2287.2,2135.76,11
2022-02-01,2280.0,2247.84,2304.0,2232.0,26
2022-02-02,2256.0,2218.08,2279.76,2136.0,21
2022-02-03,2188.56,2167.2,2255.7576,2160.0,10
2022-02-04,2232.0,2208.0,2232.0,2136.0,20
2022-02-07,2208.0,2255.7576,2256.0,2160.72,8
2022-02-08,2232.0,2249.52,2316.0,2160.0,28
2022-02-09,2280.0,2292.24,2355.6,2275.2,10
2022-02-10,2328.0,2319.84,2344.0008,2280.24,9
2022-02-11,2328.0,2193.84,2328.96,2160.0,53
2022-02-14,2196.0,1965.12,2196.0,1944.48,123
2022-02-15,1968.0,2072.4,2114.4,1968.0,41
2022-02-16,2112.0,1978.08,2112.0,1920.0,36
2022-02-17,1987.44,1965.36,1996.8,1920.24,9
2022-02-18,1968.0,1963.2,2001.12,1866.48,30
2022-02-22,1968.0,1920.0,1968.0,1756.32,36
2022-02-23,1925.52,1848.0,1925.52,1776.0024,14
2022-02-24,1800.24,1797.6,1824.0,1704.48,51
2022-02-25,1848.0,1830.48,1872.0,1740.0,31
2022-02-28,1808.1864,1836.0,1896.0,1808.1864,10
2022-03-01,1847.76,1812.0,1848.0,1715.76,22
2022-03-02,1848.0,1808.64,1889.28,1715.76,46
2022-03-03,1848.0,1848.0,1848.0,1800.0,4
2022-03-04,1848.0,1766.4,1863.6,1764.96,18
2022-03-07,1728.0,1728.0,1752.0,1716.36,13
2022-03-08,1727.76,1728.0,1728.0,1621.68,47
2022-03-09,1704.0,1920.0,1920.0,1704.0,55
2022-03-10,1862.4,2255.52,2760.0,1802.6424,1268
2022-03-11,2136.0,1771.68,2159.52,1627.68,288
2022-03-14,1768.32,1661.04,1776.0,1657.2,45
2022-03-15,1608.0,1593.6,1706.4,1513.2,71
2022-03-16,1632.0,1639.2,1662.24,1542.6744,56
2022-03-17,1632.0,1728.24,1728.24,1584.2424,30
2022-03-18,1728.0,1778.64,1800.0,1719.12,38
2022-03-21,1778.64,1728.0,1848.0,1704.0,57
2022-03-22,1900.8,1996.56,2544.0,1800.0,2327
2022-03-23,1996.8,1830.48,2013.12,1790.4,171
2022-03-24,1860.0,1819.2,1867.2,1777.92,59
2022-03-25,1826.64,1752.0,1867.2,1704.72,44
2022-03-28,1752.0,1847.28,1919.52,1752.0,98
2022-03-29,1810.32,1848.0,1919.52,1810.32,93
2022-03-30,1835.28,1776.0,1835.28,1752.0,88
2022-03-31,1848.0,1752.0,1879.68,1752.0,41
2022-04-01,1777.2,1704.0,1800.0,1687.2672,27
2022-04-04,1800.0,1786.08,1896.0,1704.0,136
2022-04-05,1768.08,1713.12,1799.76,1704.0,27
2022-04-06,1774.08,1680.48,1774.08,1634.4,17
2022-04-07,1680.0,1642.08,1704.0,1608.0,17
2022-04-08,1638.24,1629.36,1724.4,1627.44,28
2022-04-11,1629.36,1546.8,1632.0,1536.0,59
2022-04-12,1560.0,1529.04,1598.4,1528.5576,45
2022-04-13,1582.56,1650.96,1680.0,1560.0,67
2022-04-14,1651.2,1623.36,1651.2,1584.24,8
2022-04-18,1651.2,1651.2,1651.2,1564.8,15
2022-04-19,1656.0,1656.0,1680.0,1598.2776,38
2022-04-20,1672.8,1621.2,1672.8,1610.88,8
2022-04-21,1680.0,1538.16,1680.0,1536.0,9
2022-04-22,1540.8,1537.2,1554.0,1512.96,15
2022-04-25,1524.0,1631.52,1676.8776,1512.0,13
2022-04-26,1632.0,1524.0,1632.0,1512.0,17
2022-04-27,1519.2,1487.7576,1578.0,1466.64,15
2022-04-28,1632.0,1584.0,1632.0,1487.52,25
2022-04-29,1656.0,1639.44,1656.0,1554.24,26
2022-05-02,1572.24,1632.0,1632.0,1536.24,9
2022-05-03,1560.0,1471.2,1560.0,1442.4,43
2022-05-04,1464.0,1520.4,1542.24,1454.16,11
2022-05-05,1512.0,1445.28,1512.0,1440.24,8
2022-05-06,1440.24,1368.0,1440.24,1344.0,28
2022-05-09,1308.96,1224.0,1370.4,1217.0424,33
2022-05-10,1224.0,1248.0,1277.76,1212.0,16
2022-05-11,1226.6424,1240.0752,1277.76,1226.6424,6
2022-05-12,1212.24,1233.6,1295.76,1008.24,29
2022-05-13,1048.56,1200.0,1288.32,930.48,31
2022-05-16,1272.0,1224.24,1283.8776,1209.84,13
2022-05-17,1235.76,1216.56,1235.76,1118.16,27
2022-05-18,1218.24,1141.2,1219.2,1128.72,9
2022-05-19,1177.2,1202.64,1217.52,1177.2,5
2022-05-20,1151.76,1152.24,1200.0,1104.0,6
2022-05-23,1176.2424,1178.4,1193.04,1159.608,7
2022-05-24,1131.12,1184.88,1200.0,1128.0,11
2022-05-25,1130.4,1206.6024,1272.0,1130.4,27
2022-05-26,1140.0,1152.0,1223.04,1140.0,28
2022-05-27,1199.76,1182.72,1200.0,1106.4,17
2022-05-31,1166.88,1190.16,1195.2,1139.76,11
2022-06-01,1224.0,1224.0,1248.0,1190.16,18
2022-06-02,1190.16,1216.08,1240.56,1190.16,5
2022-06-03,1248.0,1238.4,1261.176,1216.0824,13
2022-06-06,1272.0,1299.6,1305.84,1254.48,3
2022-06-07,1296.0,1296.0,1348.08,1248.0,9
2022-06-08,1320.0,1303.5624,1344.0,1296.0,9
2022-06-09,1326.48,1252.8,1326.48,1252.8,4
2022-06-10,1252.8,1224.0,1264.8,1176.0,7
2022-06-13,1272.0,1196.1264,1272.0,1176.0,4
2022-06-14,1176.24,1208.88,1386.96,1129.44,15
2022-06-15,1320.0,1320.0,1368.0,1206.48,28
2022-06-16,1344.0,1342.56,1357.44,1263.84,9
2022-06-17,1344.0,1247.28,1344.0,1135.68,12
2022-06-21,1248.0,1180.8,1286.16,1152.0,11
2022-06-22,1164.48,1152.0,1288.776,1152.0,3
2022-06-23,1200.0,1217.76,1284.0,1164.0,5
2022-06-24,1224.0,1282.08,1282.08,1164.72,9
2022-06-27,1282.08,1416.0,1416.0,1282.08,19
2022-06-28,1349.52,1391.52,1416.0,1344.0,11
2022-06-29,1411.2,1294.56,1439.52,1176.0,30
2022-06-30,1226.16,1265.76,1283.28,1208.88,6
2022-07-01,1308.0,1325.76,1335.36,1269.84,3
2022-07-05,1296.0,1215.6,1336.3176,1176.96,14
2022-07-06,1311.6,1313.28,1368.0,1298.8824,8
2022-07-07,1313.28,1235.04,1368.0,1176.0,38
2022-07-08,1235.04,1277.04,1306.8,1235.04,2
2022-07-11,1277.04,1252.08,1320.0,1224.0,5
2022-07-12,1225.68,1224.0,1295.52,1173.6,4
2022-07-13,1202.88,1248.0,1248.48,1202.88,4
2022-07-14,1232.3208,1248.0,1248.0,1224.2424,1
2022-07-15,1224.0,1248.24,1248.24,1224.0,2
2022-07-18,1272.0,1233.36,1319.9976,1224.0,7
2022-07-19,1224.4824,1271.04,1320.0,1224.4824,4
2022-07-20,1272.0,1200.0,1272.48,1200.0,7
2022-07-21,1200.0,1167.36,1254.0,1163.76,13
2022-07-22,1224.0,1228.08,1320.0,1224.0,20
2022-07-25,1226.88,1270.56,1296.0,1226.88,4
2022-07-26,1248.24,1201.2,1270.56,1201.2,4
2022-07-27,1208.0424,1200.0,1296.0,1200.0,10
2022-07-28,1211.5416,1253.04,1296.0,1200.0,6
2022-07-29,1245.36,1291.92,1291.92,1213.2,6
2022-08-01,1281.84,1464.0,1487.76,1281.84,64
2022-08-02,1512.0,1512.0,1548.0,1368.0,28
2022-08-03,1545.6,1565.04,1608.0,1489.44,31
2022-08-04,1632.0,1621.68,1728.0,1560.0,39
2022-08-05,1680.0,1617.12,1680.0,1584.0,9
2022-08-08,1584.0,1632.0,1652.16,1563.6024,19
2022-08-09,1634.4,1584.24,1728.0,1560.48,13
2022-08-10,1536.0,1593.6024,1680.0,1536.0,14
2022-08-11,1680.0,1651.68,1752.0,1612.32,38
2022-08-12,1608.0,1440.0,1608.24,1413.8424,55
2022-08-15,1463.76,1368.72,1487.76,1346.4,43
2022-08-16,1332.0,1320.0,1389.6,1320.0,3
2022-08-17,1337.88,1293.6,1354.56,1200.0,26
2022-08-18,1313.28,1295.76,1320.0,1224.0,31
2022-08-19,1389.6,1265.52,1389.6,1248.0,9
2022-08-22,1266.24,1296.0,1343.76,1248.24,7
2022-08-23,1343.7576,1365.6,1367.76,1331.88,5
2022-08-24,1343.76,1378.08,1389.6,1296.48,15
2022-08-25,1368.0,1344.0,1417.2,1320.0,10
2022-08-26,1333.2,1343.9976,1344.0,1325.76,1
2022-08-29,1344.0,1351.2,1351.2,1206.0,10
2022-08-30,1283.04,1322.88,1391.76,1283.04,8
2022-08-31,1254.24,1344.0,1392.0,1254.24,8
2022-09-01,1391.76,1200.0,1391.76,1159.92,20
2022-09-02,1224.0,1152.0,1224.0,1147.7976,11
2022-09-06,1119.4416,1116.0,1176.732,1116.0,6
2022-09-07,1140.0,1080.0,1204.7976,1080.0,20
2022-09-08,1092.0,1086.48,1137.6024,1086.48,4
2022-09-09,1080.48,1080.0,1134.72,931.44,85
2022-09-12,1115.52,1033.2,1115.52,1026.0,9
2022-09-13,1022.64,1053.12,1074.0,1022.4,5
2022-09-14,1053.12,1007.52,1079.76,986.4,15
2022-09-15,1057.68,1062.6648,1101.6,1008.24,26
2022-09-16,1056.0,1032.0,1056.0,986.4,11
2022-09-19,1008.0,1008.0,1008.24,936.0,40
2022-09-20,1008.0,995.2776,1008.0,936.24,3
2022-09-21,961.92,1032.0,1032.0,960.2424,3
2022-09-22,984.0,936.0,984.24,840.0,21
2022-09-23,960.0,930.0,960.0,857.76,7
2022-09-26,840.0,883.92,977.04,840.0,7
2022-09-27,848.6376,1029.6,1029.6,809.28,9
2022-09-28,948.48,974.4,974.4,912.0,7
2022-09-29,912.0024,940.08,970.8,912.0,4
2022-09-30,923.2824,841.2,963.12,840.0,12
2022-10-03,799.2,880.8,1029.576,799.2,54
2022-10-04,912.0,915.12,936.72,888.0,8
2022-10-05,936.72,864.24,936.72,848.1624,4
2022-10-06,821.04,857.52,878.4,821.04,8
2022-10-07,888.3576,760.8,936.0,759.84,8
2022-10-10,768.0,760.8,776.16,760.8,24
2022-10-11,737.28,672.0,737.28,647.136,27
2022-10-12,695.76,612.0,695.76,612.0,45
2022-10-13,601.2,601.44,660.1224,601.2,24
2022-10-14,599.76,612.0,713.76,599.76,17
2022-10-17,553.2,576.0,681.12,553.2,23
2022-10-18,681.12,556.8,681.12,525.24,340
2022-10-19,840.0,816.0,1344.0,744.0,16516
2022-10-20,737.04,672.0,817.68,626.4,620
2022-10-21,660.0,540.72,660.0,191.04,930
2022-10-24,540.48,511.44,540.48,408.0,209
2022-10-25,432.0,450.24,473.76,364.8,397
2022-10-26,434.4,447.12,515.76,420.0,264
2022-10-27,453.84,429.6,471.6,420.24,85
2022-10-28,417.36,403.44,446.64,384.0,144
2022-10-31,480.0,417.6,489.12,408.0,95
2022-11-01,408.0,422.64,441.6,408.0,117
2022-11-02,430.8,427.4376,438.0,408.24,69
2022-11-03,430.8,387.24,430.8,372.24,69
2022-11-04,372.0,387.6,402.0,372.0,33
2022-11-07,412.8,425.28,456.0,412.8,57
2022-11-08,425.28,372.0,430.8,336.0,116
2022-11-09,360.0,377.76,384.0,324.0,38
2022-11-10,355.68,357.36,385.0176,341.04,30
2022-11-11,407.76,376.56,407.76,357.36,65
2022-11-14,376.56,344.4,410.4,336.0,100
2022-11-15,360.0,467.76,926.16,340.8,21884
2022-11-16,468.0,390.0,478.8,285.612,4755
2022-11-17,328.8,354.0,369.612,320.4,809
2022-11-18,340.8,363.6,366.0,314.52,562
2022-11-21,342.0,341.4,352.764,326.4,310
2022-11-22,346.8,391.2,411.6,320.568,1002
2022-11-23,406.8,382.8,409.068,367.2,528
2022-11-25,382.8,384.0,391.2,374.4,70
2022-11-28,382.8,348.0,400.788,345.6,402
2022-11-29,375.6,378.0,391.2,348.0,364
2022-11-30,375.6,348.0,377.4,344.4,136
2022-12-01,354.0,351.6,365.568,349.2,92
2022-12-02,351.612,364.8,421.2,351.612,550
2022-12-05,379.2,373.2,379.2,360.084,163
2022-12-06,369.6,330.0,405.588,321.6,430
2022-12-07,321.0,310.8,329.4,292.8,404
2022-12-08,302.4,289.2,308.4,287.676,128
2022-12-09,291.6,304.332,308.712,291.396,73
2022-12-12,295.2,298.2,308.4,295.2,100
2022-12-13,306.0,342.0,408.0,300.0,2560
2022-12-14,320.4,324.6,327.0,295.212,150
2022-12-15,313.2,350.4,379.2,312.78,439
2022-12-16,350.4,316.8,361.2,312.0,327
2022-12-19,334.8,342.0,358.548,321.0,308
2022-12-20,333.6,337.2,338.4,308.4,102
2022-12-21,336.0,334.8,347.28,318.012,26
2022-12-22,338.4,328.8,349.08,326.448,26
2022-12-23,330.984,342.0,373.104,330.0,266
2022-12-27,351.6,336.0,354.0,336.0,103
2022-12-28,360.0,317.988,360.0,308.148,146
2022-12-29,309.768,339.24,349.2,309.768,83
2022-12-30,338.4,370.8,374.4,326.82,304
2023-01-03,369.6,402.0,492.0,364.8,1010
2023-01-04,421.2,357.6,424.8,325.2,493
2023-01-05,340.8,368.4,396.0,340.8,187
2023-01-06,394.8,395.988,401.364,371.412,91
2023-01-09,397.2,470.4,498.0,394.2,927
2023-01-10,487.2,528.0,556.8,447.072,775
2023-01-11,558.0,514.8,558.0,482.4,257
2023-01-12,499.2,504.0,512.4,487.2,70
2023-01-13,501.6,550.8,551.988,501.6,130
2023-01-17,552.0,549.6,595.104,535.2,360
2023-01-18,541.2,418.8,570.0,411.6,378
2023-01-19,441.6,469.2,477.972,439.044,148
2023-01-20,474.744,469.2,476.4,450.0,103
2023-01-23,441.6,462.0,464.4,441.6,168
2023-01-24,462.6,463.2,510.0,462.0,130
2023-01-25,454.8,476.4,483.6,454.8,61
2023-01-26,478.2,470.328,483.3,458.4,32
2023-01-27,469.2,484.8,496.8,469.2,36
2023-01-30,489.6,480.0,496.788,470.064,40
2023-01-31,459.6,459.6,504.48,457.2,102
2023-02-01,456.0,468.0,477.6,441.6,89
2023-02-02,466.8,487.2,513.54,465.6,129
2023-02-03,504.6,505.2,530.4,499.2,351
2023-02-06,531.6,534.0,809.52,457.2,17106
2023-02-07,540.0,444.0,546.0,398.4,9907
2023-02-08,429.6,372.0,468.0,372.0,20286
2023-02-09,369.6,316.8,369.6,302.4,4525
2023-02-10,307.2,274.8,342.312,271.2,2774
2023-02-13,278.4,270.0,309.6,264.876,5030
2023-02-14,270.0,242.4,297.6,229.2,2639
2023-02-15,250.8,258.0,264.0,229.2,879
2023-02-16,258.0,260.4,273.6,250.8,1057
2023-02-17,258.0,254.4,264.0,240.0,651
2023-02-21,261.6,235.2,261.6,226.8,967
2023-02-22,232.8,233.016,242.4,220.8,780
2023-02-23,243.6,236.4,243.6,228.0,482
2023-02-24,234.0,232.2,237.588,222.012,614
2023-02-27,232.8,255.6,270.0,224.4,1993
2023-02-28,267.6,253.2,269.988,248.4,1103
2023-03-01,254.4,250.8,258.0,243.6,330
2023-03-02,243.6,248.4,250.788,234.0,567
2023-03-03,247.2,249.612,255.6,241.2,258
2023-03-06,246.0,228.0,254.844,224.4,602
2023-03-07,220.8,230.4,232.8,216.0,472
2023-03-08,230.4,209.4,230.4,206.4,815
2023-03-09,206.4,195.252,210.0,192.0,766
2023-03-10,193.2,192.0,195.648,182.4,433
2023-03-13,187.2,182.4,193.188,177.6,472
2023-03-14,187.2,217.2,250.044,183.6,2001
2023-03-15,199.2,230.4,233.928,198.912,300
2023-03-16,234.0,225.936,234.0,211.2,238
2023-03-17,228.0,201.6,228.0,193.2,710
2023-03-20,216.0,190.8,216.0,186.0,397
2023-03-21,187.2,205.2,206.4,186.096,378
2023-03-22,213.6,225.6,253.5,202.8,3665
2023-03-23,217.2,176.4,219.6,171.6,2149
2023-03-24,170.4,175.2,178.8,165.6,510
2023-03-27,177.0,162.0,177.0,157.2,468
2023-03-28,163.2,159.6,165.6,159.6,129
2023-03-29,166.8,182.4,202.8,161.484,1770
2023-03-30,180.0,178.8,183.6,174.0,474
2023-03-31,178.788,178.8,182.4,174.0,413
2023-04-03,178.8,183.6,194.388,175.8,392
2023-04-04,180.0,184.8,190.8,180.0,319
2023-04-05,222.0,217.2,290.4,193.2,47499
2023-04-06,214.8,204.012,224.4,193.2,2771
2023-04-10,204.0,156.0,240.0,148.8,9101
2023-04-11,147.6,139.2,147.6,122.4,2807
2023-04-12,151.2,165.6,168.0,139.212,1777
2023-04-13,158.4,156.0,162.0,147.6,784
2023-04-14,156.0,151.2,164.388,146.4,789
2023-04-17,147.6,152.4,160.8,147.6,804
2023-04-18,152.4,184.8,194.4,147.6,5352
2023-04-19,193.2,181.2,202.8,179.988,3267
2023-04-20,182.568,166.8,188.796,163.02,1542
2023-04-21,166.884,171.6,185.988,165.612,830
2023-04-24,170.4,152.4,176.4,152.4,944
2023-04-25,154.8,154.8,164.4,153.792,388
2023-04-26,157.2,150.0,158.4,144.72,298
2023-04-27,147.6,141.6,155.052,136.8,647
2023-04-28,138.0,141.6,151.2,133.2,561
2023-05-01,144.0,145.2,147.6,141.6,357
2023-05-02,141.6,158.4,182.4,138.0,2957
2023-05-03,160.8,158.4,186.0,153.612,1813
2023-05-04,162.0,152.4,164.244,150.12,354
2023-05-05,150.0,156.0,164.508,150.0,443
2023-05-08,171.6,160.8,192.0,158.4,2336
2023-05-09,160.8,159.6,168.108,151.2,377
2023-05-10,154.8,165.6,168.984,152.4,591
2023-05-11,165.6,171.6,175.2,159.6,336
2023-05-12,146.4,155.4,163.2,144.0,255
2023-05-15,151.2,164.4,166.8,151.2,146
2023-05-16,167.328,159.6,167.928,156.252,196
2023-05-17,153.6,158.4,164.4,153.6,74
2023-05-18,164.4,158.4,164.4,154.812,254
2023-05-19,164.388,157.2,173.988,153.6,979
2023-05-22,159.6,160.8,162.12,152.4,154
2023-05-23,159.6,150.0,159.6,148.8,292
2023-05-24,150.0,165.6,166.8,142.8,269
2023-05-25,159.6,156.0,164.4,156.0,109
2023-05-26,160.8,152.4,160.8,150.012,93
2023-05-30,150.0,146.4,153.204,145.2,206
2023-05-31,147.6,141.6,147.6,141.096,2105
2023-06-01,158.4,153.6,164.4,145.2,2190
2023-06-02,157.2,151.2,157.2,146.4,244
2023-06-05,150.0,158.4,158.4,141.6,643
2023-06-06,153.6,159.6,165.12,152.4,369
2023-06-07,163.2,163.2,165.528,147.6,234
2023-06-08,164.4,164.4,164.4,157.2,61
2023-06-09,164.4,162.0,165.6,154.8,88
2023-06-12,159.6,152.4,160.74,152.4,131
2023-06-13,159.6,160.8,160.8,153.0,128
2023-06-14,156.0,158.4,160.8,153.6,138
2023-06-15,159.6,157.2,159.6,147.6,294
2023-06-16,159.6,146.4,160.8,146.4,196
2023-06-20,146.4,152.4,152.4,146.4,153
2023-06-21,147.6,146.4,151.2,138.072,387
2023-06-22,150.228,147.6,150.228,144.036,108
2023-06-23,147.6,141.6,148.8,141.6,86
2023-06-26,144.0,150.0,150.0,139.44,74
2023-06-27,147.6,147.6,150.0,143.4,42
2023-06-28,144.0,140.4,147.6,140.4,215
2023-06-29,139.2,139.2,150.0,139.2,212
2023-06-30,142.8,134.4,144.0,133.236,193
2023-07-03,135.6,142.8,142.8,135.6,59
2023-07-05,139.2,140.4,140.4,138.0,95
2023-07-06,135.6,140.4,140.4,134.4,110
2023-07-07,139.2,135.6,140.4,130.8,355
2023-07-10,138.0,132.0,138.0,132.0,270
2023-07-11,133.2,127.2,135.6,126.0,360
2023-07-12,127.2,120.0,130.692,114.012,724
2023-07-13,118.8,120.0,123.588,118.8,273
2023-07-14,116.4,117.6,121.2,109.2,333
2023-07-17,111.612,118.8,118.8,111.6,86
2023-07-18,114.0,115.2,121.2,113.16,213
2023-07-19,117.6,115.812,117.6,111.6,188
2023-07-20,116.4,114.204,116.4,109.2,169
2023-07-21,111.6,111.612,113.52372,110.4,115
2023-07-24,115.2,111.624,115.2,111.624,213
2023-07-25,111.456,111.36,114.0,107.7,127
2023-07-26,113.05188,113.052,113.052,109.74012,42
2023-07-27,115.2,113.76,115.2,111.6,56
2023-07-28,111.6,113.172,113.64,109.2,201
2023-07-31,111.6,111.6,112.44,110.16,39
2023-08-01,109.2,109.2,112.872,109.2,96
2023-08-02,109.2,106.8,110.772,105.252,164
2023-08-03,105.6,105.6,108.0,104.556,72
2023-08-04,106.8,102.0,108.6,102.0,163
2023-08-07,103.2,105.0,106.512,103.2,111
2023-08-08,102.0,96.276,104.4,92.4,676
2023-08-09,98.592,96.0,98.592,91.8,128
2023-08-10,93.0,91.2,100.8,90.012,237
2023-08-11,97.188,91.2,100.056,81.468,397
2023-08-14,91.2,86.784,92.28,82.32,377
2023-08-15,85.2,90.024,91.2,85.2,109
2023-08-16,92.4,96.7536,99.22788,90.6,125
2023-08-17,97.2,94.032,97.212,92.52,79
2023-08-18,92.64,90.0,92.64,87.0,82
2023-08-21,87.0,87.048,97.2,86.118,101
2023-08-22,88.416,84.12,88.416,84.0,87
2023-08-23,88.32,86.232,88.32,84.03612,58
2023-08-24,90.0,81.84,90.0,80.4,238
2023-08-25,79.212,77.088,88.06356,72.6,238
2023-08-28,81.6,74.4,81.6,72.072,377
2023-08-29,73.92,69.6,76.08,68.748,423
2023-08-30,69.6,68.4,72.3,66.06,373
2023-08-31,68.4,69.36,71.832,66.072,364
2023-09-01,69.36,67.32,75.348,66.0,256
2023-09-05,64.416,66.0,71.13,58.8,897
2023-09-06,64.02,68.16,70.56,60.0,754
2023-09-07,71.568,68.4,72.0,62.52,334
2023-09-08,66.12,65.4,68.14788,62.88,458
2023-09-11,66.384,66.384,66.384,66.384,2
2023-09-12,66.372,62.4,69.59988,62.4,162
2023-09-13,65.28,64.8,67.8,54.24,496
2023-09-14,58.8,59.76,63.324,57.84,255
2023-09-15,61.2,60.0,61.2,55.21212,685
2023-09-18,57.6,51.612,63.6,51.072,593
2023-09-19,52.812,54.012,59.4,51.612,2880
2023-09-20,57.54,58.8,61.50012,55.2,1048
2023-09-21,60.0,54.024,60.0,54.0,182
2023-09-22,54.0,53.364,55.2,50.28,377
2023-09-25,50.952,50.52,55.224,49.332,123
2023-09-26,55.2,49.8,78.0,44.112,12720
2023-09-27,48.3,48.6,52.8,46.728,1228
2023-09-28,48.672,51.684,53.4,47.028,531
2023-09-29,50.28,50.4,51.684,49.2,139
2023-10-02,51.252,50.988,51.252,49.2,190
2023-10-03,52.788,46.44,54.0,45.36,696
2023-10-04,45.6,53.28,55.26,43.2,3280
2023-10-05,55.2,46.656,55.2,44.208,1979
2023-10-06,45.6,44.844,46.632,43.644,1097
2023-10-09,45.84,41.09256,47.124,38.4,1428
2023-10-10,41.088,43.476,44.4,38.22,598
2023-10-11,45.6,42.12,45.6,38.4,1269
2023-10-12,45.6,44.4,48.0,40.32,8707
2023-10-13,44.58,40.5,45.588,37.332,2500
2023-10-16,41.04,40.5,41.04,38.76,508
2023-10-17,39.72,45.0,53.28,39.6,3498
2023-10-18,47.76,47.748,48.0,44.4,1192
2023-10-19,45.78,43.86,48.59412,43.86,899
2023-10-20,43.2,43.8,46.788,43.2,221
2023-10-23,43.8,43.08,47.988,38.4,459
2023-10-24,43.2,40.524,43.416,37.332,632
2023-10-25,39.24,37.32,40.8,36.024,265
2023-10-26,36.18,37.2,39.804,36.0,202
2023-10-27,39.588,37.2,39.588,34.14,398
2023-10-30,37.2,36.6,39.708,36.0,104
2023-10-31,38.16,36.0,38.4,34.284,280
2023-11-01,35.88,35.34,39.096,33.612,173
2023-11-02,36.132,39.6,39.708,34.812,449
2023-11-03,39.72,39.72,42.468,37.788,224
2023-11-06,40.41612,38.664,43.92,37.21212,426
2023-11-07,37.32,34.2,41.88,33.6,856
2023-11-08,34.8,34.2,35.988,31.2,617
2023-11-09,37.2,41.64,45.6,36.6,5028
2023-11-10,36.0,28.62,38.72088,26.496,5745
2023-11-13,38.856,25.248,39.948,25.212,124460
2023-11-14,24.24,21.336,25.2,21.0,12045
2023-11-15,22.8,21.72,26.4,21.72,14553
2023-11-16,24.72,21.78,26.16,21.0,11998
2023-11-17,26.0,23.4,30.8,22.7,215863
2023-11-20,24.1,29.7,29.7,23.9,71097
2023-11-21,29.7,28.0,30.8,25.5,14577
2023-11-22,27.5,24.6,27.7,24.6,10993
2023-11-24,23.1,21.7,23.4,20.0,14112
2023-11-27,18.9,18.8,22.198,17.5,154937
2023-11-28,11.5,9.3,11.7,8.706,214548
2023-11-29,8.725,9.3,10.0,8.725,80904
2023-11-30,10.0,9.6,10.0,8.8,29409
2023-12-01,9.348,9.613,9.788,9.151,25366
2023-12-04,9.613,9.751,10.4,9.1,44201
2023-12-05,9.399,8.214,9.688,8.0,39172
2023-12-06,7.999,7.02,8.108,7.0,53838
2023-12-07,7.2,6.95,7.45,6.1,26209
2023-12-08,6.93,6.6,6.93,6.4,19696
2023-12-11,7.0,5.8,7.0,5.633,33611
2023-12-12,6.062,5.59,6.141,5.2,11366
2023-12-13,5.442,5.655,5.69899,5.3,8612
2023-12-14,6.8,7.599,9.842,6.0,568731
2023-12-15,7.6,5.849,7.697,5.722,107781
2023-12-18,6.8,7.001,7.602,6.5,176679
2023-12-19,6.801,6.6,7.395,6.41881,50378
2023-12-20,6.423,6.598,6.85956,6.229,22394
2023-12-21,6.7,7.587,7.7,6.502,49461
2023-12-22,8.646,7.9,9.7,7.21,529297
2023-12-26,7.9,8.01,8.37,7.213,55811
2023-12-27,7.6,8.625,9.34,7.6,474827
2023-12-28,15.5,17.3,21.4,12.1,7871818
2023-12-29,14.2,12.7,16.3,11.902,562953
2024-01-02,15.0,16.0,17.8,14.2,1317462
2024-01-03,15.2,14.1,16.0,14.0,213722
2024-01-04,13.8,13.2,14.2,12.786,77217
2024-01-05,13.0,12.0,13.3,11.7,91261
2024-01-08,13.5,12.7,14.4,12.3,108513
2024-01-09,12.4,12.1,12.89,11.9,44572
2024-01-10,12.6,12.3,12.6,11.8,26814
2024-01-11,11.9,11.4,12.102,11.0,51095
2024-01-12,11.1,10.9,12.1,10.3,35214
2024-01-16,10.1,9.237,10.9,9.17052,41820
2024-01-17,9.0,8.8,9.5,8.427,17476
2024-01-18,8.5,8.409,8.6,8.002,20780
2024-01-19,8.5,7.707,8.8,7.1,21554
2024-01-22,7.537,7.251,7.599,6.291,24321
2024-01-23,7.2,9.201,9.7,7.2,52235
2024-01-24,9.201,8.593,9.201,8.24,17313
2024-01-25,8.699,8.21,8.8,8.21,10567
2024-01-26,8.4,7.81,8.4,7.5,12414
2024-01-29,8.815,8.4,8.815,8.221,23313
2024-01-30,8.346,8.166,8.5,8.1,12225
2024-01-31,8.105,7.85,8.4,7.594,10261
2024-02-01,7.943,8.695,8.695,7.605,17106
2024-02-02,8.5,8.998,9.099,8.1,11540
2024-02-05,9.1,10.701,11.0,9.0,190224
2024-02-06,10.5,10.6,10.8,9.8,23671
2024-02-07,10.6,11.2,12.3,10.0,51909
2024-02-08,11.7,10.2,11.892,9.7,43273
2024-02-09,10.2,10.6,10.9,10.0,13509
2024-02-12,11.5,11.9,13.3,11.1,242396
2024-02-13,12.0,11.0,12.001,10.0,36929
2024-02-14,11.3,10.3,11.4,10.25,35485
2024-02-15,10.7,10.6,11.7,10.3,40654
2024-02-16,11.4,10.9,11.494,10.4,22443
2024-02-20,11.0,10.6,11.282,10.301,25078
2024-02-21,10.5,11.5,12.0,10.5,26151
2024-02-22,10.9,9.218,10.9,8.5,62943
2024-02-23,9.1,8.872,9.6,8.0,42706
2024-02-26,9.0,9.121,9.5,8.703,28297
2024-02-27,9.468,9.25,9.746,8.9,11191
2024-02-28,9.2,9.1,9.358,9.0,5854
2024-02-29,9.399,8.995,9.399,8.541,11816
2024-03-01,9.1,8.91,9.1,8.6,12728
2024-03-04,8.8,8.63,8.898,8.531,15378
2024-03-05,8.6,8.799,8.829,8.5,4112
2024-03-06,8.9,8.973,9.1,8.60101,3785
2024-03-07,8.8,8.6,8.89,8.6,8088
2024-03-08,8.555,8.52,8.8,8.5,3373
2024-03-11,8.5,8.6,8.655,8.5,5197
2024-03-12,8.7,8.334,8.7,8.323,4771
2024-03-13,8.78,8.558,8.78,8.407,1769
2024-03-14,8.366,7.6,8.598,7.345,31389
2024-03-15,7.75,7.305,8.25,7.301,10023
2024-03-18,7.53,7.184,7.7,7.11,9217
2024-03-19,7.4,7.39,7.7,7.298,3360
2024-03-20,7.5,7.59,7.8,7.406,6226
2024-03-21,7.54,7.501,7.8,7.4,4615
2024-03-22,7.5,6.88,7.85,6.63,11109
2024-03-25,6.8,7.015,7.289,6.8,4009
2024-03-26,7.2,6.891,7.2,6.89,3460
2024-03-27,6.89,6.98,7.3,6.801,4237
2024-03-28,6.9,6.825,6.99999,6.8,5625
2024-04-01,6.979,7.003,7.2,6.875,5086
2024-04-02,6.72,6.89,7.15,6.72,1592
2024-04-03,6.71,7.0,7.1,6.701,3522
2024-04-04,6.8,6.854,7.158,6.745,4621
2024-04-05,6.83,6.651,6.865,6.65,4412
2024-04-08,6.649,6.74399,6.965,6.3,7609
2024-04-09,6.68,6.35,6.961,6.246,7940
2024-04-10,6.35,7.299,7.419,6.15,15322
2024-04-11,7.2,7.41,8.161,6.9,20481
2024-04-12,7.8,8.372,9.107,7.2,32493
2024-04-15,8.6,7.8724,9.485,7.855,32251
2024-04-16,7.897,7.499,8.222,7.352,10443
2024-04-17,7.8,7.3,8.0,7.22,5097
2024-04-18,7.2,7.0,7.699,7.0,4313
2024-04-19,7.4,7.179,7.794,7.0,5207
2024-04-22,7.4,7.433,7.434,7.0,2971
2024-04-23,7.585,7.41,7.6,7.1,3548
2024-04-24,7.5,7.612,7.799,7.156,2044
2024-04-25,7.31,7.498,7.499,7.0,3669
2024-04-26,7.27651,7.285,7.5,7.2,2775
2024-04-29,7.6,7.443,7.6,7.219,1305
2024-04-30,7.245,7.598,7.599,7.16,2392
2024-05-01,7.159,7.877,7.888,7.159,4434
2024-05-02,7.996,8.627,9.15,7.8,20081
2024-05-03,8.8,8.622,8.8,8.403,6687
2024-05-06,8.74951,8.4139,8.74951,7.9,16412
2024-05-07,8.39,8.201,8.8,8.2,6264
2024-05-08,8.49,8.429,8.7,8.0,5186
2024-05-09,8.91,9.19299,9.488,8.4,24179
2024-05-10,9.4,6.785,9.4,6.5,38170
2024-05-13,7.0,6.9,7.485,6.8,17233
2024-05-14,6.825,6.46,7.055,6.412,6662
2024-05-15,6.5,6.689,6.96,6.136,9443
2024-05-16,6.745,6.825,7.199,6.32372,10294
2024-05-17,6.7,6.9,7.18899,6.54,5654
2024-05-20,6.999,7.078,7.199,6.926,1925
2024-05-21,6.83,7.401,7.5,6.83,4090
2024-05-22,7.7,8.0,9.799,7.5,176901
2024-05-23,7.303,7.3955,7.477,6.969,12893
2024-05-24,7.174,7.01,7.823,6.857,12963
2024-05-28,7.2,7.399,7.796,7.01,7266
2024-05-29,7.52,7.307,7.7,7.109,8640
2024-05-30,7.27,7.3,7.7,7.1,2111
2024-05-31,7.622,7.494,7.7,7.15,3365
2024-06-03,7.21,7.6,7.68,7.2,1375
2024-06-04,7.5,7.211,7.5,7.2,5520
2024-06-05,7.5,7.3,7.5,7.02,2167
2024-06-06,7.295,7.292,7.44749,7.0,4647
2024-06-07,7.234,6.881,7.4,6.56,5783
2024-06-10,7.11,7.097,7.11,5.816,7199
2024-06-11,6.884,6.986,7.145,6.403,2864
2024-06-12,6.6,6.7,6.984,6.352,3722
2024-06-13,6.7,6.399,6.7,6.2,2117
2024-06-14,6.586,6.45,6.599,6.3,2008
2024-06-17,6.45,5.851,6.492,5.5055,7690
2024-06-18,5.65,6.011,6.3,5.612,10127
2024-06-20,6.5,6.05,6.6,6.0,4960
2024-06-21,6.1,5.896,6.1,5.61001,8637
2024-06-24,5.95,5.707,5.95,5.602,2962
2024-06-25,6.0,6.352,6.5,5.775,19142
2024-06-26,6.46,6.295,6.46,5.94001,5486
2024-06-27,6.015,5.712,6.015,5.712,4099
2024-06-28,5.772,5.76,5.997,5.42872,7382
2024-07-01,5.99,5.79,5.99,5.61,807
2024-07-02,5.7,5.12,5.7,5.0,5301
2024-07-03,5.1,5.016,5.3,5.005,2582
2024-07-05,5.05,4.95,5.05,4.91,2714
2024-07-08,5.1,5.48,5.48,5.1,2930
2024-07-09,5.5,5.776,6.0,5.361,7656
2024-07-10,5.9,5.924,6.1,5.9,1274
2024-07-11,6.046,6.151,6.48,6.01,7245
2024-07-12,6.107,6.0,6.107,5.6,4277
2024-07-15,5.907,5.78,5.99999,5.3,7699
2024-07-16,5.53,5.501,5.9395,5.4,4907
2024-07-17,5.5,5.568,5.771,5.5,1086
2024-07-18,5.511,5.3,5.7,5.26755,1764
2024-07-19,5.6,5.4,5.6,5.301,1316
2024-07-22,5.31,5.361,5.89,5.307,1608
2024-07-23,5.4,4.061,5.4,4.0,63052
2024-07-24,4.2,4.287,4.8,4.15,56449
2024-07-25,4.11,4.83,5.19,4.06,66725
2024-07-26,4.83,4.57,4.83,4.27,32116
2024-07-29,4.65,5.19,5.62,4.5701,161027
2024-07-30,5.15,4.8074,5.2499,4.4501,25620
2024-07-31,4.58,4.605,4.92,4.5,11974
2024-08-01,4.68,4.56,5.08,4.35,25267
2024-08-02,4.56,4.32,4.6,4.26,7218
2024-08-05,4.11,4.01,4.2499,3.8,8373
2024-08-06,3.99,4.11,4.3986,3.9,17869
2024-08-07,4.09,4.0,4.385,3.895,13935
2024-08-08,4.23,4.0,4.25,3.8792,6658
2024-08-09,3.75,4.0,4.1199,3.75,9157
2024-08-12,3.918,3.87,3.9899,3.87,2412
2024-08-13,3.88,4.08,4.2,3.8,41795
2024-08-14,3.99,3.7855,4.08,3.7518,15929
2024-08-15,3.8805,3.8298,3.8805,3.8298,1207
2024-08-16,3.84,4.185,4.1889,3.75,18103
2024-08-19,4.17,4.3212,4.7199,4.17,23294
2024-08-20,4.42,4.48,4.5,4.0,21393
2024-08-21,4.4499,4.8073,4.93,4.4499,14166
2024-08-22,4.75,4.85,5.8,4.75,25912
2024-08-23,4.34,4.1,4.39,3.85,65080
2024-08-26,4.07,3.7,4.075,3.35,65224
2024-08-27,3.7,2.81,3.7,2.65,91490
2024-08-28,3.02,3.15,3.15,2.8201,34665
2024-08-29,3.14,3.25,3.385,3.06,24546
2024-08-30,3.16,3.15,3.1601,3.01,9041
2024-09-03,3.39,2.99,3.39,2.99,6686
2024-09-04,2.86,2.94,3.0977,2.86,2475
2024-09-05,2.92,3.17,3.18,2.88,8095
2024-09-06,3.14,3.0607,3.14,3.0607,862
2024-09-09,2.95,3.0,3.0,2.7901,2206
2024-09-10,2.99,3.2,3.22,2.99,21586
2024-09-11,3.2256,3.21,3.2256,3.21,1011
2024-09-12,3.21,3.05,3.356,3.04,14740
2024-09-13,3.0101,3.0899,3.2,3.01,7154
2024-09-16,3.08,2.92,3.15,2.8,10422
2024-09-17,2.948,2.82,2.98,2.7,13854
2024-09-18,3.0,2.74,3.78,2.74,753665
2024-09-19,2.74,2.17,2.7999,1.9,452192
2024-09-20,2.26,2.5,2.6431,2.0,230820
2024-09-23,2.5,2.4,2.79,2.35,159119
2024-09-24,2.49,2.9,2.95,2.2601,159060
2024-09-25,2.83,2.6,2.9243,2.4,89469
2024-09-26,2.68,2.54,2.7807,2.52,80701
2024-09-27,2.62,2.51,2.625,2.46,16739
2024-09-30,2.51,2.58,2.64,2.38,39390
2024-10-01,2.585,2.37,2.585,2.35,28725
2024-10-02,2.38,2.34,2.38,2.02,34649
2024-10-03,2.31,2.4299,2.4299,2.1185,24245
2024-10-04,2.43,2.42,2.5,2.29,9460
2024-10-07,2.48,2.27,2.48,2.2,14322
2024-10-08,2.31,2.32,2.48,2.07,43073
2024-10-09,2.23,2.33,2.33,2.15,12219
2024-10-10,2.41,2.29,2.41,2.2,11002
2024-10-11,2.21,2.31,2.31,2.21,4680
2024-10-14,2.28,2.33,2.36,2.26,8128
2024-10-15,2.32,2.28,2.32,2.181,14495
2024-10-16,2.24,2.39,2.43,2.22,34641
2024-10-17,2.39,2.94,3.0799,2.39,183881
2024-10-18,3.05,3.17,3.25,2.64,88905
2024-10-21,3.27,2.903466,3.27,2.9,24231
2024-10-22,3.0,2.72,3.04,2.7,25606
2024-10-23,2.78,2.8306,2.9529,2.56,36188
2024-10-24,2.82,2.8158,2.94,2.6601,13207
2024-10-25,2.8,2.79,2.88,2.6743,14972
2024-10-28,2.8,2.84,2.9,2.751,13176
2024-10-29,2.74,3.1,3.35,2.74,134102
2024-10-30,3.1,2.94,3.12,2.8749,19791
2024-10-31,2.97,2.8,3.015,2.7545,29621
2024-11-01,2.8,2.59,2.86,2.59,28156
2024-11-04,2.59,2.53,2.68,2.42,18048
2024-11-05,2.53,2.63,2.7346,2.53,15698
2024-11-06,2.6323,2.85,2.89,2.63,36404
2024-11-07,2.85,3.03,3.1281,2.85,39350
2024-11-08,2.99,2.84,2.99,2.792,7357
2024-11-11,2.93,2.94,3.0,2.7919,17005
2024-11-12,2.93,2.67,2.94,2.67,48984
2024-11-13,2.75,2.48,2.8199,2.48,28783
2024-11-14,2.48,2.66,2.7,2.411,28774
2024-11-15,2.66,2.5163,2.66,2.4506,15149
2024-11-18,2.45,2.36,2.45,2.2601,17730
2024-11-19,2.3,2.2717,2.3187,2.19,5648
2024-11-20,2.2709,2.22,2.37,2.22,7825
2024-11-21,2.21,2.264,2.264,2.1,13864
2024-11-22,2.3239,2.28,2.338,2.1533,19742
2024-11-25,2.27,2.38,2.48,2.2047,29729
2024-11-26,2.4,2.35,2.4,2.33,9076
2024-11-27,2.35,2.26,2.36,2.2,13260
2024-11-29,2.27,2.25,2.27,2.22,4318
2024-12-02,2.35,2.24,2.35,2.14,7261
2024-12-03,2.24,2.25,2.3399,2.23,22720
2024-12-04,2.25,2.27,2.3914,2.2,30802
2024-12-05,2.35,2.29,2.35,2.25,12899
2024-12-06,2.29,2.3525,2.4843,2.26,39434
2024-12-09,2.36,2.64,2.84,2.27,73647
2024-12-10,2.64,2.53,2.706,2.5,23728
2024-12-11,2.58,2.76,2.76,2.32,35098
2024-12-12,2.73,3.0,3.24,2.7,116207
2024-12-13,3.11,3.94,5.0,3.11,4807457
2024-12-16,4.06,3.47,4.9099,3.35,693599
2024-12-17,3.7,3.69,3.98,3.52,176737
2024-12-18,3.7,3.16,3.7,2.9993,129074
2024-12-19,3.2,3.01,3.25,2.9975,65765
2024-12-20,2.95,2.93,3.03,2.6,111960
2024-12-23,2.98,2.76,3.0251,2.6,52281
2024-12-24,2.8,3.11,3.1885,2.772,83318
2024-12-26,3.1,3.13,3.243,2.9971,29142
2024-12-27,3.22,3.34,3.365,3.13,40903
2024-12-30,3.34,3.29,3.58,3.0227,86728
2024-12-31,3.35,3.31,3.4979,3.06,106409
2025-01-02,3.32,3.31,3.4428,3.22,68053
2025-01-03,3.39,3.54,3.6,3.22,40371
2025-01-06,3.57,3.37,3.7,3.36,33260
2025-01-07,3.41,3.425,3.5402,3.37,9399
2025-01-08,3.44,3.16,3.44,3.0546,28293
2025-01-10,3.22,3.18,3.22,3.08,8164
2025-01-13,3.16,2.97,3.16,2.97,17200
2025-01-14,3.0,3.08,3.18,3.0,10003
2025-01-15,3.08,2.97,3.2,2.9328,39901
2025-01-16,3.02,3.05,3.083,2.9,11802
2025-01-17,3.06,2.8,3.1007,2.7001,40902
2025-01-21,2.91,3.125,3.125,2.8193,39161
2025-01-22,3.13,3.13,3.1688,2.92,14259
2025-01-23,3.04,3.06,3.2652,2.9112,58841
2025-01-24,3.06,3.06,3.1301,2.95,16413
2025-01-27,3.01,2.9,3.1881,2.9,6691
2025-01-28,2.89,2.908,3.09,2.84,17172
2025-01-29,3.01,2.9,3.01,2.81,95125
2025-01-30,2.89,2.9,2.93,2.79,12108
2025-01-31,2.89,2.83,2.92,2.7565,11344
2025-02-03,2.75,2.79,2.79,2.65,17859
2025-02-04,2.74,3.03,3.62,2.74,731544
2025-02-05,3.32,3.14,3.38,3.1039,91483
2025-02-06,3.1,3.05,3.23,2.94,34119
2025-02-07,3.02,3.5,3.5,2.8,115442
2025-02-10,3.39,3.2,3.86,3.2,291469
2025-02-11,3.16,3.02,3.47,2.9,58620
2025-02-12,3.07,3.13,3.256,3.0314,128023
2025-02-13,3.14,3.3,3.38,3.0501,25636
2025-02-14,3.3,3.41,3.63,3.3,68649
2025-02-18,3.55,3.33,3.59,3.18,70339
2025-02-19,3.29,3.29,3.45,3.2309,36500
2025-02-20,3.26,3.32,3.449,3.15,33723
2025-02-21,3.33,3.0283,3.45,2.94,81886
2025-02-24,3.19,3.1201,3.2,3.06,27066
2025-02-25,3.41,3.3,3.74,3.1702,276510
2025-02-26,3.6,3.4,3.6,3.3,179525
2025-02-27,3.4,3.16,3.5,3.01,76932
2025-02-28,3.19,2.9,3.2394,2.83,76866
2025-03-03,2.94,2.92,3.47,2.9,108261
2025-03-04,2.84,2.74,2.96,2.6106,57116
2025-03-05,2.8,2.86,2.9201,2.7,24536
2025-03-06,3.0,2.88,3.0,2.83,20093
2025-03-07,2.87,3.01,3.1599,2.86,71339
2025-03-10,2.5,2.35,2.5961,2.3001,180387
2025-03-11,2.42,2.38,2.43,2.2601,51822
2025-03-12,2.32,2.3,2.45,2.16,414831
2025-03-13,2.58,2.4,2.62,2.3,3056992
2025-03-14,2.43,2.19,2.43,2.12,233907
2025-03-17,2.14,2.24,2.5599,2.11,109343
2025-03-18,2.25,2.21,2.33,2.07,44822
2025-03-19,2.11,2.13,2.24,2.1003,35484
2025-03-20,2.17,2.22,2.25,2.12,22635
2025-03-21,2.18,2.17,2.19,2.1,28555
2025-03-24,2.18,2.29,2.3353,2.15,33821
2025-03-25,2.29,2.195,2.291,2.18,22595
2025-03-26,2.19,2.06,2.19,2.06,15329
2025-03-27,2.08,2.1,2.1,2.0209,18787
2025-03-28,2.05,1.88,2.09,1.88,72094
2025-03-31,1.88,1.81,1.88,1.7501,18107
2025-04-01,1.78,1.8,1.89,1.7395,33812
2025-04-02,1.79,1.79,1.8,1.72,38078
2025-04-03,1.79,1.635,1.837,1.57,68160
2025-04-04,1.64,1.47,1.64,1.36,49619
2025-04-07,1.48,1.3699,1.48,1.3,68525
2025-04-08,1.37,1.31,1.4699,1.31,34998
2025-04-09,1.36,1.69,1.69,1.36,78276
2025-04-10,1.69,1.59,1.7515,1.47,19319
2025-04-11,1.6,1.66,1.6702,1.5356,20705
