2023-07-27,35.0,22.05,35.0,19.25,462470
2023-07-28,23.555,17.85,24.01,15.89,728707
2023-07-31,17.92,14.28,18.13,14.0,500558
2023-08-01,13.72,10.92,13.86,10.64,454777
2023-08-02,12.39,12.32,13.58,10.92,601228
2023-08-03,11.06,10.5,11.13,10.15,265445
2023-08-04,10.57,9.73,10.85,9.45,147425
2023-08-07,9.8,9.66,10.22,9.1,142978
2023-08-08,9.17,9.52,10.01,8.89,110940
2023-08-09,9.87,8.68,9.87,8.61,105248
2023-08-10,8.4,8.75,8.82,8.4,60019
2023-08-11,8.54,9.45,9.45,8.54,96684
2023-08-14,9.66,10.15,10.15,9.03,125706
2023-08-15,10.43,9.8,10.43,9.1,191703
2023-08-16,9.8,10.01,10.0709,9.24,175104
2023-08-17,8.12,8.26,8.96,7.84,157213
2023-08-18,7.7,8.4,8.4,7.7,41978
2023-08-21,7.7,8.68,8.75,7.7,54925
2023-08-22,9.03,9.73,9.73,8.61,85381
2023-08-23,9.52,9.66,9.94,9.31,70574
2023-08-24,9.8,9.17,9.8,8.96,48341
2023-08-25,9.8,9.38,9.8,8.96,31131
2023-08-28,9.59,9.87,10.15,9.38,65224
2023-08-29,10.01,9.94,10.22,9.45,29862
2023-08-30,10.01,10.57,10.99,9.6719,99669
2023-08-31,10.78,10.99,11.13,9.66,56379
2023-09-01,10.78,11.9,11.9,10.5,64442
2023-09-05,11.83,14.7,15.05,11.76,246901
2023-09-06,15.05,14.91,15.19,13.72,124382
2023-09-07,14.84,11.41,14.84,9.59,216224
2023-09-08,12.11,11.76,12.53,11.34,60609
2023-09-11,11.83,11.13,12.88,10.78,67238
2023-09-12,10.92,11.55,11.55,10.01,64853
2023-09-13,11.55,13.79,13.86,11.2,164532
2023-09-14,12.95,14.35,14.42,11.9,182771
2023-09-15,14.0,16.24,16.45,14.0,451103
2023-09-18,16.45,17.22,17.36,15.33,181033
2023-09-19,16.87,16.8,17.5,16.1,252601
2023-09-20,17.5,15.47,17.5,14.7,83469
2023-09-21,14.91,14.77,15.89,14.49,57360
2023-09-22,14.84,13.65,15.4,13.51,48771
2023-09-25,13.79,12.39,13.79,12.25,38731
2023-09-26,12.04,12.04,12.39,11.62,17307
2023-09-27,12.04,11.62,12.5545,11.55,23842
2023-09-28,11.9,11.41,12.2283,11.06,25879
2023-09-29,11.76,11.41,11.76,11.2,14603
2023-10-02,11.69,11.9,12.04,11.41,12880
2023-10-03,11.97,12.74,12.74,11.564,19481
2023-10-04,13.02,12.81,13.0809,12.25,13544
2023-10-05,12.6,10.15,12.74,9.87,59965
2023-10-06,10.43,9.45,10.43,9.38,45571
2023-10-09,9.73,8.05,9.73,7.98,54963
2023-10-10,8.33,8.89,9.0993,8.05,34603
2023-10-11,9.24,8.82,9.31,8.82,12131
2023-10-12,9.17,8.61,9.17,8.4,7486
2023-10-13,8.61,9.31,9.31,8.526,12550
2023-10-16,9.73,9.52,9.8,9.17,13462
2023-10-17,9.38,9.52,10.045,9.38,13219
2023-10-18,9.59,9.24,9.59,8.96,10638
2023-10-19,9.59,8.75,9.59,8.47,6393
2023-10-20,8.47,8.33,8.575,8.26,7352
2023-10-23,8.19,8.61,9.45,8.19,19408
2023-10-24,8.61,8.68,8.75,8.47,3487
2023-10-25,8.33,8.75,9.0419,8.33,5143
2023-10-26,8.47,8.47,8.96,8.33,5735
2023-10-27,9.1,8.61,9.1,8.4,7545
2023-10-30,8.33,8.54,8.82,8.26,5160
2023-10-31,8.61,8.54,8.7829,8.4,5126
2023-11-01,8.47,8.61,8.8088,8.33,5705
2023-11-02,8.4,9.17,9.17,8.4,6487
2023-11-03,9.24,9.73,10.36,8.61,12679
2023-11-06,9.45,9.8,9.87,9.38,6872
2023-11-07,9.31,9.8,10.5,9.31,13473
2023-11-08,9.31,9.38,9.6348,8.96,11547
2023-11-09,9.52,9.17,9.7055,8.82,5100
2023-11-10,9.59,9.73,9.73,9.17,8873
2023-11-13,9.66,9.1,9.66,8.82,12159
2023-11-14,9.31,8.68,9.7293,8.4,30028
2023-11-15,8.89,8.96,9.31,8.54,15024
2023-11-16,8.82,7.07,8.82,6.0858,144252
2023-11-17,7.49,6.16,7.49,6.02,89088
2023-11-20,6.44,5.74,6.509993,5.607,44545
2023-11-21,6.0277,5.0113,6.0277,4.935,45556
2023-11-22,5.292,5.11,5.3522,4.9595,14253
2023-11-24,5.32,5.131,5.3732,5.11,9134
2023-11-27,5.3872,5.0379,5.3872,5.005,16758
2023-11-28,5.4691,5.3165,5.53,5.131,15854
2023-11-29,5.53,5.7596,6.153,5.3165,33340
2023-11-30,5.943,5.8821,5.9626,5.6,21147
2023-12-01,5.95,5.7638,5.95,5.6,17539
2023-12-04,5.985,5.7197,6.2286,5.5314,26998
2023-12-05,5.6007,5.3277,5.8303,5.2542,15443
2023-12-06,5.1681,4.8027,5.657393,4.7677,33702
2023-12-07,4.9707,4.8356,5.0393,4.69,11334
2023-12-08,5.2899,5.313,5.4712,4.55,38959
2023-12-11,5.6,6.7543,6.951,5.313,78866
2023-12-12,6.65,6.23,7.14,5.831,73894
2023-12-13,6.3091,6.37,6.37,6.038207,14264
2023-12-14,6.5765,6.9258,7.14,6.2825,40715
2023-12-15,7.14,7.35,7.35,6.9349,38517
2023-12-18,7.35,7.0,7.63,6.93,22072
2023-12-19,7.21,7.14,7.21,7.0,7394
2023-12-20,7.35,7.35,7.35,7.0,24974
2023-12-21,7.35,7.42,7.63,7.0,13470
2023-12-22,7.49,8.68,8.75,7.28,32566
2023-12-26,7.98,8.54,9.24,7.35,31736
2023-12-27,8.26,8.12,8.89,7.91,24056
2023-12-28,7.91,10.78,11.83,7.7,98007
2023-12-29,11.2,10.85,11.4793,9.59,30961
2024-01-02,10.85,10.22,10.85,9.8,14075
2024-01-03,9.8,9.03,10.15,8.82,19851
2024-01-04,9.1,9.17,9.17,9.1,5480
2024-01-05,9.45,8.12,9.8,8.05,12517
2024-01-08,8.54,9.24,9.38,8.1907,10642
2024-01-09,9.59,9.1,9.6509,8.82,6576
2024-01-10,9.73,9.8,9.94,9.1,17855
2024-01-11,10.01,9.45,10.22,9.17,8597
2024-01-12,9.59,9.38,9.87,9.24,10120
2024-01-16,9.45,9.73,9.87,8.68,23491
2024-01-17,9.66,9.1,9.94,8.33,14695
2024-01-18,10.08,9.24,10.08,8.89,8073
2024-01-19,8.96,8.89,9.1,8.33,10569
2024-01-22,8.05,8.96,9.1,7.84,15863
2024-01-23,9.03,8.89,9.1,8.26,3825
2024-01-24,8.75,8.19,8.75,7.84,20580
2024-01-25,7.7,7.84,8.1123,7.7,5139
2024-01-26,7.91,7.7,8.1564,7.42,10315
2024-01-29,7.84,8.4,8.7493,7.0,38958
2024-01-30,8.12,7.91,9.66,7.77,52053
2024-01-31,8.54,8.33,9.0993,8.05,32175
2024-02-01,8.47,8.33,8.47,7.7,13212
2024-02-02,8.89,8.82,8.89,8.12,11284
2024-02-05,9.31,8.61,9.31,8.05,18971
2024-02-06,8.68,8.12,8.68,7.8533,32725
2024-02-07,7.77,7.98,8.2593,7.77,9688
2024-02-08,8.61,7.98,8.75,7.91,32792
2024-02-09,7.84,7.7,8.015,7.49,28039
2024-02-12,7.42,7.56,8.05,7.42,24973
2024-02-13,7.21,7.49,7.7,7.0,6747
2024-02-14,7.49,7.56,7.7,7.35,12798
2024-02-15,7.35,7.63,8.12,7.35,18380
2024-02-16,8.26,7.63,8.26,7.35,12351
2024-02-20,8.05,7.63,8.05,7.21,17549
2024-02-21,8.19,7.7,8.19,7.42,64515
2024-02-22,7.7,6.895,7.9072,6.895,37799
2024-02-23,7.56,6.93,7.63,6.93,36203
2024-02-26,7.63,7.42,7.63,6.93,215856
2024-02-27,8.89,7.42,9.38,7.42,667985
2024-02-28,7.98,7.35,8.47,7.28,231960
2024-02-29,7.7,7.14,7.84,7.0,137111
2024-03-01,7.49,7.7,8.12,7.21,83633
2024-03-04,7.84,7.7,7.9009,7.0,94262
2024-03-05,7.49,7.35,7.49,7.0,61323
2024-03-06,7.42,7.49,7.49,6.51,102349
2024-03-07,7.49,7.21,7.49,7.07,23148
2024-03-08,7.14,7.49,7.63,7.14,46203
2024-03-11,7.63,7.14,7.77,7.0,52386
2024-03-12,7.07,6.8208,7.07,6.51,44886
2024-03-13,6.8593,6.51,7.07,6.37,30511
2024-03-14,6.51,6.3616,6.51,5.95,56149
2024-03-15,6.16,6.3378,6.4869,5.95,37218
2024-03-18,6.16,6.2454,6.5793,6.09,17868
2024-03-19,6.16,6.2832,6.72,6.09,24265
2024-03-20,6.44,6.3833,6.5786,6.3007,11953
2024-03-21,6.3,6.5394,6.6675,6.3,17627
2024-03-22,6.902,6.9286,7.0,6.51,29062
2024-03-25,7.14,6.3707,7.14,6.23,76049
2024-03-26,6.3,5.7386,6.405,5.6728,76503
2024-03-27,6.02,5.607,6.02,5.39,74261
2024-03-28,5.6,5.901,6.0732,5.6,64904
2024-04-01,6.1768,5.2507,6.1768,5.25,72624
2024-04-02,5.04,4.8846,5.53,4.655,85070
2024-04-03,5.194,6.1705,6.65,4.7614,114841
2024-04-04,6.58,6.4442,6.58,6.1705,48132
2024-04-05,6.37,6.0984,6.4736,5.775,44903
2024-04-08,6.09,6.034,6.3525,5.95,22821
2024-04-09,6.3,6.034,6.3,5.901,24803
2024-04-10,6.16,5.7771,6.16,5.649,26201
2024-04-11,5.677,4.991,6.034,4.9,73097
2024-04-12,5.32,4.3645,5.32,4.0754,107029
2024-04-15,4.27,3.6071,4.55,3.36,123102
2024-04-16,3.5,3.08,3.64,3.01,105357
2024-04-17,3.08,2.7013,3.346,2.66,94600
2024-04-18,3.29,3.4629,3.6505,3.08,70274
2024-04-19,3.64,3.99,4.5423,3.5,180791
2024-04-22,3.9235,3.4349,4.0579,3.3222,67693
2024-04-23,3.08,3.4517,3.6813,3.08,54455
2024-04-24,3.5224,3.2893,3.5224,3.0618,41835
2024-04-25,3.178,3.1857,3.283,3.08,37773
2024-04-26,3.0506,3.178,3.3117,3.0506,24358
2024-04-29,3.3817,3.15,3.5231,3.15,47662
2024-04-30,3.5413,3.129,3.57,2.94,37694
2024-05-01,2.989,3.017,3.36,2.807,58790
2024-05-02,3.1731,2.9295,3.1731,2.87,38104
2024-05-03,2.926,2.9897,3.08,2.87,20997
2024-05-06,3.08,2.975,3.22,2.9407,24512
2024-05-07,2.94,2.94,3.08,2.877,20717
2024-05-08,3.0247,3.0611,3.136,2.94,15033
2024-05-09,3.122,3.1297,3.1297,2.9414,10141
2024-05-10,3.15,2.9519,3.15,2.94,15598
2024-05-13,3.1332,3.283,3.339,2.702,51737
2024-05-14,2.94,3.3446,3.5364,2.856,37410
2024-05-15,3.0415,2.8903,3.0653,2.73,61182
2024-05-16,3.01,2.8,3.01,2.7307,34098
2024-05-17,2.8679,2.7314,2.94,2.7314,42490
2024-05-20,2.7923,2.7335,2.8077,2.52,65263
2024-05-21,2.8,2.5949,2.8,2.45,73130
2024-05-22,2.59,2.5375,2.5949,2.45,33012
2024-05-23,2.59,2.569,2.5984,2.45,32004
2024-05-24,2.7279,2.3499,2.73,2.1,103028
2024-05-28,2.4444,2.4115,2.485,2.38,20403
2024-05-29,2.38,2.366,2.5319,2.31,19952
2024-05-30,2.3142,2.394,2.4493,2.3142,13394
2024-05-31,2.45,2.408,2.499168,2.38,14128
2024-06-03,2.4605,2.422,2.5515,2.3205,17684
2024-06-04,2.345,2.3548,2.429693,2.296,13918
2024-06-05,2.3625,2.289,2.4416,2.1,52714
2024-06-06,2.31,2.2281,2.31,2.1427,15605
2024-06-07,2.24,2.1,2.3093,1.932,37349
2024-06-10,2.24,1.9929,2.24,1.9663,27255
2024-06-11,2.17,1.9467,2.17,1.778,263759
2024-06-12,1.967,1.89,2.1217,1.778,1366751
2024-06-13,1.75,1.792,1.8893,1.547,178330
2024-06-14,1.7773,2.016,2.415,1.7773,406976
2024-06-17,1.9474,2.114,2.1273,1.925,89226
2024-06-18,2.0713,2.2344,2.2624,1.995,55640
2024-06-20,2.352,2.94,2.9722,2.3037,1727418
2024-06-21,3.0051,2.9757,3.15,2.6411,907933
2024-06-24,2.8,2.8952,2.933,2.66,137017
2024-06-25,2.6194,2.6236,2.7993,2.45,107011
2024-06-26,2.59,3.0086,3.1325,2.5088,160583
2024-06-27,2.933,2.8994,2.9393,2.6824,63396
2024-06-28,2.8665,2.6908,3.115,2.6908,58612
2024-07-01,2.6838,2.7776,2.869293,2.674,41280
2024-07-02,2.716,2.611,2.8056,2.5431,49166
2024-07-03,2.8,2.3359,2.8,2.2533,62928
2024-07-05,2.38,2.7902,2.7902,2.38,72637
2024-07-08,2.6992,2.71257,2.912,2.520707,56163
2024-07-09,2.6964,2.443,2.8238,2.429,60272
2024-07-10,2.66,2.4444,2.73,2.429,47845
2024-07-11,2.6089,2.5473,2.6089,2.4969,23848
2024-07-12,2.59,2.8497,2.87,2.59,89211
2024-07-15,2.7643,2.6768,2.7993,2.5263,40953
2024-07-16,2.5963,2.786,2.8539,2.5963,36495
2024-07-17,2.793,2.3338,2.793,2.3331,155757
2024-07-18,2.345,2.0797,2.6418,2.065,145640
2024-07-19,2.31,2.212,2.4325,2.149,51757
2024-07-22,2.38,2.1938,2.38,2.1434,33647
2024-07-23,2.24,2.17,2.2974,2.1,40147
2024-07-24,2.24,2.0769,2.24,1.904,51198
2024-07-25,2.17,2.128,2.184,2.1,34984
2024-07-26,2.17,2.2295,2.2554,2.1,31968
2024-07-29,2.2295,2.2092,2.3086,2.142,22766
2024-07-30,2.38,2.1406,2.38,2.1,47324
2024-07-31,2.1,2.2043,2.3716,2.1,14750
2024-08-01,2.2302,2.2022,2.3632,2.1392,20602
2024-08-02,2.1,2.0888,2.17,1.96,41006
2024-08-05,1.89,2.107,2.1931,1.855,63877
2024-08-06,2.38,2.0384,2.38,1.9649,24567
2024-08-07,1.9775,1.9957,2.134993,1.9607,18141
2024-08-08,2.1329,2.0384,2.1329,1.9733,19592
2024-08-09,2.128,2.1742,2.2463,2.044,61888
2024-08-12,1.967,1.9747,2.1,1.918,49927
2024-08-13,2.03,2.4409,2.94,1.9187,1271154
2024-08-14,2.5697,2.5361,2.723,2.3282,431856
2024-08-15,2.723,2.1119,2.723,1.96,306229
2024-08-16,2.24,2.03,2.24,1.96,177567
2024-08-19,2.025,1.93,2.025,1.8,179866
2024-08-20,1.9,1.74,1.9438,1.709,175195
2024-08-21,1.71,1.45,1.72,1.37,409996
2024-08-22,1.5,1.51,1.7,1.43,275360
2024-08-23,1.5,1.51,1.5299,1.43,223701
2024-08-26,1.5,1.43,1.53,1.41,131697
2024-08-27,1.46,1.29,1.48,1.2859,158409
2024-08-28,1.32,1.37,1.37,1.2409,94476
2024-08-29,1.33,1.35,1.4,1.3,117801
2024-08-30,1.35,1.24,1.37,1.21,87591
2024-09-03,1.27,0.954,1.2745,0.9,207304
2024-09-04,0.9254,0.98,1.0699,0.9254,157299
2024-09-05,0.9989,0.9501,1.01,0.9501,38490
2024-09-06,0.98,1.03,1.07,0.95,133222
2024-09-09,1.08,1.16,1.1999,1.02,578737
2024-09-10,1.2,1.38,1.51,1.16,513445
2024-09-11,1.45,1.63,1.6479,1.32,367118
2024-09-12,1.68,1.55,1.6982,1.4101,218593
2024-09-13,1.5,1.48,1.55,1.43,100233
2024-09-16,1.48,1.35,1.49,1.26,118223
2024-09-17,1.35,1.23,1.39,1.18,145801
2024-09-18,1.22,1.25,1.31,1.22,54486
2024-09-19,1.23,1.13,1.25,1.1,145920
2024-09-20,1.25,1.22,1.25,1.17,93978
2024-09-23,1.24,1.24,1.28,1.22,44183
2024-09-24,1.24,1.18,1.28,1.18,70209
2024-09-25,1.17,1.17,1.23,1.1221,91299
2024-09-26,1.18,1.24,1.24,1.12,74208
2024-09-27,1.25,1.33,1.33,1.25,76823
2024-09-30,1.33,1.34,1.46,1.3,62272
2024-10-01,1.4,1.25,1.4,1.19,58582
2024-10-02,1.28,1.68,1.76,1.28,353516
2024-10-03,1.51,1.65,1.69,1.46,151560
2024-10-04,1.69,1.94,1.9894,1.6303,433661
2024-10-07,2.35,2.18,2.7679,2.15,2471301
2024-10-08,2.37,1.78,2.4,1.68,917552
2024-10-09,1.79,2.33,2.406,1.79,1380548
2024-10-10,2.49,3.27,3.59,2.48,30266478
2024-10-11,2.75,2.05,2.85,2.0,2667658
2024-10-14,2.05,1.99,2.05,1.83,886858
2024-10-15,1.99,1.84,2.0,1.8,518144
2024-10-16,1.8,1.83,1.86,1.68,513710
2024-10-17,1.79,1.88,2.0,1.75,501441
2024-10-18,1.88,1.97,2.0,1.88,360291
2024-10-21,1.94,1.93,1.99,1.77,317656
2024-10-22,1.97,2.12,2.19,1.87,485417
2024-10-23,2.15,1.99,2.165,1.9,240016
2024-10-24,1.93,1.92,1.985,1.87,92261
2024-10-25,1.85,1.77,1.9067,1.7001,334805
2024-10-28,1.65,1.74,1.7994,1.65,133530
2024-10-29,1.78,1.83,1.87,1.71,103821
2024-10-30,1.82,1.91,1.9699,1.82,200690
2024-10-31,1.95,1.77,1.98,1.73,147195
2024-11-01,1.75,1.78,1.8443,1.73,121719
2024-11-04,1.76,1.64,1.78,1.6,164602
2024-11-05,1.62,1.75,1.75,1.62,152191
2024-11-06,1.8,1.8,1.86,1.7,137487
2024-11-07,1.8,1.94,1.9792,1.775,163980
2024-11-08,1.99,2.15,2.1799,1.94,291546
2024-11-11,2.22,2.08,2.44,2.04,533467
2024-11-12,2.05,1.94,2.0549,1.8601,200161
2024-11-13,2.06,1.83,2.0858,1.82,183676
2024-11-14,2.0,1.72,2.01,1.7,604012
2024-11-15,1.72,1.64,1.74,1.5,265672
2024-11-18,1.65,1.79,1.82,1.63,202236
2024-11-19,1.8,2.19,2.25,1.79,568054
2024-11-20,2.15,2.05,2.25,2.01,206344
2024-11-21,2.05,2.51,2.75,2.025,826614
2024-11-22,2.7,2.68,3.0,2.5,700175
2024-11-25,2.95,3.75,3.89,2.75,1449128
2024-11-26,3.55,3.48,3.73,3.25,416034
2024-11-27,3.56,3.74,3.95,3.5,359172
2024-11-29,3.7,4.01,4.1899,3.12,448637
2024-12-02,4.23,4.14,4.39,3.83,443804
2024-12-03,4.08,4.84,4.88,3.9611,376869
2024-12-04,5.17,4.22,5.92,3.9761,759690
2024-12-05,4.12,4.45,4.73,4.12,299183
2024-12-06,4.61,4.66,4.9,4.23,323806
2024-12-09,4.95,4.36,5.11,4.1223,331106
2024-12-10,4.13,3.5,4.21,3.07,723320
2024-12-11,3.71,3.39,3.7399,3.185,438829
2024-12-12,3.95,3.82,4.5,3.61,1929359
2024-12-13,3.84,4.0,4.12,3.7006,755935
2024-12-16,3.95,3.45,3.9631,3.41,578480
2024-12-17,3.42,3.41,3.6599,2.76,689107
2024-12-18,3.42,2.9,3.53,2.88,434550
2024-12-19,2.95,2.69,3.0784,2.682,317370
2024-12-20,2.65,3.31,3.39,2.64,376771
2024-12-23,3.29,3.41,3.67,3.134,373024
2024-12-24,3.41,3.51,3.58,3.33,159057
2024-12-26,3.76,5.49,5.81,3.75,2506148
2024-12-27,6.35,5.61,6.4055,4.98,3248792
2024-12-30,5.52,6.01,6.72,5.52,1153282
2024-12-31,6.11,5.39,6.38,5.1301,634559
2025-01-02,5.43,5.91,6.59,5.39,868057
2025-01-03,6.06,5.96,6.52,5.6385,816521
2025-01-06,5.97,5.64,6.01,5.31,536548
2025-01-07,5.64,5.05,5.7638,4.9,311011
2025-01-08,4.86,4.61,4.91,4.32,330040
2025-01-10,4.69,4.36,4.79,4.22,224780
2025-01-13,4.22,4.04,4.3588,3.895,317087
2025-01-14,4.05,3.88,4.5806,3.84,225054
2025-01-15,4.1,3.77,4.15,3.68,281280
2025-01-16,4.0,3.97,4.01,3.65,239491
2025-01-17,4.05,3.82,4.2,3.7,318594
2025-01-21,3.89,3.91,4.0,3.71,185508
2025-01-22,4.05,3.83,4.05,3.74,182725
2025-01-23,3.76,3.74,3.83,3.4503,359688
2025-01-24,3.9,4.59,4.79,3.8,699839
2025-01-27,4.38,4.18,4.48,4.05,300924
2025-01-28,4.42,4.92,5.18,4.2301,502028
2025-01-29,5.17,4.28,5.17,4.2,383570
2025-01-30,4.3,4.15,4.3597,3.59,369684
2025-01-31,4.25,4.24,4.54,4.0962,224637
2025-02-03,3.99,4.05,4.22,3.8,213306
2025-02-04,4.16,4.19,4.48,4.1,231611
2025-02-05,4.16,4.14,4.46,4.0,320939
2025-02-06,4.27,4.21,4.285,4.02,163253
2025-02-07,4.21,4.47,4.59,4.145,352794
2025-02-10,4.76,5.11,5.45,4.66,774790
2025-02-11,5.2,4.88,5.2,4.6,311003
2025-02-12,4.75,5.05,5.2,4.5524,290951
2025-02-13,5.11,4.93,5.25,4.64,301145
2025-02-14,4.93,4.54,4.97,4.35,329510
2025-02-18,4.96,5.24,5.3,4.66,600339
2025-02-19,5.13,4.72,5.135,4.72,289501
2025-02-20,4.69,4.25,4.93,4.2001,421210
2025-02-21,4.27,3.89,4.49,3.79,299477
2025-02-24,3.89,3.58,3.89,3.5053,233113
2025-02-25,3.57,3.37,3.6825,3.2237,246051
2025-02-26,3.43,3.53,3.88,3.43,122475
2025-02-27,3.56,3.33,3.78,3.29,121280
2025-02-28,3.48,3.43,3.5699,3.25,168287
2025-03-03,3.47,3.15,3.47,3.07,208463
2025-03-04,3.19,3.22,3.41,3.0,251454
2025-03-05,3.46,4.18,4.32,3.385,543370
2025-03-06,4.15,3.78,4.2099,3.64,226883
2025-03-07,3.89,4.16,4.24,3.7714,292128
2025-03-10,3.9,3.8,4.0397,3.7,189162
2025-03-11,3.86,3.59,3.93,3.55,214353
2025-03-12,3.73,3.73,3.7887,3.45,186708
2025-03-13,3.73,3.55,3.8,3.51,104991
2025-03-14,3.7,3.67,3.83,3.565,139333
2025-03-17,3.71,4.16,4.25,3.71,179828
2025-03-18,4.18,3.84,4.18,3.6801,202537
2025-03-19,4.01,4.03,4.7499,3.95,543151
2025-03-20,4.08,3.7,4.08,3.67,279488
2025-03-21,3.71,3.72,3.8,3.53,136354
2025-03-24,3.81,3.81,3.87,3.5961,167028
2025-03-25,3.76,3.88,4.06,3.7486,143899
2025-03-26,4.0,3.61,4.1399,3.4501,279950
2025-03-27,3.6,3.47,3.6,3.3101,145387
2025-03-28,3.54,3.33,3.659,3.23,273128
2025-03-31,2.78,2.67,2.87,2.6,601792
2025-04-01,2.64,2.66,2.7,2.6,196439
2025-04-02,2.64,2.56,2.6858,2.43,380621
2025-04-03,2.34,2.38,2.48,2.25,278975
2025-04-04,2.26,2.21,2.3801,2.05,221175
2025-04-07,1.98,2.21,2.42,1.82,327351
2025-04-08,2.31,2.09,2.35,2.022,162967
2025-04-09,2.05,2.48,2.51,2.02,321667
2025-04-10,2.4,2.36,2.4,2.15,64579
2025-04-11,2.4,2.36,2.46,2.2179,97987
