2018-10-25,32.0,31.35,32.19,30.0,22911963
2018-10-26,30.7,31.09,31.21,29.75,5137449
2018-10-29,32.24,29.06,32.5,29.0,2144859
2018-10-30,29.0,28.68,29.4,27.5897,2613394
2018-10-31,29.13,28.69,29.9,28.5,1984988
2018-11-01,28.98,29.42,29.88,28.5,1491743
2018-11-02,29.86,30.13,30.62,29.6,872665
2018-11-05,30.35,30.75,31.72,29.956,693835
2018-11-06,30.69,30.47,30.94,29.51,462698
2018-11-07,30.5,29.4,30.7499,29.35,622462
2018-11-08,27.7,27.7,28.23,26.25,4920951
2018-11-09,28.55,27.37,28.59,27.0,2457060
2018-11-12,27.52,25.01,27.67,24.16,2864354
2018-11-13,25.09,24.8,25.885,24.75,620795
2018-11-14,25.0,23.44,25.3,23.37,2032384
2018-11-15,23.5,24.64,24.82,23.1236,1079640
2018-11-16,24.64,25.31,25.9,24.52,1486678
2018-11-19,24.74,22.0,25.0,21.8,3321451
2018-11-20,21.4,21.22,21.7548,20.05,2460833
2018-11-21,21.6,22.34,22.7178,21.6,1143828
2018-11-23,22.25,21.84,22.25,21.09,723047
2018-11-26,21.9,21.7,22.2882,21.27,1261267
2018-11-27,22.68,22.78,25.75,22.25,4637019
2018-11-28,23.06,24.03,24.48,22.7,2246525
2018-11-29,24.04,23.85,24.3723,23.4655,1895054
2018-11-30,23.51,23.57,24.0399,22.37,1549794
2018-12-03,24.33,22.53,24.5048,22.48,1777495
2018-12-04,22.42,22.09,23.0,21.7,1182781
2018-12-06,21.52,21.67,22.02,21.25,1556179
2018-12-07,21.86,20.76,22.41,20.3,1346348
2018-12-10,20.73,19.87,21.04,19.65,1518937
2018-12-11,20.2,20.59,21.05,20.2,2185299
2018-12-12,20.84,19.86,20.95,19.85,1578955
2018-12-13,20.05,18.54,20.15,18.21,1584568
2018-12-14,18.4,17.71,18.89,17.61,989233
2018-12-17,17.62,17.63,18.61,17.01,2990234
2018-12-18,17.75,18.45,18.66,17.71,991436
2018-12-19,18.44,18.12,18.94,17.9,1168598
2018-12-20,18.14,17.78,18.39,17.67,2110431
2018-12-21,18.0,16.99,18.07,16.43,1363484
2018-12-24,16.78,16.71,16.81,16.14,367599
2018-12-26,16.77,17.46,17.63,16.76,626808
2018-12-27,17.28,17.21,17.5,16.6501,932449
2018-12-28,17.3,17.6,17.73,17.2989,1162191
2018-12-31,17.82,18.44,18.68,17.6,914872
2019-01-02,18.29,19.07,19.22,17.99,1310705
2019-01-03,18.97,18.56,19.175,18.03,1291913
2019-01-04,18.86,19.99,20.15,18.75,1101521
2019-01-07,20.06,20.69,20.74,19.82,884098
2019-01-08,20.93,21.12,21.49,20.59,814743
2019-01-09,21.27,21.03,21.39,20.44,838318
2019-01-10,21.03,21.43,21.72,20.8,681079
2019-01-11,21.31,21.1,21.51,20.68,498146
2019-01-14,20.94,20.79,20.98,20.425,317676
2019-01-15,21.25,20.71,21.8,20.53,960574
2019-01-16,20.75,20.69,21.49,20.67,564528
2019-01-17,20.68,20.66,20.98,20.46,223579
2019-01-18,21.06,22.19,22.68,20.7913,1281517
2019-01-22,22.2,22.86,23.4098,22.2,1121406
2019-01-23,22.88,22.12,23.1575,21.51,637498
2019-01-24,22.21,22.9,23.04,22.0001,645763
2019-01-25,23.0,23.09,23.34,22.61,729163
2019-01-28,22.81,22.19,22.985,22.0,596414
2019-01-29,22.29,21.89,22.4196,21.7,264120
2019-01-30,22.0,21.46,22.4,21.3,922899
2019-01-31,21.46,22.12,22.2,21.1,610832
2019-02-01,21.98,22.81,22.81,21.98,473493
2019-02-04,22.8,23.46,23.85,22.48,436940
2019-02-05,23.52,22.76,23.68,22.31,1218506
2019-02-06,22.76,21.38,23.0285,21.2,1288660
2019-02-07,21.63,21.27,21.81,21.05,620713
2019-02-08,21.21,21.11,21.39,20.67,743555
2019-02-11,21.21,21.15,21.8673,21.11,539505
2019-02-12,21.31,21.42,21.865,20.89,553497
2019-02-13,21.48,21.37,21.8,21.26,442025
2019-02-14,21.31,21.27,21.7489,20.9425,913763
2019-02-15,22.38,22.07,22.5,21.27,1241654
2019-02-19,22.48,23.46,23.59,22.23,1494503
2019-02-20,23.73,25.12,25.28,23.61,2361104
2019-02-21,25.18,24.43,25.72,24.22,1485186
2019-02-22,24.8,26.26,26.95,24.8,2732166
2019-02-25,27.05,29.35,29.44,26.83,2526007
2019-02-26,29.24,29.58,29.82,27.64,2805100
2019-02-27,29.59,32.2,32.25,29.59,3275714
2019-02-28,31.93,30.41,32.31,29.82,2737350
2019-03-01,30.9,31.13,31.68,30.81,1530463
2019-03-04,31.88,32.0,34.5,31.53,4216214
2019-03-05,32.48,32.19,33.23,31.51,2437713
2019-03-06,32.35,31.0,32.94,30.94,1615180
2019-03-07,30.79,29.03,31.1,28.25,2227297
2019-03-08,28.07,29.92,30.27,27.7634,1993783
2019-03-11,30.65,31.97,32.71,30.1797,3512835
2019-03-12,32.6,31.71,33.19,30.86,1912062
2019-03-13,31.76,30.76,32.5,30.51,1520321
2019-03-14,30.87,30.34,32.0,30.1492,1041312
2019-03-15,31.27,32.51,32.91,30.5724,3463798
2019-03-18,33.0,34.6,36.8799,32.93,7019168
2019-03-19,42.61,40.97,43.9056,39.51,15736043
2019-03-20,41.17,37.8,42.09,37.7699,4246355
2019-03-21,39.22,42.95,44.21,39.1001,5487355
2019-03-22,42.28,41.82,43.16,41.1124,2694140
2019-03-25,41.53,40.44,41.93,39.7,2356488
2019-03-26,41.67,43.56,44.5,41.05,4332426
2019-03-27,43.5,41.43,44.1103,39.82,4369263
2019-03-28,41.53,41.05,42.02,40.171,1910573
2019-03-29,41.51,41.11,42.18,40.4,1602065
2019-04-01,41.0,42.93,43.84,38.26,6356797
2019-04-02,42.79,42.15,45.62,41.8563,6411381
2019-04-03,40.51,38.5,40.7,38.49,16551940
2019-04-04,38.96,37.43,39.39,36.5,7957271
2019-04-05,35.93,35.9,37.33,35.45,9723235
2019-04-08,35.65,37.77,38.33,35.24,6795807
2019-04-09,38.28,37.48,39.0,37.45,4343792
2019-04-10,37.97,36.88,38.3,36.15,3074363
2019-04-11,36.92,35.66,37.12,35.41,2378191
2019-04-12,35.92,35.25,36.15,34.75,3412807
2019-04-15,35.16,35.95,36.3,34.84,2012586
2019-04-16,36.1,36.23,36.47,35.1,1812092
2019-04-17,36.62,34.74,36.65,33.96,2903036
2019-04-18,29.55,26.51,29.6,24.8,32834629
2019-04-22,26.54,25.92,26.94,25.56,4496739
2019-04-23,25.3,25.14,25.89,24.51,11895714
2019-04-24,24.53,26.82,27.66,24.52,10316758
2019-04-25,27.26,26.93,27.29,26.32,2957743
2019-04-26,26.33,26.77,27.0,25.66,3752961
2019-04-29,26.79,27.97,28.28,26.4,3176712
2019-04-30,28.14,28.79,29.29,28.0,4239203
2019-05-01,28.55,27.0,28.74,27.0,4251175
2019-05-02,26.7,26.65,27.74,26.25,2529531
2019-05-03,26.95,27.54,27.65,26.66,1774621
2019-05-06,26.6,27.57,27.89,26.5,3192614
2019-05-07,27.13,27.09,27.5,26.27,1765906
2019-05-08,26.29,27.34,27.49,26.25,2994815
2019-05-09,26.8,27.69,27.89,26.31,1757433
2019-05-10,27.49,27.91,28.46,26.95,4026847
2019-05-13,27.2,26.54,27.28,25.83,4793893
2019-05-14,28.35,26.53,28.5,26.44,5933811
2019-05-15,26.11,26.21,26.48,25.24,2767917
2019-05-16,26.4,26.87,27.75,26.31,2566341
2019-05-17,26.57,25.87,26.72,25.85,1827019
2019-05-20,25.53,26.8,26.85,25.53,1401051
2019-05-21,27.09,28.64,28.7,27.0,4421515
2019-05-22,28.49,27.75,29.2,27.5618,1653215
2019-05-23,27.11,26.17,27.31,25.62,1942425
2019-05-24,26.33,26.06,26.8,25.72,1540102
2019-05-28,26.01,26.39,26.79,25.86,1326923
2019-05-29,25.76,25.58,26.09,25.39,4438583
2019-05-30,25.78,25.5,26.12,25.11,1189050
2019-05-31,24.95,25.2,25.37,23.15,2424081
2019-06-03,25.13,24.69,25.54,24.42,1661314
2019-06-04,25.14,26.23,26.66,24.83,2226375
2019-06-05,26.71,26.29,27.0,25.94,1330391
2019-06-06,26.32,27.03,27.19,25.53,1681244
2019-06-07,27.21,26.63,27.31,26.51,2201753
2019-06-10,27.66,28.0,28.75,26.89,2623179
2019-06-11,28.41,27.88,28.93,27.36,1503717
2019-06-12,27.61,28.17,28.31,27.15,1486052
2019-06-13,28.39,28.54,29.61,28.27,3025953
2019-06-14,28.62,28.33,28.7,27.64,1213100
2019-06-17,28.38,29.29,29.44,28.31,1444990
2019-06-18,29.63,29.95,30.76,29.42,2629706
2019-06-19,30.1,29.37,30.19,29.1,2020048
2019-06-20,29.74,29.44,29.98,29.37,1198190
2019-06-21,29.01,29.14,29.67,28.22,1575350
2019-06-24,29.15,28.7,29.2,28.55,1032099
2019-06-25,28.79,28.2,28.9842,27.86,1207362
2019-06-26,28.24,28.45,28.58,27.99,1155381
2019-06-27,28.68,28.8,29.48,28.53,1267404
2019-06-28,29.47,29.58,30.0,28.96,2047057
2019-07-01,30.0,28.88,30.48,28.635,1821322
2019-07-02,28.88,28.52,28.935,28.15,1615980
2019-07-03,28.5,28.45,28.72,28.04,553734
2019-07-05,28.31,29.35,30.27,28.265,2526588
2019-07-08,29.25,29.18,29.3,28.67,1258775
2019-07-09,29.02,30.8,30.94,28.86,3217268
2019-07-10,31.3,32.01,32.18,31.08,3628106
2019-07-11,32.15,34.87,35.0,32.12,6232420
2019-07-12,34.79,33.82,34.98,33.57,2879332
2019-07-15,34.01,33.87,34.28,33.33,2493573
2019-07-16,33.99,34.01,34.58,33.23,3622056
2019-07-17,34.01,35.68,36.53,33.83,5252545
2019-07-18,35.6,35.19,36.33,34.58,3066875
2019-07-19,35.21,34.79,36.0,34.7196,1973302
2019-07-22,35.11,36.22,36.49,34.82,2485103
2019-07-23,36.4,34.49,36.96,34.22,2349483
2019-07-24,33.89,33.31,34.8844,32.68,3013494
2019-07-25,33.0,32.39,33.88,32.05,2635346
2019-07-26,32.5,34.16,34.57,32.25,2275038
2019-07-29,34.22,34.54,34.85,33.795,1129612
2019-07-30,36.0,35.79,37.57,35.02,5369133
2019-07-31,35.9,35.01,36.09,33.9,2384274
2019-08-01,35.2,35.54,35.59,34.5,2628930
2019-08-02,34.98,36.48,36.52,34.6571,2283921
2019-08-05,35.22,34.47,35.45,33.77,3199890
2019-08-06,35.08,35.6,35.7,34.33,1805718
2019-08-07,34.65,35.41,35.47,34.52,1518483
2019-08-08,35.78,38.1,38.47,35.78,2928404
2019-08-09,37.63,36.07,37.67,35.8,3595056
2019-08-12,35.2,34.26,35.39,33.82,2661657
2019-08-13,33.94,34.9,35.3,33.51,1868404
2019-08-14,33.75,33.58,34.63,33.263,2665333
2019-08-15,33.92,30.52,34.49,30.21,7332319
2019-08-16,31.56,31.7,32.79,31.12,2420906
2019-08-19,32.08,32.24,33.23,32.08,2178580
2019-08-20,32.11,31.51,32.6999,31.47,1513102
2019-08-21,31.88,32.09,32.4,31.51,1387419
2019-08-22,32.18,32.46,32.91,31.8001,1569554
2019-08-23,32.28,30.69,32.85,30.64,1453014
2019-08-26,31.2,30.51,31.2,30.05,1398603
2019-08-27,30.78,30.33,31.0,29.9706,1070181
2019-08-28,30.19,30.68,30.7,29.67,1447299
2019-08-29,30.87,30.59,31.34,30.02,1404358
2019-08-30,30.77,30.08,31.17,29.98,1499233
2019-09-03,29.5,30.09,30.81,29.22,1466815
2019-09-04,30.8,32.28,32.75,30.31,1813399
2019-09-05,32.66,33.84,34.52,32.48,2155238
2019-09-06,34.13,33.6,34.94,33.5,1724659
2019-09-09,33.84,31.85,34.0,31.49,1529726
2019-09-10,31.48,31.09,32.21,30.905,1954606
2019-09-11,31.08,31.83,32.14,30.94,1300392
2019-09-12,32.15,32.79,33.59,32.1,1506822
2019-09-13,32.98,32.89,33.42,32.31,912032
2019-09-16,32.69,33.49,34.68,32.45,1284439
2019-09-17,33.8,36.82,36.935,33.8,3282563
2019-09-18,36.49,36.58,36.81,35.32,1545125
2019-09-19,36.96,37.28,39.45,36.92,4687470
2019-09-20,37.19,36.03,37.28,35.65,2209937
2019-09-23,35.84,35.62,36.61,35.43,1081211
2019-09-24,35.9,34.79,36.18,34.0107,1666115
2019-09-25,34.8,35.05,35.275,33.98,1243355
2019-09-26,35.0,35.64,35.86,34.62,1016989
2019-09-27,35.75,34.3,36.0,33.44,2242170
2019-09-30,34.55,34.78,34.98,33.42,976134
2019-10-01,34.73,34.15,34.9,33.54,1388112
2019-10-02,33.85,32.38,33.85,31.78,3692621
2019-10-03,32.42,33.49,33.6,31.71,1190856
2019-10-04,33.5,33.95,34.01,32.93,892993
2019-10-07,34.03,33.89,34.5,33.66,765302
2019-10-08,33.6,32.26,33.79,32.14,1806115
2019-10-09,32.57,33.57,33.79,32.25,1000393
2019-10-10,33.45,33.91,34.5869,33.43,917065
2019-10-11,34.35,34.58,35.15,34.35,718739
2019-10-14,34.58,34.99,35.12,34.58,715630
2019-10-15,34.19,33.715,34.4,32.83,2914065
2019-10-16,33.45,33.96,34.35,32.91,1570285
2019-10-17,34.14,34.9,35.66,34.1101,1252498
2019-10-18,35.3,34.015,35.87,33.616,1361473
2019-10-21,34.34,34.18,34.37,33.37,425325
2019-10-22,34.37,31.545,35.06,31.43,1790888
2019-10-23,31.46,33.02,33.09,30.93,1889437
2019-10-24,33.28,33.78,34.1,32.63,915354
2019-10-25,33.63,36.47,36.54,33.6,2777264
2019-10-28,36.5,35.39,36.82,34.7136,1182629
2019-10-29,35.4,35.31,35.66,34.7227,855369
2019-10-30,36.19,36.53,36.73,34.75,1255295
2019-10-31,36.88,36.79,36.89,36.12,1398216
2019-11-01,36.9,37.65,38.2,36.59,2138099
2019-11-04,37.98,38.09,38.37,37.52,1581949
2019-11-05,37.8,35.02,37.81,34.3,3021113
2019-11-06,34.53,34.22,34.7728,33.5109,2869996
2019-11-07,34.25,33.99,34.9,33.86,1344777
2019-11-08,33.55,35.2,35.44,33.52,978821
2019-11-11,34.98,35.25,35.525,34.63,944955
2019-11-12,35.34,35.99,36.23,35.1,1344921
2019-11-13,35.75,35.99,36.31,35.62,1438908
2019-11-14,35.76,36.95,37.1,35.52,1088302
2019-11-15,37.17,37.9,38.11,36.64,1628357
2019-11-18,37.97,36.74,38.11,36.69,1962028
2019-11-19,37.17,36.13,37.45,35.93,1903477
2019-11-20,35.9,35.15,36.29,33.93,2452489
2019-11-21,35.15,34.35,36.04,33.57,5086019
2019-11-22,36.49,41.39,41.57,36.245,11178397
2019-11-25,41.06,41.09,41.88,39.81,5224453
2019-11-26,41.29,39.35,41.29,39.25,2684031
2019-11-27,39.76,40.62,41.09,39.65,2355678
2019-11-29,40.7,40.98,41.6,40.51,1387938
2019-12-02,40.7,37.71,40.92,37.15,3729286
2019-12-03,35.95,37.85,38.28,35.03,2094720
2019-12-04,38.29,38.3,39.0,37.9,1409898
2019-12-05,38.37,38.32,38.4965,36.81,2280905
2019-12-06,38.63,39.1,39.18,38.06,1763990
2019-12-09,39.09,38.73,40.07,38.635,1646466
2019-12-10,38.53,37.91,38.7098,37.61,1281740
2019-12-11,38.18,38.7,38.85,37.69,914507
2019-12-12,38.51,38.69,39.53,38.225,1693686
2019-12-13,38.53,39.525,39.71,38.476,1184336
2019-12-16,39.84,39.39,40.09,39.16,1578783
2019-12-17,39.5,39.03,39.65,38.33,975842
2019-12-18,39.23,39.09,39.55,38.76,636840
2019-12-19,39.3,39.09,39.36,38.4,993385
2019-12-20,39.22,38.01,39.34,37.86,2159276
2019-12-23,38.01,38.13,38.16,37.51,1574496
2019-12-24,38.14,38.57,38.85,38.13,335235
2019-12-26,38.81,38.82,38.94,38.38,658941
2019-12-27,38.87,39.07,39.29,38.65,740570
2019-12-30,39.21,38.36,39.2699,37.91,916155
2019-12-31,38.11,39.89,39.91,38.025,916249
2020-01-02,40.74,42.79,43.01,40.6,4028676
2020-01-03,41.88,42.21,42.55,41.2458,1454395
2020-01-06,41.72,41.02,41.75,40.35,1788302
2020-01-07,40.81,40.7,41.4575,40.46,1084361
2020-01-08,40.79,41.87,41.96,40.1,1592194
2020-01-09,42.33,41.88,43.32,41.55,2238420
2020-01-10,42.08,42.76,43.0,40.55,2103086
2020-01-13,43.2,41.68,43.57,41.01,1794679
2020-01-14,41.76,41.31,42.21,41.21,1729929
2020-01-15,41.36,41.04,41.55,40.4,1570429
2020-01-16,41.44,41.08,42.42,41.02,1092314
2020-01-17,41.09,42.04,42.48,40.8325,1080644
2020-01-21,42.0,42.25,42.99,41.65,1617984
2020-01-22,42.82,44.64,45.04,42.61,3889779
2020-01-23,44.88,45.03,45.27,44.03,1547191
2020-01-24,45.0,43.15,45.48,42.9194,1617006
2020-01-27,41.46,41.16,42.03,39.91,2010267
2020-01-28,41.37,43.51,43.77,41.25,1398065
2020-01-29,43.68,43.44,44.0,42.8481,1307943
2020-01-30,42.95,44.3,44.32,42.91,2304874
2020-01-31,44.1,43.44,44.2,43.01,1717923
2020-02-03,43.52,45.3,45.72,43.52,1904649
2020-02-04,44.55,43.14,44.99,42.8406,4361678
2020-02-05,44.07,42.28,44.39,41.94,2112647
2020-02-06,42.61,41.59,42.69,41.05,2371898
2020-02-07,41.25,40.78,41.66,40.365,1469990
2020-02-10,41.62,40.05,41.62,39.27,2288846
2020-02-11,40.35,40.19,40.91,39.36,1982544
2020-02-12,40.52,40.79,40.81,39.54,1913755
2020-02-13,40.5,42.01,42.37,40.4513,2146380
2020-02-14,42.38,41.82,42.53,41.06,1436616
2020-02-18,41.55,41.82,42.17,41.42,1593155
2020-02-19,42.06,44.31,44.7,42.06,3035934
2020-02-20,44.08,43.73,44.08,41.66,1642081
2020-02-21,43.42,43.48,43.9899,42.26,1426830
2020-02-24,40.54,41.78,42.49,40.3,2223419
2020-02-25,42.18,41.0,43.13,40.161,2812577
2020-02-26,40.57,41.57,42.19,40.5,2708029
2020-02-27,41.03,41.85,43.96,40.21,3943826
2020-02-28,40.69,39.89,42.33,38.75,3992721
2020-03-02,40.46,43.86,43.91,39.85,4325639
2020-03-03,43.4,44.29,46.69,42.15,5186667
2020-03-04,43.75,44.35,44.88,42.27,3990371
2020-03-05,43.82,41.71,44.025,41.06,2833643
2020-03-06,40.28,40.0,40.39,38.52,3580167
2020-03-09,35.7,36.03,37.09,34.14,5223895
2020-03-10,37.71,40.31,40.42,36.87,3123235
2020-03-11,38.72,36.34,39.2385,35.2,3089414
2020-03-12,31.96,30.22,32.71,30.1501,5109687
2020-03-13,32.71,32.5,33.98,29.0,5085856
2020-03-16,28.0,26.32,29.88,26.25,3475196
2020-03-17,27.01,25.16,27.45,23.5606,5085323
2020-03-18,22.9,21.74,23.5,18.56,4961182
2020-03-19,20.92,23.62,25.369,19.08,5507987
2020-03-20,24.23,22.03,26.39,21.86,3484876
2020-03-23,22.1,19.89,22.11,19.2,5280195
2020-03-24,22.27,23.74,23.86,21.78,3863519
2020-03-25,24.33,25.53,26.99,24.0,5415142
2020-03-26,26.45,27.97,28.22,25.8,4623853
2020-03-27,26.18,24.44,26.3,24.03,3164619
2020-03-30,24.52,23.5,25.4,23.33,2516712
2020-03-31,23.23,21.77,23.9,21.52,3964906
2020-04-01,20.91,19.53,21.2,19.135,4177404
2020-04-02,19.49,19.88,20.59,19.39,3197863
2020-04-03,19.88,17.82,20.28,17.72,4898325
2020-04-06,19.41,22.24,22.48,19.29,4637355
2020-04-07,23.99,23.64,25.48,23.13,4412396
2020-04-08,23.87,25.48,25.63,23.87,2611283
2020-04-09,26.95,25.14,27.28,25.0,2921163
2020-04-13,25.09,23.01,25.09,22.5,4340349
2020-04-14,24.52,24.63,25.65,23.76,3230243
2020-04-15,23.56,23.94,24.25,23.56,2292728
2020-04-16,24.16,22.94,24.2788,22.63,3027794
2020-04-17,24.25,24.1,25.09,23.7,3741693
2020-04-20,23.16,22.43,23.6,22.06,4868544
2020-04-21,21.81,21.21,22.29,20.88,4463577
2020-04-22,21.87,23.0,23.2,21.27,4431302
2020-04-23,23.11,23.18,24.45,22.92,4527432
2020-04-24,23.1,22.08,23.2,21.37,4582357
2020-04-27,22.74,23.75,23.8143,22.5101,2657007
2020-04-28,24.5,25.27,25.59,23.77,3522822
2020-04-29,26.7,28.04,28.53,26.66,4664580
2020-04-30,27.55,26.38,27.85,25.651,3674538
2020-05-01,25.09,25.4,25.96,24.9,1990561
2020-05-04,24.77,26.4,26.55,24.5,2178007
2020-05-05,27.29,26.74,27.74,26.5,1996116
2020-05-06,27.38,27.06,28.015,26.73,3447001
2020-05-07,27.71,26.99,28.44,26.79,4275230
2020-05-08,27.71,28.1,28.32,27.25,2839682
2020-05-11,29.0,27.13,29.0,26.86,2774820
2020-05-12,26.6,23.8,26.79,23.71,6872986
2020-05-13,24.0,21.15,24.04,21.03,7108851
2020-05-14,20.92,22.1,22.28,20.3893,4868823
2020-05-15,21.81,21.88,22.52,21.5002,3313173
2020-05-18,23.18,24.4,24.685,22.74,6224121
2020-05-19,24.64,24.26,25.18,24.02,3522583
2020-05-20,24.76,24.41,25.7,24.27,3135793
2020-05-21,24.59,24.7,25.01,23.56,3555674
2020-05-22,24.78,24.46,24.98,23.79,2533840
2020-05-26,25.72,26.7,26.8399,24.99,8968004
2020-05-27,32.8,34.01,34.45,31.02,23807281
2020-05-28,33.9,31.38,33.9,31.0235,10196747
2020-05-29,30.04,31.68,31.77,29.6,9348218
2020-06-01,31.65,31.89,33.0499,31.65,2990594
2020-06-02,32.27,32.62,32.92,31.91,2382768
2020-06-03,33.08,35.45,37.705,32.8,6466703
2020-06-04,35.23,36.31,37.29,34.72,3720734
2020-06-05,37.9,39.23,39.505,37.7,6165305
2020-06-08,40.0,39.31,40.17,38.82,3916076
2020-06-09,37.86,38.6,39.69,37.5,2465110
2020-06-10,38.76,38.42,39.14,37.54,2245217
2020-06-11,35.05,34.58,36.66,34.28,4326638
2020-06-12,36.46,36.99,37.24,35.11,2542160
2020-06-15,35.51,36.95,37.04,33.83,3686815
2020-06-16,38.93,37.43,39.26,36.55,3783057
2020-06-17,37.76,37.25,38.39,37.01,2145575
2020-06-18,36.64,38.57,38.845,36.37,2400600
2020-06-19,39.49,38.14,39.91,38.11,3069302
2020-06-22,38.22,39.69,39.945,38.05,2333131
2020-06-23,40.45,41.55,42.88,40.45,4561943
2020-06-24,41.28,38.43,41.8,38.21,3408567
2020-06-25,38.59,39.96,40.09,37.705,2597816
2020-06-26,39.52,37.94,39.9358,37.5,11977099
2020-06-29,38.2647,38.2,38.66,36.67,1818119
2020-06-30,37.97,38.76,39.17,37.89,1693083
2020-07-01,38.94,39.51,39.79,38.26,1754067
2020-07-02,40.07,40.11,40.9799,39.49,1873495
2020-07-06,41.1,40.57,41.37,40.1,1161438
2020-07-07,40.39,40.13,41.13,39.85,1514435
2020-07-08,40.24,41.53,41.84,40.21,1876359
2020-07-09,42.0,41.48,42.0,40.33,1695290
2020-07-10,40.5,39.84,40.99,39.53,2486773
2020-07-13,40.44,38.55,40.89,38.46,1683320
2020-07-14,37.71,38.39,38.44,36.71,2355750
2020-07-15,39.68,40.71,41.22,39.33,2176895
2020-07-16,39.38,40.36,40.59,39.38,903775
2020-07-17,40.57,40.54,40.79,39.73,922273
2020-07-20,40.54,41.91,41.98,40.2801,1164392
2020-07-21,42.5,42.36,43.17,42.01,1829104
2020-07-22,42.28,42.79,43.0799,41.94,1445602
2020-07-23,42.67,43.01,44.9,42.51,2447032
2020-07-24,42.39,42.68,43.5038,41.91,1180531
2020-07-27,43.3,45.03,45.155,42.84,1208741
2020-07-28,45.18,44.24,45.4,44.23,1327754
2020-07-29,45.25,46.9,47.06,44.725,1873903
2020-07-30,46.29,47.03,47.42,44.82,1698712
2020-07-31,47.47,47.71,47.87,46.395,1604808
2020-08-03,48.17,48.12,49.2,47.8,2136541
2020-08-04,47.98,47.2,48.4299,46.56,2659054
2020-08-05,48.09,47.86,48.71,47.32,2113249
2020-08-06,48.01,49.09,49.47,47.5,2208501
2020-08-07,49.95,49.06,50.42,48.13,3792247
2020-08-10,49.72,47.18,50.6028,47.05,2143616
2020-08-11,47.41,52.39,55.0,46.23,9477272
2020-08-12,49.73,49.29,52.16,47.83,8463211
2020-08-13,48.6,49.01,49.53,48.24,12902800
2020-08-14,48.5,48.21,49.01,47.93,4195991
2020-08-17,48.6,48.86,49.37,48.26,4255918
2020-08-18,49.24,51.28,52.21,49.0,5558848
2020-08-19,51.52,50.62,52.09,50.46,2357758
2020-08-20,50.12,49.41,50.73,48.93,2877428
2020-08-21,49.35,49.84,50.15,49.17,1952970
2020-08-24,50.56,49.995,51.38,49.46,1674237
2020-08-25,50.29,50.78,51.04,49.75,1170607
2020-08-26,50.57,48.9,50.99,48.61,3262536
2020-08-27,49.25,50.56,50.78,48.73,3423518
2020-08-28,50.67,51.87,52.66,50.58,2797059
2020-08-31,51.87,51.0,51.92,50.74,1522826
2020-09-01,51.49,52.81,53.84,51.06,2019645
2020-09-02,53.21,52.38,53.485,51.05,2920261
2020-09-03,51.72,50.285,51.72,49.72,5779715
2020-09-04,49.19,50.0,51.1,48.68,5320456
2020-09-08,48.01,49.81,49.91,46.6,2872385
2020-09-09,51.18,50.66,51.52,49.67,3228988
2020-09-10,51.14,51.04,53.08,50.97,2750422
2020-09-11,51.31,50.49,51.81,49.86,1168410
2020-09-14,51.5,51.68,53.19,51.5,1491485
2020-09-15,52.22,53.72,54.14,51.93,1603906
2020-09-16,54.34,53.66,55.43,53.53,1944785
2020-09-17,52.13,52.26,53.09,51.18,2093791
2020-09-18,52.39,51.5,52.71,50.16,1966600
2020-09-21,49.97,51.41,51.42,48.95,1571595
2020-09-22,52.37,52.94,53.09,51.63,1529579
2020-09-23,52.92,52.25,53.94,51.99,2029641
2020-09-24,51.56,52.42,53.605,51.1733,1308945
2020-09-25,52.5,53.13,53.86,51.36,2006323
2020-09-28,54.51,52.83,55.0,52.75,2584929
2020-09-29,52.75,53.345,53.7008,52.51,1342502
2020-09-30,53.33,52.89,53.919,52.245,1285603
2020-10-01,53.8,54.41,54.91,53.645,1780502
2020-10-02,53.33,52.74,54.47,52.23,2017940
2020-10-05,53.38,54.3,54.56,53.284,1438609
2020-10-06,54.17,55.26,56.57,54.17,2034479
2020-10-07,56.96,57.99,58.2,56.4246,2320608
2020-10-08,58.55,58.42,58.87,56.93,1065334
2020-10-09,58.28,58.59,59.89,58.27,1596022
2020-10-12,59.724,58.12,59.724,57.57,1147187
2020-10-13,58.09,58.51,58.99,57.76,783533
2020-10-14,58.48,57.57,58.99,56.94,1200383
2020-10-15,56.56,58.0,58.26,56.45,881198
2020-10-16,58.61,57.9,59.05,57.47,1221157
2020-10-19,58.67,57.08,60.045,56.75,1780585
2020-10-20,57.28,59.2,60.36,57.28,1833956
2020-10-21,59.29,59.86,60.76,58.57,1567454
2020-10-22,60.5,57.88,60.5,56.92,2282559
2020-10-23,59.25,59.0,59.3817,57.41,1814918
2020-10-26,58.24,56.15,58.73,55.45,2597403
2020-10-27,57.28,55.98,57.995,55.76,1920829
2020-10-28,53.9,53.62,54.215,52.91,2542481
2020-10-29,54.19,55.52,56.11,53.66,2449456
2020-10-30,56.6489,52.54,58.0,50.4,5907792
2020-11-02,53.11,52.95,55.24,52.415,3602922
2020-11-03,53.55,53.38,54.29,52.615,2325789
2020-11-04,54.72,58.82,59.04,54.51,3319007
2020-11-05,59.92,61.07,61.78,59.6,1898938
2020-11-06,60.76,62.22,62.36,59.75,1983049
2020-11-09,62.34,63.04,64.06,61.4,2756116
2020-11-10,62.31,62.56,63.0,59.84,3679380
2020-11-11,62.75,64.17,65.59,62.75,2346419
2020-11-12,64.37,64.55,65.44,63.54,1628964
2020-11-13,65.19,64.44,65.587,63.58,1542544
2020-11-16,64.52,65.52,66.28,64.345,2604989
2020-11-17,65.58,66.8,67.75,64.62,1791779
2020-11-18,67.6638,67.93,69.03,66.86,2820097
2020-11-19,67.87,68.82,69.23,67.62,2136702
2020-11-20,68.93,69.75,70.17,68.08,3265090
2020-11-23,70.96,72.67,73.23,69.89,2904975
2020-11-24,73.63,71.84,74.045,71.01,3036100
2020-11-25,71.57,70.51,72.29,69.85,2681465
2020-11-27,71.52,73.28,74.0,71.16,1464969
2020-11-30,73.25,73.22,73.664,70.91,2147205
2020-12-01,74.03,73.31,74.93,73.24,1942195
2020-12-02,72.2,70.72,72.51,70.32,2124816
2020-12-03,71.09,71.14,73.175,70.77,2398457
2020-12-04,72.23,73.75,74.82,71.59,2826758
2020-12-07,74.09,73.5,74.65,72.94,959941
2020-12-08,73.37,74.26,74.75,73.16,1862021
2020-12-09,74.46,71.68,74.93,70.83,1922822
2020-12-10,70.95,74.57,74.85,69.73,1713892
2020-12-11,74.16,75.11,75.39,74.01,1023047
2020-12-14,76.03,77.45,78.97,75.52,2352978
2020-12-15,77.85,78.08,79.95,77.85,1688386
2020-12-16,78.26,78.65,78.9,76.2,1455769
2020-12-17,80.0,81.23,81.5,79.66,2069257
2020-12-18,81.91,84.29,84.51,81.12,5705610
2020-12-21,83.89,84.97,86.0,83.11,1809465
2020-12-22,86.19,85.54,86.74,83.77,2256273
2020-12-23,85.43,84.13,87.23,83.43,2268054
2020-12-24,84.71,85.17,85.42,83.62,1184918
2020-12-28,86.1505,83.0,87.21,82.68,2025887
2020-12-29,84.01,83.1,84.01,80.81,2059019
2020-12-30,83.26,83.24,83.87,81.8801,1083138
2020-12-31,83.17,83.92,84.18,82.4081,985869
2021-01-04,85.0,82.67,85.04,80.5,1441881
2021-01-05,81.56,82.88,83.88,81.05,1333494
2021-01-06,82.09,77.95,82.225,77.6713,2044058
2021-01-07,78.36,80.23,80.37,78.15,1979710
2021-01-08,81.01,80.09,81.5,78.68,1596332
2021-01-11,78.97,79.77,80.45,78.2,1716332
2021-01-12,80.0,79.88,80.5693,79.15,1735264
2021-01-13,80.27,79.58,80.85,79.55,801354
2021-01-14,79.8,79.41,81.3299,78.73,1144932
2021-01-15,79.29,78.23,79.29,77.27,1292153
2021-01-19,79.75,79.92,82.2,78.28,2039916
2021-01-20,80.94,82.55,86.36,80.18,3243513
2021-01-21,83.2034,79.68,84.19,78.9,2082964
2021-01-22,78.75,79.0,80.1,78.27,1161755
2021-01-25,79.14,75.81,79.4999,74.37,1951986
2021-01-26,76.03,73.4,76.47,72.88,2186663
2021-01-27,71.7,69.46,72.5,68.46,4046240
2021-01-28,71.88,74.18,75.2,70.0,2393786
2021-01-29,75.5,71.9,75.6,70.505,2089748
2021-02-01,73.0,74.85,76.0,72.15,1555624
2021-02-02,76.45,78.28,79.42,76.27,1628278
2021-02-03,78.72,78.64,79.4,78.0696,913971
2021-02-04,79.25,81.22,81.86,78.94,1523424
2021-02-05,83.57,85.71,87.415,83.05,2776326
2021-02-08,86.9,88.58,88.79,85.22,1752000
2021-02-09,88.24,89.14,89.51,86.17,1534004
2021-02-10,89.9,87.92,90.91,87.12,1374233
2021-02-11,88.415,90.36,90.99,88.22,1365444
2021-02-12,90.42,92.14,92.75,90.0,1070771
2021-02-16,93.45,93.81,95.0,92.1006,1162203
2021-02-17,93.42,94.09,95.1172,92.25,2199413
2021-02-18,93.25,90.5,93.68,89.32,1714014
2021-02-19,91.36,92.34,93.42,91.18,911955
2021-02-22,88.0,87.56,89.49,86.8,1874261
2021-02-23,83.57,88.19,88.64,81.57,2325745
2021-02-24,88.11,87.99,89.39,86.52,1972059
2021-02-25,86.65,84.45,87.95,83.6,2192247
2021-02-26,84.38,85.81,87.37,83.8,2023946
2021-03-01,87.3,89.67,90.3,87.21,1375530
2021-03-02,89.6,87.77,89.96,86.63,1787750
2021-03-03,86.99,82.31,87.595,79.64,2776891
2021-03-04,81.5,77.25,83.8368,74.13,3642356
2021-03-05,79.35,76.67,79.37,68.77,4261326
2021-03-08,75.43,69.33,76.53,68.76,3805288
2021-03-09,72.9,70.91,72.9,70.5,4041145
2021-03-10,72.02,70.71,74.26,69.8,2293421
2021-03-11,73.38,76.41,77.26,73.0,3640126
2021-03-12,70.35,71.79,72.35,66.9,6542829
2021-03-15,71.76,70.79,72.41,69.71,2299612
2021-03-16,71.17,69.53,73.0,68.34,1989589
2021-03-17,68.39,70.21,70.7,66.26,2532492
2021-03-18,69.0,66.79,69.68,66.4,2526913
2021-03-19,66.96,66.91,68.16,65.6,4489897
2021-03-22,67.14,67.37,67.91,66.44,1230413
2021-03-23,66.9,66.32,67.6,65.75,1016698
2021-03-24,67.05,62.68,67.05,62.31,1846272
2021-03-25,61.24,64.0,64.65,60.5,2091486
2021-03-26,64.49,62.16,64.92,60.52,2346211
2021-03-29,62.16,59.89,62.33,57.35,4287980
2021-03-30,59.58,61.28,62.0,59.12,4153341
2021-03-31,61.86,61.22,64.23,61.08,4244436
2021-04-01,63.18,64.22,64.95,62.76,5983443
2021-04-05,65.51,63.26,65.764,61.71,1902630
2021-04-06,63.09,65.42,66.1,63.0101,2275205
2021-04-07,65.4,64.64,66.479,63.64,1703793
2021-04-08,65.295,67.85,68.14,64.98,2194076
2021-04-09,67.8951,67.81,69.38,66.4,1792554
2021-04-12,67.07,67.74,68.1,65.36,1365161
2021-04-13,68.37,68.19,69.5,67.36,1295344
2021-04-14,68.19,66.12,69.24,65.69,1544243
2021-04-15,67.19,67.4,68.7,66.53,1180016
2021-04-16,67.4,68.27,68.4191,66.5,1331347
2021-04-19,68.04,66.2,68.135,64.84,1912815
2021-04-20,66.07,65.62,66.875,64.2,1853000
2021-04-21,65.0,66.88,67.26,64.59,839309
2021-04-22,67.815,65.76,67.91,65.05,1438132
2021-04-23,66.16,67.67,67.76,65.98,939881
2021-04-26,67.59,69.9,70.0,67.18,1448009
2021-04-27,70.33,69.64,70.565,68.75,1626768
2021-04-28,69.32,69.39,70.56,68.435,1142357
2021-04-29,70.26,67.13,70.26,66.47,1485642
2021-04-30,65.82,64.64,65.95,64.3,2189319
2021-05-03,64.98,63.98,65.75,62.915,1729023
2021-05-04,63.115,61.99,63.29,60.96,2529399
2021-05-05,63.2,62.35,63.35,60.7,2684893
2021-05-06,61.88,61.28,62.3,59.83,2820688
2021-05-07,62.03,62.49,64.49,62.03,1965264
2021-05-10,62.48,59.8,62.76,59.74,2641746
2021-05-11,55.59,59.97,61.09,55.56,2807053
2021-05-12,58.58,57.05,60.12,56.81,2743038
2021-05-13,57.92,56.15,58.61,55.13,3916409
2021-05-14,57.07,59.21,59.47,56.6,3712316
2021-05-17,57.76,59.41,59.66,57.5,1865911
2021-05-18,59.81,59.37,61.53,59.09,1770780
2021-05-19,57.53,58.92,59.0,56.62,2140761
2021-05-20,59.5,61.2,61.34,59.3801,2524848
2021-05-21,62.0248,62.89,63.76,61.5,2205003
2021-05-24,65.19,62.99,65.6,62.75,2826225
2021-05-25,63.42,64.74,65.5,63.21,1893743
2021-05-26,65.28,65.97,66.43,64.81,1402938
2021-05-27,65.27,66.32,66.74,64.57,1345588
2021-05-28,66.8,65.97,67.1,65.5,1834746
2021-06-01,66.59,65.14,67.8,64.5,2912401
2021-06-02,63.45,66.07,67.3899,62.34,4681746
2021-06-03,65.42,63.84,65.93,62.53,2114685
2021-06-04,64.38,64.13,64.91,63.43,1322180
2021-06-07,63.96,63.48,64.13,62.8,3006470
2021-06-08,64.5,62.86,65.44,62.46,1954475
2021-06-09,62.83,62.39,63.4,61.93,1649731
2021-06-10,62.08,63.04,63.1,61.46,3275145
2021-06-11,63.43,63.32,63.93,62.96,1330085
2021-06-14,63.12,63.98,64.12,62.93,1365043
2021-06-15,64.14,63.56,64.14,63.12,1921867
2021-06-16,63.44,63.34,64.3,61.89,1267321
2021-06-17,62.78,66.31,66.54,62.78,1760596
2021-06-18,66.39,68.29,68.93,66.14,3589894
2021-06-21,68.27,69.22,69.38,66.8,2004104
2021-06-22,69.18,69.23,70.02,68.76,2040203
2021-06-23,69.02,69.1,70.11,68.85,1473229
2021-06-24,70.42,70.42,70.66,69.6,1607259
2021-06-25,71.08,67.45,71.08,67.12,4188067
2021-06-28,68.03,67.91,68.49,66.55,1353201
2021-06-29,68.0,68.29,68.9234,67.56,1652134
2021-06-30,67.83,67.06,68.11,66.95,1642961
2021-07-01,67.28,68.35,68.38,66.8848,2123402
2021-07-02,68.94,69.91,70.01,68.58,1815245
2021-07-06,69.73,68.72,70.74,68.6,2830589
2021-07-07,69.51,66.77,70.38,66.0,2310967
2021-07-08,65.56,64.82,65.65,63.69,2654662
2021-07-09,64.87,64.3,65.2,63.26,2833565
2021-07-12,64.26,63.23,64.7,62.45,2939152
2021-07-13,63.03,62.47,63.75,61.98,2206487
2021-07-14,62.85,60.49,63.0,60.335,4462169
2021-07-15,60.62,58.24,60.7,57.46,5578970
2021-07-16,58.51,56.98,58.86,56.82,3423681
2021-07-19,56.07,55.79,56.07,54.17,4145130
2021-07-20,55.71,57.66,58.01,54.8,2732256
2021-07-21,58.0,59.3,59.75,57.42,2368499
2021-07-22,59.37,58.57,59.63,58.0093,853105
2021-07-23,58.85,59.46,59.77,58.13,1208806
2021-07-26,59.17,56.85,59.2,56.23,2958046
2021-07-27,56.52,55.47,56.8099,53.19,4682979
2021-07-28,56.27,57.09,57.57,55.35,2907360
2021-07-29,57.14,59.0,59.18,56.7,2852877
2021-07-30,58.08,58.84,59.3,57.95,3049153
2021-08-02,59.56,58.58,60.25,58.395,2629066
2021-08-03,58.73,57.06,59.69,56.34,2143882
2021-08-04,57.2,56.64,57.865,56.27,1092930
2021-08-05,56.6,57.39,58.82,56.44,2224647
2021-08-06,57.66,56.86,58.1,56.67,2133570
2021-08-09,57.3,58.15,58.325,56.58,1584310
2021-08-10,58.56,55.92,58.72,55.85,2011269
2021-08-11,56.0,56.68,56.96,55.39,1792646
2021-08-12,56.39,55.12,56.68,54.765,1899238
2021-08-13,55.22,53.23,55.37,52.69,2282744
2021-08-16,52.66,51.02,52.66,50.17,4325379
2021-08-17,50.43,50.13,50.87,49.11,3182190
2021-08-18,50.21,48.63,50.48,48.36,3370164
2021-08-19,48.09,49.94,50.62,47.81,4846748
2021-08-20,49.95,50.08,50.335,49.64,2250944
2021-08-23,50.44,52.94,53.27,50.3,2014976
2021-08-24,53.48,55.05,55.3,53.38,3925202
2021-08-25,53.75,52.88,53.9585,52.09,4545029
2021-08-26,51.89,50.41,52.3,49.92,2589597
2021-08-27,50.59,51.61,51.7,50.34,4536970
2021-08-30,51.76,49.5,51.795,49.45,3934657
2021-08-31,45.6635,46.54,48.6,44.5,12173488
2021-09-01,47.09,47.8,48.14,46.89,4743569
2021-09-02,47.82,44.61,47.82,44.55,8209138
2021-09-03,45.01,44.63,45.74,44.22,4765209
2021-09-07,45.0,44.83,45.2,44.62,3847626
2021-09-08,44.84,42.85,44.865,42.445,6113080
2021-09-09,42.69,43.91,44.1917,42.68,3949589
2021-09-10,44.5548,43.37,44.89,43.32,4371279
2021-09-13,43.51,43.32,44.1201,42.17,3060765
2021-09-14,43.72,41.72,43.982,41.47,4325391
2021-09-15,41.67,40.84,41.79,40.385,3463355
2021-09-16,40.36,40.9,41.24,40.12,1650717
2021-09-17,41.09,41.74,41.77,40.63,3887815
2021-09-20,40.214,40.45,40.92,40.05,2628225
2021-09-21,40.73,40.15,40.89,39.32,2686387
2021-09-22,40.41,40.24,41.18,40.16,2335759
2021-09-23,40.56,40.16,40.71,39.92,2255230
2021-09-24,39.69,40.01,40.88,38.87,5310733
2021-09-27,39.66,38.27,39.74,38.21,2977408
2021-09-28,37.59,36.31,37.96,36.05,3985667
2021-09-29,36.51,34.68,36.55,34.565,3977652
2021-09-30,34.8,34.72,35.37,34.28,2256058
2021-10-01,34.95,35.41,35.68,34.4,2459400
2021-10-04,35.21,33.15,35.24,32.97,3082240
2021-10-05,33.33,33.5,34.42,32.72,3062060
2021-10-06,32.8,33.1,33.62,32.16,3144839
2021-10-07,33.47,34.26,34.74,33.47,2844290
2021-10-08,34.36,33.14,34.64,32.44,4486513
2021-10-11,32.72,30.87,33.0,30.71,4674004
2021-10-12,31.0,31.57,31.812,30.82,4051137
2021-10-13,31.99,32.05,32.287,31.12,2053689
2021-10-14,32.52,33.56,33.725,32.405,3460773
2021-10-15,33.67,37.31,38.24,33.59,10720091
2021-10-18,37.625,37.17,37.625,35.87,4990766
2021-10-19,37.16,37.54,37.75,36.16,2898924
2021-10-20,37.77,39.46,39.54,37.71,5621712
2021-10-21,39.05,38.9,40.04,38.7,7092452
2021-10-22,38.47,36.84,38.6,36.15,4083327
2021-10-25,37.23,37.75,38.325,37.03,2170891
2021-10-26,38.24,36.45,38.27,36.1,2404922
2021-10-27,36.35,33.81,36.35,32.72,9005485
2021-10-28,34.02,34.61,35.72,34.0,3897594
2021-10-29,34.5,33.86,34.87,33.7,2611014
2021-11-01,34.0,33.89,34.87,33.715,2710702
2021-11-02,33.512,32.05,33.8181,31.93,2961662
2021-11-03,32.16,31.8,32.29,31.31,3876799
2021-11-04,32.0,30.99,32.25,30.74,3743622
2021-11-05,31.38,30.34,31.55,29.85,4609360
2021-11-08,30.53,30.34,30.75,29.92,2833453
2021-11-09,30.5,29.57,30.66,29.21,2566200
2021-11-10,29.1612,28.58,29.97,28.4,2690425
2021-11-11,29.43,28.75,29.84,28.72,2399497
2021-11-12,29.5,30.21,31.135,29.32,3436976
2021-11-15,30.27,31.31,31.47,30.1,5362180
2021-11-16,31.6,31.66,31.99,31.1401,6647768
2021-11-17,26.19,20.7,26.6411,20.67,40479993
2021-11-18,21.115,19.23,21.19,19.07,21385271
2021-11-19,19.29,19.13,20.29,19.12,13582614
2021-11-22,19.03,17.01,19.05,16.5,18719122
2021-11-23,17.07,17.53,17.77,16.7202,13622014
2021-11-24,17.23,17.07,17.65,16.91,13128675
2021-11-26,16.6,16.34,17.18,16.19,7821894
2021-11-29,16.48,16.24,16.9,15.74,10966616
2021-11-30,16.07,15.6,16.58,15.0,18310798
2021-12-01,15.8,15.0,16.95,14.77,13692138
2021-12-02,15.03,16.01,16.24,15.0,9421070
2021-12-03,16.12,15.25,16.12,15.07,6661067
2021-12-06,15.21,15.17,15.37,14.02,12109263
2021-12-07,15.91,16.8,17.69,15.9,10707591
2021-12-08,16.8,17.6,18.42,16.3,7932348
2021-12-09,17.49,17.57,19.1,17.295,10694218
2021-12-10,17.67,17.68,18.72,17.42,6136582
2021-12-13,17.52,16.76,18.06,16.13,6081208
2021-12-14,16.5,16.25,17.25,16.12,4829482
2021-12-15,16.32,17.04,17.09,15.76,5558744
2021-12-16,17.22,15.64,17.26,15.22,8258832
2021-12-17,15.445,15.64,16.0229,15.25,8214861
2021-12-20,15.2,14.95,15.55,14.91,6994810
2021-12-21,15.21,16.19,16.42,15.08,7084794
2021-12-22,16.1,15.93,16.56,15.88,5167642
2021-12-23,15.485,17.41,18.8099,15.45,17169198
2021-12-27,17.31,17.24,17.83,17.13,5432127
2021-12-28,17.04,16.39,17.39,16.2416,5503607
2021-12-29,16.325,15.75,16.42,15.68,3658230
2021-12-30,15.75,17.0,17.548,15.66,6669139
2021-12-31,16.96,16.86,17.62,16.84,4483953
2022-01-03,17.06,19.32,19.6599,17.06,11050360
2022-01-04,18.77,17.07,19.17,16.72,10152593
2022-01-05,16.7,15.81,17.0917,15.62,6901392
2022-01-06,16.0035,15.91,16.47,15.32,5865207
2022-01-07,15.91,16.12,16.81,15.82,4642117
2022-01-10,16.07,16.38,16.425,15.21,5299636
2022-01-11,16.35,17.25,17.595,16.2151,5334291
2022-01-12,17.75,17.65,18.15,17.12,5101623
2022-01-13,17.64,16.69,17.7999,16.62,4441749
2022-01-14,16.33,16.62,16.96,16.06,3874376
2022-01-18,16.2162,15.11,16.37,15.07,5858563
2022-01-19,15.32,15.23,15.64,14.79,5746345
2022-01-20,15.56,15.14,16.43,15.12,6518451
2022-01-21,14.9,14.46,15.45,14.41,7420304
2022-01-24,13.8119,14.68,14.71,13.14,6564789
2022-01-25,14.23,14.26,14.63,13.545,5051331
2022-01-26,14.8437,14.51,15.82,14.455,7566354
2022-01-27,14.73,13.87,14.84,13.79,6263865
2022-01-28,14.04,14.66,14.72,13.69,4036921
2022-01-31,14.58,15.58,15.7,14.58,4725647
2022-02-01,15.95,16.0,16.2783,15.48,5718926
2022-02-02,15.59,14.01,15.61,13.96,7567051
2022-02-03,13.64,13.1,13.65,13.01,7195244
2022-02-04,13.26,13.41,13.595,12.55,7050664
2022-02-07,13.4271,13.41,13.82,13.28,5627959
2022-02-08,13.22,12.94,13.32,12.755,7284759
2022-02-09,13.33,13.6,13.715,12.955,8017718
2022-02-10,13.22,13.14,14.34,13.04,5175946
2022-02-11,13.17,12.68,13.6699,12.575,5468501
2022-02-14,12.64,12.45,13.17,12.4,4380596
2022-02-15,12.7557,13.0,13.065,12.57,3643676
2022-02-16,12.73,12.32,12.94,12.12,6846914
2022-02-17,12.24,11.16,12.25,11.1,9616415
2022-02-18,11.09,10.71,11.12,10.42,9029197
2022-02-22,10.4902,10.71,11.03,10.36,8165095
2022-02-23,10.84,10.51,11.12,10.45,6067372
2022-02-24,9.79,11.39,11.41,9.62,8232676
2022-02-25,11.42,11.42,11.54,10.7999,5975419
2022-02-28,11.22,11.24,11.53,11.035,6176011
2022-03-01,11.15,10.87,11.37,10.74,5730861
2022-03-02,10.99,11.01,11.08,10.46,7125972
2022-03-03,11.07,10.48,11.15,10.42,4487317
2022-03-04,10.28,9.73,10.61,9.705,5196025
2022-03-07,9.87,9.2,9.99,9.185,9255026
2022-03-08,9.21,9.55,9.89,9.02,8581715
2022-03-09,9.84,10.42,10.57,9.84,7736475
2022-03-10,10.08,9.51,10.08,9.275,6999930
2022-03-11,9.65,8.93,9.7,8.92,5006718
2022-03-14,8.84,8.36,9.05,8.315,8946424
2022-03-15,8.37,8.26,8.5,8.05,12066473
2022-03-16,8.42,9.44,9.45,8.42,13467761
2022-03-17,9.23,9.61,9.83,8.9,15638499
2022-03-18,12.34,13.65,13.9,12.09,69999863
2022-03-21,13.46,13.33,14.41,13.265,19797668
2022-03-22,13.46,14.32,15.01,13.33,14432187
2022-03-23,14.11,14.23,14.99,13.73,12547471
2022-03-24,14.43,14.35,14.5,13.74,10986285
2022-03-25,14.14,12.3,14.26,12.16,14028330
2022-03-28,12.51,12.28,12.8,11.96,9771990
2022-03-29,12.61,13.0,13.13,12.6,11471734
2022-03-30,12.8,12.09,13.11,12.07,7507587
2022-03-31,12.12,11.7,12.225,11.25,9417291
2022-04-01,11.82,12.14,12.83,11.82,12174045
2022-04-04,12.27,12.56,12.82,12.27,8292568
2022-04-05,12.54,11.64,12.54,11.57,7908637
2022-04-06,11.31,11.47,11.5972,11.012,7451702
2022-04-07,11.33,11.25,11.68,10.85,6862654
2022-04-08,11.26,11.01,11.38,10.795,5102990
2022-04-11,10.75,10.96,11.3,10.6573,4546419
2022-04-12,11.29,10.45,11.57,10.39,6555459
2022-04-13,10.42,10.71,10.75,10.29,5120538
2022-04-14,10.62,10.19,10.71,10.16,4703720
2022-04-18,10.08,10.33,10.375,9.8001,5951940
2022-04-19,10.2,11.06,11.27,10.17,9594888
2022-04-20,10.98,10.14,11.19,10.11,7678015
2022-04-21,10.35,9.56,10.67,9.4,7875280
2022-04-22,9.64,9.28,9.955,9.19,5983641
2022-04-25,9.21,9.69,9.73,9.085,9384639
2022-04-26,9.56,9.3,9.565,9.0615,7682694
2022-04-27,9.46,9.5,9.77,9.21,7614345
2022-04-28,9.68,9.7,9.79,9.195,8094237
2022-04-29,9.68,9.42,10.03,9.375,4558222
2022-05-02,9.4,9.89,9.895,9.195,5794862
2022-05-03,9.83,9.64,10.02,9.46,4985961
2022-05-04,9.72,9.99,10.07,9.01,7727633
2022-05-05,9.72,8.89,9.725,8.71,8808623
2022-05-06,8.87,8.51,8.87,8.1,10381559
2022-05-09,8.205,7.78,8.345,7.71,9933520
2022-05-10,8.04,7.86,8.35,7.46,8677805
2022-05-11,7.8,7.24,7.9,7.2,9867943
2022-05-12,7.0,7.26,7.615,6.812,13717172
2022-05-13,7.575,8.72,8.73,7.56,10479660
2022-05-16,9.06,8.36,9.18,8.34,7672527
2022-05-17,8.61,8.9,9.07,8.3,6684166
2022-05-18,8.63,8.76,9.365,8.62,6142906
2022-05-19,8.69,9.35,9.61,8.69,6851191
2022-05-20,9.51,9.33,9.67,8.87,5740117
2022-05-23,9.3,9.6,9.72,9.11,7230001
2022-05-24,9.3,9.03,9.45,8.93,5930436
2022-05-25,8.98,9.43,9.505,8.91,4267645
2022-05-26,9.34,9.71,9.85,9.23,5198738
2022-05-27,9.83,10.28,10.34,9.8,4877593
2022-05-31,10.3,10.04,10.44,9.8,5948601
2022-06-01,10.05,9.72,10.36,9.68,7312810
2022-06-02,9.66,10.42,10.58,9.5,11901526
2022-06-03,11.29,11.8,11.88,10.7657,31076000
2022-06-06,11.91,12.06,12.6317,11.5624,14094876
2022-06-07,11.69,12.13,12.135,11.41,10616154
2022-06-08,12.13,11.89,12.41,11.74,8359907
2022-06-09,11.69,10.12,11.7,10.1,12339049
2022-06-10,9.77,9.07,10.02,8.96,10778651
2022-06-13,8.47,8.11,8.62,8.09,9064594
2022-06-14,8.33,8.23,8.4,7.86,7907520
2022-06-15,8.33,8.51,8.625,7.97,8615223
2022-06-16,8.14,7.63,8.14,7.585,9928931
2022-06-17,7.74,8.1,8.3,7.73,11668219
2022-06-21,8.35,8.1,8.64,8.0313,11545493
2022-06-22,7.92,8.2,8.46,7.84,6475676
2022-06-23,8.22,8.5,8.69,8.09,7149789
2022-06-24,8.59,8.86,9.22,8.495,42637144
2022-06-27,8.9,8.84,8.99,8.532,8724787
2022-06-28,8.84,8.24,8.89,8.2,7383646
2022-06-29,8.128,8.08,8.15,7.79,11036616
2022-06-30,7.93,7.7,8.03,7.45,7329179
2022-07-01,7.65,7.77,8.01,7.64,7043392
2022-07-05,7.58,8.28,8.31,7.2,7774160
2022-07-06,8.26,8.21,8.45,8.0,4578720
2022-07-07,8.25,8.52,8.56,8.11,4357028
2022-07-08,8.28,8.42,8.62,8.14,4391384
2022-07-11,8.2,7.86,8.23,7.73,6715447
2022-07-12,7.85,8.5,8.61,7.83,7763523
2022-07-13,8.19,8.74,8.8,8.02,7343883
2022-07-14,8.65,8.08,8.74,8.07,7250022
2022-07-15,8.33,8.59,8.75,8.23,7084191
2022-07-18,8.8,8.65,9.32,8.58,10857951
2022-07-19,8.9,9.27,9.285,8.77,5890920
2022-07-20,9.32,9.5,9.695,9.185,5954656
2022-07-21,9.41,9.52,9.62,9.22,3225444
2022-07-22,9.55,9.17,9.62,8.99,5814640
2022-07-25,9.22,9.26,9.41,9.0,3679408
2022-07-26,9.08,8.8,9.195,8.7,7477820
2022-07-27,9.12,9.77,9.795,9.09,4640276
2022-07-28,9.59,9.66,9.91,9.23,4967168
2022-07-29,9.58,9.58,9.695,9.32,3977445
2022-08-01,9.41,9.42,9.6607,9.0085,4552885
2022-08-02,9.24,9.48,9.72,9.18,5011759
2022-08-03,9.81,10.5,10.54,9.71,8503899
2022-08-04,10.7,11.07,11.218,10.5708,7976615
2022-08-05,10.57,11.07,11.385,10.425,7094914
2022-08-08,11.27,11.66,12.0,11.21,6418860
2022-08-09,11.44,11.37,11.58,11.14,3890919
2022-08-10,11.99,11.94,12.18,11.84,4099467
2022-08-11,12.2,11.31,12.24,11.2122,4889101
2022-08-12,11.66,12.06,12.11,11.475,5434016
2022-08-15,11.87,12.1,12.2307,11.765,4748428
2022-08-16,12.33,11.79,12.385,11.62,8304236
2022-08-17,11.55,11.72,11.96,11.33,6016046
2022-08-18,11.6,11.66,11.73,11.31,8566602
2022-08-19,9.76,9.06,9.8699,8.25,33896984
2022-08-22,8.51,8.72,9.0867,8.5,9513291
2022-08-23,8.75,9.35,9.37,8.525,8440076
2022-08-24,9.39,9.9,10.2,9.35,7806318
2022-08-25,10.0,9.99,10.12,9.785,5674479
2022-08-26,9.93,9.6,10.24,9.47,7025361
2022-08-29,9.372,9.54,9.94,9.35,4143431
2022-08-30,9.8,9.51,9.96,9.385,4216613
2022-08-31,9.65,9.48,9.84,9.26,4490809
2022-09-01,9.38,9.19,9.4,8.79,5494557
2022-09-02,9.34,8.9,9.4,8.82,5558591
2022-09-06,8.51,8.26,8.52,8.07,8212167
2022-09-07,8.246,8.76,8.78,8.15,4832295
2022-09-08,8.55,8.74,8.75,8.455,3703871
2022-09-09,8.97,9.45,9.5,8.97,5251476
2022-09-12,9.58,9.79,9.92,9.52,3928281
2022-09-13,9.062,9.28,9.46,8.92,4845235
2022-09-14,9.27,9.43,9.45,8.96,3128717
2022-09-15,9.24,9.48,9.7941,9.18,3163322
2022-09-16,9.14,9.04,9.29,8.88,7926888
2022-09-19,8.91,9.38,9.405,8.855,4664519
2022-09-20,9.23,9.68,9.77,9.085,7812112
2022-09-21,9.8,9.94,10.3,9.55,7713385
2022-09-22,9.88,9.57,10.03,9.36,8478454
2022-09-23,9.295,9.27,9.395,8.99,4869555
2022-09-26,9.17,8.73,9.5699,8.71,8952784
2022-09-27,9.0,9.1,9.79,8.945,8598332
2022-09-28,9.17,9.81,9.92,9.02,6346051
2022-09-29,9.51,9.07,9.53,8.8626,8732916
2022-09-30,8.97,9.53,9.745,8.935,8242197
2022-10-03,9.81,10.55,10.645,9.61,9247754
2022-10-04,11.05,11.69,11.73,10.99,8268270
2022-10-05,11.32,11.75,11.9,11.18,5478201
2022-10-06,11.72,11.88,12.25,11.67,4588589
2022-10-07,11.51,11.64,12.07,11.39,7225529
2022-10-10,11.69,11.33,11.82,11.0948,5172867
2022-10-11,11.225,10.61,11.3,10.41,6768924
2022-10-12,10.64,10.75,10.8,10.295,4270167
2022-10-13,10.15,10.77,11.02,9.94,6988367
2022-10-14,11.06,10.01,11.1701,9.98,5403260
2022-10-17,10.41,10.69,10.99,10.39,4637776
2022-10-18,11.13,10.8,11.35,10.6,4182425
2022-10-19,10.51,10.42,10.825,10.39,3498390
2022-10-20,10.42,10.1,10.71,9.95,5192902
2022-10-21,10.02,10.42,10.4935,9.84,5618707
2022-10-24,10.39,10.29,10.41,9.9799,3590823
2022-10-25,10.32,10.45,10.9,10.32,3669471
2022-10-26,10.25,10.22,10.785,10.105,5138238
2022-10-27,10.26,9.89,10.5,9.81,5623659
2022-10-28,9.86,10.17,10.17,9.63,6243801
2022-10-31,10.09,10.5,10.51,9.95,4580538
2022-11-01,10.87,11.01,11.105,10.65,3114672
2022-11-02,10.96,10.49,11.14,10.48,5420176
2022-11-03,10.248,12.04,12.16,10.21,12149307
2022-11-04,11.99,10.81,12.1,10.69,11433175
2022-11-07,10.93,10.7,10.95,10.425,4298238
2022-11-08,10.69,10.75,11.22,10.58,4857795
2022-11-09,10.5,10.23,10.54,10.23,3430887
2022-11-10,10.97,10.22,11.21,10.19,8625591
2022-11-11,10.34,11.05,11.315,10.31,6931383
2022-11-14,10.92,10.95,11.27,10.715,4596163
2022-11-15,11.39,11.39,11.67,11.095,5177335
2022-11-16,11.15,10.47,11.241,10.41,7804146
2022-11-17,10.12,9.87,10.29,9.75,9739938
2022-11-18,11.33,11.53,11.7599,10.96,16937064
2022-11-21,11.41,11.18,11.75,10.8913,6402211
2022-11-22,11.11,11.24,11.405,10.73,4458377
2022-11-23,11.09,10.44,11.2,10.235,10255770
2022-11-25,10.35,10.31,10.41,10.09,3464899
2022-11-28,10.77,10.58,11.05,10.495,4239558
2022-11-29,10.65,10.92,11.09,10.65,3586813
2022-11-30,11.04,11.68,11.72,10.99,7279673
2022-12-01,11.97,11.75,12.288,11.55,9848150
2022-12-02,11.49,11.91,11.9799,11.42,5113349
2022-12-05,11.82,11.27,11.98,11.11,4878766
2022-12-06,11.31,10.96,11.42,10.78,4672750
2022-12-07,10.66,10.27,10.66,10.01,7027221
2022-12-08,10.4,10.28,10.73,10.22,7060293
2022-12-09,10.2,9.86,10.22,9.78,6838682
2022-12-12,9.81,9.5,9.82,9.23,9969233
2022-12-13,9.98,9.41,10.28,9.385,7224753
2022-12-14,9.45,9.52,9.73,9.09,7820901
2022-12-15,9.335,9.16,9.4,9.09,4094601
2022-12-16,9.04,8.99,9.31,8.8801,5433589
2022-12-19,8.96,9.3,9.355,8.8248,4536998
2022-12-20,9.3,9.26,9.515,9.173,4873857
2022-12-21,9.33,9.47,9.52,9.1201,4516309
2022-12-22,9.38,9.24,9.38,8.87,6407699
2022-12-23,9.27,9.6,9.78,9.27,4592204
2022-12-27,9.54,9.14,9.55,9.07,2390372
2022-12-28,9.08,9.17,9.205,8.85,3573881
2022-12-29,9.27,9.5,9.52,9.09,2291096
2022-12-30,9.32,9.44,9.49,9.23,2713461
2023-01-03,9.47,8.47,9.59,8.42,9879265
2023-01-04,8.58,8.76,8.96,8.48,5143572
2023-01-05,8.6,9.01,9.04,8.47,4559568
2023-01-06,9.03,9.29,9.45,8.715,5085845
2023-01-09,9.44,9.33,9.495,9.215,2640793
2023-01-10,9.33,9.6,9.695,9.31,2935329
2023-01-11,9.63,9.91,9.93,9.435,2988464
2023-01-12,10.0,9.99,10.05,9.34,5356549
2023-01-13,9.87,9.68,9.88,9.575,3320059
2023-01-17,9.7,9.73,10.13,9.41,4236714
2023-01-18,9.85,9.76,10.08,9.53,3524429
2023-01-19,9.54,9.62,9.68,9.39,2101976
2023-01-20,9.72,9.76,9.88,9.41,3430226
2023-01-23,9.85,10.15,10.4,9.72,7293862
2023-01-24,10.1,10.67,10.81,9.97,4535544
2023-01-25,10.62,11.19,11.22,10.43,4358633
2023-01-26,11.42,11.6,11.64,11.21,6154619
2023-01-27,11.54,11.53,11.77,11.425,3905683
2023-01-30,11.3,11.13,11.37,10.955,2898220
2023-01-31,11.15,11.16,11.515,11.1,3833820
2023-02-01,11.21,11.35,11.4,10.79,4772739
2023-02-02,11.75,11.47,11.86,11.32,8208219
2023-02-03,11.11,10.7,11.32,10.64,4801315
2023-02-06,10.51,10.17,10.7,10.12,4711658
2023-02-07,10.16,10.2,10.3,9.925,3608172
2023-02-08,10.15,10.15,10.46,9.94,3435632
2023-02-09,10.25,9.89,10.33,9.6801,5797030
2023-02-10,9.79,9.62,9.86,9.52,3787403
2023-02-13,9.63,9.64,9.91,9.5,2610541
2023-02-14,9.54,9.76,9.98,9.41,3514652
2023-02-15,9.71,10.09,10.12,9.63,3174752
2023-02-16,9.83,9.72,10.09,9.67,3817477
2023-02-17,9.59,9.29,9.63,9.2,4098922
2023-02-21,9.16,9.07,9.28,9.02,7114901
2023-02-22,9.11,9.07,9.3,9.01,3640313
2023-02-23,9.175,8.96,9.235,8.88,3753604
2023-02-24,8.802,8.65,8.89,8.58,4165313
2023-02-27,8.8,8.69,8.82,8.61,4130208
2023-02-28,8.68,8.51,8.78,8.5,4992330
2023-03-01,8.6,8.4,8.66,8.27,7966242
2023-03-02,8.27,8.24,8.415,8.125,6013500
2023-03-03,8.35,8.51,8.7,8.31,9209432
2023-03-06,8.585,9.11,9.21,8.55,6137619
2023-03-07,9.04,9.1,9.245,8.91,4373517
2023-03-08,9.2,9.57,9.63,9.17,5432381
2023-03-09,9.51,8.92,9.5954,8.92,6299746
2023-03-10,8.885,8.72,9.0,8.55,4865764
2023-03-13,8.49,8.59,8.83,8.09,5801424
2023-03-14,8.92,9.09,9.42,8.865,9835327
2023-03-15,8.875,9.2,9.84,8.84,15941945
2023-03-16,9.2,9.41,9.42,8.89,8060586
2023-03-17,9.41,8.87,9.45,8.63,9984421
2023-03-20,8.785,8.93,9.135,8.67,6907810
2023-03-21,9.08,9.57,9.679,9.015,5813531
2023-03-22,9.59,9.15,9.6,9.14,3876120
2023-03-23,9.2,8.83,9.37,8.632,5806443
2023-03-24,8.75,8.94,8.975,8.692,3261376
2023-03-27,9.11,9.18,9.31,9.0,3638559
2023-03-28,9.25,9.23,9.4171,9.12,2998653
2023-03-29,9.38,9.45,9.5,9.22,2943679
2023-03-30,9.59,9.48,9.79,9.38,5938711
2023-03-31,9.49,9.54,9.77,9.4,6696074
2023-04-03,9.5,9.23,9.62,9.15,3608320
2023-04-04,9.31,8.95,9.38,8.9017,4525986
2023-04-05,8.84,8.97,9.03,8.73,4925690
2023-04-06,8.9,8.95,9.02,8.805,3585155
2023-04-10,8.86,9.07,9.14,8.73,2756387
2023-04-11,9.28,10.18,10.37,9.27,13618274
2023-04-12,10.35,10.51,10.86,10.28,10746558
2023-04-13,10.6,11.39,11.6,10.53,10747660
2023-04-14,11.37,11.84,11.88,11.31,8116351
2023-04-17,11.85,11.41,11.87,11.41,5664233
2023-04-18,11.44,11.64,11.66,11.26,4854487
2023-04-19,11.44,11.3,11.65,11.0111,4425450
2023-04-20,11.15,11.6,11.68,11.05,5223965
2023-04-21,11.58,11.74,11.75,11.41,4157830
2023-04-24,11.73,11.73,12.1,11.68,7915659
2023-04-25,11.48,11.8,12.015,11.41,6473149
2023-04-26,11.88,11.72,12.09,11.69,4170210
2023-04-27,11.9,11.8,12.16,11.51,3548618
2023-04-28,11.72,12.32,12.525,11.675,5119567
2023-05-01,12.32,12.44,12.51,12.19,2631550
2023-05-02,12.4,12.06,12.4,11.74,3622047
2023-05-03,12.19,12.21,12.5,12.02,3021529
2023-05-04,12.27,12.68,13.0,12.2221,5991897
2023-05-05,12.83,13.6,13.65,12.8,7051928
2023-05-08,13.62,13.81,14.23,13.62,7330556
2023-05-09,13.66,13.46,13.89,13.42,3394706
2023-05-10,13.66,13.4,13.93,13.09,5653319
2023-05-11,13.39,13.94,14.065,13.22,3782869
2023-05-12,13.94,13.81,14.065,13.52,3453065
2023-05-15,13.85,14.1,14.41,13.6552,4442566
2023-05-16,14.03,14.02,14.251,13.83,4809248
2023-05-17,14.02,14.5,14.6,13.86,7955776
2023-05-18,13.9,13.62,13.94,13.05,13237426
2023-05-19,13.73,13.36,14.06,13.33,4885878
2023-05-22,13.55,13.79,14.03,13.38,5601655
2023-05-23,13.77,13.27,14.11,13.25,4126657
2023-05-24,13.15,12.66,13.259,12.575,4594627
2023-05-25,12.77,12.97,13.16,12.525,4384500
2023-05-26,12.95,12.26,12.97,12.125,7447225
2023-05-30,12.37,12.52,12.67,12.1687,5152607
2023-05-31,12.48,12.53,12.62,12.2302,4841788
2023-06-01,12.45,13.11,13.36,12.41,6248982
2023-06-02,13.3,12.99,13.43,12.88,4146842
2023-06-05,12.92,12.77,12.98,12.5807,2843339
2023-06-06,12.73,13.15,13.24,12.66,3080313
2023-06-07,13.3,12.88,13.57,12.74,6853213
2023-06-08,12.88,12.78,13.13,12.72,3467304
2023-06-09,12.91,12.7,12.97,12.58,2500542
2023-06-12,12.79,13.25,13.32,12.68,4786237
2023-06-13,13.85,13.54,14.0,13.325,4508073
2023-06-14,13.52,13.07,13.62,13.04,8457567
2023-06-15,13.04,13.21,13.41,12.38,5138478
2023-06-16,13.35,13.52,13.765,13.175,5051442
2023-06-20,13.41,14.19,14.29,13.24,7069393
2023-06-21,14.19,14.22,14.3,13.66,4700461
2023-06-22,14.03,13.57,14.24,13.56,6045522
2023-06-23,13.41,13.55,13.87,13.32,7064240
2023-06-26,13.5,12.8,13.705,12.62,6091930
2023-06-27,12.91,12.81,12.985,12.63,3365670
2023-06-28,12.71,12.75,13.0,12.47,3479005
2023-06-29,12.91,12.47,12.91,12.37,4190501
2023-06-30,12.61,12.74,12.95,12.61,3183849
2023-07-03,12.766,12.66,12.768,12.41,2200901
2023-07-05,12.46,11.98,12.5,11.86,9572948
2023-07-06,11.75,11.33,11.8,11.18,5244158
2023-07-07,11.33,11.31,11.65,11.28,4279739
2023-07-10,11.21,11.41,11.5799,11.08,3760672
2023-07-11,11.38,11.39,11.5,11.205,2672673
2023-07-12,11.7,12.27,12.42,11.65,6685560
2023-07-13,12.35,12.85,13.09,12.33,6244717
2023-07-14,12.86,12.17,12.93,12.11,5419449
2023-07-17,12.23,12.43,12.5,12.06,3082390
2023-07-18,12.45,12.33,12.6403,12.2,2546122
2023-07-19,12.43,12.17,12.5399,12.125,3344096
2023-07-20,12.06,12.44,12.52,12.03,2847676
2023-07-21,12.56,13.09,13.215,12.48,5486336
2023-07-24,13.2,13.41,13.745,12.93,5827556
2023-07-25,13.53,13.29,13.82,13.231,4072885
2023-07-26,13.4,13.44,13.6799,13.1201,3011443
2023-07-27,13.6,13.26,13.76,13.1,4184310
2023-07-28,13.45,13.81,13.9,13.27,4309847
2023-07-31,14.16,14.49,14.685,13.95,6923126
2023-08-01,14.35,14.65,14.83,14.32,4346350
2023-08-02,14.25,13.6,14.3,13.33,6193222
2023-08-03,13.92,13.83,14.355,13.775,6266595
2023-08-04,13.9,13.49,14.07,13.46,4208610
2023-08-07,13.5,14.13,14.165,13.3999,3636726
2023-08-08,13.74,13.77,13.79,13.43,2948365
2023-08-09,13.81,13.63,13.956,13.405,2950677
2023-08-10,13.85,13.68,14.105,13.5401,5452171
2023-08-11,13.51,13.6,13.97,13.33,3751817
2023-08-14,13.52,13.43,13.68,13.12,7325647
2023-08-15,13.26,13.62,13.809,12.855,5823443
2023-08-16,14.09,13.34,14.15,13.275,8555444
2023-08-17,13.67,12.33,13.7,12.12,15689322
2023-08-18,12.1,12.32,12.535,11.8501,6921939
2023-08-21,12.35,12.35,12.665,12.0001,5469085
2023-08-22,12.45,12.31,12.595,12.06,3281279
2023-08-23,12.39,12.27,12.59,12.22,3885745
2023-08-24,12.27,11.83,12.28,11.79,3945563
2023-08-25,11.81,12.19,12.39,11.59,4922637
2023-08-28,12.2,12.1,12.24,11.75,4026781
2023-08-29,12.05,12.66,12.685,11.95,3547389
2023-08-30,12.57,12.25,12.6,12.22,3316946
2023-08-31,12.3,12.26,12.33,12.0627,3041743
2023-09-01,12.4,12.54,12.66,12.2573,2925873
2023-09-05,12.37,12.28,12.45,12.13,2352398
2023-09-06,12.29,11.95,12.355,11.9,2958378
2023-09-07,11.81,11.69,11.875,11.6123,3016979
2023-09-08,11.68,11.49,11.6891,11.36,4183850
2023-09-11,11.67,11.67,11.67,11.67,100
2023-09-12,11.5,11.53,11.77,11.4611,2356248
2023-09-13,11.57,11.58,11.72,11.47,2820925
2023-09-14,11.7,11.61,11.7,11.2712,2949413
2023-09-15,11.56,11.36,11.77,11.33,3887016
2023-09-18,11.32,11.39,11.56,11.28,2851365
2023-09-19,11.33,10.96,11.3571,10.87,3919029
2023-09-20,11.11,10.75,11.215,10.69,4449120
2023-09-21,10.55,10.4,10.65,10.35,3623420
2023-09-22,10.51,10.64,10.67,10.372,4280114
2023-09-25,10.44,10.52,10.71,10.365,3732574
2023-09-26,10.42,10.32,10.515,10.19,4007778
2023-09-27,10.38,10.24,10.535,10.09,3426331
2023-09-28,10.26,10.64,10.71,10.18,3121986
2023-09-29,10.77,10.67,11.02,10.56,3411200
2023-10-02,10.62,10.68,10.73,10.53,3110408
2023-10-03,10.51,10.25,10.78,10.13,4149319
2023-10-04,10.65,10.5,10.83,10.445,5550093
2023-10-05,10.34,10.08,10.475,9.9485,4670286
2023-10-06,9.97,10.01,10.125,9.72,9508450
2023-10-09,9.87,9.91,10.0373,9.67,4964858
2023-10-10,9.97,10.4,10.56,9.91,6132845
2023-10-11,10.41,10.0,10.455,9.825,6067280
2023-10-12,10.04,9.61,10.05,9.54,4383445
2023-10-13,9.71,9.71,9.88,9.615,4447034
2023-10-16,9.75,9.76,9.88,9.335,4291685
2023-10-17,9.65,10.04,10.17,9.6,4930155
2023-10-18,9.89,10.09,10.24,9.82,5434107
2023-10-19,10.09,10.12,10.28,9.92,4255649
2023-10-20,10.19,9.95,10.25,9.8501,2701993
2023-10-23,9.84,10.01,10.195,9.71,3339622
2023-10-24,10.08,10.09,10.37,9.89,4522565
2023-10-25,9.95,9.82,9.98,9.645,3205305
2023-10-26,9.85,9.71,10.04,9.66,3194574
2023-10-27,9.77,9.6,9.8485,9.55,2349394
2023-10-30,9.78,9.73,9.88,9.66,3901910
2023-10-31,9.68,9.915,9.96,9.68,3676988
2023-11-01,9.91,10.16,10.205,9.855,3775877
2023-11-02,10.23,10.4,10.42,9.96,6468949
2023-11-03,10.59,10.94,11.16,10.59,6023346
2023-11-06,10.99,10.69,11.115,10.62,4056463
2023-11-07,10.68,10.6,10.93,10.58,3645443
2023-11-08,10.57,10.37,10.61,10.2725,4635187
2023-11-09,10.6,10.29,10.65,10.25,4898879
2023-11-10,10.3,10.72,10.86,10.2,13063221
2023-11-13,11.15,12.1,12.16,11.09,20072074
2023-11-14,12.44,12.85,12.95,12.35,13796502
2023-11-15,13.26,13.56,14.085,13.04,17588053
2023-11-16,13.74,13.68,14.22,13.49,11752464
2023-11-17,13.8,13.87,14.178,13.4645,7455279
2023-11-20,14.01,13.91,14.1,13.72,4522261
2023-11-21,13.75,13.72,13.95,13.66,3611837
2023-11-22,13.92,14.19,14.47,13.89,7307311
2023-11-24,14.15,14.5,14.52,14.1,2824176
2023-11-27,14.5,14.71,14.79,14.34,6051497
2023-11-28,14.72,14.9,14.96,14.68,5092594
2023-11-29,15.0,15.31,15.44,14.9506,6344095
2023-11-30,15.23,15.6,15.64,15.1101,6847924
2023-12-01,15.65,16.4,16.45,15.5,8106474
2023-12-04,16.23,16.43,16.6397,15.91,6005830
2023-12-05,16.4,16.21,16.64,15.99,5262471
2023-12-06,16.37,16.27,16.8,16.24,5164023
2023-12-07,16.29,15.95,16.29,15.67,5287593
2023-12-08,15.95,15.84,16.17,15.745,4099692
2023-12-11,15.9,15.68,15.9,15.26,4824413
2023-12-12,15.63,15.91,16.01,15.39,4251669
2023-12-13,15.97,16.58,16.58,15.76,4865312
2023-12-14,16.95,17.01,17.37,16.855,5787677
2023-12-15,17.12,17.08,17.6,16.88,5761575
2023-12-18,17.46,17.5,17.741,17.12,4591924
2023-12-19,17.62,17.96,18.33,17.57,5070082
2023-12-20,17.9,17.41,18.3,17.39,5101616
2023-12-21,17.7,17.84,17.905,17.52,3521112
2023-12-22,17.94,18.01,18.06,17.79,4225575
2023-12-26,18.06,18.16,18.225,17.94,2839101
2023-12-27,18.2,18.53,18.605,18.045,4336990
2023-12-28,18.5,18.29,18.6,18.27,3169532
2023-12-29,18.3,18.03,18.44,18.01,2745935
2024-01-02,17.76,17.67,17.98,17.42,3906345
2024-01-03,17.35,17.07,17.38,17.01,4176153
2024-01-04,16.95,16.62,16.95,16.58,3600345
2024-01-05,16.67,17.1,17.24,16.625,4801057
2024-01-08,17.265,17.46,17.61,17.12,3642401
2024-01-09,17.02,16.67,17.2,16.44,5839067
2024-01-10,16.63,17.02,17.07,16.145,5653224
2024-01-11,17.04,17.04,17.28,16.765,3722295
2024-01-12,17.38,17.11,17.48,16.72,3992600
2024-01-16,17.02,17.68,18.0,16.97,11367580
2024-01-17,17.37,17.55,17.77,17.17,7254099
2024-01-18,17.8,17.38,18.05,17.14,4892691
2024-01-19,17.43,17.03,17.45,16.5393,7070622
2024-01-22,17.65,17.33,18.87,17.125,12460518
2024-01-23,17.43,17.08,17.48,17.01,4392312
2024-01-24,17.47,17.37,17.74,17.265,3844104
2024-01-25,17.55,17.9,17.9151,17.305,4289276
2024-01-26,17.9,18.1,18.27,17.78,4192628
2024-01-29,18.12,18.32,18.6,18.09,5144858
2024-01-30,18.27,17.81,18.27,17.64,4138327
2024-01-31,17.72,17.19,17.9,17.1625,5716140
2024-02-01,17.1,17.88,17.9389,16.95,5385985
2024-02-02,17.67,18.21,18.34,17.67,3864651
2024-02-05,18.06,17.62,18.13,17.375,4005856
2024-02-06,17.56,17.92,17.935,17.32,4514013
2024-02-07,18.06,17.97,18.2599,17.62,3660580
2024-02-08,18.0,18.16,18.2,17.83,4244386
2024-02-09,18.61,18.11,19.46,17.87,10934772
2024-02-12,18.06,17.55,18.19,17.37,6079732
2024-02-13,16.95,17.02,17.3,16.43,6967947
2024-02-14,17.3,17.52,17.62,17.2,3671731
2024-02-15,17.1,17.2,17.44,16.97,5270068
2024-02-16,17.18,16.5,17.19,16.48,5995862
2024-02-20,16.39,16.57,16.62,16.258,3534123
2024-02-21,16.2,16.23,16.39,16.095,5293280
2024-02-22,16.5,16.5,16.55,16.285,2974533
2024-02-23,16.48,16.83,17.04,16.43,5140645
2024-02-26,17.0,17.06,17.21,16.94,3264309
2024-02-27,17.16,17.37,17.43,16.95,2815052
2024-02-28,17.1,17.26,17.44,17.0201,2356702
2024-02-29,17.49,17.21,17.58,17.09,2904119
2024-03-01,17.21,17.12,17.45,16.97,5281212
2024-03-04,17.09,16.42,17.21,16.35,4933290
2024-03-05,16.26,15.98,16.32,15.9,4942118
2024-03-06,16.5,16.39,16.855,16.33,4148493
2024-03-07,16.42,16.6,16.7,16.25,3684180
2024-03-08,16.65,16.68,16.98,16.495,3536779
2024-03-11,16.73,16.96,16.97,16.49,3545874
2024-03-12,16.96,17.26,17.4699,16.86,3027862
2024-03-13,17.18,17.28,17.66,17.1525,3820453
2024-03-14,17.25,17.35,17.365,16.86,3005641
2024-03-15,17.2,17.3,17.43,17.0801,5191063
2024-03-18,17.58,17.47,17.675,17.22,8910549
2024-03-19,15.43,16.27,16.74,15.12,20335912
2024-03-20,16.29,16.78,17.0,15.82,6880463
2024-03-21,16.92,16.77,16.95,16.465,7099063
2024-03-22,16.67,16.3,16.67,16.28,4631714
2024-03-25,16.16,15.83,16.4699,15.81,3966767
2024-03-26,16.22,16.64,17.27,16.2,8179795
2024-03-27,16.73,16.72,16.8125,16.3104,4912613
2024-03-28,16.69,16.61,16.965,16.55,4708445
2024-04-01,16.68,16.32,16.96,16.29,5674745
2024-04-02,16.29,16.24,16.87,16.16,5433644
2024-04-03,16.04,16.32,16.52,16.04,3873025
2024-04-04,16.5,16.85,17.32,16.5,7905335
2024-04-05,16.83,16.83,17.02,16.5005,4594642
2024-04-08,16.9,17.68,17.69,16.9,6557793
2024-04-09,17.84,17.28,17.93,17.13,4661537
2024-04-10,16.74,16.53,17.23,16.37,5018301
2024-04-11,16.42,16.64,16.715,16.26,3799690
2024-04-12,16.41,16.12,16.55,15.975,3480499
2024-04-15,16.13,15.67,16.3,15.62,4999418
2024-04-16,15.44,15.29,15.63,15.19,4917265
2024-04-17,15.42,15.25,15.615,15.21,4043092
2024-04-18,15.44,15.26,15.74,15.18,3939469
2024-04-19,15.2,15.3,15.525,15.12,7184728
2024-04-22,15.51,15.27,15.67,15.22,5304709
2024-04-23,15.27,15.78,15.84,15.22,4193566
2024-04-24,15.79,15.83,15.86,15.42,4356983
2024-04-25,15.41,15.57,15.7,15.16,4721279
2024-04-26,15.75,16.35,16.38,15.75,6294173
2024-04-29,16.52,16.19,16.59,16.095,2726208
2024-04-30,16.0,15.6,16.145,15.57,3448688
2024-05-01,15.58,15.74,15.91,15.245,3861062
2024-05-02,15.97,16.27,16.29,15.63,3072258
2024-05-03,16.59,16.73,17.04,16.565,3397552
2024-05-06,16.9,16.8,17.09,16.765,2842300
2024-05-07,16.76,16.87,17.0,16.68,3041687
2024-05-08,16.6,16.97,17.025,16.54,2618217
2024-05-09,16.8,16.7,16.86,16.35,3759795
2024-05-10,16.93,16.6,16.99,16.5,2667478
2024-05-13,16.8,16.65,16.94,16.56,6179648
2024-05-14,15.27,15.3,15.4899,14.57,20786166
2024-05-15,15.44,14.985,15.64,14.9,6799217
2024-05-16,15.0,14.77,15.055,14.6725,5135854
2024-05-17,14.82,14.63,14.84,14.46,5175379
2024-05-20,14.58,14.85,14.87,14.3,5818808
2024-05-21,14.81,15.17,15.23,14.74,6521747
2024-05-22,15.02,14.36,15.155,14.35,7948439
2024-05-23,14.42,14.29,14.435,14.09,6320149
2024-05-24,14.47,14.29,14.805,14.22,6770194
2024-05-28,14.34,14.32,14.52,14.11,6188867
2024-05-29,14.11,13.87,14.145,13.83,4789314
2024-05-30,13.94,13.89,14.03,13.83,2536986
2024-05-31,13.95,13.84,14.0,13.635,3662700
2024-06-03,13.86,13.58,13.92,13.36,4134043
2024-06-04,13.4,13.36,13.49,13.1015,7735926
2024-06-05,13.49,13.22,13.59,13.04,4469153
2024-06-06,13.57,13.53,13.77,13.51,5972386
2024-06-07,13.31,13.24,13.45,13.225,4258330
2024-06-10,13.05,13.13,13.17,13.01,3375764
2024-06-11,13.04,12.75,13.11,12.64,7947793
2024-06-12,13.115,12.72,13.21,12.655,9114425
2024-06-13,12.75,12.39,12.86,12.36,5820719
2024-06-14,12.28,12.14,12.32,12.0,4991836
2024-06-17,12.03,11.94,12.14,11.87,4453659
2024-06-18,11.91,11.72,11.91,11.5742,6267604
2024-06-20,11.7,11.95,12.01,11.5101,9308766
2024-06-21,11.93,11.72,11.94,11.62,6764541
2024-06-24,11.82,11.81,12.02,11.665,5852192
2024-06-25,11.75,11.94,12.07,11.7,6161489
2024-06-26,11.79,11.8,11.86,11.64,5117992
2024-06-27,11.85,12.07,12.09,11.75,4390770
2024-06-28,12.06,11.99,12.09,11.8,6765390
2024-07-01,12.02,11.73,12.05,11.62,4513497
2024-07-02,11.74,11.79,11.82,11.63,2343084
2024-07-03,11.84,12.11,12.24,11.83,2271520
2024-07-05,12.09,12.34,12.45,12.03,4206196
2024-07-08,12.72,13.03,13.12,12.635,5514389
2024-07-09,13.03,13.21,13.355,12.98,4787541
2024-07-10,13.34,13.21,13.415,13.085,4022899
2024-07-11,13.44,13.42,13.535,13.19,4872328
2024-07-12,13.54,13.47,13.7,13.42,5028908
2024-07-15,13.52,13.41,13.61,13.22,4096753
2024-07-16,13.48,13.66,13.69,13.43,3292288
2024-07-17,13.56,13.62,13.74,13.42,4402640
2024-07-18,13.54,12.91,13.55,12.885,5400422
2024-07-19,12.91,12.95,13.269,12.82,5883975
2024-07-22,13.07,13.43,13.49,12.96,5518564
2024-07-23,13.29,13.58,13.77,13.28,4922209
2024-07-24,13.44,13.17,13.51,13.15,4865850
2024-07-25,13.17,13.34,13.665,13.14,5316164
2024-07-26,13.52,13.5,13.78,13.465,4746073
2024-07-29,13.57,13.41,13.79,13.32,3963158
2024-07-30,13.49,13.03,13.5421,12.745,5060307
2024-07-31,13.19,13.12,13.41,13.04,3924852
2024-08-01,13.08,12.75,13.3,12.67,5262407
2024-08-02,12.35,12.48,12.63,12.24,6319676
2024-08-05,11.47,12.22,12.26,11.41,6696005
2024-08-06,12.31,12.11,12.44,11.995,5292957
2024-08-07,12.35,12.18,12.4,12.12,3589286
2024-08-08,12.28,12.71,12.72,12.24,3718013
2024-08-09,12.69,13.19,13.22,12.63,6384912
2024-08-12,13.27,12.86,13.31,12.77,3766761
2024-08-13,13.09,13.2,13.325,12.9501,4959649
2024-08-14,13.4,13.35,13.54,13.21,7038889
2024-08-15,13.79,14.06,14.72,13.75,13209176
2024-08-16,14.02,14.44,14.685,13.94,8106132
2024-08-19,14.6,14.87,14.89,14.445,6169373
2024-08-20,14.85,14.82,15.081,14.735,4161950
2024-08-21,14.78,14.23,14.825,14.15,7840756
2024-08-22,14.26,13.8,14.36,13.76,4841052
2024-08-23,13.87,13.94,14.05,13.71,3644518
2024-08-26,13.95,13.7,14.24,13.65,3574780
2024-08-27,13.67,13.48,13.84,13.44,3209809
2024-08-28,13.33,13.02,13.42,12.81,5126129
2024-08-29,13.14,13.19,13.385,12.985,7531373
2024-08-30,13.29,13.26,13.56,13.06,39905887
2024-09-03,13.08,13.11,13.255,12.66,8484753
2024-09-04,13.05,12.61,13.14,12.56,5160989
2024-09-05,11.31,11.8,11.98,11.02,10898272
2024-09-06,11.81,11.33,11.85,11.24,5187563
2024-09-09,11.39,11.18,11.43,11.06,3604341
2024-09-10,11.2,11.29,11.325,11.075,3069959
2024-09-11,11.27,11.92,11.99,11.26,4985396
2024-09-12,11.96,11.9,12.3,11.705,4317516
2024-09-13,12.1,12.24,12.32,12.065,5376652
2024-09-16,12.25,12.39,12.46,12.245,2625812
2024-09-17,12.42,12.31,12.52,12.21,2820096
2024-09-18,12.37,12.29,12.64,12.14,2927560
2024-09-19,12.6,12.35,12.63,12.29,2289280
2024-09-20,12.24,11.3,12.2699,11.29,8161711
2024-09-23,11.25,11.11,11.35,11.105,3760134
2024-09-24,11.28,11.21,11.405,11.07,3496957
2024-09-25,11.15,10.89,11.1606,10.845,3505189
2024-09-26,11.23,11.11,11.44,11.02,6957518
2024-09-27,11.22,11.47,11.67,11.135,4890146
2024-09-30,11.43,11.26,11.46,11.14,3748611
2024-10-01,11.19,11.1,11.26,10.942,3857087
2024-10-02,11.18,11.08,11.45,11.06,3272312
2024-10-03,10.94,10.98,11.05,10.8402,3023940
2024-10-04,11.19,11.33,11.34,11.11,2494194
2024-10-07,11.27,11.17,11.39,11.105,1950956
2024-10-08,11.14,11.14,11.19,10.98,1467993
2024-10-09,11.11,10.85,11.14,10.723,3060428
2024-10-10,10.72,10.97,11.075,10.635,2816222
2024-10-11,10.88,10.95,10.97,10.77,3505186
2024-10-14,10.88,11.23,11.335,10.83,2546410
2024-10-15,11.15,10.96,11.2027,10.93,2301337
2024-10-16,11.03,10.92,11.105,10.88,3033156
2024-10-17,10.96,10.97,10.98,10.77,1727774
2024-10-18,11.05,11.02,11.25,10.955,1949698
2024-10-21,11.05,11.02,11.115,10.95,2531069
2024-10-22,10.97,11.12,11.2,10.96,1613417
2024-10-23,11.01,11.16,11.31,11.01,1808729
2024-10-24,11.18,11.3,11.31,11.0518,2229906
2024-10-25,11.39,11.46,11.6,11.26,3857106
2024-10-28,11.53,11.59,11.79,11.515,2751633
2024-10-29,11.52,11.51,11.8,11.49,2298826
2024-10-30,11.41,11.27,11.49,11.245,2791448
2024-10-31,11.27,11.1,11.43,11.09,1781951
2024-11-01,11.18,11.08,11.41,11.005,4799886
2024-11-04,11.11,11.34,11.6041,11.08,3287896
2024-11-05,11.33,11.03,11.4,10.78,5184195
2024-11-06,11.14,11.51,11.53,10.9101,6267082
2024-11-07,11.61,11.35,11.78,11.29,4365988
2024-11-08,11.26,11.3,11.32,11.04,3124517
2024-11-11,11.43,11.56,11.605,11.21,3201992
2024-11-12,11.53,11.59,11.675,11.34,6577905
2024-11-13,11.44,10.48,11.48,10.45,12426277
2024-11-14,10.61,9.87,10.76,9.83,10602905
2024-11-15,9.94,9.76,10.03,9.61,4997782
2024-11-18,9.76,9.67,9.905,9.66,4214662
2024-11-19,9.51,9.28,9.6,9.19,8091013
2024-11-20,9.21,9.11,9.315,9.06,4343184
2024-11-21,9.15,9.27,9.4,9.07,4929658
2024-11-22,9.9,10.26,10.48,9.72,11021468
2024-11-25,10.51,10.9,10.965,10.46,12063692
2024-11-26,10.83,10.7,11.05,10.635,6651002
2024-11-27,10.82,10.41,10.88,10.205,7537852
2024-11-29,9.5,9.48,9.64,9.26,8868546
2024-12-02,9.6099,9.73,9.805,9.14,9432544
2024-12-03,9.66,9.46,9.78,9.355,6472169
2024-12-04,9.44,9.53,9.67,9.395,5320900
2024-12-05,9.52,9.39,9.68,9.32,6105934
2024-12-06,9.41,9.16,9.52,9.08,7019767
2024-12-09,9.29,9.18,9.755,9.16,7516609
2024-12-10,9.2,9.05,9.21,9.02,5477086
2024-12-11,9.08,9.13,9.39,8.91,5926219
2024-12-12,9.0,8.97,9.12,8.87,5549212
2024-12-13,8.92,9.02,9.06,8.87,3699136
2024-12-16,9.0,8.71,9.05,8.7,5788310
2024-12-17,8.69,8.71,8.995,8.64,6792778
2024-12-18,8.71,8.04,8.7694,8.025,10096843
2024-12-19,8.21,8.0,8.21,7.99,6657487
2024-12-20,7.98,8.2,8.32,7.89,7948539
2024-12-23,8.21,8.09,8.3,7.995,5682932
2024-12-24,8.13,8.08,8.13,8.01,1995702
2024-12-26,8.05,8.26,8.28,7.96,3907874
2024-12-27,8.2,8.19,8.28,8.07,3082826
2024-12-30,8.13,7.88,8.13,7.83,5523008
2024-12-31,7.93,7.97,8.06,7.9,3937973
2025-01-02,8.07,8.1,8.32,7.91,4769689
2025-01-03,8.12,8.03,8.13,8.01,3177004
2025-01-06,8.22,8.19,8.545,8.15,5691795
2025-01-07,8.3,8.3,8.41,8.21,3918282
2025-01-08,8.19,7.97,8.19,7.945,5775948
2025-01-10,7.91,7.85,8.005,7.73,7319868
2025-01-13,7.77,8.14,8.16,7.7223,4637677
2025-01-14,8.14,8.23,8.26,8.12,4384207
2025-01-15,8.5,8.74,8.83,8.45,5714279
2025-01-16,8.25,8.42,8.585,8.2,6052212
2025-01-17,8.47,8.56,8.63,8.395,5070200
2025-01-21,8.62,8.44,8.625,8.38,4591249
2025-01-22,8.48,8.58,8.76,8.43,4926971
2025-01-23,8.52,8.56,8.77,8.52,5392056
2025-01-24,8.64,8.69,8.89,8.595,5423362
2025-01-27,8.65,8.91,8.955,8.64,4977039
2025-01-28,8.96,8.84,9.07,8.83,3276633
2025-01-29,8.84,8.87,9.085,8.69,4773318
2025-01-30,9.01,9.51,9.69,8.94,8777525
2025-01-31,9.6,9.17,9.6,9.17,4489667
2025-02-03,8.86,8.89,9.09,8.81,6471690
2025-02-04,8.86,9.39,9.64,8.82,5940682
2025-02-05,9.37,9.34,9.62,9.285,4502940
2025-02-06,9.41,9.22,9.415,9.18,2253548
2025-02-07,9.22,9.14,9.3,9.1,4454012
2025-02-10,9.34,9.45,9.49,9.17,3282383
2025-02-11,9.35,9.57,9.63,9.35,3728414
2025-02-12,9.27,9.23,9.34,8.885,11571801
2025-02-13,9.25,9.37,9.385,9.18,4297072
2025-02-14,9.53,9.78,9.9,9.47,8823983
2025-02-18,9.83,10.1,10.12,9.78,7975720
2025-02-19,10.0,10.07,10.205,9.82,7278417
2025-02-20,10.07,10.13,10.18,9.95,4138797
2025-02-21,10.33,9.91,10.45,9.88,8337473
2025-02-24,9.87,9.66,9.96,9.54,6471098
2025-02-25,9.665,9.66,9.905,9.6,6456632
2025-02-26,9.74,9.48,9.74,9.375,8298123
2025-02-27,9.49,9.41,9.79,9.39,5561236
2025-02-28,9.09,9.25,9.38,9.0,41072645
2025-03-03,9.35,9.14,9.525,9.115,6213363
2025-03-04,8.94,9.13,9.23,8.6435,6805373
2025-03-05,9.24,9.28,9.35,9.12,4557523
2025-03-06,9.16,9.51,9.67,9.14,4871192
2025-03-07,9.51,9.71,9.76,9.32,5582468
2025-03-10,9.53,9.26,9.645,9.1601,4574019
2025-03-11,9.35,9.18,9.35,8.98,3626841
2025-03-12,9.25,9.13,9.2871,8.95,4463123
2025-03-13,9.12,9.22,9.4,9.11,3589426
2025-03-14,9.46,9.72,9.83,9.32,4504154
2025-03-17,9.8,10.19,10.225,9.74,4688747
2025-03-18,10.17,9.85,10.1742,9.79,6317976
2025-03-19,10.86,11.38,11.7,10.845,21666914
2025-03-20,11.15,11.18,11.3,11.005,8166771
2025-03-21,11.05,11.1,11.295,11.01,9174052
2025-03-24,11.185,11.32,11.4,11.01,8493540
2025-03-25,11.32,11.45,11.74,11.31,6699725
2025-03-26,11.46,11.39,11.56,10.87,5495477
2025-03-27,11.37,11.45,11.55,11.26,3577842
2025-03-28,11.39,10.99,11.4,10.96,5651217
2025-03-31,10.73,10.48,10.755,10.4115,6738742
2025-04-01,10.48,10.57,10.595,10.42,3796836
2025-04-02,10.48,10.73,10.75,10.29,4274283
2025-04-03,10.69,11.39,11.545,10.52,10848399
2025-04-04,10.855,10.58,11.06,10.335,8853428
2025-04-07,9.955,10.62,11.13,9.8328,8122954
2025-04-08,10.85,10.43,11.185,10.211,7513346
2025-04-09,10.26,11.08,11.3,10.155,8021400
2025-04-10,10.845,10.98,11.31,10.685,8434013
2025-04-11,11.03,11.53,11.635,10.86,6674623
