2024-01-24,4.38,4.0,4.72,3.4,1782001
2024-01-25,3.7,3.12,3.99,3.12,251872
2024-01-26,3.0,3.5206,4.32,2.8308,872489
2024-01-29,3.44,3.9327,4.1,3.1601,378195
2024-01-30,3.94,3.76,4.08,3.67,180310
2024-01-31,3.74,3.7,3.9612,3.31,342605
2024-02-01,3.7,3.69,3.7099,3.36,106983
2024-02-02,3.24,3.32,3.4,3.132,73022
2024-02-05,3.22,2.91,3.29,2.82,87512
2024-02-06,2.8,2.5,2.88,2.2144,77472
2024-02-07,2.41,2.375,2.4856,2.2001,42809
2024-02-08,2.9,2.57,3.15,2.38,159851
2024-02-09,2.26,2.65,2.7999,2.26,52087
2024-02-12,3.0,3.84,4.1,2.5396,1073142
2024-02-13,3.65,3.83,4.0,3.52,193760
2024-02-14,3.67,3.6,4.0,3.5406,137199
2024-02-15,3.84,3.63,3.9,3.56,125205
2024-02-16,3.64,4.0,4.01,3.6177,76489
2024-02-20,3.96,3.85,4.1445,3.68,85309
2024-02-21,3.76,3.67,3.76,3.5,53924
2024-02-22,3.55,3.3,3.55,3.1201,65508
2024-02-23,5.17,3.6,5.86,3.32,14529869
2024-02-26,3.31,3.97,4.08,3.01,434913
2024-02-27,3.66,3.72,4.1,3.3,137020
2024-02-28,3.7,3.31,3.7,3.31,96319
2024-02-29,3.22,3.19,3.4,3.055,49599
2024-03-01,3.13,3.12,3.33,3.1,90018
2024-03-04,3.1,2.96,3.2,2.94,77884
2024-03-05,2.76,2.6,2.9599,2.55,96279
2024-03-06,2.56,2.67,2.88,2.5,118103
2024-03-07,2.61,2.74,2.9486,2.61,135523
2024-03-08,2.93,3.17,3.43,2.6,699728
2024-03-11,2.91,3.16,3.3832,2.91,218141
2024-03-12,3.06,3.33,3.4,2.75,104889
2024-03-13,3.18,3.08,3.2939,3.0,54897
2024-03-14,3.33,3.05,3.33,2.96,94676
2024-03-15,3.065,3.13,3.16,2.93,76618
2024-03-18,3.1,3.04,3.15,2.98,157048
2024-03-19,3.05,2.91,3.14,2.88,47476
2024-03-20,2.93,3.06,3.2,2.89,86935
2024-03-21,3.09,2.91,3.2,2.91,31316
2024-03-22,3.0845,3.08,3.0845,2.97,29682
2024-03-25,2.99,2.85,3.07,2.85,57950
2024-03-26,2.92,2.96,2.98,2.8006,30279
2024-03-27,2.9,3.02,3.14,2.81,63366
2024-03-28,2.98,2.72,3.08,2.699,85436
2024-04-01,2.83,2.6,2.8378,2.6,43723
2024-04-02,2.5,2.52,2.77,2.46,47312
2024-04-03,2.45,2.46,2.63,2.31,34976
2024-04-04,2.49,2.47,2.751,2.35,66953
2024-04-05,2.41,2.38,2.52,2.33,14839
2024-04-08,2.51,2.39,2.67,2.3,24091
2024-04-09,2.32,2.29,2.4,2.07,75081
2024-04-10,2.22,2.27,2.365,2.22,18563
2024-04-11,2.1026,2.2,2.372,2.1,16631
2024-04-12,2.1,2.1,2.467,1.95,35698
2024-04-15,2.05,2.13,2.325,2.05,4523
2024-04-16,2.14,1.99,2.14,1.86,26574
2024-04-17,2.0044,2.08,2.16,2.0044,8021
2024-04-18,2.15,1.85,2.15,1.8299,18789
2024-04-19,2.06,1.95,2.0867,1.88,55676
2024-04-22,2.07,2.24,2.2419,1.92,36879
2024-04-23,2.4998,2.21,2.5,2.17,25700
2024-04-24,2.14,2.07,2.16,2.07,3204
2024-04-25,2.02,2.16,2.36,2.02,36647
2024-04-26,2.275,2.12,2.3016,2.1,35907
2024-04-29,2.2044,2.178,2.218,2.01,26319
2024-04-30,2.12,2.06,2.14,2.05,13311
2024-05-01,2.1972,2.27,2.29,2.02,16815
2024-05-02,2.1,2.04,2.1,2.03,4858
2024-05-03,2.18,2.23,2.44,2.11,131945
2024-05-06,2.332,2.4501,2.57,2.332,29279
2024-05-07,2.76,2.5001,2.78,2.4601,29992
2024-05-08,2.5,2.46,2.8155,2.46,11564
2024-05-09,2.4779,2.37,2.61,2.31,23583
2024-05-10,2.35,2.35,2.38,2.35,3622
2024-05-13,2.635,2.77,2.78,2.45,41775
2024-05-14,2.73,3.19,3.29,2.4704,87841
2024-05-15,3.2322,3.02,3.2322,3.0,32024
2024-05-16,3.06,2.67,3.145,2.5001,50697
2024-05-17,2.73,2.7301,2.9899,2.7,34024
2024-05-20,2.78,2.7,2.84,2.6413,13519
2024-05-21,2.5187,2.52,2.655,2.5187,4092
2024-05-22,2.53,2.5412,2.69,2.53,8012
2024-05-23,2.73,2.53,2.8099,2.53,32135
2024-05-24,2.54,2.43,2.561,2.26,31276
2024-05-28,2.69,2.43,2.69,2.29,23363
2024-05-29,2.5,2.24,2.58,2.165,10595
2024-05-30,2.12,2.2116,2.4,2.12,8510
2024-05-31,2.43,2.4899,2.63,2.33,34969
2024-06-03,2.38,2.29,2.7,2.29,11906
2024-06-04,2.405,2.3,2.42,2.05,42794
2024-06-05,2.31,2.27,2.34,2.23,3913
2024-06-06,2.24,2.24,2.24,2.05,11061
2024-06-07,2.1,2.23,2.31,2.07,112556
2024-06-10,2.17,2.18,2.18,2.17,9832
2024-06-11,2.07,2.11,2.12,2.0201,5220
2024-06-12,2.02,2.0601,2.1,2.02,4804
2024-06-13,2.07,2.0999,2.0999,2.055,3479
2024-06-14,2.06,2.28,2.3684,2.02,93316
2024-06-17,2.335,2.1,2.34,2.075,22120
2024-06-18,2.13,2.32,2.42,2.11,42789
2024-06-20,2.18,2.28,2.3,2.18,13427
2024-06-21,2.2261,2.35,2.38,2.22,19792
2024-06-24,2.3575,2.4313,2.47,2.3575,21518
2024-06-25,2.43,2.44,2.47,2.38,6457
2024-06-26,2.44,2.42,2.47,2.41,5804
2024-06-27,2.41,2.46,2.47,2.29,5601
2024-06-28,2.47,2.62,2.65,2.47,48006
2024-07-01,2.528,2.47,2.53,2.47,11416
2024-07-02,2.6799,2.49,2.6799,2.48,4439
2024-07-03,2.61,2.47,2.61,2.47,4523
2024-07-05,2.48,2.54,2.54,2.48,1491
2024-07-08,2.49,2.31,2.49,2.3,4925
2024-07-09,2.358,2.3,2.358,2.3,2256
2024-07-10,2.05,2.24,2.3003,1.98,483985
2024-07-11,2.29,2.3699,2.3999,2.25,15256
2024-07-12,2.44,2.68,2.7,2.163,81765
2024-07-15,2.68,2.86,2.86,2.48,40830
2024-07-16,2.87,3.03,3.0999,2.8001,59075
2024-07-17,3.01,3.1,3.25,3.0001,65805
2024-07-18,3.1,3.1,3.2206,3.1,12233
2024-07-19,3.23,3.12,3.24,3.08,5612
2024-07-22,2.9631,3.1221,3.22,2.9631,1992
2024-07-23,3.22,3.1,3.22,3.1,5876
2024-07-24,3.02,2.96,3.05,2.845,19593
2024-07-25,3.04,2.91,3.22,2.84,25616
2024-07-26,2.93,2.8018,2.93,2.8,37202
2024-07-29,2.91,2.8,3.01,2.8,16890
2024-07-30,3.06,2.9,3.06,2.84,9494
2024-07-31,2.99,2.86,2.99,2.86,9718
2024-08-01,2.89,2.71,2.89,2.71,13575
2024-08-02,2.79,2.68,2.84,2.55,19325
2024-08-05,2.6,2.67,2.72,2.58,5680
2024-08-06,2.6,2.8,2.8,2.6,7907
2024-08-07,2.68,2.55,2.68,2.55,6287
2024-08-08,2.62,2.58,2.69,2.55,7644
2024-08-09,2.66,2.77,2.8799,2.5,17744
2024-08-12,2.66,2.68,2.76,2.52,8094
2024-08-13,2.6,2.5,2.6735,2.5,14970
2024-08-14,2.51,2.34,2.51,2.32,13868
2024-08-15,2.39,2.19,2.39,2.12,30608
2024-08-16,2.03,1.89,2.15,1.89,121636
2024-08-19,1.83,1.8,1.8499,1.738,54878
2024-08-20,1.8,1.76,1.9199,1.74,57739
2024-08-21,1.7,1.85,1.9,1.64,45921
2024-08-22,1.73,1.82,1.91,1.6998,51906
2024-08-23,1.7857,1.81,1.85,1.78,18439
2024-08-26,1.81,1.89,1.96,1.8,71203
2024-08-27,1.95,2.0087,2.1998,1.9303,33526
2024-08-28,2.025,2.0699,2.09,2.0,123409
2024-08-29,2.04,1.88,2.04,1.8001,52218
2024-08-30,1.8,1.67,1.96,1.645,71447
2024-09-03,1.48,1.4,1.64,1.4,97055
2024-09-04,1.35,1.27,1.36,1.24,54616
2024-09-05,1.23,1.22,1.25,1.16,54411
2024-09-06,1.18,1.07,1.29,1.0236,206000
2024-09-09,1.04,1.19,1.28,0.9811,406017
2024-09-10,1.2,1.65,1.67,1.19,921514
2024-09-11,1.41,1.63,1.66,1.23,179167
2024-09-12,1.58,1.54,1.65,1.4,73501
2024-09-13,1.5,1.5,1.67,1.45,93780
2024-09-16,1.47,1.2998,1.47,1.22,49001
2024-09-17,1.35,1.15,1.35,1.1,69616
2024-09-18,1.19,1.24,1.26,1.17,40081
2024-09-19,1.25,1.24,1.4076,1.1812,31052
2024-09-20,1.24,1.16,1.34,1.12,37094
2024-09-23,1.13,1.13,1.16,1.1,17676
2024-09-24,1.18,1.16,1.2,1.1393,22643
2024-09-25,1.15,1.14,1.242,1.1206,20897
2024-09-26,1.232,1.15,1.232,1.11,75685
2024-09-27,1.18,1.16,1.2,1.14,23340
2024-09-30,1.232,1.35,1.49,1.19,109147
2024-10-01,1.325,1.26,1.325,1.18,61227
2024-10-02,1.26,1.22,1.28,1.215,10985
2024-10-03,1.2401,1.18,1.26,1.1599,10232
2024-10-04,1.19,1.36,1.42,1.17,61035
2024-10-07,1.42,1.3899,1.42,1.2925,74014
2024-10-08,1.35,1.21,1.35,1.19,595535
2024-10-09,1.2,1.18,1.206,1.1,94005
2024-10-10,1.15,1.2,1.23,1.15,49738
2024-10-11,1.18,1.24,1.3799,1.1,108991
2024-10-14,1.2,1.18,1.26,1.14,25101
2024-10-15,1.22,1.15,1.23,1.14,58598
2024-10-16,1.2097,1.19,1.21,1.154,39044
2024-10-17,1.2,1.21,1.22,1.14,38519
2024-10-18,1.2204,1.22,1.2489,1.17,19481
2024-10-21,1.19,1.1735,1.24,1.15,41118
2024-10-22,1.195,1.18,1.195,1.11,42999
2024-10-23,1.16,1.165,1.19,1.15,12407
2024-10-24,1.2,1.19,1.23,1.1716,59264
2024-10-25,1.1802,1.09,1.2,1.07,139338
2024-10-28,1.16,1.11,1.16,1.08,21048
2024-10-29,1.08,1.1,1.1699,1.08,19436
2024-10-30,1.08,1.2484,1.29,1.08,104586
2024-10-31,1.26,1.13,1.26,1.06,172504
2024-11-01,1.17,1.1,1.17,1.1,23877
2024-11-04,1.12,1.12,1.155,1.07,128570
2024-11-05,1.14,1.1899,1.1999,1.1,71295
2024-11-06,1.1686,1.18,1.19,1.13,31810
2024-11-07,1.18,1.24,1.25,1.16,96260
2024-11-08,1.38,1.484,1.49,1.25,1327663
2024-11-11,1.82,2.04,2.3699,1.64,27052170
2024-11-12,2.12,2.43,2.6,2.04,1901059
2024-11-13,2.24,2.34,2.6,2.06,717013
2024-11-14,2.36,1.86,2.36,1.85,447137
2024-11-15,1.77,1.74,1.95,1.71,157885
2024-11-18,1.7,1.59,1.74,1.5431,101032
2024-11-19,1.65,2.01,2.1379,1.64,290355
2024-11-20,2.05,1.84,2.1,1.84,75601
2024-11-21,1.82,1.72,1.8456,1.652,50145
2024-11-22,1.7,1.65,1.7675,1.6137,64445
2024-11-25,1.68,1.7,1.7748,1.66,45703
2024-11-26,1.75,1.87,1.9324,1.71,53485
2024-11-27,1.86,1.79,1.87,1.7397,35998
2024-11-29,1.86,1.68,1.86,1.68,43125
2024-12-02,1.68,1.71,1.75,1.68,18267
2024-12-03,1.8,1.83,1.87,1.72,30643
2024-12-04,1.82,1.71,1.8322,1.71,13523
2024-12-05,1.71,1.68,1.75,1.68,13800
2024-12-06,1.76,1.74,1.8499,1.69,40745
2024-12-09,1.74,1.56,1.7795,1.51,68241
2024-12-10,1.53,1.69,1.85,1.53,59233
2024-12-11,1.7,1.58,1.755,1.58,18081
2024-12-12,1.6916,1.64,1.6916,1.59,10624
2024-12-13,1.67,1.57,1.69,1.4,23428
2024-12-16,1.52,1.4,1.55,1.33,23269
2024-12-17,1.33,1.04,1.65,0.76,626972
2024-12-18,1.1,0.98,1.13,0.9,68305
2024-12-19,0.9802,1.01,1.2745,0.8722,152752
2024-12-20,1.03,0.95,1.0999,0.8978,77085
2024-12-23,0.9215,1.05,1.2,0.9,224268
2024-12-24,1.02,0.95,1.04,0.93,53501
2024-12-26,0.9711,1.29,2.66,0.93,8018492
2024-12-27,1.2,1.2,1.44,1.17,634961
2024-12-30,1.3,1.15,1.34,1.1286,235509
2024-12-31,1.13,1.1,1.25,1.07,96067
2025-01-02,1.1,1.17,1.2499,1.1,66222
2025-01-03,1.26,1.23,1.278,1.15,91854
2025-01-06,1.29,1.21,1.29,1.16,88448
2025-01-07,1.22,1.21,1.3,1.2007,47945
2025-01-08,1.23,1.14,1.23,1.11,23167
2025-01-10,1.16,1.16,1.2546,1.09,96541
2025-01-13,1.22,1.15,1.22,1.12,27788
2025-01-14,1.12,1.14,1.2199,1.1,85484
2025-01-15,1.15,1.11,1.17,1.07,34716
2025-01-16,1.09,1.09,1.15,1.065,49267
2025-01-17,1.06,1.17,1.17,1.03,36522
2025-01-21,1.24,1.18,1.24,1.14,4505
2025-01-22,1.12,1.17,1.2,1.12,26106
2025-01-23,1.12,1.1,1.1744,1.08,29036
2025-01-24,1.1,1.12,1.18,1.08,10971
2025-01-27,1.11,1.1,1.17,1.05,95544
2025-01-28,1.07,1.07,1.1467,1.02,105829
2025-01-29,1.04,0.985,1.055,0.9401,63598
2025-01-30,0.9554,1.0573,1.17,0.9554,79288
2025-01-31,1.0346,1.07,1.1462,1.0001,85984
2025-02-03,1.04,0.9898,1.055,0.97,43802
2025-02-04,0.96,1.04,1.04,0.96,28113
2025-02-05,0.98,0.98,1.01,0.98,9695
2025-02-06,0.98,0.96755,0.98,0.95,23164
2025-02-07,1.06,1.01,1.06,0.9676,6852
2025-02-10,0.99,1.0,1.04,0.9301,32932
2025-02-11,1.07,1.01,1.07,0.9701,18907
2025-02-12,0.94,0.94,1.03,0.94,11161
2025-02-13,0.94,0.97,1.0,0.9225,26215
2025-02-14,0.95,0.96,0.99,0.9109,9806
2025-02-18,0.9108,1.0,1.02,0.8626,37807
2025-02-19,0.98,0.96,0.989,0.96,2204
2025-02-20,0.955,0.91,0.955,0.9,9575
2025-02-21,0.91,0.887,0.95,0.822001,6204
2025-02-24,0.878,0.847,0.89,0.8304,16941
2025-02-25,0.847,0.83,0.873099,0.83,29034
2025-02-26,0.85,0.8495,0.85,0.7812,47932
2025-02-27,0.7901,0.7531,0.825,0.7531,14997
2025-02-28,0.75,0.75,0.799999,0.75,2715
2025-03-03,0.73,0.7501,0.819999,0.73,9644
2025-03-04,0.7093,0.68,0.75,0.6601,29591
2025-03-05,0.68,0.6698,0.69,0.65,16225
2025-03-06,0.69,0.7251,0.87,0.6899,104078
2025-03-07,0.751,0.799,0.82,0.751,25677
2025-03-10,0.81,0.7992,0.81,0.658,60869
2025-03-11,0.7201,0.77,0.79,0.72,4093
2025-03-12,0.7515,0.77,0.77,0.6949,10656
2025-03-13,0.77,0.7699,0.77,0.76,3662
2025-03-14,0.76,0.720625,0.77,0.720625,6145
2025-03-17,0.769,0.738,0.769,0.738,2358
2025-03-18,0.74,0.7699,0.7699,0.74,2457
2025-03-19,0.77,0.77,0.77,0.72,34511
2025-03-20,0.77,0.83,0.83,0.76,16883
2025-03-21,0.844,0.8001,0.8898,0.8,17667
2025-03-24,0.79,0.91,0.9742,0.79,60660
2025-03-25,0.92,0.87,0.94,0.87,9588
2025-03-26,0.9,0.908,1.0,0.88,73891
2025-03-27,0.925734,0.9285,0.9782,0.91,8347
2025-03-28,0.9682,0.9645,0.9682,0.964499,600
2025-03-31,0.8799,0.8454,0.9021,0.7994,31692
2025-04-01,0.78,0.55,0.8951,0.55,29028
2025-04-02,0.67,0.6482,0.707914,0.6103,70913
2025-04-03,0.56,0.6019,0.6274,0.56,10267
2025-04-04,0.6005,0.5782,0.600999,0.57,8466
2025-04-07,0.5392,0.5712,0.6986,0.5392,30437
2025-04-08,0.58,0.63,0.63,0.58,8429
2025-04-09,0.698,0.583,0.698,0.5703,23744
2025-04-10,0.5978,0.6999,0.6999,0.583,35722
2025-04-11,0.653,0.7062,0.7125,0.65,41299
