2024-02-15,24.92,24.92,24.92,24.92,2352300
2024-02-16,24.92,24.92,25.02,24.9,3224888
2024-02-20,25.0,25.15,25.29,24.9,1944204
2024-02-21,25.15,25.16,25.25,25.12,770239
2024-02-22,25.2,25.19,25.22,25.15,726541
2024-02-23,25.25,25.19,25.26,25.15,381597
2024-02-26,25.2,25.26,25.28,25.16,275544
2024-02-27,25.3,25.16,25.3,25.15,289630
2024-02-28,25.16,25.12,25.185,25.07,322605
2024-02-29,25.24,25.05,25.3,25.03,653642
2024-03-01,25.05,25.06,25.089,24.85,395343
2024-03-04,25.06,25.08,25.17,25.0,257676
2024-03-05,25.08,25.14,25.24,25.08,492405
2024-03-06,25.2,25.22,25.3,25.08,294071
2024-03-07,25.28,25.33,25.34,25.265,356049
2024-03-08,25.35,25.3,25.39,25.28,309508
2024-03-11,25.28,25.23,25.32,25.23,152273
2024-03-12,25.25,25.29,25.3,25.2,550217
2024-03-13,25.32,25.29,25.35,25.27,321283
2024-03-14,25.27,25.19,25.3,25.14,257485
2024-03-15,25.16,25.17,25.19,25.13,222827
2024-03-18,25.21,25.18,25.23,25.1,774405
2024-03-19,25.2,25.21,25.22,25.14,461261
2024-03-20,25.22,25.25,25.27,25.13,369821
2024-03-21,25.29,25.26,25.3,25.24,285649
2024-03-22,25.28,25.25,25.28,25.2,176219
2024-03-25,25.25,25.21,25.3,25.18,166981
2024-03-26,25.21,25.12,25.21,25.11,442916
2024-03-27,25.17,25.12,25.17,25.09,340065
2024-03-28,25.14,25.01,25.23,24.95,3070683
2024-04-01,25.05,24.87,25.08,24.8,393472
2024-04-02,24.73,24.49,24.73,24.36,725771
2024-04-03,24.37,24.5,24.65,24.275,742086
2024-04-04,24.62,24.57,24.77,24.46,386380
2024-04-05,24.55,24.55,24.73,24.525,153023
2024-04-08,24.58,24.71,24.73,24.5,567563
2024-04-09,24.74,24.88,24.9794,24.72,253968
2024-04-10,24.7,24.63,24.82,24.26,205010
2024-04-11,24.65,24.69,24.74,24.32,222621
2024-04-12,24.64,24.52,24.8099,24.44,120897
2024-04-15,24.55,24.3,24.58,24.2,111952
2024-04-16,24.18,24.3,24.42,24.01,78989
2024-04-17,24.43,24.45,24.6,24.41,68812
2024-04-18,24.51,24.35,24.515,24.27,138833
2024-04-19,24.34,24.36,24.47,24.32,110913
2024-04-22,24.4,24.45,24.55,24.39,97471
2024-04-23,24.45,24.72,24.72,24.45,59933
2024-04-24,24.71,24.79,24.795,24.625,56242
2024-04-25,24.64,24.82,24.84,24.55,174640
2024-04-26,24.88,24.89,24.95,24.8,71580
2024-04-29,24.9,24.98,25.04,24.85,82652
2024-04-30,24.96,25.13,25.13,24.94,100711
2024-05-01,24.97,25.12,25.14,24.97,53125
2024-05-02,25.1,24.730208,25.22,25.1,42311
2024-05-03,24.85,25.19,25.19,24.825,564808
2024-05-06,25.22,25.2427,25.29,25.1661,117383
2024-05-07,25.3,25.25,25.33,25.2,472076
2024-05-08,25.2,25.23,25.26,25.09,42121
2024-05-09,25.29,25.29,25.29,25.17,259158
2024-05-10,25.32,25.24,25.32,25.1315,74926
2024-05-13,25.25,25.225,25.2899,25.1106,62532
2024-05-14,25.23,25.21,25.23,25.1201,32744
2024-05-15,25.32,25.3,25.36,25.275,37991
2024-05-16,25.26,25.25,25.33,25.2241,55530
2024-05-17,25.25,25.22,25.25,25.18,76744
2024-05-20,25.25,25.25,25.25,25.2,26822
2024-05-21,25.38,25.25,25.38,25.22,30373
2024-05-22,25.25,25.2,25.25,25.08,47060
2024-05-23,25.2,25.04,25.2,25.0,52002
2024-05-24,25.02,25.15,25.15,25.02,10480
2024-05-28,25.2,25.11,25.2441,25.085,29058
2024-05-29,25.16,25.115,25.16,25.05,38088
2024-05-30,25.18,25.24,25.24,25.09,42626
2024-05-31,25.4,25.3,25.42,25.1602,345019
2024-06-03,25.4,25.3,25.4,25.24,46663
2024-06-04,25.38,25.43,25.47,25.3301,43109
2024-06-05,25.52,25.43,25.52,25.27,73032
2024-06-06,25.45,25.31,25.45,25.29,89411
2024-06-07,25.25,25.29,25.4,25.2,56978
2024-06-10,25.29,25.3,25.329,25.29,260132
2024-06-11,25.32,25.32,25.32,25.18,96669
2024-06-12,25.34,25.4,25.5,25.32,58089
2024-06-13,25.46,25.49,25.5,25.32,67786
2024-06-14,25.54,25.36,25.54,25.355,22983
2024-06-17,25.43,25.395,25.47,25.31,34745
2024-06-18,25.45,25.41,25.57,25.3186,114790
2024-06-20,25.5,25.39,25.5899,25.39,50910
2024-06-21,25.44,25.43,25.57,25.4001,44747
2024-06-24,25.47,25.49,25.55,25.39,39658
2024-06-25,25.5,25.5,25.59,25.42,91611
2024-06-26,25.5,25.5,25.5,25.43,37849
2024-06-27,25.57,25.55,25.5999,25.52,119202
2024-06-28,25.42,25.51,25.8,25.42,696358
2024-07-01,25.57,25.43,25.57,25.36,40561
2024-07-02,25.48,25.39,25.48,25.33,102305
2024-07-03,25.42,25.42,25.54,25.42,11254
2024-07-05,25.57,25.465,25.57,25.44,8809
2024-07-08,25.545,25.49,25.58,25.44,24605
2024-07-09,25.55,25.46,25.5899,25.36,110343
2024-07-10,25.43,25.6,25.62,25.43,13896
2024-07-11,25.66,25.64,25.71,25.51,40719
2024-07-12,25.67,25.68,25.7,25.61,24693
2024-07-15,25.7,25.64,25.7,25.54,78906
2024-07-16,25.7,25.67,25.73,25.55,230717
2024-07-17,25.67,25.72,25.7442,25.64,16272
2024-07-18,25.68,25.7,25.7,25.62,21297
2024-07-19,25.74,25.69,25.7699,25.6,14765
2024-07-22,25.8,25.72,25.8,25.61,20860
2024-07-23,25.69,25.69,25.69,25.6,54425
2024-07-24,25.75,25.45,25.75,25.45,42245
2024-07-25,25.52,25.535,25.6,25.48,38469
2024-07-26,25.64,25.58,25.67,25.5,62092
2024-07-29,25.515,25.58,25.66,25.26,38489
2024-07-30,25.62,25.66,25.68,25.41,180398
2024-07-31,25.73,25.51,25.75,25.42,335253
2024-08-01,25.57,25.65,25.73,25.57,449016
2024-08-02,25.7,25.094375,25.71,25.52,34073
2024-08-05,24.92,24.95,24.96,24.64,111052
2024-08-06,25.0,25.18,25.18,24.96,27009
2024-08-07,25.23,25.27,25.27,25.13,22521
2024-08-08,25.3,25.23,25.34,25.15,25394
2024-08-09,25.34,25.285,25.3499,25.27,30499
2024-08-12,25.36,25.34,25.4,25.3,26646
2024-08-13,25.43,25.35,25.43,25.35,35116
2024-08-14,25.4,25.24,25.42,25.24,68901
2024-08-15,25.36,25.32,25.3999,25.25,33559
2024-08-16,25.32,25.44,25.49,25.32,46930
2024-08-19,25.48,25.48,25.5,25.41,44710
2024-08-20,25.55,25.54,25.55,25.45,40422
2024-08-21,25.59,25.5,25.59,25.5,137171
2024-08-22,25.59,25.54,25.6,25.5,19222
2024-08-23,25.59,25.75,25.76,25.56,40654
2024-08-26,25.79,25.79,25.8,25.71,13110
2024-08-27,25.74,25.92,25.9588,25.7104,31286
2024-08-28,25.97,25.91,25.99,25.9,13211
2024-08-29,25.99,25.9,25.99,25.86,33822
2024-08-30,25.94,25.84,25.99,25.77,45113
2024-09-03,25.9,25.8,25.9,25.77,26585
2024-09-04,26.0,25.87,26.0,25.87,25572
2024-09-05,25.9,25.96,25.9999,25.83,32069
2024-09-06,26.0,25.93,26.0399,25.85,24267
2024-09-09,25.95,26.0,26.0,25.88,20136
2024-09-10,26.0,25.73,26.0,25.7,86750
2024-09-11,25.8,25.74,25.85,25.57,55966
2024-09-12,25.87,25.82,25.94,25.6501,39044
2024-09-13,25.96,25.85,26.02,25.85,77418
2024-09-16,25.89,25.94,25.995,25.75,69818
2024-09-17,26.01,26.08,26.08,25.75,81532
2024-09-18,26.1,26.19,26.29,25.98,59298
2024-09-19,26.23,26.14,26.3,26.11,38345
2024-09-20,26.2,26.17,26.2,26.0,36176
2024-09-23,26.23,26.29,26.29,26.04,29341
2024-09-24,26.29,26.33,26.33,26.2,24969
2024-09-25,26.35,26.2,26.35,26.1,33348
2024-09-26,26.33,26.1709,26.33,26.12,29145
2024-09-27,26.19,25.94,26.19002,25.49,52471
2024-09-30,25.98,25.62,25.98,25.54,175653
2024-10-01,25.72,25.45,25.8,25.43,406442
2024-10-02,25.45,25.64,25.65,25.2,481276
2024-10-03,25.64,25.76,25.83,25.64,237990
2024-10-04,25.7,25.8,25.83,25.66,139660
2024-10-07,25.77,25.61,25.77,25.6,133859
2024-10-08,25.67,25.7,25.7399,25.61,55782
2024-10-09,25.72,25.67,25.79,25.6,57255
2024-10-10,25.67,25.61,25.67,25.58,43231
2024-10-11,25.58,25.84,25.84,25.58,66935
2024-10-14,25.77,25.86,25.8898,25.77,28906
2024-10-15,25.91,25.9,25.94,25.78,74954
2024-10-16,25.95,26.13,26.13,25.93,74156
2024-10-17,26.13,26.25,26.26,25.9934,55085
2024-10-18,26.28,26.3,26.57,26.27,58995
2024-10-21,26.4,26.44,26.48,26.0501,87763
2024-10-22,26.28,26.27,26.4699,26.18,21267
2024-10-23,26.31,26.25,26.35,26.14,14715
2024-10-24,26.33,26.17,26.33,26.15,21340
2024-10-25,26.28,26.22,26.3299,26.2,21423
2024-10-28,26.3,26.29,26.44,26.18,32161
2024-10-29,26.22,26.28,26.4,26.01,78437
2024-10-30,26.39,26.35,26.48,26.33,104887
2024-10-31,26.4,25.96,26.4,25.82,245095
2024-11-01,26.05,25.494375,26.14,25.9,90196
2024-11-04,25.8,25.78,25.8,25.5101,42188
2024-11-05,25.72,25.89,25.91,25.7,45579
2024-11-06,25.78,26.02,26.0599,25.69,46272
2024-11-07,26.04,26.29,26.31,25.93,81323
2024-11-08,26.19,26.39,26.415,26.1,37879
2024-11-11,26.48,26.56,26.61,26.39,131973
2024-11-12,26.51,26.56,26.59,26.37,71765
2024-11-13,26.6,26.58,26.71,26.52,40248
2024-11-14,26.6,26.5,26.7,26.43,75261
2024-11-15,26.65,26.37,26.65,26.12,92797
2024-11-18,26.45,26.1,26.4999,26.09,36228
2024-11-19,26.15,26.05,26.15,25.96,22406
2024-11-20,26.07,25.91,26.1672,25.8572,13640
2024-11-21,26.08,26.04,26.26,25.86,44655
2024-11-22,26.22,26.11,26.22,26.01,23342
2024-11-25,26.18,26.17,26.251,26.12,14450
2024-11-26,26.25,26.32,26.38,26.15,39785
2024-11-27,26.32,26.35,26.54,26.24,55453
2024-11-29,26.38,26.5,26.67,26.21,62307
2024-12-02,26.53,26.1,26.53,26.07,66712
2024-12-03,26.03,26.03,26.1336,25.87,95576
2024-12-04,26.03,25.95,26.1255,25.9188,49906
2024-12-05,25.99,25.95,26.08,25.91,26609
2024-12-06,26.04,25.77,26.0523,25.76,64457
2024-12-09,25.8,25.9,25.96,25.705,59247
2024-12-10,25.89,26.06,26.06,25.8,41512
2024-12-11,26.17,25.85,26.37,25.85,80080
2024-12-12,25.92,26.14,26.14,25.85,31158
2024-12-13,26.14,25.95,26.14,25.92,41850
2024-12-16,26.09,25.93,26.17,25.92,24952
2024-12-17,26.04,25.99,26.04,25.86,56139
2024-12-18,26.03,25.88,26.05,25.75,32195
2024-12-19,25.88,26.0,26.1,25.6447,183346
2024-12-20,26.14,26.07,26.15,25.96,45508
2024-12-23,26.16,26.03,26.16,26.0,24301
2024-12-24,26.08,25.88,26.08,25.65,15072
2024-12-26,25.92,25.84,25.944,25.16,35156
2024-12-27,25.75,25.94,25.99,25.75,38484
2024-12-30,25.82,26.38,26.46,25.815,131314
2024-12-31,26.41,26.3,26.45,26.04,300511
2025-01-02,26.3,26.21,26.37,26.19,32178
2025-01-03,26.33,26.35,26.38,26.22,23555
2025-01-06,26.36,26.18,26.36,26.16,17536
2025-01-07,26.22,26.21,26.2525,26.01,90793
2025-01-08,26.18,25.84,26.2184,25.84,92693
2025-01-10,25.8,25.81,26.1167,25.75,149949
2025-01-13,25.84,25.72,26.0384,25.65,41114
2025-01-14,25.85,25.73,25.9136,25.7,40801
2025-01-15,26.08,26.23,26.71,25.8321,24905
2025-01-16,26.26,26.26,26.35,26.04,35557
2025-01-17,26.36,26.19,26.36,26.19,23344
2025-01-21,26.32,26.26,26.32,26.17,21184
2025-01-22,26.2,26.21,26.3,26.18,18980
2025-01-23,26.21,26.25,26.289,26.18,23339
2025-01-24,26.32,26.32,26.3399,26.23,22862
2025-01-27,26.2,26.27,26.32,26.2,22281
2025-01-28,26.25,26.08,26.28,26.07,34040
2025-01-29,26.11,25.9712,26.2,25.9712,58222
2025-01-30,26.08,26.04,26.18,26.0042,34813
2025-01-31,25.98,25.494375,26.08,25.9008,74340
2025-02-03,25.58,25.59,25.68,25.5563,49434
2025-02-04,25.65,25.65,25.71,25.605,52994
2025-02-05,25.73,25.7,25.8,25.67,87285
2025-02-06,25.7,25.54,25.74,25.53,72962
2025-02-07,25.52,25.47,25.5712,25.36,74652
2025-02-10,25.53,25.61,25.65,25.4252,35565
2025-02-11,25.56,25.6,25.6,25.55,30726
2025-02-12,25.49,25.55,25.5965,25.48,34229
2025-02-13,25.63,25.59,25.68,25.4809,109803
2025-02-14,25.67,25.69,25.8499,25.48,38147
2025-02-18,25.68,25.59,25.6899,25.54,38995
2025-02-19,25.59,25.61,25.65,25.52,84370
2025-02-20,25.69,25.6,25.69,25.53,32641
2025-02-21,25.64,25.59,25.7299,25.55,57377
2025-02-24,25.6,25.57,25.69,25.55,100653
2025-02-25,25.64,25.6,25.6799,25.55,130917
2025-02-26,25.59,25.6,25.63,25.55,52318
2025-02-27,25.6,25.6,25.63,25.55,27052
2025-02-28,25.65,25.6,25.6594,25.57,30136
2025-03-03,25.64,25.51,25.69,25.51,43614
2025-03-04,25.56,25.61,25.76,25.37,61229
2025-03-05,25.61,25.6,25.67,25.52,64948
2025-03-06,25.64,25.54,25.64,25.5,30459
2025-03-07,25.55,25.5798,25.6,25.55,54892
2025-03-10,25.58,25.57,25.6,25.45,20965
2025-03-11,25.57,25.45,25.57,25.28,27022
2025-03-12,25.56,25.5,25.56,25.4,37825
2025-03-13,25.5,25.44,25.5,25.37,47839
2025-03-14,25.45,25.4,25.4999,25.35,38287
2025-03-17,25.45,25.38,25.54,25.35,51102
2025-03-18,25.38,25.3998,25.53,25.3,49119
2025-03-19,25.4,25.4,25.4,25.35,59154
2025-03-20,25.4,25.33,25.46,25.27,98309
2025-03-21,25.32,25.39,25.4508,25.27,52766
2025-03-24,25.42,25.37,25.46,25.32,22274
2025-03-25,25.35,25.39,25.4,25.34,30836
2025-03-26,25.39,25.31,25.39,25.21,48929
2025-03-27,25.31,25.22,25.31,25.21,36922
2025-03-28,25.32,25.15,25.3592,25.15,61796
2025-03-31,25.15,25.02,25.1999,24.91,290970
2025-04-01,25.1,25.05,25.13,24.97,53014
2025-04-02,25.04,25.1,25.17,24.98,42090
2025-04-03,24.9,24.79,25.0,24.7252,100422
2025-04-04,24.66,24.66,24.85,24.35,126824
2025-04-07,24.45,24.1,24.45,23.98,116833
2025-04-08,24.21,24.1,24.38,24.04,85109
2025-04-09,24.17,24.35,24.49,23.36,163573
2025-04-10,24.24,23.6,24.2894,23.5,66179
2025-04-11,23.61,23.45,23.7898,23.3,72457
