2022-05-02,72.575,78.125,78.125,71.25,9890
2022-05-03,78.04,77.6225,83.225,75.8275,66996
2022-05-04,77.875,85.55,86.99975,70.0,68884
2022-05-05,81.05,70.025,81.068,68.1,73649
2022-05-06,67.675,63.97675,69.21275,59.175,89860
2022-05-09,59.85,51.375,61.975,50.5,71130
2022-05-10,55.725,51.398,58.9,46.5,123235
2022-05-11,46.7,41.225,51.15,40.3,174412
2022-05-12,39.125,45.825,49.17475,36.926,145086
2022-05-13,50.3,55.95,57.4,50.25,161191
2022-05-16,54.8,49.4,57.025,49.3875,240733
2022-05-17,53.45,54.75,55.45,48.61,231714
2022-05-18,51.025,50.0,56.132,49.175,238779
2022-05-19,50.5,53.425,56.725,48.75,143773
2022-05-20,57.05,52.8,57.825,46.5,235868
2022-05-23,53.35,51.95,53.575,48.575,297427
2022-05-24,49.275,45.0,49.3295,43.375,317214
2022-05-25,45.05,48.7,49.835,44.65,264990
2022-05-26,48.2875,52.85,53.575,47.5,234915
2022-05-27,54.6,59.5,59.725,53.875,292161
2022-05-31,60.125,55.875,60.975,53.775,334546
2022-06-01,56.575,51.725,58.465,50.2,286968
2022-06-02,52.325,59.4,60.85,51.275,365051
2022-06-03,55.625,53.05,57.5,52.475,322076
2022-06-06,56.35,54.0,57.44975,52.0025,228226
2022-06-07,51.725,57.25,57.35,50.65,157774
2022-06-08,56.775,60.175,62.75,56.753,220128
2022-06-09,59.375,52.5,60.74975,52.5,237421
2022-06-10,48.95,45.55,50.945,44.75,421024
2022-06-13,40.175,37.275,41.5,36.65,498697
2022-06-14,38.5,38.175,39.25,35.625,350880
2022-06-15,39.15,42.925,44.4975,38.725,731668
2022-06-16,39.0,38.125,40.125,36.773,448679
2022-06-17,38.55,41.275,42.4,38.55,508229
2022-06-21,44.0,45.125,48.1,43.75,437264
2022-06-22,43.25,46.45,48.6245,42.525,437653
2022-06-23,47.45,53.075,53.475,45.9875,514258
2022-06-24,54.75,57.35,57.85,52.975,606159
2022-06-27,57.525,54.875,58.275,51.8,435036
2022-06-28,54.975,48.55,56.125,48.2,400896
2022-06-29,48.0,47.0,48.571,45.0615,807836
2022-06-30,45.025,43.525,45.8215,41.5,523550
2022-07-01,44.325,45.9,47.25,43.5595,569217
2022-07-05,44.675,54.425,54.425,43.05,571684
2022-07-06,54.35,52.2,56.875,51.0,607923
2022-07-07,52.525,58.6,58.9,51.65,802451
2022-07-08,56.025,58.725,61.9625,55.075,1250937
2022-07-11,57.375,50.675,57.9,50.45,609920
2022-07-12,51.875,51.975,54.5,48.5,705584
2022-07-13,48.25,51.5,54.214,47.57875,1010966
2022-07-14,50.4,49.45,51.375,47.5,713658
2022-07-15,50.825,52.0,52.0,47.325,631362
2022-07-18,54.5,51.15,56.575,50.75,860019
2022-07-19,53.125,55.67625,55.7625,50.1775,775935
2022-07-20,56.875,61.175,63.475,56.30525,1185952
2022-07-21,60.475,63.275,64.15,59.45,548762
2022-07-22,63.4,56.25,64.325,55.05,771617
2022-07-25,55.7,54.7455,56.15,52.575,281217
2022-07-26,52.55,49.65,52.55,49.475,561633
2022-07-27,52.1,56.3,56.825,50.675,505976
2022-07-28,55.3,55.6,57.5,50.775,500624
2022-07-29,52.475,53.1,53.5975,50.5525,471433
2022-08-01,51.7,54.4,56.625,50.625,536623
2022-08-02,52.5,57.5,59.2975,52.5,598043
2022-08-03,59.875,64.3,65.05,59.8125,543171
2022-08-04,65.05,65.35,67.9,62.4,402334
2022-08-05,61.3,65.025,67.025,59.87,486732
2022-08-08,66.95,67.05,71.275,65.85,412988
2022-08-09,64.55,59.95,65.0,58.04675,524395
2022-08-10,65.375,68.35,68.625,62.316,619527
2022-08-11,70.475,64.1,74.525,63.5125,689610
2022-08-12,66.1,69.025,69.625,64.05,400673
2022-08-15,68.175,69.975,71.25,67.225,348647
2022-08-16,69.375,66.075,69.75,62.5,453474
2022-08-17,62.825,59.025,64.2,58.576,506571
2022-08-18,59.0,57.75,59.125,56.0,338016
2022-08-19,54.525,50.675,54.8235,50.0,554059
2022-08-22,48.75,48.025,50.675,47.275,459678
2022-08-23,47.85,47.475,50.125,46.1,572806
2022-08-24,47.8,49.9,51.25,46.95,393382
2022-08-25,51.375,52.575,52.7,49.5995,466982
2022-08-26,52.425,46.0,52.55,45.75025,697542
2022-08-29,43.9,44.675,47.025,43.75,338421
2022-08-30,46.1,43.775,46.62725,42.375,627669
2022-08-31,45.775,43.775,46.65,42.92675,450605
2022-09-01,42.175,43.5,43.5,39.375,526269
2022-09-02,44.9,41.05,45.175,40.5875,539637
2022-09-06,41.25,39.8,41.425,38.775,392298
2022-09-07,39.45,42.8,42.85,39.225,529934
2022-09-08,41.1,45.275,45.275,40.7,490386
2022-09-09,46.8,49.275,49.625,46.725,567817
2022-09-12,49.95,51.525,51.55,48.8,346757
2022-09-13,45.575,44.7,46.75,44.175,545686
2022-09-14,44.775,47.025,47.05,43.125,344884
2022-09-15,45.775,48.825,50.7,45.625,606591
2022-09-16,46.4,44.625,46.4,43.3495,485302
2022-09-19,43.225,44.125,44.25,41.575,438493
2022-09-20,42.825,41.95,44.3,41.7875,316867
2022-09-21,42.375,39.95,44.625,39.775,744068
2022-09-22,39.3,36.325,39.625,35.97525,826230
2022-09-23,35.175,34.75,36.375,33.37825,768415
2022-09-26,34.75,34.15,37.175,33.875,745466
2022-09-27,36.175,35.375,37.325,34.125,849576
2022-09-28,35.75,38.775,39.2125,35.425,803872
2022-09-29,37.075,34.5,37.2,33.65,937050
2022-09-30,34.3625,34.525,37.475,33.975,1128796
2022-10-03,34.85,34.5,35.4875,32.6835,970135
2022-10-04,37.125,39.775,40.05,37.05,742731
2022-10-05,37.825,38.375,38.9,35.75,687737
2022-10-06,38.4,38.55,40.13075,37.129,530928
2022-10-07,36.575,33.525,36.675,33.18875,969582
2022-10-10,33.75,31.325,33.75,30.525,754684
2022-10-11,30.8,30.1,32.27475,28.4345,880190
2022-10-12,30.15,31.0,31.175,28.775,699070
2022-10-13,27.825,30.825,31.55,26.9,1119535
2022-10-14,32.075,27.25,32.9225,27.2,812280
2022-10-17,29.6,31.15,31.59575,29.35,737314
2022-10-18,33.825,32.025,34.475,30.8,821764
2022-10-19,31.3,29.425,31.425,28.875,627258
2022-10-20,28.95,29.175,31.525,28.6,698620
2022-10-21,28.875,30.1,30.2,27.55,1036890
2022-10-24,29.85,29.35,29.85,27.1,771518
2022-10-25,30.0,33.225,33.475,30.0,818284
2022-10-26,32.275,33.4,36.25,32.025,674348
2022-10-27,34.85,33.475,35.3,32.9,480524
2022-10-28,33.15,35.125,35.275,32.125,625116
2022-10-31,34.625,34.0,35.575,33.175,414000
2022-11-01,36.0,34.05,36.65,34.0,503965
2022-11-02,33.95,30.675,35.625,30.675,565046
2022-11-03,29.375,30.35,32.275,28.85,456642
2022-11-04,31.65,28.775,32.075,27.25,999803
2022-11-07,29.025,28.175,29.525,27.05,570288
2022-11-08,28.325,28.125,30.0875,26.85,670332
2022-11-09,27.1,24.425,27.1,24.3,1094926
2022-11-10,28.8,31.375,31.525,27.8,1332319
2022-11-11,30.4,36.65,37.575,29.925,1514891
2022-11-14,35.6,33.95,36.375,33.63,754287
2022-11-15,37.175,35.725,38.1,34.808,873891
2022-11-16,34.35,32.25,34.6,31.75,715884
2022-11-17,30.225,30.725,31.65,29.575,744918
2022-11-18,32.2,29.775,32.2,29.225,584207
2022-11-21,29.05,27.625,29.325,26.9,516153
2022-11-22,27.375,27.525,27.75,26.12425,598160
2022-11-23,27.9625,29.25,29.625,27.75,672130
2022-11-25,28.875,28.625,28.975,28.1,282950
2022-11-28,28.075,27.05,29.2,26.8,460439
2022-11-29,27.3,26.775,28.375,26.65,508187
2022-11-30,27.275,30.975,30.975,26.7,1018837
2022-12-01,31.185,31.71,32.2525,29.915,1285906
2022-12-02,30.055,32.115,32.275,29.705,1677780
2022-12-05,31.255,28.5,32.03,28.125,1513838
2022-12-06,28.5,26.185,28.5,25.77,854718
2022-12-07,25.82,25.85,26.75,25.24,1002396
2022-12-08,26.245,26.905,27.56,25.11,990116
2022-12-09,26.65,26.27,27.85,26.215,995364
2022-12-12,25.67,26.99,27.155,25.35,1004274
2022-12-13,30.675,27.165,31.8915,26.25,2686382
2022-12-14,26.94,26.765,27.88,25.845,1346008
2022-12-15,25.015,23.98,25.68,23.925,1177812
2022-12-16,24.185,23.94,24.8899,23.19505,697922
2022-12-19,23.94,22.425,23.995,22.22,904940
2022-12-20,22.155,22.33,23.28435,21.765,871190
2022-12-21,22.91,23.125,23.82,22.175,898044
2022-12-22,22.275,21.58,22.32995,20.2125,1094856
2022-12-23,21.405,20.42,21.641,20.39,669784
2022-12-27,20.155,19.195,20.315,18.965,911142
2022-12-28,18.99,18.975,19.74,18.665,909098
2022-12-29,19.69,20.79,21.105,19.305,758564
2022-12-30,19.864,20.82,21.06,19.7,560444
2023-01-03,21.775,19.94,22.135,19.2925,732900
2023-01-04,20.43,21.675,21.77995,19.965,605814
2023-01-05,20.92,20.5,21.04,19.97,722604
2023-01-06,20.55,20.97,21.405,19.285,1065106
2023-01-09,22.39,22.91,23.77,21.89,796208
2023-01-10,22.665,23.91,24.08,22.6,475364
2023-01-11,24.495,25.7,25.7,23.855,685936
2023-01-12,25.835,26.765,26.775,23.625,988854
2023-01-13,25.495,27.415,27.515,25.495,740114
2023-01-17,27.935,29.1,29.215,26.78,514722
2023-01-18,29.72,27.435,30.59,27.375,931610
2023-01-19,26.135,25.575,26.795,25.095,1007686
2023-01-20,26.355,28.065,28.28,25.65,755024
2023-01-23,28.42,30.45,30.555,27.9,488142
2023-01-24,29.77,29.31,31.3271,29.235,665166
2023-01-25,27.82,29.6125,29.69,26.76,782552
2023-01-26,31.695,30.81,32.195,29.32085,674404
2023-01-27,30.475,34.175,34.658,30.25,560384
2023-01-30,32.97,30.89,33.65995,30.89,627856
2023-01-31,31.265,33.26475,33.525,31.265,761742
2023-02-01,33.35,36.245,36.765,32.175,1346376
2023-02-02,39.16,40.92,42.69465,38.65,1496786
2023-02-03,37.06,38.065,41.265,36.705,1675408
2023-02-06,36.685,37.015,38.0545,36.265,715820
2023-02-07,37.24,38.275,38.52,35.405,1126818
2023-02-08,37.785,36.1,39.185,35.94,713718
2023-02-09,37.405,33.8,37.6,33.3825,984006
2023-02-10,32.61,31.745,33.415,30.935,819738
2023-02-13,31.84,32.74,33.04,30.645,691184
2023-02-14,31.845,34.2,34.525,31.08905,1648848
2023-02-15,34.72,38.33,38.33,34.565,1021984
2023-02-16,36.69,36.12,39.25,35.675,1483806
2023-02-17,35.68,35.82,36.11,33.9655,1012036
2023-02-21,33.675,31.455,34.775,31.455,1000346
2023-02-22,31.995,33.045,33.2818,31.285,1137734
2023-02-23,33.805,32.0,33.845,30.08,1092318
2023-02-24,30.185,29.995,30.85,29.45,1028602
2023-02-27,30.95,30.55,31.025,29.9225,768596
2023-02-28,30.92,31.755,32.56,30.91195,536118
2023-03-01,31.78,30.435,31.905,30.05425,677264
2023-03-02,28.96,31.09,31.31,28.72,479536
2023-03-03,31.305,33.075,33.53495,31.25,615962
2023-03-06,33.685,31.9,33.975,31.75,743900
2023-03-07,31.65,30.76,32.555,30.665,809220
2023-03-08,30.505,30.665,31.05555,29.6,507924
2023-03-09,30.79,28.115,31.64,27.90115,764194
2023-03-10,27.525,26.235,27.9548,25.0156,1022606
2023-03-13,25.39,27.525,28.45,24.34,1210692
2023-03-14,29.31,28.635,29.71,27.945,895450
2023-03-15,27.575,29.145,29.145,27.5,1112984
2023-03-16,29.795,30.84,31.22555,28.895,723124
2023-03-17,30.52,29.975,31.01,29.065,685632
2023-03-20,29.72,29.28,30.13,28.425,666946
2023-03-21,30.06,32.505,32.7299,29.94,563420
2023-03-22,32.725,29.49,32.725,29.31,1057538
2023-03-23,28.63,28.4,30.73,27.5,754506
2023-03-24,27.745,28.3725,28.54,27.28855,630128
2023-03-27,29.22,28.37,29.82,27.75,564890
2023-03-28,28.07,27.44,28.42835,27.14,411268
2023-03-29,28.36,29.505,29.6929,28.1488,468868
2023-03-30,30.5,29.385,30.75,29.13,376606
2023-03-31,29.695,32.165,32.295,29.55,469418
2023-04-03,31.225,30.975,31.6645,29.655,466698
2023-04-04,31.5,30.635,31.575,29.9455,369278
2023-04-05,30.205,28.5,30.205,27.92495,565452
2023-04-06,27.95,29.32,29.46,27.25,464346
2023-04-10,28.3,29.2225,29.24655,27.75,359120
2023-04-11,29.455,29.555,30.0,28.975,341980
2023-04-12,30.995,27.98,31.22995,27.825,558354
2023-04-13,28.585,30.07,30.59,28.585,372878
2023-04-14,29.75,29.565,30.5325,28.85,319278
2023-04-17,28.965,29.735,29.89375,28.845,261406
2023-04-18,30.46,29.67,30.56,29.3375,476906
2023-04-19,28.645,29.6,30.034,28.225,318982
2023-04-20,28.275,27.395,28.915,27.25565,410836
2023-04-21,27.535,27.64,27.865,27.0868,327278
2023-04-24,27.66,26.98,28.025,26.1828,269460
2023-04-25,26.48,25.18,26.65985,25.175,377688
2023-04-26,25.79,24.145,25.955,24.0,323114
2023-04-27,24.725,24.82,25.27,24.21,514948
2023-04-28,24.4,25.075,25.425,23.85495,380498
2023-05-01,24.94,24.87,25.20495,24.37,254354
2023-05-02,24.59,23.69,24.745,23.63505,431436
2023-05-03,23.69,23.565,24.855,23.445,526614
2023-05-04,23.775,24.83,25.015,23.775,335446
2023-05-05,25.96,27.0,27.2,25.775,340954
2023-05-08,27.22,27.71,27.775,26.5,263660
2023-05-09,27.0,28.26,28.3319,26.86,176864
2023-05-10,29.315,29.01,30.01005,28.68,375224
2023-05-11,29.205,29.27,29.5,28.5625,278578
2023-05-12,29.38,27.455,29.38,27.1831,402614
2023-05-15,27.36,28.66,29.08,27.2,230536
2023-05-16,28.005,27.34,28.08,27.06,247194
2023-05-17,27.53,28.65,28.82995,26.99505,328130
2023-05-18,28.43375,29.355,29.5898,28.3125,293118
2023-05-19,29.54,28.835,29.67125,28.455,251380
2023-05-22,29.005,31.61,31.83,28.845,334402
2023-05-23,30.995,30.305,32.67495,30.24,306084
2023-05-24,29.315,29.91,30.0875,28.83,291558
2023-05-25,30.3,28.25,30.3,27.9,474768
2023-05-26,28.335,29.22,30.05365,28.26,252460
2023-05-30,30.64,30.235,31.815,29.75,283062
2023-05-31,29.945,31.245,31.33,29.6787,281536
2023-06-01,30.715,32.255,32.95,30.255,263284
2023-06-02,33.205,33.015,33.66,31.85,357192
2023-06-05,32.97,33.735,34.0,32.6,364940
2023-06-06,32.515,34.655,34.8425,32.2,199706
2023-06-07,35.64,34.095,36.535,33.78915,374292
2023-06-08,33.69,34.66,34.765,33.48505,194492
2023-06-09,36.005,34.575,36.5244,34.295,284748
2023-06-12,34.63,35.6,36.0,34.485,205266
2023-06-13,36.7,37.21,37.485,36.17,269844
2023-06-14,37.475,36.91,37.855,35.4,369738
2023-06-15,35.925,37.71,37.92,35.645,249346
2023-06-16,38.6,37.375,38.6,36.9,256752
2023-06-20,36.85,37.27,37.875,35.735,199624
2023-06-21,37.22,34.575,37.28,34.18,425094
2023-06-22,33.79,34.535,34.625,33.3375,152588
2023-06-23,33.34,33.68,34.08995,32.625,216684
2023-06-26,33.09,33.215,34.70975,33.09,130130
2023-06-27,33.905,35.38,35.655,33.585,263962
2023-06-28,35.195,36.77,37.3275,35.11,162242
2023-06-29,36.895,36.285,37.33,35.95,182516
2023-06-30,37.4,36.84,37.58735,36.52055,143014
2023-07-03,37.34,38.235,38.8363,37.34,160492
2023-07-05,37.545,38.17,38.345,37.015,109694
2023-07-06,36.745,35.295,36.745,34.315,324560
2023-07-07,35.51,35.825,36.875,35.51,197278
2023-07-10,35.735,38.555,38.57,35.615,153092
2023-07-11,39.16,41.525,41.86,38.885,351612
2023-07-12,43.435,42.24,43.435,41.1055,352948
2023-07-13,43.14,46.105,46.305,42.665,375074
2023-07-14,46.275,44.085,47.48495,43.5,239954
2023-07-17,44.2,45.99,46.29,43.525,339996
2023-07-18,46.05,46.375,46.86,45.565,231912
2023-07-19,47.465,48.015,49.065,46.715,243810
2023-07-20,46.125,42.305,46.6,42.085,312084
2023-07-21,43.215,42.63,43.8473,41.66,198464
2023-07-24,42.395,41.64,42.7425,40.8665,84574
2023-07-25,42.175,41.46,42.885,41.41,115386
2023-07-26,41.41,43.145,43.525,41.15,226608
2023-07-27,45.185,40.64,45.21,40.305,286220
2023-07-28,42.75,45.055,45.055,42.66,219746
2023-07-31,45.615,46.865,46.9065,45.615,201104
2023-08-01,45.885,45.085,45.885,43.65,184758
2023-08-02,42.995,39.975,42.995,39.435,315982
2023-08-03,38.965,39.235,39.72,38.59045,171488
2023-08-04,40.15,37.785,40.15,37.635,250300
2023-08-07,37.935,37.4,37.945,35.96,210000
2023-08-08,36.065,36.97,37.045,35.77,262838
2023-08-09,36.985,34.31,36.985,34.22,368022
2023-08-10,34.95,33.76,35.835,33.28305,587804
2023-08-11,33.1,33.425,33.835,32.82005,190964
2023-08-14,32.73,33.67,33.67,32.03,152282
2023-08-15,33.14,32.455,33.395,32.425,116194
2023-08-16,32.365,31.055,32.365,31.02,313248
2023-08-17,31.05,29.535,31.05,29.48,322958
2023-08-18,28.25,29.69,30.27,28.25,334296
2023-08-21,30.15,30.73,30.885,29.64,234436
2023-08-22,31.44,30.585,31.57195,30.035,174544
2023-08-23,30.535,31.995,32.2295,30.465,156214
2023-08-24,32.615,29.675,32.615,29.665,198452
2023-08-25,29.86,30.43,30.905,29.2425,177658
2023-08-28,31.1725,30.62,31.4,30.33,108020
2023-08-29,30.51,33.935,34.04335,30.4,273528
2023-08-30,33.665,34.39,34.58,33.03535,189464
2023-08-31,34.585,34.62,35.15,34.06,172998
2023-09-01,35.315,34.365,35.4372,34.19,150196
2023-09-05,33.825,34.975,35.125,33.61,126862
2023-09-06,35.365,35.25,36.01995,34.4453,129804
2023-09-07,33.92,34.915,35.085,33.34,101898
2023-09-08,34.935,34.38,35.4645,33.99805,137130
2023-09-11,35.7825,35.7825,35.7825,35.7825,690
2023-09-12,35.11435,34.96,36.725,34.92,107086
2023-09-13,34.86,33.96,35.33085,33.8,88664
2023-09-14,34.51,34.225,34.7592,33.6675,172712
2023-09-15,34.075,33.335,34.34,32.845,150622
2023-09-18,33.2,31.76,33.2,31.71,145878
2023-09-19,31.505,30.975,31.605,30.30755,169842
2023-09-20,31.222,29.875,31.725,29.83,182342
2023-09-21,28.625,28.07,28.80315,28.05,258990
2023-09-22,28.565,27.035,28.78,26.99,327800
2023-09-25,26.695,26.94,27.3275,26.455,125540
2023-09-26,26.51,26.47,27.48,26.35,116246
2023-09-27,27.33,26.795,27.465,26.03115,273990
2023-09-28,26.905,27.415,27.94,26.1267,147672
2023-09-29,28.38,28.08,28.95995,27.875,161154
2023-10-02,28.38,27.305,28.4,26.865,120904
2023-10-03,26.75,25.715,27.2,25.445,305148
2023-10-04,26.06,26.53,26.665,25.15845,455114
2023-10-05,26.5,26.52,26.765,25.48,120818
2023-10-06,25.5,27.425,27.55,25.5,150298
2023-10-09,26.585,27.5703,27.745,26.25,60052
2023-10-10,27.685,28.765,29.5675,27.685,232208
2023-10-11,28.885,28.28,29.56,27.77375,139066
2023-10-12,28.375,26.365,28.375,26.075,323446
2023-10-13,26.41,25.395,26.41,25.065,224840
2023-10-16,25.695,26.28,26.5,25.125,169198
2023-10-17,25.56,27.15,27.53785,25.56,204350
2023-10-18,26.66,24.795,26.66,24.7008,238220
2023-10-19,24.7,23.715,24.94,23.57005,263122
2023-10-20,23.51,22.985,23.85,22.71,294844
2023-10-23,22.325,22.96,23.85,21.73,192182
2023-10-24,23.85,24.395,25.305,23.85,140996
2023-10-25,23.835,21.84,23.835,21.7461,247106
2023-10-26,21.78,21.22,22.375,20.85,321498
2023-10-27,21.895,20.415,21.95375,20.375,265698
2023-10-30,20.92,20.6,21.21,20.0,305386
2023-10-31,20.775,21.58,21.715,20.4,144978
2023-11-01,21.84,21.82,21.965,20.66,289222
2023-11-02,23.985,25.51,25.515,23.985,329968
2023-11-03,26.65,28.32,28.77,26.65,522288
2023-11-06,28.78,27.38,28.895,26.54,161488
2023-11-07,27.75,28.955,29.1,27.145,224844
2023-11-08,29.2,28.205,29.2,27.625,166328
2023-11-09,28.77,26.415,28.93,26.255,198166
2023-11-10,26.185,27.31,27.4131,26.125,155894
2023-11-13,26.93995,27.51,27.51,25.915,178178
2023-11-14,29.87,30.345,30.485,29.3027,519678
2023-11-15,30.835,31.905,32.9195,30.625,573164
2023-11-16,31.56,30.71,31.56,29.775,298970
2023-11-17,31.1,32.855,32.855,30.8837,328014
2023-11-20,33.135,34.585,34.775,32.85,431538
2023-11-21,33.505,33.035,33.77,32.575,231250
2023-11-22,33.83,33.62,34.08,32.60505,279276
2023-11-24,33.59,34.55,34.85,33.54,134162
2023-11-27,34.375,35.315,35.61405,33.55,273744
2023-11-28,35.25,37.27,37.42325,34.81,281962
2023-11-29,38.185,37.6,39.3675,37.325,338390
2023-11-30,38.125,36.34,38.19,35.91,451902
2023-12-01,36.755,40.045,40.045,36.33,582380
2023-12-04,40.05,40.38,40.87495,38.78065,666512
2023-12-05,39.55,39.665,40.7,39.055,356746
2023-12-06,40.755,39.33,41.43,39.24,475808
2023-12-07,39.25,39.59,39.795,38.485,204106
2023-12-08,39.03,41.165,41.945,38.91,499682
2023-12-11,40.345,40.09,40.345,39.205,273844
2023-12-12,40.0,39.745,40.2,38.895,273422
2023-12-13,40.075,42.73,42.73,38.135,1008512
2023-12-14,44.75,45.94,46.645,44.5,534996
2023-12-15,46.095,44.3,46.095,43.6925,291940
2023-12-18,43.26,44.115,45.154,43.26,294252
2023-12-19,44.99,47.76,48.165,44.835,534128
2023-12-20,47.75,43.9,48.4292,43.885,413214
2023-12-21,45.98,46.055,46.375,44.33005,338990
2023-12-22,46.6,47.31,47.88085,46.165,384600
2023-12-26,47.935,48.51,49.075,47.375,390390
2023-12-27,50.0,49.175,50.0,48.70835,183764
2023-12-28,49.22,49.35,49.72,48.69,245628
2023-12-29,48.805,46.09,49.315,45.865,243018
2024-01-02,44.595,42.77,45.07,42.225,356158
2024-01-03,40.14,39.32,40.915,39.125,560308
2024-01-04,39.1,39.95,40.735,38.75,542194
2024-01-05,38.955,39.895,40.535,38.7355,262928
2024-01-08,40.29,42.34,42.34975,39.67,544380
2024-01-09,41.3,40.94,41.855,40.745,120698
2024-01-10,40.99,40.49,41.355,39.34,197652
2024-01-11,40.72,38.895,40.85,37.4,415594
2024-01-12,38.3,37.41,39.7994,37.3,341366
2024-01-16,36.265,36.36,37.0,35.245,279966
2024-01-17,35.035,35.03,35.08,33.95,267730
2024-01-18,35.915,34.67,35.965,33.78005,254070
2024-01-19,35.075,35.53,35.585,33.6925,382826
2024-01-22,36.495,37.12,39.0,36.385,587928
2024-01-23,37.745,37.19,38.185,36.5,279774
2024-01-24,38.505,35.46,38.575,35.455,304556
2024-01-25,35.46,34.795,35.9975,34.39,200358
2024-01-26,35.36,34.865,36.352,34.75,165394
2024-01-29,35.27,38.22,38.3,35.005,289196
2024-01-30,38.04,36.115,38.05,36.115,229758
2024-01-31,35.29,33.965,37.065,33.9255,218906
2024-02-01,34.775,34.875,35.32975,33.375,253344
2024-02-02,34.8,35.835,35.9691,33.75,276492
2024-02-05,35.095,33.595,35.18,32.7,259044
2024-02-06,34.05,35.845,35.8542,34.0326,236138
2024-02-07,36.385,36.51,37.17775,35.25,256840
2024-02-08,36.855,38.41,38.7,36.48,150048
2024-02-09,39.555,40.19,40.66955,39.125,217702
2024-02-12,40.305,42.11,42.67655,40.165,176088
2024-02-13,37.5755,37.415,39.01805,36.71315,188274
2024-02-14,39.46,41.41,41.53,38.70505,229372
2024-02-15,42.38,43.255,43.965,41.99,226018
2024-02-16,42.43,41.09,43.445,41.09,168682
2024-02-20,40.32,38.535,40.3222,37.11005,221772
2024-02-21,37.075,36.27,37.075,35.5818,204218
2024-02-22,37.76,38.005,38.375,36.745,155612
2024-02-23,38.985,37.86,39.2432,37.5,103900
2024-02-26,37.77,40.405,40.485,37.77,109230
2024-02-27,41.53,42.84,42.84,41.3275,212612
2024-02-28,42.65,42.225,43.625,41.82895,118266
2024-02-29,44.11,42.3,44.11,41.47,150902
2024-03-01,42.425,42.14,42.87,40.95,74384
2024-03-04,42.455,41.305,42.455,40.53195,102460
2024-03-05,39.75,38.45,40.65,37.905,177252
2024-03-06,39.975,39.61,40.4,38.74,82596
2024-03-07,40.195,40.455,40.94705,39.42,102722
2024-03-08,40.99,41.265,44.0,40.5259,274010
2024-03-11,41.39,41.15,42.78,40.87055,108570
2024-03-12,41.26,40.5,41.34025,39.475,152104
2024-03-13,40.495,40.8,42.12,40.4,139744
2024-03-14,40.985,38.065,41.0,37.15,186620
2024-03-15,37.135,37.885,38.51,37.125,101740
2024-03-18,38.25,38.105,38.535,37.01,119492
2024-03-19,36.85,37.855,38.0,35.95,125288
2024-03-20,37.94,40.34,40.6,37.355,178222
2024-03-21,41.675,40.735,42.04,40.715,101158
2024-03-22,39.755,38.95,40.405,38.75,87728
2024-03-25,39.08,40.18,40.53,39.08,65064
2024-03-26,40.825,39.81,41.34225,39.81,63872
2024-03-27,41.25,39.955,41.25,39.03,80846
2024-03-28,40.0087,39.9,40.755,39.8255,54014
2024-04-01,39.02,38.745,39.6963,37.95,84914
2024-04-02,35.93,36.31,36.46,35.185,125742
2024-04-03,35.9272,36.41,36.79,35.445,171746
2024-04-04,37.54,35.52,37.85,35.4425,94448
2024-04-05,34.945,35.31,35.88,34.5,89200
2024-04-08,36.165,36.62,36.76,35.955,54520
2024-04-09,36.72,37.45,37.495,36.565,44356
2024-04-10,35.35,35.775,36.1464,35.02,108140
2024-04-11,36.0,36.68,36.7525,35.055,135878
2024-04-12,35.81,34.17,35.83,33.9575,217404
2024-04-15,34.3,31.05,34.33,30.9,216910
2024-04-16,30.145,30.05,30.625,29.31,103508
2024-04-17,30.5,29.155,30.635,28.85,135724
2024-04-18,29.13,28.95,29.9803,28.585,121052
2024-04-19,28.715,27.84,29.41,27.3715,153328
2024-04-22,27.925,28.565,28.85,27.2,204052
2024-04-23,28.65,30.235,30.845,28.65,177634
2024-04-24,31.29,30.185,31.515,29.725,182912
2024-04-25,28.655,29.84,29.8875,28.2514,122942
2024-04-26,29.705,30.425,30.6763,29.23835,149702
2024-04-29,31.6,31.995,32.5,31.4,92568
2024-04-30,31.19,29.495,31.545,29.495,80902
2024-05-01,29.17,29.935,31.75,28.96035,129802
2024-05-02,31.045,31.41,31.565,29.82,161310
2024-05-03,33.36,32.21,33.985,31.8242,139476
2024-05-06,32.95,33.695,33.775,32.95,83292
2024-05-07,33.135,32.33,33.26,32.2483,56258
2024-05-08,30.98,30.77,31.2044,30.595,62630
2024-05-09,30.36,30.295,30.49275,29.63295,118196
2024-05-10,30.765,28.645,30.765,28.555,161092
2024-05-13,29.38,30.315,31.155,29.38,119230
2024-05-14,31.3028,31.505,32.6832,31.3028,110992
2024-05-15,33.0,32.49,33.3,31.4509,93730
2024-05-16,32.215,31.33,32.315,31.25,51940
2024-05-17,31.54,32.03,32.24,31.055,57882
2024-05-20,32.14,32.24,32.28,31.21,44280
2024-05-21,31.905,31.69,32.20495,31.47,62772
2024-05-22,31.55,31.32,32.1625,31.0,112250
2024-05-23,31.455,29.435,31.53,29.0975,134218
2024-05-24,29.925,30.41,30.6,29.4442,98862
2024-05-28,30.31,29.93,30.32,29.24,63632
2024-05-29,28.9775,29.155,29.3,28.5,86400
2024-05-30,28.315,28.29,28.633,27.855,110070
2024-05-31,28.475,27.805,28.975,26.92,133226
2024-06-03,28.645,28.415,29.125,27.62,127872
2024-06-04,28.245,28.74715,29.18,28.07,69896
2024-06-05,29.365,29.97,30.03,28.53,95628
2024-06-06,29.995,30.75,31.15155,29.605,73258
2024-06-07,29.805,29.505,30.635,29.3,57806
2024-06-10,29.085,29.965,30.10225,28.805,26854
2024-06-11,29.4,29.965,29.9982,28.725,29626
2024-06-12,31.54,31.195,32.26,31.0,213058
2024-06-13,31.81,30.19,31.81,30.15,85156
2024-06-14,29.86,29.545,30.0275,29.05,147264
2024-06-17,29.19995,29.875,30.185,28.7722,80422
2024-06-18,29.5,29.195,29.7025,29.095,88104
2024-06-20,28.805,28.8,28.985,28.2298,128754
2024-06-21,28.325,28.68,28.765,28.115,151514
2024-06-24,28.67,28.54,29.46,28.12505,146088
2024-06-25,28.41,28.735,28.905,28.265,50960
2024-06-26,28.52,29.0,29.17,28.47,83448
2024-06-27,28.535,29.5,29.62,28.4467,115744
2024-06-28,30.005,29.42,30.01,28.95,143940
2024-07-01,29.7,30.16,30.475,29.7,87212
2024-07-02,30.12505,30.6375,30.805,30.12505,66634
2024-07-03,31.1,31.625,32.125,30.91355,73128
2024-07-05,31.3,32.19,32.19,30.86,70656
2024-07-08,32.265,32.035,32.56,31.555,97880
2024-07-09,31.95,32.265,32.543,31.49,31970
2024-07-10,32.0,32.035,32.15,31.245,60824
2024-07-11,33.5,31.805,34.3,31.735,220668
2024-07-12,32.1,33.305,33.54,32.06,123130
2024-07-15,34.4,34.6,35.225,33.59,243930
2024-07-16,35.435,37.035,37.1,34.51,239674
2024-07-17,35.675,35.59,37.24,34.8227,172708
2024-07-18,35.63,32.875,36.25,32.485,215270
2024-07-19,33.065,32.895,33.375,32.49,66610
2024-07-22,33.45,34.285,34.36125,32.815,94198
2024-07-23,34.035,34.5,35.16,34.035,67658
2024-07-24,32.77,30.13,33.03515,30.03505,140746
2024-07-25,29.805,30.685,32.3595,29.5022,111604
2024-07-26,31.92,31.47,32.04,30.765,68866
2024-07-29,31.92,31.645,32.66,31.215,58496
2024-07-30,31.885,30.29,32.11495,30.0725,44338
2024-07-31,30.9,31.09,32.338,30.9,73354
2024-08-01,30.75,27.975,31.1725,27.5,226660
2024-08-02,26.195,25.35,26.659,24.84505,379048
2024-08-05,20.23,23.345,24.27995,20.0,577430
2024-08-06,24.145,23.99,24.75,23.06,97840
2024-08-07,25.12,23.185,25.45,23.16,180950
2024-08-08,24.02,25.255,25.33505,23.725,101190
2024-08-09,25.53,25.49,25.825,25.05,33204
2024-08-12,25.37,24.77,25.44,24.53,46424
2024-08-13,25.16,26.845,26.9075,25.14,136838
2024-08-14,27.395,25.97,27.395,25.75,86222
2024-08-15,26.9,28.385,28.5,26.9,297922
2024-08-16,28.255,28.655,28.88,28.175,128882
2024-08-19,28.84,29.935,29.935,28.6675,118202
2024-08-20,29.98,29.23,30.255,28.86,109598
2024-08-21,29.285,30.54,30.63,29.285,51930
2024-08-22,30.56,28.795,30.68265,28.675,121358
2024-08-23,29.565,31.345,31.46495,29.565,85128
2024-08-26,31.12,30.57,31.45,30.28,116648
2024-08-27,30.0,30.265,30.345,29.585,27896
2024-08-28,29.865,28.69,29.865,28.1925,55296
2024-08-29,29.435,29.02,30.44,29.02,99246
2024-08-30,29.56,29.395,29.7077,28.45,133050
2024-09-03,28.885,26.96,29.1745,26.79,100094
2024-09-04,26.46,26.795,27.8,26.255,70420
2024-09-05,26.98,27.69,28.25,26.97,93486
2024-09-06,28.32,25.12,28.33,24.84635,210758
2024-09-09,25.895,26.41,26.895,25.77875,76506
2024-09-10,26.3,27.18,27.18,25.8,46100
2024-09-11,27.145,28.385,28.41,26.445,137954
2024-09-12,28.425,29.265,29.52025,28.19685,116652
2024-09-13,29.375,30.31,30.4,29.375,137068
2024-09-16,30.0,30.225,30.3388,29.4,32696
2024-09-17,30.935,30.59,31.57,30.5,81338
2024-09-18,31.0465,30.79,32.73,30.6,179248
2024-09-19,32.935,32.555,33.395,32.205,202524
2024-09-20,32.12265,32.075,32.17995,30.95,101004
2024-09-23,31.91,31.79,32.22415,31.7,77206
2024-09-24,32.305,32.535,32.6,31.25,158074
2024-09-25,32.51,31.75,32.61,31.6,71844
2024-09-26,32.495,32.14,32.665,31.2,308934
2024-09-27,32.85,32.99,33.215,32.6,122852
2024-09-30,32.65,32.49,33.25,31.91165,110996
2024-10-01,32.1781,30.735,32.1781,30.0,106230
2024-10-02,29.835,30.3,30.605,29.78,70144
2024-10-03,30.04,29.66,30.3,29.4,36124
2024-10-04,30.645,31.1,31.13,30.0,54092
2024-10-07,30.355,30.26,31.115,29.915,36572
2024-10-08,30.26,31.16,31.24,30.26,54808
2024-10-09,31.26,31.285,31.64495,31.01,24948
2024-10-10,30.15,30.58,30.91725,29.6782,37188
2024-10-11,29.615,31.075,31.33,29.615,64332
2024-10-14,31.49,32.13365,32.225,30.8649,79050
2024-10-15,32.16,32.135,32.525,30.93,64396
2024-10-16,32.65,32.36,32.76,31.69,27194
2024-10-17,32.97,31.805,32.97,31.4925,15866
2024-10-18,32.225,33.0,33.0,32.19,27602
2024-10-21,32.465,32.1,32.51,31.54,32594
2024-10-22,31.75,31.65,31.9173,31.3005,21204
2024-10-23,31.53795,29.995,31.53795,29.375,71724
2024-10-24,31.53,31.98,32.0,31.06,27054
2024-10-25,32.07,32.28,33.035,32.055,30082
2024-10-28,33.085,33.245,33.95,32.97,45850
2024-10-29,33.21,33.34,33.36,32.77,45368
2024-10-30,32.88,33.115,34.005,32.88,32256
2024-10-31,32.055,29.885,32.245,29.65,120182
2024-11-01,30.13,30.8475,30.925,30.13,52140
2024-11-04,30.355,30.95,31.44,30.0,27294
2024-11-05,31.225,32.915,33.02,31.105,49976
2024-11-06,36.41,38.14,38.34,35.595,112872
2024-11-07,38.54755,39.22,39.4,38.54755,45740
2024-11-08,38.435,40.935,41.13,38.435,146990
2024-11-11,43.87,46.8,47.48,43.785,265830
2024-11-12,45.66,45.125,47.3,44.54,100790
2024-11-13,46.165,43.405,47.4,43.285,106426
2024-11-14,43.5,40.385,43.65,40.335,78096
2024-11-15,40.515,39.83,40.515,38.995,123658
2024-11-18,41.495,42.23,42.5275,40.2225,67728
2024-11-19,41.68495,43.495,43.495,41.5,35202
2024-11-20,43.12,42.575,43.51,41.45,47224
2024-11-21,43.1,41.695,43.2009,40.65,33274
2024-11-22,41.51,43.835,44.3039,41.51,43396
2024-11-25,45.965,45.11,46.75,44.9205,107988
2024-11-26,44.22,43.76,44.975,43.6,31110
2024-11-27,45.0,45.24,47.3355,44.02,72515
2024-11-29,45.76,46.55,47.2,45.76,40123
2024-12-02,47.85,48.94,49.2399,47.481,72082
2024-12-03,47.58,48.3,48.6,47.271,90890
2024-12-04,49.33,51.17,51.2499,48.745,75661
2024-12-05,51.83,50.35,52.23,50.35,84747
2024-12-06,51.99,54.61,54.7,51.7,109018
2024-12-09,55.61,51.77,55.61,50.9159,109809
2024-12-10,52.03,50.57,53.56,50.25,48730
2024-12-11,52.12,52.5,52.805,51.0966,69763
2024-12-12,52.08,51.01,52.926,50.75,38545
2024-12-13,51.75,51.76,51.76,49.93,31164
2024-12-16,52.54,54.54,54.8299,52.05,67437
2024-12-17,54.4,54.47,55.06,52.6919,50847
2024-12-18,53.9,46.91,54.44,45.79,94391
2024-12-19,48.83,46.16,49.1902,45.3617,80564
2024-12-20,44.41,48.11,49.16,44.19,82763
2024-12-23,48.18,47.64,48.18,46.0807,76929
2024-12-24,48.39,50.5,50.55,48.39,54012
2024-12-26,50.08,50.46,50.7174,49.32,25887
2024-12-27,49.82,47.57,49.82,46.21,42562
2024-12-30,45.69,44.95,45.8921,43.64,58306
2024-12-31,45.5,43.62,45.62,43.2446,82808
2025-01-02,44.22,43.8,44.8,42.6,39232
2025-01-03,44.55,48.12,48.18,44.55,46951
2025-01-06,49.89,50.3,51.3,49.49,38352
2025-01-07,51.07,46.56,51.6073,45.94,41988
2025-01-08,46.09,46.7,47.21,44.85,15525
2025-01-10,44.5,44.39,45.05,42.5215,51271
2025-01-13,42.01,43.12,43.12,41.1,57507
2025-01-14,44.93,42.69,45.3722,42.2435,61358
2025-01-15,45.61,46.16,47.26,45.26,53442
2025-01-16,46.58,46.23,46.85,45.235,23722
2025-01-17,48.1,47.44,48.585,47.44,33488
2025-01-21,49.4579,50.53,50.8,47.68,283497
2025-01-22,50.64,51.41,51.9177,50.6301,61722
2025-01-23,50.47,52.42,52.52,49.7532,45202
2025-01-24,52.99,51.86,53.9384,51.84,23965
2025-01-27,47.66,48.99,50.61,47.08,129871
2025-01-28,49.59,51.2,51.57,47.921,22819
2025-01-29,50.81,51.11,51.65,50.0055,92446
2025-01-30,52.4499,53.49,54.4999,52.3,54632
2025-01-31,54.55,52.57,55.65,51.88,109813
2025-02-03,48.16,50.77,51.33,48.0,71878
2025-02-04,51.92,52.88,53.357135,51.853566,32411
2025-02-05,52.76,54.075,54.395,52.76,40417
2025-02-06,53.0,52.21,53.09,51.14,80344
2025-02-07,52.46,52.26,54.32,51.58,154455
2025-02-10,52.87,52.2,53.5099,52.02,86045
2025-02-11,51.11,49.96,52.09,49.22,54041
2025-02-12,48.47,52.03,52.39,48.47,65951
2025-02-13,52.41,55.43,56.62,52.41,93473
2025-02-14,57.79,59.13,59.6199,57.4102,125207
2025-02-18,60.61,58.29,61.52,56.942,93081
2025-02-19,58.41,56.93,58.929,56.4,47467
2025-02-20,56.34,53.85,56.34,51.72,97927
2025-02-21,54.74,47.6,54.74,47.37,124228
2025-02-24,47.38,45.74,48.04,43.76,114654
2025-02-25,44.1,40.96,44.4,39.63,304559
2025-02-26,41.85,41.69,43.3879,41.0,160860
2025-02-27,43.07,38.965,43.34,38.9,159861
2025-02-28,37.4,40.32,40.75,36.8,157239
2025-03-03,42.19,36.7,42.5,36.0939,117724
2025-03-04,34.42,36.91,38.58,32.67,456596
2025-03-05,37.31,38.8,39.0,36.0,177491
2025-03-06,36.61,35.25,38.11,34.8,121667
2025-03-07,34.735,35.61,36.0828,31.98,211880
2025-03-10,33.47,29.33,33.47,28.5001,416800
2025-03-11,29.45,29.82,31.06,28.4552,117391
2025-03-12,32.0,31.51,32.33,30.13,123646
2025-03-13,30.78,28.47,30.98,28.16,96192
2025-03-14,30.17,30.82,31.05,29.955,89651
2025-03-17,30.83,31.77,32.46,30.2723,99672
2025-03-18,30.61,29.52,30.61,28.875,119103
2025-03-19,30.28,31.8,32.97,30.04,143855
2025-03-20,31.01,31.67,32.7978,31.01,56513
2025-03-21,30.76,33.65,33.7057,30.72,49924
2025-03-24,35.53,37.11,37.163,35.11,138856
2025-03-25,37.17,36.9,37.35,36.05,67790
2025-03-26,36.4506,33.6,36.85,33.08,88676
2025-03-27,32.96,32.4,34.46,32.35,60162
2025-03-28,32.2,29.89,32.2,29.48,111033
2025-03-31,27.51,28.48,28.58,26.0,509298
2025-04-01,28.74,28.59,29.63,27.46,72244
2025-04-02,27.38,30.17,31.0,27.38,130897
2025-04-03,25.92,25.45,26.82,24.91,241787
2025-04-04,23.2,21.68,23.77,20.135,670892
2025-04-07,19.16,22.18,24.625,18.254,344892
2025-04-08,24.52,20.37,24.5303,19.5687,256610
2025-04-09,20.09,27.03,27.5,20.09,333778
2025-04-10,24.96,23.93,25.23,21.79,147503
2025-04-11,23.77,25.44,25.4699,23.0774,70759
