2021-06-30,2.75,3.1,16.2,2.75,20510
2021-07-01,3.34,3.2001,3.52,3.0,94523
2021-07-02,3.21,2.935,3.23,2.75,35847
2021-07-06,2.985,2.8,3.0,2.65,87877
2021-07-07,2.84,2.8,2.84,2.73,47234
2021-07-08,2.65,2.75,2.82,2.65,56889
2021-07-09,2.76,2.85,2.85,2.75,75036
2021-07-12,2.99,2.885,2.99,2.8201,55243
2021-07-13,2.8663,2.91,2.95,2.85,65462
2021-07-14,2.8,2.71,2.8,2.67,136540
2021-07-15,2.79,2.57,2.79,2.5698,24676
2021-07-16,2.58,2.52,2.68,2.47,6718
2021-07-19,2.12,2.4,2.52,2.12,3374
2021-07-20,2.47,2.4,2.471,2.3599,18775
2021-07-21,2.4,2.5,2.5,2.3999,7687
2021-07-22,2.09,2.3,2.35,2.09,131546
2021-07-23,2.51,2.7499,2.7852,2.5,79084
2021-07-26,2.58,2.65,2.8199,2.58,51606
2021-07-27,2.59,2.79,2.8,2.59,15010
2021-07-28,2.57,2.69,2.75,2.55,5111
2021-07-29,2.5,2.7,2.7,2.5,2831
2021-07-30,2.67,2.525,2.7,2.3323,10003
2021-08-02,2.59,2.66,2.71,2.5451,96768
2021-08-03,NaN,2.66,NaN,NaN,31
2021-08-04,2.6201,2.62,2.6201,2.62,776
2021-08-05,2.69,2.6801,2.693,2.6801,2562
2021-08-06,2.6001,2.645,2.7,2.6001,2208
2021-08-09,2.66,2.705,2.75,2.59,10567
2021-08-10,2.75,2.79,2.85,2.51,24278
2021-08-11,2.825,2.55,2.825,2.51,13445
2021-08-12,2.98,2.31,2.98,2.21,19584
2021-08-13,2.48,2.16,2.52,2.16,17455
2021-08-16,2.2,2.2,2.29,2.17,28510
2021-08-17,2.22,2.08,2.29,1.93,25320
2021-08-18,2.1,2.06,2.1,2.0,9332
2021-08-19,2.48,2.06,2.49,2.06,24590
2021-08-20,1.97,2.06,2.06,1.97,784
2021-08-23,1.88,1.88,1.99,1.88,20410
2021-08-24,1.9,1.95,1.95,1.8401,46080
2021-08-25,1.95,2.05,2.075,1.95,50326
2021-08-26,2.125,2.03,2.1399,2.0,7556
2021-08-27,2.0601,2.0646,2.0646,2.06,863
2021-08-30,2.21,2.3001,2.35,2.21,15358
2021-08-31,2.33,2.3,2.33,2.3,4193
2021-09-01,2.25,2.31,2.32,2.25,18193
2021-09-02,2.3,2.15,2.34,2.14,59880
2021-09-03,2.15,2.05,2.15,1.895,157019
2021-09-07,1.8,2.07,2.11,1.8,5229
2021-09-08,1.96,2.0,2.065,1.96,10454
2021-09-09,2.0,2.1,2.1,2.0,2398
2021-09-10,2.0,2.0014,2.0014,2.0,11989
2021-09-13,2.025,1.9324,2.025,1.91,10165
2021-09-14,2.18,2.02,2.18,2.02,8361
2021-09-15,2.0,2.0001,2.0001,2.0,302
2021-09-16,1.91,1.95,1.95,1.9,18795
2021-09-17,1.91,1.97,2.12,1.91,17477
2021-09-20,1.91,1.8,1.925,1.78,67692
2021-09-21,1.83,1.79,1.87,1.79,14013
2021-09-22,1.85,1.9,1.91,1.79,22040
2021-09-23,NaN,1.9,NaN,NaN,14
2021-09-24,1.9,1.9201,1.935,1.9,4795
2021-09-27,1.9952,1.96,2.055,1.96,4827
2021-09-28,1.98,1.96,1.98,1.95,107640
2021-09-29,1.92,1.79,1.93,1.79,7117
2021-09-30,1.9,1.85,1.9,1.85,5149
2021-10-01,1.81,1.75,1.8101,1.75,4829
2021-10-04,1.75,1.74,1.76,1.74,9954
2021-10-05,2.15,1.79,2.15,1.7201,220751
2021-10-06,1.85,1.8,1.85,1.8,9990
2021-10-07,1.83,1.85,1.95,1.82,16876
2021-10-08,1.85,1.8,1.905,1.8,11089
2021-10-11,1.8583,1.77,1.8583,1.77,3722
2021-10-12,1.83,1.79,1.85,1.7801,14711
2021-10-13,1.85,1.75,1.86,1.75,17631
2021-10-14,1.88,1.87,1.88,1.8,380555
2021-10-15,1.86,1.85,1.86,1.85,5119
2021-10-18,1.83,1.85,1.86,1.83,1559
2021-10-19,1.85,1.95,1.97,1.85,7101
2021-10-20,2.0,1.95,2.0031,1.95,1820
2021-10-21,2.02,2.02,2.1,1.87,34379
2021-10-22,1.9937,1.9937,1.9937,1.9937,392
2021-10-25,1.9,2.0,2.0,1.9,10387
2021-10-26,2.05,1.91,2.05,1.91,4949
2021-10-27,1.95,1.95,1.95,1.95,2040
2021-10-28,2.0,2.03,2.03,2.0,1088
2021-10-29,NaN,2.03,NaN,NaN,4
2021-11-01,2.08,2.08,2.08,2.08,628
2021-11-02,2.08,2.05,2.08,2.02,3530
2021-11-03,2.05,2.16,2.16,2.05,2282
2021-11-04,2.07,2.09,2.136,2.05,6093
2021-11-05,2.7041,2.06,2.7041,2.05,7098
2021-11-08,2.01,2.11,2.11,1.95,24808
2021-11-09,1.95,2.33,2.34,1.95,7108
2021-11-10,2.2668,2.25,2.2668,2.2,3506
2021-11-11,2.25,2.25,2.25,2.2001,4134
2021-11-12,2.43,2.4,2.4499,2.25,12304
2021-11-15,2.59,2.5,2.59,2.4731,6977
2021-11-16,2.47,2.4248,2.52,2.4248,10793
2021-11-17,2.44,2.4,2.48,2.4,2430
2021-11-18,2.4,2.36,2.4,2.36,7749
2021-11-19,2.12,2.19,2.23,2.11,34703
2021-11-22,2.2,2.04,2.2,1.995,33731
2021-11-23,2.05,1.81,2.05,1.795,23902
2021-11-24,1.8646,1.96,2.11,1.86,3324
2021-11-26,1.95,2.0001,2.05,1.95,6548
2021-11-29,1.86,1.85,1.86,1.85,304
2021-11-30,1.87,1.821,1.87,1.7,29528
2021-12-01,1.12,1.61,1.63,0.8713,3225
2021-12-02,1.61,1.62,1.65,1.5,22487
2021-12-03,1.5,1.44,1.51,1.4,37882
2021-12-06,1.48,1.44,1.53,1.3501,35121
2021-12-07,1.47,1.65,1.66,1.46,20431
2021-12-08,1.54,1.65,1.6699,1.52,19080
2021-12-09,1.65,1.75,1.79,1.64,24455
2021-12-10,1.79,1.72,1.79,1.66,6109
2021-12-13,1.81,1.66,1.81,1.65,8554
2021-12-14,1.69,1.51,1.69,1.5,12919
2021-12-15,1.63,1.51,1.63,1.41,17704
2021-12-16,1.7,1.51,1.74,1.51,5594
2021-12-17,1.67,1.65,1.74,1.65,9621
2021-12-20,1.58,1.49,1.63,1.32,30361
2021-12-21,1.66,1.52,1.67,1.48,29295
2021-12-22,1.59,1.59,1.7,1.58,12152
2021-12-23,1.66,1.57,1.7,1.54,8226
2021-12-27,1.6,1.55,1.7,1.46,8168
2021-12-28,1.61,1.57,1.62,1.53,16663
2021-12-29,1.61,1.42,1.62,1.38,17950
2021-12-30,1.43,1.5194,1.52,1.43,38943
2021-12-31,1.52,1.57,1.68,1.45,12455
2022-01-03,NaN,1.57,NaN,NaN,61
2022-01-04,1.54,1.49,1.54,1.41,6000
2022-01-05,1.4844,1.41,1.52,1.4,7702
2022-01-06,1.3,1.34,1.34,1.25,11438
2022-01-07,1.31,1.31,1.3105,1.29,3042
2022-01-10,1.24,1.2,1.26,1.13,17377
2022-01-11,1.24,1.427,1.427,1.24,8511
2022-01-12,1.32,1.3,1.32,1.25,10877
2022-01-13,1.49,1.345,1.51,1.345,8747
2022-01-14,1.26,1.255,1.26,1.25,4144
2022-01-18,1.24,1.28,1.29,1.2268,6320
2022-01-19,1.243,1.28,1.32,1.243,16691
2022-01-20,1.35,1.35,1.42,1.33,8010
2022-01-21,1.17,1.13,1.17,1.12,5462
2022-01-24,1.1,1.14,1.19,1.0,10076
2022-01-25,1.13,1.09,1.13,1.09,4400
2022-01-26,1.1,1.1,1.11,1.07,5062
2022-01-28,0.97,1.0,1.07,0.9261,6268
2022-01-31,1.08,1.09,1.11,1.03,13000
2022-02-01,1.25,1.21,1.3,1.21,15600
2022-02-02,1.22,1.22,1.22,1.22,300
2022-02-04,1.297,1.26,1.297,1.26,2516
2022-02-07,1.34,1.27,1.34,1.23,9938
2022-02-08,1.26,1.36,1.36,1.22,16203
2022-02-09,1.39,1.37,1.39,1.37,1070
2022-02-11,1.45,1.44,1.4537,1.44,2001
2022-02-14,1.39,1.39,1.39,1.39,190
2022-02-16,1.38,1.4,1.4,1.36,1764
2022-02-17,1.37,1.4,1.4,1.37,3054
2022-02-18,1.4,1.395,1.4,1.395,6354
2022-02-22,1.35,1.41,1.49,1.35,1300
2022-02-23,1.6,1.45,1.6,1.43,31339
2022-02-24,1.06,1.39,1.4,1.06,18260
2022-02-25,1.48,1.43,1.5,1.43,1500
2022-03-01,1.385,1.33,1.385,1.33,2501
2022-03-02,1.3,1.23,1.315,1.23,19483
2022-03-03,1.29,1.29,1.29,1.29,5809
2022-03-04,1.1,1.02,1.11,0.96,24217
2022-03-07,1.02,1.05,1.06,1.0,3917
2022-03-08,0.92,0.92,0.92,0.92,1304
2022-03-09,0.9401,0.9405,0.9406,0.9401,1235
2022-03-10,0.94,1.0,1.0001,0.93,3660
2022-03-11,0.92,0.9399,0.9399,0.92,1600
2022-03-14,0.95,0.75,0.95,0.7401,23497
2022-03-15,0.75,0.75,0.7501,0.7351,9426
2022-03-16,0.82505,0.84,0.84,0.78,33391
2022-03-17,0.85,0.86,0.8625,0.84,37101
2022-03-18,0.9348,1.01,1.05,0.9348,18260
2022-03-22,1.12,1.11,1.12,1.0,3000
2022-03-23,0.9995,1.08,1.08,0.9995,22896
2022-03-24,1.0677,1.0399,1.0677,1.0399,1311
2022-03-25,0.9401,0.9401,0.9401,0.9401,300
2022-03-28,0.9801,1.05,1.05,0.98,1000
2022-03-29,0.9799,0.9799,0.9799,0.9799,250
2022-03-30,0.9899,1.04,1.04,0.9899,3900
2022-03-31,1.0,1.0,1.01,0.9801,33147
2022-04-01,0.9708,0.9702,0.9709,0.9702,1000
2022-04-04,0.91,1.03,1.03,0.91,8185
2022-04-05,1.0,1.02,1.02,0.99505,2968
2022-04-06,1.0,1.0551,1.1,0.9507,10344
2022-04-07,0.99,1.07,1.07,0.95,13435
2022-04-08,0.98,1.05,1.05,0.9501,6298
2022-04-11,0.9501,0.9806,0.9901,0.9,6202
2022-04-12,0.89595,0.88,0.9702,0.88,5534
2022-04-13,0.88,0.8501,0.88,0.775,1900
2022-04-14,0.75,0.7948,0.82,0.75,2750
2022-04-18,0.75,0.7106,0.7902,0.7106,2800
2022-04-19,0.72,0.7411,0.7604,0.7,1923
2022-04-20,0.7301,0.7232,0.7402,0.7232,1700
2022-04-21,0.74,0.8,0.8,0.74,3200
2022-04-22,0.75,0.76,0.7899,0.75,12589
2022-04-25,0.7068,0.7799,0.8,0.7068,2500
2022-04-26,0.75,0.75,0.75,0.75,1502
2022-04-27,0.73,0.7899,0.7899,0.7,4925
2022-04-28,0.78,0.8499,0.8499,0.75,2586
2022-04-29,0.78,0.78,0.78,0.78,2050
2022-05-02,0.74,0.7401,0.7501,0.74,4511
2022-05-03,0.75,0.75,0.7501,0.75,2903
2022-05-04,0.75,0.75,0.75,0.75,1012
2022-05-05,0.7201,0.7899,0.8,0.72,5570
2022-05-06,0.8,0.75,0.8,0.75,2372
2022-05-09,0.7492,0.6435,0.7493,0.6435,15481
2022-05-10,0.7,0.6101,0.7,0.6101,7045
2022-05-11,0.62,0.62,0.63,0.62,1370
2022-05-12,0.61495,0.59,0.65,0.57005,56824
2022-05-13,0.5501,0.6,0.6002,0.47,74544
2022-05-16,0.4016,0.4502,0.48,0.401,9537
2022-05-17,0.4186,0.410186,0.4186,0.4101,7800
2022-05-23,0.443,0.5,0.5199,0.443,3719
2022-05-24,0.4401,0.44,0.4401,0.44,500
2022-05-26,0.46,0.4601,0.4601,0.46,1757
2022-05-27,0.4886,0.4886,0.4886,0.4886,1303
2022-05-31,0.4886,0.46,0.4971,0.46,6599
2022-06-01,0.4501,0.4401,0.4501,0.4401,400
2022-06-02,0.4402,0.4402,0.4402,0.4402,201
2022-06-03,0.4405,0.45,0.4614,0.3401,15297
2022-06-07,0.45,0.45,0.4501,0.45,2900
2022-06-08,0.3601,0.4005,0.4356,0.3501,1200
2022-06-09,0.4542,0.4504,0.4542,0.4504,508
2022-06-10,0.4161,0.4002,0.4179,0.4001,2900
2022-06-13,0.4,0.36,0.4,0.36,7546
2022-06-15,0.1401,0.1401,0.1401,0.1401,121
2022-06-16,0.21,0.21,0.21,0.21,150
2022-06-17,0.326,0.336,0.336,0.326,303
2022-06-21,0.3225,0.321,0.3225,0.298349,1200
2022-06-24,0.4799,0.4799,0.4799,0.4799,205
2022-06-27,0.1901,0.3999,0.3999,0.1901,654
2022-06-28,0.3999,0.41,0.4299,0.3999,6048
2022-06-29,0.4899,0.42,0.4899,0.42,2803
2022-06-30,0.4205,0.3501,0.449708,0.3501,2600
2022-07-05,0.4695,0.4695,0.4695,0.4695,263
2022-07-06,0.44,0.47,0.47,0.44,4192
2022-07-11,0.3202,0.3202,0.3202,0.3202,2746
2022-07-13,0.3101,0.4702,0.4702,0.3,5434
2022-07-15,0.325149,0.4,0.4,0.325149,1400
2022-07-18,0.34,0.34,0.34,0.34,300
2022-07-19,0.42,0.39,0.42,0.39,960
2022-07-20,0.4101,0.4101,0.4101,0.4101,106
2022-07-21,0.433,0.437251,0.437251,0.4,9305
2022-07-27,0.41,0.3801,0.41,0.38,15367
2022-07-28,0.38,0.381,0.381,0.38,7497
2022-07-29,0.38,0.3819,0.3819,0.370299,4737
2022-08-01,0.36,0.3702,0.3715,0.36,7366
2022-08-02,0.4895,0.493549,0.493549,0.47033,1682
2022-08-03,0.43,0.43,0.43,0.41,1133
2022-08-04,0.3601,0.3675,0.3675,0.3601,3403
2022-08-08,0.397051,0.397051,0.397051,0.397051,202
2022-08-10,0.4001,0.5,0.5349,0.4001,9942
2022-08-11,0.651451,0.651451,0.651451,0.651451,200
2022-08-15,0.52,0.52,0.52,0.52,1672
2022-08-16,0.500101,0.5,0.500101,0.5,400
2022-08-22,0.51,0.5,0.51,0.5,10000
2022-08-23,0.4846,0.5,0.5,0.48,1251
2022-08-24,0.48,0.4651,0.48,0.4576,15399
2022-08-25,0.5611,0.480017,0.5611,0.48,12895
2022-08-26,0.4601,0.4601,0.4601,0.46,10000
2022-08-30,0.50265,0.46,0.50265,0.46,8400
2022-08-31,0.45,0.45,0.45,0.45,100
2022-09-02,0.4999,0.4999,0.4999,0.4999,100
2022-09-15,0.401,0.4,0.420751,0.4,71058
2022-09-19,0.4448,0.400001,0.4448,0.400001,300
2022-09-20,0.424951,0.424951,0.424951,0.424951,144
2022-09-21,0.43,0.4,0.43,0.393,7800
2022-09-28,0.41,0.4101,0.4101,0.41,400
2022-10-06,0.3351,0.3351,0.3351,0.3351,100
2022-10-07,0.3351,0.3351,0.3351,0.3351,200
2022-10-11,0.3352,0.3352,0.3352,0.3352,180
2022-10-18,0.335,0.35,0.3501,0.335,5601
2022-10-20,0.3351,0.3411,0.3411,0.3351,310
2022-10-21,0.335101,0.35,0.35,0.3351,6300
2022-10-25,0.3842,0.3842,0.3842,0.3841,500
2022-10-27,0.38,0.380075,0.380075,0.38,486
2022-10-28,0.335,0.34,0.34,0.335,4504
2022-11-01,0.3351,0.3351,0.3351,0.3351,314
2022-11-02,0.3351,0.3351,0.3351,0.3351,500
2022-11-04,0.335,0.35,0.35,0.335,6998
2022-11-07,0.3757,0.3757,0.3757,0.3757,100
2022-11-11,0.3103,0.3756,0.3756,0.3091,1850
2022-11-15,0.3003,0.3303,0.3303,0.3003,2430
2022-11-17,0.3003,0.35,0.3501,0.3003,11416
2022-11-18,0.3003,0.3499,0.35,0.3003,6758
2022-11-21,0.35,0.35,0.35,0.35,480
2022-11-22,0.332449,0.3002,0.332449,0.3002,1500
2022-11-23,0.3324,0.3324,0.3324,0.3324,200
2022-11-25,0.32,0.35,0.35,0.32,2809
2022-11-28,0.4,0.3727,0.575599,0.3726,74141
2022-11-29,0.37,0.3501,0.3928,0.35,80054
2022-11-30,0.35,0.38,0.38,0.32,74426
2022-12-01,0.42,0.548199,0.57,0.42,59105
2022-12-02,0.49,0.470201,0.57,0.4531,38009
2022-12-05,0.49,0.410101,0.6,0.410101,49662
2022-12-06,0.4203,0.4,0.4204,0.4,3041
2022-12-08,0.4,0.4,0.4,0.4,260
2022-12-09,0.4,0.437,0.4706,0.3202,16500
2022-12-12,0.45,0.44,0.4798,0.4036,31944
2022-12-13,0.46,0.4604,0.4899,0.4101,12696
2022-12-15,0.4,0.4,0.4,0.4,1023
2022-12-16,0.4573,0.4678,0.4678,0.4556,902
2022-12-19,0.46,0.450951,0.46,0.41,14088
2022-12-20,0.36,0.34,0.3819,0.34,29001
2022-12-21,0.38,0.362,0.38,0.362,5001
2022-12-23,0.3725,0.3575,0.4805,0.3575,3495
2022-12-27,0.359899,0.2865,0.359899,0.2865,10701
2022-12-28,0.3025,0.31,0.31975,0.3025,1300
2022-12-29,0.35,0.4,0.4679,0.34,38802
2022-12-30,0.49,0.4904,0.494067,0.49,4032
2023-01-03,0.5528,0.47,0.569005,0.47,16845
2023-01-04,0.52,0.47,0.52,0.47,28632
2023-01-06,0.5,0.46,0.5,0.46,25907
2023-01-09,0.51,0.5,0.51,0.4999,14611
2023-01-10,0.54,0.54,0.55,0.54,9700
2023-01-11,0.54,0.54,0.54,0.5399,16847
2023-01-13,0.52,0.5,0.52,0.4999,23811
2023-01-17,0.54,0.54,0.54,0.54,3010
2023-01-18,0.5555,0.534663,0.58,0.5025,25200
2023-01-19,0.54,0.55,0.55,0.54,2333
2023-01-20,0.58,0.675699,0.675699,0.58,12314
2023-01-23,0.5565,0.66,0.6843,0.5565,2430
2023-01-24,0.62,0.62,0.62,0.62,211
2023-01-26,0.62,0.62,0.62,0.62,500
2023-01-27,0.65,0.67,0.67,0.65,1200
2023-01-30,0.6401,0.6401,0.6401,0.6401,1000
2023-02-01,0.7529,0.7,0.77,0.7,25905
2023-02-02,0.72,0.81,0.81,0.72,8283
2023-02-03,0.77,0.81,0.81,0.77,1321
2023-02-06,0.75,0.7144,0.82,0.7,8506
2023-02-07,0.779,0.7,0.779,0.7,2100
2023-02-08,0.6581,0.6581,0.6581,0.6581,500
2023-02-09,0.71,0.7101,0.7101,0.71,464
2023-02-10,0.6306,0.69,0.69,0.6306,6224
2023-02-13,0.6205,0.6932,0.6932,0.6205,493
2023-02-14,0.71,0.6932,0.749799,0.6326,9641
2023-02-15,0.7499,0.84,0.84,0.73,7312
2023-02-16,0.7901,0.897399,0.8975,0.7901,9001
2023-02-17,0.89,0.89,0.898913,0.89,3066
2023-02-21,0.88,1.0,1.0,0.7,35416
2023-02-22,0.897399,0.8975,0.8975,0.897399,1650
2023-02-23,0.72,0.7799,0.8,0.72,3360
2023-02-24,0.74,0.75,0.75,0.74,5000
2023-02-27,0.7,1.0,1.0,0.7,1500
2023-02-28,0.85,0.721,0.85,0.721,602
2023-03-01,0.8,0.68,0.8,0.68,8613
2023-03-02,0.7,0.655,0.7,0.655,8869
2023-03-03,0.6,0.6,0.6,0.6,200
2023-03-06,0.59,0.5475,0.6025,0.5475,9081
2023-03-07,0.54,0.52,0.561,0.52,4621
2023-03-08,0.418,0.4525,0.5176,0.418,7931
2023-03-09,0.52245,0.4939,0.52245,0.4452,3305
2023-03-13,0.49495,0.4701,0.49495,0.4701,11453
2023-03-14,0.5374,0.47,0.5499,0.47,25934
2023-03-16,0.51,0.4102,0.51,0.4102,1310
2023-03-17,0.4102,0.4244,0.4715,0.41,2770
2023-03-21,0.4244,0.4244,0.4244,0.4244,350
2023-03-24,0.41,0.4103,0.4103,0.41,552
2023-03-27,0.41,0.41,0.41,0.41,4783
2023-03-28,0.38,0.41,0.41,0.34,9000
2023-03-31,0.4141,0.41,0.4141,0.41,3300
2023-04-04,0.4385,0.3902,0.4385,0.34,10930
2023-04-06,0.3862,0.35,0.3902,0.35,27597
2023-04-10,0.371,0.3235,0.371,0.323,4498
2023-04-11,0.3235,0.31,0.3235,0.3065,23302
2023-04-12,0.331,0.331,0.331,0.331,1003
2023-04-13,0.3539,0.33,0.354,0.33,16517
2023-04-14,0.3465,0.3614,0.3614,0.33703,7591
2023-04-17,0.3719,0.3212,0.372,0.3212,8403
2023-04-18,0.3502,0.32,0.3936,0.32,10242
2023-04-20,0.3131,0.3131,0.3131,0.3131,940
2023-04-21,0.3339,0.31,0.3339,0.31,6100
2023-04-25,0.32795,0.32795,0.32795,0.32795,500
2023-04-27,0.3002,0.3004,0.3004,0.3002,600
2023-05-02,0.3436,0.3436,0.3436,0.3436,1000
2023-05-03,0.3199,0.3748,0.3925,0.3168,6815
2023-05-04,0.5,0.3748,0.5,0.5,252
2023-05-05,0.35,0.35,0.35,0.35,10525
2023-05-08,0.444637,0.444637,0.444637,0.444637,234
2023-05-09,0.3312,0.3313,0.3434,0.3312,4350
2023-05-10,0.4,0.4376,0.5,0.3725,74343
2023-05-11,0.4029,0.55,0.555,0.4029,1450
2023-05-12,0.5975,0.55,0.6275,0.523749,25935
2023-05-16,0.525001,0.5445,0.5445,0.5,8900
2023-05-17,0.4777,0.5416,0.5416,0.4777,1400
2023-05-19,0.5075,0.6725,0.6725,0.5075,1026
2023-05-22,0.6,0.5,0.6,0.4752,26322
2023-05-23,0.669,0.4476,0.669,0.4476,808
2023-05-24,0.4344,0.42,0.4344,0.42,5724
2023-05-25,0.4225,0.4257,0.4299,0.41,2229
2023-05-31,0.37,0.4597,0.4597,0.3575,6016
2023-06-05,0.5263,0.5078,0.5263,0.5,3200
2023-06-06,0.536,0.46,0.536,0.46,2077
2023-06-07,0.46,0.45,0.46,0.45,1200
2023-06-13,0.46,0.445,0.4836,0.445,1660
2023-06-14,0.47,0.46,0.47,0.46,1300
2023-06-15,0.45,0.43,0.45,0.43,8544
2023-06-16,0.43,0.39,0.43,0.39,20733
2023-06-20,0.43,0.4239,0.43,0.4239,1201
2023-06-21,0.4141,0.39,0.4141,0.39,6799
2023-06-22,0.45,0.45,0.499799,0.44,20109
2023-06-23,0.5101,0.5152,0.5152,0.5101,1000
2023-06-26,0.5081,0.48,0.5081,0.48,1903
2023-06-27,0.47,0.4312,0.48,0.4312,3100
2023-06-28,0.4888,0.49455,0.5029,0.48,29351
2023-06-29,0.5,0.5,0.5,0.5,1000
2023-06-30,0.4,0.4,0.4,0.4,174084
2023-07-03,0.4,0.4,0.4,0.3967,241397
2023-07-05,0.4,0.4,0.4,0.3984,248747
2023-07-06,0.4,0.3668,0.4,0.3667,14198
2023-07-07,0.3964,0.3716,0.4,0.3716,43490
2023-07-10,0.396,0.3575,0.4,0.3575,127710
2023-07-11,0.38,0.320101,0.3916,0.2999,466847
2023-07-12,0.3496,0.4133,0.4133,0.3496,6093
2023-07-13,0.4455,0.4437,0.45,0.4266,1325
2023-07-14,0.4455,0.425,0.45,0.425,1142
2023-07-17,0.4454,0.4365,0.45,0.4296,11625
2023-07-18,0.45,0.4299,0.45,0.41,3608
2023-07-19,0.445,0.425,0.445,0.425,1371
2023-07-20,0.4406,0.445,0.445,0.4406,1020
2023-07-21,0.4475,0.395,0.4475,0.395,1561
2023-07-24,0.4475,0.421,0.4475,0.421,1821
2023-07-25,0.449,0.421,0.45,0.4175,1911
2023-07-26,0.43,0.43,0.43,0.43,1096
2023-07-27,0.43,0.4399,0.4399,0.43,14120
2023-07-28,0.4455,0.45,0.45,0.44,78250
2023-07-31,0.45,0.5,0.5285,0.45,18800
2023-08-01,0.5667,0.5,0.57,0.47,4902
2023-08-02,0.5575,0.4359,0.5575,0.4359,1109
2023-08-03,0.5224,0.55,0.55,0.5224,1218
2023-08-04,0.54,0.5101,0.54,0.51,3018
2023-08-07,0.5475,0.5475,0.5475,0.5475,1028
2023-08-08,0.53,0.53,0.53,0.53,1216
2023-08-09,0.55,0.516,0.55,0.51,9452
2023-08-10,0.4985,0.4985,0.5034,0.4985,2121
2023-08-11,0.4316,0.4266,0.438301,0.4266,507
2023-08-14,0.4,0.436701,0.436701,0.4,1095
2023-08-16,0.4,0.4233,0.44,0.4,2694
2023-08-17,0.4133,0.4133,0.4342,0.3975,58569
2023-08-18,0.4033,0.4166,0.4286,0.4033,47540
2023-08-22,0.4333,0.5,0.51,0.433,7194
2023-08-25,0.455,0.4025,0.455,0.4,6427
2023-08-28,0.43,0.43,0.43,0.4276,400
2023-08-29,0.4454,0.46,0.47,0.4454,1770
2023-08-30,0.443301,0.455,0.48,0.443301,1498
2023-09-01,0.4733,0.48,0.491249,0.4501,5130
2023-09-05,0.4799,0.4791,0.48,0.4762,3738
2023-09-06,0.45,0.4425,0.45,0.39,33850
2023-09-07,0.45,0.38,0.45,0.38,6834
2023-09-08,0.42,0.38,0.42,0.38,1654
2023-09-11,0.404,0.404,0.404,0.404,100
2023-09-12,0.436,0.41,0.436,0.396,1495
2023-09-13,0.45,0.409899,0.45,0.409899,791
2023-09-14,0.43,0.4075,0.43,0.4075,644
2023-09-15,0.4,0.3952,0.4,0.3952,5248
2023-09-18,0.4,0.4,0.4,0.375,3314
2023-09-19,0.396,0.4,0.4,0.396,225
2023-09-20,0.4,0.393749,0.4,0.393749,350
2023-09-21,0.4,0.4,0.4,0.4,230
2023-09-22,0.4,0.4,0.4,0.3675,2475
2023-09-25,0.4,0.4,0.4,0.4,200
2023-09-26,0.4,0.4,0.4,0.4,202
2023-09-27,0.44,0.3576,0.44,0.3543,14164
2023-09-28,0.3127,0.4,0.4,0.3127,10444
2023-09-29,0.4,0.4299,0.4299,0.397407,5834
2023-10-02,0.438,0.438,0.438,0.438,222
2023-10-03,0.436,0.41,0.436,0.4059,1480
2023-10-04,0.44,0.4099,0.44,0.3576,2148
2023-10-05,0.4299,0.4289,0.4299,0.4289,1780
2023-10-06,0.43,0.4298,0.43,0.375,6082
2023-10-09,0.46,0.4299,0.46,0.3383,2440
2023-10-10,0.4295,0.3864,0.444,0.37,17229
2023-10-11,0.44,0.44,0.44,0.44,212
2023-10-12,0.44,0.4,0.44,0.399501,11937
2023-10-13,0.44,0.39,0.44,0.38,6590
2023-10-16,0.4,0.38,0.4,0.36,2440
2023-10-17,0.376,0.38,0.38,0.36,1385
2023-10-18,0.36,0.38,0.38,0.36,3683
2023-10-19,0.38,0.38,0.38,0.38,200
2023-10-20,0.33,0.37,0.37,0.33,678
2023-10-23,0.3688,0.37,0.37,0.3688,366
2023-10-24,0.3688,0.3429,0.3688,0.3429,215
2023-10-26,0.354,0.354,0.354,0.354,290
2023-10-27,0.303,0.303,0.303,0.303,800
2023-10-30,0.37,0.36,0.37,0.300577,7994
2023-10-31,0.29,0.3251,0.38,0.29,594
2023-11-01,0.3698,0.3698,0.3698,0.3698,100
2023-11-02,0.38,0.38,0.38,0.38,105
2023-11-03,0.38,0.4199,0.43,0.34,709166
2023-11-06,0.35,0.39,0.424,0.35,10486
2023-11-07,0.3551,0.36,0.36,0.3551,1099
2023-11-08,0.3853,0.49,0.49,0.3853,52500
2023-11-09,0.4,0.3515,0.465,0.3515,11991
2023-11-10,0.4,0.4675,0.4675,0.38,3249
2023-11-13,0.3851,0.35,0.39,0.3,110634
2023-11-14,0.347701,0.3689,0.3689,0.3175,6439
2023-11-15,0.359,0.359,0.359,0.359,190
2023-11-20,0.349,0.3543,0.3543,0.3025,11330
2023-11-21,0.339,0.3868,0.3868,0.339,30001
2023-11-22,0.375,0.375,0.375,0.375,500
2023-11-24,0.3396,0.346,0.346,0.3396,1501
2023-11-27,0.38,0.34,0.38,0.34,1046
2023-11-28,0.373,0.465,0.465,0.373,31152
2023-11-29,0.41,0.325,0.445,0.3051,3125
2023-12-01,0.304,0.369,0.369,0.3,2900
2023-12-07,0.29,0.3879,0.3879,0.29,5804
2023-12-08,0.325051,0.3732,0.395,0.3002,2112
2023-12-13,0.3363,0.38,0.38,0.3363,2124
2023-12-14,0.3225,0.41,0.41,0.2225,23834
2023-12-15,0.4,0.275,0.4,0.275,1200
2023-12-18,0.28,0.2901,0.39,0.28,2050
2023-12-19,0.3001,0.3358,0.3358,0.29,51505
2023-12-20,0.350001,0.42,0.4475,0.350001,51516
2023-12-21,0.42,0.45,0.45,0.42,853
2023-12-22,0.46,0.428,0.46,0.4252,3522
2023-12-26,0.34,0.382,0.382,0.34,5175
2023-12-27,0.449999,0.37,0.449999,0.37,1215
2023-12-28,0.45,0.45,0.45,0.45,600
2023-12-29,0.36,0.45,0.45,0.36,8888
2024-01-08,0.47,0.4546,0.47,0.421,18644
2024-01-16,0.43,0.3402,0.47,0.34,37509
2024-01-17,0.3555,0.35,0.4463,0.3402,13568
2024-01-18,0.4,0.4,0.4,0.4,100
2024-01-22,0.4875,0.47,0.4875,0.37,2247
2024-01-25,0.41,0.47,0.47,0.41,705
2024-01-29,0.415,0.442,0.442,0.415,2475
2024-01-30,0.45,0.504,0.53999,0.45,24256
2024-01-31,0.505,0.4521,0.505,0.4521,3090
2024-02-01,0.4898,0.4898,0.4898,0.4898,185
2024-02-05,0.4821,0.4779,0.4821,0.4779,1043
2024-02-06,0.48,0.48,0.48,0.48,396
2024-02-07,0.4599,0.4401,0.479899,0.4401,6043
2024-02-13,0.44,0.44,0.44,0.44,2009
2024-02-16,0.4351,0.43,0.4799,0.43,1877
2024-02-20,0.43,0.41,0.4599,0.41,14881
2024-02-23,0.4141,0.4076,0.4141,0.4,4596
2024-02-26,0.41,0.42,0.42,0.4,3360
2024-02-27,0.42,0.52,0.52,0.42,28056
2024-02-28,0.54,0.42,0.55,0.42,34341
2024-02-29,0.4,0.35,0.41,0.35,11500
2024-03-01,0.3762,0.39,0.39,0.3762,11301
2024-03-04,0.4099,0.4399,0.4499,0.4098,4955
2024-03-05,0.44,0.4199,0.44,0.3601,4669
2024-03-07,0.3257,0.42,0.42,0.3225,19053
2024-03-08,0.38,0.3999,0.4,0.3763,4539
2024-03-11,0.42,0.3275,0.4399,0.3275,21643
2024-03-12,0.3999,0.3899,0.3999,0.35,105472
2024-03-13,0.3551,0.3555,0.36,0.3551,1477
2024-03-14,0.37,0.3533,0.37,0.3284,2488
2024-03-15,0.3233,0.3225,0.34,0.305,6707
2024-03-18,0.359425,0.38,0.38,0.359425,4836
2024-03-19,0.37,0.36,0.39,0.3256,5230
2024-03-20,0.33,0.38,0.38,0.3206,5634
2024-03-21,0.3699,0.3699,0.37,0.369,14312
2024-03-26,0.37,0.37,0.4,0.37,7624
2024-03-27,0.37001,0.46,0.46,0.37001,3050
2024-03-28,0.4777,0.43,0.669,0.41,19737
2024-04-01,0.38,0.3525,0.38,0.3525,600
2024-04-02,0.3275,0.345,0.36,0.3252,2739
2024-04-03,0.38,0.3275,0.38,0.3275,2899
2024-04-04,0.3781,0.341,0.3781,0.3396,4710
2024-04-05,0.3781,0.33,0.3781,0.32,1445
2024-04-08,0.32,0.301,0.3232,0.301,1500
2024-04-10,0.311,0.33735,0.37,0.3,1071
2024-04-11,0.355,0.315,0.355,0.29,3347
2024-04-12,0.3022,0.27,0.3022,0.27,11606
2024-04-16,0.270799,0.288999,0.288999,0.270799,900
2024-04-17,0.2525,0.2887,0.2887,0.2525,1364
2024-04-18,0.2656,0.2887,0.2887,0.2525,8329
2024-04-22,0.3,0.3,0.3,0.2525,1953
2024-04-23,0.3,0.34,0.34,0.3,3813
2024-04-25,0.28,0.28,0.28,0.28,500
2024-04-29,0.2825,0.2826,0.2826,0.2825,700
2024-04-30,0.33,0.32,0.33,0.29,800
2024-05-02,0.3188,0.3188,0.3188,0.3188,142
2024-05-06,0.38,0.37,0.39,0.35,6214
2024-05-07,0.3475,0.3555,0.3555,0.3325,4913
2024-05-08,0.3201,0.3959,0.3959,0.3201,2353
2024-05-09,0.4,0.385,0.4,0.3275,3424
2024-05-10,0.3334,0.2499,0.3334,0.2277,82710
2024-05-13,0.295,0.3,0.3,0.295,7714
2024-05-14,0.29,0.29,0.29,0.29,2600
2024-05-15,0.296,0.2999,0.3,0.296,3863
2024-05-16,0.3,0.3,0.3,0.3,1700
2024-05-17,0.3,0.3,0.3,0.3,1071
2024-05-20,0.29,0.2755,0.29,0.2755,2600
2024-05-21,0.231,0.29,0.29,0.231,1850
2024-05-22,0.279452,0.2364,0.279452,0.2213,6044
2024-05-23,0.2365,0.26,0.26,0.2365,5036
2024-05-24,0.26,0.2698,0.2698,0.26,2515
2024-05-28,0.2698,0.28,0.28,0.2698,3067
2024-05-29,0.2151,0.2798,0.2798,0.2151,1043
2024-05-30,0.2899,0.2898,0.2899,0.2898,2621
2024-05-31,0.2969,0.3,0.3,0.2969,4550
2024-06-04,0.2626,0.3,0.3,0.26,5500
2024-06-06,0.2221,0.2498,0.2498,0.2221,4111
2024-06-07,0.246999,0.215,0.247,0.2022,4813
2024-06-10,0.2022,0.22,0.22,0.159,2058
2024-06-11,0.219999,0.2178,0.219999,0.2178,998
2024-06-12,0.2199,0.2675,0.2675,0.2199,13010
2024-06-13,0.2788,0.21722,0.2788,0.2,17107
2024-06-14,0.22,0.2011,0.22,0.2011,6425
2024-06-18,0.2154,0.2175,0.2175,0.2154,376
2024-06-20,0.17,0.19,0.2,0.17,23242
2024-06-21,0.185,0.17,0.185,0.17,1100
2024-06-24,0.15,0.18,0.18,0.15,670
2024-06-25,0.1797,0.1725,0.1797,0.17,407
2024-06-26,0.17,0.17,0.17,0.17,3005
2024-06-28,0.15,0.16,0.16,0.1413,6116
2024-07-03,0.16,0.161,0.161,0.16,1730
2024-07-08,0.1326,0.13,0.1326,0.13,1265
2024-07-09,0.1295,0.1295,0.1295,0.1295,1004
2024-07-10,0.116999,0.111,0.116999,0.111,1211
2024-07-11,0.115,0.12,0.1238,0.115,23604
2024-07-12,0.11985,0.11985,0.11985,0.11985,1003
2024-07-15,0.1199,0.1224,0.125,0.1199,30494
2024-07-16,0.13,0.175,0.300101,0.13,195284
2024-07-17,0.1707,0.1707,0.1707,0.1707,789
2024-07-18,0.1651,0.1329,0.1651,0.13,3319
2024-07-22,0.15,0.14,0.15,0.14,10250
2024-07-23,0.1201,0.14,0.14,0.1201,748
2024-07-24,0.13,0.13,0.13,0.13,1457
2024-07-25,0.139,0.12,0.139,0.12,20473
2024-07-26,0.1583,0.1407,0.16,0.13995,2600
2024-07-29,0.208,0.1499,0.210001,0.14846,15986
2024-07-30,0.16,0.16,0.16,0.16,951
2024-07-31,0.1225,0.14,0.14,0.1225,500
2024-08-02,0.13,0.13,0.13,0.11,6000
2024-08-05,0.101,0.13,0.13,0.0999,4574
2024-08-06,0.12,0.13,0.13,0.0999,17198
2024-08-07,0.116249,0.1181,0.1525,0.116249,25600
2024-08-08,0.13,0.12,0.16,0.12,14855
2024-08-09,0.12,0.12,0.12,0.12,2100
2024-08-12,0.101,0.1,0.101,0.1,2300
2024-08-13,0.11,0.1092,0.11,0.1092,2200
2024-08-14,0.1038,0.0975,0.1038,0.0975,11813
2024-08-15,0.11,0.1015,0.11,0.1015,10213
2024-08-16,0.1089,0.11,0.11,0.0901,16401
2024-08-19,0.11,0.1103,0.1107,0.09,26225
2024-08-21,0.1115,0.120425,0.1205,0.1115,8809
2024-08-22,0.12,0.11,0.12,0.11,14165
2024-08-23,0.112601,0.1125,0.112601,0.11,1159
2024-08-26,0.1208,0.1225,0.125,0.1125,6475
2024-08-27,0.125,0.125,0.13,0.1175,10045
2024-08-28,0.132,0.1324,0.1325,0.1225,6059
2024-08-29,0.135,0.141501,0.15,0.1275,15006
2024-08-30,0.15,0.13,0.15,0.12,7408
2024-09-03,0.13,0.108541,0.13,0.108541,15313
2024-09-04,0.105,0.1,0.11,0.095,7226
2024-09-05,0.11,0.1023,0.11,0.1,2578
2024-09-06,0.095,0.095,0.095,0.094899,401
2024-09-09,0.095,0.095,0.0969,0.095,2857
2024-09-11,0.0926,0.0894,0.095,0.0888,19828
2024-09-12,0.09,0.0826,0.09,0.0777,48704
2024-09-13,0.0801,0.095,0.095,0.08,44833
2024-09-16,0.095,0.0777,0.1025,0.0777,8801
2024-09-17,0.07,0.08,0.08,0.07,1112
2024-09-18,0.090001,0.08,0.090001,0.08,300
2024-09-19,0.09375,0.09,0.09375,0.085,1200
2024-09-20,0.0962,0.09,0.0962,0.09,1211
2024-09-23,0.085,0.085,0.085,0.085,1125
2024-09-24,0.085,0.0887,0.1025,0.085,5831
2024-09-25,0.085,0.09,0.09,0.085,1974
2024-09-26,0.09,0.09,0.09,0.09,100
2024-09-27,0.1015,0.1025,0.1025,0.1015,1630
2024-09-30,0.1052,0.13,0.1313,0.1052,13855
2024-10-01,0.1224,0.1076,0.1224,0.09,9335
2024-10-02,0.112,0.1308,0.1313,0.1084,18670
2024-10-04,0.0952,0.1,0.1107,0.0952,9897
2024-10-07,0.1,0.1,0.105,0.1,1167
2024-10-08,0.1,0.1,0.101,0.1,1794
2024-10-09,0.11,0.11,0.11,0.11,700
2024-10-10,0.080301,0.11,0.11,0.080301,206
2024-10-15,0.11,0.122601,0.122601,0.11,6739
2024-10-16,0.1025,0.0925,0.1025,0.0801,10984
2024-10-17,0.1188,0.12,0.130001,0.1188,1420
2024-10-18,0.1386,0.12,0.15,0.1025,32836
2024-10-21,0.13,0.115,0.15,0.115,7139
2024-10-22,0.15,0.15,0.15,0.15,3666
2024-10-23,0.15,0.149899,0.15,0.135,1505
2024-10-24,0.1325,0.13,0.1325,0.13,800
2024-10-25,0.1301,0.1301,0.1301,0.1301,102
2024-10-28,0.1299,0.12,0.1299,0.12,3113
2024-10-29,0.15,0.15,0.1675,0.1499,19871
2024-10-30,0.15,0.17125,0.1725,0.14,27652
2024-10-31,0.18,0.13,0.1975,0.13,67053
2024-11-01,0.15,0.16,0.1829,0.15,111396
2024-11-05,0.19,0.2075,0.2075,0.1897,18163
2024-11-06,0.175,0.1601,0.189899,0.16,3770
2024-11-07,0.1606,0.144001,0.1606,0.11,68486
2024-11-08,0.122,0.1001,0.122,0.0842,15184
2024-11-11,0.1,0.13,0.13,0.0876,24657
2024-11-12,0.14,0.125001,0.14,0.125,3977
2024-11-13,0.14,0.16,0.16,0.12,25537
2024-11-14,0.16,0.178751,0.178751,0.16,15726
2024-11-15,0.162,0.162,0.162,0.162,7274
2024-11-19,0.1393,0.126,0.1775,0.1,26816
2024-11-20,0.105,0.15,0.15,0.105,81029
2024-11-21,0.1637,0.1794,0.22,0.14,208625
2024-11-22,0.204,0.15,0.204,0.15,3595
2024-11-25,0.16,0.16,0.16,0.16,801
2024-11-26,0.19,0.19,0.19,0.19,235
2024-11-27,0.1916,0.1779,0.2199,0.155501,26505
2024-11-29,0.1782,0.1864,0.210449,0.17,27190
2024-12-02,0.18,0.201,0.21,0.18,12588
2024-12-03,0.21,0.235049,0.26,0.21,27515
2024-12-04,0.2685,0.26,0.2875,0.2501,172780
2024-12-05,0.26,0.27,0.2975,0.26,44504
2024-12-06,0.2999,0.34,0.345,0.26,152449
2024-12-09,0.33,0.3475,0.3707,0.29,66781
2024-12-10,0.349,0.36,0.4,0.348749,50211
2024-12-11,0.4134,0.41,0.55,0.38,273682
2024-12-12,0.44,0.415,0.44,0.3578,56494
2024-12-13,0.42,0.3975,0.42,0.39,18889
2024-12-16,0.44,0.38,0.44,0.38,21235
2024-12-17,0.375,0.3436,0.382,0.34,21485
2024-12-18,0.34,0.314423,0.34,0.29,38856
2024-12-19,0.319822,0.330988,0.330988,0.291999,16347
2024-12-20,0.3,0.296,0.3498,0.2622,46111
2024-12-23,0.33,0.263,0.33,0.2622,16004
2024-12-24,0.3139,0.3761,0.3848,0.271,65784
2024-12-26,0.39,0.3601,0.4,0.3253,21851
2024-12-27,0.34875,0.39,0.4,0.34875,13228
2024-12-30,0.3535,0.332,0.3535,0.3131,3725
2024-12-31,0.34,0.3201,0.3738,0.312801,13900
2025-01-02,0.3535,0.35,0.3535,0.3125,560
2025-01-03,0.312501,0.3468,0.353751,0.312501,26222
2025-01-06,0.38,0.3491,0.38,0.331,30932
2025-01-07,0.3305,0.3305,0.3305,0.3305,1088
2025-01-08,0.35625,0.35,0.35625,0.3125,8723
2025-01-10,0.3314,0.33,0.350002,0.33,5715
2025-01-14,0.28,0.349999,0.349999,0.28,5346
2025-01-15,0.2828,0.35,0.35,0.2828,2400
2025-01-16,0.3,0.3,0.3,0.3,27633
2025-01-17,0.3235,0.28,0.3235,0.28,3819
2025-01-21,0.3148,0.349,0.349,0.28,72557
2025-01-22,0.3385,0.317,0.3385,0.310999,2700
2025-01-23,0.302,0.33,0.33,0.3,4345
2025-01-24,0.33,0.32,0.3485,0.32,10269
2025-01-27,0.3166,0.29515,0.3166,0.295,6200
2025-01-28,0.31,0.329999,0.3485,0.295,20413
2025-01-29,0.34,0.33,0.34,0.33,3129
2025-01-30,0.34,0.295,0.34,0.295,3647
2025-01-31,0.32,0.34,0.34,0.32,18623
2025-02-03,0.295,0.3564,0.3875,0.295,5743
2025-02-04,0.330906,0.32875,0.34,0.2826,23991
2025-02-05,0.3498,0.3465,0.3498,0.27,20985
2025-02-06,0.345,0.3312,0.35,0.3312,7934
2025-02-07,0.34,0.33,0.35,0.3035,4368
2025-02-10,0.32,0.32,0.32,0.32,401
2025-02-11,0.32,0.3192,0.34,0.28,18402
2025-02-12,0.34,0.2956,0.34,0.2956,5079
2025-02-13,0.33,0.3,0.33,0.3,6801
2025-02-14,0.3,0.3564,0.3564,0.2928,28083
2025-02-18,0.34,0.3137,0.34,0.3033,960
2025-02-19,0.32,0.31,0.3232,0.3033,4143
2025-02-20,0.303,0.303,0.303,0.303,1100
2025-02-21,0.28,0.3,0.3,0.28,5200
2025-02-25,0.271,0.2701,0.2806,0.27,44117
2025-02-26,0.27,0.2202,0.2701,0.2202,111892
2025-02-27,0.2001,0.1806,0.368,0.1806,120830
2025-02-28,0.192,0.1755,0.192,0.165,18343
2025-03-03,0.2,0.2,0.2,0.185,40765
2025-03-04,0.1999,0.16,0.1999,0.1553,32555
2025-03-05,0.1999,0.195,0.2133,0.184799,49998
2025-03-06,0.2,0.2001,0.2001,0.2,1520
2025-03-07,0.202831,0.202831,0.202831,0.202831,400
2025-03-10,0.2,0.25375,0.25375,0.2,22285
2025-03-11,0.20001,0.19,0.225,0.165,49873
2025-03-12,0.1931,0.1811,0.2,0.181,46794
2025-03-13,0.185,0.1514,0.185,0.1514,38974
2025-03-14,0.1766,0.18,0.18,0.16,12198
2025-03-17,0.19,0.19,0.19,0.19,2537
2025-03-18,0.19,0.1922,0.1922,0.19,2864
2025-03-19,0.1878,0.19565,0.235,0.1711,12342
2025-03-20,0.2712,0.24,0.2712,0.24,741
2025-03-24,0.2051,0.1692,0.2051,0.1692,13165
2025-03-25,0.2,0.1602,0.2341,0.1601,23280
2025-03-26,0.1887,0.1889,0.19,0.161,13183
2025-03-27,0.1922,0.18,0.196651,0.1661,29724
2025-03-28,0.1886,0.1889,0.1889,0.1886,1666
2025-03-31,0.1601,0.162,0.198,0.1506,39268
2025-04-01,0.21,0.1941,0.21,0.1941,2395
2025-04-02,0.18,0.175251,0.18,0.172381,8225
2025-04-03,0.1801,0.1879,0.1879,0.135,5740
2025-04-04,0.1711,0.1501,0.1711,0.1401,19168
2025-04-07,0.145,0.140101,0.15005,0.1401,9830
2025-04-08,0.14,0.133,0.15,0.133,4798
2025-04-09,0.133,0.1609,0.1609,0.1126,2041
2025-04-10,0.173,0.17,0.173,0.17,3525
2025-04-11,0.16,0.16,0.16,0.16,11900
