2019-12-03,24.72,24.8346,24.8346,24.63,829270
2019-12-04,24.99,25.0,25.015,24.9,5196
2019-12-05,25.1,24.97,25.1,24.9501,14438
2019-12-06,25.22,25.1813,25.22,25.1368,2279
2019-12-09,25.2,25.13,25.2,25.13,3981
2019-12-10,25.12,25.07,25.16,24.98,5055
2019-12-11,25.1444,25.2263,25.26,25.1444,1400
2019-12-12,25.26,25.3634,25.3634,25.26,4101
2019-12-13,25.49,25.4718,25.5235,25.4327,10316
2019-12-16,25.6391,25.6808,25.76,25.6391,2378
2019-12-17,25.77,25.634426,25.77,25.6013,8215
2019-12-18,25.51,25.56,25.6095,25.51,1999
2019-12-19,25.58,25.5503,25.62,25.46,4827
2019-12-20,25.65,25.6128,25.69,25.6,17550
2019-12-23,25.7,25.63,25.7,25.63,4500
2019-12-24,25.649,25.61,25.66,25.61,2107
2019-12-26,25.6869,25.7059,25.7253,25.6845,1353
2019-12-27,25.91,25.7778,25.91,25.7501,3865
2019-12-30,25.743,25.645,25.743,25.645,1678
2019-12-31,25.71,25.7083,25.71,25.61,3495
2020-01-02,25.86,25.8972,25.949,25.8138,4531
2020-01-03,25.64,25.61,25.79,25.61,6500
2020-01-06,25.61,25.675,25.709,25.61,3958
2020-01-07,25.6215,25.67,25.67,25.6215,1894
2020-01-08,25.72,25.74,25.86,25.72,3656
2020-01-09,25.7335,25.81,25.84,25.7335,4742
2020-01-10,25.83,25.69,25.84,25.69,15041
2020-01-13,25.81,25.8588,25.89,25.796,3284
2020-01-14,25.87,25.85,25.95,25.85,999
2020-01-15,25.92,25.875,25.95,25.875,10929
2020-01-16,25.99,26.0015,26.03,25.91,9147
2020-01-17,26.13,26.08,26.13,26.0381,2734
2020-01-21,26.03,25.9057,26.03,25.9057,6392
2020-01-22,26.0626,25.982,26.0626,25.982,469
2020-01-23,25.89,25.95,25.95,25.7999,3589
2020-01-24,25.98,25.8,25.98,25.75,4722
2020-01-27,25.39,25.3,25.45,25.3,2666
2020-01-28,25.35,25.58,25.58,25.35,1164
2020-01-29,25.62,25.5373,25.62,25.5373,274
2020-01-30,25.38,25.495,25.51,25.38,732
2020-01-31,25.33,25.1044,25.33,25.07,2974
2020-02-03,25.21,25.13,25.21,25.13,1392
2020-02-04,25.5121,25.5,25.545,25.5,436
2020-02-05,25.65,25.72,25.74,25.65,1983
2020-02-06,25.93,25.89,25.93,25.865,2277
2020-02-07,25.73,25.56,25.73,25.56,3584
2020-02-10,25.625,25.71,25.71,25.625,2130
2020-02-11,25.8144,25.8255,25.8409,25.8144,2090
2020-02-12,25.865,25.95,25.95,25.865,4594
2020-02-13,25.74,25.79,25.84,25.74,4442
2020-02-14,25.77,25.79,25.79,25.6701,4903
2020-02-18,25.63,25.5569,25.63,25.5,3905
2020-02-19,25.6964,25.6708,25.6964,25.6441,234920
2020-02-20,25.59,25.4742,25.5935,25.4392,5088
2020-02-21,25.46,25.3538,25.46,25.32,59423
2020-02-24,24.48,24.46,24.565,24.46,6871
2020-02-25,24.48,24.0896,24.48,24.0896,532
2020-02-26,24.35,24.1163,24.35,24.1163,1494
2020-02-27,23.86,23.5139,24.01,23.5139,2093
2020-02-28,23.07,23.2052,23.2052,22.905,4672
2020-03-02,23.31,23.6101,23.6101,23.27,2323
2020-03-03,23.8,23.48,24.0,23.48,2943
2020-03-04,23.7043,24.0989,24.0989,23.7043,2051
2020-03-05,23.64,23.4863,23.68,23.4268,1353
2020-03-06,23.2267,23.1302,23.2267,23.1302,905
2020-03-09,19.86,21.5057,22.67,19.86,6423
2020-03-10,22.15,22.05371,22.2,21.49,38481
2020-03-11,21.5163,20.9983,21.5163,20.9291,972
2020-03-12,19.1426,18.7513,19.1426,18.49,238133
2020-03-13,19.53,19.7759,19.7759,18.85,4624
2020-03-16,17.62,17.72,18.2446,17.62,7561
2020-03-17,17.9049,18.37,18.43,17.9049,74697
2020-03-18,17.47,17.3899,17.63,17.3899,2707
2020-03-19,17.66,17.7105,17.97,17.66,5811
2020-03-20,17.81,17.517,18.2351,17.517,3610
2020-03-23,17.43,17.1844,17.4482,17.0954,4025
2020-03-24,18.2303,18.588,18.588,18.2303,1076
2020-03-25,18.65,19.12,19.315,18.65,1714
2020-03-26,19.46,20.0599,20.0599,19.46,27307
2020-03-27,19.37,19.43,19.74,19.37,13649
2020-03-30,19.54,19.7754,19.7754,19.49,21987
2020-03-31,19.5671,19.7034,19.7034,19.5671,1593
2020-04-01,19.11,18.849,19.25,18.849,8817
2020-04-02,19.12,19.14,19.24,18.94,7285
2020-04-03,18.8177,18.8177,18.8177,18.8177,268
2020-04-06,19.51,19.68641,19.83,19.51,8640
2020-04-07,20.57,19.9661,20.57,19.9661,4980
2020-04-08,20.12,20.0959,20.19,19.8806,5279
2020-04-09,20.56,20.515,20.6,20.45,2308
2020-04-13,20.54,20.334,20.54,20.27,220137
2020-04-14,20.69,20.74,20.809,20.68,38523
2020-04-15,20.13,20.05,20.1499,20.0,7117
2020-04-16,19.92,20.013,20.013,19.92,934
2020-04-17,20.54,20.5253,20.57,20.47,2931
2020-04-20,20.33,20.1952,20.49,20.1952,4744
2020-04-21,19.93,19.7976,20.06,19.77,4881
2020-04-22,20.09,20.1536,20.1536,20.09,8277
2020-04-23,20.32,20.1032,20.4,20.06,8589
2020-04-24,20.22,20.2832,20.2876,20.16,12728
2020-04-27,20.52,20.6445,20.6445,20.4655,6261
2020-04-28,21.0,20.7899,21.005,20.7861,5823
2020-04-29,21.255,21.3242,21.39,21.255,2922
2020-04-30,20.9742,20.8752,21.0,20.875,2654
2020-05-01,20.59,20.36,20.59,20.33,4464
2020-05-04,20.2,20.3214,20.3214,20.13,18628
2020-05-05,20.57,20.4411,20.6171,20.4411,670
2020-05-06,20.3115,20.3115,20.3115,20.3115,109
2020-05-07,20.615,20.6288,20.735,20.615,4885
2020-05-08,20.93,20.92,20.93,20.8949,3270
2020-05-11,20.89,20.9,20.95,20.88,4647
2020-05-12,20.93,20.586662,20.93,20.62,11466
2020-05-13,20.67,20.4696,20.715,20.4696,15693
2020-05-14,20.04,20.2847,20.3,19.996,2814
2020-05-15,20.28,20.2635,20.3,20.205,7739
2020-05-18,20.75,21.0941,21.0941,20.75,7547
2020-05-19,20.94,20.8358,20.983,20.8358,1503
2020-05-20,21.2766,21.2559,21.34,21.21,1166
2020-05-21,21.05,21.0007,21.05,20.9964,1177
2020-05-22,20.82,20.945,20.9599,20.82,4013
2020-05-26,21.67,21.6617,21.7695,21.6617,5548
2020-05-27,21.7,21.7951,21.7951,21.5976,1068
2020-05-28,22.14,22.0151,22.159,21.97,10422
2020-05-29,22.05,22.0193,22.05,21.655,26857
2020-06-01,22.459,22.459,22.459,22.459,157
2020-06-02,22.68,22.7411,22.75,22.62,1818
2020-06-03,23.05,23.12,23.14,22.96,46216
2020-06-04,23.0,23.0414,23.1,23.0,137641
2020-06-05,23.53,23.4527,23.54,23.39,1421
2020-06-08,23.4641,23.7213,23.7213,23.4608,3019
2020-06-09,23.4,23.237584,23.4,23.23,41405
2020-06-10,23.38,23.18,23.38,23.18,1357
2020-06-11,22.61,21.97,22.6352,21.97,10272
2020-06-12,22.68,22.39,22.68,22.3599,2077
2020-06-15,22.17,22.46,22.61,22.17,16797
2020-06-16,22.97,22.77,23.0,22.75,9271
2020-06-17,22.96,22.78,22.96,22.78,7850
2020-06-18,22.77,22.7658,22.84,22.7301,2414
2020-06-19,22.91,22.5935,22.91,22.58,6510
2020-06-22,22.78,22.8705,22.97,22.76,7420
2020-06-23,23.12,22.9509,23.12,22.9509,1225
2020-06-24,22.74,22.4805,22.77,22.3794,2953
2020-06-25,22.51,22.7233,22.7233,22.48,2885
2020-06-26,22.49,22.4757,22.53,22.45,10570
2020-06-29,22.5399,22.5987,22.66,22.5399,4390
2020-06-30,22.62,22.6541,22.6541,22.62,374
2020-07-01,22.65,22.66,22.74,22.602,2570
2020-07-02,22.973,22.973,22.973,22.973,186
2020-07-06,23.32,23.39,23.43,23.32,1179
2020-07-07,23.14,22.963475,23.25,23.0,16038
2020-07-08,23.09,23.194,23.194,23.04,3765
2020-07-09,22.9,22.9192,23.0,22.87,2376
2020-07-10,22.96,23.1193,23.129,22.96,2854
2020-07-13,23.27,22.9598,23.27,22.9598,15036
2020-07-14,23.13,23.295,23.295,23.0555,13116
2020-07-15,23.7,23.55,23.7,23.53,16798
2020-07-16,23.45,23.3645,23.4669,23.36,5091
2020-07-17,23.5099,23.5009,23.55,23.44,3057
2020-07-20,23.51,23.6837,23.6837,23.51,4242
2020-07-21,23.86,23.75,23.86,23.75,2078
2020-07-22,23.75,23.829,23.88,23.75,6242
2020-07-23,23.7,23.6657,23.79,23.6657,3018
2020-07-24,23.6,23.55,23.6,23.55,1266
2020-07-27,23.82,23.8601,23.9,23.78,5204
2020-07-28,23.77,23.7092,23.84,23.7092,3076
2020-07-29,23.85,23.975,24.05,23.85,922
2020-07-30,23.5,23.7606,23.81,23.42,7016
2020-07-31,23.55,23.2892,23.61,23.21,12108
2020-08-03,23.64,23.6404,23.68,23.595,3674
2020-08-04,23.645,23.6602,23.6677,23.341,22755
2020-08-05,23.85,23.8452,23.89,23.84,5332
2020-08-06,23.87,23.9423,23.9423,23.7831,2737
2020-08-07,23.77,23.8776,23.8776,23.73,5350
2020-08-10,23.9,23.9657,23.9657,23.9,933
2020-08-11,24.3623,23.96759,24.3623,24.04,2884
2020-08-12,24.455,24.4456,24.539,24.4456,385
2020-08-13,24.53,24.37,24.54,24.3601,2722
2020-08-14,24.3,24.25,24.3,24.25,986
2020-08-17,24.435,24.4497,24.46,24.4137,8197
2020-08-18,24.53,24.4234,24.53,24.33,6682
2020-08-19,24.42,24.285,24.505,24.285,3120
2020-08-20,24.0,24.2083,24.22,24.0,3663
2020-08-21,24.04,24.1275,24.1275,24.025,4575
2020-08-24,24.4,24.4024,24.405,24.3609,1022
2020-08-25,24.381,24.4308,24.4308,24.29,1710
2020-08-26,24.64,24.655,24.655,24.64,3302
2020-08-27,24.3845,24.3874,24.3874,24.3845,514
2020-08-28,24.48,24.5376,24.5499,24.4201,3477
2020-08-31,24.5,24.44,24.505,24.4,8823
2020-09-01,24.38,24.34,24.41,24.31,20408
2020-09-02,24.65,24.704,24.704,24.65,240
2020-09-03,24.51,24.1303,24.51,24.09,3539
2020-09-04,24.09,24.159,24.24,23.99,2822
2020-09-08,23.86,23.785279,23.98,23.78,5457
2020-09-09,24.13,24.2629,24.34,24.13,3636
2020-09-10,24.05,23.9761,24.055,23.9761,1225
2020-09-11,24.21,24.1849,24.2599,24.11,15877
2020-09-14,24.4,24.3194,24.4,24.2601,3993
2020-09-15,24.51,24.4461,24.51,24.43,1229
2020-09-16,24.52,24.4953,24.6599,24.4953,7424
2020-09-17,24.4799,24.53,24.58,24.43,10015
2020-09-18,24.405,24.3484,24.45,24.3101,1405
2020-09-21,23.83,23.7717,23.83,23.45,9245
2020-09-22,23.7099,23.7707,23.7707,23.67,1650
2020-09-23,23.86,23.6,23.86,23.59,13047
2020-09-24,23.4501,23.5532,23.56,23.45,9331
2020-09-25,23.43,23.5733,23.5733,23.4026,1742
2020-09-28,23.8,23.9,23.93,23.8,17445
2020-09-29,24.01,23.93,24.01,23.92,3688
2020-09-30,24.0599,23.91,24.0599,23.91,3863
2020-10-01,24.08,24.05,24.08,23.98,4480
2020-10-02,24.0299,24.03,24.139,23.98,6040
2020-10-05,24.36,24.4174,24.4174,24.2921,1188
2020-10-06,24.42,24.098126,24.46,24.1601,3769
2020-10-07,24.3,24.3362,24.4,24.3,13414
2020-10-08,24.42,24.4726,24.51,24.42,1781
2020-10-09,24.65,24.6,24.67,24.6,4749
2020-10-12,24.675,24.75,24.82,24.675,5237
2020-10-13,24.54,24.5467,24.6,24.5245,8000
2020-10-14,24.53,24.5555,24.68,24.48,4516
2020-10-15,24.17,24.2905,24.31,24.11,6281
2020-10-16,24.35,24.3327,24.38,24.3,30049
2020-10-19,24.45,24.265,24.45,24.235,6092
2020-10-20,24.45,24.44,24.475,24.44,14670
2020-10-21,24.36,24.2653,24.37,24.2601,6366
2020-10-22,24.1673,24.2097,24.28,24.1673,6451
2020-10-23,24.33,24.35,24.3504,24.2514,4599
2020-10-26,24.13,23.9367,24.13,23.905,8092
2020-10-27,23.87,23.8699,23.965,23.7933,3572
2020-10-28,23.42,23.1704,23.42,23.1704,17137
2020-10-29,23.18,23.2595,23.28,23.18,6102
2020-10-30,23.19,23.0764,23.19,23.03,4637
2020-11-02,23.38,23.3305,23.38,23.25,15624
2020-11-03,23.72,23.941,24.03,23.72,22916
2020-11-04,24.21,24.1847,24.48,24.1847,12183
2020-11-05,24.71,24.72,24.8,24.62,7820
2020-11-06,24.89,24.8487,24.93,24.8299,7033
2020-11-09,25.79,25.24,25.79,25.24,29608
2020-11-10,25.37,25.29,25.46,25.29,17826
2020-11-11,25.5899,25.609965,25.6114,25.5301,2188
2020-11-12,25.51,25.27,25.51,25.27,1864
2020-11-13,25.4803,25.65,25.66,25.4803,35468
2020-11-16,25.8,25.8226,25.87,25.748,4459
2020-11-17,25.795,25.87,25.975,25.795,9524
2020-11-18,25.96,25.77,25.99,25.77,3673
2020-11-19,25.795,25.8968,25.9,25.785,5917
2020-11-20,25.95,26.0165,26.0165,25.9442,3795
2020-11-23,26.11,25.97,26.11,25.89,10990
2020-11-24,26.13,26.237,26.259,26.07,10819
2020-11-25,26.095,26.2267,26.235,26.095,1568
2020-11-27,26.43,26.4,26.435,26.4,857
2020-11-30,26.42,26.0462,26.42,26.04,8108
2020-12-01,26.332,26.4419,26.4419,26.332,4528
2020-12-02,26.39,26.4152,26.4152,26.38,9082
2020-12-03,26.46,26.4278,26.5799,26.4251,9397
2020-12-04,26.6,26.5806,26.67,26.5455,161549
2020-12-07,26.57,26.4999,26.61,26.4999,6136
2020-12-08,26.4111,26.49,26.5605,26.29,392845
2020-12-09,26.6724,26.5529,26.6724,26.475,6449
2020-12-10,26.37,26.5953,26.64,26.1,23324
2020-12-11,26.55,26.51,26.55,26.38,10649
2020-12-14,26.67,26.5862,26.68,26.58,4899
2020-12-15,26.73,26.761355,26.87,26.6,13799
2020-12-16,26.78,26.82,26.9,26.77,27459
2020-12-17,27.09,26.98,27.1,26.98,5847
2020-12-18,26.91,26.85,27.01,26.85,6432
2020-12-21,26.38,26.68,26.72,26.325,11755
2020-12-22,26.5399,26.5592,26.56,26.5019,2722
2020-12-23,26.735,26.8511,26.88,26.72,5293
2020-12-24,26.76,26.825,26.849,26.76,684
2020-12-28,27.15,26.9921,27.15,26.98,5678
2020-12-29,27.215,27.2345,27.2991,27.215,4402
2020-12-30,27.41,27.2536,27.42,27.2536,5700
2020-12-31,27.14,27.0053,27.1494,26.96,18011
2021-01-04,27.4,27.3039,27.4,27.17,3703
2021-01-05,27.39,27.5942,27.65,27.39,8185
2021-01-06,27.65,27.8176,27.91,27.65,5195
2021-01-07,27.8841,27.9164,28.02,27.8501,10115
2021-01-08,28.21,28.1959,28.21,27.9965,4278
2021-01-11,27.76,27.7716,27.904,27.71,54635
2021-01-12,27.73,27.87,27.9,27.67,7817
2021-01-13,27.9,27.85,27.9688,27.8,5143
2021-01-14,27.97,28.02,28.1,27.97,5321
2021-01-15,27.7,27.56,27.7,27.45,229945
2021-01-19,27.78,27.7,27.78,27.65,8623
2021-01-20,27.86,27.92,27.9912,27.81,22291
2021-01-21,27.99,28.01,28.075,27.86,159526
2021-01-22,27.7,27.78,27.855,27.7,17097
2021-01-25,27.69,27.78,27.78,27.565,9051
2021-01-26,27.85,27.83,27.909,27.73,5003
2021-01-27,27.36,27.23,27.495,27.14,20648
2021-01-28,27.38,27.38,27.5487,27.38,3495
2021-01-29,27.13,26.82,27.13,26.77,15514
2021-02-01,27.16,27.17,27.3199,27.1201,5106
2021-02-02,27.345,27.47,27.55,27.27,11881
2021-02-03,27.53,27.4983,27.5388,27.39,9740
2021-02-04,27.4,27.4206,27.49,27.32,5928
2021-02-05,27.61,27.58,27.6599,27.55,13157
2021-02-08,27.76,27.69,27.85,27.69,7647
2021-02-09,27.76,27.736835,27.9489,27.76,8083
2021-02-10,27.95,27.66,27.95,27.66,7814
2021-02-11,27.885,27.93,27.98,27.8304,7731
2021-02-12,27.89,27.99,28.0787,27.883,7946
2021-02-16,28.21,28.13,28.26,28.1,12128
2021-02-17,27.97,27.94,27.97,27.83,8420
2021-02-18,27.78,27.77,27.88,27.7,9820
2021-02-19,28.06,27.9178,28.06,27.899,4352
2021-02-22,27.83,27.7954,27.925,27.7954,2081
2021-02-23,27.785,27.8051,27.86,27.72,2713
2021-02-24,27.6599,27.8691,27.8978,27.53,2386
2021-02-25,27.875,27.48,27.875,27.48,4061
2021-02-26,27.3045,27.09,27.3045,27.01,8182
2021-03-01,27.4318,27.52,27.5302,27.37,9129
2021-03-02,27.45,27.5267,27.565,27.45,2344
2021-03-03,27.33,27.31,27.3959,27.31,10222
2021-03-04,27.25,27.0264,27.25,26.99,6509
2021-03-05,27.08,27.1768,27.1768,26.9,2463
2021-03-08,27.15,27.12,27.274,27.0913,12222
2021-03-09,27.43,27.475,27.57,27.39,4490
2021-03-10,27.45,27.462835,27.6,27.45,3731
2021-03-11,27.81,27.73,27.81,27.73,1651
2021-03-12,27.66,27.8,27.84,27.66,5614
2021-03-15,27.85,27.8367,27.8599,27.6679,6812
2021-03-16,27.98,27.85,27.98,27.85,4480
2021-03-17,27.83,28.0248,28.09,27.76,7716
2021-03-18,27.9,27.75,28.04,27.75,7503
2021-03-19,27.85,27.83,27.92,27.69,9724
2021-03-22,27.93,27.92,27.99,27.8612,5832
2021-03-23,27.82,27.57,27.82,27.57,4553
2021-03-24,27.51,27.48,27.7,27.48,4612
2021-03-25,27.55,27.67,27.71,27.445,9588
2021-03-26,27.8,27.94,27.94,27.8,3773
2021-03-29,27.95,27.9072,27.95,27.845,6102
2021-03-30,27.84,27.8426,27.95,27.82,12260
2021-03-31,27.82,27.8148,27.92,27.8148,6971
2021-04-01,28.0,28.22,28.22,27.9986,3309
2021-04-05,28.41,28.57,28.58,28.41,4307
2021-04-06,28.29,28.2538,28.34,28.235,9680
2021-04-07,28.37,28.254,28.37,28.2284,7078
2021-04-08,28.4306,28.382712,28.56,28.4306,8466
2021-04-09,28.45,28.465,28.51,28.395,4508
2021-04-12,28.42,28.4,28.42,28.309,5119
2021-04-13,28.52,28.55,28.6,28.4579,8914
2021-04-14,28.66,28.54,28.66,28.54,6384
2021-04-15,28.7427,28.7861,28.81,28.7,8188
2021-04-16,28.9,28.9714,29.04,28.9,4430
2021-04-19,29.03,28.9202,29.0392,28.92,4211
2021-04-20,28.7,28.564,28.71,28.4894,6024
2021-04-21,28.3971,28.73,28.78,28.3971,4785
2021-04-22,28.7368,28.6715,28.746,28.6625,2019
2021-04-23,28.88,29.02,29.09,28.79,25277
2021-04-26,29.02,28.97,29.0287,28.95,77006
2021-04-27,28.91,28.95,28.95,28.835,13994
2021-04-28,28.87,28.8889,28.92,28.7701,9326
2021-04-29,28.895,28.75,28.91,28.75,6007
2021-04-30,28.65,28.4884,28.68,28.4725,4038
2021-05-03,28.68,28.83,28.88,28.68,5632
2021-05-04,28.45,28.444,28.5,28.3558,3988
2021-05-05,28.81,28.8107,28.9,28.72,4694
2021-05-06,28.89,29.0207,29.0207,28.82,5298
2021-05-07,29.11,29.316662,29.44,29.11,13050
2021-05-10,29.47,29.246,29.5,29.246,4450
2021-05-11,28.7,28.83,28.96,28.7,12107
2021-05-12,28.621,28.3359,28.74,28.31,6898
2021-05-13,28.55,28.5553,28.6086,28.45,6911
2021-05-14,28.7833,28.9749,28.975,28.7833,1745
2021-05-17,28.76,28.84,28.88,28.7,21082
2021-05-18,29.04,29.0396,29.2,29.01,13146
2021-05-19,28.82,28.7996,28.97,28.655,86999
2021-05-20,29.1,29.1619,29.239,29.05,3249
2021-05-21,29.3,29.1987,29.31,29.13,10537
2021-05-24,29.4,29.3495,29.42,29.2301,5481
2021-05-25,29.47,29.32,29.47,29.29,9111
2021-05-26,29.4,29.341,29.47,29.3,6034
2021-05-27,29.44,29.4332,29.46,29.3998,4992
2021-05-28,29.59,29.55,29.65,29.43,93336
2021-06-01,29.8,29.61,29.8,29.58,68638
2021-06-02,29.69,29.6602,29.7,29.61,86416
2021-06-03,29.6,29.4524,29.6,29.4,77179
2021-06-04,29.71,29.695,29.72,29.69,2525
2021-06-07,29.72,29.85,29.86,29.72,20403
2021-06-08,29.91,29.7976,29.91,29.75,13434
2021-06-09,29.82,29.599977,29.82,29.6301,11657
2021-06-10,29.59,29.5795,29.65,29.5574,7882
2021-06-11,29.549,29.6431,29.66,29.549,4384
2021-06-14,29.57,29.6916,29.72,29.57,8876
2021-06-15,29.84,29.69,29.84,29.66,7853
2021-06-16,29.9,29.6027,29.9,29.55,9899
2021-06-17,29.38,29.28,29.38,29.24,9342
2021-06-18,29.02,28.9,29.02,28.83,5821
2021-06-21,28.9,29.17,29.242,28.9,5679
2021-06-22,29.27,29.3141,29.4088,29.15,7450
2021-06-23,29.32,29.14,29.32,29.1201,4682
2021-06-24,29.44,29.405,29.4499,29.28,75001
2021-06-25,29.45,29.468,29.48,29.43,5327
2021-06-28,29.49,29.3145,29.49,29.2999,6133
2021-06-29,29.31,29.2722,29.36,29.27,6609
2021-06-30,29.16,29.07,29.1715,28.97,11000
2021-07-01,29.15,29.1412,29.15,29.06,5755
2021-07-02,29.1871,29.2888,29.329,29.1871,8445
2021-07-06,29.39,29.17,29.39,29.1098,8952
2021-07-07,29.27,29.3655,29.419,29.27,8230
2021-07-08,28.95,28.894422,29.03,28.9,4293
2021-07-09,29.2949,29.3436,29.3989,29.23,27892
2021-07-12,29.34,29.4898,29.539,29.34,11067
2021-07-13,29.45,29.33,29.53,29.32,2433
2021-07-14,29.485,29.4651,29.485,29.42,5132
2021-07-15,29.31,29.22,29.339,29.19,5862
2021-07-16,29.29,29.08,29.29,29.0375,8203
2021-07-19,28.68,28.59,28.68,28.5,6355
2021-07-20,28.65,28.83,28.8718,28.62,5753
2021-07-21,29.0202,29.219,29.219,29.02,9862
2021-07-22,29.325,29.31,29.373,29.2,5101
2021-07-23,29.48,29.44,29.55,29.38,5214
2021-07-26,29.48,29.5428,29.59,29.44,6116
2021-07-27,29.3889,29.4325,29.4325,29.35,3075
2021-07-28,29.48,29.52,29.6151,29.37,6049
2021-07-29,29.75,29.7747,29.8,29.73,6057
2021-07-30,29.63,29.5851,29.72,29.501,6297
2021-08-02,29.75,29.679,29.819,29.679,4780
2021-08-03,29.7135,29.76,29.79,29.66,16944
2021-08-04,29.84,29.8343,30.0087,29.8,5513
2021-08-05,29.99,29.87,30.0053,29.87,11028
2021-08-06,29.87,29.736488,29.87,29.71,6993
2021-08-09,29.86,29.76,29.86,29.71,6094
2021-08-10,29.75,29.788,29.8588,29.7382,9065
2021-08-11,29.94,30.005,30.005,29.925,12510
2021-08-12,29.96,29.975,29.99,29.8501,5681
2021-08-13,30.0899,30.0934,30.1497,30.0411,4659
2021-08-16,29.93,29.98,30.01,29.87,11884
2021-08-17,29.77,29.65,29.79,29.54,383121
2021-08-18,29.75,29.6322,29.76,29.6322,3380
2021-08-19,29.2,29.32,29.42,29.2,6717
2021-08-20,29.33,29.47,29.48,29.33,1059
2021-08-23,29.72,29.7876,29.8,29.686,1885
2021-08-24,29.77,29.75,29.89,29.75,2964
2021-08-25,29.72,29.71,29.82,29.71,3026
2021-08-26,29.67,29.54,29.67,29.54,2763
2021-08-27,29.61,29.82,29.9099,29.61,209788
2021-08-30,29.86,29.8,29.91,29.8,7454
2021-08-31,29.91,29.8602,29.93,29.8465,3033
2021-09-01,30.13,30.01,30.15,30.01,22903
2021-09-02,30.16,30.2315,30.27,30.02,7408
2021-09-03,30.31,30.3805,30.42,30.31,35464
2021-09-07,30.29,30.19,30.29,30.19,15511
2021-09-08,30.11,29.944828,30.1257,29.96,3679
2021-09-09,30.05,29.95,30.1497,29.82,6487
2021-09-10,30.12,29.9092,30.15,29.85,18678
2021-09-13,30.08,30.0679,30.08,29.99,5204
2021-09-14,30.16,29.94,30.16,29.94,10403
2021-09-15,29.91,30.02,30.033,29.91,2710
2021-09-16,29.9,30.0007,30.07,29.895,5932
2021-09-17,29.85,29.56,29.85,29.52,22143
2021-09-20,29.01,28.98,29.12,28.84,8279
2021-09-21,29.36,29.2698,29.37,29.23,5399
2021-09-22,29.34,29.27,29.54,29.27,5705
2021-09-23,29.55,29.6652,29.7499,29.55,6728
2021-09-24,29.35,29.31,29.399,29.31,3874
2021-09-27,29.21,29.2201,29.27,29.12,12514
2021-09-28,28.72,28.5105,28.95,28.4501,10024
2021-09-29,28.57,28.36,28.6199,28.36,7798
2021-09-30,28.5065,28.39,28.5199,28.27,70999
2021-10-01,28.4,28.4526,28.5099,28.4,1834
2021-10-04,28.38,28.16,28.38,28.07,33600
2021-10-05,28.2,28.3152,28.385,28.2,2753
2021-10-06,27.92,28.153,28.153,27.92,4550
2021-10-07,28.29,28.270615,28.49,28.29,6974
2021-10-08,28.15,28.227,28.3,28.15,9268
2021-10-11,28.2,28.1299,28.29,28.1299,13791
2021-10-12,28.135,28.1449,28.22,28.09,2912
2021-10-13,28.41,28.42,28.5062,28.34,71720
2021-10-14,28.64,28.7393,28.8098,28.57,46114
2021-10-15,28.94,28.9195,28.9484,28.88,4040
2021-10-18,28.76,28.8556,28.8984,28.76,2057
2021-10-19,28.95,29.0634,29.12,28.95,9155
2021-10-20,29.14,29.17,29.2,29.12,3442
2021-10-21,28.99,28.9993,29.0699,28.95,13087
2021-10-22,29.15,29.1865,29.24,29.119,17863
2021-10-25,29.1,29.1,29.22,29.065,4379
2021-10-26,29.31,29.1972,29.3208,29.19,5429
2021-10-27,29.21,29.1022,29.2316,29.1022,6212
2021-10-28,29.28,29.32,29.38,29.14,12365
2021-10-29,29.1,29.12,29.12,29.05,7038
2021-11-01,29.37,29.3569,29.38,29.24,9429
2021-11-02,29.29,29.27,29.358,29.27,11954
2021-11-03,29.33,29.552,29.552,29.32,7538
2021-11-04,29.59,29.531,29.59,29.42,4865
2021-11-05,29.5,29.482787,29.505,29.455,2707
2021-11-08,29.53,29.5703,29.61,29.53,18439
2021-11-09,29.53,29.5099,29.5305,29.4,5104
2021-11-10,29.37,29.1814,29.3895,29.13,8009
2021-11-11,29.39,29.3014,29.4,29.2661,3019
2021-11-12,29.4288,29.4749,29.519,29.4288,4100
2021-11-15,29.66,29.4084,29.66,29.36,12123
2021-11-16,29.41,29.3162,29.43,29.3162,8440
2021-11-17,29.302,29.2831,29.32,29.255,7530
2021-11-18,29.3,29.3097,29.37,29.22,6129
2021-11-19,29.22,29.138,29.28,29.0901,10493
2021-11-22,29.1108,29.08,29.15,29.04,4329
2021-11-23,28.92,28.97,28.97,28.7869,11682
2021-11-24,28.55,28.76,28.76,28.55,6089
2021-11-26,28.26,28.0533,28.26,28.04,1216
2021-11-29,28.35,28.29,28.35,28.2437,5640
2021-11-30,28.19,27.9587,28.19,27.815,3711
2021-12-01,28.355,27.8417,28.355,27.8417,4862
2021-12-02,28.1013,28.179,28.25,28.08,6469
2021-12-03,27.98,28.0557,28.06,27.9798,3847
2021-12-06,28.2,28.3189,28.325,28.11,2841
2021-12-07,28.84,28.8222,28.84,28.785,1902
2021-12-08,28.825,28.8811,28.9299,28.825,10600
2021-12-09,28.75,28.7103,28.77,28.66,3113
2021-12-10,28.78,28.731,28.81,28.67,5773
2021-12-13,28.68,28.4894,28.69,28.4894,7349
2021-12-14,28.2891,28.3271,28.36,28.21,4407
2021-12-15,28.28,28.566424,28.7,28.23,43866
2021-12-16,28.78,28.6656,28.78,28.605,12939
2021-12-17,28.32,28.15,28.4,28.14,11814
2021-12-20,28.04,28.2,28.31,27.96,10428
2021-12-21,28.33,28.37,28.47,28.3,10739
2021-12-22,28.64,28.686,28.71,28.6121,5435
2021-12-23,28.72,28.9,28.9,28.72,11937
2021-12-27,28.91,29.07,29.07,28.885,2421
2021-12-28,29.06,29.1013,29.17,29.06,11565
2021-12-29,29.2,29.1417,29.2,29.06,4470
2021-12-30,29.08,29.0396,29.17,29.0396,5721
2021-12-31,29.06,29.11,29.23,29.041,21698
2022-01-03,29.22,29.1458,29.22,29.08,11975
2022-01-04,29.23,29.29,29.36,29.225,6405
2022-01-05,29.34,29.07,29.4,29.05,8657
2022-01-06,28.9,28.87,28.98,28.75,13173
2022-01-07,28.775,28.96,28.975,28.7,36253
2022-01-10,28.54,28.61,28.61,28.37,17837
2022-01-11,28.5501,28.96,28.96,28.5501,12316
2022-01-12,29.06,29.1814,29.21,29.06,7778
2022-01-13,29.26,28.9882,29.26,28.95,10334
2022-01-14,28.8467,28.8115,28.8467,28.77,4283
2022-01-18,28.51,28.3628,28.51,28.36,4615
2022-01-19,28.6,28.4334,28.6,28.4334,9234
2022-01-20,28.59,28.2424,28.62,28.2424,3671
2022-01-21,28.14,27.9,28.151,27.87,8718
2022-01-24,27.45,27.5505,27.5505,27.0501,17481
2022-01-25,27.29,27.4406,27.61,27.25,15859
2022-01-26,27.69,27.3517,27.73,27.215,8655
2022-01-27,27.29,27.1778,27.29,27.15,2461
2022-01-28,27.07,27.2167,27.23,26.915,5515
2022-01-31,27.3,27.72,27.74,27.3,7358
2022-02-01,27.8052,27.95,27.95,27.71,8603
2022-02-02,28.16,28.1526,28.22,28.12,10926
2022-02-03,28.0,27.82,28.0,27.82,5919
2022-02-04,27.71,27.7791,27.89,27.6412,3359
2022-02-07,27.71,27.7439,27.82,27.71,1459
2022-02-08,27.73,27.9,27.9,27.7,3636
2022-02-09,28.22,28.268012,28.31,28.22,7059
2022-02-10,27.9,27.9355,28.29,27.9,5529
2022-02-11,28.02,27.5505,28.02,27.5308,5183
2022-02-14,27.5,27.4086,27.5,27.2999,4256
2022-02-15,27.73,27.8614,27.9,27.715,3467
2022-02-16,27.84,27.9954,28.07,27.74,631851
2022-02-17,27.74,27.6169,27.79,27.6169,25698
2022-02-18,27.58,27.4416,27.65,27.4001,13043
2022-02-22,27.15,27.1097,27.29,27.02,9861
2022-02-23,27.37,26.85,27.37,26.85,13905
2022-02-24,26.08,26.51,26.58,26.0,16017
2022-02-25,26.86,27.1691,27.17,26.8,13128
2022-02-28,26.85,26.8082,27.05,26.705,9250
2022-03-01,26.73,26.2965,26.73,26.13,54503
2022-03-02,26.18,26.7949,27.42,26.03,20303
2022-03-03,26.46,26.1207,26.46,26.045,7668
2022-03-04,25.52,25.5314,25.55,25.3635,9875
2022-03-07,25.36,24.8935,25.36,24.8935,11848
2022-03-08,25.04,24.9492,25.35,24.77,10095
2022-03-09,26.0,25.86,26.0,25.8517,3411
2022-03-10,25.76,25.799211,25.825,25.47,11810
2022-03-11,25.7399,25.4592,25.7399,25.4567,42450
2022-03-14,25.83,25.6523,25.95,25.55,16514
2022-03-15,25.7399,25.7853,25.85,25.55,9120
2022-03-16,26.293,26.6151,26.63,26.17,12819
2022-03-17,26.6865,26.8238,26.9689,26.635,7765
2022-03-18,26.67,27.0868,27.1497,26.67,4474
2022-03-21,26.935,26.96,26.96,26.861,19246
2022-03-22,27.05,27.1455,27.16,27.011,12694
2022-03-23,26.86,26.86,26.95,26.84,13603
2022-03-24,26.86,26.8947,26.93,26.856,6897
2022-03-25,26.89,26.9263,26.969,26.785,6995
2022-03-28,26.83,26.8794,26.92,26.725,12043
2022-03-29,27.49,27.51,27.51,27.2697,17742
2022-03-30,27.39,27.3113,27.44,27.27,4315
2022-03-31,27.16,26.9171,27.26,26.9171,84932
2022-04-01,27.07,27.15,27.16,26.965,45124
2022-04-04,27.12,27.2,27.2,27.095,7779
2022-04-05,26.95,26.88,27.01,26.8155,11283
2022-04-06,26.53,26.5021,26.6,26.33,676802
2022-04-07,26.57,26.5761,26.69,26.43,34921
2022-04-08,26.54,26.353174,26.7,26.5,28998
2022-04-11,26.22,26.1254,26.245,26.12,3936
2022-04-12,26.2099,25.9454,26.2099,25.9,17531
2022-04-13,25.95,26.225,26.24,25.95,12866
2022-04-14,26.24,26.115,26.2434,26.1,10843
2022-04-18,26.11,25.96,26.1411,25.96,8703
2022-04-19,25.89,26.09,26.12,25.88,10173
2022-04-20,26.36,26.34,26.4699,26.332,6826
2022-04-21,26.67,26.11,26.67,26.11,5906
2022-04-22,26.02,25.67,26.02,25.67,10907
2022-04-25,25.42,25.52,25.6196,25.23,20024
2022-04-26,25.3,24.91,25.32,24.87,16653
2022-04-27,25.08,24.97,25.13,24.93,3228
2022-04-28,25.1565,25.31,25.415,25.07,2660
2022-04-29,25.46,25.07,25.46,25.07,5880
2022-05-02,25.04,25.02,25.04,24.72,8168
2022-05-03,25.16,25.11,25.2158,25.11,5994
2022-05-04,25.14,25.52,25.57,25.01,5506
2022-05-05,25.22,24.8,25.22,24.71,10604
2022-05-06,24.52,24.54,24.6848,24.44,14857
2022-05-09,24.14,23.798239,24.14,23.87,15240
2022-05-10,24.13,23.94,24.22,23.895,8101
2022-05-11,23.97,23.77,24.26,23.77,11129
2022-05-12,23.7,23.66,23.89,23.53,9235
2022-05-13,24.09,24.28,24.37,24.07,11607
2022-05-16,24.3,24.32,24.46,24.25,3441
2022-05-17,24.7,24.8206,24.8206,24.7,7343
2022-05-18,24.55,24.31,24.565,24.2709,5777
2022-05-19,24.29,24.44,24.5608,24.29,4030
2022-05-20,24.88,24.6377,24.88,24.41,3299
2022-05-23,24.9499,25.01,25.12,24.9499,8266
2022-05-24,24.9,25.02,25.04,24.84,7403
2022-05-25,24.9682,25.045,25.0479,24.9589,2733
2022-05-26,25.09,25.2802,25.33,25.09,42939
2022-05-27,25.43,25.52,25.5789,25.43,12918
2022-05-31,25.47,25.4194,25.53,25.4194,12710
2022-06-01,25.36,25.21,25.36,25.2045,8822
2022-06-02,25.28,25.6388,25.66,25.28,7045
2022-06-03,25.34,25.3224,25.3817,25.31,6814
2022-06-06,25.5899,25.3904,25.64,25.3432,7311
2022-06-07,25.3,25.378,25.43,25.3,2947
2022-06-08,25.1,25.0651,25.1246,25.0651,3938
2022-06-09,24.98,24.469136,24.98,24.61,8435
2022-06-10,24.19,24.02,24.19,23.98,9032
2022-06-13,23.44,23.16,23.44,23.16,13998
2022-06-14,23.1037,22.99,23.25,22.855,7577
2022-06-15,23.25,23.345,23.395,23.035,20187
2022-06-16,22.83,22.7997,22.959,22.76,10607
2022-06-17,22.71,22.6464,22.76,22.63,10839
2022-06-21,22.98,22.9315,23.11,22.84,12435
2022-06-22,22.62,22.73,22.84,22.62,3064
2022-06-23,22.61,22.5977,22.62,22.46,8117
2022-06-24,22.9124,23.1924,23.2,22.9124,5246
2022-06-27,23.32,23.1679,23.32,23.1445,3912
2022-06-28,23.4416,23.0955,23.4416,23.0955,6984
2022-06-29,23.049,22.94,23.05,22.94,1340
2022-06-30,22.62,22.8167,22.8167,22.57,40778
2022-07-01,22.78,22.8781,22.9099,22.61,3083
2022-07-05,22.34,22.4612,22.4635,22.2228,6184
2022-07-06,22.44,22.4414,22.52,22.28,8616
2022-07-07,22.8077,22.8105,22.8155,22.78,3255
2022-07-08,22.82,22.828366,22.979,22.82,2633
2022-07-11,22.59,22.4684,22.59,22.4684,4786
2022-07-12,22.5032,22.4654,22.62,22.425,17412
2022-07-13,22.24,22.4351,22.56,22.24,9837
2022-07-14,21.98,22.0701,22.0701,21.86,5201
2022-07-15,22.28,22.3085,22.3304,22.15,6707
2022-07-18,22.63,22.5,22.78,22.5,6554
2022-07-19,22.84,23.0299,23.0699,22.84,7245
2022-07-20,23.01,22.945,23.0954,22.8101,6005
2022-07-21,22.93,23.191,23.191,22.93,2575
2022-07-22,23.38,23.1088,23.38,23.03,6832
2022-07-25,23.3007,23.2701,23.3007,23.201,11382
2022-07-26,23.08,23.001,23.1399,22.983,5778
2022-07-27,23.1871,23.46,23.47,23.145,3176
2022-07-28,23.52,23.6535,23.67,23.52,2250
2022-07-29,23.67,23.9446,23.9446,23.67,5844
2022-08-01,23.96,23.9332,24.0117,23.88,4900
2022-08-02,23.75,23.618,23.835,23.618,4772
2022-08-03,23.77,23.7821,23.794,23.672,3981
2022-08-04,23.855,23.895,23.95,23.855,3663
2022-08-05,23.55,23.7027,23.75,23.51,12446
2022-08-08,23.96,23.783196,24.0,23.734,8251
2022-08-09,23.7,23.66,23.79,23.66,4629
2022-08-10,24.11,24.22,24.2688,24.11,1280
2022-08-11,24.43,24.2839,24.43,24.2051,3353
2022-08-12,24.2621,24.3691,24.42,24.252,9559
2022-08-15,24.23,24.2155,24.23,24.175,1720
2022-08-16,24.181,24.3101,24.33,24.181,7279
2022-08-17,24.07,24.0551,24.13,24.0102,4984
2022-08-18,24.11,24.0062,24.11,23.9666,4639
2022-08-19,23.745,23.73,23.745,23.602,9277
2022-08-22,23.47,23.3253,23.51,23.28,20010
2022-08-23,23.35,23.3373,23.59,23.32,8091
2022-08-24,23.4,23.4,23.45,23.33,7342
2022-08-25,23.54,23.64,23.64,23.471,4432
2022-08-26,23.61,23.11,23.63,23.0901,13934
2022-08-29,22.97,22.9847,23.07,22.93,9309
2022-08-30,23.125,22.8051,23.125,22.77,12800
2022-08-31,22.7646,22.6931,22.87,22.6931,9429
2022-09-01,22.43,22.3715,22.43,22.19,79470
2022-09-02,22.4761,22.2458,22.65,22.1422,16105
2022-09-06,22.34,22.11,22.34,22.07,9512
2022-09-07,22.0995,22.38,22.38,22.05,5801
2022-09-08,22.18,22.312553,22.405,22.18,5149
2022-09-09,22.65,22.8136,22.87,22.65,11172
2022-09-12,23.13,23.1719,23.2819,23.1223,3042
2022-09-13,22.74,22.3912,22.74,22.3912,5458
2022-09-14,22.45,22.4241,22.51,22.28,294395
2022-09-15,22.3294,22.18,22.3993,22.18,6568
2022-09-16,22.07,22.1323,22.16,21.9701,10174
2022-09-19,21.92,22.2101,22.24,21.92,2937
2022-09-20,21.96,21.7767,21.96,21.7,7303
2022-09-21,21.75,21.562,21.85,21.5605,7674
2022-09-22,21.56,21.43,21.56,21.3,8416
2022-09-23,21.05,20.8,21.05,20.675,22429
2022-09-26,20.67,20.39,20.67,20.29,9322
2022-09-27,20.42,20.2451,20.4772,20.165,4663
2022-09-28,20.24,20.7,20.71,20.15,47279
2022-09-29,20.72,20.4,20.72,20.12,12463
2022-09-30,20.34,20.2605,20.59,20.23,15570
2022-10-03,20.47,20.7549,20.805,20.47,7786
2022-10-04,21.25,21.5054,21.5054,21.25,14816
2022-10-05,21.24,21.2732,21.33,21.065,8459
2022-10-06,20.995,20.9212,21.02,20.88,2297
2022-10-07,20.74,20.5366,20.74,20.42,20812
2022-10-10,20.57,20.370694,20.57,20.395,4601
2022-10-11,20.175,20.1743,20.385,20.0989,3034
2022-10-12,20.05,19.93,20.065,19.93,8497
2022-10-13,19.69,20.4147,20.485,19.69,94566
2022-10-14,20.325,20.0786,20.325,20.03,5896
2022-10-17,20.615,20.55,20.68,20.53,30960
2022-10-18,20.87,20.75,20.87,20.68,9520
2022-10-19,20.6708,20.5336,20.6708,20.45,12322
2022-10-20,20.59,20.5,20.7385,20.3801,22235
2022-10-21,20.32,20.79,20.91,20.3,48048
2022-10-24,20.7,20.76,20.84,20.6451,20891
2022-10-25,20.94,21.2042,21.21,20.94,3965
2022-10-26,21.388,21.4174,21.54,21.388,2308
2022-10-27,21.373,21.2946,21.373,21.2944,19660
2022-10-28,21.38,21.43,21.43,21.3752,3040
2022-10-31,21.19,21.1726,21.25,21.11,5708
2022-11-01,21.71,21.45,21.71,21.315,21191
2022-11-02,21.51,21.1831,21.5801,21.1831,6568
2022-11-03,20.84,20.97,21.156,20.84,6529
2022-11-04,21.65,21.7946,21.7946,21.6232,1967
2022-11-07,21.87,21.868238,21.9999,21.87,4721
2022-11-08,22.0,22.1059,22.22,21.99,13198
2022-11-09,22.0222,21.8583,22.08,21.8583,16878
2022-11-10,22.67,23.004,23.235,22.67,10063
2022-11-11,23.17,23.485,23.49,23.17,14204
2022-11-14,23.32,23.296,23.46,23.296,13830
2022-11-15,23.67,23.3583,23.67,23.16,68855
2022-11-16,23.33,23.2624,23.33,23.2002,26716
2022-11-17,22.99,23.1703,23.23,22.99,11117
2022-11-18,23.18,23.2879,23.38,23.1795,12806
2022-11-21,22.99,23.05,23.0863,22.95,20715
2022-11-22,23.2189,23.3666,23.38,23.2189,13676
2022-11-23,23.49,23.6101,23.62,23.4613,15382
2022-11-25,23.57,23.694,23.694,23.57,2675
2022-11-28,23.5,23.36,23.61,23.27,31605
2022-11-29,23.43,23.3625,23.4891,23.3,51293
2022-11-30,23.54,23.7878,23.84,23.37,10932
2022-12-01,24.04,23.91,24.045,23.91,21242
2022-12-02,23.6801,23.94,23.97,23.6801,4723
2022-12-05,23.82,23.5437,23.82,23.5101,3092
2022-12-06,23.44,23.365,23.51,23.2701,3227
2022-12-07,23.4,23.3799,23.43,23.35,27380
2022-12-08,23.5,23.4651,23.52,23.4124,3150
2022-12-09,23.65,23.55,23.6909,23.54,44514
2022-12-12,23.5544,23.5982,23.5982,23.49,3125
2022-12-13,24.2684,23.9473,24.3,23.81,8654
2022-12-14,24.0046,23.945,24.039,23.79,4752
2022-12-15,23.42,23.32,23.42,23.28,17118
2022-12-16,23.0401,23.1398,23.1398,23.04,4957
2022-12-19,23.23,23.075,23.23,23.0,12589
2022-12-20,23.165,23.19,23.28,23.12,11568
2022-12-21,23.27,23.4038,23.44,23.27,14813
2022-12-22,23.27,23.2,23.27,23.05,23397
2022-12-23,23.2199,23.3131,23.33,23.155,6407
2022-12-27,23.297,23.4,23.465,23.297,13203
2022-12-28,23.2916,23.17,23.315,23.13,72277
2022-12-29,23.41,23.49,23.66,23.34,10567
2022-12-30,23.35,23.26,23.35,23.18,43885
2023-01-03,23.42,23.3,23.42,23.19,20923
2023-01-04,23.6343,23.6498,23.7,23.56,213394
2023-01-05,23.39,23.49,23.5199,23.39,13214
2023-01-06,23.6,24.075,24.0762,23.6,10590
2023-01-09,24.38,24.2452,24.4038,24.19,4672
2023-01-10,24.17,24.22,24.23,24.08,14954
2023-01-11,24.3,24.405,24.405,24.29,13796
2023-01-12,24.34,24.7308,24.7444,24.34,6220
2023-01-13,24.59,24.77,24.89,24.59,14161
2023-01-17,24.76,24.9068,24.95,24.76,10821
2023-01-18,25.15,24.8438,25.1724,24.84,11214
2023-01-19,24.76,24.75,24.84,24.705,19980
2023-01-20,24.72,25.0238,25.0238,24.65,198154
2023-01-23,24.98,25.1,25.1899,24.96,30735
2023-01-24,25.07,25.2026,25.2599,25.04,10992
2023-01-25,25.1,25.2948,25.2948,25.01,21277
2023-01-26,25.35,25.33,25.3695,25.2,31491
2023-01-27,25.29,25.3646,25.4167,25.25,38775
2023-01-30,25.32,25.15,25.32,25.15,33929
2023-01-31,25.05,25.19,25.22,25.04,30299
2023-02-01,25.22,25.5001,25.53,25.17,27265
2023-02-02,25.44,25.51,25.6,25.44,25311
2023-02-03,25.3,25.1749,25.34,25.14,81736
2023-02-06,24.96,24.9104,24.96,24.77,13288
2023-02-07,24.76,25.0922,25.1038,24.76,13057
2023-02-08,25.02,24.9201,25.02,24.916,15484
2023-02-09,25.28,24.947436,25.28,24.91,5119
2023-02-10,24.93,24.865,24.93,24.79,74035
2023-02-13,24.88,25.0349,25.0349,24.87,10739
2023-02-14,24.93,25.03,25.17,24.86,10351
2023-02-15,24.78,24.95,24.95,24.75,11692
2023-02-16,24.79,24.88,25.03,24.79,5035
2023-02-17,24.7,24.87,24.9132,24.7,9404
2023-02-21,24.8,24.635,24.8,24.55,46997
2023-02-22,24.55,24.4901,24.5656,24.4601,2470
2023-02-23,24.54,24.59,24.59,24.42,8559
2023-02-24,24.205,24.2208,24.2656,24.12,45674
2023-02-27,24.47,24.4954,24.56,24.44,30626
2023-02-28,24.42,24.29,24.45,24.29,17504
2023-03-01,24.5,24.51,24.5666,24.42,12536
2023-03-02,24.36,24.5269,24.59,24.36,6708
2023-03-03,24.5901,24.8607,24.93,24.5901,4274
2023-03-06,24.8301,24.7964,24.9142,24.7513,7269
2023-03-07,24.69,24.4249,24.69,24.33,7716
2023-03-08,24.49,24.5054,24.5054,24.445,1947
2023-03-09,24.5887,24.249818,24.61,24.3016,4333
2023-03-10,24.21,24.03,24.35,23.981,3170
2023-03-13,23.94,23.9849,24.09,23.94,5363
2023-03-14,24.16,24.1703,24.26,24.0955,11286
2023-03-15,23.53,23.522,23.63,23.37,9771
2023-03-16,23.49,23.93,23.93,23.49,27250
2023-03-17,23.72,23.6849,23.766,23.6073,19038
2023-03-20,23.915,24.0288,24.0751,23.91,10053
2023-03-21,24.34,24.2753,24.36,24.18,7712
2023-03-22,24.31,24.21,24.4618,24.21,17180
2023-03-23,24.4355,24.2183,24.525,24.16,7244
2023-03-24,23.96,24.0586,24.12,23.9,10786
2023-03-27,24.27,24.29,24.3,24.14,24811
2023-03-28,24.285,24.34,24.39,24.2601,5605
2023-03-29,24.5,24.555,24.59,24.49,12649
2023-03-30,24.79,24.8367,24.8367,24.79,2569
2023-03-31,24.9,24.99,25.03,24.8201,10475
2023-04-03,24.97,25.08,25.08,24.9115,5206
2023-04-04,25.13,25.0751,25.13,25.0201,4104
2023-04-05,25.02,24.915,25.02,24.8601,4915
2023-04-06,25.0,25.0001,25.0899,24.8601,15473
2023-04-10,24.9157,24.85202,25.01,24.8801,4782
2023-04-11,25.0499,25.03,25.0499,24.9606,5934
2023-04-12,25.24,25.1616,25.25,25.1616,9652
2023-04-13,25.37,25.515,25.56,25.33,11469
2023-04-14,25.47,25.395,25.5044,25.334,10229
2023-04-17,25.34,25.3526,25.37,25.27,5667
2023-04-18,25.4766,25.54,25.54,25.41,11892
2023-04-19,25.4199,25.45,25.46,25.3539,2868
2023-04-20,25.52,25.3843,25.52,25.3445,9607
2023-04-21,25.33,25.49,25.49,25.33,15330
2023-04-24,25.41,25.5251,25.65,25.41,25999
2023-04-25,25.24,25.1598,25.44,25.11,47804
2023-04-26,25.26,25.1818,25.27,25.111,12327
2023-04-27,25.2,25.42,25.44,25.2,17553
2023-04-28,25.29,25.48,25.48,25.29,17199
2023-05-01,25.42,25.4333,25.53,25.37,26453
2023-05-02,25.28,25.12,25.28,25.0344,4951
2023-05-03,25.25,25.1825,25.36,25.1825,5015
2023-05-04,25.1755,25.1499,25.23,25.1001,8186
2023-05-05,25.302,25.51,25.51,25.302,905
2023-05-08,25.52,25.5002,25.5552,25.46,8131
2023-05-09,25.407,25.375944,25.45,25.32,4441
2023-05-10,25.3361,25.26,25.3512,25.1501,8247
2023-05-11,25.18,25.1654,25.2299,25.06,15941
2023-05-12,25.29,25.19,25.29,25.09,6577
2023-05-15,25.25,25.3351,25.4,25.18,45552
2023-05-16,25.28,25.12,25.28,25.088,6485
2023-05-17,25.08,25.2035,25.22,24.98,19970
2023-05-18,25.003,25.1003,25.102,24.9671,23050
2023-05-19,25.1994,25.225,25.31,25.15,9994
2023-05-22,25.29,25.3146,25.343,25.25,4097
2023-05-23,25.065,24.97,25.14,24.97,4487
2023-05-24,24.71,24.665,24.71,24.6273,5346
2023-05-25,24.63,24.575,24.64,24.5101,15526
2023-05-26,24.69,24.77,24.8399,24.69,7916
2023-05-30,24.6,24.6265,24.6508,24.54,21853
2023-05-31,24.37,24.3883,24.44,24.2671,13692
2023-06-01,24.5201,24.775,24.8,24.5201,20053
2023-06-02,25.1476,25.1099,25.1541,25.0389,7795
2023-06-05,25.15,25.1099,25.18,24.9501,38748
2023-06-06,25.055,25.21,25.24,25.055,24597
2023-06-07,25.18,25.005,25.18,24.95,12010
2023-06-08,25.095,25.113382,25.25,25.095,12828
2023-06-09,25.05,25.0359,25.1043,25.01,23159
2023-06-12,25.0843,25.1542,25.1542,25.04,11183
2023-06-13,25.39,25.3848,25.459,25.355,14251
2023-06-14,25.51,25.44,25.5702,25.325,26699
2023-06-15,25.37,25.6,25.6545,25.37,12608
2023-06-16,25.7,25.569,25.759,25.56,5248
2023-06-20,25.32,25.23,25.32,25.18,5664
2023-06-21,25.145,25.29,25.3337,25.145,2620
2023-06-22,25.07,25.1101,25.15,25.04,6687
2023-06-23,24.7,24.6701,24.7221,24.64,7274
2023-06-26,24.71,24.75,24.86,24.71,15520
2023-06-27,24.89,24.9848,25.04,24.78,22453
2023-06-28,24.94,24.99,25.029,24.9028,7441
2023-06-29,24.95,24.9164,24.95,24.8891,8652
2023-06-30,25.1,25.2298,25.2429,25.1,3836
2023-07-03,25.23,25.2729,25.3331,25.23,2831
2023-07-05,25.21,25.03,25.21,24.98,7951
2023-07-06,24.7,24.62,24.7,24.52,12490
2023-07-07,24.65,24.802022,24.9,24.65,3670
2023-07-10,24.73,24.827,24.8415,24.7201,12926
2023-07-11,24.95,25.0577,25.0788,24.8901,10080
2023-07-12,25.5268,25.51,25.58,25.51,5880
2023-07-13,25.8254,25.9363,25.94,25.8101,13947
2023-07-14,25.88,25.7698,25.885,25.7698,9448
2023-07-17,25.7,25.785,25.83,25.7,11942
2023-07-18,25.81,25.9351,25.95,25.81,6447
2023-07-19,25.94,25.955,26.03,25.86,7367
2023-07-20,25.7909,25.764,25.8333,25.69,9626
2023-07-21,25.85,25.7882,25.8699,25.7601,13227
2023-07-24,25.76,25.805,25.885,25.76,6212
2023-07-25,25.911,25.9137,25.9137,25.83,9930
2023-07-26,25.8,26.0205,26.027,25.8,4387
2023-07-27,26.16,25.9085,26.1799,25.85,3774
2023-07-28,26.03,26.05,26.11,25.9901,3333
2023-07-31,26.073,26.036,26.1352,26.0001,7004
2023-08-01,25.77,25.73,25.77,25.6701,16217
2023-08-02,25.39,25.2407,25.39,25.2061,6142
2023-08-03,25.11,25.1532,25.25,25.078,10644
2023-08-04,25.325,25.2368,25.5399,25.2368,6664
2023-08-07,25.34,25.392809,25.43,25.34,2840
2023-08-08,25.045,25.1898,25.1898,25.0,5588
2023-08-09,25.24,25.2372,25.2989,25.2372,2064
2023-08-10,25.56,25.2851,25.56,25.28,17459
2023-08-11,25.19,25.1385,25.19,25.08,4160
2023-08-14,24.95,24.9972,25.0199,24.9101,9882
2023-08-15,24.76,24.7201,24.8322,24.7,7048
2023-08-16,24.66,24.56,24.7,24.4918,12464
2023-08-17,24.5,24.32,24.5,24.28,3803
2023-08-18,24.21,24.34,24.36,24.21,4702
2023-08-21,24.37,24.385,24.41,24.2647,9365
2023-08-22,24.46,24.32,26.67,24.28,4607
2023-08-23,24.4171,24.5702,24.6,24.4171,7772
2023-08-24,24.49,24.2953,24.49,24.2953,3141
2023-08-25,24.42,24.4446,24.5,24.2301,11101
2023-08-28,24.575,24.67,24.68,24.575,13377
2023-08-29,24.65,25.03,25.03,24.65,9428
2023-08-30,25.017,24.9751,25.03,24.8953,3170
2023-08-31,25.0399,24.9335,25.0399,24.85,6797
2023-09-01,25.0358,24.9535,25.0358,24.86,9900
2023-09-05,24.79,24.696695,24.8299,24.711,5665
2023-09-06,24.7,24.64,24.7,24.52,8575
2023-09-07,24.41,24.5073,24.56,24.41,2355
2023-09-08,24.5,24.4251,24.56,24.4206,3997
2023-09-11,24.64,24.6846,24.7399,24.595,6323
2023-09-12,24.56,24.66,24.66,24.55,4188
2023-09-13,24.6,24.515,24.6,24.4801,6289
2023-09-14,24.74,24.8696,24.8999,24.74,6651
2023-09-15,24.9,24.875,24.97,24.83,10119
2023-09-18,24.6943,24.82,24.82,24.6943,3499
2023-09-19,24.83,24.8,24.8341,24.7265,7423
2023-09-20,24.9,24.7353,24.9,24.7353,2262
2023-09-21,24.44,24.366,24.5099,24.366,12086
2023-09-22,24.46,24.3398,24.48,24.28,26173
2023-09-25,24.15,24.2318,24.24,24.115,8830
2023-09-26,23.9401,23.9207,23.9401,23.9125,1330
2023-09-27,23.995,23.83,23.995,23.681,50052
2023-09-28,24.03,24.04,24.0876,24.0,6107
2023-09-29,24.22,23.971,24.22,23.9,9506
2023-10-02,23.81,23.53,23.81,23.4737,13764
2023-10-03,23.33,23.25,23.38,23.16,49919
2023-10-04,23.25,23.29,23.29,23.08,13857
2023-10-05,23.41,23.47,23.51,23.32,100543
2023-10-06,23.37,23.68,23.8,23.37,9375
2023-10-09,23.5,23.71,23.7334,23.5,5633
2023-10-10,23.98,23.923098,24.0794,23.98,10645
2023-10-11,23.98,23.985,24.05,23.86,10342
2023-10-12,23.99,23.72,23.99,23.71,14424
2023-10-13,23.68,23.62,23.7707,23.5443,6208
2023-10-16,23.65,23.7572,23.81,23.65,7945
2023-10-17,23.57,23.7355,23.74,23.57,6143
2023-10-18,23.53,23.34,23.53,23.3101,22106
2023-10-19,23.3,23.179,23.35,23.1488,14349
2023-10-20,23.0582,22.92,23.0799,22.92,12073
2023-10-23,22.865,22.9585,23.0799,22.865,12265
2023-10-24,23.075,23.0631,23.0836,22.95,8938
2023-10-25,22.91,22.8447,23.0089,22.8,12304
2023-10-26,22.68,22.6894,22.8083,22.62,12312
2023-10-27,22.7,22.6328,22.77,22.23,66218
2023-10-30,22.88,22.9366,22.98,22.75,7377
2023-10-31,22.91,23.0,23.0,22.91,2737
2023-11-01,23.0,23.21,23.2467,23.0,9370
2023-11-02,23.615,23.6775,23.68,23.5593,8210
2023-11-03,24.01,24.0263,24.0751,23.97,12277
2023-11-06,24.05,23.9356,24.09,23.9,13125
2023-11-07,23.73,23.723885,23.7807,23.7,7805
2023-11-08,23.69,23.7044,23.755,23.59,8680
2023-11-09,23.9001,23.7005,23.92,23.695,4760
2023-11-10,23.675,23.7995,23.81,23.62,3275
2023-11-13,23.735,23.885,23.8899,23.735,3262
2023-11-14,24.27,24.5131,24.55,24.27,8992
2023-11-15,24.53,24.5077,24.6099,24.5,5249
2023-11-16,24.44,24.46,24.54,24.44,46998
2023-11-17,24.7076,24.7515,24.78,24.54,28952
2023-11-20,24.76,24.8557,24.88,24.76,10342
2023-11-21,24.9,24.7718,24.9,24.75,6052
2023-11-22,24.8,24.83,24.8599,24.79,2384
2023-11-24,24.9825,25.0139,25.02,24.95,4344
2023-11-27,24.97,24.9701,25.0,24.89,9890
2023-11-28,24.93,25.0247,25.0453,24.93,3620
2023-11-29,25.1,25.0747,25.17,25.06,9279
2023-11-30,25.0759,25.0835,25.1099,25.02,6172
2023-12-01,25.1796,25.3454,25.3646,25.1693,4363
2023-12-04,25.13,25.13,25.1499,25.07,4011
2023-12-05,25.03,25.0348,25.07,25.02,5260
2023-12-06,25.3054,25.125,25.3054,25.125,2400
2023-12-07,25.14,25.3118,25.3199,25.14,6346
2023-12-08,25.24,25.3247,25.37,25.24,5051
2023-12-11,25.29,25.3814,25.415,25.29,3562
2023-12-12,25.3799,25.37,25.395,25.35,4632
2023-12-13,25.36,25.801,25.86,25.3299,10318
2023-12-14,26.0278,26.0449,26.1481,26.01,8355
2023-12-15,25.97,25.760865,25.9838,25.78,9173
2023-12-18,25.91,25.81,25.91,25.765,5740
2023-12-19,26.02,26.0289,26.08,25.98,11082
2023-12-20,26.02,25.7526,26.11,25.75,24706
2023-12-21,26.1,26.2479,26.26,25.9782,58098
2023-12-22,26.28,26.26,26.2901,26.1999,4796
2023-12-26,26.39,26.3888,26.402,26.274,8302
2023-12-27,26.34,26.484,26.5,26.34,27248
2023-12-28,26.5,26.4569,26.5995,26.44,10075
2023-12-29,26.5,26.4462,26.64,26.44,6061
2024-01-02,26.25,26.1435,26.3423,26.13,7967
2024-01-03,25.94,25.9144,25.98,25.8554,8479
2024-01-04,25.9,25.9679,26.07,25.9,3834
2024-01-05,25.95,25.9826,26.1669,25.92,6085
2024-01-08,26.05,26.2454,26.2454,26.0146,6239
2024-01-09,26.03,26.0281,26.06,26.0043,22524
2024-01-10,26.0,26.109512,26.12,26.0,8116
2024-01-11,26.23,26.1453,26.23,25.94,13355
2024-01-12,26.41,26.24,26.41,26.1701,4608
2024-01-16,25.97,25.753,25.97,25.72,18163
2024-01-17,25.42,25.55,25.55,25.37,12643
2024-01-18,25.53,25.6584,25.6599,25.53,9066
2024-01-19,25.6,25.76,25.76,25.47,30768
2024-01-22,25.94,25.8095,25.94,25.76,13523
2024-01-23,25.72,25.82,25.82,25.6735,14138
2024-01-24,26.04,25.8843,26.04,25.8843,22877
2024-01-25,25.9894,25.97,25.9894,25.8301,15744
2024-01-26,26.11,26.025,26.11,25.985,22083
2024-01-29,25.96,26.1389,26.14,25.9315,11632
2024-01-30,26.16,26.0985,26.1615,26.0001,5191
2024-01-31,26.1527,25.9649,26.258,25.9649,6039
2024-02-01,26.06,26.2102,26.2102,26.025,5191
2024-02-02,26.21,26.0693,26.21,25.9301,10844
2024-02-05,25.91,25.8548,25.92,25.73,4050
2024-02-06,25.83,25.9292,25.9594,25.79,2673
2024-02-07,26.0,25.884,26.0,25.87,6362
2024-02-08,25.97,25.934952,25.97,25.82,8895
2024-02-09,25.8742,26.0,26.0,25.7915,9824
2024-02-12,25.99,26.0253,26.11,25.99,6208
2024-02-13,25.8,25.64,25.8,25.49,13320
2024-02-14,25.84,25.9211,25.93,25.76,8587
2024-02-15,26.09,26.2393,26.2674,26.0701,4062
2024-02-16,26.24,26.3274,26.43,26.2318,7731
2024-02-20,26.46,26.4403,26.47,26.3501,12944
2024-02-21,26.36,26.4679,26.47,26.36,7605
2024-02-22,26.64,26.7266,26.76,26.57,12045
2024-02-23,26.69,26.71,26.799,26.69,3942
2024-02-26,26.67,26.6228,26.6986,26.55,17307
2024-02-27,26.645,26.6832,26.69,26.645,4377
2024-02-28,26.54,26.54,26.67,26.54,17077
2024-02-29,26.7,26.6514,26.79,26.55,13892
2024-03-01,26.846,26.81,26.8788,26.81,14600
2024-03-04,26.82,26.77,26.91,26.7601,14546
2024-03-05,26.86,26.75,26.88,26.75,10756
2024-03-06,27.04,27.01,27.18,27.01,5169
2024-03-07,27.3,27.3596,27.3896,27.2749,9848
2024-03-08,27.48,27.001066,27.4881,27.22,2365
2024-03-11,26.97,26.9321,26.97,26.77,2531
2024-03-12,26.99,27.0918,27.1384,26.99,4025
2024-03-13,27.13,27.1735,27.25,27.13,19754
2024-03-14,27.0315,26.904,27.0315,26.85,7687
2024-03-15,27.07,26.9603,27.07,26.9099,23467
2024-03-18,27.08,26.9218,27.08,26.9218,4887
2024-03-19,26.97,27.0141,27.08,26.868,8992
2024-03-20,27.13,27.3065,27.37,26.98,24856
2024-03-21,27.38,27.3547,27.3999,27.3116,8939
2024-03-22,27.43,27.2147,27.43,27.1899,12308
2024-03-25,27.25,27.154,27.25,27.11,9047
2024-03-26,27.2229,27.1579,27.2699,27.1579,12128
2024-03-27,27.33,27.2862,27.33,27.2381,4222
2024-03-28,28.59,27.245,28.59,27.245,15929
2024-04-01,27.3,27.12,27.3,27.02,27901
2024-04-02,26.92,26.9186,26.94,26.85,21042
2024-04-03,26.93,27.09,27.1172,26.84,3825
2024-04-04,27.25,26.8817,27.25,26.8761,46541
2024-04-05,26.8,26.98,27.03,26.79,6644
2024-04-08,27.2,27.0598,27.2,27.0598,10699
2024-04-09,27.18,27.1,27.18,26.9685,5868
2024-04-10,26.74,26.533954,26.74,26.62,4360
2024-04-11,26.595,26.6345,26.66,26.39,10046
2024-04-12,26.4,26.16,26.43,26.11,21542
2024-04-15,26.61,26.0719,26.61,26.04,19976
2024-04-16,26.01,25.8611,26.01,25.7596,7062
2024-04-17,26.04,25.8601,26.04,25.75,5169
2024-04-18,25.95,25.816,25.9699,25.7794,2933
2024-04-19,25.98,25.8323,25.98,25.8323,6513
2024-04-22,26.01,26.1698,26.231,25.97,111016
2024-04-23,26.28,26.3751,26.43,26.21,9780
2024-04-24,26.41,26.2364,26.41,26.22,6762
2024-04-25,26.06,26.2012,26.23,25.88,13669
2024-04-26,26.51,26.41,26.51,26.2601,17806
2024-04-29,26.48,26.4659,26.5,26.39,4344
2024-04-30,26.28,26.116,26.28,26.116,5271
2024-05-01,26.14,26.0783,26.38,26.02,12091
2024-05-02,26.3926,26.4815,26.5384,26.2822,7505
2024-05-03,26.78,26.685,26.78,26.5601,10119
2024-05-06,26.9,26.95,26.95,26.82,6443
2024-05-07,27.11,26.93,27.11,26.8733,10334
2024-05-08,26.93,26.786975,26.939,26.8001,4868
2024-05-09,26.84,26.9,26.98,26.811,17792
2024-05-10,27.05,27.0191,27.15,26.99,4587
2024-05-13,27.13,27.0001,27.14,26.9614,5772
2024-05-14,27.22,27.18,27.22,27.0938,2586
2024-05-15,27.44,27.4509,27.4999,27.2567,8486
2024-05-16,27.57,27.3649,27.57,27.36,7320
2024-05-17,27.46,27.445,27.46,27.35,10337
2024-05-20,27.59,27.52,27.59,27.43,5622
2024-05-21,27.44,27.405,27.4599,27.4,2892
2024-05-22,27.3,27.1825,27.33,27.14,10662
2024-05-23,27.2896,27.0485,27.2896,27.005,5646
2024-05-24,27.26,27.22,27.2755,27.1107,7310
2024-05-28,27.36,27.2176,27.36,27.18,4398
2024-05-29,27.03,26.8307,27.03,26.7967,8684
2024-05-30,27.06,26.9992,27.09,26.97,5377
2024-05-31,27.0917,27.27,27.28,27.0016,19608
2024-06-03,27.42,27.3354,27.9,27.19,20405
2024-06-04,27.23,27.17,27.24,27.1001,11940
2024-06-05,27.36,27.285,27.39,27.21,9323
2024-06-06,27.35,27.4237,27.43,27.35,1974
2024-06-07,27.19,27.128,27.23,27.09,5740
2024-06-10,26.98,27.0469,27.14,26.93,21991
2024-06-11,26.79,26.595126,26.79,26.65,4810
2024-06-12,27.17,27.0111,27.17,26.94,6279
2024-06-13,26.71,26.62,26.8,26.45,22436
2024-06-14,26.28,26.27,26.28,26.14,14949
2024-06-17,26.22,26.3251,26.36,26.13,6020
2024-06-18,26.38,26.4851,26.51,26.38,8777
2024-06-20,26.54,26.54,26.5787,26.44,4471
2024-06-21,26.33,26.31,26.3699,26.2301,12945
2024-06-24,26.47,26.629,26.66,26.47,5166
2024-06-25,26.49,26.64,26.66,26.49,7395
2024-06-26,26.36,26.4233,26.51,26.324,9017
2024-06-27,26.3,26.4,26.51,26.3,12505
2024-06-28,26.67,26.5225,26.67,26.472,9905
2024-07-01,26.63,26.56,26.64,26.43,11273
2024-07-02,26.49,26.6596,26.68,26.49,6709
2024-07-03,26.84,27.0297,27.08,26.84,2621
2024-07-05,27.13,27.185,27.185,27.1,13435
2024-07-08,27.23,27.0585,27.24,27.04,6785
2024-07-09,27.03,26.941559,27.03,26.85,5669
2024-07-10,26.98,27.18,27.2684,26.98,9224
2024-07-11,27.42,27.3693,27.4728,27.31,8929
2024-07-12,27.6463,27.53,27.72,27.521,4176
2024-07-15,27.55,27.388,28.11,27.32,6559
2024-07-16,27.44,27.5444,27.5444,27.44,4231
2024-07-17,27.53,27.4746,27.555,27.39,3706
2024-07-18,27.58,27.2924,27.58,27.24,14504
2024-07-19,27.24,27.13,27.24,27.125,5573
2024-07-22,27.37,27.47,27.52,27.26,11294
2024-07-23,27.27,27.2387,27.2999,27.23,9186
2024-07-24,27.212,27.015,27.2199,27.0016,23205
2024-07-25,26.86,26.889,27.0199,26.7727,8169
2024-07-26,27.12,27.1822,27.225,27.09,9557
2024-07-29,27.22,27.17,27.22,27.0509,7956
2024-07-30,27.25,27.26,27.27,27.17,7047
2024-07-31,27.57,27.5548,27.5799,27.4318,1538
2024-08-01,27.26,26.8265,27.26,26.7,8614
2024-08-02,26.58,26.45,26.5901,26.17,18247
2024-08-05,25.56,25.86,25.9594,24.64,15506
2024-08-06,25.69,25.91,25.99,25.69,29980
2024-08-07,26.38,26.04637,26.485,26.0542,15041
2024-08-08,26.3,26.4318,26.445,26.3,3296
2024-08-09,26.43,26.6,26.6,26.3512,6885
2024-08-12,26.59,26.59,26.63,26.5622,2736
2024-08-13,26.77,26.9999,27.02,26.73,10264
2024-08-14,27.05,27.12,27.12,27.0231,12373
2024-08-15,27.32,27.3701,27.43,27.28,3930
2024-08-16,27.41,27.4911,27.55,27.41,8571
2024-08-19,27.68,27.9,28.39,27.68,7303
2024-08-20,27.82,27.826,27.88,27.8059,4765
2024-08-21,27.99,28.1,28.1,27.8702,4057
2024-08-22,28.15,27.95,28.15,27.93,3491
2024-08-23,28.16,28.4174,28.43,28.16,4079
2024-08-26,28.46,28.4242,28.46,28.3335,8523
2024-08-27,28.43,28.4882,28.5693,28.3319,9450
2024-08-28,28.44,28.3836,28.5,28.27,13623
2024-08-29,28.53,28.4599,28.6,28.4599,20727
2024-08-30,28.58,28.52,28.67,28.41,13235
2024-09-03,28.4,28.0637,28.4,28.0637,12554
2024-09-04,28.07,28.05,28.11,28.01,8424
2024-09-05,28.2,28.21,28.26,28.02,5211
2024-09-06,28.14,27.73,28.14,27.664,6613
2024-09-09,27.95,27.9716,28.03,27.89,6189
2024-09-10,27.93,27.728058,27.93,27.7,3657
2024-09-11,27.76,27.8417,27.8417,27.45,7396
2024-09-12,27.91,28.22,28.22,27.83,6946
2024-09-13,28.26,28.26,28.32,28.15,5953
2024-09-16,28.4,28.4445,29.12,28.26,11024
2024-09-17,28.49,28.3794,28.49,28.3633,7139
2024-09-18,28.39,28.21,28.48,28.02,176019
2024-09-19,28.62,28.683,28.75,28.45,11912
2024-09-20,28.58,28.4732,28.6,28.3401,3475
2024-09-23,28.535,28.5689,28.6499,28.51,8896
2024-09-24,28.66,28.6985,28.7299,28.52,7460
2024-09-25,28.8,28.582,28.8,28.54,4778
2024-09-26,29.06,29.0911,29.17,28.94,5822
2024-09-27,29.19,28.9603,29.22,28.93,8533
2024-09-30,29.0,28.8744,29.01,28.81,9950
2024-10-01,28.92,28.72,28.92,28.5702,9140
2024-10-02,28.5,28.62,28.64,28.5,4052
2024-10-03,28.45,28.366,28.4968,28.3006,4409
2024-10-04,28.42,28.4718,28.4999,28.4097,5543
2024-10-07,28.36,28.20042,28.37,28.235,4750
2024-10-08,28.27,28.2006,28.27,28.1122,4999
2024-10-09,28.15,28.256,28.92,27.94,18856
2024-10-10,28.17,28.22,28.22,28.051,7606
2024-10-11,28.22,28.27,28.3499,28.21,3423
2024-10-14,28.29,28.35,28.35,28.29,1822
2024-10-15,28.38,28.0469,28.38,28.0469,11238
2024-10-16,28.18,28.13,28.18,28.08,3229
2024-10-17,28.23,28.11,28.23,28.07,6161
2024-10-18,28.3,28.2653,28.3381,28.19,6421
2024-10-21,28.128,28.01,28.16,28.01,2419
2024-10-22,27.85,27.8341,27.88,27.73,12716
2024-10-23,27.63,27.58,27.7,27.4701,16205
2024-10-24,27.74,27.61,27.75,27.53,11173
2024-10-25,27.74,27.5343,27.74,27.5343,3461
2024-10-28,27.69,27.7444,27.81,27.6122,9140
2024-10-29,27.69,27.66,27.72,27.58,33502
2024-10-30,27.45,27.4862,27.62,27.45,20149
2024-10-31,27.42,27.3037,27.42,27.162,6220
2024-11-01,27.514,27.3459,27.514,27.33,4443
2024-11-04,27.54,27.4196,27.54,27.3741,2688
2024-11-05,27.62,27.7409,27.8,27.55,6544
2024-11-06,27.33,27.342,28.35,26.89,23806
2024-11-07,27.745,27.7713,27.78,27.69,12592
2024-11-08,27.53,27.446,27.53,27.37,4431
2024-11-11,27.55,27.4448,27.55,27.41,6391
2024-11-12,27.25,27.0267,27.25,26.92,3727
2024-11-13,26.95,26.84,26.95,26.77,25651
2024-11-14,27.01,26.8503,27.04,26.83,19823
2024-11-15,26.8373,26.8175,26.84,26.76,13043
2024-11-18,26.91,27.0155,27.0915,26.8577,10151
2024-11-19,26.88,27.05,27.05,26.8,14643
2024-11-20,26.96,26.92,26.96,26.7898,6798
2024-11-21,26.97,27.0196,27.06,26.96,9733
2024-11-22,27.07,27.0914,27.1787,27.0,17262
2024-11-25,27.31,27.1856,27.33,27.14,3913
2024-11-26,27.13,27.09,27.14,26.91,18724
2024-11-27,27.2,27.16,27.24,27.06,26823
2024-11-29,27.3,27.4602,27.4602,27.2105,1687
2024-12-02,27.5,27.5546,27.58,27.37,12059
2024-12-03,27.66,27.635,27.71,27.56,10664
2024-12-04,27.69,27.6377,27.69,27.58,5208
2024-12-05,27.82,27.88,27.91,27.68,21499
2024-12-06,27.86,27.6736,27.86,27.58,7988
2024-12-09,27.83,27.6856,27.83,27.6801,6794
2024-12-10,27.61,27.4638,27.61,27.4113,5379
2024-12-11,27.57,27.550498,27.626,27.45,6059
2024-12-12,27.41,27.2944,27.42,27.28,9074
2024-12-13,27.36,27.2448,27.36,27.1868,7378
2024-12-16,27.18,27.2,27.3,27.17,6796
2024-12-17,27.05,27.0389,27.1,27.01,6232
2024-12-18,27.07,26.4248,27.12,26.4015,12043
2024-12-19,26.51,26.3792,26.56,26.3188,49313
2024-12-20,26.21,26.416,26.61,26.21,21329
2024-12-23,26.38,26.54,26.579,26.38,9626
2024-12-24,26.62,26.6355,26.73,26.5672,5063
2024-12-26,26.63,26.71,26.98,26.57,17327
2024-12-27,26.615,26.6401,26.71,26.5,8995
2024-12-30,26.56,26.57,26.63,26.45,6336
2024-12-31,26.5911,26.5811,26.67,26.4804,6109
2025-01-02,26.5485,26.26,26.64,26.26,38414
2025-01-03,26.4,26.33,26.5894,26.33,30857
2025-01-06,26.74,26.7337,26.9,26.732,3994
2025-01-07,26.88,26.658775,26.89,26.66,8132
2025-01-08,26.54,26.61,26.6799,26.54,32834
2025-01-10,26.43,26.14,26.4775,26.04,126336
2025-01-13,25.89,26.06,26.1499,25.89,127709
2025-01-14,26.09,26.2,26.248,26.01,64952
2025-01-15,26.58,26.55,26.61,26.4701,29550
2025-01-16,26.52,26.55,26.64,26.5082,7901
2025-01-17,26.68,26.7056,26.8099,26.67,20070
2025-01-21,27.02,27.2,27.21,27.02,11486
2025-01-22,27.24,27.16,27.255,27.12,17810
2025-01-23,27.22,27.38,27.38,27.2,12638
2025-01-24,27.46,27.4749,27.598,27.335,19350
2025-01-27,27.39,27.41,27.49,27.39,3730
2025-01-28,27.49,27.48,27.49,27.375,9354
2025-01-29,27.42,27.4426,27.51,27.36,5764
2025-01-30,27.73,27.6773,27.77,27.6773,5439
2025-01-31,27.64,27.406,27.78,27.406,3596
2025-02-03,26.94,27.1282,27.2268,26.75,12674
2025-02-04,27.25,27.43,27.4899,27.25,16303
2025-02-05,27.54,27.6596,27.66,27.54,7466
2025-02-06,27.67,27.669436,27.8,27.67,15947
2025-02-07,27.73,27.55,27.81,27.52,12018
2025-02-10,27.65,27.66,27.75,27.64,10171
2025-02-11,27.71,27.85,27.85,27.6306,6690
2025-02-12,27.7,27.96,28.0,27.7,9373
2025-02-13,28.03,28.34,28.4,28.03,13855
2025-02-14,28.4,28.2993,28.42,28.2993,4099
2025-02-18,28.46,28.53,28.68,28.4183,10081
2025-02-19,28.19,28.22,28.2591,28.15,6390
2025-02-20,28.37,28.42,28.42,28.245,2612
2025-02-21,28.37,28.132,28.37,28.132,3781
2025-02-24,28.27,28.21,28.86,28.18,80021
2025-02-25,28.5,28.455,28.5167,28.3,58842
2025-02-26,28.52,28.51,28.825,28.45,20694
2025-02-27,28.37,28.17,28.37,28.1301,5867
2025-02-28,28.1,28.1481,28.19,27.96,9506
2025-03-03,28.71,28.5,28.805,28.34,14363
2025-03-04,28.27,28.47,28.665,27.9883,13740
2025-03-05,28.9,29.1958,29.1958,28.85,29608
2025-03-06,29.05,28.98,29.24,28.87,16382
2025-03-07,29.03,29.242557,29.31,28.9701,23789
2025-03-10,28.88,28.75,28.88,28.57,13530
2025-03-11,28.76,28.6989,28.7691,28.43,14081
2025-03-12,28.78,28.79,28.965,28.675,18626
2025-03-13,28.65,28.615,28.72,28.6092,12560
2025-03-14,28.88,29.0962,29.0962,28.88,14218
2025-03-17,29.14,29.3643,29.39,29.14,13005
2025-03-18,29.36,29.3619,29.41,29.2201,22567
2025-03-19,29.3,29.438,29.45,29.275,10064
2025-03-20,29.08,29.2844,29.2999,28.97,23833
2025-03-21,29.04,29.0647,29.0882,28.9762,13214
2025-03-24,29.135,29.1679,29.17,29.09,1941
2025-03-25,29.36,29.335,29.36,29.2602,10528
2025-03-26,29.21,29.0512,29.259,29.01,9277
2025-03-27,29.07,29.1847,29.24,29.07,6415
2025-03-28,28.98,28.894,29.02,28.8607,8540
2025-03-31,28.55,28.75,28.81,28.49,18522
2025-04-01,28.77,28.8299,28.87,28.69,23911
2025-04-02,28.6,28.9121,28.93,28.6,8234
2025-04-03,28.83,28.6,28.83,28.5689,20222
2025-04-04,27.56,26.8496,27.58,26.835,21990
2025-04-07,26.34,26.2259,27.58,25.86,16255
2025-04-08,26.8933,26.0005,26.9784,25.85,11294
2025-04-09,26.17,27.790323,27.9132,26.03,18886
2025-04-10,27.45,27.3176,27.45,26.89,9253
2025-04-11,27.55,28.0762,28.0762,27.55,15318
