2017-10-31,40.25,40.95,41.01,39.84,1636227
2017-11-01,41.0,40.68,41.28,40.21,2730565
2017-11-02,41.14,41.35,41.6,40.49,3494225
2017-11-03,41.06,41.15,41.45,40.97,3003970
2017-11-06,41.2,41.48,42.48,40.86,6016949
2017-11-07,41.0,41.93,42.94,40.93,8299631
2017-11-08,41.67,40.08,41.85,39.63,5228025
2017-11-09,39.96,40.16,40.35,39.6,3201651
2017-11-10,40.46,40.82,41.01,40.13,3976706
2017-11-13,40.53,40.44,40.65,39.9,3718369
2017-11-14,40.29,40.2,40.44,39.89,2603207
2017-11-15,40.09,40.26,40.705,39.78,3356204
2017-11-16,40.21,41.0,41.62,40.01,3627863
2017-11-17,41.14,41.66,42.19,41.14,4198275
2017-11-20,41.82,42.07,42.43,41.68,4212062
2017-11-21,42.24,41.25,42.28,41.07,1937168
2017-11-22,41.21,41.03,41.44,40.95,1016778
2017-11-24,41.05,40.86,41.26,40.82,795149
2017-11-27,40.99,40.59,41.16,40.46,2035233
2017-11-28,40.53,40.65,41.05,40.24,3987971
2017-11-29,40.84,41.51,42.13,40.82,3007260
2017-11-30,41.16,41.69,42.05,41.0,2921414
2017-12-01,41.73,41.54,41.82,41.03,2240974
2017-12-04,41.74,41.65,42.23,41.61,1854254
2017-12-05,42.36,41.75,42.62,41.375,2337186
2017-12-06,41.71,41.3725,42.01,41.28,2638539
2017-12-07,41.46,42.26,42.37,41.125,3306846
2017-12-08,41.92,42.26,42.39,41.79,1946881
2017-12-11,42.2,41.39,42.43,41.185,2050633
2017-12-12,41.26,41.51,42.29,41.24,2408664
2017-12-13,41.51,42.27,42.41,41.49,2527992
2017-12-14,42.24,42.82,43.44,42.098,5487300
2017-12-15,43.0,42.83,43.31,42.69,4543513
2017-12-18,42.89,43.49,43.78,42.89,4921977
2017-12-19,43.35,43.48,43.7,43.18,1649384
2017-12-20,43.72,43.28,43.83,43.23,1587001
2017-12-21,43.65,44.27,44.67,43.61,2792457
2017-12-22,44.31,44.38,44.44,44.09,1838760
2017-12-26,44.52,44.95,44.99,44.425,1311729
2017-12-27,45.0,44.65,45.28,44.56,1620783
2017-12-28,44.9,44.34,45.0,44.03,1347323
2017-12-29,44.47,44.23,44.81,44.23,1113857
2018-01-02,44.37,45.26,45.29,44.3201,1884351
2018-01-03,45.34,45.27,45.56,45.12,2180644
2018-01-04,45.2,45.2,45.48,44.23,1946995
2018-01-05,45.29,45.41,45.7,45.14,1727009
2018-01-08,45.43,45.29,45.8,44.92,1935476
2018-01-09,45.27,45.35,45.745,45.13,2220832
2018-01-10,45.19,45.23,45.53,44.72,2018575
2018-01-11,45.2,45.52,45.62,45.03,1415554
2018-01-12,45.49,45.78,45.8,45.07,2325417
2018-01-16,45.75,45.9,46.17,45.7,2684755
2018-01-17,46.11,46.99,47.57,45.9,2417603
2018-01-18,46.96,47.31,47.42,46.79,2695777
2018-01-19,47.58,47.76,48.14,47.56,2554418
2018-01-22,47.67,47.51,47.92,47.3,2380774
2018-01-23,47.51,47.58,47.74,47.24,2590694
2018-01-24,47.73,47.54,48.56,47.43,1884714
2018-01-25,47.75,47.43,48.06,47.29,2103255
2018-01-26,47.67,47.74,47.96,47.28,1825794
2018-01-29,47.74,48.44,48.8,47.51,2460560
2018-01-30,47.98,47.85,48.45,47.628,2865197
2018-01-31,47.78,47.04,48.13,46.97,2934617
2018-02-01,46.75,46.96,47.69,46.11,2409216
2018-02-02,46.95,45.96,46.99,45.96,2707572
2018-02-05,45.89,44.97,46.5,44.97,3337848
2018-02-06,46.9,49.02,49.38,46.46,9419823
2018-02-07,48.93,50.1,50.71,48.93,7974146
2018-02-08,48.76,48.85,50.46,48.23,8124090
2018-02-09,49.12,49.06,49.45,47.42,5827666
2018-02-12,49.11,49.91,50.35,49.11,4946341
2018-02-13,49.91,50.14,50.25,49.65,2152698
2018-02-14,49.97,50.49,50.99,49.74,2589854
2018-02-15,50.5,50.63,50.83,50.17,2801198
2018-02-16,50.36,50.06,50.45,49.89,3189235
2018-02-20,49.79,49.41,49.94,49.23,2594474
2018-02-21,49.5,49.58,50.25,49.36,2369688
2018-02-22,49.66,49.77,49.99,49.52,1899900
2018-02-23,50.0,50.65,50.67,49.65,1724168
2018-02-26,50.77,51.16,51.2,50.71,2407574
2018-02-27,51.37,50.65,51.64,50.58,2376225
2018-02-28,50.71,50.91,51.38,50.27,2915454
2018-03-01,50.83,50.27,50.83,49.6,1987300
2018-03-02,50.0,50.95,51.04,49.45,2580302
2018-03-05,50.55,50.98,51.21,50.42,1874826
2018-03-06,50.99,51.2,51.2,50.4786,1759010
2018-03-07,50.67,50.3525,51.15,50.45,1593343
2018-03-08,50.66,51.96,52.52,50.53,4258212
2018-03-09,52.21,52.49,52.8,51.97,3182849
2018-03-12,52.59,52.46,52.85,52.24,1987953
2018-03-13,52.67,52.98,53.4,52.52,2046476
2018-03-14,53.06,52.48,53.2,52.18,1715981
2018-03-15,52.58,52.37,52.75,52.21,1538433
2018-03-16,52.37,52.77,53.075,52.23,3671967
2018-03-19,52.67,52.21,53.015,51.96,2899763
2018-03-20,52.39,53.18,53.25,52.25,2058427
2018-03-21,53.15,52.97,53.51,52.94,2015965
2018-03-22,52.58,51.95,53.02,51.92,2036866
2018-03-23,52.23,51.74,52.89,51.7,2590667
2018-03-26,52.18,53.24,53.32,52.08,1727672
2018-03-27,53.46,53.11,53.57,52.7,3042597
2018-03-28,53.32,52.51,53.51,52.42,2460288
2018-03-29,52.77,52.61,53.22,52.37,2190287
2018-04-02,52.5,51.48,52.63,50.69,2768198
2018-04-03,51.71,51.81,51.92,51.19,2719515
2018-04-04,51.36,52.62,52.66,51.31,2578637
2018-04-05,52.75,54.0,54.255,52.53,3148598
2018-04-06,53.505,52.47,53.5299,51.88,3537269
2018-04-09,52.75,52.61,53.1,52.44,2566602
2018-04-10,52.51,53.07,53.24,52.51,2048008
2018-04-11,52.82,52.46,53.19,52.2,2098299
2018-04-12,52.69,52.68,53.05,52.52,1194117
2018-04-13,52.93,52.51,53.06,52.25,1589230
2018-04-16,52.75,53.19,53.64,52.515,2368727
2018-04-17,53.78,53.7,54.07,53.56,2518191
2018-04-18,53.86,53.33,54.59,53.32,2294527
2018-04-19,53.32,53.29,53.95,52.91,1445401
2018-04-20,53.36,53.03,53.52,52.61,2399565
2018-04-23,53.27,53.56,53.89,52.99,2110563
2018-04-24,53.74,53.16,53.9,52.76,2272451
2018-04-25,53.13,53.44,53.75,52.94,2103561
2018-04-26,53.45,54.61,54.83,53.17,2277419
2018-04-27,54.61,54.64,55.5,54.41,3208962
2018-04-30,54.97,53.77,55.11,53.5132,4322529
2018-05-01,46.87,47.46,48.6,46.0,18178650
2018-05-02,47.0,46.37,47.55,46.36,6339406
2018-05-03,46.17,46.09,46.48,45.6,4799122
2018-05-04,45.75,46.16,46.42,45.62,2712898
2018-05-07,46.13,45.41,46.33,45.27,2888921
2018-05-08,45.42,45.54,45.68,45.28,2844455
2018-05-09,45.45,45.4,45.75,45.22,1724467
2018-05-10,46.45,45.95,46.77,45.465,4199424
2018-05-11,45.84,46.04,46.14,45.48,2517782
2018-05-14,46.04,45.7,46.13,45.56,3536273
2018-05-15,45.55,45.24,45.81,45.02,3872948
2018-05-16,45.47,44.34,45.53,43.95,8136320
2018-05-17,44.34,44.42,44.92,43.95,3319828
2018-05-18,44.4,44.48,44.75,43.7,6893572
2018-05-21,44.88,44.99,45.23,44.44,3637567
2018-05-22,45.04,43.93,45.24,43.83,3639773
2018-05-23,43.9,44.61,44.87,43.9,3468545
2018-05-24,44.36,44.57,44.77,44.285,2627351
2018-05-25,44.6,44.29,44.86,44.2001,2190698
2018-05-29,43.92,43.79,44.3,43.54,2717263
2018-05-30,43.82,43.96,44.24,43.64,3391719
2018-05-31,44.18,43.72,44.21,43.6,6634867
2018-06-01,44.07,44.5,44.61,43.86,2542742
2018-06-04,44.7,45.15,45.2,44.4,2736885
2018-06-05,45.04,44.76,45.24,43.86,6808795
2018-06-06,44.94,45.4025,46.31,44.86,4560631
2018-06-07,45.58,45.83,45.96,45.245,3459926
2018-06-08,45.77,46.24,46.3,45.55,3654267
2018-06-11,46.25,46.31,46.45,45.95,2755098
2018-06-12,46.29,45.82,46.63,45.755,2512249
2018-06-13,46.07,45.47,46.07,45.315,2396890
2018-06-14,45.54,45.53,46.31,45.43,2700548
2018-06-15,45.16,46.41,46.46,45.09,4754304
2018-06-18,46.2,46.93,46.97,46.2,6677601
2018-06-19,46.41,46.88,47.1,46.02,3052606
2018-06-20,46.76,47.04,47.1099,46.39,1914491
2018-06-21,47.59,48.04,48.43,47.45,2844814
2018-06-22,48.3,47.27,48.33,47.07,2789061
2018-06-25,47.7,47.06,48.24,46.72,2410237
2018-06-26,47.15,47.14,47.44,46.94,2590543
2018-06-27,47.22,46.22,47.42,46.11,1915190
2018-06-28,46.1,46.82,47.12,46.05,2539141
2018-06-29,47.19,46.71,47.53,46.65,2245948
2018-07-02,46.02,46.37,46.39,45.56,2148527
2018-07-03,46.61,46.45,46.92,46.22,919947
2018-07-05,46.62,46.26,46.69,45.93,2063819
2018-07-06,46.51,46.8,47.03,46.39,1537202
2018-07-09,46.62,46.41,46.8,45.73,2423076
2018-07-10,46.45,46.5,46.56,45.95,1888684
2018-07-11,45.71,45.5,45.955,44.17,3913144
2018-07-12,45.71,45.63,45.82,45.18,1630852
2018-07-13,45.65,46.53,46.87,45.54,1921780
2018-07-16,46.44,47.03,47.09,46.17,1569629
2018-07-17,47.03,47.39,47.71,46.99,1957910
2018-07-18,46.98,47.3,47.68,46.98,2153515
2018-07-19,47.29,48.02,48.165,47.04,2401254
2018-07-20,47.99,48.32,48.76,47.5,1666020
2018-07-23,48.32,48.24,48.41,47.94,1820899
2018-07-24,48.46,47.97,48.73,47.925,1664313
2018-07-25,47.9,48.05,48.13,47.64,2006293
2018-07-26,48.05,47.99,48.43,47.67,2323868
2018-07-27,48.0,47.57,48.06,47.36,1740058
2018-07-30,47.47,47.53,47.8,47.38,1390905
2018-07-31,47.53,47.12,47.7,46.3,2400857
2018-08-01,46.64,46.47,47.52,46.37,2662862
2018-08-02,45.83,46.53,46.644,45.31,4987399
2018-08-03,46.5,46.53,47.15,46.3,6104982
2018-08-06,46.44,45.41,46.82,45.265,3802762
2018-08-07,45.5,45.76,46.0099,44.725,6391267
2018-08-08,45.99,47.05,47.21,45.8,4424400
2018-08-09,47.08,47.54,47.75,46.94,2994071
2018-08-10,47.31,47.93,48.062,47.14,2927774
2018-08-13,47.99,47.46,48.48,46.73,6691635
2018-08-14,50.85,53.16,54.35,50.6,13722144
2018-08-15,52.43,52.07,52.825,51.51,4483509
2018-08-16,51.75,51.38,51.99,50.79,3732640
2018-08-17,51.48,51.41,52.01,51.28,3006436
2018-08-20,51.8,52.19,52.37,51.59,2710013
2018-08-21,52.09,52.03,52.49,51.43,2726093
2018-08-22,51.82,51.65,52.35,51.59,1924184
2018-08-23,51.69,51.39,52.02,51.3,2818927
2018-08-24,51.35,51.03,51.43,50.81,2332116
2018-08-27,51.21,50.74,51.47,50.57,1572695
2018-08-28,50.64,51.36,51.435,50.55,2507396
2018-08-29,51.21,51.32,51.5,50.73,1964444
2018-08-30,51.12,50.61,51.35,50.46,2062061
2018-08-31,50.71,50.69,50.81,50.34,1902874
2018-09-04,50.38,50.86,51.0,50.25,2086330
2018-09-05,50.62,50.0925,51.0,49.93,3741575
2018-09-06,50.48,49.96,51.14,49.96,3611435
2018-09-07,49.65,49.18,50.12,49.02,3002979
2018-09-10,49.3,49.75,49.98,49.2,4556677
2018-09-11,49.82,50.12,50.46,49.6,1902772
2018-09-12,50.24,50.53,50.65,49.81,2330483
2018-09-13,50.34,49.96,50.91,49.82,1823259
2018-09-14,50.11,49.94,50.41,49.68,2023548
2018-09-17,50.3,50.51,50.715,50.12,2784584
2018-09-18,50.38,50.82,51.02,50.29,1552192
2018-09-19,50.74,50.43,50.85,50.41,1584748
2018-09-20,50.66,50.34,50.74,50.06,2159604
2018-09-21,50.32,50.2,50.75,50.095,3995484
2018-09-24,50.16,49.33,50.21,49.21,2596619
2018-09-25,49.55,49.25,49.55,49.195,1986764
2018-09-26,49.28,49.69,50.06,49.11,1802922
2018-09-27,49.69,50.14,50.41,49.06,2482290
2018-09-28,50.04,50.27,50.75,49.88,2004115
2018-10-01,50.64,50.34,50.97,50.26,2513613
2018-10-02,51.04,49.83,51.29,49.83,2728361
2018-10-03,49.91,50.14,50.39,49.72,2110770
2018-10-04,49.88,48.43,49.99,48.35,3475472
2018-10-05,48.49,47.96,48.64,47.57,2764049
2018-10-08,47.73,48.26,48.34,47.6,1754816
2018-10-09,48.3,47.78,48.69,47.66,2294053
2018-10-10,46.78,43.77,47.25,43.7,6411062
2018-10-11,43.68,42.68,44.23,42.51,5931650
2018-10-12,43.82,43.82,43.96,43.2491,3958473
2018-10-15,43.24,43.06,43.38,42.78,3978692
2018-10-16,44.3,44.47,44.8,43.51,3844191
2018-10-17,44.34,43.99,44.89,43.63,2979870
2018-10-18,44.01,43.44,44.22,43.15,3089156
2018-10-19,43.38,42.51,43.54,42.39,2646223
2018-10-22,42.85,42.62,43.07,42.46,2341027
2018-10-23,41.77,42.44,42.56,41.01,4158389
2018-10-24,42.71,41.7,43.43,41.65,4574799
2018-10-25,41.69,41.52,41.92,41.27,3986080
2018-10-26,41.03,41.24,41.95,40.6,3817030
2018-10-29,42.02,40.8,42.39,40.27,6034723
2018-10-30,43.0,40.32,43.0,39.28,6250932
2018-10-31,40.94,42.31,43.38,40.9,6046307
2018-11-01,42.31,42.94,43.06,41.68,4370152
2018-11-02,43.42,42.81,43.71,41.84,5162330
2018-11-05,42.85,42.75,43.075,42.01,3388275
2018-11-06,42.24,42.45,42.5,41.695,2727030
2018-11-07,42.25,42.43,42.5,41.74,3300165
2018-11-08,42.37,43.03,43.355,42.21,2714850
2018-11-09,42.75,42.0,42.75,41.75,3247204
2018-11-12,42.2,41.27,42.37,41.19,3132980
2018-11-13,41.27,41.1,41.8,40.96,3088702
2018-11-14,42.01,41.09,42.43,40.88,2598449
2018-11-15,40.57,41.01,41.55,40.16,3593306
2018-11-16,40.79,40.63,40.79,40.21,4152503
2018-11-19,40.72,39.14,40.81,38.965,3617028
2018-11-20,38.5,38.07,38.91,37.93,4209551
2018-11-21,38.29,37.87,38.54,37.68,5363021
2018-11-23,37.65,37.67,38.04,37.65,2714055
2018-11-26,37.9,38.73,38.76,37.9,6282148
2018-11-27,38.55,37.34,38.69,36.72,4598317
2018-11-28,37.53,38.5,38.54,37.145,3769741
2018-11-29,38.24,38.01,38.46,37.67,3212477
2018-11-30,38.04,38.93,38.93,38.01,6000790
2018-12-03,39.82,39.54,41.06,39.49,5358131
2018-12-04,39.53,37.8825,39.7,37.92,4152641
2018-12-06,37.36,37.58,37.64,36.73,4049955
2018-12-07,37.5,35.34,37.86,35.16,6222507
2018-12-10,35.36,35.84,35.92,34.94,6559574
2018-12-11,36.35,34.96,36.42,34.69,4026927
2018-12-12,35.8,36.04,36.485,35.43,4512696
2018-12-13,36.03,34.83,36.19,34.8,5668890
2018-12-14,34.57,34.6,35.39,34.425,3556188
2018-12-17,34.32,34.73,35.13,33.86,4218307
2018-12-18,35.03,34.68,35.14,34.34,3543584
2018-12-19,34.56,33.95,35.27,33.775,3497518
2018-12-20,33.91,33.41,34.32,32.87,3536271
2018-12-21,33.42,32.81,34.15,32.78,5765004
2018-12-24,32.6,32.3,32.84,32.03,1463549
2018-12-26,32.32,33.89,33.8954,32.32,2703096
2018-12-27,33.43,34.15,34.15,32.76,2911955
2018-12-28,34.21,33.81,34.47,33.62,2373112
2018-12-31,33.86,33.75,34.09,33.315,2650570
2019-01-02,33.22,34.41,34.58,32.73,3352426
2019-01-03,34.07,33.02,34.11,32.78,3419840
2019-01-04,33.47,34.27,34.49,33.37,4259075
2019-01-07,34.38,34.61,35.38,34.04,3025014
2019-01-08,35.15,35.42,35.87,34.98,3614211
2019-01-09,35.77,37.0,37.11,35.25,5831059
2019-01-10,35.69,36.11,36.485,35.615,4433366
2019-01-11,36.37,36.35,36.945,35.915,2428844
2019-01-14,36.01,36.14,36.49,35.64,2914049
2019-01-15,36.36,35.9,36.44,35.535,2532209
2019-01-16,35.76,35.3,35.98,34.875,3314805
2019-01-17,35.2,36.12,36.355,35.2,2800699
2019-01-18,36.53,37.08,37.27,36.37,3154772
2019-01-22,37.0,36.35,37.0,36.01,2520129
2019-01-23,36.6,36.51,36.75,36.12,3010907
2019-01-24,36.2,36.12,36.36,35.735,4143293
2019-01-25,36.8,37.5,37.795,36.8,3583580
2019-01-28,37.19,37.88,37.96,37.01,3056242
2019-01-29,37.76,37.79,38.45,37.44,4155434
2019-01-30,38.26,38.38,38.38,37.35,4211962
2019-01-31,38.38,38.71,38.87,37.99,3912338
2019-02-01,38.7,38.63,39.0,38.51,3583422
2019-02-04,38.34,38.48,38.62,38.13,3184139
2019-02-05,38.89,38.74,39.15,38.53,3116953
2019-02-06,39.33,39.31,39.63,38.68,4566209
2019-02-07,33.72,33.48,34.18,31.91,23453472
2019-02-08,33.48,33.86,34.575,33.45,9726200
2019-02-11,34.1,34.65,35.0489,33.98,4569538
2019-02-12,34.97,35.35,35.44,34.74,6239197
2019-02-13,35.49,35.1,35.56,34.96,4891865
2019-02-14,34.63,35.15,35.19,34.14,4712844
2019-02-15,35.5,35.91,36.235,35.26,5092354
2019-02-19,35.9,35.53,35.9,35.23,3278351
2019-02-20,35.81,34.99,35.81,34.94,4463650
2019-02-21,34.88,34.83,35.29,34.7507,3839532
2019-02-22,35.01,35.46,35.54,35.0,2457648
2019-02-25,35.73,36.16,36.26,35.61,3767622
2019-02-26,36.4,35.66,36.55,35.63,2786741
2019-02-27,35.32,35.45,35.72,35.24,2063840
2019-02-28,35.56,34.94,35.56,34.91,2929387
2019-03-01,35.58,35.36,35.7,34.79,2748450
2019-03-04,35.21,34.6,35.53,34.4,2947074
2019-03-05,34.84,34.61,35.18,34.57,2873190
2019-03-06,34.88,34.1825,34.93,34.45,2322116
2019-03-07,34.39,34.18,34.39,33.65,4275605
2019-03-08,33.71,33.54,33.86,33.29,3279036
2019-03-11,33.65,33.86,34.035,33.45,2910843
2019-03-12,33.94,33.78,34.09,33.44,2244906
2019-03-13,33.79,33.86,34.375,33.695,2569764
2019-03-14,33.84,33.1,33.86,33.0,4871821
2019-03-15,33.13,32.2,33.16,32.17,9722114
2019-03-18,32.34,32.94,33.0,32.26,4258834
2019-03-19,33.09,32.93,33.525,32.795,3494946
2019-03-20,32.86,31.85,32.86,31.7,7136485
2019-03-21,31.9,31.95,32.169,31.58,4624021
2019-03-22,31.54,30.93,31.79,30.91,4594663
2019-03-25,30.92,31.57,31.8,30.69,4300693
2019-03-26,31.7,31.95,32.28,31.7,2889897
2019-03-27,32.11,32.48,32.6,32.1,3430203
2019-03-28,32.92,32.71,33.18,32.54,3961149
2019-03-29,32.95,32.49,33.09,32.34,3836563
2019-04-01,32.7,33.39,33.51,32.67,3683962
2019-04-02,33.56,33.24,33.63,33.19,2810768
2019-04-03,33.51,33.89,33.95,33.41,3666898
2019-04-04,33.9,34.45,34.46,33.79,2308619
2019-04-05,34.56,34.25,34.73,34.125,3066989
2019-04-08,34.11,33.81,34.15,33.67,2725106
2019-04-09,33.51,33.56,33.56,33.0,3787883
2019-04-10,33.56,33.41,33.76,33.05,3682857
2019-04-11,33.6,32.9,33.81,32.82,4033278
2019-04-12,33.12,32.57,33.34,32.38,4185650
2019-04-15,32.66,32.3,32.76,32.13,3388094
2019-04-16,32.21,32.26,32.36,31.92,4098176
2019-04-17,32.55,32.3,33.2,32.22,5136901
2019-04-18,32.29,32.55,32.69,32.08,3086964
2019-04-22,32.41,30.7,32.55,30.57,5799583
2019-04-23,30.6,30.84,30.97,30.05,9500106
2019-04-24,30.84,31.53,31.91,30.825,6854923
2019-04-25,31.5,30.8,31.5,30.725,4741025
2019-04-26,31.03,31.65,31.74,30.87,4016593
2019-04-29,31.56,32.33,32.35,31.56,4843072
2019-04-30,32.04,32.27,32.29,31.65,4366667
2019-05-01,32.36,31.02,32.53,30.97,5216964
2019-05-02,31.14,31.39,31.59,30.83,5692176
2019-05-03,31.61,31.2,31.88,31.1,6443047
2019-05-06,30.46,31.52,31.655,30.35,5566123
2019-05-07,31.22,30.72,31.45,30.51,6211834
2019-05-08,30.58,30.75,31.29,30.5,6156399
2019-05-09,36.06,33.36,36.06,32.93,20422858
2019-05-10,33.05,32.25,33.31,31.35,8356549
2019-05-13,31.39,30.22,31.43,29.99,6769626
2019-05-14,30.48,30.78,30.955,29.82,5466422
2019-05-15,30.54,31.08,31.39,30.25,6206158
2019-05-16,31.26,31.34,31.785,31.21,4150496
2019-05-17,31.08,30.78,31.27,30.67,4654192
2019-05-20,30.47,30.72,30.8,30.33,4181531
2019-05-21,30.96,31.38,31.435,30.81,4239111
2019-05-22,31.1,30.86,31.11,30.557,4009490
2019-05-23,30.51,30.23,30.69,30.005,4253570
2019-05-24,30.51,29.71,30.53,29.435,5984346
2019-05-28,29.8,29.4,30.09,29.4,9148450
2019-05-29,28.93,29.0,29.48,28.63,4588038
2019-05-30,28.9,28.36,29.0,28.33,5787568
2019-05-31,28.04,28.56,28.72,27.93,4355099
2019-06-03,28.54,28.82,29.08,28.42,4469732
2019-06-04,29.25,30.05,30.245,29.23,4840632
2019-06-05,30.48,29.8325,30.615,29.58,5328466
2019-06-06,29.8,29.61,29.865,29.0465,3323515
2019-06-07,29.71,30.25,30.29,29.48,3214990
2019-06-10,30.47,29.97,30.78,29.93,3625380
2019-06-11,30.36,29.72,30.44,29.67,3752476
2019-06-12,29.85,28.83,29.93,28.83,7146380
2019-06-13,29.11,29.94,29.94,28.94,3018972
2019-06-14,29.82,29.54,29.89,29.25,3581467
2019-06-17,29.45,29.66,30.03,29.29,2662705
2019-06-18,29.9,30.31,30.92,29.9,4011291
2019-06-19,30.3,30.48,30.6,30.03,3110728
2019-06-20,30.79,30.88,30.9,30.43,3452963
2019-06-21,30.95,31.33,31.35,30.59,5174738
2019-06-24,31.18,31.4,31.625,30.97,4444920
2019-06-25,31.14,30.2,31.19,30.11,6473360
2019-06-26,30.35,30.78,31.035,30.35,3473392
2019-06-27,31.33,31.04,31.7,30.74,4493041
2019-06-28,31.35,31.73,31.8,30.94,5114021
2019-07-01,32.29,31.3,32.44,31.17,4976549
2019-07-02,31.34,30.34,31.36,30.2068,3581752
2019-07-03,30.56,30.38,30.64,29.98,1887328
2019-07-05,30.23,30.24,30.38,29.87,3478432
2019-07-08,30.23,30.26,30.399,29.93,4733522
2019-07-09,30.05,29.64,30.05,29.51,4061038
2019-07-10,29.66,28.86,29.78,28.74,4785364
2019-07-11,29.0,29.72,29.82,28.875,3651648
2019-07-12,29.9,30.34,30.67,29.81,2658918
2019-07-15,30.37,30.75,30.785,30.37,2748398
2019-07-16,30.79,31.2,31.34,30.69,3080854
2019-07-17,31.02,30.27,31.02,30.2,2700693
2019-07-18,30.24,30.4,30.55,30.0,2131212
2019-07-19,30.57,30.3,30.8,30.28,2258515
2019-07-22,30.4,29.39,30.58,29.2743,3822276
2019-07-23,29.6,30.04,30.13,29.49,3228651
2019-07-24,30.28,30.8,30.85,30.05,3232979
2019-07-25,30.59,30.82,30.97,30.56,3322440
2019-07-26,30.94,30.62,30.94,30.3,2694825
2019-07-29,30.45,30.61,30.7,29.94,3274618
2019-07-30,30.51,30.66,30.78,29.81,2891845
2019-07-31,30.53,30.93,31.045,30.165,5031729
2019-08-01,30.88,29.27,30.945,29.06,4887101
2019-08-02,29.23,29.75,29.96,29.17,4254977
2019-08-05,28.99,27.84,28.99,27.65,4657214
2019-08-06,27.99,27.88,28.2,27.52,3424400
2019-08-07,27.47,28.18,28.26,27.24,3092342
2019-08-08,28.18,28.47,28.6,28.08,2418728
2019-08-09,28.34,27.39,28.34,27.31,2731700
2019-08-12,26.8,26.25,27.425,25.985,4151350
2019-08-13,26.45,26.71,27.64,25.9,4585091
2019-08-14,25.88,25.0,25.88,24.75,6490579
2019-08-15,21.9,19.45,22.26,18.5356,26321962
2019-08-16,18.805,19.96,20.31,18.805,13902897
2019-08-19,20.33,20.97,21.16,20.1,10607282
2019-08-20,20.85,21.04,21.085,20.46,6774068
2019-08-21,21.35,21.75,21.79,21.3215,7477744
2019-08-22,21.85,21.28,22.0,20.85,5733383
2019-08-23,21.06,20.31,21.27,20.25,7300649
2019-08-26,20.56,20.88,20.9,20.32,4876703
2019-08-27,20.98,20.48,21.02,20.33,5395132
2019-08-28,20.43,20.49,20.76,20.145,4619212
2019-08-29,20.43,20.28,20.67,19.775,6441193
2019-08-30,20.42,20.65,20.95,20.39,6482639
2019-09-03,20.43,20.44,20.94,20.225,6255084
2019-09-04,21.045,21.1525,21.54,21.045,7774990
2019-09-05,21.59,22.92,22.935,21.59,10712661
2019-09-06,23.04,23.69,23.76,22.85,8111678
2019-09-09,23.68,24.29,24.38,23.46,8353332
2019-09-10,24.15,25.17,25.265,24.1,7388871
2019-09-11,25.3,25.78,26.135,24.52,7387383
2019-09-12,25.56,25.58,25.745,24.7367,6635733
2019-09-13,26.0,25.18,26.595,25.15,7301215
2019-09-16,25.02,25.51,25.95,24.99,5982167
2019-09-17,25.38,25.16,25.48,24.7,6184729
2019-09-18,25.0,25.18,25.34,24.9,7626709
2019-09-19,25.18,25.27,25.48,25.061,4450402
2019-09-20,25.33,25.14,25.895,25.11,8893323
2019-09-23,25.02,25.14,25.41,24.82,7338674
2019-09-24,25.4,25.15,25.49,24.9,6472671
2019-09-25,25.31,25.36,25.85,25.22,6786285
2019-09-26,25.25,25.51,25.71,25.16,4618804
2019-09-27,25.67,25.99,26.23,25.65,4749310
2019-09-30,25.99,26.05,26.28,25.65,5409421
2019-10-01,26.16,25.6,26.52,25.535,5670123
2019-10-02,25.17,24.74,25.24,24.67,5504188
2019-10-03,24.65,25.27,25.28,24.14,4005537
2019-10-04,25.13,25.49,25.5,24.84,3045497
2019-10-07,25.45,25.18,25.51,25.12,4031717
2019-10-08,24.8,24.66,24.82,24.16,6077005
2019-10-09,24.92,24.78,25.05,24.7,4474951
2019-10-10,24.82,24.99,25.1,24.61,4282073
2019-10-11,25.43,25.98,26.35,25.42,5447541
2019-10-14,25.13,25.25,25.35,24.38,5372090
2019-10-15,25.29,25.52,25.8,25.04,3890203
2019-10-16,25.5,25.5,25.8,25.33,4178008
2019-10-17,25.77,25.44,26.0,25.42,3993746
2019-10-18,25.09,25.56,25.67,25.03,5067447
2019-10-21,25.85,26.24,26.465,25.83,4080380
2019-10-22,26.21,26.41,26.48,25.71,3804975
2019-10-23,26.47,25.95,26.49,25.745,3144370
2019-10-24,26.1,25.71,26.15,25.31,3265578
2019-10-25,25.31,26.45,26.51,25.04,2825939
2019-10-28,26.32,26.13,26.64,26.08,3274585
2019-10-29,26.07,25.87,26.205,25.67,3886132
2019-10-30,25.86,26.25,26.26,25.635,3557484
2019-10-31,26.15,25.86,26.2,25.275,5120639
2019-11-01,26.13,26.29,26.52,26.07,4141322
2019-11-04,26.49,26.52,26.86,26.35,6803660
2019-11-05,25.91,26.95,27.995,25.91,9374018
2019-11-06,26.69,25.93,26.69,25.3,8786536
2019-11-07,26.49,27.07,27.37,26.395,4708740
2019-11-08,26.98,27.23,27.23,26.53,5149533
2019-11-11,27.03,26.68,27.1,26.385,4262711
2019-11-12,26.77,26.38,26.84,26.235,3959035
2019-11-13,26.19,26.03,26.3,25.9,2454112
2019-11-14,26.0,26.09,26.43,26.0,2157816
2019-11-15,26.34,26.76,26.94,26.2,3142841
2019-11-18,26.76,26.94,27.02,26.27,3561017
2019-11-19,26.91,26.95,27.1,26.59,3000632
2019-11-20,26.93,26.13,26.94,25.872,4351349
2019-11-21,26.12,25.77,26.38,25.705,3171272
2019-11-22,26.04,26.35,26.48,25.92,2794478
2019-11-25,26.58,26.69,26.76,25.99,2567388
2019-11-26,26.75,26.54,26.87,26.16,4303598
2019-11-27,26.84,27.02,27.05,26.31,3441601
2019-11-29,26.93,26.89,27.0,26.52,1661372
2019-12-02,26.9,25.89,26.9,25.88,4009533
2019-12-03,25.19,24.83,25.2,24.63,5843110
2019-12-04,24.87,25.2025,25.61,24.75,5547315
2019-12-05,25.52,25.45,25.86,25.23,3877949
2019-12-06,25.22,25.53,26.02,25.22,3334307
2019-12-09,25.6,25.8,26.22,25.47,7823306
2019-12-10,25.85,25.53,25.96,25.485,4837960
2019-12-11,25.41,25.82,25.965,25.25,3376678
2019-12-12,25.88,26.34,26.6,25.84,4058624
2019-12-13,26.69,25.94,26.72,25.5,4145725
2019-12-16,26.14,25.48,26.2,25.48,4976620
2019-12-17,25.42,25.51,25.535,25.16,4389537
2019-12-18,25.66,25.94,26.19,25.66,4698757
2019-12-19,26.17,26.39,26.43,26.01,4595542
2019-12-20,26.49,26.71,26.94,26.13,8201416
2019-12-23,26.81,27.09,27.38,26.78,3766158
2019-12-24,27.08,26.74,27.15,26.56,1411989
2019-12-26,26.91,27.23,27.315,26.88,1996466
2019-12-27,27.28,26.88,27.29,26.77,2048977
2019-12-30,26.81,26.59,26.97,26.56,2264174
2019-12-31,26.51,26.97,27.0,26.415,2586360
2020-01-02,27.16,26.93,27.32,26.58,3823624
2020-01-03,26.51,26.92,26.93,26.43,3511198
2020-01-06,26.67,27.26,27.3,26.6,4040493
2020-01-07,27.3,27.52,27.81,27.08,2765824
2020-01-08,27.68,27.7,27.96,27.26,3624581
2020-01-09,27.77,27.38,27.77,26.925,2983472
2020-01-10,27.29,27.43,27.615,27.17,2324078
2020-01-13,27.56,28.1,28.2,27.415,2693867
2020-01-14,28.26,28.63,28.785,28.12,4262195
2020-01-15,28.55,28.56,28.78,28.275,3603757
2020-01-16,28.88,28.85,29.19,28.69,2607413
2020-01-17,28.89,28.89,28.99,28.6286,2475863
2020-01-21,28.75,28.36,28.75,28.2,3559386
2020-01-22,28.26,27.65,28.42,27.6,3385957
2020-01-23,27.43,27.94,28.025,27.02,2696105
2020-01-24,27.97,27.29,27.97,27.07,3258794
2020-01-27,26.48,26.24,26.81,26.16,3976176
2020-01-28,26.55,26.4,26.67,25.97,3629466
2020-01-29,26.58,26.76,26.94,26.53,3691536
2020-01-30,26.4,26.64,26.74,26.21,4661223
2020-01-31,26.57,25.77,26.57,25.5667,4950281
2020-02-03,25.93,26.03,26.42,25.82,5261512
2020-02-04,26.77,27.2,27.5,26.62,4588548
2020-02-05,27.57,28.39,28.455,27.538,4885833
2020-02-06,29.85,29.0,30.4,28.98,8871670
2020-02-07,27.95,27.97,28.41,27.525,6067880
2020-02-10,27.86,28.51,28.51,27.73,3914517
2020-02-11,28.87,28.58,28.94,28.51,3518380
2020-02-12,28.85,29.47,29.49,28.7,3721113
2020-02-13,29.08,28.83,29.26,28.54,3771240
2020-02-14,28.83,29.21,29.23,28.71,2763495
2020-02-18,28.75,28.1,29.1,27.92,4149845
2020-02-19,28.19,28.04,28.45,27.85,3176204
2020-02-20,28.1,28.81,28.95,27.89,3213714
2020-02-21,28.45,27.99,28.79,27.74,4309670
2020-02-24,26.33,25.55,26.41,25.37,6669853
2020-02-25,25.8,24.35,25.805,24.245,5951301
2020-02-26,24.58,23.52,25.1,23.5,4868075
2020-02-27,22.77,22.95,24.39,22.29,6576811
2020-02-28,22.22,23.45,23.47,22.11,6564849
2020-03-02,23.51,23.69,23.75,22.68,5852943
2020-03-03,23.78,23.36,24.78,23.09,7162827
2020-03-04,23.66,23.9925,24.34,23.08,4956122
2020-03-05,23.09,22.22,23.49,21.97,5737559
2020-03-06,21.25,21.7,22.23,21.035,4719372
2020-03-09,20.02,18.43,20.26,18.13,5948841
2020-03-10,19.56,19.16,19.94,18.0,5497077
2020-03-11,18.44,17.57,18.53,17.36,5920536
2020-03-12,16.18,15.01,16.47,14.71,5996343
2020-03-13,15.57,16.23,16.23,14.06,9506101
2020-03-16,13.25,11.48,13.95,11.475,7939936
2020-03-17,11.8,13.19,13.2,10.85,9038581
2020-03-18,12.02,13.36,13.38,11.87,7852639
2020-03-19,13.09,12.71,13.95,12.09,8261013
2020-03-20,13.07,12.04,13.15,11.7,10161433
2020-03-23,12.0,10.58,12.17,10.505,7546312
2020-03-24,11.51,13.72,13.83,11.36,5540758
2020-03-25,13.91,14.9,15.665,13.53,7120583
2020-03-26,14.69,15.16,15.795,14.02,6986834
2020-03-27,14.17,13.91,14.45,13.06,5186112
2020-03-30,13.96,13.21,14.11,12.89,5773447
2020-03-31,12.96,12.95,13.65,12.785,5512262
2020-04-01,12.0,11.07,12.18,10.86,5569420
2020-04-02,10.72,11.01,11.3,10.18,8042946
2020-04-03,10.65,11.09,11.21,10.475,4702095
2020-04-06,11.92,13.04,13.3,11.87,6567351
2020-04-07,14.12,14.47,15.13,13.975,8662409
2020-04-08,15.15,14.97,15.59,14.705,5924317
2020-04-09,15.65,15.7,16.66,15.1,7291441
2020-04-13,15.95,14.77,15.95,14.26,3925794
2020-04-14,15.1,15.38,15.57,14.85,3227730
2020-04-15,14.5,14.42,14.625,13.855,4336312
2020-04-16,14.43,14.41,14.625,13.96,3710011
2020-04-17,15.16,15.22,15.98,15.1,3880225
2020-04-20,14.71,14.21,15.2,14.12,3808210
2020-04-21,13.62,13.75,14.05,13.31,4891123
2020-04-22,14.02,13.41,14.18,13.34,3426174
2020-04-23,13.44,13.77,14.24,13.42,3235663
2020-04-24,13.93,13.64,14.055,13.45,6277809
2020-04-27,14.0,15.05,15.33,13.7309,6168884
2020-04-28,15.8,16.11,16.29,15.23,5122971
2020-04-29,16.88,17.05,17.35,16.61,6275388
2020-04-30,16.5,14.88,16.55,14.25,12074629
2020-05-01,14.41,15.16,15.2,14.06,5153994
2020-05-04,14.58,14.77,15.35,14.31,5409798
2020-05-05,15.38,14.77,15.58,14.715,4548665
2020-05-06,14.99,14.07,15.22,13.98,4826963
2020-05-07,14.32,14.5,14.81,14.27,5377344
2020-05-08,14.99,14.88,15.06,14.53,4614761
2020-05-11,14.53,13.92,14.56,13.7601,4120280
2020-05-12,13.97,13.19,14.32,13.14,4467888
2020-05-13,13.0,11.93,13.1,11.74,9159573
2020-05-14,11.63,12.41,12.485,11.51,6308003
2020-05-15,11.95,12.2,12.49,11.68,7955734
2020-05-18,13.16,13.39,13.54,12.99,6576800
2020-05-19,13.19,12.86,13.195,12.58,6534974
2020-05-20,13.16,13.26,13.4,13.0,6053463
2020-05-21,13.24,14.24,14.55,13.17,7686465
2020-05-22,14.34,13.98,14.65,13.84,5172821
2020-05-26,14.86,14.75,15.18,14.59,5864527
2020-05-27,15.37,15.38,15.55,14.81,6960098
2020-05-28,15.36,13.99,15.47,13.84,6315505
2020-05-29,13.76,13.6,14.2,13.31,18881910
2020-06-01,13.74,14.19,14.3881,13.58,7297216
2020-06-02,14.38,14.5,14.61,14.1,6322544
2020-06-03,14.93,15.69,16.22,14.87,9876500
2020-06-04,15.67,16.44,16.68,15.23,6864452
2020-06-05,17.91,17.31,17.95,17.3,9222261
2020-06-08,18.11,17.98,18.15,17.17,6208209
2020-06-09,17.3,16.55,17.315,16.52,6813894
2020-06-10,16.42,15.48,16.5,15.44,5964275
2020-06-11,14.12,14.12,14.575,13.93,6201868
2020-06-12,14.99,14.48,15.15,14.04,4181693
2020-06-15,13.84,14.19,14.39,13.65,5334471
2020-06-16,15.32,14.99,15.68,14.79,6053313
2020-06-17,14.98,14.22,14.99,14.21,3326560
2020-06-18,14.0,13.98,14.445,13.8,3540366
2020-06-19,14.59,13.53,14.69,13.52,9328968
2020-06-22,13.5,13.71,13.855,13.3,5504505
2020-06-23,14.01,13.78,14.07,13.485,3698943
2020-06-24,13.48,12.8,13.58,12.69,4421298
2020-06-25,12.62,12.6,12.69,12.31,4918217
2020-06-26,12.45,12.55,12.765,12.3,9181289
2020-06-29,12.7,13.35,13.37,12.41,6374891
2020-06-30,13.2,13.28,13.515,12.97,5027747
2020-07-01,13.27,12.97,13.9355,12.915,5882497
2020-07-02,13.23,13.01,13.62,12.92,5687994
2020-07-06,13.39,13.18,13.495,12.89,7057863
2020-07-07,13.0,12.65,13.16,12.63,6148127
2020-07-08,13.02,13.0,13.03,12.58,4710079
2020-07-09,12.82,12.34,12.9,12.24,4011800
2020-07-10,12.26,12.62,12.635,12.16,3900974
2020-07-13,12.7,12.9,13.25,12.442,4235738
2020-07-14,12.86,12.97,13.23,12.55,3245316
2020-07-15,13.52,14.02,14.06,13.39,6024539
2020-07-16,13.83,14.04,14.255,13.61,3146044
2020-07-17,14.08,13.66,14.15,13.63,2950497
2020-07-20,13.51,13.12,13.62,12.94,3904643
2020-07-21,13.21,13.65,13.9,13.07,8954343
2020-07-22,13.5,13.7,13.84,13.295,6732644
2020-07-23,13.68,13.87,14.07,13.475,8521651
2020-07-24,13.81,13.47,13.9,13.42,5701350
2020-07-27,14.34,13.65,14.35,13.4,9237942
2020-07-28,13.59,13.51,13.93,13.475,4953956
2020-07-29,13.64,13.87,14.385,13.58,5013795
2020-07-30,13.58,13.3,13.66,13.05,3650700
2020-07-31,13.29,13.36,13.44,13.05,4210410
2020-08-03,13.38,13.34,13.49,12.97,3528655
2020-08-04,13.23,13.28,13.46,13.145,2965418
2020-08-05,13.67,13.74,14.48,13.615,8423242
2020-08-06,13.71,14.03,14.22,13.535,5734683
2020-08-07,14.08,14.51,14.53,13.8,5324018
2020-08-10,14.77,15.43,15.48,14.75,7308617
2020-08-11,15.82,15.53,16.03,15.48,7407710
2020-08-12,15.7,15.6,15.82,15.01,6216896
2020-08-13,16.12,15.43,16.12,15.041,7275898
2020-08-14,15.55,15.93,16.065,15.255,9453897
2020-08-17,15.91,15.83,15.95,15.6,5944862
2020-08-18,15.63,15.33,15.76,15.1024,4410673
2020-08-19,15.18,15.08,15.62,15.02,4931032
2020-08-20,14.89,14.36,15.06,14.36,4407515
2020-08-21,14.54,14.54,14.75,14.41,5557425
2020-08-24,14.66,15.33,15.38,14.66,6315334
2020-08-25,15.54,14.94,15.66,14.94,4589059
2020-08-26,14.96,14.85,15.11,14.77,4043554
2020-08-27,14.98,14.89,15.285,14.88,6034131
2020-08-28,15.0,14.88,15.03,14.59,5969471
2020-08-31,14.83,14.73,14.89,14.505,5364970
2020-09-01,14.54,14.75,14.79,14.305,3704776
2020-09-02,14.92,14.73,15.0,14.54,5499626
2020-09-03,14.79,14.71,15.265,14.62,5228101
2020-09-04,14.94,14.56,14.95,14.1355,5284592
2020-09-08,14.41,15.0,15.175,14.275,5786734
2020-09-09,14.86,14.58,14.94,14.33,3873091
2020-09-10,14.71,15.8,15.945,14.71,9977000
2020-09-11,15.9135,16.15,16.505,15.71,10565355
2020-09-14,16.34,17.52,17.79,16.22,13348502
2020-09-15,17.59,16.84,17.59,16.71,7037137
2020-09-16,17.78,18.1,18.6,17.71,10394270
2020-09-17,17.86,17.6,18.0,17.275,6578604
2020-09-18,17.56,17.36,17.715,17.03,11194182
2020-09-21,17.3,16.51,17.3,16.42,7483610
2020-09-22,16.52,16.62,16.74,16.24,4204284
2020-09-23,16.79,16.59,17.56,16.58,4920540
2020-09-24,16.37,16.34,16.67,15.91,5276139
2020-09-25,16.06,16.36,16.48,15.88,4514937
2020-09-28,16.69,16.58,16.95,16.49,5708410
2020-09-29,16.51,15.5,16.52,15.48,5854501
2020-09-30,15.55,15.63,15.91,15.45,5256892
2020-10-01,15.71,15.9,16.19,15.65,5045842
2020-10-02,15.23,16.15,16.29,15.23,4410022
2020-10-05,16.39,16.97,16.98,16.39,6300789
2020-10-06,17.31,16.83,17.82,16.815,7422894
2020-10-07,17.27,17.87,18.015,17.27,5206347
2020-10-08,18.17,18.67,18.75,18.0,6438615
2020-10-09,18.97,18.82,19.28,18.62,5254063
2020-10-12,18.9,19.2,19.29,18.8,5047110
2020-10-13,19.08,18.92,19.22,18.715,5277396
2020-10-14,19.0,19.0,19.19,18.795,2954238
2020-10-15,18.84,19.54,19.6,18.63,4130509
2020-10-16,19.54,19.53,19.74,19.34,4462984
2020-10-19,19.6,20.06,20.69,19.55,6292786
2020-10-20,20.2602,20.48,20.835,20.2602,5643027
2020-10-21,20.48,20.48,20.74,20.07,6496183
2020-10-22,20.6,21.85,21.91,20.5649,6918446
2020-10-23,22.15,21.43,22.28,21.19,6410561
2020-10-26,21.25,21.27,21.4,20.64,6090730
2020-10-27,21.28,21.42,22.06,21.2,5594832
2020-10-28,20.75,21.31,21.5,20.73,8333112
2020-10-29,23.83,22.73,23.85,21.64,14134037
2020-10-30,22.72,22.23,22.84,21.97,10682284
2020-11-02,22.57,23.63,24.18,22.47,8939421
2020-11-03,23.83,24.06,24.135,23.36,6528974
2020-11-04,23.74,23.84,24.46,23.26,5372738
2020-11-05,24.5,24.71,25.17,24.45,6048026
2020-11-06,24.51,24.32,24.92,24.12,4304829
2020-11-09,26.65,24.93,27.99,24.72,7691573
2020-11-10,25.045,26.0,26.03,24.82,5772256
2020-11-11,26.95,25.34,26.95,25.33,4768035
2020-11-12,25.07,25.28,25.795,24.88,4883606
2020-11-13,25.74,26.34,26.48,25.695,3189725
2020-11-16,27.54,27.29,27.61,26.86,6107823
2020-11-17,26.99,28.46,28.46,26.78,4414616
2020-11-18,28.51,27.98,28.79,27.96,3705895
2020-11-19,27.75,28.4,28.46,27.62,3454379
2020-11-20,28.29,28.46,28.76,28.22,3861265
2020-11-23,29.11,28.87,29.3,28.42,4854431
2020-11-24,29.79,30.12,30.35,29.3036,5439054
2020-11-25,29.57,29.69,29.76,29.1,3686140
2020-11-27,29.49,29.0,29.6,28.81,5924951
2020-11-30,28.65,28.32,28.75,27.77,6127027
2020-12-01,28.84,28.36,28.96,28.1,4641813
2020-12-02,27.86,28.48,28.67,27.7973,4832318
2020-12-03,28.7,29.27,29.75,28.68,4627550
2020-12-04,29.37,29.35,29.62,28.89,4774527
2020-12-07,29.03,29.74,29.75,28.805,3760306
2020-12-08,29.04,29.5,29.75,28.91,4265283
2020-12-09,29.68,29.63,30.24,29.175,4186465
2020-12-10,29.32,29.62,29.89,29.04,2652189
2020-12-11,29.57,29.33,30.09,29.155,2949560
2020-12-14,29.72,29.03,30.0,28.965,4336407
2020-12-15,29.77,29.72,29.85,29.14,3119220
2020-12-16,29.98,29.67,30.95,29.3636,4444734
2020-12-17,29.9,29.83,30.07,29.35,2989992
2020-12-18,29.6,28.86,29.715,28.67,6731947
2020-12-21,27.97,29.37,29.61,27.66,4561675
2020-12-22,30.03,30.17,30.45,29.535,5135435
2020-12-23,30.45,30.52,30.64,29.92,4800361
2020-12-24,31.01,30.85,31.1784,30.37,1945346
2020-12-28,31.01,30.86,31.65,30.81,4318078
2020-12-29,30.8,30.11,31.1,29.8,3449440
2020-12-30,30.62,31.45,31.5983,30.4318,2673050
2020-12-31,31.2,31.08,31.505,30.9,2633308
2021-01-04,32.04,32.71,33.13,31.62,10472717
2021-01-05,32.39,32.52,32.96,32.25,4557621
2021-01-06,32.92,34.32,35.06,32.9,6619162
2021-01-07,34.91,34.87,35.36,34.2,4926583
2021-01-08,34.99,34.23,35.22,34.015,4079751
2021-01-11,33.6,34.56,34.69,33.04,3983699
2021-01-12,34.59,35.34,35.45,34.49,2806983
2021-01-13,35.15,34.03,35.16,33.86,6364634
2021-01-14,34.61,34.06,35.0,33.9,3942299
2021-01-15,33.93,33.62,34.265,33.16,4218384
2021-01-19,33.7,33.34,34.33,33.3,3930125
2021-01-20,33.39,33.69,33.92,33.265,3325478
2021-01-21,33.97,33.75,34.3236,33.58,2312689
2021-01-22,33.64,34.33,34.34,33.32,3713616
2021-01-25,34.04,33.77,34.84,33.31,3495017
2021-01-26,34.25,32.79,34.28,32.75,3378746
2021-01-27,31.94,30.61,31.96,30.24,6423273
2021-01-28,30.86,32.37,32.6,30.86,4571030
2021-01-29,32.03,31.62,32.3068,31.34,3781232
2021-02-01,32.2,31.85,32.47,31.15,4172989
2021-02-02,32.25,33.45,33.72,32.205,6155273
2021-02-03,34.1,34.6,35.105,34.03,7944339
2021-02-04,36.2,36.18,36.57,34.29,10519740
2021-02-05,36.74,37.55,37.76,36.615,6320408
2021-02-08,37.6,38.35,38.715,37.5035,5065147
2021-02-09,38.59,38.35,38.85,38.24,5020269
2021-02-10,38.72,39.16,39.42,38.18,5725584
2021-02-11,39.02,39.12,40.18,38.57,5274124
2021-02-12,38.74,38.31,38.96,38.0402,3559380
2021-02-16,38.53,39.06,39.275,38.32,4253242
2021-02-17,38.9,38.65,39.0,37.74,3283181
2021-02-18,38.34,37.99,38.49,37.68,3400072
2021-02-19,38.5,39.46,39.585,38.39,4055008
2021-02-22,39.93,40.95,41.48,39.73,6330622
2021-02-23,40.46,40.64,40.85,38.87,3838991
2021-02-24,40.75,41.69,41.82,40.21,4321784
2021-02-25,41.46,42.41,42.92,41.45,6385167
2021-02-26,42.5,42.14,42.92,41.23,4458404
2021-03-01,43.14,41.5,43.25,41.42,5879023
2021-03-02,41.5,42.32,42.47,41.09,3704499
2021-03-03,42.28,41.57,42.84,41.55,3344708
2021-03-04,41.0,40.77,41.54,39.52,3017610
2021-03-05,41.5,41.91,42.055,40.19,3550913
2021-03-08,42.32,43.95,44.5,42.02,5453179
2021-03-09,43.9,43.36,44.07,42.92,5298491
2021-03-10,43.6,42.97,44.25,42.36,4111979
2021-03-11,43.09,44.07,44.12,42.85,3585700
2021-03-12,43.79,44.61,45.0,43.79,4213599
2021-03-15,44.42,46.33,46.42,44.37,4538968
2021-03-16,46.08,44.81,46.08,44.3,3391709
2021-03-17,45.34,45.09,45.51,43.81,3044710
2021-03-18,45.15,45.36,46.38,45.0749,2874155
2021-03-19,44.66,44.69,45.625,44.14,5210235
2021-03-22,44.94,43.66,44.99,43.15,3803281
2021-03-23,43.0,41.09,43.41,40.88,6132310
2021-03-24,41.47,40.64,42.64,40.6,3669778
2021-03-25,39.57,41.82,42.0,39.57,3523500
2021-03-26,42.48,41.8,42.87,40.487,2989581
2021-03-29,41.5,39.49,41.865,38.84,5429381
2021-03-30,39.5,40.95,41.09,39.14,4463708
2021-03-31,40.86,41.21,41.48,40.4172,3202853
2021-04-01,41.63,41.03,41.89,40.46,4292517
2021-04-05,41.63,42.69,42.815,40.91,4075923
2021-04-06,42.72,42.86,43.75,42.48,4342754
2021-04-07,43.25,43.09,43.93,42.73,2468417
2021-04-08,43.09,43.37,43.61,42.26,2678431
2021-04-09,43.8,44.93,45.11,43.56,3206868
2021-04-12,44.67,45.52,45.725,44.58,2866056
2021-04-13,45.37,45.06,45.45,43.709,3273220
2021-04-14,45.3,45.42,46.1393,45.25,2924270
2021-04-15,46.16,46.25,47.07,45.38,2942560
2021-04-16,46.58,46.56,46.89,46.04,2874231
2021-04-19,46.16,45.23,46.16,44.98,2518417
2021-04-20,44.83,43.52,45.02,42.99,2899643
2021-04-21,43.27,44.93,44.98,43.03,3677717
2021-04-22,45.19,45.16,45.99,44.67,1977112
2021-04-23,45.62,46.36,46.5375,45.24,2284199
2021-04-26,46.41,45.98,47.12,45.6521,2610552
2021-04-27,46.24,47.37,47.67,46.23,2653264
2021-04-28,47.05,47.5,48.14,46.76,1966435
2021-04-29,47.75,47.91,48.6,47.42,3383189
2021-04-30,47.52,47.85,48.24,47.34,4430173
2021-05-03,48.49,48.54,49.42,48.14,5928839
2021-05-04,48.3,48.0,48.52,47.37,3803112
2021-05-05,48.43,48.41,48.86,47.64,2629932
2021-05-06,48.0,46.8,48.0,45.51,6947205
2021-05-07,46.82,49.12,49.665,46.65,4771972
2021-05-10,49.11,47.02,49.41,46.91,3500207
2021-05-11,46.05,46.51,46.76,45.11,4014904
2021-05-12,45.96,44.74,46.8,44.49,3253553
2021-05-13,44.94,45.31,46.291,44.605,3004581
2021-05-14,45.53,46.82,46.935,45.285,3293683
2021-05-17,46.77,47.37,47.39,46.1,4063202
2021-05-18,47.86,46.31,48.01,46.26,3650851
2021-05-19,45.31,44.59,45.56,44.16,3275354
2021-05-20,44.57,43.61,44.7,42.14,5270722
2021-05-21,44.08,42.89,44.23,42.83,4052705
2021-05-24,43.17,43.4,43.77,42.59,2455370
2021-05-25,43.745,43.32,44.335,43.215,2468616
2021-05-26,43.44,44.34,44.72,43.44,2803732
2021-05-27,44.76,45.09,45.24,44.46,2478884
2021-05-28,45.46,44.89,45.46,43.99,2169364
2021-06-01,45.4,44.97,45.52,44.495,2971410
2021-06-02,44.9,42.71,44.969,42.4,4552916
2021-06-03,42.37,42.52,42.61,41.531,3570814
2021-06-04,42.61,42.75,42.8737,40.88,6478772
2021-06-07,43.26,43.35,43.7,42.96,3477552
2021-06-08,43.22,44.0,44.27,42.96,3129657
2021-06-09,43.77,43.42,44.04,43.255,2467963
2021-06-10,43.68,42.72,44.0,42.3,2719337
2021-06-11,43.13,44.3,44.32,43.1,2308612
2021-06-14,44.36,43.27,44.68,42.79,2491943
2021-06-15,43.41,43.55,43.59,42.6024,2358749
2021-06-16,43.29,43.26,43.63,42.41,2099498
2021-06-17,43.21,42.24,43.58,41.42,3619519
2021-06-18,41.77,41.17,42.075,40.98,4497195
2021-06-21,41.43,42.16,42.4,41.345,2575280
2021-06-22,42.03,42.3,42.47,41.4,1698257
2021-06-23,42.42,42.6,43.06,42.32,2060931
2021-06-24,42.95,43.03,43.34,42.42,1724369
2021-06-25,43.57,43.48,44.385,43.32,7019483
2021-06-28,43.31,42.61,43.39,42.38,3479471
2021-06-29,42.82,42.16,43.13,41.97,3966117
2021-06-30,42.14,43.48,43.59,42.075,3670412
2021-07-01,43.74,42.49,44.63,40.98,9417761
2021-07-02,42.74,42.66,42.83,41.74,3672669
2021-07-06,42.56,41.71,42.76,41.21,3387670
2021-07-07,41.56,40.9,42.03,40.25,3832608
2021-07-08,40.0,40.38,40.66,39.28,3164755
2021-07-09,41.18,41.9,42.0,41.095,2367017
2021-07-12,41.49,42.53,42.68,41.145,3031588
2021-07-13,42.47,41.55,42.83,41.05,2460376
2021-07-14,41.67,41.44,42.33,41.35,1909743
2021-07-15,41.04,40.61,41.35,40.09,2204632
2021-07-16,40.86,39.06,40.92,38.96,3101337
2021-07-19,37.69,37.81,38.68,37.305,4587662
2021-07-20,37.83,39.41,39.77,37.665,3028104
2021-07-21,40.17,40.8,41.34,40.17,2600854
2021-07-22,40.66,39.92,40.66,39.685,2516641
2021-07-23,40.31,40.09,40.811,39.83,1477695
2021-07-26,40.38,41.25,41.2773,40.37,1864566
2021-07-27,40.69,41.02,41.09,40.24,2182162
2021-07-28,41.43,40.47,41.63,39.64,2318117
2021-07-29,40.85,41.26,41.68,40.79,2059957
2021-07-30,42.03,42.3,43.64,41.78,4543634
2021-08-02,42.68,42.33,43.76,42.29,3251320
2021-08-03,42.76,43.43,43.68,41.7,2663698
2021-08-04,43.15,42.74,43.91,42.68,2706261
2021-08-05,42.76,43.46,43.68,42.76,2238369
2021-08-06,43.72,44.01,44.26,43.47,2405860
2021-08-09,43.51,43.18,43.74,43.0,1567772
2021-08-10,43.21,43.84,44.76,43.16,2258503
2021-08-11,43.85,44.09,44.185,43.38,2132123
2021-08-12,44.23,44.7,45.03,44.12,2787009
2021-08-13,44.675,44.23,44.73,43.95,2241481
2021-08-16,44.27,43.82,44.27,43.31,2602803
2021-08-17,43.31,42.03,43.46,41.51,3353156
2021-08-18,41.65,41.46,42.81,41.26,4597497
2021-08-19,40.45,40.17,41.45,39.6673,8507037
2021-08-20,40.4,40.58,40.66,39.08,8825726
2021-08-23,40.98,42.31,42.4,40.88,5465585
2021-08-24,42.65,43.31,43.915,42.61,7209139
2021-08-25,42.82,43.16,43.55,42.71,3296062
2021-08-26,42.84,41.85,42.88,41.41,3717790
2021-08-27,41.94,42.65,42.99,41.86,3145146
2021-08-30,42.7,41.25,42.81,41.21,2975644
2021-08-31,41.24,40.32,41.54,39.97,3910787
2021-09-01,41.01,40.54,41.27,40.39,2879477
2021-09-02,40.58,40.37,41.3,40.25,3184590
2021-09-03,40.3,40.57,40.8,39.92,2193234
2021-09-07,40.82,40.75,41.11,40.4043,4340058
2021-09-08,40.47,39.38,40.47,39.23,3556347
2021-09-09,39.74,40.52,40.98,39.64,2288686
2021-09-10,40.79,40.47,41.32,40.43,2226570
2021-09-13,40.87,40.31,40.975,40.19,2474395
2021-09-14,40.59,40.05,40.59,39.56,2835381
2021-09-15,39.68,39.94,39.98,39.27,3048762
2021-09-16,40.07,40.71,41.5,40.03,3041542
2021-09-17,40.66,40.4,41.4,40.195,3416658
2021-09-20,39.13,38.01,39.635,37.42,4471509
2021-09-21,38.5,38.45,39.02,38.11,3300764
2021-09-22,38.73,38.98,39.46,38.4825,2113409
2021-09-23,39.79,40.35,40.995,39.705,3298868
2021-09-24,39.59,39.46,39.85,38.37,2619565
2021-09-27,39.52,40.1,40.64,39.52,2156249
2021-09-28,39.96,39.56,40.49,39.45,1914072
2021-09-29,39.94,38.75,39.97,38.58,2451137
2021-09-30,38.32,37.02,38.37,36.54,6718927
2021-10-01,37.17,38.02,38.28,36.72,2696903
2021-10-04,38.15,37.98,38.83,37.6,3673120
2021-10-05,38.29,38.44,39.519,38.13,2866786
2021-10-06,38.08,37.63,38.45,37.22,3583687
2021-10-07,38.29,38.18,39.085,38.08,3175140
2021-10-08,38.09,37.36,38.11,36.795,2190138
2021-10-11,37.325,37.43,37.98,37.16,3029800
2021-10-12,37.82,38.38,38.5899,37.27,3498050
2021-10-13,38.75,38.41,38.81,38.0,2544564
2021-10-14,39.05,39.18,39.495,38.71,2142259
2021-10-15,39.565,39.2,39.79,39.09,1755103
2021-10-18,38.49,38.59,38.69,37.87,2554872
2021-10-19,38.75,38.38,38.75,38.2,2786315
2021-10-20,38.39,38.63,39.34,38.39,2529887
2021-10-21,38.94,38.75,39.39,38.455,2205344
2021-10-22,38.82,38.62,38.94,38.38,1507966
2021-10-25,38.76,39.64,39.85,38.62,1837164
2021-10-26,39.93,39.11,40.1,39.07,2554537
2021-10-27,38.9,38.06,38.9,38.03,2080713
2021-10-28,38.4,39.0,39.69,38.07,3109076
2021-10-29,38.92,38.98,39.43,38.56,1926668
2021-11-01,38.89,39.39,39.665,38.7,3586638
2021-11-02,39.69,39.64,40.0,39.15,3087947
2021-11-03,41.11,41.82,42.17,40.82,4026740
2021-11-04,41.87,41.97,42.94,41.845,4413976
2021-11-05,42.81,42.51,43.39,42.2,5027691
2021-11-08,42.66,42.35,42.89,41.865,2756161
2021-11-09,42.44,42.47,42.75,41.58,3664145
2021-11-10,41.8,42.61,43.2763,41.8,5754915
2021-11-11,44.8,46.18,47.02,44.71,9926481
2021-11-12,46.5,45.53,46.74,45.39,4219551
2021-11-15,45.53,44.9,45.61,44.41,4118055
2021-11-16,45.1,45.59,46.08,44.935,2318505
2021-11-17,45.35,45.19,45.59,44.84,2403509
2021-11-18,45.68,45.84,46.07,45.305,6162078
2021-11-19,45.84,45.99,46.56,45.68,3030201
2021-11-22,46.25,46.2,47.0498,46.06,3016754
2021-11-23,45.96,45.99,46.58,45.36,3328827
2021-11-24,45.03,44.07,45.03,43.62,5723907
2021-11-26,42.8365,41.8,42.8365,40.56,3411356
2021-11-29,42.43,41.74,42.75,41.22,3389475
2021-11-30,41.32,40.12,41.63,39.53,4526600
2021-12-01,41.17,38.63,42.14,38.87,4372780
2021-12-02,39.16,40.95,41.17,38.995,4070116
2021-12-03,41.19,40.82,41.69,40.11,3719499
2021-12-06,41.55,42.36,42.74,41.31,4082492
2021-12-07,43.1,43.7,44.24,43.08,3414720
2021-12-08,43.59,43.52,44.04,43.36,3192331
2021-12-09,43.2,43.25,44.35,43.18,2277448
2021-12-10,43.25,43.23,43.51,42.9,2555537
2021-12-13,43.22,42.05,43.58,41.32,3438398
2021-12-14,41.9,42.46,42.99,41.68,5785944
2021-12-15,42.34,41.76,42.76,40.5501,4623219
2021-12-16,41.99,41.18,42.57,41.09,4146044
2021-12-17,40.65,41.26,41.69,40.16,4742456
2021-12-20,40.53,39.33,40.53,38.62,4363431
2021-12-21,40.0,40.93,41.18,39.97,2809105
2021-12-22,40.85,41.08,41.45,40.63,2203908
2021-12-23,41.31,41.26,41.55,40.94,1846976
2021-12-27,41.41,41.12,41.55,40.96,2800740
2021-12-28,41.0,40.59,41.71,40.56,1914309
2021-12-29,40.62,40.59,40.81,40.25,2688919
2021-12-30,40.48,40.81,41.21,40.48,2855160
2021-12-31,40.62,40.6,40.829,39.99,2070613
2022-01-03,41.01,40.81,41.78,40.7,2267497
2022-01-04,41.42,41.65,42.24,41.22,2252368
2022-01-05,41.71,41.28,42.36,41.09,4091655
2022-01-06,41.59,41.45,42.05,40.75,2148367
2022-01-07,41.18,39.34,41.38,39.32,3045783
2022-01-10,38.59,37.5,38.9,36.81,5200477
2022-01-11,37.5,38.21,38.24,36.89,2943064
2022-01-12,38.4,38.55,38.845,37.745,2438906
2022-01-13,38.67,39.23,39.725,38.45,2604607
2022-01-14,38.6,38.37,38.89,37.5284,3114995
2022-01-18,37.9,37.47,37.98,37.26,3090268
2022-01-19,37.855,37.46,38.29,37.455,2607420
2022-01-20,37.42,36.76,38.38,36.66,2392068
2022-01-21,36.72,36.55,37.67,36.315,3371198
2022-01-24,35.86,38.19,38.19,35.37,4949494
2022-01-25,37.1,37.46,37.86,36.55,2572637
2022-01-26,38.11,36.78,38.47,36.29,2661615
2022-01-27,37.43,37.06,38.25,36.765,2715868
2022-01-28,37.3,37.63,37.71,36.395,2785862
2022-01-31,37.21,37.95,38.04,37.09,2751267
2022-02-01,38.3,38.75,38.86,37.96,2448461
2022-02-02,40.45,39.11,40.55,38.48,4217661
2022-02-03,38.64,38.33,39.9,38.15,3132656
2022-02-04,38.03,38.47,38.76,37.55,2817956
2022-02-07,38.75,38.65,38.93,38.11,3322326
2022-02-08,38.83,39.59,39.88,38.55,4908921
2022-02-09,39.97,40.71,40.785,39.61,3958979
2022-02-10,40.68,40.72,42.12,40.2,5325294
2022-02-11,40.7,39.18,40.74,38.94,4801163
2022-02-14,39.44,39.05,39.68,38.73,3788679
2022-02-15,39.61,40.72,40.96,39.565,3265399
2022-02-16,40.49,40.93,41.22,40.36,3414210
2022-02-17,40.53,39.85,41.0613,39.69,2936228
2022-02-18,39.84,39.47,40.56,39.42,3195908
2022-02-22,39.0,39.56,40.23,38.88,4307406
2022-02-23,39.95,39.16,40.195,39.06,3797876
2022-02-24,37.92,39.16,39.26,37.6,4223548
2022-02-25,39.23,40.76,40.88,39.14,3799427
2022-02-28,39.96,40.9,41.17,39.7361,3498641
2022-03-01,40.63,38.81,41.0,38.58,4548456
2022-03-02,39.29,41.1,41.68,39.29,6778520
2022-03-03,41.11,39.8,41.4,39.41,4024703
2022-03-04,39.16,36.45,39.36,36.335,6026505
2022-03-07,36.17,32.12,36.45,31.775,9428948
2022-03-08,32.41,32.43,33.88,31.705,6013482
2022-03-09,34.04,35.88,36.13,34.04,6329687
2022-03-10,35.06,35.57,36.28,34.75,4439103
2022-03-11,35.93,34.35,36.0,34.28,4689930
2022-03-14,34.43,33.74,34.73,33.38,5387967
2022-03-15,34.57,35.15,35.89,34.09,5855277
2022-03-16,35.94,37.06,37.86,35.68,4666572
2022-03-17,36.63,37.43,37.43,36.421,4046258
2022-03-18,36.8,38.41,38.45,36.7,9840982
2022-03-21,38.55,37.88,38.7,37.28,3662159
2022-03-22,38.38,37.85,39.13,37.58,5512718
2022-03-23,37.44,37.53,37.75,37.215,5276332
2022-03-24,37.9,37.65,37.9,37.27,4547870
2022-03-25,37.91,38.45,38.6,37.76,2529295
2022-03-28,38.15,38.4,38.4567,37.83,2278171
2022-03-29,39.42,40.16,40.35,39.34,3028205
2022-03-30,39.84,39.17,40.09,38.96,3088786
2022-03-31,38.76,37.15,38.92,36.99,4266509
2022-04-01,37.4,36.11,37.47,35.815,3410393
2022-04-04,36.02,36.21,36.575,35.6,3251522
2022-04-05,35.66,34.46,35.92,34.345,3745955
2022-04-06,34.07,33.59,34.24,32.98,4599626
2022-04-07,33.53,33.3,33.79,32.31,4137560
2022-04-08,33.23,33.25,34.17,32.69,3800535
2022-04-11,32.91,33.55,34.77,32.64,4123075
2022-04-12,34.2,34.06,35.0,33.955,3592004
2022-04-13,34.1,34.43,34.84,34.1,3145418
2022-04-14,34.57,33.74,35.0,33.46,4329428
2022-04-18,33.89,33.91,34.3332,33.5,3940514
2022-04-19,34.22,35.32,35.72,34.12,3236880
2022-04-20,35.64,34.96,35.9,34.93,2080787
2022-04-21,35.46,34.54,35.85,34.21,2949703
2022-04-22,33.98,32.96,34.12,32.865,2804913
2022-04-25,32.67,33.17,33.195,32.19,4596512
2022-04-26,32.96,32.44,33.04,32.01,2514209
2022-04-27,32.27,32.72,33.5,32.07,5718934
2022-04-28,33.0,33.4,33.665,32.28,3513289
2022-04-29,33.43,32.92,33.898,32.765,2599260
2022-05-02,33.01,33.6,33.63,32.52,2307900
2022-05-03,33.48,32.74,33.745,32.28,4188025
2022-05-04,32.8,33.25,33.33,31.475,3418991
2022-05-05,32.79,31.48,32.87,30.99,4078707
2022-05-06,30.98,30.34,31.1935,29.6,4126648
2022-05-09,29.8,28.84,30.45,28.679,8051400
2022-05-10,29.25,28.29,29.4,27.69,7173080
2022-05-11,28.41,26.52,28.53,26.39,8022363
2022-05-12,28.27,30.63,31.57,28.1,11917874
2022-05-13,30.42,31.51,32.18,30.33,6160888
2022-05-16,31.26,32.03,32.64,31.25,6263288
2022-05-17,32.79,33.03,33.4,31.95,6204825
2022-05-18,31.5,31.85,33.02,31.1,5085888
2022-05-19,31.25,30.97,31.95,30.935,4035570
2022-05-20,31.66,31.41,31.805,30.53,5084200
2022-05-23,31.92,31.3,32.07,30.84,4137484
2022-05-24,30.82,30.04,30.82,29.78,6116125
2022-05-25,29.58,31.52,31.83,29.55,4174881
2022-05-26,32.11,33.4,33.71,32.11,3272546
2022-05-27,33.33,34.34,34.34,33.33,3029895
2022-05-31,34.44,34.5,34.965,33.72,5689213
2022-06-01,35.03,33.89,35.52,33.7,3834602
2022-06-02,34.44,35.16,35.23,34.38,2904007
2022-06-03,34.61,34.88,35.3,34.44,2200721
2022-06-06,34.95,34.62,35.19,34.31,3975776
2022-06-07,33.86,34.89,35.2,33.48,3134871
2022-06-08,34.5,34.81,35.19,34.28,3369038
2022-06-09,34.49,34.34,34.84,34.21,2572244
2022-06-10,33.55,32.7,33.83,32.67,4034292
2022-06-13,31.62,30.93,31.93,30.365,4770948
2022-06-14,31.02,31.6,32.095,30.97,3997790
2022-06-15,32.64,32.7,33.2818,32.18,5095269
2022-06-16,31.7,30.52,31.825,30.13,4776843
2022-06-17,30.45,32.1,32.365,30.45,8644799
2022-06-21,32.86,32.15,33.12,31.76,3584576
2022-06-22,31.61,31.11,32.09,30.97,4194483
2022-06-23,31.4,32.09,32.17,31.19,3508847
2022-06-24,32.68,33.33,33.62,32.56,4001665
2022-06-27,33.49,32.55,33.68,32.3,2924479
2022-06-28,33.21,32.22,33.72,32.155,3027537
2022-06-29,32.15,31.21,32.22,30.88,3506200
2022-06-30,30.38,30.52,30.96,29.9,3399408
2022-07-01,30.47,30.82,31.14,30.05,3231899
2022-07-05,30.16,31.34,31.39,30.07,4471802
2022-07-06,31.31,30.64,31.64,30.235,3555034
2022-07-07,30.92,32.06,32.12,30.76,3120330
2022-07-08,31.91,31.82,32.03,31.06,2225384
2022-07-11,31.36,30.88,31.46,30.27,2786794
2022-07-12,30.66,31.26,31.65,30.66,3464069
2022-07-13,30.74,31.4,31.58,30.46,3971535
2022-07-14,30.76,31.1,31.22,30.42,2110067
2022-07-15,31.45,30.8,31.75,30.435,2548453
2022-07-18,31.44,31.44,32.29,31.25,3383459
2022-07-19,32.01,32.98,33.38,31.89,3533556
2022-07-20,33.08,33.83,33.89,32.92,4674288
2022-07-21,33.41,34.03,34.11,32.75,2832378
2022-07-22,34.23,33.95,34.53,33.5,2472679
2022-07-25,34.15,34.1,34.205,33.43,2141424
2022-07-26,33.26,32.52,33.66,32.33,3011524
2022-07-27,32.99,33.73,33.83,32.53,3161349
2022-07-28,34.13,34.03,34.23,33.15,2778322
2022-07-29,33.94,33.63,34.06,33.23,2348257
2022-08-01,33.52,34.0,34.125,33.17,2575579
2022-08-02,33.6,33.0,33.605,32.89,2583481
2022-08-03,33.54,33.83,34.1,33.43,2118245
2022-08-04,33.62,33.87,34.01,33.38,2419724
2022-08-05,33.45,34.08,34.16,33.33,1962591
2022-08-08,34.42,34.41,35.15,34.255,2344941
2022-08-09,34.32,33.29,34.32,32.34,4580070
2022-08-10,34.43,34.44,34.79,34.02,3854190
2022-08-11,35.05,35.5,35.98,34.925,2620335
2022-08-12,35.71,35.69,35.97,35.09,2719081
2022-08-15,35.4,35.93,36.045,35.39,2846120
2022-08-16,35.88,37.14,37.42,35.88,4635509
2022-08-17,36.47,37.11,37.54,36.08,6224685
2022-08-18,36.93,37.57,37.7,36.38,6585951
2022-08-19,37.57,36.83,37.58,36.525,4768819
2022-08-22,35.97,35.41,36.16,35.29,4007636
2022-08-23,35.51,36.24,36.68,35.51,3579830
2022-08-24,36.2,36.03,36.52,35.88,2965565
2022-08-25,36.0,36.77,37.215,35.97,2613649
2022-08-26,36.76,35.35,36.89,35.31,2273928
2022-08-29,34.8,35.12,35.42,34.45,2221801
2022-08-30,35.47,35.57,35.78,35.02,2764460
2022-08-31,35.63,34.73,35.84,34.655,3533453
2022-09-01,34.315,34.91,35.015,33.8,3621216
2022-09-02,35.25,34.53,35.59,34.39,4273752
2022-09-06,34.63,33.53,34.94,33.15,4026938
2022-09-07,33.42,34.18,34.51,33.42,3070273
2022-09-08,33.81,34.58,34.62,33.17,3460104
2022-09-09,35.0,35.52,35.85,35.0,5036949
2022-09-12,36.0,36.38,36.975,35.99,5004178
2022-09-13,35.11,34.44,35.84,34.3,5231059
2022-09-14,34.6,33.74,34.6,33.585,5034702
2022-09-15,33.5,33.22,34.52,33.18,4830695
2022-09-16,32.69,32.55,33.12,32.18,6754485
2022-09-19,32.38,33.12,33.36,32.28,3049908
2022-09-20,32.7,32.4,33.17,32.065,2811498
2022-09-21,32.66,31.96,33.25,31.95,3323934
2022-09-22,31.92,30.95,32.02,30.715,4825437
2022-09-23,30.34,29.66,30.66,29.321,3398389
2022-09-26,29.45,28.63,29.89,28.61,3143844
2022-09-27,29.14,29.03,29.34,28.525,3277751
2022-09-28,29.29,29.9,30.13,29.16,3709749
2022-09-29,29.3,28.89,29.385,28.49,3111908
2022-09-30,28.36,28.43,29.17,27.53,3214816
2022-10-03,28.91,29.67,29.95,28.31,3750192
2022-10-04,30.58,31.44,31.47,30.38,4065692
2022-10-05,30.98,31.86,32.065,30.78,2995209
2022-10-06,31.72,32.01,32.3,31.6,3059437
2022-10-07,31.36,31.48,31.67,31.0686,2925072
2022-10-10,31.69,31.14,31.82,30.21,2963929
2022-10-11,31.16,30.63,31.58,30.135,4849327
2022-10-12,30.67,31.21,31.52,30.34,2719173
2022-10-13,30.54,31.09,31.59,29.72,4267489
2022-10-14,31.46,30.27,31.74,30.21,3601022
2022-10-17,31.04,31.37,31.37,30.64,3891949
2022-10-18,32.31,31.29,32.755,31.045,3540632
2022-10-19,31.01,30.61,31.31,30.095,2519714
2022-10-20,30.78,30.48,31.91,30.355,3427194
2022-10-21,30.48,31.27,31.4,30.18,2458480
2022-10-24,31.24,30.35,31.3,29.96,4216354
2022-10-25,30.46,31.96,32.2,30.06,3419023
2022-10-26,31.67,31.66,32.535,31.34,2579436
2022-10-27,31.96,31.71,32.45,31.62,2033753
2022-10-28,31.59,31.94,32.15,31.26,2534047
2022-10-31,31.84,31.68,32.21,31.55,3908345
2022-11-01,32.41,32.16,32.8,31.61,3088125
2022-11-02,31.97,30.59,32.03,30.545,3825461
2022-11-03,30.34,30.04,30.47,29.23,3556961
2022-11-04,31.22,32.46,32.48,31.18,4799429
2022-11-07,32.56,32.01,32.7,31.14,3433247
2022-11-08,32.32,32.28,32.94,31.74,3544493
2022-11-09,31.93,31.22,32.73,31.07,4684612
2022-11-10,31.32,32.54,32.87,29.65,6778965
2022-11-11,32.54,35.37,35.76,32.54,4672156
2022-11-14,34.53,34.25,35.195,34.13,4264513
2022-11-15,35.05,34.98,35.44,34.29,3102626
2022-11-16,34.19,34.35,34.46,33.48,3113033
2022-11-17,33.89,34.89,35.0,33.53,4340782
2022-11-18,35.375,34.99,35.85,34.6,3461605
2022-11-21,34.62,34.56,34.9216,34.09,2657490
2022-11-22,35.08,36.23,36.27,35.04,3322567
2022-11-23,36.07,36.96,36.99,36.07,3469547
2022-11-25,36.87,37.07,37.45,36.81,2153601
2022-11-28,36.94,36.48,37.06,36.28,4067287
2022-11-29,37.19,37.25,37.735,37.1,4196566
2022-11-30,37.46,37.77,37.935,36.94,4572586
2022-12-01,37.92,38.48,38.62,37.8,4323867
2022-12-02,38.35,38.81,39.2,38.19,3159750
2022-12-05,38.24,37.15,38.38,37.05,3797227
2022-12-06,37.25,37.29,37.89,36.9806,4577144
2022-12-07,37.12,36.45,37.46,36.67,3137934
2022-12-08,36.97,36.93,37.35,36.585,2956964
2022-12-09,36.49,36.39,36.92,36.06,2652442
2022-12-12,37.29,37.33,37.44,36.34,3442045
2022-12-13,38.5,38.36,38.85,37.87,5051193
2022-12-14,38.36,38.06,38.755,37.59,3008507
2022-12-15,37.03,37.3,37.325,36.41,3222088
2022-12-16,36.91,36.6,37.27,36.16,6775495
2022-12-19,36.61,35.94,36.61,35.66,3207362
2022-12-20,35.82,35.95,36.2,35.49,2725113
2022-12-21,36.76,37.16,37.43,36.73,2804613
2022-12-22,36.94,37.4,37.42,36.5412,2650257
2022-12-23,37.36,37.42,37.53,36.985,2438537
2022-12-27,37.43,38.11,38.37,37.4,3134438
2022-12-28,38.02,36.92,38.3,36.53,3168927
2022-12-29,37.17,37.72,38.0,37.14,1621064
2022-12-30,37.35,38.08,38.12,37.28,2059783
2023-01-03,39.38,38.83,39.6,38.33,3707773
2023-01-04,39.21,39.65,39.9301,38.96,3116827
2023-01-05,39.01,39.72,40.215,38.7,3350294
2023-01-06,40.13,41.05,41.205,40.05,2692863
2023-01-09,41.19,41.25,41.76,40.16,3247906
2023-01-10,41.09,41.94,41.98,40.74,3643216
2023-01-11,42.0,42.35,42.72,41.71,4785483
2023-01-12,42.42,43.1,43.295,42.35,4446346
2023-01-13,42.78,43.38,43.575,42.765,2300075
2023-01-17,43.3,43.63,43.75,43.2,3218689
2023-01-18,43.84,43.75,44.09,43.48,4755613
2023-01-19,43.05,42.68,43.28,42.325,3825354
2023-01-20,42.91,43.71,43.825,42.61,3121706
2023-01-23,43.11,44.22,44.23,42.76,4383628
2023-01-24,44.14,43.56,44.41,43.38,2913910
2023-01-25,43.25,43.68,43.72,42.66,2486350
2023-01-26,44.31,44.06,44.47,43.54,2135924
2023-01-27,43.97,44.12,44.375,43.75,2136389
2023-01-30,43.705,44.12,44.485,43.555,3080415
2023-01-31,44.49,45.57,45.63,44.25,3348517
2023-02-01,45.38,46.62,46.875,45.27,4295098
2023-02-02,46.81,46.37,47.48,45.9,3828315
2023-02-03,45.47,46.11,47.11,45.41,2524869
2023-02-06,45.51,44.65,45.71,44.515,3199353
2023-02-07,44.53,45.23,45.355,44.21,4120556
2023-02-08,42.96,43.21,43.7,42.12,10591028
2023-02-09,46.23,44.71,46.57,44.5,6974434
2023-02-10,44.27,44.44,44.88,43.79,3796705
2023-02-13,44.53,45.21,45.27,44.04,4120407
2023-02-14,44.61,45.1,45.72,44.38,3306762
2023-02-15,44.64,45.37,45.555,44.43,2492711
2023-02-16,45.06,44.87,45.335,44.66,3287240
2023-02-17,44.67,44.11,44.87,43.93,3428795
2023-02-21,43.47,42.37,43.91,42.29,4110758
2023-02-22,42.46,42.93,43.06,42.29,2094000
2023-02-23,43.28,43.11,43.3384,42.5332,2233780
2023-02-24,42.35,42.6,42.755,42.07,2418230
2023-02-27,43.13,43.19,43.33,42.865,2695403
2023-02-28,43.47,43.51,43.995,43.36,2615543
2023-03-01,43.75,43.25,43.95,43.0625,2305262
2023-03-02,43.06,43.87,43.99,42.88,1884289
2023-03-03,44.0,44.47,44.505,43.63,2200644
2023-03-06,44.29,43.54,44.42,43.23,3371542
2023-03-07,43.67,43.04,44.1,42.98,3172753
2023-03-08,43.08,42.83,43.42,42.5893,3232946
2023-03-09,42.92,41.6,43.0,41.525,2739291
2023-03-10,41.7,41.36,42.03,40.73,3001292
2023-03-13,40.54,40.87,41.31,39.75,3523621
2023-03-14,41.74,41.49,42.045,41.095,3050606
2023-03-15,40.17,40.55,40.82,39.94,4689204
2023-03-16,40.075,41.16,41.385,39.93,2990458
2023-03-17,40.75,40.9,41.04,40.345,4627466
2023-03-20,41.28,40.62,41.56,40.355,3013837
2023-03-21,41.63,41.45,41.91,40.97,3583473
2023-03-22,41.31,40.71,42.0,40.69,3254133
2023-03-23,41.15,40.66,41.87,40.175,2837730
2023-03-24,40.17,40.25,40.615,40.033,2783569
2023-03-27,40.59,40.74,40.905,39.87,2724420
2023-03-28,41.055,41.73,41.9,41.02,3293879
2023-03-29,42.01,41.94,42.17,41.46,2657400
2023-03-30,42.33,42.07,42.8,41.89,2417628
2023-03-31,42.42,43.11,43.155,42.31,2837128
2023-04-03,42.98,42.89,43.31,42.42,2315258
2023-04-04,42.74,42.16,42.89,41.865,2185107
2023-04-05,41.74,40.49,41.99,40.35,3425184
2023-04-06,40.13,40.13,40.25,39.06,4601252
2023-04-10,39.99,40.86,40.87,39.91,2740757
2023-04-11,41.08,40.84,41.16,40.48,2379896
2023-04-12,41.22,41.29,42.2381,40.815,5255936
2023-04-13,41.65,41.93,42.06,41.27,2944226
2023-04-14,42.2,42.13,42.865,41.73,1558872
2023-04-17,42.17,41.45,42.17,41.25,2292462
2023-04-18,41.86,42.12,42.26,41.47,2210798
2023-04-19,42.21,43.09,43.12,42.03,2851364
2023-04-20,43.12,42.29,43.5,42.25,2553405
2023-04-21,42.13,41.88,42.25,41.81,1735087
2023-04-24,41.9,41.92,42.0722,41.42,2161238
2023-04-25,41.44,40.33,41.44,40.07,2311219
2023-04-26,40.46,40.06,40.665,39.89,3017413
2023-04-27,40.4,40.85,41.125,39.9108,3552145
2023-04-28,40.58,40.81,40.92,40.22,3751840
2023-05-01,40.88,40.64,41.17,40.075,2758628
2023-05-02,40.27,39.78,40.27,38.94,2469888
2023-05-03,39.46,38.96,39.81,38.94,2485154
2023-05-04,38.62,38.07,38.93,38.005,2736461
2023-05-05,38.9,38.97,39.115,38.18,2770221
2023-05-08,39.2,38.45,39.45,38.185,2869176
2023-05-09,37.72,38.29,38.465,37.37,4089012
2023-05-10,38.82,37.14,38.82,36.81,6581374
2023-05-11,39.25,40.21,41.1586,38.654,10166234
2023-05-12,40.43,41.18,41.26,40.12,3798687
2023-05-15,42.0,43.05,43.34,41.8,6143027
2023-05-16,42.64,41.91,42.88,41.575,3857284
2023-05-17,42.14,43.45,43.63,42.08,4680941
2023-05-18,43.71,44.13,44.38,43.54,3312389
2023-05-19,43.72,43.0,43.81,42.33,4675781
2023-05-22,42.58,42.18,42.99,42.135,4578531
2023-05-23,41.78,41.94,42.95,41.5797,3199473
2023-05-24,41.99,40.91,41.99,40.735,3363898
2023-05-25,41.0,40.7,41.545,40.49,2933154
2023-05-26,40.74,41.69,41.895,40.68,2130937
2023-05-30,41.8,40.58,42.1,40.46,3237658
2023-05-31,40.15,40.02,40.27,38.8931,5213053
2023-06-01,39.75,39.73,39.99,39.11,3531982
2023-06-02,40.84,42.4,42.42,40.68,3624842
2023-06-05,42.17,42.4,42.49,41.23,2698983
2023-06-06,41.2,42.21,42.62,41.11,2512621
2023-06-07,42.26,43.0,43.62,42.26,3002754
2023-06-08,42.69,42.54,42.89,42.235,2406230
2023-06-09,42.56,42.69,43.065,42.44,1616249
2023-06-12,42.9,43.2,43.475,42.6,2361867
2023-06-13,43.27,43.27,43.92,43.13,1997092
2023-06-14,43.55,43.66,44.325,43.21,2488268
2023-06-15,43.53,43.44,43.82,43.275,2291134
2023-06-16,43.75,43.37,43.95,43.15,3638170
2023-06-20,43.03,43.47,43.58,42.805,2567039
2023-06-21,43.33,43.22,43.61,43.03,2176442
2023-06-22,43.28,42.92,43.5,42.52,2691252
2023-06-23,42.3,42.91,43.145,41.89,3255574
2023-06-26,43.28,42.8,43.9,42.78,2546334
2023-06-27,43.02,43.4,43.68,42.625,1801226
2023-06-28,43.2,42.77,43.26,42.635,2109873
2023-06-29,42.89,42.83,43.4,42.59,1899050
2023-06-30,43.01,42.8,43.21,42.555,2925920
2023-07-03,42.86,43.53,43.555,42.86,1234223
2023-07-05,43.13,42.88,43.24,42.68,1892140
2023-07-06,42.31,42.37,42.62,41.52,2489926
2023-07-07,42.18,42.59,42.915,42.12,2208747
2023-07-10,42.64,43.4,43.8,42.625,2533545
2023-07-11,43.63,44.39,44.49,43.55,1974195
2023-07-12,44.87,44.22,45.08,44.2,1680068
2023-07-13,44.58,44.46,44.7199,43.98,1874969
2023-07-14,44.31,43.66,44.38,43.29,1710663
2023-07-17,42.74,42.95,43.095,42.36,2418667
2023-07-18,42.89,43.36,43.38,42.5,2415934
2023-07-19,42.98,42.39,43.105,41.735,3027512
2023-07-20,42.32,41.82,42.44,41.73,2930993
2023-07-21,42.02,41.55,42.16,41.39,2162882
2023-07-24,41.53,42.05,42.11,41.24,1719446
2023-07-25,42.33,42.06,42.33,41.65,2852527
2023-07-26,41.84,42.47,42.48,41.49,2430155
2023-07-27,42.72,41.97,43.215,41.76,2647292
2023-07-28,42.64,43.01,43.045,42.26,2388978
2023-07-31,43.45,43.15,43.45,42.57,3499415
2023-08-01,43.8,42.85,43.8,42.68,2960455
2023-08-02,42.18,42.03,42.55,41.73,2081512
2023-08-03,42.04,43.0,43.18,41.61,2460247
2023-08-04,42.65,42.08,43.23,42.005,2535019
2023-08-07,42.39,42.39,42.79,42.3,3082479
2023-08-08,41.81,41.6,41.86,41.09,2309746
2023-08-09,41.47,41.24,41.7,41.05,1854809
2023-08-10,38.19,34.67,39.1,34.319,34325286
2023-08-11,34.7,35.12,35.83,34.65,14145761
2023-08-14,35.46,35.55,35.94,35.01,7527675
2023-08-15,35.05,35.39,35.6,34.97,4522907
2023-08-16,35.39,34.33,35.6109,34.28,6685802
2023-08-17,34.06,34.6,34.9,33.66,6026236
2023-08-18,34.84,34.59,35.3,34.55,4117675
2023-08-21,34.51,33.81,34.845,33.73,3620114
2023-08-22,33.45,33.16,33.76,33.01,3539999
2023-08-23,32.98,33.42,33.58,32.74,2980339
2023-08-24,33.29,33.09,33.99,33.02,3458391
2023-08-25,33.325,32.99,33.58,32.81,2271117
2023-08-28,33.22,33.2,33.38,32.93,3027024
2023-08-29,33.33,33.27,33.38,32.94,2733418
2023-08-30,33.26,33.42,33.825,33.26,3272347
2023-08-31,33.4,33.32,33.5,33.1105,3689785
2023-09-01,33.55,33.7,33.78,33.37,2566344
2023-09-05,33.63,33.01,33.63,32.78,4201982
2023-09-06,32.8,32.25,33.0,32.565,2547707
2023-09-07,31.94,31.79,32.14,31.55,3645914
2023-09-08,31.98,31.89,31.98,31.39,3208838
2023-09-11,31.98,31.74,32.19,31.575,2976897
2023-09-12,31.55,31.52,32.08,31.5,2500781
2023-09-13,31.21,30.55,31.41,30.43,4515637
2023-09-14,30.85,31.03,31.13,30.595,3199714
2023-09-15,30.9,30.99,31.23,30.75,10620645
2023-09-18,30.97,30.37,30.97,30.35,2908002
2023-09-19,30.22,30.23,30.36,30.05,2785776
2023-09-20,30.29,30.01,30.62,29.99,2532856
2023-09-21,29.75,29.35,29.86,29.33,3290809
2023-09-22,29.53,28.83,29.64,28.79,3545823
2023-09-25,28.57,28.5,28.92,28.45,3895429
2023-09-26,28.17,28.14,28.63,28.04,3354552
2023-09-27,28.22,27.95,28.43,27.865,3359386
2023-09-28,28.01,28.16,28.27,27.84,2947225
2023-09-29,28.74,28.75,28.845,28.43,3511144
2023-10-02,28.62,28.58,28.815,28.405,4454230
2023-10-03,28.33,27.95,28.66,27.85,3487503
2023-10-04,27.9,27.84,28.03,27.58,2616213
2023-10-05,27.88,27.58,28.03,27.42,2330502
2023-10-06,27.41,28.19,28.395,27.37,3981062
2023-10-09,27.86,28.19,28.24,27.45,2739492
2023-10-10,28.25,27.65,28.475,27.37,6156591
2023-10-11,27.8,28.03,28.225,27.375,5457742
2023-10-12,28.16,27.39,28.16,27.07,2630147
2023-10-13,27.26,27.59,27.73,27.24,3553875
2023-10-16,27.92,28.33,28.3575,27.51,2895519
2023-10-17,28.21,29.06,29.175,28.21,3002113
2023-10-18,28.85,28.6,29.05,28.525,2498845
2023-10-19,28.5,28.42,28.87,28.31,3066638
2023-10-20,28.51,28.12,28.5734,27.94,2344444
2023-10-23,27.79,27.9,28.1377,27.39,2889739
2023-10-24,28.08,27.92,28.348,27.705,3288892
2023-10-25,27.67,27.86,27.99,27.54,2555782
2023-10-26,27.91,28.0,28.255,27.63,2617850
2023-10-27,28.13,27.6,28.258,27.59,2879299
2023-10-30,28.05,28.06,28.17,27.79,3732925
2023-10-31,27.9,27.56,27.9,27.48,3939663
2023-11-01,27.47,26.59,27.6,25.99,5408745
2023-11-02,27.055,27.33,27.43,26.95,3829325
2023-11-03,27.91,27.94,28.285,27.885,2617652
2023-11-06,27.95,27.46,28.16,27.4,3196989
2023-11-07,27.02,27.47,27.5175,27.02,4044707
2023-11-08,27.46,27.46,27.84,27.2,4159568
2023-11-09,29.0,28.28,29.59,28.26,7356874
2023-11-10,27.86,28.12,28.235,27.545,4479668
2023-11-13,28.07,28.51,28.56,27.905,3958635
2023-11-14,29.05,30.51,30.61,28.965,7793706
2023-11-15,30.9,30.88,31.92,30.77,5195149
2023-11-16,30.65,30.1,30.74,29.83,3553578
2023-11-17,30.41,30.39,30.48,30.15,2473462
2023-11-20,30.5,30.76,30.92,30.195,3776221
2023-11-21,30.53,30.37,30.6,30.21,2478589
2023-11-22,30.47,30.39,30.755,30.31,2343430
2023-11-24,30.48,30.58,30.58,30.295,1702013
2023-11-27,30.39,30.92,31.0,30.2,3641621
2023-11-28,30.94,31.02,31.25,30.68,3706592
2023-11-29,31.465,31.67,31.94,31.45,4471641
2023-11-30,31.67,31.67,31.87,31.37,3767694
2023-12-01,31.7,32.7,32.76,31.61,3176935
2023-12-04,32.62,33.02,33.26,32.62,3919281
2023-12-05,32.75,32.42,32.902,32.2,3266922
2023-12-06,32.61,32.16,32.8703,32.35,2846470
2023-12-07,32.36,33.14,33.22,32.27,3999108
2023-12-08,33.03,33.53,33.65,32.905,3590878
2023-12-11,33.51,33.82,34.0,33.51,3029095
2023-12-12,33.7,33.56,33.94,33.465,3274004
2023-12-13,33.52,34.53,34.63,33.29,4023089
2023-12-14,35.06,36.51,36.845,35.06,7167570
2023-12-15,36.45,36.08,36.8,36.08,7987303
2023-12-18,36.1,35.85,36.1,35.58,3547988
2023-12-19,36.11,36.9,36.93,36.03,3170798
2023-12-20,36.73,36.57,37.27,36.515,3652529
2023-12-21,37.05,37.55,37.59,36.96,3470269
2023-12-22,36.59,37.05,37.59,36.5,3743106
2023-12-26,37.29,37.61,37.6175,37.15,2475190
2023-12-27,37.68,37.4,37.96,37.385,3385342
2023-12-28,37.4,37.08,37.432,37.035,3525882
2023-12-29,36.93,36.81,37.145,36.61,4316572
2024-01-02,36.81,38.17,38.4801,36.7,4557834
2024-01-03,37.68,36.85,37.73,36.75,4565208
2024-01-04,36.94,36.9,37.1,36.72,4147726
2024-01-05,36.79,37.33,37.805,36.75,3550343
2024-01-08,37.29,38.09,38.35,37.25,3209385
2024-01-09,37.57,37.46,37.825,37.165,2577876
2024-01-10,37.48,37.49,37.665,37.08,2221522
2024-01-11,37.44,37.67,37.68,36.985,2322140
2024-01-12,37.79,36.34,38.0,36.325,3908446
2024-01-16,36.01,36.47,36.48,35.49,2958827
2024-01-17,36.27,35.84,36.29,35.705,2787913
2024-01-18,36.1,35.83,36.16,35.26,2382101
2024-01-19,35.88,36.64,36.715,35.52,3246440
2024-01-22,36.7,37.45,37.53,36.7,2953443
2024-01-23,37.86,37.66,38.22,37.455,3831778
2024-01-24,37.97,37.54,38.39,37.51,2493241
2024-01-25,37.88,38.26,38.37,37.715,3325645
2024-01-26,39.2,38.97,40.1,38.89,3756926
2024-01-29,38.9,39.65,39.7,38.8,2822140
2024-01-30,39.2,39.46,39.6,39.19,2430477
2024-01-31,39.39,38.79,39.71,38.71,3230868
2024-02-01,39.04,40.02,40.08,39.01,3606766
2024-02-02,39.78,40.01,40.295,39.12,3238033
2024-02-05,40.45,40.37,40.65,39.74,4564424
2024-02-06,40.5,41.0,41.205,40.5,4403638
2024-02-07,41.17,40.35,41.21,40.12,5342409
2024-02-08,42.23,42.99,44.29,42.23,9212185
2024-02-09,42.89,42.0,42.89,41.26,6465198
2024-02-12,42.12,43.44,43.56,42.0,4410355
2024-02-13,42.03,42.69,42.71,41.805,4109355
2024-02-14,43.1,44.25,44.395,42.77,5220121
2024-02-15,44.64,45.46,45.555,44.4,4463485
2024-02-16,45.18,45.91,46.11,45.18,2998993
2024-02-20,45.64,46.75,46.85,45.64,3887137
2024-02-21,46.61,46.96,47.3,46.57,3820994
2024-02-22,47.29,47.8,47.925,47.1,3144661
2024-02-23,47.93,48.55,48.8,47.67,3518320
2024-02-26,48.27,47.62,48.445,47.45,3295882
2024-02-27,47.93,47.53,48.1,47.15,3779890
2024-02-28,47.12,47.72,48.0,46.97,3149532
2024-02-29,47.09,47.53,47.77,46.63,4863035
2024-03-01,47.76,47.22,48.06,47.2,3012467
2024-03-04,48.28,47.28,48.41,47.27,3972786
2024-03-05,47.05,47.78,48.095,46.6636,3651082
2024-03-06,47.83,46.64,48.235,46.72,3954970
2024-03-07,47.01,46.93,47.4,46.71,2570116
2024-03-08,47.1,47.08,47.52,46.85,2446074
2024-03-11,46.94,46.72,47.035,46.275,2349806
2024-03-12,46.75,47.23,47.34,46.635,2569363
2024-03-13,47.4,47.8,48.3,47.3999,3016413
2024-03-14,47.55,47.35,47.75,47.01,2486850
2024-03-15,47.16,46.84,47.97,46.84,11142461
2024-03-18,47.1,46.69,47.18,46.3,3244720
2024-03-19,46.54,46.53,47.355,46.24,3734764
2024-03-20,46.45,47.4,47.515,46.13,2909377
2024-03-21,47.7,48.09,48.17,47.32,3245050
2024-03-22,47.44,46.95,47.61,46.945,2370911
2024-03-25,46.95,45.55,47.15,45.49,3191697
2024-03-26,45.95,45.41,45.98,45.36,2940102
2024-03-27,45.74,46.68,46.7,45.74,3502744
2024-03-28,46.94,47.48,47.62,46.77,3051703
2024-04-01,48.08,48.1,48.33,47.205,3181685
2024-04-02,46.29,46.1,46.29,45.37,4362309
2024-04-03,46.02,45.17,46.41,44.805,3964694
2024-04-04,45.71,43.03,45.97,42.89,6092802
2024-04-05,43.22,42.93,43.35,42.64,3912048
2024-04-08,43.04,43.14,43.455,42.74,4298073
2024-04-09,43.15,42.69,43.15,42.26,3316313
2024-04-10,41.95,41.44,42.0,41.165,4974152
2024-04-11,41.76,41.82,42.0,41.01,4535774
2024-04-12,41.52,41.14,41.98,41.045,3801579
2024-04-15,41.92,40.83,42.32,40.585,3084427
2024-04-16,40.53,40.86,40.95,39.975,4288002
2024-04-17,41.35,40.49,41.55,40.22,4344190
2024-04-18,40.84,40.5,41.07,40.09,3814609
2024-04-19,40.48,40.62,41.075,40.4001,3467495
2024-04-22,40.86,40.31,40.88,40.06,3854644
2024-04-23,39.87,39.44,40.125,38.73,6548285
2024-04-24,39.39,40.03,40.07,39.03,4829291
2024-04-25,39.85,39.39,39.905,38.945,4311056
2024-04-26,39.54,40.05,40.38,39.4,3329580
2024-04-29,40.31,40.98,41.01,40.18,4161359
2024-04-30,40.55,39.92,40.74,39.9,5029541
2024-05-01,39.8,39.49,40.07,39.155,3506462
2024-05-02,40.03,38.79,40.1,38.72,3740314
2024-05-03,39.09,39.24,39.77,39.03,3309937
2024-05-06,39.67,39.48,39.945,39.34,3385007
2024-05-07,39.77,38.99,40.12,38.87,5292383
2024-05-08,38.61,38.98,39.04,38.52,4493485
2024-05-09,37.61,40.37,40.46,37.5011,5358991
2024-05-10,40.23,40.07,40.6,38.99,3602114
2024-05-13,40.48,41.35,41.6,40.48,4497287
2024-05-14,41.8,42.11,42.365,41.76,2871301
2024-05-15,42.53,42.67,42.77,42.24,3603435
2024-05-16,42.64,42.52,42.99,42.41,2593092
2024-05-17,42.53,42.32,42.76,42.175,3817797
2024-05-20,42.37,42.46,42.76,42.14,2269508
2024-05-21,42.26,42.35,42.62,42.115,2443791
2024-05-22,42.07,41.48,42.22,41.39,2462903
2024-05-23,41.31,41.36,41.9395,40.974,2095247
2024-05-24,41.89,42.3,42.4,41.65,2294897
2024-05-28,42.61,41.41,42.62,41.18,2538003
2024-05-29,41.04,41.52,41.81,40.94,2113029
2024-05-30,41.53,42.35,42.53,41.2304,2758993
2024-05-31,42.46,43.49,43.52,42.24,3049813
2024-06-03,43.79,44.28,44.49,43.5842,2274947
2024-06-04,44.185,43.06,44.19,43.005,2019776
2024-06-05,43.1,43.5,43.61,42.715,1828828
2024-06-06,43.75,43.2,44.06,43.39,3526414
2024-06-07,43.01,43.38,43.8,42.99,1938497
2024-06-10,43.1,44.19,44.27,43.09,2412439
2024-06-11,43.95,43.02,44.29,42.71,1950680
2024-06-12,43.55,42.83,44.19,42.705,1530307
2024-06-13,42.63,42.36,42.94,42.305,1709915
2024-06-14,41.74,41.81,42.16,41.44,1600261
2024-06-17,41.68,41.92,42.18,41.42,2355955
2024-06-18,41.85,41.01,42.05,40.85,4178832
2024-06-20,41.1,41.31,41.69,40.98,1880626
2024-06-21,41.22,41.64,41.7,41.01,5373522
2024-06-24,41.79,42.73,42.77,41.5,2263005
2024-06-25,43.0,41.87,43.0,41.81,2040749
2024-06-26,41.76,41.7,41.96,41.19,2390518
2024-06-27,41.36,41.61,41.755,40.99,1989423
2024-06-28,41.46,42.79,42.82,41.01,3509971
2024-07-01,42.75,41.99,42.85,41.45,1906971
2024-07-02,41.73,40.54,42.07,40.42,2427329
2024-07-03,40.7,40.19,40.8,40.12,1249157
2024-07-05,40.01,40.14,40.485,39.59,2836169
2024-07-08,40.48,41.91,41.91,40.33,2467396
2024-07-09,41.9,41.56,42.33,41.297,1868597
2024-07-10,41.92,42.35,42.38,41.56,1414167
2024-07-11,42.98,43.48,43.86,42.98,3022228
2024-07-12,44.17,43.9,44.63,43.84,2667737
2024-07-15,43.56,42.48,43.72,42.31,2138265
2024-07-16,42.96,42.96,43.32,42.49,2625891
2024-07-17,42.66,42.59,43.43,42.59,1979792
2024-07-18,42.56,41.69,43.38,41.48,1616610
2024-07-19,41.61,41.23,41.75,40.98,1586090
2024-07-22,41.41,41.79,41.83,40.6,1920599
2024-07-23,41.43,41.16,41.72,40.56,2394707
2024-07-24,41.0,39.84,41.215,39.74,2131210
2024-07-25,39.84,39.65,40.53,39.36,1978415
2024-07-26,40.21,40.82,41.01,40.03,2380018
2024-07-29,40.72,40.36,40.81,40.16,3124704
2024-07-30,40.46,39.77,40.72,39.29,3769865
2024-07-31,39.71,40.09,40.89,39.71,3513891
2024-08-01,40.28,39.15,40.4,38.86,2459105
2024-08-02,38.54,38.13,38.54,37.47,3279594
2024-08-05,35.79,36.86,37.25,35.23,4346181
2024-08-06,36.94,37.08,37.48,36.4,2631455
2024-08-07,37.75,36.29,37.75,36.235,2444559
2024-08-08,36.76,37.93,38.0,36.685,3175015
2024-08-09,37.73,38.23,38.65,37.45,3299404
2024-08-12,38.23,37.49,38.4,37.13,2940095
2024-08-13,37.63,38.23,38.38,37.47,2840921
2024-08-14,38.33,37.96,38.33,37.79,3827302
2024-08-15,40.74,39.2,41.52,38.09,7174609
2024-08-16,39.15,40.4,40.67,39.095,4707332
2024-08-19,40.61,40.58,40.98,40.01,2434445
2024-08-20,40.5,40.38,40.71,40.15,2630341
2024-08-21,40.55,41.15,41.61,40.55,3301451
2024-08-22,41.15,40.17,41.28,40.1,2198995
2024-08-23,40.69,41.66,41.72,40.43,2505429
2024-08-26,41.98,40.67,42.0,40.43,2243857
2024-08-27,40.44,40.26,40.55,39.93,1962845
2024-08-28,39.95,40.7,40.77,39.4,2526825
2024-08-29,40.68,40.52,40.83,40.1103,1928300
2024-08-30,40.81,40.97,41.065,40.3,2806202
2024-09-03,40.99,41.57,41.76,40.97,3987215
2024-09-04,41.33,41.19,41.95,40.81,3695582
2024-09-05,41.46,41.01,41.51,41.03,3339497
2024-09-06,41.01,40.36,41.46,40.075,2294222
2024-09-09,40.47,41.29,42.08,40.24,4326454
2024-09-10,41.05,41.17,41.17,40.32,1998410
2024-09-11,41.06,41.75,41.77,40.41,2416626
2024-09-12,41.84,42.04,42.32,41.38,2249800
2024-09-13,42.31,42.76,43.45,42.31,1949461
2024-09-16,42.95,43.26,43.45,42.76,2124615
2024-09-17,43.49,43.28,43.7,43.15,1655809
2024-09-18,43.45,43.13,44.06,43.01,2115419
2024-09-19,43.99,42.82,44.14,42.48,2327501
2024-09-20,42.62,42.57,42.855,42.06,4674397
2024-09-23,43.22,44.12,44.27,42.95,3743618
2024-09-24,45.19,45.4,45.815,44.8,2736251
2024-09-25,45.21,45.73,45.77,44.96,2864609
2024-09-26,46.08,47.01,47.36,46.08,4356027
2024-09-27,47.37,47.94,47.98,46.96,2592828
2024-09-30,47.63,46.98,47.8538,46.65,2921439
2024-10-01,46.83,46.31,46.83,45.34,2775078
2024-10-02,45.6,45.82,46.43,45.59,1732354
2024-10-03,45.46,45.75,45.97,45.22,1697625
2024-10-04,46.31,46.5,46.665,45.89,2201313
2024-10-07,46.33,45.68,46.42,45.43,2647363
2024-10-08,45.46,45.26,45.54,45.025,2066471
2024-10-09,45.25,44.81,45.53,44.79,1853717
2024-10-10,44.85,44.41,44.9886,44.39,1853780
2024-10-11,44.58,45.27,45.45,44.58,2726322
2024-10-14,45.06,45.59,45.81,45.06,1809475
2024-10-15,45.51,45.2,45.9497,45.11,2976108
2024-10-16,45.44,45.46,45.86,45.21,1689105
2024-10-17,45.56,45.18,45.98,45.13,2357909
2024-10-18,45.38,45.15,45.385,44.725,2533017
2024-10-21,45.16,44.51,45.48,44.36,2512863
2024-10-22,44.18,43.93,44.24,43.79,1934967
2024-10-23,43.59,43.54,43.87,43.07,1993251
2024-10-24,43.83,44.47,44.5,43.58,2901854
2024-10-25,49.8,50.49,51.585,48.5,17253323
2024-10-28,50.84,50.47,51.96,50.42,5441880
2024-10-29,49.7,49.03,49.855,48.42,5148910
2024-10-30,48.59,48.4,49.43,48.105,4115263
2024-10-31,48.32,47.45,48.41,47.33,3354224
2024-11-01,47.58,46.97,47.67,46.77,2655519
2024-11-04,47.22,48.56,48.73,47.22,4179761
2024-11-05,48.25,49.42,49.575,48.25,3086854
2024-11-06,50.54,49.76,50.98,49.29,6399807
2024-11-07,52.0,51.55,52.5,51.25,6991698
2024-11-08,50.62,52.22,52.28,50.37,3566430
2024-11-11,52.5,51.52,52.76,51.34,3731865
2024-11-12,49.92,51.17,51.4,49.84,4648018
2024-11-13,51.47,51.26,51.73,51.15,2115411
2024-11-14,55.27,57.82,58.49,55.1623,9954066
2024-11-15,58.0,57.23,58.28,56.42,4444887
2024-11-18,56.81,56.55,57.29,56.19,3249823
2024-11-19,55.45,55.62,56.12,55.07,3109216
2024-11-20,55.41,55.3,55.9,54.99,2897856
2024-11-21,55.32,56.41,56.63,54.98,2504041
2024-11-22,58.03,58.92,59.69,57.84,6946374
2024-11-25,59.89,60.85,61.285,59.74,6836142
2024-11-26,60.67,61.06,61.44,60.55,12773621
2024-11-27,61.1,60.92,61.5946,60.45,5348898
2024-11-29,61.35,62.28,62.64,61.35,2410632
2024-12-02,62.71,64.58,64.6,62.36,8105926
2024-12-03,65.0,64.32,65.2977,63.68,10637293
2024-12-04,64.05,63.83,64.31,63.05,3508019
2024-12-05,63.74,63.22,64.3,63.25,4681545
2024-12-06,63.74,62.25,64.02,62.0301,9557694
2024-12-09,62.75,62.27,63.59,61.7,5787001
2024-12-10,62.42,61.39,62.42,61.09,4154736
2024-12-11,61.75,62.3,62.61,61.35,4272433
2024-12-12,62.25,61.49,62.765,61.37,2698087
2024-12-13,61.82,63.2,63.33,61.49,3724470
2024-12-16,63.87,64.2,65.15,63.615,7097072
2024-12-17,64.41,63.81,65.27,63.6,4778408
2024-12-18,63.63,62.08,64.4,62.03,5272017
2024-12-19,64.13,62.66,64.72,62.43,4934070
2024-12-20,62.5,64.15,64.62,62.13,11658712
2024-12-23,64.08,64.73,64.93,63.89,4898646
2024-12-24,64.73,65.28,65.28,64.64,1402907
2024-12-26,65.08,66.18,66.3,65.06,2835246
2024-12-27,65.71,65.87,66.47,65.54,2054938
2024-12-30,65.35,65.82,66.38,64.68,2476292
2024-12-31,66.0,65.33,66.47,65.225,2601114
2025-01-02,65.62,65.63,66.44,65.17,3373651
2025-01-03,66.2,66.77,67.4,65.97,3333974
2025-01-06,67.41,67.66,68.42,67.281,5163739
2025-01-07,68.23,67.36,69.09,67.21,3114892
2025-01-08,68.03,68.53,68.78,67.0201,4360456
2025-01-10,68.0,67.15,68.155,66.61,4858610
2025-01-13,66.73,66.75,66.82,65.0932,3972621
2025-01-14,67.845,67.66,69.08,67.38,6752431
2025-01-15,69.02,67.65,69.595,67.365,4088490
2025-01-16,68.6,69.63,69.835,68.145,3490500
2025-01-17,70.18,71.39,72.09,70.0201,5254406
2025-01-21,71.87,74.05,74.25,71.87,4726324
2025-01-22,74.39,73.34,74.54,73.215,3511260
2025-01-23,72.93,73.62,73.815,72.55,4276355
2025-01-24,73.62,74.65,75.78,73.53,3857814
2025-01-27,73.83,72.51,73.95,71.77,4528825
2025-01-28,72.5,73.79,74.0,72.2617,3481378
2025-01-29,74.08,74.39,75.5154,73.78,3007393
2025-01-30,75.0,75.91,76.49,74.68,4292545
2025-01-31,74.88,72.94,75.2,72.17,6638045
2025-02-03,71.69,73.53,73.99,71.33,8771124
2025-02-04,73.98,72.96,74.39,72.68,3555954
2025-02-05,72.5,73.38,74.21,72.5,5293577
2025-02-06,87.75,82.2,87.8749,81.5,15057105
2025-02-07,83.53,80.38,84.06,78.99,7820674
2025-02-10,79.67,79.05,80.55,78.34,5967066
2025-02-11,79.05,81.36,81.756,78.77,6476651
2025-02-12,81.95,85.13,85.7,81.23,7413936
2025-02-13,85.8,86.64,87.13,85.2,5033709
2025-02-14,86.35,87.7,88.07,85.76,4819221
2025-02-18,90.67,89.0,90.85,88.09,4546710
2025-02-19,88.03,89.21,89.47,87.31,4381400
2025-02-20,87.72,86.52,89.21,85.81,5010003
2025-02-21,86.6,84.59,87.76,84.3,3583291
2025-02-24,85.11,84.39,85.55,82.73,5740938
2025-02-25,84.4,84.03,85.04,81.68,5838486
2025-02-26,84.64,86.56,87.46,84.595,4476399
2025-02-27,85.7,84.31,86.51,83.99,5424504
2025-02-28,84.02,85.42,85.68,83.4864,4772146
2025-03-03,86.71,84.09,87.15,83.39,3939332
2025-03-04,83.13,81.27,83.35,79.0,6967870
2025-03-05,80.63,80.93,82.16,79.67,4953028
2025-03-06,79.98,77.72,80.71,77.03,5231733
2025-03-07,77.09,74.92,77.41,72.27,7520384
2025-03-10,72.64,70.7,73.195,69.54,9306651
2025-03-11,71.32,71.97,72.75,71.06,7869447
2025-03-12,73.475,71.69,74.31,70.87,9696977
2025-03-13,71.33,69.71,71.66,68.075,4864550
2025-03-14,70.95,70.46,71.31,69.18,4435029
2025-03-17,70.39,71.22,71.685,69.625,4586630
2025-03-18,71.07,70.97,71.92,69.69,4202107
2025-03-19,71.5,73.5,74.36,70.83,6503913
2025-03-20,72.24,72.91,73.3,72.0,4809333
2025-03-21,71.57,73.12,73.33,70.4,24276791
2025-03-24,74.17,75.72,75.82,73.94,5469175
2025-03-25,75.49,74.72,75.68,74.14,3072240
2025-03-26,74.75,73.68,75.17,73.2,2775228
2025-03-27,72.91,72.75,73.8,72.26,2470799
2025-03-28,72.05,70.25,72.51,69.43,5433839
2025-03-31,68.58,70.41,70.665,67.135,4235618
2025-04-01,70.36,72.89,73.14,69.5,5304108
2025-04-02,72.3,74.74,75.15,71.85,3754410
2025-04-03,67.725,65.09,68.25,63.1001,12796729
2025-04-04,61.445,62.94,67.41,60.13,11787771
2025-04-07,60.065,62.99,65.2,59.05,11550559
2025-04-08,65.25,60.6,67.06,59.22,10731925
2025-04-09,59.8,67.28,68.44,58.39,12486265
2025-04-10,65.03,63.92,66.0,62.04,5761985
2025-04-11,63.31,63.4,64.375,62.21,5317855
