2021-12-02,10.0,9.85,10.0494,9.7,1053075
2021-12-03,9.85,9.85,9.85,9.85,536
2021-12-06,9.8398,9.845,9.85,9.83,789676
2021-12-07,9.84,9.85,9.86,9.84,146025
2021-12-08,9.84,9.845,9.86,9.84,157214
2021-12-09,9.85,9.86,9.86,9.85,137044
2021-12-10,9.9,9.86,9.9,9.85,62600
2021-12-13,9.86,9.85,9.8607,9.83,17811
2021-12-14,9.85,9.85,9.85,9.85,3180
2021-12-15,9.84,9.835,9.86,9.83,6333
2021-12-16,9.86,9.85,9.87,9.85,23386
2021-12-17,9.85,9.84,9.87,9.825,67724
2021-12-21,9.84,9.85,9.87,9.84,1021
2021-12-22,9.83,9.85,9.87,9.8,34055
2021-12-23,9.83,9.85,9.87,9.83,8392
2021-12-27,NaN,9.85,NaN,NaN,11
2021-12-28,9.85,9.86,9.86,9.85,3192
2021-12-29,9.83,9.83,9.83,9.83,311
2021-12-30,9.86,9.86,9.86,9.86,21175
2021-12-31,9.83,9.82,9.84,9.81,2167
2022-01-03,9.8227,9.85,9.85,9.8227,2453
2022-01-04,9.86,9.87,9.87,9.86,17468
2022-01-05,9.95,9.87,9.95,9.85,235091
2022-01-06,9.88,9.88,9.88,9.86,316958
2022-01-07,NaN,9.88,NaN,NaN,18
2022-01-10,NaN,9.88,NaN,NaN,11
2022-01-11,9.87,9.86,9.88,9.86,19350
2022-01-12,9.88,9.88,9.895,9.87,329525
2022-01-13,9.88,9.88,9.88,9.88,2233
2022-01-14,9.87,9.86,9.87,9.86,2139
2022-01-18,9.88,9.88,9.88,9.87,23293
2022-01-19,NaN,9.88,NaN,NaN,3
2022-01-20,9.88,9.88,9.88,9.88,8529
2022-01-21,9.88,9.88,9.88,9.86,24039
2022-01-24,9.88,9.85,9.8806,9.85,48693
2022-01-25,9.8811,9.87,9.8811,9.87,8574
2022-01-26,9.84,9.88,9.89,9.84,10335
2022-01-27,9.85,9.85,9.85,9.85,397
2022-01-28,9.8551,9.8551,9.8551,9.8551,467
2022-01-31,9.89,9.89,9.89,9.89,289
2022-02-07,9.91,9.91,9.91,9.91,133
2022-02-10,9.91,9.89,9.91,9.89,2551
2022-02-15,9.9,9.9,9.905,9.9,49550
2022-02-16,9.91,9.91,9.91,9.91,604
2022-02-17,9.91,9.9,9.93,9.9,2636
2022-02-22,9.9,9.9,9.9,9.9,175
2022-02-23,9.89,9.89,9.89,9.89,10445
2022-02-24,9.92,9.88,9.92,9.88,24777
2022-02-28,9.89,9.89,9.89,9.89,106
2022-03-01,9.9,9.915,9.92,9.895,33927
2022-03-02,10.895,9.91,10.895,9.91,1584
2022-03-03,9.93,9.92,9.93,9.91,10607
2022-03-07,9.91,9.91,9.91,9.91,50597
2022-03-10,9.91,9.91,9.91,9.91,400
2022-03-11,9.92,9.92,9.92,9.92,203
2022-04-04,9.94,9.94,9.94,9.94,315512
2022-04-05,9.94,9.94,9.94,9.94,100
2022-04-06,9.94,9.94,9.94,9.94,47250
2022-04-07,9.99,9.95,9.99,9.95,394
2022-04-12,9.95,9.96,9.96,9.95,687
2022-04-13,9.97,9.97,9.97,9.96,6871
2022-04-14,10.0,10.0,10.0,10.0,228
2022-04-21,9.98,10.75,10.995,9.96,322493
2022-04-22,9.96,9.96,9.96,9.96,665
2022-04-25,9.97,9.97,9.97,9.97,15452
2022-04-28,9.97,9.97,9.97,9.97,33670
2022-05-03,9.98,9.98,9.98,9.97,100800
2022-05-04,10.01,9.98,10.01,9.98,7765
2022-05-05,9.98,9.99,9.99,9.97,91701
2022-05-09,9.97,9.97,9.97,9.96,25300
2022-05-10,9.96,9.96,9.97,9.96,6385
2022-05-16,9.97,9.98,9.98,9.97,4038
2022-05-19,9.95,9.95,9.95,9.95,2800
2022-05-26,9.9518,9.95,9.97,9.95,9001
2022-05-27,9.95,9.95,9.95,9.95,4569
2022-05-31,9.97,9.97,9.97,9.97,314217
2022-06-01,9.99,9.97,9.99,9.97,16636
2022-06-02,9.985,9.98,9.985,9.97,19051
2022-06-08,9.98,9.98,9.98,9.98,112
2022-06-15,10.0,10.0,10.0,10.0,200
2022-06-16,9.98,9.98,9.98,9.98,363
2022-06-17,9.98,9.98,9.98,9.97,11581
2022-06-27,9.98,9.99,9.99,9.98,637
2022-06-29,9.97,9.97,9.97,9.97,452
2022-07-01,9.98,9.98,9.98,9.98,235
2022-07-05,9.97,9.985,9.985,9.97,98536
2022-07-06,9.98,9.99,9.99,9.98,6541
2022-07-08,9.99,9.99,9.99,9.99,101
2022-07-12,9.99,9.99,9.99,9.99,5750
2022-07-13,10.0175,10.02,10.03,10.005,56901
2022-07-14,10.015,10.02,10.02,10.015,1009
2022-07-15,10.02,10.02,10.02,10.01,16110
2022-07-18,10.008,10.008,10.008,10.008,233
2022-07-19,10.0029,10.0029,10.0029,10.0029,204
2022-07-20,10.01,10.0,10.01,10.0,238836
2022-07-21,10.03,10.02,10.03,10.02,300
2022-07-25,10.505,10.06,10.505,10.06,430
2022-07-26,10.07,10.07,10.07,10.01,972
2022-07-27,10.08,10.08,10.08,10.08,547
2022-07-28,10.05,10.04,10.05,10.04,100211
2022-07-29,10.04,10.04,10.04,10.04,54809
2022-08-01,10.05,10.04,10.05,10.0327,1068
2022-08-08,10.1,10.1,10.1,10.1,175
2022-08-11,10.03,10.03,10.03,10.03,47101
2022-08-15,10.04,10.04,10.04,10.04,617
2022-08-16,10.04,10.04,10.04,10.04,304
2022-08-17,10.05,10.0506,10.0506,10.05,2750
2022-08-18,10.04,10.04,10.04,10.04,20942
2022-08-22,10.0899,10.0899,10.0899,10.0899,500
2022-08-25,10.07,10.03,10.07,10.03,1300
2022-08-26,10.03,10.03,10.03,10.03,785387
2022-09-13,10.07,10.07,10.07,10.07,400
2022-09-15,10.0493,10.06,10.06,10.0493,419
2022-09-22,10.065,10.07,10.07,10.065,9402
2022-09-23,10.07,10.07,10.07,10.07,7408
2022-09-28,10.0627,10.0627,10.0627,10.0627,1025
2022-09-30,10.07,10.07,10.08,10.07,208439
2022-10-03,10.08,10.08,10.08,10.08,23601
2022-10-04,10.08,10.08,10.08,10.08,4147
2022-10-05,10.08,10.08,10.08,10.07,4700
2022-10-12,10.08,10.08,10.08,10.08,11101
2022-10-13,10.08,10.08,10.08,10.08,101
2022-10-17,10.09,10.09,10.09,10.08,7306
2022-10-21,10.09,10.08,10.09,10.0798,113301
2022-10-26,10.08,10.08,10.09,10.07,72411
2022-10-27,10.08,10.07,10.08,10.07,4548
2022-10-28,10.07,10.07,10.07,10.07,100
2022-10-31,10.08,10.07,10.09,10.07,45622
2022-11-01,10.07,10.07,10.07,10.07,11313
2022-11-02,10.08,10.08,10.08,10.08,29507
2022-11-03,10.08,10.07,10.08,10.07,57625
2022-11-04,10.07,10.07,10.07,10.07,100
2022-11-07,10.08,10.09,10.09,10.08,10801
2022-11-09,10.09,10.09,10.1,10.09,10565
2022-11-10,10.1,10.1,10.1,10.1,1000
2022-11-14,10.1,10.1,10.1,10.1,332
2022-11-18,10.1,10.1,10.1,10.1,4000
2022-11-21,10.15,10.17,10.17,10.15,10208
2022-11-22,10.16,10.16,10.16,10.16,122
2022-11-23,10.17,10.18,10.21,10.17,397314
2022-11-25,10.18,10.195,10.2,10.18,8258
2022-11-28,10.21,10.21,10.215,10.205,412305
2022-11-29,10.21,10.21,10.21,10.21,105142
2022-11-30,10.21,10.21,10.21,10.18,63691
2022-12-07,10.18,10.18,10.18,10.18,649
2022-12-09,10.18,10.18,10.18,10.18,786
2022-12-13,10.23,10.24,10.24,10.23,9377
2022-12-15,10.24,10.24,10.25,10.24,10261
2022-12-16,10.2,10.19,10.21,10.19,9200
2022-12-19,10.25,10.25,10.26,10.25,12197
2022-12-20,10.18,10.18,10.18,10.18,1303
2022-12-27,10.18,10.16,10.3518,10.16,12919
2022-12-30,10.94,10.62,10.94,10.62,600
2023-01-09,10.24,10.21,10.25,10.16,1902
2023-01-12,10.2,10.2,10.2,10.19,10352
2023-01-13,10.28,10.28,10.28,10.28,100
2023-01-24,10.23,10.3,10.3,10.23,857
2023-02-01,10.25,10.25,10.25,10.25,101
2023-02-03,10.27,10.27,10.27,10.27,123
2023-02-06,10.2999,10.3,10.3,10.2899,3560
2023-02-14,10.3,10.3,10.3,10.3,116
2023-02-17,10.365,10.36,10.38,10.35,1588
2023-02-21,10.45,10.45,10.45,10.45,194
2023-02-22,10.35,10.45,10.45,10.35,267
2023-02-24,10.35,10.35,10.35,10.35,198
2023-02-28,10.4,10.4,10.4,10.4,101
2023-03-08,10.45,10.45,10.45,10.45,237
2023-03-13,10.5,10.5,10.5,10.5,230
2023-03-15,10.45,10.47,10.47,10.45,200
2023-03-22,10.59,10.65,10.65,10.59,11660
2023-03-23,10.47,10.57,10.57,10.47,972
2023-03-28,10.65,10.65,10.65,10.65,212
2023-03-29,10.64,10.62,10.64,10.62,236
2023-04-06,10.88,10.88,10.88,10.88,420
2023-04-19,10.59,10.59,10.59,10.59,100
2023-04-20,10.67,10.67,10.67,10.67,105
2023-04-26,11.42,11.2,11.9,11.0,8003
2023-04-27,11.76,11.0,11.76,10.65,1378
2023-05-01,10.9,10.9,11.45,10.9,2700
2023-05-05,10.72,10.72,10.72,10.72,516
2023-05-08,10.72,10.72,10.72,10.72,107
2023-05-09,10.56,10.56,10.56,10.56,205
2023-05-17,10.65,10.65,10.65,10.65,100
2023-05-18,10.65,10.65,10.65,10.65,121
2023-05-19,10.65,10.65,10.65,10.65,100
2023-05-22,10.65,10.65,10.65,10.65,101
2023-05-23,10.66,10.66,10.66,10.66,100
2023-05-24,10.57,10.57,10.57,10.57,100
2023-05-25,10.65,10.65,10.65,10.65,101
2023-05-30,10.57,10.57,10.57,10.57,102
2023-05-31,10.65,10.65,10.65,10.65,101
2023-06-07,10.75,10.95,11.0,10.7497,17912
2023-06-13,10.93,10.95,10.95,10.93,294
2023-06-15,11.5,10.96,11.5,10.96,350
2023-06-22,11.25,11.36,11.36,11.25,350
2023-06-23,11.4,11.31,11.5,11.31,3048
2023-06-26,11.4298,11.3301,11.4298,11.33,804
2023-06-27,11.33,11.43,11.43,11.33,756
2023-06-28,11.34,11.4,11.4,11.34,4621
2023-06-29,11.48,11.48,11.48,11.48,113
2023-06-30,11.48,11.37,11.48,11.37,1242
2023-07-03,11.46,11.451,11.53,11.45,3198
2023-07-05,11.56,11.56,11.56,11.56,422
2023-07-06,11.6,11.6,11.6,11.6,100
2023-07-07,11.75,11.6,11.76,11.6,1650
2023-07-10,11.85,11.7,11.85,11.7,813
2023-07-11,11.6,11.57,11.6,11.4,2213
2023-07-12,11.41,11.36,11.45,11.36,8919
2023-07-13,11.47,11.38,11.47,11.15,2012
2023-07-14,19.0,12.25,19.91,11.6,372471
2023-07-17,11.66,11.79,11.99,11.43,33289
2023-07-18,11.51,11.6799,11.73,11.44,154421
2023-07-19,12.99,12.55,14.4,12.0,848711
2023-07-20,11.76,11.78,12.2,11.63,209743
2023-07-21,11.71,11.65,11.7499,11.55,75663
2023-07-24,11.71,11.59,11.9599,11.55,55286
2023-07-25,11.65,11.64,11.84,11.56,81167
2023-07-26,11.7,11.62,11.705,11.61,15272
2023-07-27,11.6,11.65,11.65,11.57,20187
2023-07-28,11.65,11.75,11.8499,11.57,25420
2023-07-31,11.5947,11.67,11.69,11.5701,8736
2023-08-01,11.59,11.62,11.63,11.52,11506
2023-08-02,11.58,11.555,11.69,11.5,18220
2023-08-03,11.58,11.6,11.64,11.5503,5278
2023-08-04,11.5,11.55,11.55,11.5,6461
2023-08-07,11.55,11.4601,11.55,11.45,4086
2023-08-08,11.53,11.59,11.6,11.53,5270
2023-08-09,11.49,11.54,11.55,11.48,2416
2023-08-10,11.54,11.54,11.54,11.46,2504
2023-08-11,11.46,11.45,11.55,11.45,3759
2023-08-14,11.45,11.45,11.5,11.45,4103
2023-08-15,11.5,11.87,12.2,11.49,115795
2023-08-16,11.7,11.6,11.7,11.5,24545
2023-08-17,11.64,11.55,11.65,11.53,4251
2023-08-18,11.64,11.63,11.64,11.56,975
2023-08-21,11.6499,11.6,11.65,11.55,2102
2023-08-22,11.55,11.59,11.601,11.55,8309
2023-08-23,11.56,11.605,11.6356,11.5505,1082
2023-08-24,11.65,11.61,11.7,11.6,7557
2023-08-25,11.642,11.6001,11.642,11.6001,1407
2023-08-28,11.6,11.632,11.632,11.6,2012
2023-08-29,11.55,11.55,11.55,11.55,1062
2023-08-31,11.57,11.57,11.57,11.57,210
2023-09-01,11.64,11.65,11.7999,11.6,16673
2023-09-05,11.7,11.6,11.7,11.6,688
2023-09-06,11.6,11.6001,11.62,11.6,1580
2023-09-07,11.68,11.62,11.68,11.62,1633
2023-09-08,11.6,11.6,11.6,11.6,228
2023-09-11,11.61,11.6,11.61,11.6,400
2023-09-12,11.66,11.6,11.66,11.6,403
2023-09-13,11.63,11.6301,11.6301,11.63,205
2023-09-14,11.61,11.61,11.61,11.6,1179
2023-09-18,11.6,11.61,11.8,11.57,10134
2023-09-19,11.65,11.84,12.0,11.56,30333
2023-09-20,11.77,11.72,11.9,11.72,5301
2023-09-21,11.74,11.6,11.75,11.5501,12895
2023-09-22,11.56,11.65,11.65,11.56,1436
2023-09-25,11.55,11.55,11.55,11.55,185
2023-09-27,11.5601,11.57,11.57,11.5601,526
2023-09-28,11.57,11.56,11.57,11.56,591
2023-09-29,11.63,11.7,11.75,11.56,14555
2023-10-02,11.6,11.7,11.7,11.6,1894
2023-10-03,11.61,11.63,11.63,11.6,2766
2023-10-04,11.62,11.6201,11.63,11.62,2077
2023-10-05,11.63,11.63,11.63,11.63,704
2023-10-06,11.64,11.64,11.64,11.64,157
2023-10-09,11.62,11.62,11.62,11.62,506
2023-10-10,11.62,11.62,11.62,11.62,7562
2023-10-11,11.68,11.6,11.68,11.6,411
2023-10-12,11.65,11.65,11.65,11.65,180
2023-10-13,11.57,11.59,11.65,11.57,4714
2023-10-16,11.65,11.6,11.65,11.6,1747
2023-10-17,11.61,11.6001,11.61,11.6,1759
2023-10-18,11.6,11.6,11.6,11.6,103
2023-10-19,11.6001,11.6,11.6001,11.6,1992
2023-10-20,11.6,11.644,11.644,11.6,408
2023-10-23,11.6,11.6001,11.6001,11.6,1756
2023-10-26,11.6,11.6,11.6,11.6,3025
2023-10-27,11.6001,11.643,11.643,11.6001,604
2023-10-31,11.6,11.65,11.65,11.6,808
2023-11-02,11.64,11.64,11.64,11.64,124
2023-11-06,11.57,11.56,11.64,11.56,624
2023-11-09,11.6203,11.65,11.65,11.62,10365
2023-11-14,11.58,11.58,11.58,11.58,221
2023-11-16,11.57,11.57,11.57,11.57,764
2023-11-17,11.57,11.57,11.57,11.57,559
2023-11-22,11.57,11.55,11.57,11.55,604
2023-11-27,11.55,11.55,11.55,11.55,370
2023-11-30,11.5501,11.55,11.5501,11.55,664
2023-12-01,11.53,11.53,11.53,11.53,225
2023-12-04,11.55,11.55,11.55,11.55,277
2023-12-08,11.5001,11.5001,11.5001,11.5001,801
2023-12-11,11.58,11.55,11.58,11.55,2232
2023-12-12,11.51,11.51,11.51,11.51,124
2023-12-13,11.51,11.51,11.51,11.51,120
2023-12-14,11.55,11.55,11.55,11.55,1514
2023-12-15,11.51,11.51,11.51,11.508,7067
2023-12-18,11.52,11.52,11.52,11.52,155
2023-12-20,11.52,11.52,11.52,11.52,292
2023-12-21,11.58,11.65,11.82,11.57,5115
2023-12-26,11.53,11.5501,11.596,11.53,1118
2023-12-28,11.56,11.56,11.56,11.56,304
2023-12-29,11.65,11.65,11.7,11.64,9037
2024-01-02,11.7,11.66,11.75,11.65,7512
2024-01-03,11.69,11.68,11.7,11.66,10852
2024-01-04,11.69,11.7102,11.7102,11.69,31550
2024-01-05,11.71,11.712,11.73,11.71,266301
2024-01-08,11.73,11.7501,11.82,11.73,109149
2024-01-09,11.71,11.7101,11.7428,11.71,2002
2024-01-10,11.7,11.71,11.71,11.7,407
2024-01-11,11.71,11.68,11.72,11.6199,220941
2024-01-12,10.57,11.65,11.65,10.53,12378
2024-01-16,10.0,9.02,10.0,8.5,7318
2024-01-17,9.0,9.0,9.2,8.5,6074
2024-01-18,8.7,8.2,8.8,7.96,10034
2024-01-19,8.075,8.0,8.51,7.25,5415
2024-01-22,8.2,8.92,8.97,8.0,4200
2024-01-24,9.36,9.36,9.36,9.36,662
2024-01-25,8.65,8.65,8.65,8.65,249
2024-01-26,7.7,7.691,7.77,7.25,3405
2024-01-29,7.4,8.04,8.04,6.97,1370
2024-01-30,8.39,8.39,8.39,8.39,177
2024-01-31,7.54,2.96,8.0,2.96,104946
2024-02-01,2.15,1.33,2.1999,1.16,998458
2024-02-02,1.61,1.64,1.79,1.37,4842808
2024-02-05,1.47,1.54,1.73,1.25,993452
2024-02-06,1.47,1.55,1.7,1.3714,416552
2024-02-07,1.55,1.84,2.0,1.55,551408
2024-02-08,1.68,1.62,1.69,1.4,246901
2024-02-09,1.77,1.6,1.77,1.4,174160
2024-02-12,1.55,1.94,2.05,1.45,837578
2024-02-13,1.85,1.75,1.953,1.65,275707
2024-02-14,1.65,1.64,1.763,1.51,94602
2024-02-15,1.6295,1.76,1.8399,1.6007,93182
2024-02-16,1.75,1.69,1.75,1.635,49421
2024-02-20,1.65,1.6,1.705,1.58,112667
2024-02-21,1.62,1.59,1.7,1.52,49278
2024-02-22,1.66,1.5199,1.66,1.5,74572
2024-02-23,1.56,1.41,1.5951,1.35,44132
2024-02-26,1.42,1.33,1.4201,1.31,44914
2024-02-27,1.39,1.37,1.39,1.1801,89630
2024-02-28,1.34,1.245,1.35,1.23,22647
2024-02-29,1.248,1.315,1.39,1.235,118762
2024-03-01,1.265,1.3,1.35,1.231,69365
2024-03-04,1.3,1.2,1.3,1.12,25889
2024-03-05,1.2,1.18,1.23,1.11,41169
2024-03-06,1.19,1.29,1.3,1.18,100375
2024-03-07,1.25,1.29,1.31,1.22,39660
2024-03-08,1.28,1.44,1.4999,1.28,74022
2024-03-11,1.44,1.45,1.54,1.4001,53961
2024-03-12,1.49,1.468,1.49,1.41,23042
2024-03-13,1.45,1.44,1.54,1.4323,48121
2024-03-14,1.4658,1.43,1.55,1.42,85707
2024-03-15,1.45,1.32,1.4993,1.32,135504
2024-03-18,1.31,1.16,1.36,1.16,86327
2024-03-19,1.225,1.15,1.29,1.15,71593
2024-03-20,2.0,1.89,2.27,1.56,59473897
2024-03-21,1.89,1.61,1.96,1.6,1832145
2024-03-22,1.5,1.6,1.7,1.5,448615
2024-03-25,1.68,1.4,1.7,1.33,417012
2024-03-26,1.37,1.4,1.44,1.3201,122869
2024-03-27,1.43,1.37,1.44,1.32,170301
2024-03-28,1.38,1.28,1.4,1.2,323846
2024-04-01,1.26,1.21,1.31,1.1829,70767
2024-04-02,1.21,1.27,1.3,1.2001,75146
2024-04-03,1.3,1.32,1.35,1.2301,160304
2024-04-04,1.29,1.36,1.45,1.2115,57219
2024-04-05,1.37,1.4,1.41,1.33,44022
2024-04-08,1.48,1.39,1.51,1.33,70704
2024-04-09,1.39,1.81,1.86,1.3522,502776
2024-04-10,1.76,1.63,1.8099,1.55,133530
2024-04-11,1.55,1.65,1.6716,1.55,51188
2024-04-12,1.63,1.75,1.7882,1.63,56600
2024-04-15,1.75,1.75,1.78,1.6,57339
2024-04-16,1.75,1.65,1.7555,1.63,27202
2024-04-17,1.61,1.6728,1.69,1.57,10936
2024-04-18,1.63,1.75,1.75,1.48,38037
2024-04-19,1.64,1.73,1.75,1.605,61016
2024-04-22,1.74,1.64,1.74,1.6139,6778
2024-04-23,1.61,1.69,1.75,1.5874,12843
2024-04-24,1.63,1.7,1.74,1.62,8007
2024-04-25,1.62,1.68,1.7372,1.5201,9245
2024-04-26,1.66,1.63,1.72,1.5601,10218
2024-04-29,1.68,1.64,1.75,1.63,19972
2024-04-30,1.69,1.64,1.7,1.64,15457
2024-05-01,1.7,1.68,1.74,1.65,32878
2024-05-02,1.68,1.69,1.74,1.64,47478
2024-05-03,1.64,1.57,1.695,1.54,36169
2024-05-06,1.62,1.61,1.67,1.57,14666
2024-05-07,1.56,1.53,1.6606,1.5,14447
2024-05-08,1.6,1.58,1.6,1.58,4120
2024-05-09,1.5283,1.5,1.5299,1.5,11887
2024-05-10,1.5,1.47,1.5182,1.47,10651
2024-05-13,1.45,1.41,1.5,1.4,15875
2024-05-14,1.405,1.33,1.405,1.3,169297
2024-05-15,1.33,1.33,1.365,1.29,21502
2024-05-16,1.4,1.3,1.4,1.3,33880
2024-05-17,1.32,1.37,1.39,1.32,27023
2024-05-20,1.42,1.29,1.42,1.29,9003
2024-05-21,1.25,1.23,1.3,1.23,20879
2024-05-22,1.2,1.2,1.24,1.19,14771
2024-05-23,1.18,1.17,1.31,1.17,11398
2024-05-24,1.37,1.14,1.37,1.13,14961
2024-05-28,1.14,1.13,1.21,1.13,6700
2024-05-29,1.11,1.1399,1.1499,1.09,22711
2024-05-30,1.09,1.09,1.14,1.09,9095
2024-05-31,1.08,1.11,1.15,1.06,14124
2024-06-03,1.13,1.09,1.13,1.04,14159
2024-06-04,1.09,0.995,1.09,0.995,13920
2024-06-05,0.96,1.16,1.25,0.96,17360
2024-06-06,1.18,1.13,1.19,1.1,11954
2024-06-07,1.12,1.08,1.13,1.0001,14015
2024-06-10,1.13,1.02,1.14,1.0101,16884
2024-06-11,1.02,1.375,1.49,1.01,139952
2024-06-12,1.52,1.28,1.52,1.26,59292
2024-06-13,1.29,1.11,1.29,1.11,43956
2024-06-14,1.12,1.19,1.21,1.11,10300
2024-06-17,1.26,1.12,1.3,1.11,14090
2024-06-18,1.2001,1.131,1.2001,1.12,17948
2024-06-20,1.1,1.09,1.14,1.09,8087
2024-06-21,1.17,1.1,1.29,1.07,10984
2024-06-24,1.1286,1.17,1.23,1.095,9562
2024-06-25,1.15,1.11,1.245,1.11,7264
2024-06-26,1.17,1.12,1.254,1.11,28776
2024-06-27,1.18,1.1,1.2,1.1,6761
2024-06-28,1.17,1.12,1.17,1.1143,3406
2024-07-01,1.23,1.15,1.24,1.13,5277
2024-07-02,1.13,1.1,1.17,1.1,13122
2024-07-03,1.07,1.07,1.11,1.07,14457
2024-07-05,1.09,1.09,1.1037,1.0,16468
2024-07-08,1.15,1.08,1.15,1.07,6475
2024-07-09,1.13,1.01,1.13,1.01,9190
2024-07-10,1.05,1.01,1.0668,1.01,7332
2024-07-11,1.06,1.02,1.09,0.99,15546
2024-07-12,1.0,1.06,1.09,1.0,11923
2024-07-15,1.0607,1.07,1.07,1.06,6688
2024-07-16,1.089,1.07,1.089,1.06,7485
2024-07-17,1.07,1.07,1.07,1.01,12323
2024-07-18,1.07,1.07,1.09,1.07,5672
2024-07-19,1.1391,1.09,1.1391,1.06,4753
2024-07-22,1.15,1.0301,1.15,1.0101,12582
2024-07-23,1.01,0.98,1.05,0.977,10839
2024-07-24,0.93,1.05,1.09,0.93,41326
2024-07-25,1.05,1.055,1.065,1.02,6052
2024-07-26,1.09,1.145,1.2878,1.07,21757
2024-07-29,1.11,1.08,1.15,1.06,6378
2024-07-30,1.0601,1.12,1.32,1.0601,34178
2024-07-31,1.12,1.15,1.2,1.11,4732
2024-08-01,1.11,1.16,1.16,1.0654,2450
2024-08-02,1.0651,1.11,1.2,1.0651,11107
2024-08-05,1.06,1.0812,1.16,1.06,9998
2024-08-06,1.225,1.15,1.225,1.15,3569
2024-08-07,1.18,1.1212,1.18,1.09,2768
2024-08-08,1.13,1.15,1.195,1.115,1266
2024-08-09,1.11,1.11,1.11,1.11,1819
2024-08-12,1.09,1.07,1.11,1.07,2474
2024-08-13,1.07,1.066,1.12,1.066,6591
2024-08-14,1.1,1.1,1.12,1.0864,4827
2024-08-15,1.1,1.2614,1.2614,1.09,9622
2024-08-16,1.25,1.29,1.31,1.25,6938
2024-08-19,1.24,1.3001,1.3001,1.18,4998
2024-08-20,1.2599,1.4498,1.46,1.2599,21721
2024-08-21,1.45,1.39,1.47,1.36,4695
2024-08-22,1.39,1.3368,1.3901,1.3368,9048
2024-08-23,1.31,1.39,1.39,1.27,3676
2024-08-26,1.39,1.32,1.39,1.3,4060
2024-08-27,1.335,1.24,1.335,1.23,10268
2024-08-28,1.23,1.1401,1.34,1.1401,10439
2024-08-29,1.33,1.16,1.33,1.1,29994
2024-08-30,1.18,1.1001,1.25,1.1,11259
2024-09-03,1.13,1.0101,1.13,1.01,14737
2024-09-04,1.095,1.0897,1.0999,1.05,1384
2024-09-05,1.139,1.0499,1.139,1.02,5358
2024-09-06,1.05,1.06,1.1065,1.05,1882
2024-09-09,1.06,1.03,1.09,1.03,4600
2024-09-10,1.17,1.1799,1.18,1.05,10620
2024-09-11,1.1038,1.26,1.26,1.1012,14706
2024-09-12,1.21,1.17,1.24,1.17,4390
2024-09-13,1.27,1.26,1.27,1.1117,3612
2024-09-16,1.19,1.25,1.25,1.184,1503
2024-09-17,1.19,1.13,1.24,1.13,3208
2024-09-18,1.1627,1.1,1.1627,1.08,3877
2024-09-19,1.1223,1.1,1.18,1.1,42619
2024-09-20,1.07,0.9555,1.1947,0.95,31711
2024-09-23,1.02,0.9846,1.114,0.9846,16901
2024-09-24,1.03,0.93,1.03,0.93,17523
2024-09-25,0.94,0.972,1.07,0.932,7907
2024-09-26,0.972017,0.9945,1.0,0.9454,6892
2024-09-27,1.03,0.9601,1.03,0.945,4801
2024-09-30,0.95,0.949,0.9791,0.92,4066
2024-10-01,0.92,0.9266,0.95,0.7939,16326
2024-10-02,0.88,0.96,0.96,0.8215,8041
2024-10-03,0.96,0.95,0.96,0.9,9025
2024-10-04,0.905,0.95,1.07,0.905,13568
2024-10-07,0.98,0.931,1.0,0.9141,2997
2024-10-08,0.96,0.96,0.96,0.91,15334
2024-10-09,0.95,0.91,0.95,0.91,4566
2024-10-10,0.93,0.9093,0.9975,0.9012,123346
2024-10-11,0.94,0.9399,0.95,0.9,2540
2024-10-14,0.95,0.9,0.95,0.892,4710
2024-10-15,0.9006,0.792,1.005,0.75,45900
2024-10-16,0.819,0.829,0.8928,0.8,29842
2024-10-17,0.861,0.8514,0.8928,0.81,20212
2024-10-18,0.85,0.817,0.85,0.8,11428
2024-10-21,0.817,0.807,0.9,0.777,73605
2024-10-22,0.83,0.74,0.86,0.74,48077
2024-10-23,0.78,0.7,0.7989,0.67,61912
2024-10-24,0.72,0.681,0.75,0.6,58353
2024-10-25,0.7,0.699999,0.7,0.6404,25601
2024-10-28,0.7,0.6977,0.728,0.65,199682
2024-10-29,0.691,0.7046,0.7151,0.67,35588
2024-10-30,0.6801,0.699,0.7314,0.68,52945
2024-10-31,0.68,0.693,0.7199,0.65,47930
2024-11-01,0.681,0.59,0.681,0.5471,82073
2024-11-04,0.57,0.57,0.6,0.55,57783
2024-11-05,0.611,0.58,0.64,0.56,80788
2024-11-06,0.59,0.56,0.592,0.5101,202455
2024-11-07,0.5432,0.579,0.62,0.5315,274325
2024-11-08,0.55,0.45,0.55,0.395,2493588
2024-11-11,0.45,0.475,0.52,0.43,285802
2024-11-12,0.466,0.485,0.52,0.4375,119787
2024-11-13,0.4704,0.4699,0.4953,0.43,156805
2024-11-14,0.4559,0.4476,0.4699,0.42,220236
2024-11-15,0.56,0.4799,0.5785,0.3505,2622723
2024-11-18,0.517,0.4793,0.517,0.43,320753
2024-11-19,0.4468,0.43,0.477468,0.4084,147358
2024-11-20,0.411,0.44,0.5151,0.402,178694
2024-11-21,0.44,0.449,0.4492,0.4159,140663
2024-11-22,0.449,0.4325,0.46,0.38,260114
2024-11-25,0.421,0.4526,0.4994,0.42,126652
2024-11-26,0.465,0.551,0.589,0.4405,587164
2024-11-27,0.569,0.551,0.58,0.51,243341
2024-11-29,0.57,0.5432,0.5799,0.515,89788
2024-12-02,0.5692,0.479,0.5692,0.4303,340973
2024-12-03,0.4826,0.47,0.5,0.44,171822
2024-12-04,0.4601,0.44115,0.48005,0.41,377339
2024-12-05,0.4431,0.432,0.47,0.412,294406
2024-12-06,0.4549,0.469,0.47,0.4395,137886
2024-12-09,0.4549,0.45,0.47,0.4231,183878
2024-12-10,0.46,0.4575,0.47,0.420586,59928
2024-12-11,0.469,0.441,0.485,0.4243,113574
2024-12-12,0.4379,0.5189,0.8423,0.4379,71972172
2024-12-13,0.8552,0.6841,0.92,0.6373,141889220
2024-12-16,0.565,0.51,0.57,0.4401,6766999
2024-12-17,0.45,0.3972,0.4522,0.3745,3583958
2024-12-18,0.38,0.3729,0.395,0.3502,1909368
2024-12-19,0.395,0.47,0.4872,0.36,6745740
2024-12-20,0.475,0.43,0.4983,0.4168,3041957
2024-12-23,0.44,0.4301,0.4499,0.406,1130263
2024-12-24,0.428,0.44,0.47,0.425,728810
2024-12-26,0.45,0.7225,0.7769,0.44,35873432
2024-12-27,0.8301,0.776,0.8999,0.71,9866069
2024-12-30,0.72,0.62,0.7231,0.5664,4336573
2024-12-31,0.66,0.6714,0.79,0.651,4868169
2025-01-02,0.7,0.686,0.7039,0.62155,3709324
2025-01-03,0.7292,0.659,0.7292,0.6315,2056573
2025-01-06,0.74,0.83,1.1,0.7022,20621548
2025-01-07,0.82,0.722,0.82,0.71,2852241
2025-01-08,0.6902,0.6601,0.698,0.6,2277810
2025-01-10,0.6764,0.575,0.6899,0.56,1923587
2025-01-13,0.54,0.5112,0.5495,0.502,1193083
2025-01-14,0.5206,0.5639,0.599,0.5161,844119
2025-01-15,0.599,0.599,0.64,0.578437,1023416
2025-01-16,0.572,0.5719,0.6127,0.541,686130
2025-01-17,0.572,0.5685,0.6,0.548882,585445
2025-01-21,0.5594,0.525,0.56,0.51,1077063
2025-01-22,0.512,0.482,0.5479,0.36,1227500
2025-01-23,0.49,0.485,0.4999,0.46,2934483
2025-01-24,0.52,0.56,0.64,0.485,8663437
2025-01-27,0.56,0.5234,0.6,0.4901,2049654
2025-01-28,0.5132,0.469,0.5299,0.4201,1895814
2025-01-29,0.4799,0.522,0.525,0.46901,748868
2025-01-30,0.53,0.488,0.57,0.4712,998578
2025-01-31,0.4609,0.4724,0.5,0.459,545479
2025-02-03,0.44,0.416,0.4473,0.3799,1745674
2025-02-04,0.425,0.428,0.48,0.4102,845791
2025-02-05,0.426,0.426,0.445,0.405,711696
2025-02-06,0.44,0.4211,0.44,0.4051,629489
2025-02-07,0.4085,0.42,0.42,0.3888,850114
2025-02-10,0.411,0.4032,0.4228,0.381,553801
2025-02-11,0.39,0.3703,0.3949,0.365,988634
2025-02-12,0.361,0.39,0.399,0.361,326407
2025-02-13,0.382,0.385,0.4,0.3673,349633
2025-02-14,0.3891,0.42,0.448,0.38,1136067
2025-02-18,0.401,0.409,0.42,0.3826,13437620
2025-02-19,0.601,0.5135,0.674,0.49,66327157
2025-02-20,0.485,0.469,0.4999,0.4433,3770808
2025-02-21,0.44,0.4731,0.4896,0.44,1183082
2025-02-24,0.48,0.4981,0.528,0.435,1908799
2025-02-25,0.4893,0.4979,0.499,0.469,668974
2025-02-26,0.4988,0.4828,0.519,0.474,866502
2025-02-27,0.4789,0.4684,0.5068,0.4607,571071
2025-02-28,0.4616,0.455,0.4684,0.44,388036
2025-03-03,0.4513,0.3843,0.455,0.375,1122642
2025-03-04,0.3612,0.3745,0.375,0.3225,1140380
2025-03-05,0.37,0.3802,0.4,0.345,428730
2025-03-06,0.39,0.39,0.4399,0.37,1276259
2025-03-07,0.39,0.3895,0.4,0.3706,318210
2025-03-10,0.38,0.386,0.4033,0.3723,294517
2025-03-11,0.37,0.373,0.399,0.37,300497
2025-03-12,0.3751,0.386,0.399799,0.3701,203398
2025-03-13,0.375,0.3938,0.4,0.3707,396322
2025-03-14,0.4,0.4,0.43,0.375,353127
2025-03-17,0.4,0.415,0.419999,0.3901,201503
2025-03-18,0.4025,0.404,0.4149,0.3977,106090
2025-03-19,0.407,0.4039,0.41,0.39,144068
2025-03-20,0.4067,0.402,0.41,0.3903,172925
2025-03-21,0.409,0.3916,0.41,0.3818,385848
2025-03-24,0.39,0.3904,0.4,0.3861,237491
2025-03-25,0.4,0.3894,0.4095,0.38,340784
2025-03-26,0.4,0.391,0.407,0.375,535565
2025-03-27,0.4,0.3895,0.4,0.385,79971
2025-03-28,0.3803,0.365,0.3952,0.3605,331651
2025-03-31,0.3786,0.352,0.3786,0.3201,706800
2025-04-01,0.36,0.3459,0.36,0.3421,231365
2025-04-02,0.34,0.352,0.369,0.3315,279241
2025-04-03,0.3395,0.3333,0.35,0.3325,150603
2025-04-04,0.3295,0.306,0.3333,0.291,458391
2025-04-07,0.2754,0.2774,0.2941,0.252,700477
2025-04-08,0.294,0.264,0.2964,0.2609,378994
2025-04-09,0.271,0.309,0.3099,0.25,532087
2025-04-10,0.2804,0.355,0.36,0.2666,1572609
2025-04-11,0.3345,0.3225,0.3464,0.32,461707
