2012-10-03,4.54,4.51,4.59,4.5,401536
2012-10-04,4.51,4.8,4.8,4.49,1441938
2012-10-05,4.8,4.62,4.8,4.585,1009859
2012-10-08,4.59,4.55,4.66,4.5,799496
2012-10-09,4.5,4.36,4.56,4.32,2090317
2012-10-10,4.32,4.15,4.36,4.15,1765089
2012-10-11,4.33,4.2,4.33,4.11,2522843
2012-10-12,4.22,4.21,4.2416,4.18,1310494
2012-10-15,4.21,4.22,4.36,4.13,1330865
2012-10-16,4.2,4.35,4.38,4.17,882377
2012-10-17,4.4,4.54,4.595,4.32,1153913
2012-10-18,4.53,4.41,4.631,4.41,769573
2012-10-19,4.38,4.13,4.41,4.13,3065495
2012-10-22,4.33,4.3,4.33,4.17,1171433
2012-10-23,4.25,4.42,4.52,4.18,1105508
2012-10-24,4.4,4.47,4.55,4.36,708951
2012-10-25,4.55,4.35,4.56,4.35,949406
2012-10-26,4.37,4.2,4.43,4.17,1808426
2012-10-31,4.17,4.15,4.27,4.15,1666731
2012-11-01,4.17,4.14,4.21,4.07,1433623
2012-11-02,4.18,4.07,4.18,4.02,1564602
2012-11-05,4.13,4.14,4.17,4.02,1360526
2012-11-06,4.11,4.1,4.29,3.98,1270307
2012-11-07,4.08,4.02,4.18,4.0,1371889
2012-11-08,4.01,3.65,4.06,3.65,1776669
2012-11-09,3.67,3.65,3.77,3.57,589337
2012-11-12,3.52,3.65,3.73,3.41,1729153
2012-11-13,3.57,3.25,3.57,3.18,1759178
2012-11-14,3.25,2.63,3.27,2.62,3479664
2012-11-15,2.61,2.44,2.71,2.385,2327455
2012-11-16,2.45,2.32,2.49,2.17,1892118
2012-11-19,2.42,2.4,2.46,2.33,799342
2012-11-20,2.35,2.19,2.4,2.15,1629783
2012-11-21,2.19,2.35,2.37,2.04,2360487
2012-11-23,2.35,2.45,2.52,2.29,2012701
2012-11-26,2.38,2.51,2.58,2.38,1813202
2012-11-27,2.5,2.33,2.55,2.27,2636558
2012-11-28,2.35,2.81,2.93,2.3,5417044
2012-11-29,2.78,2.84,2.92,2.74,2173779
2012-11-30,2.92,2.87,3.0901,2.81,2509873
2012-12-03,2.92,2.78,2.97,2.75,1408334
2012-12-04,2.8,2.88,2.91,2.7,1182707
2012-12-05,2.9,2.89,2.95,2.825,1707373
2012-12-06,2.88,2.82,2.93,2.76,923661
2012-12-07,2.87,3.1,3.23,2.844,3085774
2012-12-10,3.15,3.13,3.24,2.99,1279008
2012-12-11,3.13,3.41,3.42,3.13,2201392
2012-12-12,3.44,3.76,4.17,3.44,6894653
2012-12-13,3.96,3.94,3.96,3.59,4088930
2012-12-14,3.95,4.14,4.219,3.9,4973708
2012-12-17,4.23,3.95,4.23,3.9,3201564
2012-12-18,4.03,3.99,4.04,3.865,1771387
2012-12-19,4.0,4.36,4.43,4.0,4797220
2012-12-20,4.36,4.21,4.42,4.11,2697448
2012-12-21,4.07,4.36,4.36,4.01,2494226
2012-12-24,4.33,4.25,4.33,4.19,700486
2012-12-26,4.28,4.46,4.68,4.27,3119142
2012-12-27,4.46,4.29,4.51,4.12,2559739
2012-12-28,4.29,4.22,4.54,4.21,2760932
2012-12-31,4.21,4.34,4.41,4.21,2278495
2013-01-02,4.56,4.48,4.64,4.4,2680740
2013-01-03,4.59,5.29,5.54,4.56,10157732
2013-01-04,5.29,4.92,5.39,4.89,6160743
2013-01-07,4.77,4.71,5.0,4.56,6339921
2013-01-08,4.66,5.2,5.2,4.56,6336877
2013-01-09,5.28,5.81,5.91,5.27,10364616
2013-01-10,5.77,5.76,5.9,5.47,6480107
2013-01-11,5.8,5.62,5.85,5.56,2782348
2013-01-14,5.57,5.58,5.74,5.38,3117743
2013-01-15,5.52,5.5,5.65,5.3,2731988
2013-01-16,5.46,5.1,5.46,4.96,7874765
2013-01-17,5.03,5.19,5.38,5.03,5512422
2013-01-18,5.2,5.02,5.32,5.02,3302997
2013-01-22,5.14,5.46,5.5,5.03,4732507
2013-01-23,5.59,5.3,5.67,5.3,3284639
2013-01-24,5.3,5.02,5.49,5.02,3120738
2013-01-25,5.11,5.08,5.27,5.0,2276000
2013-01-28,5.12,4.91,5.1799,4.83,2314657
2013-01-29,4.92,4.88,5.15,4.8,3199080
2013-01-30,4.92,4.97,5.06,4.88,2269953
2013-01-31,4.95,5.17,5.17,4.83,2230397
2013-02-01,5.23,5.28,5.37,5.17,3352882
2013-02-04,5.23,5.24,5.78,5.21,6416738
2013-02-05,5.28,5.32,5.54,5.183,4024201
2013-02-06,5.35,5.44,5.48,5.26,2070150
2013-02-07,5.51,5.36,5.55,5.33,2670270
2013-02-08,5.37,5.0,5.43,4.98,3235207
2013-02-11,5.11,5.17,5.28,5.06,4020247
2013-02-12,5.27,5.37,5.5,5.2,5671924
2013-02-13,5.47,5.06,5.51,5.04,4912829
2013-02-14,5.09,5.3,5.37,4.93,5277614
2013-02-15,5.32,5.09,5.32,5.02,3041584
2013-02-19,5.09,5.17,5.4,5.05,4716566
2013-02-20,5.27,4.96,5.29,4.95,3297573
2013-02-21,4.93,4.5,4.93,4.34,5749170
2013-02-22,4.68,4.67,4.79,4.59,3162931
2013-02-25,4.73,4.47,4.77,4.38,3041328
2013-02-26,4.53,4.24,4.57,4.0,4449946
2013-02-27,4.05,4.07,4.21,4.0,3044659
2013-02-28,4.1,4.0,4.2999,3.97,2843539
2013-03-01,4.0,4.07,4.11,3.96,1829430
2013-03-04,4.03,3.92,4.06,3.9,1625323
2013-03-05,4.01,4.15,4.2,3.99,2999513
2013-03-06,4.25,4.17,4.33,4.13,1879866
2013-03-07,4.18,4.24,4.25,4.1001,1644484
2013-03-08,4.35,4.21,4.35,4.1,1716740
2013-03-11,4.21,4.07,4.21,4.02,1973332
2013-03-12,4.08,4.12,4.185,4.01,1408337
2013-03-13,4.1,3.97,4.15,3.95,1658401
2013-03-14,4.01,4.1,4.11,3.81,2830380
2013-03-15,4.12,4.11,4.29,4.02,2564334
2013-03-18,4.04,3.99,4.07,3.93,1603679
2013-03-19,4.0,3.94,4.06,3.92,1272750
2013-03-20,4.01,4.19,4.235,3.83,2875058
2013-03-21,4.15,4.05,4.3,4.05,1581982
2013-03-22,4.08,3.88,4.16,3.86,2891109
2013-03-25,3.85,3.46,3.85,3.31,5433906
2013-03-26,3.46,3.54,3.54,3.38,1536858
2013-03-27,3.5,3.61,3.6399,3.5,1382170
2013-03-28,3.61,3.63,3.68,3.59,1347873
2013-04-01,3.64,3.62,3.67,3.46,3032774
2013-04-02,3.65,3.58,3.65,3.56,1234159
2013-04-03,3.59,3.58,3.62,3.53,1111848
2013-04-04,3.64,3.67,3.73,3.57,1708039
2013-04-05,3.61,3.57,3.61,3.4401,1174458
2013-04-08,3.81,3.84,3.96,3.71,3064381
2013-04-09,3.89,4.4,4.6,3.8,8983686
2013-04-10,4.32,4.26,4.4,4.06,4287634
2013-04-11,4.27,4.18,4.43,4.17,2311025
2013-04-12,4.16,4.19,4.27,4.02,1255264
2013-04-15,4.09,3.87,4.09,3.77,2346373
2013-04-16,3.92,3.96,3.98,3.87,524698
2013-04-17,3.89,3.91,4.05,3.86,1442247
2013-04-18,3.95,3.83,4.08,3.8,1443673
2013-04-19,3.9,3.91,3.98,3.78,1245207
2013-04-22,3.93,3.94,4.079,3.83,1356569
2013-04-23,3.97,4.32,4.385,3.94,3181252
2013-04-24,4.33,4.38,4.58,4.2,3644151
2013-04-25,4.45,4.49,4.62,4.31,2353807
2013-04-26,4.52,4.84,4.95,4.4,3425018
2013-04-29,4.86,5.21,5.22,4.86,4281693
2013-04-30,5.15,5.11,5.34,5.05,3969856
2013-05-01,5.1,4.93,5.13,4.82,2004767
2013-05-02,4.98,5.3,5.34,4.84,2858965
2013-05-03,5.26,4.95,5.32,4.85,3732320
2013-05-06,4.95,5.0,5.049,4.72,3414693
2013-05-07,4.95,4.94,4.95,4.78,2142008
2013-05-08,4.79,4.72,4.8901,4.72,2498487
2013-05-09,4.7,4.79,4.9,4.53,5260095
2013-05-10,4.84,5.73,5.84,4.79,10884766
2013-05-13,5.73,5.93,6.23,5.52,9324371
2013-05-14,5.5,5.41,5.75,5.33,6839201
2013-05-15,5.56,5.66,6.17,5.55,5629723
2013-05-16,5.76,5.37,5.839,5.35,3916346
2013-05-17,5.47,5.63,5.78,5.38,4562704
2013-05-20,6.02,6.78,6.85,5.9,11924326
2013-05-21,7.4,7.18,8.47,6.92,20953918
2013-05-22,7.31,6.11,7.36,6.05,10411809
2013-05-23,5.73,6.14,6.47,5.65,6431542
2013-05-24,6.32,6.17,6.6,6.06,5240793
2013-05-28,6.78,6.79,6.93,6.38,11598977
2013-05-29,6.06,6.04,6.45,5.8,10523649
2013-05-30,6.24,6.18,6.4,6.061,4108913
2013-05-31,6.15,5.84,6.2,5.8,4933780
2013-06-03,5.87,6.0,6.09,5.65,3421517
2013-06-04,6.06,6.13,6.35,5.92,5009156
2013-06-05,5.68,5.6,6.04,5.51,5928640
2013-06-06,5.7,5.76,5.84,5.46,2636540
2013-06-07,5.87,5.7,5.93,5.65,2693111
2013-06-10,5.64,6.12,6.15,5.56,4743157
2013-06-11,5.94,5.71,5.96,5.63,3456458
2013-06-12,5.74,5.52,5.81,5.49,2365503
2013-06-13,5.45,5.64,5.68,5.4,2015262
2013-06-14,5.65,5.93,6.03,5.5,4017829
2013-06-17,6.13,6.23,6.4,6.08,4703550
2013-06-18,6.12,6.14,6.35,6.12,1707723
2013-06-19,6.12,6.0,6.19,5.93,1898054
2013-06-20,5.91,5.44,5.96,5.4,4435604
2013-06-21,5.61,5.59,5.62,5.45,1965222
2013-06-24,5.42,5.16,5.44,5.0014,3083274
2013-06-25,5.21,5.36,5.41,5.21,1482975
2013-06-26,5.48,5.66,5.75,5.43,2878983
2013-06-27,5.7,5.85,5.97,5.67,3362708
2013-06-28,5.81,5.96,6.07,5.77,2630649
2013-07-01,6.04,6.05,6.2699,6.015,2608188
2013-07-02,6.09,6.26,6.32,5.93,3442906
2013-07-03,6.13,6.17,6.28,6.05,1153414
2013-07-05,6.3,6.83,6.835,6.25,5219960
2013-07-08,6.87,6.69,7.1,6.54,5353350
2013-07-09,6.6,6.38,6.79,6.3,3532773
2013-07-10,6.26,6.67,6.67,6.25,2649727
2013-07-11,6.8,7.0,7.0,6.76,2981326
2013-07-12,6.93,6.87,7.09,6.85,2852537
2013-07-15,7.06,7.74,7.81,7.05,8114537
2013-07-16,7.54,7.39,7.75,7.12,7376819
2013-07-17,7.36,7.21,7.43,7.03,3181784
2013-07-18,7.16,7.16,7.39,7.08,2469341
2013-07-19,7.12,7.07,7.25,6.86,2146539
2013-07-22,7.04,7.19,7.48,7.04,3430832
2013-07-23,7.33,7.27,7.47,7.17,3044638
2013-07-24,7.33,7.13,7.42,7.02,2473652
2013-07-25,7.1,7.36,7.43,7.05,2206283
2013-07-26,7.3,7.46,7.48,7.29,2082222
2013-07-29,7.88,7.37,7.95,7.35,5752653
2013-07-30,7.43,7.46,7.56,7.28,4707340
2013-07-31,7.48,7.42,7.55,7.39,3125776
2013-08-01,7.57,7.33,7.57,7.25,2005281
2013-08-02,7.41,7.32,7.48,7.2815,2100266
2013-08-05,7.4,7.61,7.79,7.35,3807986
2013-08-06,7.67,7.3,7.7,7.17,3074715
2013-08-07,6.97,6.6,7.05,6.6,5135598
2013-08-08,6.95,7.22,7.48,6.91,5279901
2013-08-09,7.29,7.43,7.435,7.25,2081139
2013-08-12,7.4,7.55,7.62,7.4,2036110
2013-08-13,7.8,7.32,8.08,7.28,5839655
2013-08-14,7.52,7.41,7.6,7.35,2135099
2013-08-15,7.24,6.96,7.33,6.82,4671169
2013-08-16,6.99,7.13,7.29,6.98,2148289
2013-08-19,7.12,6.78,7.15,6.75,3226653
2013-08-20,7.09,7.82,7.83,7.065,9718494
2013-08-21,7.97,8.97,9.19,7.82,17288643
2013-08-22,9.13,9.04,9.4,8.57,8994952
2013-08-23,9.36,9.44,9.47,9.0515,5591026
2013-08-26,9.38,9.3,9.5761,9.11,4787252
2013-08-27,8.88,8.81,9.12,8.7,4449111
2013-08-28,8.67,8.88,9.0,8.6174,2440468
2013-08-29,8.81,9.4,9.74,8.81,6707145
2013-08-30,9.51,9.39,9.77,9.25,3652181
2013-09-03,9.5,10.23,10.34,9.46,8122592
2013-09-04,10.08,10.75,10.895,9.8,8152841
2013-09-05,10.76,11.14,11.36,10.76,7553484
2013-09-06,11.19,11.07,11.35,10.6,6111094
2013-09-09,11.11,11.69,11.79,11.0,4289923
2013-09-10,11.98,11.7,12.18,11.53,5335265
2013-09-11,11.64,11.57,11.879,11.25,3325194
2013-09-12,11.54,11.23,11.636,11.02,3150488
2013-09-13,11.3,11.72,11.72,11.0,3630563
2013-09-16,12.05,11.66,12.06,11.63,2898818
2013-09-17,11.4,11.62,11.66,11.25,2060816
2013-09-18,11.54,11.55,11.97,11.49,3911925
2013-09-19,11.8,11.57,11.89,11.4,2350272
2013-09-20,11.61,11.53,11.98,11.5,4361381
2013-09-23,11.5,11.27,11.59,11.05,3022844
2013-09-24,11.26,11.73,12.1,11.14,3963504
2013-09-25,11.81,12.71,13.0,11.61,6992150
2013-09-26,12.85,12.84,13.66,12.72,7178118
2013-09-27,13.41,14.83,15.24,13.41,13296914
2013-09-30,14.46,15.46,15.83,14.08,11617703
2013-10-01,15.58,16.07,16.13,15.36,7823596
2013-10-02,15.87,16.06,16.21,15.51,5979322
2013-10-03,16.07,16.1,16.5,15.54,6251307
2013-10-04,16.15,15.94,16.23,15.74,4050061
2013-10-07,15.7,16.15,16.5,15.68,3810970
2013-10-08,16.17,15.71,17.35,15.37,10194533
2013-10-09,16.07,15.27,16.17,14.54,6836984
2013-10-10,15.81,16.04,16.29,15.76,4643916
2013-10-11,16.37,16.64,16.97,16.11,4768853
2013-10-14,16.28,16.66,16.82,15.94,3494214
2013-10-15,16.81,16.58,17.42,16.35,5573604
2013-10-16,16.84,16.58,16.92,16.11,3756793
2013-10-17,16.7,16.47,17.15,16.25,5825880
2013-10-18,16.73,16.56,16.865,16.13,4851824
2013-10-21,16.99,17.01,17.49,16.7,7160217
2013-10-22,17.25,17.74,17.8,16.35,7292934
2013-10-23,17.35,17.17,17.5,16.88,3960449
2013-10-24,17.43,17.28,17.76,17.1001,3660881
2013-10-25,17.28,16.1,17.35,15.76,6207454
2013-10-28,16.42,14.81,16.42,13.62,10750223
2013-10-29,15.01,15.35,15.53,14.8644,3728857
2013-10-30,15.56,14.69,15.86,14.46,5724567
2013-10-31,14.26,14.67,15.01,13.94,4387235
2013-11-01,15.12,15.33,15.529,14.76,4612576
2013-11-04,15.89,16.77,17.09,15.7,6455354
2013-11-05,17.29,16.15,17.84,16.11,10096465
2013-11-06,16.44,15.72,16.61,15.3,6193661
2013-11-07,15.2,15.0,15.6999,14.7701,4505967
2013-11-08,15.26,15.73,15.95,14.8,3795575
2013-11-11,15.85,16.91,17.1899,15.55,6658337
2013-11-12,16.44,16.17,17.0,16.0325,3770108
2013-11-13,16.27,16.7,16.85,16.1101,4610080
2013-11-14,17.0,16.28,17.38,15.91,5124105
2013-11-15,16.38,16.15,16.47,15.92,2185774
2013-11-18,16.86,16.19,16.92,16.0,7959363
2013-11-19,17.34,15.25,17.74,15.01,20471613
2013-11-20,15.51,15.96,16.52,15.5,9522207
2013-11-21,16.01,16.34,16.43,15.75,4323146
2013-11-22,16.27,15.91,16.38,15.75,3740021
2013-11-25,15.8,14.4,15.9,14.345,6995119
2013-11-26,14.05,14.0,14.48,13.2,9592101
2013-11-27,14.09,14.06,14.25,13.62,3117094
2013-11-29,14.11,14.0,14.29,13.65,2634661
2013-12-02,13.9,14.16,14.6,13.79,3354479
2013-12-03,14.0,13.95,14.27,13.725,3113870
2013-12-04,13.85,14.39,14.58,13.75,3614138
2013-12-05,14.13,13.36,14.38,13.3,5770016
2013-12-06,13.52,12.57,13.61,12.5,8120779
2013-12-09,12.54,11.57,12.85,11.56,9905434
2013-12-10,11.56,12.23,12.48,11.55,7310318
2013-12-11,11.98,11.58,12.15,11.52,5525652
2013-12-12,11.5,11.95,12.15,11.47,4529030
2013-12-13,12.2,12.02,12.45,11.9301,3425172
2013-12-16,12.07,12.33,12.5,12.0,3319078
2013-12-17,12.43,13.51,13.59,12.2,7222771
2013-12-18,13.52,13.26,13.68,12.91,4329352
2013-12-19,13.25,13.87,13.95,13.17,3784254
2013-12-20,13.98,13.46,14.27,13.33,5051831
2013-12-23,13.5,13.2,13.74,13.12,2235821
2013-12-24,13.2,13.02,13.4,12.8,1590560
2013-12-26,13.03,13.14,13.28,13.0,1563852
2013-12-27,13.05,13.15,13.42,12.97,2191264
2013-12-30,13.59,14.01,14.25,13.56,5518077
2013-12-31,14.11,13.67,14.24,13.62,3410396
2014-01-02,13.67,14.98,15.06,13.4,7958367
2014-01-03,15.04,15.35,15.56,14.71,6014048
2014-01-06,16.19,16.02,16.57,15.74,7444961
2014-01-07,16.14,16.51,16.88,16.0,6785172
2014-01-08,16.27,16.82,17.14,16.1,4674562
2014-01-09,17.11,15.8,17.25,15.78,6217132
2014-01-10,15.94,16.26,16.47,15.62,3899412
2014-01-13,16.36,15.18,16.45,15.04,3821384
2014-01-14,15.23,16.18,16.24,15.23,4182334
2014-01-15,16.47,16.62,17.0601,16.46,5470408
2014-01-16,16.83,16.3,16.98,16.09,7794728
2014-01-17,16.37,15.85,16.651,15.74,4307075
2014-01-21,16.04,15.77,16.12,15.25,5851683
2014-01-22,15.86,16.55,16.56,15.526,4069550
2014-01-24,14.67,13.62,14.6999,13.45,8175088
2014-01-27,13.42,14.44,14.68,13.34,8105281
2014-01-28,14.51,14.81,15.1,14.45,3901783
2014-01-29,14.46,14.61,15.0601,14.25,3784238
2014-01-30,14.92,15.2,15.38,14.81,3747843
2014-01-31,14.74,14.85,15.099,14.69,2614207
2014-02-03,14.7,13.82,15.0499,13.67,5015015
2014-02-04,13.95,14.23,14.28,13.72,3155472
2014-02-05,13.94,14.09,14.33,13.13,4860554
2014-02-06,14.26,13.84,14.69,13.74,3498358
2014-02-07,13.86,14.41,14.54,13.63,3403740
2014-02-10,14.31,14.98,15.09,14.31,2708500
2014-02-11,15.2,14.85,15.3599,14.75,3163817
2014-02-12,15.23,14.56,15.24,14.43,3765977
2014-02-13,14.16,15.36,15.39,14.12,3916761
2014-02-14,15.53,14.78,15.68,14.58,4086136
2014-02-18,14.96,15.27,15.42,14.8623,3579249
2014-02-19,15.17,14.83,15.62,14.73,3576764
2014-02-20,14.8,15.16,15.19,14.64,2850764
2014-02-21,15.2,14.67,15.35,14.63,3235776
2014-02-24,14.8,15.06,15.23,14.64,3446157
2014-02-25,15.0,14.98,15.1,14.77,2377302
2014-02-26,14.85,14.99,15.35,14.72,5001252
2014-02-27,15.2,15.82,16.3,15.14,9453496
2014-02-28,16.03,16.03,16.59,15.62,6633438
2014-03-03,15.49,14.75,15.57,14.66,9012706
2014-03-04,15.32,16.38,16.4,15.0,10547145
2014-03-05,16.28,16.3,16.74,15.77,7047348
2014-03-06,16.37,18.19,18.65,16.35,16192645
2014-03-07,18.52,18.34,18.77,17.8,7825043
2014-03-10,17.89,17.1,18.2,16.8,6802721
2014-03-11,17.2,16.22,17.535,16.045,6198282
2014-03-12,15.87,16.18,16.56,15.61,4788361
2014-03-13,16.4,15.41,16.53,15.16,5288041
2014-03-14,15.2,15.26,15.65,15.16,3945962
2014-03-17,15.92,15.51,16.02,15.46,3338757
2014-03-18,15.51,16.02,16.26,15.22,4642974
2014-03-19,15.95,16.54,16.79,15.89,5496119
2014-03-20,16.8,16.5,17.1,16.21,5474931
2014-03-21,16.77,15.6,16.77,15.585,5842180
2014-03-24,15.75,14.22,15.815,14.16,8075411
2014-03-25,14.32,14.31,14.8499,13.9,6412613
2014-03-26,14.54,13.1,14.61,13.085,6933491
2014-03-27,13.19,13.16,13.55,12.65,6052828
2014-03-28,13.32,13.47,13.9,13.32,4654171
2014-03-31,13.69,13.45,13.95,13.24,3212794
2014-04-01,13.62,14.51,14.51,13.6,5735124
2014-04-02,14.63,14.63,14.8,14.3,4219128
2014-04-03,14.75,14.06,14.85,13.91,4435288
2014-04-04,14.25,13.62,14.37,13.345,3873964
2014-04-07,13.26,12.62,13.791,12.6,5562517
2014-04-08,12.9,12.99,13.03,12.52,4397502
2014-04-09,13.28,13.52,13.59,13.1,3609629
2014-04-10,13.51,12.02,13.52,11.93,8821748
2014-04-11,11.7,11.56,12.33,11.46,5866908
2014-04-14,11.48,10.85,11.96,10.58,9103011
2014-04-15,10.85,11.5,11.645,10.79,9357629
2014-04-16,11.69,12.0,12.07,11.49,4641161
2014-04-17,11.91,11.77,12.22,11.71,4926908
2014-04-21,12.04,12.06,12.15,11.66,2819336
2014-04-22,12.16,12.99,13.0,11.91,8034798
2014-04-23,12.88,12.78,13.11,12.7301,3799172
2014-04-24,13.0,13.13,13.3,12.39,5148010
2014-04-25,12.76,12.46,12.9,12.25,4699337
2014-04-28,12.42,11.22,12.45,10.8,7136432
2014-04-29,11.35,11.28,11.38,10.98,2514220
2014-04-30,11.14,11.18,11.24,10.87,2984552
2014-05-01,11.06,11.29,12.02,11.02,4028865
2014-05-02,11.43,11.29,11.5599,11.15,2520585
2014-05-05,11.1,11.08,11.25,10.97,2759040
2014-05-06,11.08,11.04,11.56,11.0,2508319
2014-05-07,11.3,10.72,11.33,10.33,4043187
2014-05-08,10.79,10.32,10.85,10.25,3444047
2014-05-09,10.5,10.82,10.93,10.44,3747795
2014-05-12,11.03,11.63,11.71,10.92,4255773
2014-05-13,11.66,11.27,11.72,11.12,3102340
2014-05-14,11.27,11.18,11.5199,11.076,1940051
2014-05-15,11.12,10.6,11.14,10.16,5783615
2014-05-16,10.34,10.54,10.55,10.25,3781621
2014-05-19,10.68,10.66,10.88,10.48,2878691
2014-05-20,10.78,10.36,10.79,10.2099,4690298
2014-05-21,11.5,13.56,13.73,11.421,19610988
2014-05-22,13.71,12.83,13.71,12.76,8164122
2014-05-23,12.9,12.87,13.32,12.67,3610822
2014-05-27,12.78,12.9,13.2,12.65,3310008
2014-05-28,12.83,13.24,13.48,12.73,3727288
2014-05-29,13.31,14.34,14.4,13.24,6430353
2014-05-30,14.23,13.67,14.24,13.48,4305392
2014-06-02,13.9,13.41,13.97,13.2,2580547
2014-06-03,13.4,12.97,13.4,12.7,3500934
2014-06-04,12.33,12.39,12.8993,11.89,6527230
2014-06-05,11.88,11.6,12.2,11.6,7788694
2014-06-06,11.77,11.1,12.1,11.1,13500580
2014-06-09,11.22,11.23,11.65,11.06,5135287
2014-06-10,11.38,11.22,11.49,11.05,3504109
2014-06-11,11.1,11.3,11.4,11.03,2643984
2014-06-12,11.4,11.42,11.797,11.249,4245888
2014-06-13,11.48,11.81,11.85,11.22,4355078
2014-06-16,11.87,12.08,12.32,11.65,6763764
2014-06-17,12.25,12.75,12.93,11.96,7467617
2014-06-18,12.62,12.89,12.98,12.35,4891726
2014-06-19,12.93,12.68,13.05,12.51,4061176
2014-06-20,12.63,13.07,13.13,12.61,4861514
2014-06-23,12.96,12.81,13.05,12.71,3594994
2014-06-24,12.71,12.13,12.85,12.055,5559358
2014-06-25,12.0,12.48,12.51,12.0,3336534
2014-06-26,12.65,12.69,12.821,12.5076,3354631
2014-06-27,12.56,12.59,12.82,12.5,3401037
2014-06-30,12.6,12.83,12.97,12.5,3736156
2014-07-01,12.95,12.58,13.08,12.58,3421865
2014-07-02,12.79,12.3,12.88,12.2,4169113
2014-07-03,12.37,12.51,12.56,12.07,2408286
2014-07-07,12.41,11.83,12.59,11.81,4267668
2014-07-08,11.88,11.33,11.97,11.05,6517689
2014-07-09,11.52,11.41,11.74,11.32,3773328
2014-07-10,11.02,11.4,11.61,10.95,3885504
2014-07-11,11.44,11.44,11.65,11.2977,2227991
2014-07-14,11.58,11.76,12.06,11.48,4250302
2014-07-15,11.86,11.86,12.19,11.77,3889177
2014-07-16,12.0,11.47,12.1147,11.41,4036642
2014-07-17,11.43,11.05,11.5938,10.97,4472588
2014-07-18,11.1,11.34,11.42,11.02,2861169
2014-07-21,11.29,11.28,11.38,11.12,2394580
2014-07-22,11.44,11.31,11.65,11.3,2601854
2014-07-23,11.38,11.25,11.49,11.03,1890432
2014-07-24,11.32,11.28,11.48,11.2243,2449301
2014-07-25,11.2,11.36,11.4,11.2,1965138
2014-07-28,11.19,11.4,11.65,11.09,3878687
2014-07-29,11.29,11.54,11.8864,11.27,3484564
2014-07-30,11.72,11.42,11.77,11.29,3345688
2014-07-31,11.32,11.21,11.56,11.06,3665040
2014-08-01,11.08,10.76,11.195,10.15,7990115
2014-08-04,10.88,10.7,11.07,10.66,3103245
2014-08-05,10.88,11.57,11.695,10.88,6678793
2014-08-06,11.41,11.77,11.97,11.2957,3800030
2014-08-07,11.93,11.7,12.24,11.66,4901041
2014-08-08,11.81,11.53,11.8499,11.3799,2862877
2014-08-11,11.63,11.89,12.1,11.62,2773457
2014-08-12,12.02,11.27,12.09,11.16,5104828
2014-08-13,11.54,11.72,11.81,11.41,5256354
2014-08-14,11.65,11.75,11.96,11.4,3742664
2014-08-15,11.91,12.02,12.07,11.67,4295004
2014-08-18,12.12,12.45,12.56,12.07,4452966
2014-08-19,12.61,13.06,13.18,12.5,7149465
2014-08-20,12.88,13.15,13.29,12.58,5167659
2014-08-21,13.19,13.28,13.49,13.12,5004883
2014-08-22,13.18,13.31,13.37,13.02,3408358
2014-08-25,13.5,13.37,13.62,13.18,5251634
2014-08-26,12.45,12.3,12.77,12.05,11974354
2014-08-27,12.25,12.48,12.67,12.0,5424976
2014-08-28,12.4,12.58,12.75,12.22,2806165
2014-08-29,12.58,12.53,12.84,12.37,3642729
2014-09-02,12.58,13.23,13.29,12.445,6039542
2014-09-03,13.55,13.85,14.12,13.53,6900205
2014-09-04,13.9,13.93,14.36,13.76,8574060
2014-09-05,13.99,14.26,14.55,13.99,5831075
2014-09-08,14.33,14.48,14.74,14.3168,4485367
2014-09-09,14.5,13.86,14.55,13.75,4786136
2014-09-10,14.0,14.13,14.28,13.7,4444658
2014-09-11,14.05,14.01,14.19,13.765,3266329
2014-09-12,14.24,14.51,14.74,14.18,5427875
2014-09-15,14.56,13.76,14.69,13.63,5294252
2014-09-16,13.59,13.5,13.765,13.25,4999353
2014-09-17,14.06,14.47,14.6,14.06,7100249
2014-09-18,14.61,14.4,15.15,14.36,6996062
2014-09-19,14.48,14.38,14.7338,14.15,5003100
2014-09-22,14.22,13.68,14.22,13.55,4824735
2014-09-23,13.6,13.65,14.23,13.57,4072387
2014-09-24,13.84,13.65,13.9699,13.55,4229910
2014-09-25,13.5,13.14,13.607,12.96,4839435
2014-09-26,13.35,13.56,13.59,13.2,3564732
2014-09-29,13.32,13.2,13.62,13.1,2844105
2014-09-30,12.61,12.07,12.78,12.02,9302864
2014-10-01,11.88,11.4,11.9,11.16,16566214
2014-10-02,11.35,11.58,11.77,11.2,6692970
2014-10-03,11.74,11.44,11.98,11.37,7827153
2014-10-06,11.58,11.0,11.72,10.42,10909670
2014-10-07,10.92,10.66,11.15,10.51,4935175
2014-10-08,10.62,11.04,11.07,10.34,5166756
2014-10-09,10.9,10.09,11.0362,10.09,6547292
2014-10-10,9.97,9.92,10.415,9.55,7282108
2014-10-13,9.93,9.07,10.1946,9.05,5923112
2014-10-14,9.25,9.15,9.52,8.74,7397703
2014-10-15,8.91,9.61,9.75,8.67,7061283
2014-10-16,9.35,10.31,10.54,9.33,6551432
2014-10-17,10.79,10.14,10.86,10.05,5627592
2014-10-20,10.0,10.28,10.41,9.9,4249620
2014-10-21,10.53,10.56,10.74,10.25,4721667
2014-10-22,10.56,9.95,10.65,9.94,5247036
2014-10-23,10.1,10.18,10.335,9.81,4372916
2014-10-24,10.07,10.18,10.27,9.95,2659858
2014-10-27,10.14,10.01,10.14,9.88,3335917
2014-10-28,10.15,10.44,10.55,9.98,3965487
2014-10-29,10.44,10.43,10.5501,10.16,2616339
2014-10-30,10.23,10.16,10.4799,10.06,2887506
2014-10-31,10.4,10.56,10.68,10.2401,4011343
2014-11-03,10.56,10.88,11.19,10.5201,4651413
2014-11-04,10.7,10.57,10.9499,10.53,2470775
2014-11-05,10.68,10.24,10.73,10.13,3422088
2014-11-06,10.17,10.35,10.605,10.16,2206997
2014-11-07,10.25,10.29,10.4499,10.05,2250870
2014-11-10,10.36,10.25,10.5199,10.17,2220464
2014-11-11,10.28,10.26,10.42,10.17,1743226
2014-11-12,10.48,9.69,10.52,9.59,5606905
2014-11-13,9.66,9.1201,9.72,9.08,2627158
2014-11-14,9.47,9.73,9.8,9.31,1996314
2014-11-17,9.65,9.53,9.7899,9.33,2721129
2014-11-18,9.8,10.14,10.26,9.7701,5040884
2014-11-19,10.19,10.5,10.72,9.96,4282340
2014-11-20,10.39,10.5,10.69,10.2476,2778109
2014-11-21,10.8,10.93,11.11,10.6901,4752583
2014-11-24,10.36,10.36,10.75,10.08,8085259
2014-11-25,10.39,10.62,10.8,10.3103,3804612
2014-11-26,10.55,10.81,10.87,10.4,2822756
2014-11-28,10.62,10.03,10.6399,9.96,2753901
2014-12-01,9.95,9.37,9.99,9.11,4617360
2014-12-02,9.45,9.61,9.85,9.45,2799923
2014-12-03,9.84,9.86,9.95,9.61,2105109
2014-12-04,9.84,9.76,9.96,9.57,2799030
2014-12-05,9.8,10.12,10.2301,9.7735,2259215
2014-12-08,9.95,9.55,10.14,9.42,2707440
2014-12-09,9.38,9.6,9.65,9.1,4375943
2014-12-10,9.6,9.02,9.71,9.01,3702574
2014-12-11,9.14,9.12,9.45,9.06,2535273
2014-12-12,9.0,8.82,9.09,8.73,3577714
2014-12-15,8.91,8.64,9.1399,8.55,2811731
2014-12-16,8.49,8.34,8.8,8.31,3294824
2014-12-17,8.25,8.34,8.4,7.52,7176723
2014-12-18,8.56,7.74,8.56,7.71,9276376
2014-12-19,7.98,8.12,8.2,7.96,4716773
2014-12-22,8.16,8.36,8.46,8.13,3450877
2014-12-23,8.42,8.45,8.6,8.37,2059410
2014-12-24,8.4,8.55,8.61,8.38,677863
2014-12-26,8.55,8.59,8.85,8.55,1406592
2014-12-29,8.56,8.62,8.84,8.5,1573465
2014-12-30,8.55,8.53,8.66,8.3795,1682876
2014-12-31,8.6,9.26,9.39,8.51,4407214
2015-01-02,9.27,9.53,9.68,8.9,3413097
2015-01-05,9.39,9.09,9.65,9.01,3534696
2015-01-06,9.14,8.79,9.2494,8.625,2361306
2015-01-07,8.93,8.59,8.95,8.45,2507395
2015-01-08,8.63,8.77,8.93,8.466,3448859
2015-01-09,8.76,8.8,8.88,8.59,1975561
2015-01-12,8.76,8.68,8.77,8.13,3628771
2015-01-13,8.7,8.71,9.18,8.6001,3209572
2015-01-14,8.64,8.71,8.91,8.47,2886274
2015-01-15,8.79,8.6,8.93,8.51,1999801
2015-01-16,8.45,8.78,8.94,8.45,1725889
2015-01-20,8.84,8.37,8.89,8.21,3196994
2015-01-21,8.41,8.43,8.6401,8.29,1868917
2015-01-22,8.42,8.39,8.5,8.185,1851030
2015-01-23,8.36,8.39,8.56,8.33,1457807
2015-01-26,8.37,8.76,8.89,8.37,1968648
2015-01-27,8.61,8.97,9.07,8.56,1760531
2015-01-28,8.94,8.69,9.04,8.66,1822970
2015-01-29,8.62,8.86,8.86,8.46,1581826
2015-01-30,9.1,9.05,9.44,8.97,3862970
2015-02-02,9.1,9.55,9.75,9.09,3574091
2015-02-03,9.65,10.52,10.565,9.65,6348329
2015-02-04,10.11,10.03,10.39,9.87,3905563
2015-02-05,10.15,10.25,10.39,9.92,2268713
2015-02-06,10.29,10.27,10.5,10.22,1965337
2015-02-09,10.27,10.48,10.64,10.23,2027483
2015-02-10,10.56,10.24,10.66,10.1,2672164
2015-02-11,10.2,10.23,10.32,9.88,2338737
2015-02-12,10.42,10.66,10.79,10.41,3201995
2015-02-13,10.78,10.65,10.9,10.52,2228823
2015-02-17,10.6,10.7,10.78,10.5,1707608
2015-02-18,10.7,10.58,10.96,10.54,1998163
2015-02-19,10.44,10.47,10.56,10.2912,1355210
2015-02-20,10.44,10.46,10.57,10.34,1622756
2015-02-23,10.4,10.34,10.43,10.07,1614778
2015-02-24,10.58,10.62,10.9,10.58,2396045
2015-02-25,10.59,10.54,10.64,10.45,1151343
2015-02-26,10.54,10.4,10.54,10.27,1753756
2015-02-27,10.41,10.47,10.47,10.31,1345718
2015-03-02,10.36,10.95,10.95,10.36,3006418
2015-03-03,10.96,11.08,11.3,10.92,4767402
2015-03-04,11.47,11.59,11.79,11.35,6500242
2015-03-05,11.79,12.3,12.34,11.59,5096565
2015-03-06,12.33,11.97,12.5,11.86,3654893
2015-03-09,12.03,11.63,12.04,11.5,3452797
2015-03-10,11.5,11.24,11.6,11.18,2754892
2015-03-11,11.26,11.19,11.46,11.1527,2164141
2015-03-12,11.4,11.15,11.44,11.1,1821705
2015-03-13,11.1,11.4,11.41,10.9,2532293
2015-03-16,11.44,11.12,11.45,10.94,2018738
2015-03-17,11.2,11.98,12.08,11.2,4611141
2015-03-18,11.96,12.2,12.355,11.82,3222791
2015-03-19,12.2,12.21,12.44,12.12,2024344
2015-03-20,12.29,12.26,12.37,11.95,2411999
2015-03-23,12.25,12.34,12.64,12.05,2108547
2015-03-24,12.38,12.61,12.7901,12.36,2156069
2015-03-25,12.65,12.07,12.74,11.86,2824804
2015-03-26,12.07,11.98,12.27,11.8,1954150
2015-03-27,11.93,12.11,12.15,11.87,1369042
2015-03-30,12.23,12.08,12.35,11.88,1621122
2015-03-31,12.0,12.09,12.12,11.81,1598732
2015-04-01,12.11,12.48,12.62,11.9356,2498096
2015-04-02,12.49,12.35,12.7,12.26,1905162
2015-04-06,12.38,12.4,12.595,12.2,1356072
2015-04-07,12.5,12.09,12.69,12.08,2585323
2015-04-08,11.98,12.02,12.05,11.701,3236225
2015-04-09,12.05,11.88,12.09,11.84,2112362
2015-04-10,11.91,11.84,11.95,11.76,1716748
2015-04-13,11.92,12.31,12.33,11.87,3452234
2015-04-14,12.32,12.17,12.41,12.01,1551601
2015-04-15,12.3,12.46,12.55,12.12,2288527
2015-04-16,12.48,12.5,12.7,12.37,2171259
2015-04-17,12.34,12.0,12.35,11.81,3304563
2015-04-20,12.24,12.2,12.4,12.123,1844128
2015-04-21,12.3,12.51,12.62,12.23,2164403
2015-04-22,12.6,12.55,12.86,12.48,2934380
2015-04-23,12.41,12.84,12.94,12.4,2655542
2015-04-24,12.89,12.58,12.99,12.55,2036592
2015-04-27,12.82,12.62,12.88,12.55,1447628
2015-04-28,12.69,13.18,13.18,12.386,3701821
2015-04-29,13.01,12.93,13.33,12.92,2650592
2015-04-30,12.84,12.21,12.9304,12.11,3152483
2015-05-01,12.25,12.49,12.68,12.16,1754063
2015-05-04,12.52,12.38,12.67,12.27,1253877
2015-05-05,12.35,12.17,12.5325,12.07,1354993
2015-05-06,12.2,11.9,12.22,11.88,1919761
2015-05-07,12.0,11.6,12.11,11.46,2485690
2015-05-08,11.89,12.12,12.12,11.71,2696414
2015-05-11,12.26,12.32,12.48,12.2,1728866
2015-05-12,12.27,12.2,12.29,12.035,1325398
2015-05-13,12.26,12.37,12.49,12.1624,1367647
2015-05-14,12.46,12.17,12.5601,12.15,2172028
2015-05-15,12.21,12.32,12.4,12.12,1289950
2015-05-18,12.25,11.97,12.25,11.96,2514454
2015-05-19,12.0,11.22,12.0515,10.98,5447053
2015-05-20,11.25,11.06,11.43,10.9,3309454
2015-05-21,11.99,12.47,12.97,11.99,7751362
2015-05-22,12.58,12.64,12.83,12.42,2848833
2015-05-26,12.62,12.62,12.69,12.31,2060305
2015-05-27,12.56,12.47,12.65,12.34,2230555
2015-05-28,12.52,12.45,12.78,12.27,2921918
2015-05-29,12.42,12.37,12.63,12.35,1763422
2015-06-01,12.43,12.1,12.49,11.91,1887291
2015-06-02,12.02,12.41,12.5,11.92,1595338
2015-06-03,12.44,12.31,12.45,12.17,1241327
2015-06-04,12.25,12.27,12.53,12.21,1442603
2015-06-05,12.38,12.74,12.78,12.33,2821037
2015-06-08,12.73,12.46,12.89,12.44,2806311
2015-06-09,12.48,12.19,12.48,12.11,1564285
2015-06-10,12.3,12.71,12.73,12.23,2331605
2015-06-11,12.68,12.82,12.97,12.63,2623732
2015-06-12,12.83,12.94,13.19,12.7795,2382782
2015-06-15,12.82,12.91,13.14,12.67,1805070
2015-06-16,12.83,13.01,13.05,12.69,1368852
2015-06-17,13.12,13.04,13.25,12.95,1482114
2015-06-18,13.06,12.96,13.145,12.84,2059668
2015-06-19,12.94,12.79,13.02,12.72,1628199
2015-06-22,12.92,12.75,12.99,12.7,967886
2015-06-23,12.73,12.91,12.94,12.73,1012968
2015-06-24,12.86,12.79,12.94,12.75,956859
2015-06-25,12.76,12.66,12.86,12.615,967161
2015-06-26,12.61,12.18,12.7,12.1,2171326
2015-06-29,11.88,11.43,12.05,11.4,2574586
2015-06-30,11.63,11.64,11.83,11.28,3154926
2015-07-01,11.88,11.52,11.92,11.47,1604069
2015-07-02,11.47,11.53,11.565,11.17,1438243
2015-07-06,11.18,10.96,11.39,10.93,2174723
2015-07-07,10.68,10.34,10.73,9.83,4561831
2015-07-08,9.88,9.52,10.07,9.5,3981743
2015-07-09,10.32,10.05,10.46,9.98,2563883
2015-07-10,10.41,10.2,10.51,10.09,1593751
2015-07-13,10.38,10.44,10.7,10.35,2071888
2015-07-14,10.5,10.64,10.87,10.48,1930845
2015-07-15,10.5,10.17,10.74,10.09,1511304
2015-07-16,10.45,10.47,10.58,10.34,1414007
2015-07-17,10.5,10.13,10.64,10.1,2357449
2015-07-20,10.26,9.94,10.2895,9.91,1448932
2015-07-21,9.91,9.84,9.99,9.77,2519408
2015-07-22,9.74,9.44,9.82,9.33,2631935
2015-07-23,9.54,9.24,9.64,9.19,2200200
2015-07-24,9.28,9.34,9.45,9.05,1989736
2015-07-27,8.86,9.6,9.64,8.86,3162172
2015-07-28,9.65,9.78,9.89,9.5,1541083
2015-07-29,9.8,10.17,10.2,9.77,2300713
2015-07-30,10.15,9.73,10.15,9.64,1536098
2015-07-31,9.74,9.55,9.84,9.54,947875
2015-08-03,9.67,8.94,9.67,8.91,3446144
2015-08-04,9.02,9.07,9.23,8.96,1961998
2015-08-05,9.29,9.52,9.65,9.06,1674915
2015-08-06,9.6,9.49,9.68,9.35,1548446
2015-08-07,9.52,9.37,9.66,9.33,1644140
2015-08-10,9.4,9.63,9.65,9.31,1078141
2015-08-11,9.62,9.35,9.85,9.296,1673901
2015-08-12,9.17,9.42,9.67,9.04,1921618
2015-08-13,9.53,9.48,9.68,9.44,834530
2015-08-14,9.56,9.88,10.05,9.55,2370633
2015-08-17,10.0,10.18,10.21,9.92,2749340
2015-08-18,10.92,10.33,11.0,10.02,8321547
2015-08-19,10.14,9.4,10.15,9.39,5327403
2015-08-20,9.31,8.69,9.33,8.62,3919621
2015-08-21,8.4,8.25,8.64,8.19,4257450
2015-08-24,7.25,7.75,8.4,7.15,3709799
2015-08-25,8.47,8.49,9.1,8.41,3720803
2015-08-26,8.66,8.52,8.78,8.19,3429569
2015-08-27,8.8,8.94,9.07,8.69,2618769
2015-08-28,8.87,8.9,9.27,8.68,2774296
2015-08-31,8.84,8.9,9.12,8.74,2004264
2015-09-01,8.63,8.47,8.79,8.45,2444097
2015-09-02,8.67,8.79,8.79,8.44,1383303
2015-09-03,8.82,8.7,8.95,8.65,1906219
2015-09-04,8.56,8.51,8.73,8.37,1921563
2015-09-08,8.89,9.0,9.1,8.8,2582971
2015-09-09,9.21,9.02,9.24,8.85,2266106
2015-09-10,8.92,9.05,9.2,8.8,1488210
2015-09-11,9.0,9.11,9.12,8.95,1090248
2015-09-14,9.03,9.07,9.13,9.0,857672
2015-09-15,9.05,9.34,9.43,9.03,1221295
2015-09-16,9.36,9.6,9.76,9.36,2148673
2015-09-17,9.56,9.61,9.79,9.44,1448050
2015-09-18,9.37,9.05,9.43,9.03,2200592
2015-09-21,9.23,9.24,9.3099,9.08,2499303
2015-09-22,9.08,9.11,9.38,8.92,2370271
2015-09-23,9.12,8.72,9.14,8.72,1664840
2015-09-24,8.6,8.78,8.85,8.36,1831663
2015-09-25,9.03,8.98,9.23,8.883,1965298
2015-09-28,8.9,8.12,8.97,8.02,2553574
2015-09-29,8.16,8.36,8.5132,8.16,1627710
2015-09-30,8.55,8.97,8.97,8.51,2132365
2015-10-01,8.97,8.93,9.08,8.61,1649634
2015-10-02,8.87,9.54,9.55,8.67,2168763
2015-10-05,9.69,9.99,10.04,9.29,3620802
2015-10-06,9.89,10.23,10.53,9.89,2483777
2015-10-07,10.44,10.28,10.5,9.8374,2372589
2015-10-08,10.24,10.33,10.37,10.07,1510670
2015-10-09,10.38,10.38,10.5,10.27,1120656
2015-10-12,10.4,10.2,10.6,10.02,3185636
2015-10-13,10.09,10.29,10.43,9.98,1720796
2015-10-14,10.39,10.7,10.77,10.27,2958016
2015-10-15,10.86,11.1,11.15,10.76,2919674
2015-10-16,11.08,10.84,11.1,10.62,2745891
2015-10-19,10.81,10.84,11.09,10.74,2266124
2015-10-20,10.78,11.15,11.23,10.75,1928183
2015-10-21,11.3,10.66,11.34,10.66,2730146
2015-10-22,10.84,10.81,11.04,10.621,2534248
2015-10-23,10.86,10.64,10.86,10.43,2205819
2015-10-26,10.7,10.57,10.775,10.42,1584819
2015-10-27,10.44,10.27,10.4818,10.12,1292686
2015-10-28,10.27,10.58,10.684,10.17,1962091
2015-10-29,10.5,10.44,10.63,10.31,1650472
2015-10-30,10.4,10.19,10.4,9.705,3008588
2015-11-02,10.2,10.45,10.47,10.07,1552883
2015-11-03,10.39,10.53,10.71,10.35,1927063
2015-11-04,10.63,10.52,10.63,10.27,1107876
2015-11-05,10.54,10.47,10.61,10.34,1202013
2015-11-06,10.44,10.52,10.59,10.39,1051342
2015-11-09,10.42,10.2,10.5699,10.1,1287694
2015-11-10,10.2,9.68,10.31,9.51,3670811
2015-11-11,9.91,9.73,10.19,9.63,2348503
2015-11-12,9.62,9.43,9.85,9.4,1465257
2015-11-13,9.43,9.41,9.58,9.22,1176270
2015-11-16,9.35,9.7,9.73,9.34,1244889
2015-11-17,10.01,9.68,10.04,9.6,2264045
2015-11-18,9.69,9.93,9.95,9.65,1366594
2015-11-19,9.86,9.71,9.86,9.48,1665578
2015-11-20,9.64,9.7,9.87,9.36,3168031
2015-11-23,9.24,9.11,9.72,8.8,5856047
2015-11-24,9.1,9.43,9.48,9.1,1814801
2015-11-25,9.35,9.62,9.69,9.35,1733663
2015-11-27,9.45,9.7,9.76,9.42,1691652
2015-11-30,9.72,9.65,9.79,9.65,1697057
2015-12-01,9.73,9.83,9.87,9.65,1484449
2015-12-02,9.73,9.78,10.04,9.65,2472270
2015-12-03,9.9,10.17,10.3,9.86,2246947
2015-12-04,10.13,10.23,10.3,9.89,1941090
2015-12-07,10.15,10.54,10.61,9.93,2412716
2015-12-08,10.3,10.2,10.36,10.01,2247089
2015-12-09,10.38,9.91,10.47,9.78,1861468
2015-12-10,9.79,9.91,9.965,9.68,1322652
2015-12-11,9.73,9.55,9.79,9.53,1374069
2015-12-14,10.23,10.66,10.8,10.15,7912882
2015-12-15,10.63,10.53,10.77,10.49,4741513
2015-12-16,10.95,11.04,11.34,10.76,4247428
2015-12-17,11.15,10.59,11.17,10.56,2169791
2015-12-18,10.75,10.97,11.09,10.71,3000322
2015-12-21,11.05,11.17,11.19,11.0,1566533
2015-12-22,11.06,11.03,11.19,10.84,2939055
2015-12-23,11.1,11.1,11.2,10.99,980105
2015-12-24,11.1,11.24,11.35,11.1,717837
2015-12-28,11.18,11.04,11.23,10.965,1012969
2015-12-29,11.18,11.05,11.18,10.97,1082444
2015-12-30,11.11,10.98,11.13,10.94,1073661
2015-12-31,10.96,11.02,11.1,10.93,708100
2016-01-04,10.48,10.85,10.88,10.44,4974042
2016-01-05,10.91,10.98,11.05,10.8,2566843
2016-01-06,10.85,11.0,11.09,10.77,2096187
2016-01-07,10.6,10.98,11.03,10.56,4640119
2016-01-08,10.95,10.86,11.03,10.8438,2349789
2016-01-11,10.89,10.43,10.89,10.27,2517688
2016-01-12,10.5,10.25,10.8,10.05,1771128
2016-01-13,10.26,9.6,10.39,9.56,2107414
2016-01-14,9.64,9.71,9.75,9.29,1859410
2016-01-15,9.07,8.88,9.19,8.76,4784994
2016-01-19,9.11,8.99,9.21,8.87,2260785
2016-01-20,8.75,8.79,8.86,8.31,2100534
2016-01-21,8.79,9.07,9.18,8.63,1952064
2016-01-22,9.25,9.49,9.77,9.25,1386260
2016-01-25,9.44,9.22,9.5,9.02,1284135
2016-01-26,9.18,9.4,9.44,9.02,1295766
2016-01-27,9.3,9.15,9.53,9.1,887812
2016-01-28,9.34,9.0,9.4051,8.84,1456837
2016-01-29,9.12,9.18,9.19,9.01,1799375
2016-02-01,9.1,9.17,9.17,8.93,1417860
2016-02-02,9.07,9.32,9.38,9.04,1723219
2016-02-03,9.4,9.49,9.55,9.11,1237902
2016-02-04,9.38,9.7,9.7901,9.38,665077
2016-02-05,9.64,9.54,9.8,9.54,1000598
2016-02-08,9.27,9.04,9.42,8.93,1402044
2016-02-09,8.74,8.85,9.0399,8.5005,1070298
2016-02-10,8.75,8.77,9.19,8.75,748823
2016-02-11,8.6,8.51,8.72,8.37,1134124
2016-02-12,8.55,8.82,8.93,8.45,1567927
2016-02-16,9.2,9.53,9.61,9.18,1331466
2016-02-17,9.7,9.7,9.95,9.61,1156430
2016-02-18,9.75,9.76,9.86,9.601,775999
2016-02-19,9.7,9.77,9.85,9.57,855253
2016-02-22,9.91,10.11,10.193,9.84,1167879
2016-02-23,10.03,9.92,10.1,9.72,876826
2016-02-24,9.62,10.32,10.37,9.62,1356004
2016-02-25,10.2,10.16,10.25,9.75,1274016
2016-02-26,10.35,10.27,10.46,10.17,920877
2016-02-29,10.19,10.39,10.48,10.135,819128
2016-03-01,10.51,10.21,10.51,10.2,1534341
2016-03-02,10.24,10.43,10.5,10.24,1280296
2016-03-03,10.39,10.46,10.39,10.39,2483619
2016-03-04,10.46,10.49,10.7,10.295,1506145
2016-03-07,10.45,10.64,10.66,10.45,1198586
2016-03-08,10.7,10.44,10.7,10.322,1674492
2016-03-09,10.48,10.55,10.5965,10.415,1221354
2016-03-10,10.55,10.41,10.55,10.55,1631961
2016-03-11,10.41,10.59,10.41,10.41,1307090
2016-03-14,10.57,10.66,10.67,10.45,1237791
2016-03-15,10.66,10.62,10.66,10.66,1226148
2016-03-16,10.55,10.62,10.74,10.5,1169484
2016-03-17,10.62,10.59,10.63,10.38,1051369
2016-03-18,10.57,10.68,10.75,10.45,1230287
2016-03-21,10.5,10.69,10.74,10.42,1420841
2016-03-22,10.62,10.58,10.64,10.48,948170
2016-03-23,10.56,10.33,10.56,10.32,2021600
2016-03-24,10.33,10.04,10.33,10.33,1260952
2016-03-28,10.03,9.93,10.06,9.91,851302
2016-03-29,9.93,9.91,9.93,9.88,1019310
2016-03-30,10.0,9.87,10.12,9.835,899160
2016-03-31,9.87,9.94,9.98,9.82,1260406
2016-04-01,9.9,9.92,9.97,9.76,973019
2016-04-04,9.91,9.75,10.015,9.75,824417
2016-04-05,9.75,9.78,9.75,9.75,1006200
2016-04-06,9.83,9.84,9.96,9.74,603558
2016-04-07,9.82,9.78,9.88,9.68,530443
2016-04-08,9.8,9.68,9.8,9.66,960232
2016-04-11,9.76,9.78,9.825,9.69,874633
2016-04-12,9.78,9.75,9.88,9.73,535418
2016-04-13,9.9,9.93,9.99,9.79,1482636
2016-04-14,9.85,9.79,9.91,9.73,710126
2016-04-15,9.75,9.74,9.8,9.71,811046
2016-04-18,9.69,9.78,9.83,9.68,791547
2016-04-19,9.77,9.75,9.84,9.685,727309
2016-04-20,9.7,9.92,9.98,9.7,1130493
2016-04-21,9.94,9.88,9.99,9.81,1029614
2016-04-22,9.88,9.89,9.96,9.84,893579
2016-04-25,9.92,9.87,10.15,9.83,1104009
2016-04-26,9.87,9.93,9.97,9.87,635065
2016-04-27,9.99,10.06,10.1,9.92,944354
2016-04-28,10.0,9.93,10.065,9.93,552378
2016-04-29,9.92,9.75,9.97,9.75,985601
2016-05-02,9.75,9.48,9.76,9.405,1341942
2016-05-03,9.45,9.01,9.46,9.0,1546290
2016-05-04,9.0,9.05,9.07,8.82,1435201
2016-05-05,9.06,8.86,9.15,8.84,1940975
2016-05-06,8.87,8.82,8.96,8.74,1122129
2016-05-09,8.78,8.47,8.82,8.41,1994621
2016-05-10,8.35,8.54,8.61,8.32,1152404
2016-05-11,8.64,8.68,9.0,8.64,1654880
2016-05-12,8.7,8.25,8.75,8.16,2960358
2016-05-13,8.21,7.94,8.291,7.86,2374839
2016-05-16,8.0,8.15,8.2999,8.0,966543
2016-05-17,8.12,7.96,8.17,7.93,977365
2016-05-18,7.95,8.18,8.2,7.9,1399432
2016-05-19,8.22,8.14,8.27,8.05,881493
2016-05-20,8.16,8.31,8.41,8.16,896382
2016-05-23,8.32,8.45,8.49,8.32,812358
2016-05-24,8.43,8.75,8.76,8.4,923821
2016-05-25,8.78,8.85,8.9,8.76,1323420
2016-05-26,8.85,8.71,8.865,8.6,1754949
2016-05-27,8.41,8.18,8.57,8.13,2246519
2016-05-31,8.22,8.03,8.22,7.96,2110859
2016-06-01,8.02,8.1,8.11,7.98,1315118
2016-06-02,8.06,8.04,8.1,8.01,1528575
2016-06-03,7.88,7.54,7.89,7.1,4404595
2016-06-06,7.55,7.49,7.56,7.43,1522798
2016-06-07,7.53,7.65,7.81,7.49,1951424
2016-06-08,7.65,7.71,7.79,7.5901,2461891
2016-06-09,7.69,7.47,7.69,7.455,1075055
2016-06-10,7.4,7.2,7.4,7.1,2019020
2016-06-13,7.1,7.09,7.29,7.03,1029640
2016-06-14,7.11,7.09,7.28,7.055,1711393
2016-06-15,7.19,7.25,7.51,7.1466,1549382
2016-06-16,7.07,7.29,7.29,7.05,1344241
2016-06-17,7.15,7.22,7.31,7.135,1677101
2016-06-20,7.3,7.42,7.67,7.3,984452
2016-06-21,7.5,7.53,7.58,7.43,1304099
2016-06-22,7.59,7.6,7.685,7.55,1346860
2016-06-23,7.63,7.61,7.669,7.59,1286025
2016-06-24,7.23,7.36,7.45,7.21,2033431
2016-06-27,7.29,6.96,7.29,6.91,2122702
2016-06-28,7.1,7.22,7.29,7.1,1408643
2016-06-29,7.33,7.53,7.55,7.33,1717462
2016-06-30,7.48,7.74,7.79,7.48,2874816
2016-07-01,7.69,7.82,7.94,7.64,2027192
2016-07-05,7.71,7.8,7.825,7.61,1883068
2016-07-06,7.75,7.88,7.92,7.54,2003308
2016-07-07,7.88,8.01,8.15,7.88,1695253
2016-07-08,7.92,8.25,8.29,7.92,2352883
2016-07-11,8.35,8.69,8.75,8.32,2723059
2016-07-12,8.7,8.73,8.88,8.59,2034142
2016-07-13,8.75,8.65,8.79,8.5,1854394
2016-07-14,8.75,8.71,8.7601,8.53,2914126
2016-07-15,8.33,8.31,8.44,8.19,2478358
2016-07-18,8.33,8.66,8.6601,8.26,2109804
2016-07-19,8.61,8.32,8.63,8.26,1311669
2016-07-20,8.33,8.49,8.55,8.33,898962
2016-07-21,8.45,8.34,8.61,8.315,1160138
2016-07-22,8.37,8.43,8.53,8.28,2651574
2016-07-25,8.5,8.5,8.585,8.39,1413782
2016-07-26,8.63,8.64,8.66,8.5,1485240
2016-07-27,8.7,8.75,8.8,8.585,1347121
2016-07-28,8.75,8.3,8.75,8.28,3570070
2016-07-29,8.27,8.25,8.31,8.06,2485525
2016-08-01,8.22,10.33,10.75,8.22,11698056
2016-08-02,10.24,10.31,10.37,10.2,3443890
2016-08-03,10.23,10.5,10.55,10.23,2745280
2016-08-04,10.5,10.49,10.55,10.42,2994285
2016-08-05,10.5,10.47,10.51,10.27,2042746
2016-08-08,10.48,10.52,10.54,10.369,2155405
2016-08-09,10.51,10.58,10.58,10.48,1606884
2016-08-10,10.49,10.61,10.64,10.44,3343486
2016-08-11,10.61,10.51,10.6301,10.45,2436796
2016-08-12,10.48,10.49,10.55,10.47,1491683
2016-08-15,10.5,10.56,10.7,10.47,2261436
2016-08-16,10.51,10.55,10.62,10.49,1637481
2016-08-17,10.52,10.52,10.57,10.51,1022072
2016-08-18,10.57,10.54,10.635,10.51,2077165
2016-08-19,10.54,10.58,10.59,10.51,1092286
2016-08-22,10.57,10.53,10.57,10.51,1808215
2016-08-23,10.62,10.54,10.65,10.51,1590685
2016-08-24,10.55,10.52,10.58,10.51,1180847
2016-08-25,10.52,10.52,10.55,10.52,1140286
2016-08-26,10.53,10.54,10.555,10.53,1044630
2016-08-29,10.54,10.61,10.63,10.51,1251193
2016-08-30,10.56,10.53,10.59,10.52,1146294
2016-08-31,10.51,10.51,10.56,10.5,803286
2016-09-01,10.52,10.49,10.585,10.48,1347123
2016-09-02,10.53,10.49,10.58,10.49,635439
2016-09-06,10.48,10.5,10.53,10.46,1143190
2016-09-07,10.49,10.5,10.5,10.42,1081662
2016-09-08,10.45,10.48,10.51,10.445,1159484
2016-09-09,10.46,10.47,10.49,10.45,730764
2016-09-12,10.44,10.5,10.55,10.284,4203331
2016-09-13,10.47,10.47,10.51,10.45,1580350
2016-09-14,10.47,10.46,10.48,10.415,1081474
2016-09-15,10.49,10.47,10.5,10.46,674610
2016-09-16,10.44,10.21,10.46,10.19,3789153
2016-09-19,10.26,10.3,10.33,10.23,1186649
2016-09-20,10.28,10.3,10.38,10.245,911561
2016-09-21,10.31,10.39,10.42,10.31,649152
2016-09-22,10.43,10.43,10.45,10.27,896655
2016-09-23,10.36,10.32,10.41,10.31,1190629
2016-09-26,10.24,10.37,10.39,10.16,937487
2016-09-27,10.34,10.41,10.44,10.34,877030
2016-09-28,10.39,10.44,10.52,10.355,2828361
2016-09-29,10.42,10.27,10.435,10.27,4614610
2016-09-30,10.24,10.24,10.32,10.19,2463032
2016-10-03,10.24,10.22,10.29,10.18,2061860
2016-10-04,10.2,10.19,10.24,10.08,1751129
2016-10-05,10.23,10.26,10.27,10.16,1359586
2016-10-06,10.5,10.38,10.51,10.32,1395577
2016-10-07,10.34,10.34,10.42,10.3,1180455
2016-10-10,10.33,10.45,10.45,10.33,1379356
2016-10-11,10.4,10.39,10.43,10.36,924370
2016-10-12,10.39,10.36,10.44,10.34,627188
2016-10-13,10.33,10.42,10.42,10.27,1479812
2016-10-14,10.43,10.39,10.44,10.37,730888
2016-10-17,10.35,10.34,10.4,10.3,391522
2016-10-18,10.36,10.42,10.47,10.355,1648215
2016-10-19,10.41,10.4,10.45,10.4,462744
2016-10-20,10.42,10.41,10.45,10.4,754147
2016-10-21,10.4,10.41,10.43,10.39,802059
2016-10-24,10.41,10.42,10.43,10.4,1270247
2016-10-25,10.41,10.44,10.45,10.41,950629
2016-10-26,10.42,10.36,10.44,10.32,919416
2016-10-27,10.41,10.34,10.41,10.32,1174208
2016-10-28,10.32,10.33,10.36,10.3,1006537
2016-10-31,10.32,10.38,10.42,10.31,708616
2016-11-01,10.4,10.44,10.48,10.4,1294756
2016-11-02,10.42,10.42,10.44,10.38,412582
2016-11-03,10.31,10.27,10.39,10.26,1037178
2016-11-04,10.15,10.3,10.32,10.15,659553
2016-11-07,10.32,10.39,10.43,10.31,750064
2016-11-08,10.4,10.46,10.5,10.4,731526
2016-11-09,10.23,10.22,10.31,10.17,2339160
2016-11-10,10.24,10.3,10.32,10.24,999063
2016-11-11,10.29,10.29,10.33,10.29,1037925
2016-11-14,10.29,10.27,10.315,10.23,1009927
2016-11-15,10.3,10.21,10.33,10.09,2184365
2016-11-16,10.24,10.38,10.38,10.24,1133511
2016-11-17,10.25,10.39,10.4,10.25,545086
2016-11-18,10.4,10.33,10.43,10.28,485399
2016-11-21,10.33,10.27,10.39,10.24,667399
2016-11-22,10.25,10.31,10.325,10.25,360309
2016-11-23,10.31,10.32,10.38,10.26,1227386
2016-11-25,10.33,10.02,10.34,9.96,2389567
2016-11-28,10.0,9.18,10.0,9.1189,5587977
2016-11-29,9.11,9.06,9.13,8.795,4292548
2016-11-30,9.04,9.41,9.43,9.04,2998142
2016-12-01,9.42,9.52,9.67,9.42,2067898
2016-12-02,9.55,9.41,9.6,9.4,949849
2016-12-05,9.45,9.45,9.691,9.42,1158898
2016-12-06,9.5,9.59,9.68,9.45,1291046
2016-12-07,9.82,9.81,9.92,9.71,2462382
2016-12-08,9.85,9.81,9.905,9.8,1083288
2016-12-09,9.8,9.82,9.96,9.8,1625180
2016-12-12,9.82,9.67,9.8237,9.61,1175425
2016-12-13,9.7,9.66,9.77,9.56,1277723
2016-12-14,9.64,9.65,9.68,9.6,965411
2016-12-15,9.65,9.75,9.82,9.585,1589009
2016-12-16,10.07,9.63,10.0904,9.63,2443728
2016-12-19,9.65,9.58,9.72,9.305,1574300
2016-12-20,9.58,9.57,9.64,9.55,817819
2016-12-21,9.55,9.48,9.55,9.48,1586289
2016-12-22,9.5,9.3,9.515,9.29,962231
2016-12-23,9.32,9.25,9.35,9.23,635787
2016-12-27,9.26,9.3,9.35,9.26,1086570
2016-12-28,9.32,9.35,9.46,9.27,1185013
2016-12-29,9.39,9.26,9.39,9.25,644312
2016-12-30,9.25,9.3,9.31,9.23,699788
2017-01-03,9.31,9.42,9.42,9.22,924214
2017-01-04,9.45,9.49,9.54,9.4,1105070
2017-01-05,9.4,9.5,9.55,9.4,744931
2017-01-06,9.5,9.48,9.53,9.445,497089
2017-01-09,9.5,9.48,9.51,9.42,315794
2017-01-10,9.5,9.59,9.59,9.49,727872
2017-01-11,9.61,9.83,10.09,9.54,2313694
2017-01-12,9.8,9.85,9.9,9.74,1073504
2017-01-13,9.87,10.12,10.16,9.86,1059016
2017-01-17,10.1,10.07,10.12,10.0,1044608
2017-01-18,10.04,10.0,10.07,9.99,665254
2017-01-19,9.95,9.93,10.02,9.87,607787
2017-01-20,9.96,9.89,9.96,9.86,585344
2017-01-23,9.88,9.84,9.88,9.8,767511
2017-01-24,9.86,9.89,9.94,9.84,721143
2017-01-25,9.9,10.01,10.0993,9.88,1039251
2017-01-26,10.0,9.99,10.07,9.92,731506
2017-01-27,9.98,10.03,10.08,9.97,558833
2017-01-30,10.0,9.87,10.12,9.82,814665
2017-01-31,9.9,9.99,10.01,9.77,773655
2017-02-01,9.94,10.1,10.12,9.94,1001872
2017-02-02,10.03,10.1,10.23,10.02,1038291
2017-02-03,10.1,10.19,10.23,10.0401,1125355
2017-02-06,10.19,10.08,10.21,10.03,1295377
2017-02-07,10.12,9.94,10.12,9.87,2234009
2017-02-08,9.92,10.09,10.14,9.86,758175
2017-02-09,10.09,10.12,10.14,10.04,773766
2017-02-10,10.12,10.13,10.16,10.02,717768
2017-02-13,10.06,10.16,10.2,10.06,566598
2017-02-14,10.12,10.2,10.22,10.0607,654058
2017-02-15,10.29,10.23,10.29,10.13,954884
2017-02-16,10.18,10.18,10.22,10.167,261001
2017-02-17,10.13,10.21,10.255,10.13,717627
2017-02-21,10.16,10.31,10.31,10.14,1876219
2017-02-22,10.3,10.23,10.3,10.19,1722606
2017-02-23,10.24,10.2,10.29,10.2,685485
2017-02-24,10.21,10.49,10.53,10.19,4776289
2017-02-27,10.49,10.47,10.53,10.37,3423583
2017-02-28,10.43,10.5,10.51,10.4,1905485
2017-03-01,10.5,10.69,10.95,10.48,3638454
2017-03-02,10.72,10.83,10.9,10.68,2573713
2017-03-03,10.87,10.82,10.91,10.81,1260819
2017-03-06,10.85,10.87,10.9,10.8,1515668
2017-03-07,10.87,10.87,10.89,10.83,2345397
2017-03-08,11.5,11.5,11.52,11.49,33312682
2017-03-09,11.5,11.53,11.54,11.5,6391871
2017-03-10,11.52,11.53,11.53,11.51,3934018
2017-03-13,11.53,11.54,11.54,11.53,4726353
2022-08-09,25.1,24.3259,25.1,24.15,6595
2022-08-10,25.32,25.4376,25.4376,24.48,2629
2022-08-11,25.5,24.5623,25.5,24.5623,1422
2022-08-12,24.5,25.98,26.0,24.5,4228
2022-08-15,26.28,27.02,27.38,26.28,27469
2022-08-16,27.2,26.7191,27.41,26.7191,7041
2022-08-17,26.23,26.4008,26.7,26.1674,3272
2022-08-18,26.5733,26.2648,26.5733,26.2648,1046
2022-08-19,25.45,25.5978,25.5978,25.234,3242
2022-08-22,25.12,24.875,25.12,24.55,26574
2022-08-23,24.99,25.5434,25.5434,24.96,8306
2022-08-24,25.75,25.5731,26.18,25.5731,4100
2022-08-25,26.33,25.4793,26.33,25.01,42172
2022-08-26,25.68,24.6633,25.97,24.6633,38012
2022-08-29,24.04,24.26,24.45,24.04,3603
2022-08-30,24.6,23.5022,24.6,23.09,3946
2022-08-31,23.67,23.3246,23.79,23.05,11438
2022-09-01,22.9267,23.4469,23.4469,22.43,2863
2022-09-02,23.96,22.6552,23.96,22.6552,1008
2022-09-06,22.75,23.1353,23.21,22.75,5470
2022-09-07,23.5998,24.0794,24.0794,23.5662,6524
2022-09-08,23.7399,24.6717,24.6717,23.7399,409
2022-09-09,25.16,25.79,25.86,25.1301,16107
2022-09-12,25.94,26.3085,26.35,25.91,4743
2022-09-13,25.04,25.0185,25.3,24.9,7876
2022-09-14,25.4,26.1222,26.4001,25.4,3013
2022-09-15,26.1,26.2388,26.7912,26.1,5138
2022-09-16,25.72,26.1,26.1,25.36,14558
2022-09-19,26.7,26.7816,26.7816,26.44,1461
2022-09-20,26.62,26.7191,27.05,26.62,1224
2022-09-21,26.61,25.9409,27.11,25.9409,5675
2022-09-22,25.8,24.6138,25.8,24.49,8796
2022-09-23,23.91,23.09,23.91,23.06,27909
2022-09-26,23.205,23.2327,23.52,23.205,1341
2022-09-27,24.39,23.9415,24.45,23.45,20449
2022-09-28,23.81,24.4,24.51,23.58,6425
2022-09-29,23.93,22.33,23.93,22.33,3930
2022-09-30,22.09,22.08,22.52,21.9,3000
2022-10-03,20.85,19.62,20.85,19.62,4667
2022-10-04,20.51,20.35,21.08,19.67,6363
2022-10-05,19.92,19.4385,19.92,18.79,2809
2022-10-06,19.85,19.2098,19.85,19.0901,3222
2022-10-07,18.51,17.64,18.51,17.64,2694
2022-10-10,17.46,17.6723,17.68,17.36,599
2022-10-11,17.49,17.0158,17.7899,16.96,27407
2022-10-12,16.99,17.13,17.13,16.67,3011
2022-10-13,16.29,17.5388,17.63,16.29,10575
2022-10-14,17.61,15.8512,17.61,15.85,8573
2022-10-17,16.7327,17.2245,17.36,16.7327,6898
2022-10-18,18.19,17.3,18.19,17.1501,7478
2022-10-19,17.17,17.51,17.51,17.17,4967
2022-10-20,16.22,16.0913,16.8,15.58,26474
2022-10-21,15.93,16.72,16.72,15.93,7328
2022-10-24,15.82,16.41,16.42,15.38,4853
2022-10-25,16.57,17.4863,17.65,16.5699,14181
2022-10-26,17.2,17.6963,18.09,17.2,17175
2022-10-27,18.15,17.7372,18.36,17.64,24758
2022-10-28,17.74,18.0586,18.0586,17.12,3517
2022-10-31,17.85,17.95,18.01,17.6,11105
2022-11-01,18.76,18.0209,18.88,18.0209,19147
2022-11-02,16.8,16.8,16.8,16.8,1020
2022-11-03,16.51,16.7932,17.01,16.3,4359
2022-11-04,17.38,15.99,17.38,15.81,2642
2022-11-07,16.08,15.0078,16.08,15.0,8599
2022-11-08,14.66,14.4513,14.8,14.1592,8601
2022-11-09,14.55,13.14,14.5501,13.11,7605
2022-11-10,13.82,14.34,14.34,13.45,12512
2022-11-11,13.86,14.81,14.83,13.86,12824
2022-11-14,14.51,14.34,14.75,14.2,4729
2022-11-15,14.92,14.67,15.26,14.62,32848
2022-11-16,14.38,14.0,14.38,13.88,3387
2022-11-17,13.81,13.59,13.81,13.4601,3117
2022-11-18,13.31,13.31,13.33,13.07,2649
2022-11-21,12.97,12.204,12.97,12.2,8072
2022-11-22,12.3,12.3837,12.3837,12.16,3657
2022-11-23,12.66,13.5746,13.58,12.66,4272
2022-11-25,13.5,13.5221,13.65,13.38,58100
2022-11-28,13.17,13.5416,14.02,13.17,5114
2022-11-29,13.5,13.34,13.54,13.34,1420
2022-11-30,13.64,14.53,14.53,13.46,6649
2022-12-01,14.8969,14.59,14.97,14.4402,14132
2022-12-02,14.4999,14.65,14.65,14.42,3214
2022-12-05,14.23,13.44,14.23,13.36,5204
2022-12-06,13.22,13.25,13.26,12.89,8876
2022-12-07,13.05,12.67,13.05,12.6,3109
2022-12-08,12.36,12.6,12.71,12.3,7797
2022-12-09,12.68,13.1,13.44,12.68,53494
2022-12-12,12.82,12.07,12.82,12.07,16279
2022-12-13,12.67,11.49,12.67,11.15,57794
2022-12-14,11.36,11.1052,11.44,11.0,17727
2022-12-15,10.87,11.1753,11.4,10.87,11944
2022-12-16,11.414,10.5251,11.46,10.52,12501
2022-12-19,10.81,10.4848,10.88,10.193,22020
2022-12-20,10.09,9.4369,10.3216,9.4,27109
2022-12-21,9.58,9.4206,9.63,9.3,44672
2022-12-22,9.24,8.37,9.26,8.165,44754
2022-12-23,8.39,8.2052,8.6284,8.0201,28063
2022-12-27,7.7999,7.06,7.7999,6.9801,59796
2022-12-28,7.2,7.2726,7.56,6.9391,107235
2022-12-29,7.9,7.9953,8.09,7.69,74441
2022-12-30,7.88,8.1303,8.21,7.88,29953
2023-01-03,7.65,6.885,7.65,6.64,46813
2023-01-04,6.96,7.314,7.34,6.88,19606
2023-01-05,7.03,7.07,7.1,6.84,16279
2023-01-06,6.55,7.25,7.28,6.4,59812
2023-01-09,7.67,7.81,8.0765,7.64,19448
2023-01-10,7.9,7.73,8.04,7.455,50329
2023-01-11,7.97,8.0663,8.2602,7.91,293067
2023-01-12,8.03,8.1,8.14,7.7,39048
2023-01-13,7.54,8.0058,8.0058,7.48,38198
2023-01-17,8.25,8.7695,8.819,8.25,140396
2023-01-18,9.17,8.52,9.17,8.39,172689
2023-01-19,8.38,8.38,8.5901,8.21,67060
2023-01-20,8.48,8.88,8.89,8.4,89065
2023-01-23,9.09,9.7522,9.865,8.99,94012
2023-01-24,9.68,9.7478,9.9423,9.6,49201
2023-01-25,9.57,9.81,9.9401,9.295,98227
2023-01-26,11.11,11.13,11.1658,10.69,149492
2023-01-27,11.33,12.6689,12.9,11.211,291584
2023-01-30,12.67,11.68,12.82,11.645,163786
2023-01-31,11.45,12.24,12.285,11.35,77822
2023-02-01,12.28,12.96,13.145,12.029,236907
2023-02-02,13.49,13.57,14.2498,13.1999,408176
2023-02-03,13.32,13.74,14.52,13.2,478897
2023-02-06,14.02,14.1543,14.35,13.73,194595
2023-02-07,14.32,14.335,14.37,13.68,260829
2023-02-08,14.27,14.7246,14.88,14.18,261220
2023-02-09,15.32,15.2891,15.8922,15.075,269133
2023-02-10,14.84,14.32,15.14,13.95,168273
2023-02-13,14.07,14.09,14.24,13.56,81382
2023-02-14,13.82,15.4159,15.46,13.74,169214
2023-02-15,15.66,15.8546,15.9,15.17,164773
2023-02-16,15.54,14.7564,16.19,14.7564,238434
2023-02-17,14.55,15.3,15.31,14.36,161837
2023-02-21,14.98,14.31,15.3904,14.31,77254
2023-02-22,14.331,14.61,14.64,13.82,89162
2023-02-23,14.93,14.75,14.97,14.24,169979
2023-02-24,14.17,14.24,14.28,13.94,53555
2023-02-27,14.74,15.23,15.35,14.67,77458
2023-02-28,15.49,15.0786,15.49,14.9965,77734
2023-03-01,15.06,14.79,15.14,14.4014,190710
2023-03-02,13.32,13.71,13.85,13.29,73480
2023-03-03,14.04,14.3213,14.5283,13.92,37935
2023-03-06,14.38,13.9508,14.38,13.8197,69041
2023-03-07,13.71,13.39,13.9456,13.2706,55325
2023-03-08,13.12,12.88,13.24,12.71,109240
2023-03-09,12.74,12.09,13.15,12.07,130218
2023-03-10,12.22,12.1199,12.519,11.718,60843
2023-03-13,11.6,12.19,12.4,11.3,123319
2023-03-14,12.49,12.98,13.0,12.49,109695
2023-03-15,12.75,12.71,12.86,12.4386,166606
2023-03-16,12.69,13.04,13.15,12.57,77049
2023-03-17,13.08,12.6659,13.15,12.47,61211
2023-03-20,12.51,12.93,13.1799,12.36,79738
2023-03-21,13.4,14.22,14.22,13.39,96458
2023-03-22,14.37,13.62,14.45,13.62,115051
2023-03-23,14.01,13.73,14.34,13.4,126870
2023-03-24,13.67,13.5241,13.71,13.285,80731
2023-03-27,13.9,13.68,14.1509,13.53,77946
2023-03-28,13.67,13.43,13.68,13.1,72570
2023-03-29,13.79,13.85,13.96,13.49,53896
2023-03-30,14.02,13.98,14.12,13.91,34133
2023-03-31,14.15,15.06,15.08,14.15,73710
2023-04-03,14.34,13.9,14.58,13.67,253571
2023-04-04,14.14,13.74,14.25,13.56,57711
2023-04-05,13.52,13.085,13.52,12.93,90116
2023-04-06,12.88,13.0474,13.135,12.58,37838
2023-04-10,12.58,12.97,13.009,12.25,74883
2023-04-11,13.15,13.16,13.3892,13.118,43494
2023-04-12,13.5,12.63,13.56,12.6001,39939
2023-04-13,12.81,13.1,13.12,12.68,50682
2023-04-14,12.89,12.9936,13.04,12.75,20484
2023-04-17,13.14,13.18,13.37,12.81,41800
2023-04-18,13.18,12.9446,13.22,12.88,90815
2023-04-19,12.48,12.58,12.85,12.36,59938
2023-04-20,11.32,11.05,11.62,10.85,177504
2023-04-21,11.21,11.2156,11.28,10.91,51785
2023-04-24,11.18,11.02,11.26,10.724,139401
2023-04-25,10.78,10.85,11.06,10.68,75375
2023-04-26,10.81,10.26,10.81,10.23,94992
2023-04-27,10.15,10.7772,10.78,10.14,118354
2023-04-28,10.67,11.14,11.16,10.6,32852
2023-05-01,11.03,10.92,11.03,10.69,128945
2023-05-02,10.95,10.81,11.22,10.7,44406
2023-05-03,10.8,10.83,11.17,10.8,90704
2023-05-04,10.99,10.88,11.01,10.79,47936
2023-05-05,11.1,11.6,11.668,11.09,54375
2023-05-08,11.91,11.75,11.91,11.59,26281
2023-05-09,11.5,11.52,11.56,11.325,36715
2023-05-10,11.77,11.48,11.94,11.33,71141
2023-05-11,11.48,11.7634,11.86,11.33,64033
2023-05-12,12.08,11.41,12.19,11.38,56688
2023-05-15,11.32,11.265,11.54,11.14,24822
2023-05-16,11.21,11.3,11.52,11.14,29571
2023-05-17,11.4,11.894,11.93,11.37,44989
2023-05-18,11.95,12.16,12.16,11.81,24419
2023-05-19,12.12,12.44,12.55,12.12,33027
2023-05-22,12.5,13.17,13.2,12.44,80016
2023-05-23,12.94,12.92,13.47,12.88,91142
2023-05-24,12.56,12.62,12.74,12.24,69788
2023-05-25,12.95,12.79,12.97,12.46,93601
2023-05-26,12.84,13.51,13.96,12.84,108582
2023-05-30,14.15,14.23,14.51,13.9201,54807
2023-05-31,14.1,14.4436,14.47,13.73,67828
2023-06-01,14.34,14.76,14.96,14.11,28874
2023-06-02,15.06,15.37,15.63,15.0599,40561
2023-06-05,15.69,15.69,15.97,15.43,54749
2023-06-06,15.56,16.02,16.07,15.3,86427
2023-06-07,16.62,16.33,16.85,16.215,54245
2023-06-08,16.24,17.26,17.26,16.24,46340
2023-06-09,18.55,18.12,18.82,17.95,120710
2023-06-12,18.58,18.57,18.68,18.14,44173
2023-06-13,18.84,19.45,19.4999,18.75,146101
2023-06-14,19.59,19.25,19.659,18.68,53581
2023-06-15,18.51,19.14,19.3953,18.3546,40251
2023-06-16,19.36,19.58,19.82,19.27,42985
2023-06-20,19.64,20.84,20.86,19.64,55717
2023-06-21,20.93,19.42,21.09,19.32,214067
2023-06-22,18.59,19.9,19.93,18.46,54022
2023-06-23,19.38,19.16,19.67,18.8,41758
2023-06-26,18.52,17.71,19.29,17.68,64988
2023-06-27,17.86,18.5349,18.56,17.71,104774
2023-06-28,18.48,19.11,19.42,18.47,136695
2023-06-29,19.46,19.24,19.46,18.89,30227
2023-06-30,19.54,19.57,19.8267,19.43,64744
2023-07-03,20.99,21.32,21.69,20.88,120240
2023-07-05,21.25,21.58,21.64,21.15,70100
2023-07-06,21.13,21.01,21.25,20.6636,54781
2023-07-07,21.16,20.79,21.31,20.7304,57990
2023-07-10,20.95,20.33,21.05,19.94,101888
2023-07-11,20.2,20.3,20.34,20.03,26835
2023-07-12,20.86,20.55,20.899,20.51,15710
2023-07-13,20.79,21.0634,21.17,20.4,34641
2023-07-14,21.0,21.4,21.75,20.98,121760
2023-07-17,21.91,22.25,22.3198,21.7097,78319
2023-07-18,22.2,22.51,22.699,21.9489,80131
2023-07-19,22.82,22.34,23.06,22.18,125255
2023-07-20,21.16,19.6,21.25,19.46,128262
2023-07-21,20.02,19.31,20.02,18.9499,207071
2023-07-24,18.87,20.18,20.21,18.82,201423
2023-07-25,20.47,19.81,20.48,19.77,88516
2023-07-26,19.49,19.69,19.975,19.49,91460
2023-07-27,20.08,18.86,20.1,18.86,36821
2023-07-28,19.21,19.89,19.93,19.1,104290
2023-07-31,19.97,19.94,20.09,19.6405,52488
2023-08-01,19.69,19.37,19.69,19.3608,23854
2023-08-02,18.89,18.76,19.21,18.43,119045
2023-08-03,18.63,19.22,19.269,18.63,73694
2023-08-04,19.4,18.68,19.67,18.65,42734
2023-08-07,18.58,18.49,18.65,17.67,82682
2023-08-08,18.08,18.31,18.36,17.89,40817
2023-08-09,18.36,17.62,18.39,17.6,32408
2023-08-10,17.85,17.9,18.4499,17.69,54166
2023-08-11,17.54,17.64,17.6605,17.251,23663
2023-08-14,16.99,17.36,17.428,16.84,47217
2023-08-15,17.31,16.77,17.31,16.76,21219
2023-08-16,16.29,16.11,16.82,16.11,44844
2023-08-17,16.19,15.49,16.19,15.49,120093
2023-08-18,15.03,15.19,15.32,14.92,67522
2023-08-21,15.7,16.57,16.57,15.7,100444
2023-08-22,17.39,16.76,17.39,16.42,80903
2023-08-23,16.37,17.08,17.19,16.37,88268
2023-08-24,17.21,16.4686,17.23,16.29,60981
2023-08-25,16.61,17.21,17.215,16.5,79671
2023-08-28,17.54,17.21,17.6,16.94,51640
2023-08-29,17.21,18.86,18.865,17.16,143356
2023-08-30,18.6,18.83,19.13,18.27,86845
2023-08-31,18.72,18.9346,19.2194,18.7,85958
2023-09-01,18.83,17.7,18.99,17.51,115050
2023-09-05,17.71,18.78,18.8827,17.7,75257
2023-09-06,18.5808,18.35,18.5927,17.7699,41071
2023-09-07,17.68,18.3,18.38,17.6084,56124
2023-09-08,18.24,17.99,18.72,17.9085,42166
2023-09-11,20.4,20.4,20.4,20.4,200
2023-09-12,19.97,19.71,20.71,19.6601,80075
2023-09-13,20.04,20.07,20.3197,19.9142,63001
2023-09-14,20.08,20.47,20.52,20.05,31584
2023-09-15,20.6,20.34,20.6938,20.0692,58825
2023-09-18,20.07,19.48,20.07,19.35,130208
2023-09-19,19.38,19.6,19.64,19.1005,32613
2023-09-20,19.61,19.23,20.22,19.22,92613
2023-09-21,18.82,18.6,19.03,18.455,73049
2023-09-22,18.68,17.59,18.68,17.56,101892
2023-09-25,17.46,17.79,17.79,17.03,53739
2023-09-26,17.39,17.53,17.99,17.36,70752
2023-09-27,17.56,17.19,17.5906,16.69,94950
2023-09-28,17.18,17.71,17.7801,17.0494,72931
2023-09-29,18.09,18.06,18.33,17.74,57629
2023-10-02,17.65,18.1582,18.39,17.3803,50991
2023-10-03,17.87,17.7051,17.98,17.561,19730
2023-10-04,18.15,19.01,19.05,18.1198,39236
2023-10-05,18.83,18.88,19.1811,18.6,31286
2023-10-06,18.31,18.93,19.0,18.075,36059
2023-10-09,18.46,18.87,18.9,18.2,17705
2023-10-10,19.1065,19.19,19.63,19.0687,45995
2023-10-11,19.49,19.13,19.5899,19.03,34118
2023-10-12,19.3,18.79,19.31,18.5601,12622
2023-10-13,18.78,18.07,18.78,17.9701,50391
2023-10-16,18.03,18.31,18.42,17.888,32148
2023-10-17,17.92,18.3652,18.5209,17.73,7625
2023-10-18,18.3402,17.28,18.3402,17.25,60513
2023-10-19,15.92,15.27,16.1627,15.005,105035
2023-10-20,15.0,14.56,15.14,14.43,80088
2023-10-23,14.34,14.56,14.9301,13.78,38075
2023-10-24,14.99,14.9309,15.4,14.88,37167
2023-10-25,14.8005,14.5773,15.12,14.5773,98129
2023-10-26,14.48,14.0,14.72,13.93,128456
2023-10-27,14.4,14.115,14.5,14.09,27012
2023-10-30,14.24,13.26,14.374,13.149,33749
2023-10-31,13.14,13.55,13.68,13.0,32702
2023-11-01,13.7401,13.9585,13.98,13.35,31084
2023-11-02,14.65,15.06,15.07,14.47,66856
2023-11-03,15.29,15.1532,15.6991,15.045,225559
2023-11-06,15.54,15.12,15.6795,14.78,32837
2023-11-07,15.01,15.3587,15.41,14.8286,56222
2023-11-08,15.45,15.35,15.45,14.98,20609
2023-11-09,15.15,14.285,15.15,14.04,48443
2023-11-10,14.2024,14.6622,14.6804,14.03,17402
2023-11-13,14.76,15.44,15.53,14.45,33257
2023-11-14,16.41,16.5903,16.665,16.14,112979
2023-11-15,16.7875,17.12,17.41,16.58,49896
2023-11-16,16.79,16.28,16.92,16.0797,80188
2023-11-17,16.12,16.35,16.58,15.695,46418
2023-11-20,16.37,16.4457,16.5566,16.14,19356
2023-11-21,16.3,16.94,17.13,16.3,24328
2023-11-22,17.0606,16.3056,17.1,16.08,88687
2023-11-24,16.45,16.416,16.679,16.31,10563
2023-11-27,16.54,16.47,16.55,16.16,21371
2023-11-28,16.5,17.39,17.399,16.291,51700
2023-11-29,17.63,17.14,17.9,17.1,40755
2023-11-30,17.23,16.8,17.23,16.57,84025
2023-12-01,16.21,16.6628,16.72,16.09,23265
2023-12-04,16.39,16.39,16.649,16.328,27151
2023-12-05,16.41,16.68,17.24,16.41,27943
2023-12-06,17.06,16.72,17.263,16.72,21951
2023-12-07,16.86,16.99,17.029,16.52,29842
2023-12-08,16.725,17.08,17.15,16.725,18010
2023-12-11,16.99,16.72,17.0,16.53,16859
2023-12-12,16.55,16.48,16.59,16.26,26985
2023-12-13,16.22,16.68,16.7425,15.73,38298
2023-12-14,16.85,17.6571,17.875,16.85,60709
2023-12-15,17.7,17.9052,17.9201,17.53,48177
2023-12-18,17.95,17.75,18.33,17.75,27214
2023-12-19,17.94,18.23,18.2913,17.94,63327
2023-12-20,18.17,17.34,18.43,17.3297,40378
2023-12-21,17.73,17.96,17.98,17.4895,22626
2023-12-22,18.2,17.78,18.25,17.69,16944
2023-12-26,17.95,18.16,18.24,17.84,22631
2023-12-27,11.58,11.76,11.85,11.57,275755
2023-12-28,11.87,11.28,11.935,11.25,80136
2023-12-29,11.38,11.01,11.38,10.97,56480
2024-01-02,11.09,11.01,11.13,10.8,66505
2024-01-03,10.83,10.46,10.83,10.36,54996
2024-01-04,10.47,10.42,10.6799,10.42,15382
2024-01-05,10.37,10.39,10.495,10.3,20284
2024-01-08,10.32,10.54,10.58,10.3,15017
2024-01-09,10.41,10.2391,10.41,10.101,28710
2024-01-10,10.26,10.19,10.26,10.061,9590
2024-01-11,10.01,9.82,10.01,9.74,57719
2024-01-12,9.43,9.36,9.7,9.27,37226
2024-01-16,9.17,9.4151,9.6,9.05,50796
2024-01-17,9.15,9.18,9.181,9.0,28254
2024-01-18,9.26,8.98,9.26,8.83,94024
2024-01-19,8.87,8.9858,9.04,8.765,67332
2024-01-22,9.0,8.8,9.27,8.7,77014
2024-01-23,8.95,8.83,9.16,8.77,67922
2024-01-24,8.97,8.75,8.999,8.71,96717
2024-01-25,7.79,7.44,7.96,7.295,174579
2024-01-26,7.57,7.45,7.6013,7.405,94697
2024-01-29,7.56,7.8439,7.87,7.485,636184
2024-01-30,8.08,7.89,8.12,7.835,407606
2024-01-31,7.63,7.66,7.97,7.62,95635
2024-02-01,7.71,7.74,7.769,7.53,51546
2024-02-02,7.53,7.68,7.7,7.4,97897
2024-02-05,7.5,7.33,7.5,7.0387,112647
2024-02-06,7.14,7.53,7.5718,7.14,74271
2024-02-07,7.69,7.66,7.76,7.4029,115313
2024-02-08,7.72,7.7471,7.8399,7.559,74122
2024-02-09,7.77,7.96,7.9699,7.75,63656
2024-02-12,7.87,7.67,7.9971,7.635,185141
2024-02-13,7.45,7.47,7.58,7.37,112657
2024-02-14,7.52,7.69,7.7,7.46,240690
2024-02-15,7.73,8.3,8.3,7.72,118917
2024-02-16,8.37,8.26,8.4163,8.135,405422
2024-02-20,8.06,7.94,8.13,7.71,217534
2024-02-21,8.0099,7.9845,8.22,7.85,87790
2024-02-22,7.96,8.12,8.155,7.825,188728
2024-02-23,8.09,7.84,8.09,7.835,64118
2024-02-26,7.84,8.22,8.3,7.84,86363
2024-02-27,8.43,8.23,8.5101,8.16,66570
2024-02-28,8.28,8.36,8.4902,8.21,55562
2024-02-29,8.44,8.34,8.4601,8.19,60061
2024-03-01,8.25,8.36,8.45,8.1605,59798
2024-03-04,8.16,7.63,8.17,7.5588,120176
2024-03-05,7.38,7.25,7.43,7.08,136509
2024-03-06,7.23,7.04,7.24,6.9,135041
2024-03-07,6.89,7.14,7.195,6.89,271518
2024-03-08,7.27,6.97,7.33,6.9477,349408
2024-03-11,6.97,7.09,7.311,6.95,158035
2024-03-12,7.09,7.06,7.161,6.82,136103
2024-03-13,6.85,6.67,6.99,6.655,134237
2024-03-14,6.58,6.32,6.74,6.235,134808
2024-03-15,6.31,6.37,6.43,6.24,106085
2024-03-18,6.67,6.89,6.902,6.4973,173861
2024-03-19,6.77,6.75,6.81,6.5784,107976
2024-03-20,6.83,6.96,6.98,6.7236,152023
2024-03-21,6.98,6.81,7.07,6.7689,123053
2024-03-22,6.51,6.7,6.72,6.5,95836
2024-03-25,6.61,6.79,6.905,6.61,128261
2024-03-26,7.09,7.05,7.3624,7.0307,184944
2024-03-27,7.23,7.15,7.23,6.965,115910
2024-03-28,7.03,6.94,7.09,6.9205,93990
2024-04-01,6.96,6.91,6.96,6.67,168074
2024-04-02,6.4,6.48,6.53,6.3598,214264
2024-04-03,6.36,6.57,6.59,6.34,81227
2024-04-04,6.65,6.7,7.0,6.56,169001
2024-04-05,6.59,6.4,6.675,6.19,242191
2024-04-08,6.61,6.79,6.8593,6.54,214788
2024-04-09,6.78,6.98,7.0873,6.755,131960
2024-04-10,6.79,6.72,6.865,6.65,141777
2024-04-11,6.77,6.85,6.92,6.57,942774
2024-04-12,6.74,6.67,6.805,6.6676,989970
2024-04-15,6.64,6.21,6.65,6.21,159452
2024-04-16,5.98,5.99,6.05,5.8542,138517
2024-04-17,6.03,5.91,6.0524,5.845,121692
2024-04-18,5.73,5.66,5.7589,5.6,165617
2024-04-19,5.58,5.51,5.6901,5.485,137525
2024-04-22,5.21,5.28,5.38,5.13,223886
2024-04-23,5.34,5.41,5.515,5.2487,250486
2024-04-24,6.24,6.21,6.48,6.005,403353
2024-04-25,6.03,6.6,6.615,6.03,367017
2024-04-26,6.5,6.5,6.675,6.4189,227432
2024-04-29,7.46,7.7449,7.975,7.3,729096
2024-04-30,7.4,7.22,7.58,7.19,352768
2024-05-01,7.15,7.05,7.32,7.0007,396806
2024-05-02,7.21,7.05,7.24,6.86,329636
2024-05-03,7.15,7.09,7.27,6.9676,262139
2024-05-06,7.24,7.28,7.4013,7.15,202361
2024-05-07,7.15,6.93,7.195,6.92,255915
2024-05-08,6.64,6.77,6.8303,6.575,182705
2024-05-09,6.77,6.65,6.81,6.62,177236
2024-05-10,6.69,6.48,6.69,6.4395,143874
2024-05-13,6.57,6.64,6.795,6.51,160942
2024-05-14,6.74,6.91,7.0,6.74,251536
2024-05-15,7.0,6.74,7.0,6.69,198134
2024-05-16,6.74,6.76,6.8105,6.6191,131852
2024-05-17,6.72,6.89,6.99,6.67,546328
2024-05-20,6.93,6.77,6.93,6.7,118211
2024-05-21,6.79,7.33,7.34,6.78,254266
2024-05-22,7.16,7.01,7.2,6.92,211241
2024-05-23,7.07,6.7,7.07,6.69,260766
2024-05-24,6.74,6.96,7.0,6.71,140831
2024-05-28,6.8,6.85,6.9,6.68,120791
2024-05-29,6.72,6.82,6.8999,6.71,122627
2024-05-30,6.94,6.93,7.12,6.7799,251508
2024-05-31,6.92,6.9,6.9901,6.6999,204064
2024-06-03,6.89,6.82,7.1101,6.7299,157619
2024-06-04,6.75,6.74,6.8815,6.7101,143461
2024-06-05,6.77,6.74,6.8001,6.61,123462
2024-06-06,6.73,6.88,6.9699,6.645,248330
2024-06-07,6.81,6.86,6.9488,6.775,126601
2024-06-10,6.8,6.68,6.9013,6.6587,181573
2024-06-11,6.68,6.53,6.72,6.37,712007
2024-06-12,6.53,6.85,7.0,6.515,248971
2024-06-13,7.36,7.1,7.5,7.04,459125
2024-06-14,7.22,6.87,7.25,6.83,233169
2024-06-17,6.88,7.33,7.3907,6.86,473696
2024-06-18,7.32,7.2,7.32,7.0801,243671
2024-06-20,7.2,7.03,7.2,6.959,361324
2024-06-21,7.05,7.11,7.1406,7.0099,284327
2024-06-24,7.16,7.09,7.355,7.09,345416
2024-06-25,7.13,7.32,7.34,7.06,929752
2024-06-26,7.26,7.76,7.8101,7.26,1003507
2024-06-27,7.67,7.8,7.8601,7.6499,245884
2024-06-28,7.91,7.82,8.076,7.69,226647
2024-07-01,7.98,8.41,8.5711,7.98,937726
2024-07-02,8.87,9.48,9.49,8.83,1282882
2024-07-03,9.66,10.26,10.3512,9.64,2018139
2024-07-05,10.44,10.51,10.55,10.05,1086370
2024-07-08,10.3,10.59,10.93,10.18,888704
2024-07-09,10.48,11.09,11.25,10.47,635884
2024-07-10,11.09,11.14,11.36,10.86,635462
2024-07-11,11.17,9.97,11.53,9.9,2112194
2024-07-12,9.68,10.33,10.51,9.56,894373
2024-07-15,10.74,10.58,11.22,10.53,1685466
2024-07-16,10.71,10.77,10.87,10.21,539818
2024-07-17,10.55,10.34,10.85,10.23,481910
2024-07-18,10.46,10.37,10.77,10.28,761703
2024-07-19,10.28,9.84,10.36,9.75,438236
2024-07-22,10.1,10.49,10.5501,10.09,393690
2024-07-23,10.61,10.22,10.71,10.2,443496
2024-07-24,9.12,8.65,9.16,8.58,1157010
2024-07-25,8.66,8.86,9.14,8.66,559812
2024-07-26,8.91,8.84,8.95,8.61,377054
2024-07-29,9.09,9.45,9.55,9.08,436962
2024-07-30,9.47,8.97,9.47,8.8401,466790
2024-07-31,9.24,9.44,9.56,9.18,284607
2024-08-01,9.22,8.67,9.41,8.55,382588
2024-08-02,8.55,8.21,8.62,8.1189,1154105
2024-08-05,7.09,7.76,8.0,6.95,862866
2024-08-06,7.89,7.84,7.9612,7.48,345476
2024-08-07,7.88,7.42,7.99,7.42,526788
2024-08-08,7.61,7.78,7.855,7.4487,432719
2024-08-09,7.68,7.83,7.855,7.59,294396
2024-08-12,7.81,7.7,7.81,7.57,441724
2024-08-13,7.71,8.2,8.2399,7.6839,373687
2024-08-14,8.21,7.89,8.22,7.76,408816
2024-08-15,8.07,8.51,8.59,8.07,528070
2024-08-16,8.36,8.61,8.7713,8.35,422411
2024-08-19,8.64,8.93,8.935,8.51,357733
2024-08-20,9.02,8.84,9.18,8.7799,357826
2024-08-21,8.93,8.97,9.0117,8.74,394287
2024-08-22,9.0,8.32,9.03,8.31,402280
2024-08-23,8.52,8.8,8.85,8.51,455869
2024-08-26,8.7,8.44,8.71,8.335,453792
2024-08-27,8.45,8.25,8.55,8.145,657485
2024-08-28,8.28,8.07,8.37,7.93,722205
2024-08-29,8.28,8.11,8.515,8.09,479980
2024-08-30,8.23,8.47,8.495,8.14,511452
2024-09-03,8.52,8.31,8.76,8.275,715029
2024-09-04,8.3,8.75,8.87,8.3,539974
2024-09-05,8.94,9.27,9.51,8.9,539580
2024-09-06,9.41,8.29,9.44,8.28,529554
2024-09-09,8.57,8.57,8.735,8.44,365846
2024-09-10,8.76,9.05,9.07,8.695,487384
2024-09-11,8.96,9.15,9.17,8.595,555017
2024-09-12,9.0,9.24,9.2901,8.95,489424
2024-09-13,9.15,9.25,9.375,9.07,351061
2024-09-16,9.22,9.09,9.235,8.92,114478
2024-09-17,9.22,9.14,9.47,9.0799,196729
2024-09-18,9.3,9.11,9.52,9.1,291657
2024-09-19,9.43,9.94,9.95,9.36,347395
2024-09-20,9.82,9.64,9.93,9.54,177901
2024-09-23,9.87,10.24,10.24,9.84,358919
2024-09-24,10.45,10.48,10.6,10.21,431368
2024-09-25,10.37,10.61,10.61,10.37,144200
2024-09-26,10.8,10.46,10.838787,10.32,224930
2024-09-27,10.59,10.78,10.78,10.46,153176
2024-09-30,10.7,10.84,10.98,10.54,173778
2024-10-01,10.89,10.63,10.94,10.17,255342
2024-10-02,10.12,10.19,10.28,9.81,268636
2024-10-03,9.98,9.77,10.21,9.62,207056
2024-10-04,10.04,10.21,10.26,9.95,134647
2024-10-07,10.19,9.77,10.19,9.755,129464
2024-10-08,9.9,9.95,10.0,9.75,149582
2024-10-09,9.89,9.75,10.08,9.71,148254
2024-10-10,9.81,9.66,9.84,9.33,343079
2024-10-11,8.68,8.59,8.855,8.425,559928
2024-10-14,8.71,8.66,8.78,8.39,237617
2024-10-15,8.71,8.68,8.89,8.555,254936
2024-10-16,8.78,8.77,8.83,8.65,170974
2024-10-17,8.8,8.74,8.8,8.6,175569
2024-10-18,8.71,8.73,8.795,8.66,167036
2024-10-21,8.66,8.64,8.69,8.49,160240
2024-10-22,8.52,8.6,8.61,8.455,178463
2024-10-23,8.55,8.42,8.62,8.3035,256419
2024-10-24,9.91,10.69,10.745,9.79,809756
2024-10-25,10.41,11.11,11.14,10.4,727887
2024-10-28,11.13,10.78,11.33,10.76,455569
2024-10-29,10.8,10.63,10.87,10.42,209386
2024-10-30,10.57,10.52,10.805,10.455,321096
2024-10-31,10.56,10.12,10.63,10.0999,287093
2024-11-01,10.2,10.08,10.31,9.94,376433
2024-11-04,9.84,9.77,10.065,9.57,755562
2024-11-05,9.97,10.2,10.38,9.94,386068
2024-11-06,11.89,12.07,12.14,11.43,1205552
2024-11-07,12.08,12.51,12.655,11.92,618847
2024-11-08,12.63,13.79,14.1579,12.55,1212799
2024-11-11,15.1,15.34,15.7731,14.5801,721719
2024-11-12,14.94,14.15,15.0603,13.88,948300
2024-11-13,14.63,14.27,14.99,13.835,642939
2024-11-14,14.09,13.23,14.22,13.18,519639
2024-11-15,13.16,13.74,13.91,13.15,724455
2024-11-18,14.77,14.69,15.2,14.215,847113
2024-11-19,14.47,15.06,15.13,14.38,335177
2024-11-20,15.06,14.84,15.06,14.45,261595
2024-11-21,14.93,14.71,15.15,14.5,266249
2024-11-22,14.82,15.41,15.6301,14.63,477847
2024-11-25,15.85,14.67,15.89,14.65,616582
2024-11-26,14.78,14.61,15.11,14.5,345626
2024-11-27,14.84,14.34,14.84,14.01,242674
2024-11-29,14.55,15.01,15.01,14.51,129399
2024-12-02,15.38,15.66,15.795,15.33,977239
2024-12-03,15.37,15.32,15.54,15.165,134823
2024-12-04,15.44,15.68,15.7,15.18,157133
2024-12-05,15.77,16.3,16.63,15.77,303606
2024-12-06,16.72,17.4,17.4,16.4,263668
2024-12-09,17.89,17.45,18.27,16.79,377859
2024-12-10,17.63,18.04,18.54,17.5,384579
2024-12-11,18.53,19.38,19.39,18.16,274245
2024-12-12,19.41,19.01,19.64,18.865,272725
2024-12-13,19.14,20.05,20.05,18.89,290908
2024-12-16,20.33,21.58,21.58,20.05,354771
2024-12-17,22.3,22.56,22.7425,21.26,662710
2024-12-18,21.72,20.14,23.03,19.47,637199
2024-12-19,20.91,20.02,21.1,19.07,770588
2024-12-20,19.32,19.1,20.58,18.97,956232
2024-12-23,19.72,19.69,19.83,18.88,207387
2024-12-24,19.98,21.47,21.47,19.91,189967
2024-12-26,21.6,20.99,21.6,20.8193,251575
2024-12-27,20.64,19.67,20.68,19.38,342672
2024-12-30,18.96,18.87,19.398,18.795,147543
2024-12-31,19.23,18.07,19.4,18.07,173061
2025-01-02,17.34,16.69,17.44,16.4,374273
2025-01-03,16.86,18.41,18.49,16.74,395587
2025-01-06,19.1,18.45,19.2364,17.98,308969
2025-01-07,18.16,17.52,18.639,17.2824,149484
2025-01-08,17.42,17.53,17.92,17.15,181987
2025-01-10,17.34,17.52,17.7403,16.97,239895
2025-01-13,16.87,18.0,18.0,16.73,223525
2025-01-14,18.65,17.64,19.0423,17.58,164978
2025-01-15,18.4,19.38,19.465,18.1702,159583
2025-01-16,19.08,18.58,19.08,18.3468,106544
2025-01-17,19.01,19.27,20.0,19.0,311725
2025-01-21,19.61,19.17,19.62,18.18,215715
2025-01-22,18.71,18.65,19.35,18.61,104134
2025-01-23,18.65,18.46,18.93,18.3,164567
2025-01-24,18.62,18.16,18.78,18.12,222302
2025-01-27,17.5,17.64,18.12,17.18,405027
2025-01-28,17.56,17.67,17.802,17.06,95996
2025-01-29,17.49,17.15,17.59,16.97,380784
2025-01-30,18.38,17.77,18.44,16.94,341585
2025-01-31,17.81,18.0,18.8599,17.81,270314
2025-02-03,17.0,16.87,17.15,16.3599,272660
2025-02-04,16.83,17.34,17.415,16.7701,209905
2025-02-05,17.03,16.55,17.04,16.42,219412
2025-02-06,16.29,16.32,16.32,15.7499,245837
2025-02-07,16.09,15.64,16.66,15.58,215917
2025-02-10,15.36,15.05,15.6801,15.03,178330
2025-02-11,14.72,13.87,14.97,13.68,577221
2025-02-12,13.95,14.28,14.7799,13.9,347767
2025-02-13,14.77,15.31,15.4183,14.63,263759
2025-02-14,15.59,15.29,15.59,14.855,387779
2025-02-18,15.27,15.18,15.4496,14.98,375076
2025-02-19,15.2408,15.55,15.9,15.2408,247712
2025-02-20,15.6,15.21,15.6,14.86,305931
2025-02-21,15.17,14.29,15.19,14.1202,166858
2025-02-24,14.33,13.9,14.54,13.62,303846
2025-02-25,13.65,12.46,13.65,12.1967,273840
2025-02-26,12.52,11.83,12.76,11.71,278644
2025-02-27,11.85,11.38,12.12,11.36,451771
2025-02-28,11.27,11.96,11.97,10.98,511083
2025-03-03,12.31,11.53,12.5,11.18,717122
2025-03-04,10.83,10.89,11.49,10.385,595883
2025-03-05,10.91,11.23,11.25,10.691,299131
2025-03-06,10.83,10.46,10.9,10.272,228543
2025-03-07,10.3,10.4,10.55,9.815,322979
2025-03-10,9.91,8.39,9.935,8.31,1348874
2025-03-11,8.55,8.8,9.0899,8.22,785573
2025-03-12,9.56,9.64,9.79,9.3,1105496
2025-03-13,9.64,9.28,9.64,8.93,1066606
2025-03-14,9.59,9.7,9.78,9.27,466139
2025-03-17,9.49,9.12,9.49,8.88,1083081
2025-03-18,8.65,8.53,8.73,8.38,1144596
2025-03-19,8.82,9.02,9.27,8.71,786620
2025-03-20,8.89,9.04,9.11,8.74,774716
2025-03-21,9.07,9.64,9.66,9.06,796392
2025-03-24,10.09,11.07,11.08,10.01,753337
2025-03-25,11.3,11.54,11.54,10.71,1151765
2025-03-26,11.3,10.74,11.34,10.47,849452
2025-03-27,10.73,10.8,11.6937,10.73,1116728
2025-03-28,10.89,10.31,10.92,10.17,575836
2025-03-31,9.58,10.1,10.16,9.34,695989
2025-04-01,10.3,10.55,10.975,10.14,747351
2025-04-02,9.89,11.25,11.35,9.71,2085865
2025-04-03,10.39,10.49,10.928,10.2099,643724
2025-04-04,9.89,9.17,10.145,8.97,1158592
2025-04-07,8.38,8.8,9.7,7.93,4300542
2025-04-08,9.38,8.28,9.61,8.09,1103244
2025-04-09,8.42,10.64,10.71,8.3905,1540638
2025-04-10,10.06,9.66,10.1,9.0397,819503
2025-04-11,9.63,9.64,9.9,9.15,643347
