2018-10-31,13.0,14.0,14.25,12.38,1351877
2018-11-01,14.9,14.1,14.9,13.52,107650
2018-11-02,14.0,14.0,14.14,13.76,432098
2018-11-05,14.0,14.3,14.99,13.9001,130341
2018-11-06,14.16,15.83,16.1099,14.16,146539
2018-11-07,16.17,16.03,16.58,15.2501,194620
2018-11-08,16.46,19.0,19.59,16.15,198115
2018-11-09,19.55,25.0,25.8999,19.2001,376368
2018-11-12,26.0,22.52,26.05,19.4119,315423
2018-11-13,22.48,24.38,24.775,21.13,149143
2018-11-14,24.68,24.59,25.8,23.83,130382
2018-11-15,24.57,25.71,25.9,22.76,163875
2018-11-16,25.54,28.1,29.2088,24.6422,204446
2018-11-19,28.0,26.66,28.0,23.65,314264
2018-11-20,26.62,24.05,26.88,22.28,235599
2018-11-21,24.31,25.45,26.5,23.4301,100444
2018-11-23,25.33,25.99,26.47,25.0164,62957
2018-11-26,26.0,25.52,28.6045,25.21,166447
2018-11-27,25.32,23.15,26.2,22.9125,115440
2018-11-28,23.15,23.38,25.8386,21.8473,126533
2018-11-29,23.2,25.5,25.77,22.2,78797
2018-11-30,25.29,26.46,27.17,24.3011,150130
2018-12-03,27.11,27.53,32.16,26.5,360244
2018-12-04,27.85,29.85,33.7217,27.2301,433918
2018-12-06,29.76,31.08,34.4602,28.83,354627
2018-12-07,31.1,28.55,33.41,27.0201,213879
2018-12-10,28.6,24.0,30.1136,22.99,386189
2018-12-11,24.49,23.0,25.4794,22.4001,224949
2018-12-12,23.18,21.95,23.9,21.42,269439
2018-12-13,22.06,22.04,23.26,20.78,202293
2018-12-14,21.93,20.64,21.93,20.4859,79407
2018-12-17,20.63,20.13,20.63,18.02,220044
2018-12-18,20.22,19.11,21.837,18.77,132578
2018-12-19,19.3,19.54,20.26,18.15,214440
2018-12-20,18.67,17.35,19.4493,15.5,331857
2018-12-21,17.88,16.3,18.0,13.99,815890
2018-12-24,16.25,17.32,17.33,14.5576,66531
2018-12-26,17.44,20.44,20.56,17.11,111744
2018-12-27,20.24,20.96,21.05,19.01,91402
2018-12-28,20.86,22.03,22.6613,20.85,88722
2018-12-31,22.24,23.09,23.24,21.61,98081
2019-01-02,22.73,24.46,24.53,21.5,135549
2019-01-03,24.25,22.91,24.38,22.2816,139388
2019-01-04,23.06,25.86,25.95,22.06,151105
2019-01-07,25.96,27.1,28.85,25.44,219565
2019-01-08,27.26,27.09,27.99,26.5835,120118
2019-01-09,27.13,27.21,27.49,25.3509,57811
2019-01-10,27.05,25.39,27.05,25.0,110353
2019-01-11,25.24,24.09,25.24,23.22,87256
2019-01-14,24.0,23.22,24.0,22.83,55613
2019-01-15,23.26,22.51,23.26,21.43,145251
2019-01-16,22.72,23.55,23.93,22.37,109299
2019-01-17,23.42,23.07,23.65,22.5038,87930
2019-01-18,23.05,22.66,23.2234,20.74,81081
2019-01-22,22.64,21.83,22.9177,21.82,38055
2019-01-23,21.87,21.66,23.07,21.25,34391
2019-01-24,21.62,22.64,22.915,21.3905,47858
2019-01-25,22.9,23.17,24.88,22.541,77476
2019-01-28,23.12,23.32,23.37,22.58,37390
2019-01-29,23.33,23.06,23.5,21.5,82276
2019-01-30,23.05,23.29,23.98,22.26,35220
2019-01-31,23.23,23.13,24.99,22.8,98695
2019-02-01,23.13,23.05,23.745,22.57,31565
2019-02-04,23.06,23.19,23.66,23.04,23356
2019-02-05,23.15,22.59,23.3,22.5,37585
2019-02-06,22.6,22.61,23.95,22.0,132768
2019-02-07,22.32,21.53,23.17,20.45,89988
2019-02-08,20.67,20.52,22.35,19.69,114586
2019-02-11,20.48,20.67,21.48,20.11,57197
2019-02-12,20.83,19.95,21.5,19.75,124977
2019-02-13,20.04,21.63,21.97,19.6443,72780
2019-02-14,21.52,22.41,22.6773,21.345,36218
2019-02-15,22.56,22.94,23.54,22.43,67738
2019-02-19,22.8,22.15,23.08,21.79,25354
2019-02-20,22.13,22.49,22.87,21.98,48587
2019-02-21,22.44,22.0,22.44,21.6912,61317
2019-02-22,22.06,21.38,22.36,21.12,43368
2019-02-25,21.57,21.71,22.29,21.5585,55826
2019-02-26,21.72,21.84,22.24,21.72,94023
2019-02-27,21.83,21.96,22.395,21.55,63601
2019-02-28,22.0,21.77,22.065,21.5901,46160
2019-03-01,22.1,21.99,22.1,21.5,67723
2019-03-04,22.28,21.81,22.28,20.65,105779
2019-03-05,21.81,21.85,22.2,21.48,65702
2019-03-06,21.26,21.03,22.0,20.6725,43364
2019-03-07,21.1,21.45,21.96,20.6248,24756
2019-03-08,21.29,21.06,21.62,21.0,17769
2019-03-11,21.18,21.74,21.96,21.0601,14702
2019-03-12,21.83,21.51,22.13,21.22,25641
2019-03-13,21.65,21.06,21.96,21.02,18911
2019-03-14,20.75,21.44,21.8,20.75,22741
2019-03-15,21.45,21.88,22.17,21.24,62023
2019-03-18,21.9,21.87,22.19,21.77,47601
2019-03-19,21.86,21.87,22.206,21.68,52598
2019-03-20,22.03,23.28,24.6521,21.76,64731
2019-03-21,23.22,23.41,24.14,21.86,63665
2019-03-22,23.0,22.03,23.19,21.5,40923
2019-03-25,22.0,22.0,22.24,21.055,52234
2019-03-26,22.6,21.92,23.1815,21.1044,78918
2019-03-27,21.91,21.8,22.18,21.165,41318
2019-03-28,22.23,22.45,22.8772,21.5,25308
2019-03-29,22.77,23.18,23.3999,22.2001,72849
2019-04-01,23.48,24.2,24.54,22.66,49338
2019-04-02,24.45,25.63,27.3951,24.385,224780
2019-04-03,25.9,26.12,26.45,24.726,64291
2019-04-04,26.0,24.76,26.0,23.83,80363
2019-04-05,24.66,25.0,25.43,23.975,30327
2019-04-08,25.21,25.74,26.59,24.37,97244
2019-04-09,25.73,27.41,27.71,24.9,187277
2019-04-10,27.78,28.18,28.77,26.25,143560
2019-04-11,27.6647,27.98,28.2,26.46,63302
2019-04-12,28.2,27.96,28.49,27.05,71015
2019-04-15,28.0,28.6,29.0,27.335,160040
2019-04-16,28.77,28.15,28.77,27.31,95984
2019-04-17,28.1,28.43,29.1,27.51,152091
2019-04-18,28.35,29.85,30.1077,27.79,123292
2019-04-22,30.24,30.34,32.0,29.4625,98339
2019-04-23,30.71,32.86,33.05,30.36,174332
2019-04-24,32.87,33.2,33.53,32.09,119587
2019-04-25,33.3,33.09,34.1,32.705,100136
2019-04-26,33.07,30.91,34.3313,30.55,185264
2019-04-29,30.12,27.74,30.92,27.26,359454
2019-04-30,27.93,23.66,28.51,23.57,455606
2019-05-01,25.4,25.0,25.88,23.54,373733
2019-05-02,24.5,24.24,25.84,23.95,251187
2019-05-03,24.23,25.04,25.6,24.23,364585
2019-05-06,24.45,24.35,24.935,24.05,153436
2019-05-07,23.5,21.74,23.54,21.26,299460
2019-05-08,21.51,21.81,23.11,21.1,432892
2019-05-09,21.0,22.82,23.76,20.3,1731794
2019-05-10,22.5,22.07,22.97,21.324,301735
2019-05-13,21.37,23.83,24.0,21.37,557437
2019-05-14,23.83,23.05,24.27,22.5,416384
2019-05-15,22.77,24.39,24.6881,22.77,389903
2019-05-16,24.74,24.34,25.285,24.06,500903
2019-05-17,24.06,25.61,26.47,23.95,1127011
2019-05-20,25.23,25.29,25.88,24.33,327882
2019-05-21,25.36,26.05,26.61,25.3,577687
2019-05-22,26.0,26.19,26.57,25.565,120514
2019-05-23,26.22,25.82,26.4023,25.15,136327
2019-05-24,26.05,25.99,26.265,25.69,118042
2019-05-28,26.0,25.34,26.24,24.6275,255352
2019-05-29,25.03,25.8,25.95,24.66,149878
2019-05-30,25.89,26.66,26.77,25.54,188325
2019-05-31,26.89,25.81,26.89,25.69,318565
2019-06-03,26.12,25.81,26.52,24.71,241112
2019-06-04,26.42,24.92,26.42,24.2887,353278
2019-06-05,25.05,23.87,25.39,23.07,272825
2019-06-06,23.88,25.62,25.88,23.57,191664
2019-06-07,25.84,26.0,26.23,25.465,248668
2019-06-10,26.02,25.73,26.05,25.25,173953
2019-06-11,25.7,24.71,25.7,23.59,245562
2019-06-12,24.64,23.54,24.915,23.19,255597
2019-06-13,23.82,23.44,24.01,23.24,184015
2019-06-14,23.55,24.75,24.92,23.32,236842
2019-06-17,24.96,25.45,26.35,24.8367,318000
2019-06-18,25.75,27.46,27.7925,25.3001,332906
2019-06-19,27.18,29.26,29.67,27.08,485449
2019-06-20,29.94,29.97,30.28,28.9505,259262
2019-06-21,29.61,30.08,30.5,29.0,812437
2019-06-24,30.0,29.45,30.0,29.055,526487
2019-06-25,29.3,29.4,29.78,29.0312,227987
2019-06-26,29.64,28.85,29.925,27.085,279042
2019-06-27,28.85,28.14,29.58,28.08,182572
2019-06-28,28.26,29.01,29.41,28.2042,2638697
2019-07-01,29.31,29.61,30.43,29.31,339733
2019-07-02,29.64,29.19,30.2,28.95,463569
2019-07-03,29.52,29.22,29.57,28.78,250553
2019-07-05,29.12,28.41,29.12,28.09,136318
2019-07-08,28.32,27.16,28.4,27.15,376942
2019-07-09,27.16,27.85,27.9,27.01,284379
2019-07-10,28.05,27.59,28.49,27.02,167042
2019-07-11,27.5,27.78,28.25,27.02,337149
2019-07-12,27.96,28.57,29.11,27.74,195858
2019-07-15,28.6,29.03,29.32,28.5,260132
2019-07-16,29.25,29.67,30.09,28.7,225626
2019-07-17,29.5,30.13,30.25,29.5,315737
2019-07-18,30.0,30.06,30.27,29.74,221409
2019-07-19,29.9,30.26,30.37,29.9,138446
2019-07-22,30.0,31.78,32.208,29.81,560078
2019-07-23,32.0,30.41,32.0,29.91,379810
2019-07-24,30.45,31.99,32.015,30.07,221837
2019-07-25,32.0,31.99,32.18,31.71,407372
2019-07-26,32.14,32.6,32.74,31.77,397535
2019-07-29,32.49,33.98,34.38,32.4634,287328
2019-07-30,33.8,33.99,34.2,33.24,194002
2019-07-31,34.26,33.72,35.9505,33.12,619343
2019-08-01,33.5,32.44,33.5,30.7739,662858
2019-08-02,31.92,29.95,33.41,28.86,449306
2019-08-05,29.41,28.7,30.27,27.35,344303
2019-08-06,29.19,29.75,30.27,27.99,326651
2019-08-07,29.4,27.58,29.4,26.91,212149
2019-08-08,27.85,29.58,29.89,27.04,206210
2019-08-09,29.67,29.21,30.15,28.92,173078
2019-08-12,29.2,28.03,29.85,27.87,130890
2019-08-13,27.91,29.24,29.48,27.7785,164155
2019-08-14,28.62,29.06,29.45,27.8601,178803
2019-08-15,29.04,28.81,29.62,28.3,129801
2019-08-16,28.99,29.65,29.84,28.7,120908
2019-08-19,29.97,30.34,30.97,29.93,89958
2019-08-20,30.03,30.72,31.1,29.702,145438
2019-08-21,30.72,30.69,31.97,30.61,216536
2019-08-22,30.38,28.79,30.79,28.47,256721
2019-08-23,28.59,28.07,29.23,27.93,155525
2019-08-26,28.31,28.2,28.55,27.29,119488
2019-08-27,28.34,28.32,28.75,27.135,189791
2019-08-28,28.35,29.86,30.245,28.34,172147
2019-08-29,30.11,29.07,30.12,28.84,173172
2019-08-30,29.21,29.03,29.42,28.54,173228
2019-09-03,28.63,27.68,30.14,27.38,328336
2019-09-04,27.97,27.37,27.97,26.66,198388
2019-09-05,27.53,27.88,28.905,27.05,188911
2019-09-06,27.89,28.57,29.36,27.34,197853
2019-09-09,28.57,27.12,29.0,26.82,286776
2019-09-10,27.0,27.69,27.96,25.69,277156
2019-09-11,27.78,28.97,29.54,27.78,265075
2019-09-12,28.75,28.9,29.394,28.2,323068
2019-09-13,29.06,29.88,30.0,28.8,386786
2019-09-16,29.74,30.27,30.375,29.62,285270
2019-09-17,30.17,30.01,30.57,28.965,240839
2019-09-18,30.07,29.81,30.56,28.85,233625
2019-09-19,29.93,27.78,30.14,27.75,219244
2019-09-20,27.72,28.0,28.76,27.2127,646603
2019-09-23,27.87,27.09,28.06,26.85,121987
2019-09-24,27.05,25.95,27.3,25.63,252249
2019-09-25,25.92,25.54,26.22,25.41,185672
2019-09-26,25.48,24.35,25.48,24.26,241150
2019-09-27,24.27,23.72,24.5,23.59,224223
2019-09-30,23.85,23.88,24.01,23.08,282163
2019-10-01,24.01,22.59,24.36,22.255,243987
2019-10-02,22.47,23.15,23.51,21.44,231112
2019-10-03,23.54,23.95,24.21,22.54,184454
2019-10-04,23.98,22.51,24.3,22.05,386071
2019-10-07,22.37,22.4,22.705,22.0,203141
2019-10-08,22.05,22.16,22.5,21.25,235166
2019-10-09,22.5,22.28,22.8,21.6,243791
2019-10-10,22.2,22.32,22.7,21.9,141980
2019-10-11,22.82,22.66,23.0,22.32,298822
2019-10-14,22.47,22.9,23.38,21.51,225551
2019-10-15,22.82,23.44,23.77,22.2619,210559
2019-10-16,23.44,24.4,24.62,23.16,413718
2019-10-17,24.53,24.75,25.745,24.43,300637
2019-10-18,24.49,23.64,24.8296,22.91,171352
2019-10-21,23.69,24.14,24.5,23.17,188672
2019-10-22,24.32,23.71,24.38,23.27,241013
2019-10-23,23.68,22.73,23.76,22.67,195477
2019-10-24,22.99,23.33,23.475,22.2,178501
2019-10-25,23.29,24.21,24.26,22.59,191835
2019-10-28,24.27,25.03,25.44,24.16,174594
2019-10-29,25.05,24.53,25.8,24.35,160698
2019-10-30,24.52,24.46,25.0,23.79,126812
2019-10-31,24.46,23.82,25.0347,23.65,263319
2019-11-01,24.06,25.33,25.46,23.81,223174
2019-11-04,25.58,24.58,25.72,24.53,139373
2019-11-05,24.72,22.98,24.7323,22.75,129724
2019-11-06,22.98,21.69,23.093,21.57,215152
2019-11-07,21.76,21.51,23.13,21.28,254980
2019-11-08,21.6,22.36,22.36,20.75,206828
2019-11-11,22.27,21.77,22.49,21.61,132972
2019-11-12,21.81,22.17,22.65,21.73,144047
2019-11-13,22.11,21.69,22.46,21.21,101705
2019-11-14,21.63,21.28,21.74,20.94,135463
2019-11-15,21.49,21.86,21.93,21.1,123091
2019-11-18,21.76,21.01,21.76,20.4535,184080
2019-11-19,21.2,21.69,21.89,20.76,197049
2019-11-20,21.69,22.85,23.45,21.69,304696
2019-11-21,22.64,22.7,22.83,21.7781,188038
2019-11-22,22.87,22.98,23.55,22.21,142644
2019-11-25,23.16,23.29,23.32,22.66,180617
2019-11-26,23.22,23.21,24.09,22.58,202736
2019-11-27,23.3,23.41,23.78,23.03,188511
2019-11-29,23.39,23.83,23.9,23.18,55017
2019-12-02,23.81,23.0,23.88,22.35,190791
2019-12-03,22.62,22.74,23.235,22.55,208590
2019-12-04,22.84,23.49,23.81,22.56,172439
2019-12-05,23.57,23.34,23.59,22.73,162561
2019-12-06,23.25,24.74,24.87,23.16,190779
2019-12-09,24.8,24.52,25.233,23.71,211946
2019-12-10,24.26,25.02,25.23,24.08,195095
2019-12-11,25.5,26.0,26.52,25.2821,326015
2019-12-12,24.03,26.18,27.0,24.03,685651
2019-12-13,26.37,26.48,28.23,25.89,414746
2019-12-16,26.91,26.48,27.22,26.26,301585
2019-12-17,26.38,25.97,26.38,24.8,554486
2019-12-18,24.95,25.65,25.83,24.17,827627
2019-12-19,24.98,23.89,25.43,23.81,681291
2019-12-20,23.96,23.75,24.39,22.925,960406
2019-12-23,24.0,23.95,24.235,22.54,231998
2019-12-24,23.88,24.15,24.27,23.21,96580
2019-12-26,24.23,22.9,24.23,22.72,186465
2019-12-27,23.05,22.04,23.05,21.81,227142
2019-12-30,22.08,21.07,22.1,20.925,536476
2019-12-31,21.01,21.0,21.33,20.76,752272
2020-01-02,21.22,20.85,21.22,20.19,290458
2020-01-03,20.58,20.89,21.06,20.05,269404
2020-01-06,20.69,22.34,22.44,20.17,340992
2020-01-07,22.47,21.46,22.47,21.3,297553
2020-01-08,21.52,21.23,21.93,21.14,296040
2020-01-09,21.41,21.23,21.62,21.01,295710
2020-01-10,21.32,21.14,22.21,21.05,557118
2020-01-13,21.18,21.15,21.33,20.16,231025
2020-01-14,21.1,21.48,21.98,20.8102,177277
2020-01-15,21.48,23.5,24.53,21.48,1785348
2020-01-16,23.0,23.0,23.74,21.94,811352
2020-01-17,22.8,22.74,23.895,22.6488,195268
2020-01-21,23.34,22.13,23.77,22.0,225238
2020-01-22,22.09,22.91,23.61,21.77,477005
2020-01-23,22.71,21.8,22.71,21.57,448104
2020-01-24,21.84,21.65,22.28,20.82,262051
2020-01-27,21.54,23.0,23.0,21.01,397998
2020-01-28,23.21,23.87,24.18,22.69,336517
2020-01-29,24.0,24.41,24.65,23.73,288501
2020-01-30,24.07,24.05,24.34,23.61,238005
2020-01-31,23.89,24.84,25.04,23.62,352278
2020-02-03,24.8,25.58,25.65,24.8,730538
2020-02-04,25.89,26.2,26.84,25.64,573156
2020-02-05,26.31,26.75,26.97,25.29,400989
2020-02-06,26.83,31.11,31.32,26.425,1457317
2020-02-07,30.01,32.46,33.43,30.0,1731936
2020-02-10,32.05,32.59,33.5,31.5,521792
2020-02-11,32.02,30.5,32.3,30.32,599574
2020-02-12,30.06,30.94,31.88,30.0,548157
2020-02-13,31.08,30.23,31.35,29.81,339945
2020-02-14,30.22,30.2,30.4,29.48,473900
2020-02-18,29.95,30.56,31.36,29.91,324802
2020-02-19,29.13,28.44,29.94,27.695,1046444
2020-02-20,30.14,33.13,33.79,29.79,3642082
2020-02-21,32.94,33.05,34.25,32.04,697103
2020-02-24,32.66,33.03,35.65,31.01,1063311
2020-02-25,33.23,31.7,34.03,31.5,711390
2020-02-26,31.88,30.72,32.87,30.1,558965
2020-02-27,30.14,30.28,32.55,29.13,514830
2020-02-28,29.31,30.62,31.07,29.31,809148
2020-03-02,31.04,32.16,32.84,30.7287,506795
2020-03-03,31.99,32.58,32.8999,31.6535,538534
2020-03-04,33.16,33.16,34.27,32.35,546248
2020-03-05,32.67,33.73,34.82,32.6356,494207
2020-03-06,33.05,35.15,35.91,33.05,734806
2020-03-09,33.0,33.46,34.4,30.34,731763
2020-03-10,34.3,30.71,34.8759,29.38,635882
2020-03-11,30.32,28.2,31.81,27.65,817670
2020-03-12,28.0,24.06,28.0,23.01,919331
2020-03-13,25.0,25.6,26.22,23.12,660132
2020-03-16,22.0,19.75,24.22,19.75,738737
2020-03-17,20.15,22.38,23.05,18.52,887422
2020-03-18,21.57,19.71,22.363,19.5,824493
2020-03-19,19.68,22.67,22.8,19.68,750119
2020-03-20,23.03,23.97,24.5,21.995,1064960
2020-03-23,24.36,24.16,24.635,21.53,441469
2020-03-24,24.95,26.74,26.74,24.95,389281
2020-03-25,26.76,27.75,27.99,25.94,433538
2020-03-26,28.95,30.25,30.96,28.83,380420
2020-03-27,29.73,30.0,31.0,29.4,331213
2020-03-30,30.95,32.2,34.02,30.04,763478
2020-03-31,32.08,30.58,33.06,29.37,361244
2020-04-01,29.54,28.09,30.85,27.94,601621
2020-04-02,27.84,29.76,29.78,26.47,487502
2020-04-03,30.23,30.04,30.69,28.64,419895
2020-04-06,31.2,29.73,31.37,28.245,416985
2020-04-07,30.08,26.4,30.8949,26.12,408441
2020-04-08,26.6,27.43,27.54,26.1,486331
2020-04-09,26.86,26.9,28.45,26.26,320873
2020-04-13,26.88,26.51,27.445,25.72,367597
2020-04-14,27.25,27.34,28.57,26.45,444686
2020-04-15,26.93,27.8,28.47,26.0,297996
2020-04-16,27.93,29.84,30.775,27.93,352299
2020-04-17,30.62,30.91,31.3,29.7785,306824
2020-04-20,30.39,32.1,34.68,30.36,500232
2020-04-21,32.57,31.6,32.89,30.31,399447
2020-04-22,32.5,32.96,33.83,31.93,309337
2020-04-23,33.08,31.71,33.54,31.52,308023
2020-04-24,31.77,32.27,32.55,31.02,319510
2020-04-27,32.73,33.16,33.47,31.89,396255
2020-04-28,33.64,32.47,35.0,32.13,476960
2020-04-29,33.1,33.0,34.88,32.43,409910
2020-04-30,32.89,32.71,34.91,32.1,468195
2020-05-01,32.13,31.24,33.32,29.56,413293
2020-05-04,31.22,32.93,32.94,31.01,277819
2020-05-05,33.25,33.74,34.9,33.04,329309
2020-05-06,34.42,37.22,40.0,34.1657,788651
2020-05-07,38.43,36.67,39.33,36.31,584478
2020-05-08,36.48,39.13,40.39,35.48,532627
2020-05-11,38.93,39.21,40.075,38.19,600574
2020-05-12,39.0,38.94,40.15,38.3544,591578
2020-05-13,38.84,38.12,40.02,35.65,419703
2020-05-14,37.63,38.4,38.97,36.56,270453
2020-05-15,38.27,40.04,40.26,37.5815,560325
2020-05-18,40.9,41.46,42.0,39.5,559684
2020-05-19,41.05,40.2,42.17,40.13,385480
2020-05-20,41.07,39.76,41.07,38.91,298687
2020-05-21,39.71,39.39,40.15,37.36,354830
2020-05-22,39.37,39.45,39.7768,38.3,222051
2020-05-26,39.91,37.42,40.44,37.29,394470
2020-05-27,37.25,37.91,38.9999,34.16,726255
2020-05-28,37.57,35.82,38.42,35.515,429249
2020-05-29,36.0,37.95,38.03,35.2523,511703
2020-06-01,38.12,40.0,40.15,37.22,653340
2020-06-02,39.76,38.93,40.47,38.6,455450
2020-06-03,38.73,37.07,39.57,36.65,704439
2020-06-04,36.72,36.86,38.24,36.55,2945600
2020-06-05,37.25,37.48,39.32,36.68,927435
2020-06-08,37.61,37.55,38.415,37.11,405456
2020-06-09,37.71,39.06,39.81,37.38,567198
2020-06-10,39.37,38.96,40.87,38.24,363335
2020-06-11,37.49,36.01,38.7,35.5,515210
2020-06-12,36.77,36.86,37.39,35.8,393899
2020-06-15,36.46,38.98,39.48,36.36,427658
2020-06-16,39.32,38.54,39.415,38.1,386074
2020-06-17,38.87,39.11,39.42,37.99,357207
2020-06-18,39.07,40.55,41.92,39.07,483828
2020-06-19,40.36,39.21,41.355,38.7901,1469467
2020-06-22,39.38,41.93,41.95,38.37,569699
2020-06-23,42.0,43.81,44.6222,41.66,610079
2020-06-24,44.0,41.33,45.0,41.2,471872
2020-06-25,40.89,42.57,42.94,40.01,404107
2020-06-26,42.58,40.74,42.85,40.4,1019698
2020-06-29,41.08,42.01,42.78,40.17,404367
2020-06-30,42.08,45.3,45.635,42.08,669850
2020-07-01,45.5,45.46,46.28,43.605,381366
2020-07-02,46.04,46.16,46.87,45.02,353063
2020-07-06,46.7,46.69,46.83,45.5,347094
2020-07-07,46.66,48.81,49.06,46.26,536481
2020-07-08,49.55,54.58,55.3599,49.19,698228
2020-07-09,54.59,56.23,57.33,54.41,465464
2020-07-10,56.0,54.71,57.13,54.36,375208
2020-07-13,55.0,51.59,57.24,50.605,646528
2020-07-14,51.84,53.37,53.56,49.83,547671
2020-07-15,55.1,55.65,57.78,53.68,582105
2020-07-16,55.31,52.63,55.59,51.83,610672
2020-07-17,52.67,54.5,55.415,52.093,452932
2020-07-20,54.82,56.34,56.59,54.415,411386
2020-07-21,57.0,58.74,60.96,56.63,563673
2020-07-22,58.81,59.12,60.375,57.41,263585
2020-07-23,60.08,56.96,60.9599,56.72,330119
2020-07-24,55.8,54.64,56.0,52.85,347542
2020-07-27,55.34,58.63,59.33,54.92,507725
2020-07-28,59.45,58.47,59.96,57.31,537688
2020-07-29,59.21,57.59,60.04,57.19,305819
2020-07-30,57.8,57.85,58.96,56.77,279140
2020-07-31,58.45,56.04,58.87,54.38,377190
2020-08-03,56.67,58.98,60.08,56.57,541577
2020-08-04,60.0,62.29,62.79,58.58,452666
2020-08-05,63.89,66.45,67.005,63.11,431980
2020-08-06,67.68,65.7,68.1,64.72,741601
2020-08-07,66.38,61.66,71.71,60.5,798820
2020-08-10,61.63,59.765,63.61,59.71,423786
2020-08-11,58.15,55.6,58.73,54.89,586374
2020-08-12,54.55,62.07,64.62,53.81,1444894
2020-08-13,64.03,65.11,65.8699,61.5,701687
2020-08-14,66.0,66.3,67.0,64.5,348953
2020-08-17,66.98,70.56,70.84,65.545,465037
2020-08-18,69.9,69.63,70.64,67.03,811950
2020-08-19,70.31,65.15,70.42,64.29,758596
2020-08-20,65.0,67.28,67.54,64.6,358311
2020-08-21,67.19,67.92,68.41,66.61,616643
2020-08-24,68.0,66.29,68.1,64.71,312530
2020-08-25,67.38,67.91,68.19,65.38,238587
2020-08-26,68.0,67.93,69.34,67.65,233263
2020-08-27,68.55,67.89,68.62,65.97,277583
2020-08-28,66.65,68.95,68.96,66.01,272055
2020-08-31,70.0,69.93,70.598,69.34,397301
2020-09-01,69.94,71.72,71.97,68.23,404145
2020-09-02,71.61,70.5,71.99,67.48,682255
2020-09-03,69.42,67.34,69.43,66.1,685819
2020-09-04,67.14,63.27,67.34,60.2801,825365
2020-09-08,59.3,62.77,65.62,59.3,657827
2020-09-09,63.82,65.97,67.43,63.82,490485
2020-09-10,66.19,63.04,68.44,61.7,448933
2020-09-11,64.09,62.51,65.44,61.14,339931
2020-09-14,63.86,64.88,65.82,63.84,462258
2020-09-15,65.7,61.72,66.04,60.33,516269
2020-09-16,61.87,62.97,64.32,61.87,598530
2020-09-17,60.75,64.77,64.86,59.26,857041
2020-09-18,65.21,67.81,68.18,63.65,1505676
2020-09-21,66.47,66.99,67.659,64.6,662907
2020-09-22,67.07,66.72,67.84,64.26,721715
2020-09-23,66.72,64.71,70.92,64.59,700235
2020-09-24,63.84,66.49,66.59,62.37,436551
2020-09-25,67.43,72.64,72.75,66.12,490422
2020-09-28,73.25,75.02,75.2399,70.945,471605
2020-09-29,75.59,78.79,79.72,75.01,781894
2020-09-30,78.2135,75.97,78.955,72.8001,805278
2020-10-01,76.61,77.87,78.74,74.66,413519
2020-10-02,76.41,77.31,78.02,74.25,369184
2020-10-05,78.25,82.34,82.48,78.14,546705
2020-10-06,82.8,85.11,87.415,81.04,881696
2020-10-07,86.27,87.46,90.98,86.11,685064
2020-10-08,89.58,86.97,89.58,85.9201,915640
2020-10-09,86.63,89.64,92.0,86.3,437443
2020-10-12,92.16,90.33,92.93,86.82,592658
2020-10-13,92.04,92.81,93.54,90.13,616145
2020-10-14,93.0,90.2,94.41,90.0,401013
2020-10-15,89.29,99.89,100.0,87.4538,689543
2020-10-16,100.0,94.92,100.3,94.8917,716151
2020-10-19,97.23,93.0,99.8,92.5,694467
2020-10-20,92.88,88.76,94.5,88.57,627445
2020-10-21,88.45,86.23,90.34,85.7,553010
2020-10-22,87.89,87.06,87.89,83.195,775050
2020-10-23,87.24,85.97,91.33,85.09,581664
2020-10-26,84.3,82.58,88.98,81.64,461459
2020-10-27,83.91,83.58,85.29,82.31,368808
2020-10-28,82.21,79.55,83.64,78.08,374478
2020-10-29,79.01,79.36,80.16,76.34,469141
2020-10-30,79.0,76.64,79.47,74.25,371009
2020-11-02,76.43,79.37,80.18,76.0,321786
2020-11-03,80.39,86.3,87.25,80.3301,447476
2020-11-04,87.41,89.93,90.64,87.05,571013
2020-11-05,92.99,96.6,98.8,92.045,739791
2020-11-06,96.43,99.61,100.11,93.12,293110
2020-11-09,99.91,95.73,100.91,87.09,819183
2020-11-10,97.2,96.23,97.24,92.43,541782
2020-11-11,97.85,102.16,103.5,97.27,455122
2020-11-12,102.9,106.0,107.99,102.28,628840
2020-11-13,107.2,107.36,111.35,106.4801,363387
2020-11-16,106.04,104.05,108.3685,102.64,380257
2020-11-17,103.62,108.5,108.7198,102.02,277451
2020-11-18,109.44,110.9,113.47,108.59,541216
2020-11-19,111.71,114.5,115.9,110.17,470933
2020-11-20,114.36,115.56,117.695,110.62,477191
2020-11-23,110.0,117.19,121.4,109.0,1088500
2020-11-24,120.75,104.17,120.75,103.8001,595260
2020-11-25,104.25,99.64,107.786,98.39,600678
2020-11-27,99.9,114.67,114.81,99.9,346893
2020-11-30,116.62,111.74,116.62,104.8,628598
2020-12-01,112.44,118.1,120.48,111.34,481984
2020-12-02,114.7,115.07,117.4396,108.52,652021
2020-12-03,112.98,122.34,123.992,112.49,1403873
2020-12-04,123.66,128.58,132.97,123.4119,1140529
2020-12-07,130.68,131.45,135.25,129.26,843777
2020-12-08,133.09,142.02,148.05,132.06,1361875
2020-12-09,144.63,140.7,145.94,137.6,885731
2020-12-10,138.62,152.2,152.67,138.28,783019
2020-12-11,151.13,141.65,151.5,136.7,714839
2020-12-14,144.81,140.255,148.99,139.1201,652769
2020-12-15,139.73,139.2,141.06,125.7501,1152594
2020-12-16,139.0,141.49,141.99,133.84,544262
2020-12-17,141.28,144.6,146.18,141.22,618614
2020-12-18,146.94,147.34,147.47,143.23,1490859
2020-12-21,145.9,152.0,154.02,144.8,1084110
2020-12-22,154.0,167.89,168.49,154.0,982829
2020-12-23,168.65,166.76,170.8599,159.17,684883
2020-12-24,167.79,164.04,169.305,159.22,254599
2020-12-28,167.1,159.73,169.665,156.97,659353
2020-12-29,157.73,138.56,160.82,133.5,1121400
2020-12-30,141.12,147.15,147.88,140.0,489251
2020-12-31,152.13,141.29,155.085,139.0,561832
2021-01-04,138.61,132.93,141.92,129.34,701178
2021-01-05,132.93,138.5,138.72,131.67,545501
2021-01-06,139.61,143.42,145.6,137.7,448324
2021-01-07,151.01,156.97,157.68,148.4,819543
2021-01-08,159.41,166.51,174.4807,159.41,884221
2021-01-11,162.48,170.31,175.6,156.49,1086515
2021-01-12,170.4,162.84,173.4785,159.31,630569
2021-01-13,164.5,168.41,172.94,159.55,492899
2021-01-14,169.0,189.43,189.68,168.97,969213
2021-01-15,188.145,181.35,196.4799,178.18,897964
2021-01-19,185.51,205.49,207.12,185.0,1056850
2021-01-20,210.15,207.97,211.95,198.09,807175
2021-01-21,212.13,194.53,214.07,191.79,854824
2021-01-22,192.09,190.64,193.395,186.0,753160
2021-01-25,193.0,186.04,200.6954,183.09,627863
2021-01-26,184.25,162.82,185.69,161.0,894371
2021-01-27,160.22,160.01,163.83,145.7,1442921
2021-01-28,161.02,169.73,175.98,161.02,633607
2021-01-29,170.11,164.54,172.17,158.8943,549145
2021-02-01,166.74,180.27,180.6,166.74,890844
2021-02-02,183.59,197.56,201.37,183.59,750641
2021-02-03,196.75,189.96,202.18,187.24,678089
2021-02-04,191.52,197.65,199.32,188.68,467213
2021-02-05,160.45,158.02,171.075,155.0,2862492
2021-02-08,171.01,175.38,176.24,163.565,1423983
2021-02-09,175.85,179.46,181.71,171.61,826092
2021-02-10,178.94,166.8,182.8586,165.03,746423
2021-02-11,168.0,165.405,169.4124,158.02,886113
2021-02-12,167.14,167.9,171.5,160.37,585705
2021-02-16,173.57,156.25,173.57,156.08,870636
2021-02-17,155.0,154.95,156.0,145.7201,981909
2021-02-18,148.63,149.04,152.96,143.26,1036555
2021-02-19,150.58,150.81,153.47,146.79,1065837
2021-02-22,146.98,137.21,151.18,136.77,949926
2021-02-23,127.64,135.29,136.79,111.85,1832343
2021-02-24,134.31,142.2,144.81,131.985,809254
2021-02-25,139.03,134.44,141.44,129.47,1241983
2021-02-26,134.71,137.64,140.95,125.985,883398
2021-03-01,140.78,144.95,151.79,140.78,909454
2021-03-02,145.01,141.7,149.48,141.53,635398
2021-03-03,141.52,130.0,141.52,128.21,980153
2021-03-04,125.38,116.62,131.91,113.76,1540980
2021-03-05,118.11,117.55,120.75,105.2501,2045882
2021-03-08,116.16,105.48,120.31,103.53,1230460
2021-03-09,113.58,125.03,128.77,113.05,1517827
2021-03-10,131.07,126.44,139.0,124.8995,1087215
2021-03-11,134.6,145.34,145.52,134.25,1125495
2021-03-12,136.79,141.4,143.32,135.06,1311249
2021-03-15,141.0,144.47,146.7,138.91,675549
2021-03-16,145.36,139.33,149.9599,133.27,795361
2021-03-17,132.52,144.73,149.3399,131.11,1073217
2021-03-18,137.77,124.31,141.27,124.0001,1316937
2021-03-19,126.56,130.29,135.245,124.71,2986375
2021-03-22,130.04,135.46,138.7,126.55,846749
2021-03-23,133.72,131.18,135.1,129.0,775835
2021-03-24,132.5,116.87,133.71,116.185,969016
2021-03-25,112.79,116.73,117.86,107.15,1445277
2021-03-26,118.07,115.59,118.99,107.94,637965
2021-03-29,114.39,107.32,115.65,107.09,1060013
2021-03-30,106.3,109.71,114.15,102.86,1728315
2021-03-31,112.28,123.86,126.5,111.66,1747719
2021-04-01,127.84,122.2,134.6528,121.89,837224
2021-04-05,126.72,127.33,129.7548,124.29,694159
2021-04-06,125.35,128.65,132.44,123.52,783837
2021-04-07,128.1,127.64,130.29,123.79,1070289
2021-04-08,128.33,132.32,133.475,128.33,658215
2021-04-09,131.7,132.23,134.0,128.75,858224
2021-04-12,132.47,129.01,132.735,124.79,648581
2021-04-13,132.0,140.81,143.035,131.97,677739
2021-04-14,141.07,142.03,150.25,140.56,1188138
2021-04-15,145.28,142.06,149.15,140.24,404422
2021-04-16,143.24,135.24,143.24,133.54,411153
2021-04-19,130.23,127.66,135.35,125.0,609506
2021-04-20,125.23,126.43,129.0482,121.49,407235
2021-04-21,124.42,133.84,134.06,122.64,344048
2021-04-22,133.47,134.57,141.08,132.37,467968
2021-04-23,136.0,133.12,137.78,132.79,598992
2021-04-26,135.11,140.52,142.23,131.81,513000
2021-04-27,138.24,139.57,142.16,136.27,668962
2021-04-28,136.24,141.67,142.4,133.33,344226
2021-04-29,144.14,136.58,144.14,134.36,476203
2021-04-30,132.67,134.19,137.44,131.7,818385
2021-05-03,135.66,120.66,136.01,120.41,788908
2021-05-04,118.01,113.7,118.255,110.7001,902527
2021-05-05,115.0,109.96,116.29,108.33,497455
2021-05-06,106.79,104.3,108.88,101.65,1793804
2021-05-07,117.94,116.74,120.87,112.1391,1620794
2021-05-10,113.65,96.33,114.46,96.08,1276647
2021-05-11,87.01,99.65,102.82,87.01,801650
2021-05-12,95.21,91.08,98.86,90.19,750080
2021-05-13,92.24,88.13,97.23,84.23,1120708
2021-05-14,89.9,92.68,96.19,88.5,772587
2021-05-17,91.37,93.71,94.115,88.52,687196
2021-05-18,95.3,95.07,99.87,91.24,703795
2021-05-19,88.39,93.07,94.41,88.0,744403
2021-05-20,94.98,97.75,99.25,93.1,675098
2021-05-21,98.64,95.41,98.97,93.63,506615
2021-05-24,96.86,99.32,101.84,95.0,564132
2021-05-25,99.45,99.97,102.64,98.875,448122
2021-05-26,101.38,104.76,105.88,100.5,543971
2021-05-27,103.87,108.01,108.08,100.32,779144
2021-05-28,109.73,107.31,113.39,106.15,483144
2021-06-01,109.0,105.88,109.42,103.3,450151
2021-06-02,104.64,102.42,107.38,101.33,479012
2021-06-03,100.96,96.12,103.9,95.67,513301
2021-06-04,97.15,96.34,99.66,95.88,336866
2021-06-07,96.17,101.77,102.75,95.01,552291
2021-06-08,103.38,105.0,105.81,101.56,519268
2021-06-09,106.4439,106.77,110.08,104.43,551081
2021-06-10,105.74,111.67,112.45,104.29,731411
2021-06-11,112.36,114.63,115.66,110.535,502728
2021-06-14,116.56,112.77,117.2,111.24,613919
2021-06-15,112.71,108.67,112.71,106.08,486469
2021-06-16,108.39,106.96,109.7978,102.08,443501
2021-06-17,106.26,113.45,117.3499,106.26,609024
2021-06-18,112.85,111.25,114.39,108.98,785211
2021-06-21,112.48,116.74,118.0,107.64,580301
2021-06-22,117.32,118.79,119.01,112.55,598628
2021-06-23,118.34,120.14,122.0,118.34,498428
2021-06-24,121.78,122.54,126.0348,120.62,481207
2021-06-25,123.17,122.56,123.99,118.96,706237
2021-06-28,125.13,126.34,131.85,124.935,594071
2021-06-29,128.63,134.64,136.65,126.1,590307
2021-06-30,133.57,133.25,136.87,130.87,570126
2021-07-01,133.05,131.48,135.25,129.59,393798
2021-07-02,131.7,131.37,133.3,130.0,397784
2021-07-06,131.56,127.65,132.89,126.4287,566001
2021-07-07,127.5819,126.58,130.21,123.72,365689
2021-07-08,121.29,126.46,127.52,119.11,312374
2021-07-09,126.78,128.31,132.6,123.46,302823
2021-07-12,129.59,124.6,131.4,123.59,313186
2021-07-13,124.26,120.28,124.75,119.4985,328725
2021-07-14,121.36,111.96,121.36,111.11,337949
2021-07-15,111.64,112.93,115.61,107.89,424950
2021-07-16,114.0,112.11,114.68,108.75,317979
2021-07-19,109.62,115.21,116.89,108.694,368979
2021-07-20,116.76,121.31,121.73,114.4,420832
2021-07-21,119.75,123.03,124.005,116.0064,339092
2021-07-22,124.4791,121.48,125.26,120.8,255142
2021-07-23,121.4,117.34,121.63,116.5,296614
2021-07-26,116.26,115.0,117.93,114.0,473137
2021-07-27,115.73,111.47,116.05,106.69,526161
2021-07-28,111.5,116.06,118.0449,111.5,656933
2021-07-29,116.04,119.08,120.395,113.47,357758
2021-07-30,118.58,123.05,123.5,117.68,430098
2021-08-02,123.76,117.59,124.11,116.78,343039
2021-08-03,117.27,119.02,119.39,114.32,256097
2021-08-04,118.67,120.3,122.94,117.3345,567802
2021-08-05,123.125,124.12,126.06,119.5,592545
2021-08-06,123.67,110.77,124.86,110.33,812892
2021-08-09,111.02,112.84,113.845,109.3,298765
2021-08-10,113.53,102.8,113.53,102.54,698192
2021-08-11,103.24,104.56,105.32,100.97,604214
2021-08-12,103.7,106.94,108.13,101.97,397403
2021-08-13,106.4,100.51,109.29,100.41,290246
2021-08-16,99.5198,95.64,99.59,94.42,484491
2021-08-17,93.5,97.34,97.82,90.5313,727217
2021-08-18,97.11,97.9,100.12,95.0,433189
2021-08-19,96.52,97.37,99.41,95.2,395940
2021-08-20,97.1,100.49,101.28,96.5,297359
2021-08-23,101.65,108.09,108.59,101.59,603554
2021-08-24,109.14,114.5,114.56,108.06,744845
2021-08-25,114.58,112.35,115.6171,111.24,393560
2021-08-26,111.5,107.75,113.21,107.66,399626
2021-08-27,108.16,111.59,113.7542,106.39,525118
2021-08-30,112.78,109.48,112.78,105.57,397817
2021-08-31,109.5,113.21,113.92,107.0,392939
2021-09-01,113.32,117.04,117.27,113.32,291732
2021-09-02,117.99,117.73,118.37,115.1454,229842
2021-09-03,117.81,114.71,117.99,113.82,224042
2021-09-07,113.35,114.35,117.5,112.854,332478
2021-09-08,113.26,111.0,113.36,109.79,262834
2021-09-09,111.29,117.91,119.96,111.01,607060
2021-09-10,120.0,121.42,123.66,116.32,449390
2021-09-13,121.38,115.93,122.0,113.42,276706
2021-09-14,116.55,114.08,119.6,113.54,240801
2021-09-15,112.52,112.95,115.0,111.1701,452056
2021-09-16,112.18,113.87,114.07,107.93,383150
2021-09-17,115.56,121.74,122.38,113.24,1017076
2021-09-20,116.25,114.04,117.24,111.91,430655
2021-09-21,115.89,119.98,121.25,115.1482,319717
2021-09-22,121.0,120.92,122.6299,119.01,192227
2021-09-23,122.0,121.07,122.0,117.42,273028
2021-09-24,119.03,112.11,120.8,111.78,375955
2021-09-27,112.11,110.17,112.13,106.01,381976
2021-09-28,107.96,104.0,108.5007,103.0,371613
2021-09-29,106.17,104.33,107.31,103.5,415529
2021-09-30,105.08,106.97,109.415,103.29,455414
2021-10-01,105.28,105.5,106.72,102.59,370177
2021-10-04,104.27,100.66,104.58,99.92,636132
2021-10-05,101.04,99.35,104.38,98.56,327198
2021-10-06,98.51,96.55,99.62,94.425,344460
2021-10-07,99.23,100.41,102.0,96.76,690064
2021-10-08,98.31,98.55,101.16,97.75,304261
2021-10-11,97.35,101.14,103.8,96.42,443899
2021-10-12,101.76,103.86,105.72,100.91,371719
2021-10-13,104.0,110.32,111.36,103.24,521855
2021-10-14,112.59,114.49,115.415,110.14,613084
2021-10-15,116.71,112.8,117.79,111.94,395073
2021-10-18,111.87,113.11,114.99,110.06,248289
2021-10-19,113.7,119.87,120.0,113.595,463496
2021-10-20,120.0,117.72,120.0,115.81,302530
2021-10-21,118.81,120.25,121.69,118.76,311739
2021-10-22,119.16,117.41,120.71,116.22,264370
2021-10-25,117.9,117.76,118.98,115.29,201764
2021-10-26,118.39,117.68,120.6,115.29,189394
2021-10-27,117.6,114.25,118.9095,113.16,270581
2021-10-28,115.27,121.66,121.97,114.8,268024
2021-10-29,121.19,118.8,121.4159,116.75,258956
2021-11-01,119.68,126.88,127.105,119.1801,387858
2021-11-02,127.23,128.97,130.25,124.67,396807
2021-11-03,129.46,134.4,134.89,127.23,358430
2021-11-04,134.99,135.46,138.97,132.6,491539
2021-11-05,135.0,135.88,139.99,133.36,592574
2021-11-08,136.64,132.52,139.36,132.17,218488
2021-11-09,132.09,127.92,135.97,127.49,308340
2021-11-10,126.99,118.85,128.945,118.575,538129
2021-11-11,119.7,116.3,122.18,116.04,493399
2021-11-12,118.03,116.48,118.03,113.435,469175
2021-11-15,116.87,111.07,118.51,110.575,503170
2021-11-16,110.93,115.99,116.285,108.7557,425384
2021-11-17,115.17,115.99,118.3699,112.11,494110
2021-11-18,117.23,112.15,119.655,111.66,494142
2021-11-19,111.73,110.62,114.82,109.79,718094
2021-11-22,101.1268,98.17,105.3727,95.3,2204502
2021-11-23,97.95,96.69,102.67,95.1,1393417
2021-11-24,95.29,95.8,97.3062,92.04,706281
2021-11-26,95.45,94.99,97.64,93.37,280967
2021-11-29,97.0,94.71,98.38,92.08,521357
2021-11-30,94.24,95.5,99.74,92.38,593246
2021-12-01,96.15,87.06,97.7,86.86,635993
2021-12-02,87.06,91.07,93.29,86.904,538621
2021-12-03,91.16,81.14,92.52,80.01,1025832
2021-12-06,81.14,79.49,81.345,76.17,988243
2021-12-07,83.81,87.74,90.38,83.39,1071834
2021-12-08,88.43,90.13,91.69,82.0,589709
2021-12-09,90.62,82.9,92.22,82.69,670187
2021-12-10,83.85,83.1,86.81,82.5,642892
2021-12-13,82.95,85.49,86.55,81.19,705811
2021-12-14,82.73,84.16,85.54,81.41,573065
2021-12-15,84.24,89.41,89.99,82.4,1033031
2021-12-16,88.99,77.58,90.42,77.5,914390
2021-12-17,76.14,85.92,86.59,73.18,1512233
2021-12-20,84.22,81.74,84.22,79.58,599233
2021-12-21,82.85,86.12,86.28,81.57,442280
2021-12-22,85.09,85.85,88.48,83.71,418297
2021-12-23,86.51,84.5,86.51,82.8,372835
2021-12-27,84.08,80.27,84.5,79.02,642874
2021-12-28,80.71,76.43,82.32,75.23,688695
2021-12-29,75.62,75.47,76.7099,73.91,459712
2021-12-30,76.0,78.59,80.39,75.0,534314
2021-12-31,78.41,77.39,80.7399,76.85,479757
2022-01-03,77.6,83.27,83.36,76.41,651893
2022-01-04,83.49,77.15,84.63,74.6601,679572
2022-01-05,76.59,71.8,79.86,71.18,761883
2022-01-06,71.7,72.64,75.9,69.01,693151
2022-01-07,73.18,66.74,77.26,66.6056,935228
2022-01-10,65.62,66.48,66.89,62.31,1058300
2022-01-11,66.1,67.11,69.0,65.0,791974
2022-01-12,67.99,62.97,69.245,62.73,1136601
2022-01-13,63.6,59.41,63.6,58.76,1066275
2022-01-14,58.31,59.82,61.79,56.9376,793944
2022-01-18,58.32,57.11,60.23,55.55,905054
2022-01-19,58.18,55.21,60.35,54.83,908435
2022-01-20,56.68,53.88,59.05,53.51,953885
2022-01-21,53.0,52.89,55.51,52.11,1081043
2022-01-24,51.21,55.87,56.16,48.6294,1540433
2022-01-25,54.73,53.22,55.61,51.72,1238194
2022-01-26,54.98,52.26,59.08,51.49,825662
2022-01-27,53.72,51.34,56.0,51.07,846750
2022-01-28,51.68,52.18,53.41,49.21,1179925
2022-01-31,52.55,59.42,59.7683,52.55,1159522
2022-02-01,60.52,62.35,63.17,56.79,951662
2022-02-02,62.43,61.43,63.84,58.94,665352
2022-02-03,59.34,60.97,61.21,58.36,1138247
2022-02-04,61.05,59.5,61.48,56.13,1191200
2022-02-07,58.48,60.33,66.15,58.48,890116
2022-02-08,59.46,61.58,62.0051,57.72,845300
2022-02-09,62.24,64.61,65.0,61.77,601319
2022-02-10,60.99,61.64,65.13,59.5,1545848
2022-02-11,59.19,55.99,62.125,55.77,3457454
2022-02-14,56.39,55.26,58.25,54.19,1671408
2022-02-15,56.82,59.75,59.96,55.39,1291057
2022-02-16,59.2,58.44,59.85,57.11,735819
2022-02-17,57.74,55.24,58.28,54.8,622717
2022-02-18,54.9,53.21,55.699,52.56,724856
2022-02-22,52.66,52.13,54.37,51.24,645595
2022-02-23,52.99,49.12,53.46,49.06,722284
2022-02-24,47.08,53.59,53.69,46.0,1088340
2022-02-25,54.22,54.98,55.72,51.91,873761
2022-02-28,54.98,55.94,58.36,54.3,854823
2022-03-01,55.64,55.5,57.66,54.73,591024
2022-03-02,56.32,55.21,56.63,52.6,512724
2022-03-03,55.93,52.37,56.45,51.34,520144
2022-03-04,52.04,48.15,53.54,47.21,829280
2022-03-07,48.65,47.67,50.78,46.61,846986
2022-03-08,47.26,47.37,50.34,45.92,893553
2022-03-09,49.19,50.83,51.79,48.61,753141
2022-03-10,49.58,49.36,49.7222,47.52,427486
2022-03-11,50.31,43.79,50.31,43.645,671745
2022-03-14,43.37,38.58,43.94,38.08,1113047
2022-03-15,38.94,40.41,41.91,38.475,843283
2022-03-16,41.66,45.83,45.92,41.095,1012039
2022-03-17,45.25,49.58,49.71,44.81,882614
2022-03-18,48.69,50.57,51.88,48.53,2507654
2022-03-21,49.25,47.12,50.541,46.07,755280
2022-03-22,46.83,49.26,50.26,46.53,633012
2022-03-23,48.54,46.98,50.56,46.56,553174
2022-03-24,47.28,47.52,47.7378,43.49,571751
2022-03-25,47.8,45.41,47.81,44.45,540443
2022-03-28,45.5,47.05,47.72,44.19,609072
2022-03-29,48.37,51.09,52.65,48.37,982152
2022-03-30,50.27,50.25,51.62,49.01,1045645
2022-03-31,49.81,49.38,50.43,48.08,766488
2022-04-01,49.5,52.91,53.0,49.265,938295
2022-04-04,53.61,54.0,54.53,51.77,566178
2022-04-05,54.75,51.26,57.31,51.12,1244035
2022-04-06,49.81,48.82,49.92,46.77,664803
2022-04-07,48.37,48.3,49.7,46.38,414587
2022-04-08,48.3,45.95,48.8,45.2,522887
2022-04-11,44.99,43.95,45.66,43.34,647392
2022-04-12,45.47,44.92,48.4,43.68,674650
2022-04-13,44.84,45.15,46.54,44.495,596835
2022-04-14,45.1,42.59,46.3,42.045,668768
2022-04-18,42.51,40.72,42.57,40.39,489294
2022-04-19,40.49,41.68,42.95,40.02,494704
2022-04-20,42.22,39.69,42.22,39.65,566070
2022-04-21,40.06,35.42,41.68,34.86,1118021
2022-04-22,35.07,34.21,36.22,34.04,811471
2022-04-25,33.99,34.23,35.2,33.31,1211351
2022-04-26,34.01,31.29,34.64,31.23,1047194
2022-04-27,30.94,30.22,32.395,30.15,886277
2022-04-28,30.5,30.2,31.43,28.375,1173617
2022-04-29,30.12,28.84,31.625,28.7,872674
2022-05-02,28.82,31.34,31.34,28.21,1164863
2022-05-03,31.18,31.92,32.92,30.79,992144
2022-05-04,31.84,34.85,35.09,30.58,1397658
2022-05-05,34.14,31.14,34.3,30.36,1378119
2022-05-06,31.57,31.39,31.67,28.81,1403049
2022-05-09,29.95,28.33,30.6,27.69,1930032
2022-05-10,30.85,29.18,31.42,26.8,1431160
2022-05-11,28.52,26.62,29.7,26.215,1363381
2022-05-12,26.11,29.49,30.62,25.88,1848866
2022-05-13,30.9,34.29,35.5,30.77,3051229
2022-05-16,34.84,32.3,35.85,32.11,1237621
2022-05-17,33.88,33.91,34.15,32.05,932533
2022-05-18,32.61,34.28,34.66,32.53,2052560
2022-05-19,34.21,37.45,38.94,34.06,1106142
2022-05-20,37.69,36.99,38.38,34.3,919476
2022-05-23,37.01,37.42,37.89,35.47,1128269
2022-05-24,36.11,34.94,37.12,34.01,1069015
2022-05-25,34.65,35.17,36.0,33.88,872231
2022-05-26,35.17,34.72,36.58,34.58,984420
2022-05-27,35.51,35.95,36.78,34.79,1178017
2022-05-31,35.57,34.04,36.45,32.87,1187806
2022-06-01,34.1,30.92,34.82,30.32,979123
2022-06-02,31.0,31.88,32.6,30.18,1923968
2022-06-03,30.83,30.46,31.31,29.78,1332392
2022-06-06,31.25,30.07,32.03,29.4,941560
2022-06-07,29.48,30.79,31.1,29.16,1203069
2022-06-08,30.88,31.54,33.17,30.73,1473354
2022-06-09,30.95,28.8,31.4099,28.51,1362379
2022-06-10,27.53,26.78,28.2699,25.83,924132
2022-06-13,25.21,26.2,27.17,25.21,1394969
2022-06-14,26.37,27.46,27.53,25.07,1252540
2022-06-15,28.07,29.93,30.75,27.8462,1362981
2022-06-16,28.4,29.84,30.115,28.19,1179675
2022-06-17,30.56,31.16,32.355,30.53,2856021
2022-06-21,31.95,32.49,33.88,31.95,1214870
2022-06-22,31.52,33.56,34.72,31.36,1230047
2022-06-23,33.51,38.11,38.17,33.33,1607658
2022-06-24,38.69,41.05,41.3,38.01,2575318
2022-06-27,40.99,39.34,41.6176,38.28,1184295
2022-06-28,39.09,36.07,39.9,35.7701,1263884
2022-06-29,35.54,34.77,35.68,34.14,814925
2022-06-30,33.88,34.96,35.82,33.0,838995
2022-07-01,35.28,37.08,37.25,35.14,911462
2022-07-05,36.79,41.09,41.2,35.86,1406153
2022-07-06,41.08,40.69,42.56,39.81,1098040
2022-07-07,40.42,43.25,43.89,40.04,927377
2022-07-08,42.26,42.27,44.43,41.78,640204
2022-07-11,41.43,38.57,42.195,38.34,785438
2022-07-12,38.84,40.62,41.12,37.39,746600
2022-07-13,39.79,42.41,42.69,38.89,1454527
2022-07-14,42.25,41.02,42.685,37.14,1985524
2022-07-15,41.8,42.5,42.63,38.735,1474282
2022-07-18,43.05,40.4,44.86,39.98,1109573
2022-07-19,41.07,43.46,43.48,39.59,867591
2022-07-20,43.72,46.34,47.39,43.72,958816
2022-07-21,46.49,47.74,49.37,45.95,798926
2022-07-22,48.05,43.52,48.05,43.15,1011670
2022-07-25,43.19,42.03,43.63,41.41,857281
2022-07-26,41.46,40.89,42.0987,40.47,897964
2022-07-27,41.72,42.98,43.265,40.84,819420
2022-07-28,43.37,43.94,44.0,40.69,896140
2022-07-29,43.4,43.74,44.08,41.68,743599
2022-08-01,43.16,44.61,46.87,42.59,898581
2022-08-02,43.62,44.93,46.16,43.6,567662
2022-08-03,45.44,46.01,47.232,45.01,659334
2022-08-04,46.28,46.83,47.9,46.05,1242577
2022-08-05,49.0,52.77,53.08,47.03,1934386
2022-08-08,53.37,56.56,58.7599,52.08,2191454
2022-08-09,54.49,48.53,54.855,48.44,1623151
2022-08-10,51.52,52.64,52.99,49.11,1297413
2022-08-11,53.11,49.08,57.3957,48.52,1266665
2022-08-12,49.62,52.97,53.15,48.51,892074
2022-08-15,52.18,53.91,54.0,51.08,722197
2022-08-16,53.76,51.07,53.89,49.325,822924
2022-08-17,49.32,48.29,50.31,47.49,748984
2022-08-18,48.59,46.99,48.59,45.72,547222
2022-08-19,45.85,42.81,46.3,42.46,801853
2022-08-22,41.94,39.5,43.34,39.345,994350
2022-08-23,40.13,41.69,41.9,39.05,956043
2022-08-24,41.5,43.92,44.39,41.0,771508
2022-08-25,44.96,46.34,46.55,43.77,954672
2022-08-26,46.1,43.1,46.69,42.485,1327983
2022-08-29,41.68,40.23,43.3777,40.01,692899
2022-08-30,41.22,39.58,41.82,38.6,610443
2022-08-31,41.09,40.12,41.775,39.515,586156
2022-09-01,39.36,40.46,40.61,37.55,778336
2022-09-02,41.42,38.77,41.805,38.16,924630
2022-09-06,38.54,38.11,38.94,36.58,670015
2022-09-07,38.38,40.02,40.39,38.09,1322339
2022-09-08,39.01,41.99,42.0,38.255,608675
2022-09-09,42.66,44.04,44.58,42.0,542933
2022-09-12,44.07,44.28,44.47,42.03,723097
2022-09-13,41.28,39.66,41.48,39.34,1409430
2022-09-14,39.69,39.55,40.09,38.0,984597
2022-09-15,39.48,40.43,41.87,39.27,939838
2022-09-16,39.33,37.58,39.36,36.72,2446549
2022-09-19,37.56,38.03,38.07,36.21,559627
2022-09-20,37.17,37.11,38.19,36.73,428049
2022-09-21,37.25,36.38,38.515,35.93,737069
2022-09-22,35.97,33.64,35.98,33.45,1050675
2022-09-23,32.82,33.44,34.23,32.13,1018175
2022-09-26,33.37,33.86,35.66,33.205,733789
2022-09-27,35.28,34.6,35.59,33.64,675429
2022-09-28,35.2,37.79,38.38,35.2,1125333
2022-09-29,37.09,35.78,37.45,35.025,744524
2022-09-30,35.82,35.24,38.153,35.18,734179
2022-10-03,36.14,36.08,36.45,34.695,676097
2022-10-04,37.42,39.26,39.38,37.42,814419
2022-10-05,38.01,38.51,38.94,35.64,821085
2022-10-06,38.42,39.11,39.75,37.91,576594
2022-10-07,37.53,32.66,37.53,32.28,1592346
2022-10-10,32.24,30.64,32.48,30.55,1911761
2022-10-11,30.88,30.33,31.8,29.23,1522355
2022-10-12,30.63,30.46,30.9399,29.19,948771
2022-10-13,28.67,30.44,31.06,28.07,704876
2022-10-14,31.14,28.64,32.36,28.54,649086
2022-10-17,29.87,31.39,31.54,29.68,909783
2022-10-18,32.73,32.28,33.93,31.57,714794
2022-10-19,31.49,30.28,31.91,29.79,719629
2022-10-20,30.27,28.86,31.45,28.58,691999
2022-10-21,28.94,29.35,29.74,27.93,731435
2022-10-24,29.1,29.08,29.23,27.81,530756
2022-10-25,29.55,31.22,31.6,29.55,799352
2022-10-26,30.9,33.36,35.36,30.61,1100480
2022-10-27,34.2,33.47,34.35,32.08,991741
2022-10-28,33.3,33.38,34.72,32.815,1172963
2022-10-31,32.72,32.83,33.64,32.4216,927051
2022-11-01,34.01,33.77,34.48,32.82,765487
2022-11-02,33.63,32.57,35.5,32.34,943466
2022-11-03,31.56,32.55,34.02,30.8,877041
2022-11-04,33.78,32.5,34.46,31.575,875053
2022-11-07,32.92,30.61,32.95,29.76,822004
2022-11-08,31.07,31.11,31.99,29.615,711536
2022-11-09,30.69,28.42,30.71,28.335,948948
2022-11-10,31.0,33.9,34.0,30.755,1664426
2022-11-11,33.31,39.37,40.5,33.2,2352744
2022-11-14,38.79,38.0,39.93,37.91,1395758
2022-11-15,28.76,30.43,31.85,25.3001,7568464
2022-11-16,29.8,28.29,30.13,26.66,2768362
2022-11-17,27.46,25.4,27.81,23.9,3466567
2022-11-18,28.7,24.81,29.5,24.29,3541820
2022-11-21,24.9,25.61,26.19,24.36,1289940
2022-11-22,25.8,25.21,25.8,24.62,1098322
2022-11-23,25.2,25.53,25.98,25.01,894409
2022-11-25,25.01,25.44,25.5,24.62,408465
2022-11-28,25.24,25.04,25.82,24.54,814294
2022-11-29,25.28,24.6,25.98,24.42,922144
2022-11-30,24.87,27.35,27.46,24.86,1702224
2022-12-01,27.45,27.86,29.12,27.04,1144194
2022-12-02,26.98,28.5,28.72,26.33,724203
2022-12-05,28.21,27.74,28.74,27.46,1208993
2022-12-06,27.69,25.89,27.69,25.49,992828
2022-12-07,26.025,25.32,26.76,25.16,599210
2022-12-08,25.73,26.33,26.625,24.56,622713
2022-12-09,26.05,24.42,26.55,24.39,766839
2022-12-12,24.46,25.57,25.98,24.07,1419712
2022-12-13,27.54,26.46,29.91,25.78,1797001
2022-12-14,26.5,26.49,27.5,26.05,812968
2022-12-15,26.07,25.38,26.58,25.28,1022542
2022-12-16,24.86,25.25,25.4,23.82,3314926
2022-12-19,24.92,23.79,24.92,23.44,1573079
2022-12-20,23.53,23.63,24.1,23.12,810341
2022-12-21,23.91,24.17,24.94,23.4,773992
2022-12-22,23.6,23.54,23.7304,21.84,1067970
2022-12-23,23.4,23.19,23.59,22.71,631519
2022-12-27,22.72,21.93,22.99,21.78,681805
2022-12-28,22.2,21.92,22.95,21.82,571087
2022-12-29,22.3,23.44,24.11,22.02,972538
2022-12-30,22.4,23.81,23.89,22.01,935084
2023-01-03,25.49,23.81,25.7799,23.07,861782
2023-01-04,24.05,25.41,25.48,23.75,749853
2023-01-05,25.58,25.29,25.63,24.51,612228
2023-01-06,25.17,25.4,25.7,24.11,566287
2023-01-09,25.97,24.65,26.0336,23.93,1160150
2023-01-10,24.58,26.0,26.47,24.58,838747
2023-01-11,26.2,26.72,26.845,25.5339,894550
2023-01-12,27.02,26.56,27.02,25.6362,866797
2023-01-13,25.98,25.96,26.59,25.38,854763
2023-01-17,25.92,26.88,26.92,25.16,891534
2023-01-18,27.56,27.43,28.62,27.105,1141820
2023-01-19,26.83,25.75,27.14,24.67,903969
2023-01-20,26.38,27.03,27.49,25.12,997214
2023-01-23,27.23,28.74,29.48,26.18,1325860
2023-01-24,28.27,28.74,29.18,27.76,822629
2023-01-25,27.8,27.98,28.2,26.56,663544
2023-01-26,29.09,27.96,29.45,26.99,914244
2023-01-27,27.62,29.15,29.44,27.41,741304
2023-01-30,28.5,28.25,28.85,27.52,859449
2023-01-31,28.37,28.69,29.21,27.82,948940
2023-02-01,29.02,29.08,29.58,27.25,1480116
2023-02-02,29.95,30.9,31.51,29.455,2510768
2023-02-03,25.65,25.31,26.178,23.81,3284830
2023-02-06,25.93,23.73,25.93,23.3801,1861671
2023-02-07,23.8,26.18,26.2,23.38,1962334
2023-02-08,26.07,26.2,27.41,25.95,1388577
2023-02-09,26.61,24.67,26.88,24.63,1092300
2023-02-10,24.4,23.7,24.47,23.17,1101014
2023-02-13,23.89,23.95,24.8999,23.56,935976
2023-02-14,23.46,24.27,24.78,22.8,968219
2023-02-15,24.14,24.13,24.55,23.56,3145490
2023-02-16,23.27,22.81,23.87,22.35,970779
2023-02-17,22.74,22.52,22.74,21.44,1053560
2023-02-21,21.85,20.53,21.865,20.32,1261632
2023-02-22,20.6,20.83,20.96,20.27,871272
2023-02-23,21.16,20.11,21.35,19.19,1333150
2023-02-24,19.65,19.18,19.8,18.97,1421893
2023-02-27,19.55,19.39,19.68,18.95,874495
2023-02-28,19.31,19.46,19.77,19.12,1105395
2023-03-01,19.43,18.3,19.49,18.18,1006901
2023-03-02,18.06,18.9,19.2,17.7188,1091583
2023-03-03,19.18,19.44,19.65,19.01,891094
2023-03-06,19.64,18.84,19.64,18.61,677919
2023-03-07,18.8,18.51,18.88,18.2215,771006
2023-03-08,18.32,18.08,18.44,17.71,881599
2023-03-09,18.15,17.16,18.368,16.91,978710
2023-03-10,17.145,15.78,17.22,14.9826,2800440
2023-03-13,15.65,16.83,17.27,15.37,2130431
2023-03-14,17.51,16.86,17.74,16.46,1349563
2023-03-15,16.55,16.94,17.11,16.46,1285158
2023-03-16,16.83,16.78,17.09,16.28,1035837
2023-03-17,16.7,16.51,16.76,15.9,4054396
2023-03-20,16.29,16.52,16.57,15.96,1175126
2023-03-21,16.68,17.05,17.41,16.4175,926056
2023-03-22,17.08,15.82,17.3,15.8,1203213
2023-03-23,16.12,15.98,16.77,15.58,889407
2023-03-24,15.7,16.18,16.4,15.53,955584
2023-03-27,16.43,16.28,16.86,16.16,758676
2023-03-28,16.04,14.6,16.26,14.57,2010067
2023-03-29,14.94,15.12,15.23,14.52,1729041
2023-03-30,15.48,14.73,15.84,14.695,1077536
2023-03-31,15.1,15.08,15.5,14.81,1427588
2023-04-03,14.975,14.09,15.02,13.83,1962034
2023-04-04,14.17,13.77,14.22,13.465,1389501
2023-04-05,13.56,13.38,13.62,13.11,1797023
2023-04-06,13.38,13.81,14.0293,13.11,1185587
2023-04-10,13.63,13.64,13.92,13.41,861637
2023-04-11,13.79,13.61,14.07,13.2,943606
2023-04-12,13.93,12.72,14.07,12.66,1116705
2023-04-13,12.91,13.95,14.06,12.8015,1786987
2023-04-14,13.96,13.97,14.2,13.62,1186069
2023-04-17,13.99,14.7,14.76,13.74,1209032
2023-04-18,14.8,14.37,14.81,14.03,1299658
2023-04-19,13.95,14.4,14.6,13.8404,928254
2023-04-20,14.11,13.52,14.195,13.45,1417923
2023-04-21,13.5,13.75,13.815,13.46,1096448
2023-04-24,13.72,13.63,13.74,13.27,1123907
2023-04-25,13.59,12.78,13.59,12.72,1426520
2023-04-26,12.844,12.56,12.89,12.48,1092653
2023-04-27,12.75,12.38,12.89,12.2374,1323909
2023-04-28,12.38,12.48,12.755,12.17,848849
2023-05-01,12.57,12.37,12.598,12.21,885991
2023-05-02,12.37,11.49,12.37,11.46,1732687
2023-05-03,11.64,12.26,12.7301,11.53,2175243
2023-05-04,12.26,12.94,13.21,12.09,2295339
2023-05-05,12.5,12.89,13.19,11.92,3420407
2023-05-08,12.91,13.4,13.6795,12.8,1909890
2023-05-09,13.2,13.52,13.7,12.65,1587627
2023-05-10,13.83,13.21,14.27,13.02,1520971
2023-05-11,13.2,12.7,13.2,12.51,1141081
2023-05-12,12.76,11.95,12.76,11.81,1251220
2023-05-15,12.28,13.48,13.92,12.17,1828026
2023-05-16,13.15,12.91,13.16,12.3,1581182
2023-05-17,13.0,12.98,13.1292,12.69,1032071
2023-05-18,12.97,13.11,13.18,12.62,913408
2023-05-19,13.32,13.03,13.33,12.62,842108
2023-05-22,13.14,14.93,15.285,13.11,1699640
2023-05-23,14.97,14.92,16.755,14.855,2596529
2023-05-24,14.62,14.24,14.77,13.58,1266762
2023-05-25,15.0,14.96,15.245,14.45,1979081
2023-05-26,14.91,14.41,15.25,14.2,1028607
2023-05-30,14.68,15.19,15.83,14.665,1022154
2023-05-31,15.13,15.15,15.67,14.29,1173629
2023-06-01,15.16,16.01,16.38,14.75,966621
2023-06-02,16.45,16.31,16.58,15.55,976684
2023-06-05,16.33,16.19,16.73,15.79,836363
2023-06-06,16.06,16.98,17.11,15.86,1232090
2023-06-07,17.06,16.67,17.67,16.53,1332915
2023-06-08,16.65,17.16,17.22,16.275,1657900
2023-06-09,17.49,17.35,17.735,16.67,1111310
2023-06-12,17.53,18.38,18.925,17.43,1643118
2023-06-13,18.6,18.55,19.1005,18.34,1313711
2023-06-14,18.61,18.45,18.945,17.97,1260487
2023-06-15,18.2,18.61,18.81,18.05,902165
2023-06-16,18.92,18.31,18.92,18.13,1826613
2023-06-20,18.11,18.24,18.33,17.7,962896
2023-06-21,18.06,17.84,18.295,17.515,1056009
2023-06-22,17.66,17.72,17.8617,17.14,786845
2023-06-23,17.41,17.28,17.54,16.96,2442374
2023-06-26,17.28,17.62,17.81,17.15,648717
2023-06-27,17.69,18.28,18.35,17.25,857910
2023-06-28,18.25,19.27,19.3,17.6,1537608
2023-06-29,19.3,19.56,20.55,18.92,1678620
2023-06-30,20.02,20.46,21.13,19.76,1538462
2023-07-03,20.48,19.85,20.86,19.85,625095
2023-07-05,19.82,19.65,20.11,19.34,647017
2023-07-06,19.03,19.34,19.46,18.67,917652
2023-07-07,19.45,19.5,19.97,19.38,596487
2023-07-10,19.43,21.41,21.64,19.21,1415638
2023-07-11,21.52,20.77,21.97,20.52,1117286
2023-07-12,21.66,23.21,23.27,21.6,1937361
2023-07-13,23.6,23.37,24.17,22.5,1427213
2023-07-14,23.54,23.3,24.17,22.8,1039361
2023-07-17,23.36,24.17,24.28,23.04,770792
2023-07-18,24.19,25.08,25.42,24.15,724054
2023-07-19,25.26,26.01,27.09,25.18,1024260
2023-07-20,25.66,23.41,26.06,23.145,1307863
2023-07-21,23.95,25.11,25.69,23.3969,959966
2023-07-24,25.03,25.09,25.61,24.34,765836
2023-07-25,25.21,25.39,25.96,25.01,446635
2023-07-26,25.11,26.57,26.86,25.0,795821
2023-07-27,27.08,24.87,27.36,24.42,945506
2023-07-28,25.75,24.99,25.88,24.07,1233871
2023-07-31,24.83,24.34,25.22,23.26,942694
2023-08-01,24.0,22.89,24.03,22.88,1072967
2023-08-02,22.27,21.39,22.41,21.17,1361858
2023-08-03,21.22,20.67,21.5,20.46,2323677
2023-08-04,23.2,22.98,24.22,22.62,2925817
2023-08-07,22.89,23.75,24.15,22.08,2044783
2023-08-08,23.34,23.33,23.5126,22.7,974319
2023-08-09,23.19,22.6,23.47,21.8,882927
2023-08-10,22.72,22.79,23.53,22.32,890551
2023-08-11,22.3,22.31,22.86,21.94,631410
2023-08-14,21.84,21.96,22.21,21.25,558633
2023-08-15,21.76,21.36,22.22,21.21,751187
2023-08-16,21.13,19.31,21.4,19.28,1233835
2023-08-17,19.29,18.62,19.42,18.58,1602819
2023-08-18,18.34,19.46,19.86,18.23,1456057
2023-08-21,19.77,19.38,19.845,19.08,755323
2023-08-22,19.8,19.56,19.99,19.23,517018
2023-08-23,19.54,20.33,20.545,19.37,749464
2023-08-24,20.45,19.18,20.48,19.095,675627
2023-08-25,19.23,19.78,19.92,19.04,660350
2023-08-28,19.57,19.72,20.2292,19.56,529468
2023-08-29,19.76,21.23,21.587,19.46,915478
2023-08-30,21.27,21.67,21.99,20.9,899332
2023-08-31,21.77,21.99,22.28,21.67,882605
2023-09-01,22.5,23.56,23.87,22.31,1171310
2023-09-05,23.45,23.43,23.8634,23.02,1108332
2023-09-06,23.51,24.59,24.63,23.41,924786
2023-09-07,23.91,23.41,24.0925,22.92,1073052
2023-09-08,23.28,22.42,23.28,22.04,695787
2023-09-11,23.15,23.15,23.15,23.15,1000
2023-09-12,22.83,22.99,23.25,22.52,780136
2023-09-13,22.88,23.05,23.59,22.87,775781
2023-09-14,23.35,21.99,23.35,21.61,879505
2023-09-15,21.94,20.95,22.1235,20.79,2353160
2023-09-18,20.89,20.52,21.13,20.44,1236393
2023-09-19,20.4,20.33,20.47,19.87,936158
2023-09-20,20.59,20.2,21.16,20.17,577997
2023-09-21,19.66,19.68,20.05,19.42,791134
2023-09-22,19.98,20.34,20.48,19.42,673997
2023-09-25,20.34,20.96,21.15,20.0,791626
2023-09-26,20.9,19.87,21.42,19.425,1507421
2023-09-27,21.08,20.54,21.345,20.08,1121221
2023-09-28,20.55,20.56,21.12,19.9,711159
2023-09-29,21.0,20.26,21.26,19.97,734229
2023-10-02,20.08,19.17,20.08,18.835,916354
2023-10-03,18.98,18.37,19.41,18.09,1085877
2023-10-04,18.47,18.69,18.78,17.82,943748
2023-10-05,19.95,18.77,20.0,18.46,1493711
2023-10-06,18.28,18.12,18.615,17.82,1248674
2023-10-09,17.76,18.5,18.58,17.27,558680
2023-10-10,18.5,19.41,19.9703,18.5,1135082
2023-10-11,19.6,19.26,20.17,18.84,458853
2023-10-12,19.26,17.4,19.26,17.38,856293
2023-10-13,17.41,16.98,17.6899,16.78,709062
2023-10-16,17.09,17.8,18.05,16.645,748894
2023-10-17,17.4,18.42,18.64,17.36,583540
2023-10-18,18.2,17.15,18.2,17.05,750315
2023-10-19,17.21,16.62,17.34,16.42,835563
2023-10-20,16.64,16.75,17.2,16.23,724116
2023-10-23,16.52,15.92,16.91,15.9,612328
2023-10-24,16.09,16.58,16.86,15.96,606331
2023-10-25,16.05,15.32,16.05,14.92,1051626
2023-10-26,15.59,15.59,15.77,15.03,872809
2023-10-27,15.84,15.11,15.84,14.96,708867
2023-10-30,15.35,15.08,15.51,14.42,1792626
2023-10-31,15.28,15.76,15.925,15.155,903813
2023-11-01,15.71,15.62,15.77,15.1132,847448
2023-11-02,16.24,17.31,17.53,15.79,960940
2023-11-03,17.88,18.66,19.55,17.88,1236816
2023-11-06,18.58,17.72,18.699,17.45,913309
2023-11-07,17.69,18.24,18.27,17.2,837482
2023-11-08,18.24,17.4,18.24,17.3,747102
2023-11-09,17.68,16.59,17.95,16.47,895145
2023-11-10,16.62,16.87,17.01,15.85,1063019
2023-11-13,16.52,17.26,17.27,15.99,738202
2023-11-14,19.05,19.67,19.92,18.59,1534106
2023-11-15,19.67,19.9,21.305,19.62,1007769
2023-11-16,19.77,19.07,19.81,18.8,1391220
2023-11-17,20.6,24.01,24.88,20.59,4295804
2023-11-20,24.88,24.74,25.78,23.0,1489388
2023-11-21,24.66,23.71,24.885,23.48,951726
2023-11-22,24.15,23.81,24.775,23.66,919968
2023-11-24,23.86,24.485,24.59,23.4,378247
2023-11-27,24.35,24.07,24.76,23.3801,794004
2023-11-28,23.7,24.02,24.51,23.07,724216
2023-11-29,24.29,24.51,25.6099,24.01,1740861
2023-11-30,25.0,24.05,25.12,23.86,921971
2023-12-01,23.82,24.78,25.06,23.25,1448380
2023-12-04,24.44,25.59,25.735,24.15,1099295
2023-12-05,25.13,24.67,25.26,24.25,846943
2023-12-06,25.21,26.0,26.4,24.6,1231997
2023-12-07,26.1,26.41,27.14,25.8,1294047
2023-12-08,25.96,26.98,27.17,24.8101,1560568
2023-12-11,27.0,27.9,28.147,26.5101,1628166
2023-12-12,27.95,28.25,28.96,27.1897,1372163
2023-12-13,28.23,31.21,31.31,27.43,1804315
2023-12-14,32.11,35.12,35.63,32.11,4055814
2023-12-15,35.12,34.61,35.38,33.54,3862485
2023-12-18,34.82,34.56,35.7499,34.25,1644773
2023-12-19,35.13,38.33,38.68,35.04,2064142
2023-12-20,38.42,35.07,39.57,34.97,2029725
2023-12-21,36.48,36.17,36.8,35.34,866912
2023-12-22,36.96,36.76,37.41,35.9001,896015
2023-12-26,37.52,38.61,39.16,37.035,2179068
2023-12-27,39.24,38.24,39.74,37.81,728811
2023-12-28,38.32,38.18,38.75,37.5101,836345
2023-12-29,38.24,36.86,38.31,36.32,979016
2024-01-02,35.82,34.64,37.15,33.74,1687867
2024-01-03,33.52,32.53,33.52,32.09,1284380
2024-01-04,32.49,33.56,33.89,32.27,880862
2024-01-05,32.85,33.98,34.16,32.21,720058
2024-01-08,33.83,34.98,35.07,32.796,943405
2024-01-09,34.25,37.15,37.52,34.13,1081543
2024-01-10,37.08,36.58,37.41,35.25,1424381
2024-01-11,35.96,35.84,36.26,34.18,1188693
2024-01-12,36.03,36.12,37.73,35.9206,896470
2024-01-16,35.31,35.27,35.48,33.81,968848
2024-01-17,37.68,34.84,37.99,34.17,1159394
2024-01-18,35.35,33.85,35.45,33.175,1309110
2024-01-19,34.19,33.6,34.19,32.69,854470
2024-01-22,35.22,34.76,36.23,33.68,911811
2024-01-23,35.71,34.4,36.1,32.87,966005
2024-01-24,36.05,32.67,36.05,32.65,662939
2024-01-25,33.57,32.42,34.22,32.26,825783
2024-01-26,32.68,32.28,33.62,31.97,549677
2024-01-29,32.4,34.77,34.79,31.9,714244
2024-01-30,34.39,33.2,34.39,32.82,1072529
2024-01-31,32.7,32.4,34.33,32.26,1308856
2024-02-01,32.79,33.26,34.14,32.265,1680311
2024-02-02,38.0,36.59,38.04,34.33,2060783
2024-02-05,35.5,36.41,36.48,34.0164,1153414
2024-02-06,36.29,36.97,37.4,35.895,1279702
2024-02-07,36.57,34.97,36.96,34.86,886434
2024-02-08,34.99,36.51,37.05,34.635,772232
2024-02-09,36.74,38.19,38.4,36.32,929675
2024-02-12,37.95,40.61,40.8299,37.52,1715659
2024-02-13,37.08,37.01,38.28,35.22,1854988
2024-02-14,37.99,39.85,40.37,36.75,920109
2024-02-15,40.76,41.5,43.21,39.74,1520095
2024-02-16,40.38,40.89,42.375,39.61,949789
2024-02-20,39.93,39.51,40.78,38.55,802499
2024-02-21,38.51,38.36,38.745,37.15,798205
2024-02-22,38.87,38.62,39.2147,37.96,801688
2024-02-23,38.0,38.2,38.73,37.68,597593
2024-02-26,37.78,40.59,40.68,37.67,834044
2024-02-27,41.24,40.99,41.8609,40.75,919735
2024-02-28,40.41,40.25,41.58,39.65,586075
2024-02-29,42.0,39.29,42.08,39.16,915477
2024-03-01,39.36,38.89,40.7,38.25,1005577
2024-03-04,39.04,38.24,39.09,36.3963,1128276
2024-03-05,37.8,36.79,38.14,36.31,803575
2024-03-06,37.67,38.08,39.25,37.095,791877
2024-03-07,38.32,37.99,39.17,37.34,618495
2024-03-08,39.08,37.57,41.45,36.6001,617155
2024-03-11,36.82,36.86,37.84,36.5,490594
2024-03-12,36.82,34.8,37.28,34.4,759364
2024-03-13,34.43,35.54,36.245,34.3,728899
2024-03-14,35.02,34.56,35.0599,33.84,789787
2024-03-15,34.41,33.64,35.19,33.42,1005579
2024-03-18,33.77,33.83,34.52,32.87,634185
2024-03-19,33.01,33.81,34.31,33.0,441674
2024-03-20,33.46,35.41,35.78,33.26,566384
2024-03-21,36.08,36.03,36.92,35.19,645323
2024-03-22,35.67,34.6,36.11,34.1701,651473
2024-03-25,34.23,34.23,34.97,33.9,535508
2024-03-26,34.96,33.75,35.27,33.16,637107
2024-03-27,34.37,34.48,34.56,33.66,514208
2024-03-28,34.54,34.31,35.09,34.0,1187687
2024-04-01,34.21,34.41,34.5,33.19,911844
2024-04-02,33.22,32.92,33.5,32.48,991546
2024-04-03,32.69,33.34,34.39,32.52,691952
2024-04-04,33.94,31.98,34.25,31.91,701949
2024-04-05,31.57,32.61,33.09,31.21,631065
2024-04-08,32.95,32.97,33.06,32.36,513802
2024-04-09,33.08,33.73,33.83,32.87,602587
2024-04-10,31.32,31.86,32.5399,30.86,704879
2024-04-11,32.18,32.68,33.04,31.81,609023
2024-04-12,32.08,30.68,32.3659,30.3,1092011
2024-04-15,31.07,29.24,31.07,29.02,864282
2024-04-16,28.74,28.61,28.78,27.86,871062
2024-04-17,29.09,28.57,29.24,28.18,837768
2024-04-18,28.27,28.36,29.035,28.03,807826
2024-04-19,28.39,27.95,29.2,27.41,1089838
2024-04-22,28.38,29.45,29.49,27.96,935699
2024-04-23,29.78,31.5,32.09,29.61,1065616
2024-04-24,31.84,30.75,31.9,30.28,1402387
2024-04-25,29.78,31.08,31.29,29.76,1234632
2024-04-26,31.07,31.54,31.71,30.77,644436
2024-04-29,31.84,32.03,32.94,31.5,745748
2024-04-30,31.5,31.23,32.645,31.1,1053264
2024-05-01,31.02,31.96,33.51,30.32,1373078
2024-05-02,32.3,32.01,32.5,30.73,1120281
2024-05-03,38.28,41.21,41.77,35.1752,4458430
2024-05-06,41.48,44.67,44.9,41.41,2113270
2024-05-07,44.8,43.13,44.92,43.01,1808223
2024-05-08,41.84,41.4,42.94,41.05,1250309
2024-05-09,41.64,43.2,43.35,40.79,855103
2024-05-10,43.36,42.37,43.86,41.51,938832
2024-05-13,42.71,47.43,47.47,42.71,1697647
2024-05-14,49.03,48.13,49.67,47.64,1354558
2024-05-15,49.76,48.36,50.5,47.86,1077000
2024-05-16,48.35,46.5,48.35,46.435,736257
2024-05-17,46.72,47.01,47.21,45.415,649409
2024-05-20,46.79,44.87,47.31,44.545,863013
2024-05-21,44.51,44.04,45.08,43.77,702066
2024-05-22,43.84,43.09,44.84,42.9396,824446
2024-05-23,43.06,41.36,43.24,41.22,847508
2024-05-24,41.9,42.23,42.82,41.25,702623
2024-05-28,42.56,42.44,43.41,41.21,1132883
2024-05-29,41.12,40.69,41.35,40.04,819879
2024-05-30,41.14,40.83,41.36,40.04,662341
2024-05-31,41.24,41.9,42.5399,39.6,1395436
2024-06-03,42.63,44.01,46.42,42.62,1654289
2024-06-04,44.15,46.98,47.11,43.95,1377839
2024-06-05,47.87,52.83,54.1333,47.75,2463609
2024-06-06,52.19,53.0,53.8,50.11,1481856
2024-06-07,51.84,50.46,52.0,50.25,1039920
2024-06-10,49.45,50.01,50.54,48.17,969826
2024-06-11,49.1,51.59,52.29,48.58,967025
2024-06-12,53.1,52.44,55.26,49.14,1680137
2024-06-13,52.98,52.03,54.64,51.915,1033699
2024-06-14,50.88,49.84,51.52,49.19,968249
2024-06-17,49.52,49.0,51.07,48.11,1302522
2024-06-18,48.89,50.56,51.22,48.12,837970
2024-06-20,49.75,48.74,50.8,48.51,887919
2024-06-21,48.96,50.97,50.99,48.18,2570597
2024-06-24,50.97,49.26,52.6865,49.115,751243
2024-06-25,49.12,47.83,49.85,47.5941,616152
2024-06-26,47.51,46.47,48.22,46.2,910922
2024-06-27,46.49,47.48,48.32,45.61,725665
2024-06-28,48.29,49.28,49.6,47.17,3708942
2024-07-01,48.29,48.93,51.25,48.29,1126362
2024-07-02,48.82,47.32,48.84,46.04,923664
2024-07-03,47.42,48.0,49.87,47.3375,385873
2024-07-05,47.5,48.47,48.61,46.85,363555
2024-07-08,49.41,48.95,50.35,48.63,554412
2024-07-09,49.13,50.5,50.8953,48.55,715839
2024-07-10,51.12,50.99,52.38,49.82,812357
2024-07-11,53.17,52.48,54.2,51.91,920580
2024-07-12,52.57,53.44,54.24,51.73,680916
2024-07-15,54.12,56.15,56.38,53.54,1150942
2024-07-16,56.92,58.66,59.43,56.61,1282128
2024-07-17,57.17,56.22,59.54,55.68,990314
2024-07-18,56.0,53.56,56.52,52.0,1149928
2024-07-19,53.61,53.9,54.03,52.05,811154
2024-07-22,54.46,56.22,56.235,54.0805,1285960
2024-07-23,55.8,58.88,59.14,55.09,836020
2024-07-24,57.85,56.05,59.6,55.95,1144239
2024-07-25,55.885,57.51,60.36,55.0,1045449
2024-07-26,58.62,58.08,60.9,57.03,666297
2024-07-29,58.34,57.44,58.69,54.52,958876
2024-07-30,57.93,55.87,58.2,54.76,719971
2024-07-31,56.65,55.81,57.91,55.38,894693
2024-08-01,55.34,53.05,56.84,52.47,1244281
2024-08-02,48.0,42.97,49.395,42.31,3735350
2024-08-05,38.99,45.33,47.55,36.75,2116432
2024-08-06,45.3,46.24,48.43,44.27,975078
2024-08-07,46.74,44.55,46.995,44.32,1204962
2024-08-08,45.15,45.42,46.08,44.3001,875859
2024-08-09,45.64,43.97,46.16,43.85,944659
2024-08-12,43.69,42.71,43.83,42.25,786426
2024-08-13,43.44,44.56,44.83,43.13,467456
2024-08-14,45.16,42.58,45.16,41.95,754691
2024-08-15,44.19,45.0,45.625,43.365,966598
2024-08-16,44.81,43.56,45.1,43.295,718295
2024-08-19,43.61,44.39,44.45,43.23,879429
2024-08-20,44.3,42.91,44.3,42.35,601396
2024-08-21,42.88,44.13,44.73,42.88,416860
2024-08-22,44.22,42.46,44.29,42.28,454032
2024-08-23,43.19,43.66,44.72,42.4575,613430
2024-08-26,44.03,43.98,44.39,43.33,568141
2024-08-27,43.55,45.12,45.205,42.8655,620010
2024-08-28,44.8,44.17,45.1977,43.54,569824
2024-08-29,44.8,44.9,46.84,44.3791,576396
2024-08-30,45.22,43.24,45.59,42.54,1057807
2024-09-03,42.32,40.96,43.56,40.78,964472
2024-09-04,40.55,39.55,41.55,39.36,671241
2024-09-05,39.55,40.02,40.455,39.37,681212
2024-09-06,39.96,36.72,40.14,36.62,1236553
2024-09-09,37.0,37.26,38.44,36.615,1070647
2024-09-10,38.0,40.72,41.08,37.215,1024050
2024-09-11,40.24,44.36,44.73,39.94,1343409
2024-09-12,44.41,44.57,44.98,42.56,858700
2024-09-13,45.22,46.95,47.23,45.12,710839
2024-09-16,47.085,46.56,47.085,44.865,553421
2024-09-17,47.54,47.67,49.15,46.9,744834
2024-09-18,47.65,47.02,49.64,46.21,698476
2024-09-19,49.03,47.99,49.4,47.64,539612
2024-09-20,47.93,46.44,47.93,46.4,1409324
2024-09-23,46.6,45.29,46.72,44.95,744568
2024-09-24,45.35,46.46,46.83,44.9539,407885
2024-09-25,46.4,45.67,47.44,45.31,812488
2024-09-26,47.12,47.08,47.76,45.26,430101
2024-09-27,47.87,46.39,48.2099,46.23,407878
2024-09-30,46.03,45.18,47.435,45.0393,663376
2024-10-01,44.63,43.4,44.905,42.35,801638
2024-10-02,43.4,43.28,43.69,42.21,537498
2024-10-03,42.39,42.79,42.97,41.7601,597673
2024-10-04,43.97,43.34,44.54,43.17,341909
2024-10-07,42.11,42.15,43.07,41.96,684877
2024-10-08,42.47,42.54,43.0,41.75,414500
2024-10-09,42.26,41.45,42.3,40.925,350149
2024-10-10,40.8,41.65,41.74,39.8,618035
2024-10-11,41.5,44.47,44.77,41.37,785279
2024-10-14,44.22,46.64,46.93,43.7,652091
2024-10-15,46.57,46.31,47.51,46.02,647375
2024-10-16,46.71,45.07,46.71,44.3,577902
2024-10-17,45.24,45.52,47.01,44.75,779831
2024-10-18,45.59,46.93,46.9872,45.185,396159
2024-10-21,46.56,45.35,46.56,44.19,509416
2024-10-22,44.36,43.81,44.76,43.705,502282
2024-10-23,43.17,41.09,43.76,40.91,603360
2024-10-24,41.57,40.24,41.97,40.21,559860
2024-10-25,40.53,40.6,42.38,40.23,593422
2024-10-28,40.92,42.52,42.78,40.64,599434
2024-10-29,42.05,42.65,42.77,41.4,356929
2024-10-30,41.97,43.18,44.14,41.75,386380
2024-10-31,42.45,40.36,42.69,40.32,592833
2024-11-01,40.89,41.57,42.0,40.465,657566
2024-11-04,41.34,42.05,42.99,40.69,638258
2024-11-05,41.46,43.14,43.19,41.17,707505
2024-11-06,45.69,45.42,46.18,43.71,1022275
2024-11-07,45.78,45.52,46.82,45.32,856370
2024-11-08,45.39,45.4,46.555,44.79,638602
2024-11-11,46.51,47.28,48.83,46.21,746673
2024-11-12,45.95,45.26,47.41,44.83,1106725
2024-11-13,45.52,42.49,46.44,42.1,962120
2024-11-14,42.58,38.96,42.89,38.89,1249241
2024-11-15,39.2,36.89,39.2,36.76,2073267
2024-11-18,44.0,41.43,44.35,40.0401,2049980
2024-11-19,41.72,41.32,41.7585,40.27,1235906
2024-11-20,41.01,41.11,41.6899,40.22,760070
2024-11-21,41.18,41.66,42.99,39.81,804156
2024-11-22,41.75,42.23,42.96,40.871314,717627
2024-11-25,43.41,46.4,47.45,43.41,1303177
2024-11-26,46.58,46.34,47.5,45.81,652517
2024-11-27,46.96,48.32,49.13,46.93,691981
2024-11-29,48.64,49.18,49.97,48.48,508411
2024-12-02,49.09,50.3,50.42,48.645,739453
2024-12-03,49.63,50.61,50.92,48.78,751975
2024-12-04,51.0,52.43,53.46,50.4875,1176853
2024-12-05,52.56,50.74,52.8499,50.45,658169
2024-12-06,51.48,52.7,53.59,51.43,512209
2024-12-09,52.78,51.65,53.91,51.3622,743334
2024-12-10,51.65,51.56,53.06,51.3,657791
2024-12-11,52.44,48.86,52.57,48.36,828794
2024-12-12,48.44,47.39,50.24,47.07,783364
2024-12-13,47.93,47.5,48.09,46.56,814078
2024-12-16,46.88,48.43,49.75,46.64,927489
2024-12-17,47.66,48.4,49.7,47.33,738557
2024-12-18,48.47,44.61,48.91,43.68,1074835
2024-12-19,44.61,43.62,45.18,43.15,969225
2024-12-20,43.29,47.94,48.0,42.89,2278043
2024-12-23,47.89,48.12,48.49,46.475,791473
2024-12-24,48.19,48.9,49.21,47.7119,221995
2024-12-26,48.34,49.225,49.3794,47.64,487329
2024-12-27,48.59,48.165,48.77,46.42,600730
2024-12-30,47.15,47.23,47.855,45.7621,457422
2024-12-31,47.33,46.47,47.8,46.08,512799
2025-01-02,47.25,45.31,47.25,44.59,622224
2025-01-03,45.34,47.33,47.845,45.1,512193
2025-01-06,47.36,48.51,49.35,47.36,683242
2025-01-07,48.78,45.62,51.31,45.28,814582
2025-01-08,45.2,45.12,45.795,43.48,660920
2025-01-10,43.5,43.6,44.78,42.6723,807199
2025-01-13,42.35,43.58,43.62,41.06,489464
2025-01-14,44.26,42.75,45.97,42.28,916129
2025-01-15,45.0,45.48,47.28,44.74,741351
2025-01-16,45.46,45.87,46.28,44.35,670750
2025-01-17,46.91,47.56,48.8,46.01,617067
2025-01-21,48.33,50.45,51.36,48.2401,721561
2025-01-22,50.51,52.34,53.9,50.45,769355
2025-01-23,51.75,53.3,55.18,49.135,995618
2025-01-24,53.25,54.07,55.3325,52.6,1007103
2025-01-27,51.18,52.23,54.21,50.68,580065
2025-01-28,52.51,51.86,52.91,51.01,410507
2025-01-29,51.01,49.52,51.49,49.4,808454
2025-01-30,50.25,51.14,52.9,50.25,714155
2025-01-31,51.33,52.37,53.95,50.69,1128169
2025-02-03,45.3,52.75,53.0075,45.3,1534482
2025-02-04,53.39,52.02,54.39,49.43,826000
2025-02-05,52.02,53.66,54.18,51.39,942529
2025-02-06,54.0,53.7,54.74,52.85,1057059
2025-02-07,53.71,52.3,54.26,51.04,883069
2025-02-10,51.8,48.63,51.8,47.66,1601168
2025-02-11,47.5,46.2,48.7,46.17,1012979
2025-02-12,45.33,45.37,46.2125,43.925,1182910
2025-02-13,46.1,46.87,47.18,44.81,824616
2025-02-14,47.5,47.59,48.34,46.81,809219
2025-02-18,49.4,46.7,51.0,46.24,1034060
2025-02-19,46.7,47.98,48.42,45.9,927423
2025-02-20,47.97,45.08,48.58,44.33,801874
2025-02-21,45.91,41.31,46.37,40.9,1567846
2025-02-24,41.67,41.2,42.33,40.6,1057086
2025-02-25,41.19,40.81,41.76,39.0633,1161139
2025-02-26,40.88,41.33,42.64,40.61,712066
2025-02-27,41.58,38.56,42.23,38.48,854229
2025-02-28,38.145,38.82,39.92,37.5975,969054
2025-03-03,39.04,37.11,39.27,36.34,1707652
2025-03-04,36.0,39.68,40.835,34.35,2703431
2025-03-05,39.76,42.05,42.3,39.24,1351045
2025-03-06,40.52,39.18,42.25,38.94,1166264
2025-03-07,38.97,39.43,39.73,35.21,1257798
2025-03-10,38.33,36.71,38.87,34.665,1733552
2025-03-11,36.54,39.13,40.63,35.54,1776888
2025-03-12,40.21,39.32,41.45,38.47,1121029
2025-03-13,39.13,39.12,39.8,37.92,1013306
2025-03-14,40.06,39.96,40.89,39.5,767296
2025-03-17,39.81,42.34,42.64,39.26,862150
2025-03-18,41.13,40.57,41.73,39.77,749860
2025-03-19,41.04,41.7,43.28,40.3,963538
2025-03-20,40.73,42.05,43.1,40.73,911513
2025-03-21,41.86,42.89,43.57,40.5,1319967
2025-03-24,43.66,44.94,45.25,43.445,725398
2025-03-25,44.84,44.25,44.845,43.39,666505
2025-03-26,44.14,41.88,44.94,41.25,810318
2025-03-27,41.69,41.58,42.32,40.3,643769
2025-03-28,41.08,40.36,41.44,39.76,559842
2025-03-31,38.89,39.26,39.87,37.12,1265909
2025-04-01,39.14,38.94,40.7956,37.44,1116092
2025-04-02,38.38,38.21,40.38,37.57,1549007
2025-04-03,34.765,37.5,38.2,34.765,1760698
2025-04-04,35.81,36.19,37.53,33.68,2398408
2025-04-07,33.55,36.99,40.42,33.16,2150266
2025-04-08,38.67,35.18,39.69,34.38,1309122
2025-04-09,34.17,40.27,41.27,34.17,2589134
2025-04-10,37.84,36.63,38.2675,34.91,1683843
2025-04-11,36.79,38.85,39.4,36.0701,1136091
