2019-12-04,12.57,12.61305,12.646,12.57,7950
2019-12-05,12.605,12.73895,12.78,12.605,22898
2019-12-06,12.81,12.9,12.95,12.81,15562
2019-12-09,12.96,12.6841,12.96,12.6841,19128
2019-12-10,12.67,12.69915,12.79,12.67,13432
2019-12-11,12.7,12.7713,12.805,12.7,17980
2019-12-12,12.93,12.8445,12.98,12.825,31992
2019-12-13,12.845,12.79835,12.8739,12.774,9212
2019-12-16,12.895,12.7746,12.895,12.7746,11988
2019-12-17,12.71,12.645,12.71,12.6349,9190
2019-12-18,12.65,12.8061,12.8095,12.65,4376
2019-12-19,12.825,12.78665,12.83,12.75,13572
2019-12-20,12.84375,12.735,12.9019,12.735,7618
2019-12-23,12.8,12.88165,12.88165,12.8,4702
2019-12-24,12.94605,12.8681,12.94605,12.8681,1752
2019-12-26,12.94505,12.995,13.08,12.94505,12960
2019-12-27,12.995,13.032,13.075,12.995,11758
2019-12-30,13.09,13.0599,13.095,13.05,6714
2019-12-31,13.0816,13.07925,13.1125,13.0425,43152
2020-01-02,13.135,13.12,13.135,13.07,8236
2020-01-03,13.1,13.165,13.195,13.1,6088
2020-01-06,13.16265,13.22,13.225,13.1133,20066
2020-01-07,13.1272,12.9574,13.135,12.9574,23556
2020-01-08,12.875,12.86285,12.89,12.305,15822
2020-01-09,12.8775,12.70365,12.93,12.695,38336
2020-01-10,12.71255,12.75,12.77755,12.705,28570
2020-01-13,12.84995,12.855,12.92,12.79085,12338
2020-01-14,12.85065,12.825,12.885,12.825,8620
2020-01-15,12.84,12.72,12.84,12.715,5906
2020-01-16,12.825,12.83215,12.86,12.805,13660
2020-01-17,12.875,12.765,12.905,12.685,15434
2020-01-21,12.7,12.575,12.7,12.575,7620
2020-01-22,12.575,12.543,12.58,12.51825,6000
2020-01-23,12.49,12.38205,12.49,12.325,17910
2020-01-24,12.425,12.255,13.455,12.255,13754
2020-01-27,12.065,11.965,12.065,11.965,13176
2020-01-28,12.025,11.905,12.025,11.905,6248
2020-01-29,11.875,11.8,11.875,11.755,4468
2020-01-30,11.625,11.78,11.78,11.625,1202
2020-01-31,11.755,11.74045,11.7737,11.7,20328
2020-02-03,11.825,12.0,12.023,11.825,2392
2020-02-04,12.1875,12.2467,12.265,12.1875,6376
2020-02-05,12.26,12.2925,12.2925,12.175,18254
2020-02-06,12.275,12.225,12.275,12.205,1448
2020-02-07,12.225,12.1799,12.4125,12.1799,1354
2020-02-10,12.175,12.11,12.175,12.08025,6480
2020-02-11,12.08,12.36015,12.385,12.08,4436
2020-02-12,12.345,12.6505,12.6505,12.345,9526
2020-02-13,12.59,12.5871,12.61555,12.5675,2822
2020-02-14,12.4614,12.4569,12.4875,12.4525,7214
2020-02-18,12.45,12.37,12.45,12.34685,7268
2020-02-19,12.405,12.395,12.43,12.3575,12808
2020-02-20,12.35,12.35,12.41645,12.35,6976
2020-02-21,12.34,12.225,12.34,12.21475,13894
2020-02-24,12.07,11.84,12.07,11.78755,6496
2020-02-25,11.7202,11.50835,11.7202,11.50835,3714
2020-02-26,11.5075,11.36665,11.51,11.35,7660
2020-02-27,11.06,11.1373,11.315,11.025,9922
2020-02-28,10.87,11.0128,11.0128,10.655,29026
2020-03-02,11.065,11.25365,11.255,11.065,8244
2020-03-03,11.525,11.30765,11.5525,11.30765,4018
2020-03-04,11.405,11.4684,11.5375,11.405,2102
2020-03-05,11.28,11.2585,11.29925,11.2425,4220
2020-03-06,11.145,11.109,11.145,11.00375,2712
2020-03-09,10.62,10.17,10.62,10.1,5172
2020-03-10,10.43,10.50415,10.6367,10.135,3496
2020-03-11,10.26,9.9186,10.26,9.9186,2074
2020-03-12,9.4,9.0666,9.4,8.89035,12756
2020-03-13,9.375,9.33595,9.375,9.0155,10352
2020-03-16,8.465,8.38585,8.5426,8.305,22018
2020-03-17,8.835,8.9962,9.02,8.7105,4092
2020-03-18,8.915,8.2893,8.915,8.2893,2610
2020-03-19,7.795,8.43685,8.54,7.7755,7438
2020-03-20,8.3664,8.3664,8.3664,8.3664,100
2020-03-23,8.37,8.14505,8.37,8.0,3778
2020-03-24,8.75,8.8019,8.8019,8.75,6428
2020-03-25,8.8,9.2067,9.3337,8.8,2852
2020-03-26,9.43,9.32,9.60605,9.25,18368
2020-03-27,9.395,9.3063,9.395,9.195,2918
2020-03-30,9.5025,9.81275,9.81275,9.45,2160
2020-03-31,9.8143,9.8475,9.955,9.81,8162
2020-04-01,10.0,9.93,10.0,9.77,2216
2020-04-02,10.1908,10.1908,10.1908,10.1908,42
2020-04-03,10.385,10.40075,10.40075,10.2825,2100
2020-04-06,10.54,10.66145,10.68,10.5,4166
2020-04-07,10.75,11.20265,11.215,10.75,5634
2020-04-08,11.39,11.30655,11.45495,11.21,12686
2020-04-09,11.345,11.43195,11.61,11.345,4034
2020-04-13,11.38,11.27925,11.38,11.27925,3762
2020-04-14,11.635,12.4,12.4,11.635,11530
2020-04-15,12.17,12.405,12.545,12.115,30020
2020-04-16,12.48,12.72,12.8425,12.48,22298
2020-04-17,12.86005,13.07,13.07,12.72,10384
2020-04-20,12.91,13.30675,13.655,12.91,40460
2020-04-21,13.26,12.95,13.27,12.79,19200
2020-04-22,13.24,13.46525,13.5325,13.0,18270
2020-04-23,13.675,13.7502,14.195,13.505,47500
2020-04-24,13.78405,13.8875,13.97,13.74,8402
2020-04-27,14.03,14.045,14.11,13.8,15822
2020-04-28,14.2,13.87365,14.205,13.795,18108
2020-04-29,14.02,13.965,14.025,13.9533,4234
2020-04-30,13.875,13.675,13.875,13.675,3628
2020-05-01,13.575,13.71755,13.71755,13.52465,6426
2020-05-04,13.88,14.17995,14.17995,13.72655,8644
2020-05-05,14.26,14.3,14.365,14.25,15792
2020-05-06,14.51,14.145,14.51,14.145,9946
2020-05-07,14.285,14.15375,14.454,14.15,6136
2020-05-08,14.245,14.3644,14.455,14.245,9794
2020-05-11,14.12,14.28685,14.3025,14.12,11868
2020-05-12,14.215,13.955,14.375,13.955,9392
2020-05-13,13.89,13.43,13.91,13.14505,12652
2020-05-14,13.2396,13.18,13.33885,12.885,15518
2020-05-15,13.295,13.33435,13.455,13.195,11198
2020-05-18,13.735,13.84945,13.935,13.735,15370
2020-05-19,13.79,13.645,13.835,13.645,6724
2020-05-20,14.21,13.79085,14.21,13.75,2408
2020-05-21,13.725,13.6982,13.77,13.6175,9348
2020-05-22,13.62,13.645,13.645,13.62,1926
2020-05-26,13.94,13.7936,13.945,13.745,4434
2020-05-27,13.9,14.078,14.078,13.675,2824
2020-05-28,14.215,14.04055,14.215,14.005,5848
2020-05-29,14.01,14.22225,14.22225,14.01,1556
2020-06-01,14.2175,14.22,14.22005,14.15725,6074
2020-06-02,14.155,14.28925,14.28925,14.155,2258
2020-06-03,14.165,14.1465,14.275,14.09375,3080
2020-06-04,13.965,13.9466,13.97,13.895,2944
2020-06-05,14.045,13.745,14.045,13.745,10406
2020-06-08,14.125,14.01625,14.125,13.945,7826
2020-06-09,13.8555,13.89415,13.89415,13.8555,1980
2020-06-10,13.9775,13.7849,13.9775,13.7849,902
2020-06-11,13.465,13.14,13.605,13.14,5796
2020-06-12,13.605,13.29105,13.605,13.0974,11452
2020-06-15,13.005,13.41145,13.485,13.005,3842
2020-06-16,13.415,13.3922,13.594,13.3922,3096
2020-06-17,13.37855,13.37855,13.37855,13.37855,72
2020-06-18,13.33305,13.33305,13.33305,13.33305,530
2020-06-19,13.47,13.2886,13.5,13.17955,4810
2020-06-22,13.141,13.3668,13.3668,13.141,1836
2020-06-23,13.45,13.3,13.45,13.3,1752
2020-06-24,13.075,13.1175,13.14,13.025,7082
2020-06-25,13.21955,13.19335,13.21955,13.19335,1806
2020-06-26,13.125,13.0,13.125,13.0,528
2020-06-29,13.075,13.075,13.075,13.075,418
2020-06-30,13.05,13.4249,13.4249,13.0,4936
2020-07-01,13.445,13.5746,13.575,13.33725,3270
2020-07-02,13.72195,13.675,13.87,13.675,5666
2020-07-06,13.675,14.08415,14.08415,13.675,4640
2020-07-07,14.035,14.104,14.2,14.035,9396
2020-07-08,14.3183,14.227,14.335,14.13935,8114
2020-07-09,14.2,14.075,14.21,14.00005,3952
2020-07-10,14.065,14.1517,14.26,14.0319,9496
2020-07-13,14.68,13.87315,14.68,13.87315,22194
2020-07-14,13.9,13.94,13.9858,13.8225,8630
2020-07-15,14.255,14.37705,14.4245,14.2425,4516
2020-07-16,14.345,14.325,14.40915,14.325,15152
2020-07-17,14.525,14.79125,14.84,14.325,7146
2020-07-20,15.35495,15.2905,15.81,15.175,89540
2020-07-21,15.425,15.3,15.445,15.3,32836
2020-07-22,15.505,15.7125,15.85,15.48805,28332
2020-07-23,15.945,15.84885,16.095,15.7569,23218
2020-07-24,15.83,15.8,15.9975,15.78845,17302
2020-07-27,16.165,16.20165,16.21,16.075,15842
2020-07-28,16.085,15.8,16.225,15.8,22256
2020-07-29,15.865,15.2152,15.865,15.0,34082
2020-07-30,14.96,14.8325,14.96,14.65005,19170
2020-07-31,15.005,15.1433,15.1433,14.8825,24042
2020-08-03,15.21,15.35145,15.38495,15.02785,30884
2020-08-04,15.41,15.525,15.59,15.38,31300
2020-08-05,15.755,15.52315,15.785,15.455,26376
2020-08-06,15.55,15.325,15.57625,15.325,13364
2020-08-07,15.325,15.35,15.35,15.24865,12614
2020-08-10,15.46,15.3254,15.56,15.28485,17818
2020-08-11,15.345,15.105,15.405,15.105,7726
2020-08-12,15.33,15.4525,15.51445,15.255,6364
2020-08-13,15.625,15.4543,15.625,15.425,12548
2020-08-14,15.5,15.36,15.53,15.35,13142
2020-08-17,15.475,15.525,15.64995,15.475,15066
2020-08-18,15.715,15.725,15.985,15.7,44658
2020-08-19,15.64,15.795,15.92,15.64,18482
2020-08-20,15.885,16.005,16.115,15.8335,21702
2020-08-21,15.94,15.9635,16.11,15.88,36080
2020-08-24,16.015,15.98,16.04,15.76,9794
2020-08-25,15.9983,16.25995,16.265,15.9,40430
2020-08-26,16.405,16.48105,16.54,16.19,30276
2020-08-27,16.5,16.59,16.79495,16.5,20948
2020-08-28,16.645,17.06,17.06,16.645,16412
2020-08-31,16.825,16.84,17.045,16.75,39886
2020-09-01,17.06,17.075,17.17,16.785,36054
2020-09-02,17.22,16.9875,17.22,16.9625,20782
2020-09-03,16.9033,16.315,16.995,16.25,32648
2020-09-04,16.4,16.15,16.4,15.77,22410
2020-09-08,15.885,15.555,15.885,15.555,30794
2020-09-09,15.825,15.9225,16.14,15.81,11516
2020-09-10,15.98,15.615,16.205,15.57165,16354
2020-09-11,15.7275,15.7,15.79995,15.47,13448
2020-09-14,15.82,16.17545,16.205,15.82,13434
2020-09-15,16.235,16.025,16.415,16.0055,21034
2020-09-16,16.08,15.9452,16.095,15.945,19852
2020-09-17,15.98,15.8495,15.98,15.77,5698
2020-09-18,16.275,15.65,16.275,15.625,23540
2020-09-21,15.435,15.075,15.435,14.935,23442
2020-09-22,15.005,15.056,15.056,15.0,3538
2020-09-23,15.01,14.5227,15.01,14.505,10156
2020-09-24,14.255,14.4717,14.63,14.22,74530
2020-09-25,14.47,14.62855,14.62855,14.47,1392
2020-09-28,14.65,14.6511,14.735,14.625,5504
2020-09-29,14.67,14.715,14.715,14.59935,9822
2020-09-30,14.63635,14.59,14.7025,14.55005,6636
2020-10-01,14.5775,14.4919,14.5775,14.44135,8910
2020-10-02,14.26,14.22685,14.29,14.1005,11574
2020-10-05,14.35,14.315,14.35,14.28,7070
2020-10-06,14.38,14.2104,14.5,14.2104,7044
2020-10-07,14.32,14.5,14.609,14.305,8162
2020-10-08,14.5,14.44375,14.53,14.37505,14210
2020-10-09,14.45,14.33,14.45,14.33,6004
2020-10-12,14.33005,14.29845,14.4539,14.25,10868
2020-10-13,14.28,14.13095,14.28,14.055,25460
2020-10-14,14.10185,14.075,14.125,14.045,16656
2020-10-15,13.89,13.75,13.89,13.75,18978
2020-10-16,13.74,13.7662,13.835,13.725,18232
2020-10-19,13.775,13.77,13.99,13.68,39994
2020-10-20,13.89,14.155,14.175,13.89,24538
2020-10-21,14.21,14.1833,14.3,14.1833,21508
2020-10-22,14.19,14.15,14.2,14.0975,9350
2020-10-23,14.25,14.0469,14.25,14.02005,11000
2020-10-26,14.025,13.855,14.025,13.7875,35344
2020-10-27,13.825,13.75,13.825,13.75,6598
2020-10-28,13.625,13.24,13.625,13.215,73420
2020-10-29,13.225,13.46965,13.52,13.225,19840
2020-10-30,13.48,13.5988,13.6599,13.475,17836
2020-11-02,13.675,13.50835,13.675,13.46505,10006
2020-11-03,13.61,13.6149,13.69,13.55,22742
2020-11-04,13.69,13.525,13.69,13.525,6378
2020-11-05,13.735,13.82305,13.855,13.725,18252
2020-11-06,13.92,13.975,14.025,13.875,19360
2020-11-09,14.53,14.04,14.53,14.04,28768
2020-11-10,14.025,14.25,14.305,14.015,9374
2020-11-11,14.275,14.6314,14.6314,14.26,37332
2020-11-12,14.78,14.39,14.855,14.39,30428
2020-11-13,14.4,14.42,14.514,14.4,26048
2020-11-16,14.61,14.375,14.61,14.2655,52522
2020-11-17,14.375,14.31745,14.405,14.29405,27796
2020-11-18,14.415,14.3,14.425,14.265,25782
2020-11-19,14.3,14.2864,14.3,14.12505,18504
2020-11-20,14.365,14.275,14.365,14.26055,6918
2020-11-23,14.31,14.43,14.46495,14.275,24220
2020-11-24,14.51,14.9,15.1695,14.4725,52848
2020-11-25,14.9,15.2,15.505,14.9,41414
2020-11-27,15.125,14.98,15.315,14.98,22984
2020-11-30,15.125,14.89,15.125,14.885,30260
2020-12-01,15.165,15.135,15.385,15.13,42732
2020-12-02,15.13,15.585,15.585,15.10505,37160
2020-12-03,15.685,15.79,15.9291,15.685,56614
2020-12-04,15.74,16.73485,16.85,15.59285,97488
2020-12-07,17.7,18.49,19.245,17.7,139164
2020-12-08,18.925,18.4195,18.925,18.12505,67182
2020-12-09,18.405,17.594,18.405,17.5,66910
2020-12-10,17.535,18.495,18.915,17.535,86482
2020-12-11,18.955,19.135,19.225,18.55,151986
2020-12-14,20.09,20.305,21.1875,20.005,271520
2020-12-15,20.645,20.515,20.89,20.04025,85008
2020-12-16,20.65,20.645,20.7524,20.5,92194
2020-12-17,20.69,20.645,21.0,20.52505,100860
2020-12-18,20.56,20.52775,20.64,20.29,53170
2020-12-21,20.255,20.19,20.58995,19.8,100506
2020-12-22,20.0,20.275,20.54995,20.0,56220
2020-12-23,20.36,20.95,21.19,20.35,163472
2020-12-24,21.075,20.732824,21.285,20.95,55818
2020-12-28,21.25,21.47,21.93,20.8575,169348
2020-12-29,22.42,21.495,22.42,21.25,69364
2020-12-30,21.53,21.78,22.0449,21.53,86218
2020-12-31,21.78,21.45,21.78,21.41425,63018
2021-01-04,21.935,21.575,21.95,21.405,130280
2021-01-05,21.715,22.89,23.035,21.715,181766
2021-01-06,23.255,23.42,23.995,23.0,190746
2021-01-07,23.575,24.065,24.29495,23.47,137560
2021-01-08,24.245,23.225,24.245,22.825,241472
2021-01-11,22.945,22.65,22.975,22.1825,157514
2021-01-12,22.64,21.66445,22.75,21.6525,110666
2021-01-13,21.815,22.24085,22.345,21.815,103724
2021-01-14,22.57,23.075,23.17845,22.5076,138786
2021-01-15,23.155,22.38695,23.375,22.31,173876
2021-01-19,22.385,21.835,22.385,21.60625,142124
2021-01-20,22.345,22.2458,22.345,21.82645,85516
2021-01-21,22.31,22.065,22.34,21.6559,62138
2021-01-22,21.69,21.5,21.69,21.285,94726
2021-01-25,21.45,21.875,21.875,21.415,69860
2021-01-26,22.1,22.105,22.36,21.81715,57104
2021-01-27,21.625,21.09555,21.625,21.03,88194
2021-01-28,21.0,20.9466,21.0,20.7122,70068
2021-01-29,20.68,20.46955,21.1426,20.34,101242
2021-02-01,20.63,22.2458,22.3725,20.52,216214
2021-02-02,22.935,22.51825,23.2,22.225,73080
2021-02-03,22.6,22.8,22.9775,22.43085,90802
2021-02-04,22.895,22.525,22.895,22.44,49760
2021-02-05,22.955,23.62,23.645,22.663,113522
2021-02-08,24.34,24.985,25.07995,24.325,159248
2021-02-09,25.695,25.505,25.94,25.24005,135728
2021-02-10,26.345,26.05,26.3999,25.39,161068
2021-02-11,26.14,26.25,27.055,25.9,178892
2021-02-12,26.385,26.5,26.745,26.21,95688
2021-02-16,29.155,29.4,29.885,28.00005,362258
2021-02-17,30.635,30.07,30.83495,29.26505,324968
2021-02-18,29.55,27.74,29.875,27.335,317640
2021-02-19,28.185,28.7,28.88,27.90005,238406
2021-02-22,28.725,28.72,29.1228,28.55005,264588
2021-02-23,28.53,27.925,28.53,26.7,237330
2021-02-24,27.5,28.06,28.165,27.01505,636902
2021-02-25,28.385,28.035,28.845,27.75085,455342
2021-02-26,27.94,26.715,27.94,26.225,424992
2021-03-01,28.055,27.365,28.15,27.05,535406
2021-03-02,27.53,28.745,28.79,27.37,539890
2021-03-03,29.37,29.065,30.0,28.8,492862
2021-03-04,28.96,27.065,28.96,26.6055,419284
2021-03-05,27.1,26.725,27.495,25.325,389092
2021-03-08,26.85,26.2,27.035,26.0,159620
2021-03-09,26.815,27.17,27.42495,26.74815,169118
2021-03-10,27.26,26.7275,27.29,26.515,114752
2021-03-11,27.525,27.845,27.87,27.125,276208
2021-03-12,27.66,28.5,28.67,27.65005,115592
2021-03-15,29.13,30.065,30.065,28.795,347474
2021-03-16,30.895,31.335,32.0,30.615,583584
2021-03-17,31.08,31.245,31.3564,30.25,326946
2021-03-18,31.5,30.37,31.92,30.25,263774
2021-03-19,30.51,30.055,30.51,29.385,205906
2021-03-22,30.43,29.88,30.49995,29.86,201240
2021-03-23,29.88,28.395,29.88,28.285,361484
2021-03-24,28.82,28.29,29.0,28.01,279332
2021-03-25,28.005,27.955,28.05,27.0729,238048
2021-03-26,28.14,28.75,28.98,28.0,212416
2021-03-29,28.95,28.54,28.95,27.875,175394
2021-03-30,28.195,28.085,28.345,27.62505,410968
2021-03-31,27.81,27.715,28.60965,27.585,242876
2021-04-01,28.58,29.465,29.57,28.0,213544
2021-04-05,30.57,31.49,31.5,30.0,584236
2021-04-06,31.575,30.98,32.0,30.7803,281676
2021-04-07,31.395,30.5,31.64,30.25505,208090
2021-04-08,30.15,30.99,30.995,30.15,212586
2021-04-09,31.11,30.625,31.19,30.53005,130084
2021-04-12,30.625,29.2,30.625,29.015,337070
2021-04-13,28.96,28.775,29.22495,28.525,220038
2021-04-14,29.16,28.59,29.495,28.52755,297146
2021-04-15,29.295,28.675,29.295,28.45005,307850
2021-04-16,28.94,28.49,29.0,28.1,218918
2021-04-19,28.86,27.91,28.86,27.66,199002
2021-04-20,27.97,27.425,27.97,26.67835,211688
2021-04-21,27.515,28.0,28.0575,27.4475,272700
2021-04-22,28.13,27.3,28.13,27.235,157492
2021-04-23,27.5,27.765,27.895,27.49245,63546
2021-04-26,27.95,28.16,28.34,27.95,239736
2021-04-27,28.1,28.195,28.455,28.0,175284
2021-04-28,28.36,29.33,29.36495,28.2,166248
2021-04-29,29.86,29.42,30.14,29.025,397898
2021-04-30,29.595,29.5,29.82495,29.23465,329770
2021-05-03,30.095,31.315,31.355,29.925,417708
2021-05-04,31.49,31.165,31.73,31.0,374686
2021-05-05,32.0,32.505,32.675,31.505,323716
2021-05-06,33.22,32.975,33.47,32.55,519340
2021-05-07,33.205,34.285,34.3125,32.935,518110
2021-05-10,34.875,33.74,34.875,33.57,579536
2021-05-11,32.74,33.16,33.4,32.13,432932
2021-05-12,33.5,32.14,33.5,31.755,410848
2021-05-13,31.6,30.89,31.975,30.44,386980
2021-05-14,31.5,32.375,32.385,31.24,286346
2021-05-17,32.875,33.1,33.54995,32.595,297680
2021-05-18,33.815,33.605,34.0,33.5,324158
2021-05-19,33.275,32.75,33.42,32.12915,312168
2021-05-20,33.01,33.05,33.15495,32.545,196804
2021-05-21,33.0,32.52,33.32,32.52,149436
2021-05-24,32.575,32.48,32.73785,32.315,112990
2021-05-25,32.48,31.76,32.48,31.73,147626
2021-05-26,31.96,32.32,32.48445,31.96,183986
2021-05-27,32.49,33.28,33.49995,32.05485,678978
2021-05-28,33.905,33.155,34.09325,32.78,439020
2021-06-01,33.815,34.45,34.555,33.5,436684
2021-06-02,35.09,34.595,35.2475,34.51005,239244
2021-06-03,34.5,34.16,34.665,33.74505,363290
2021-06-04,34.55,34.915,35.11,34.315,260976
2021-06-07,34.98,35.415,35.6,34.915,429936
2021-06-08,35.485,35.03,35.5,34.9,257896
2021-06-09,35.345,34.65,35.345,34.55,281916
2021-06-10,34.955,35.17,35.34495,34.52635,158120
2021-06-11,35.57,35.325,35.63425,35.21005,236252
2021-06-14,35.25,33.27,35.29355,32.65,1010932
2021-06-15,33.5,33.62,33.7175,33.05005,310712
2021-06-16,33.7,33.57,33.955,33.19115,206234
2021-06-17,32.92,31.95,33.2225,31.18505,759830
2021-06-18,31.25,31.0,31.72,30.75,365870
2021-06-21,30.975,31.145,31.25,30.32505,332026
2021-06-22,31.2,31.13,31.46,30.82005,299632
2021-06-23,31.22,31.37,31.775,31.15,303638
2021-06-24,31.845,32.375,32.49995,31.5775,280050
2021-06-25,32.66,32.21,32.74995,32.11,334300
2021-06-28,32.13,31.35,32.185,31.25,329852
2021-06-29,31.22,30.575,31.695,30.5002,331306
2021-06-30,30.55,31.265,31.4564,30.53,233388
2021-07-01,31.36,31.545,32.05,30.965,414214
2021-07-02,31.905,31.315,31.99995,31.0425,137246
2021-07-06,31.48,30.61,31.6854,30.325,330358
2021-07-07,30.385,30.015,30.56,29.7,296258
2021-07-08,29.7,29.15,29.783,29.005,305520
2021-07-09,29.475,29.615,29.8527,29.205,174024
2021-07-12,29.415,29.235,29.615,29.1703,187906
2021-07-13,29.055,28.9,29.23,28.8208,221888
2021-07-14,29.0,28.52,29.2418,28.405,367698
2021-07-15,28.55,28.3,28.55,28.00005,344546
2021-07-16,28.43,27.6,28.43,27.30145,386986
2021-07-19,26.745,26.325,26.8757,26.0,541890
2021-07-20,26.24,27.165,27.31,26.17125,370330
2021-07-21,27.85,28.485,28.71995,27.75,266502
2021-07-22,28.925,28.65,29.58,28.095,173134
2021-07-23,28.745,28.48,28.955,28.3473,91238
2021-07-26,28.58,28.67,28.99995,28.375,134290
2021-07-27,28.69,28.245,28.8,28.05,103750
2021-07-28,28.105,29.36,29.60745,28.105,235106
2021-07-29,29.85,29.975,30.24995,29.65,483706
2021-07-30,29.79,29.605,29.95,29.5,227104
2021-08-02,30.0,29.495,30.07,29.25005,107626
2021-08-03,29.515,29.105,29.515,28.95,113386
2021-08-04,29.14,28.4,29.2425,28.28,101806
2021-08-05,28.425,28.555,28.84,28.215,57206
2021-08-06,28.465,28.405,28.5141,28.04,59096
2021-08-09,28.15,27.855,28.395,27.775,157170
2021-08-10,27.955,28.55,28.6125,27.955,191382
2021-08-11,28.745,28.56,28.75,28.215,104870
2021-08-12,28.38,28.275,28.465,28.08,113064
2021-08-13,28.08,27.615,28.08,27.525,218882
2021-08-16,27.285,26.85,27.285,26.65,190708
2021-08-17,26.32,26.11,26.57,26.01,225882
2021-08-18,26.115,26.275,26.734,26.03575,106704
2021-08-19,25.87,25.425,26.1368,25.3073,273724
2021-08-20,25.165,25.685,25.8,25.165,178316
2021-08-23,26.535,27.48,27.51,26.535,209188
2021-08-24,28.01,28.15,28.27,27.955,122966
2021-08-25,28.41,28.395,28.5,28.23465,73504
2021-08-26,28.345,28.065,28.53055,28.0275,138892
2021-08-27,28.375,29.205,29.3045,28.355,345442
2021-08-30,29.675,29.95,29.95,29.37,371784
2021-08-31,30.395,31.385,31.455,30.395,261398
2021-09-01,31.825,32.48,32.48,31.565,381236
2021-09-02,33.33,35.425,35.425,33.25,1163892
2021-09-03,37.225,37.475,38.435,36.79005,901454
2021-09-07,38.99,39.115,39.43,38.75,1177802
2021-09-08,39.42,38.83,39.43345,37.7331,533536
2021-09-09,38.56,38.21,38.84,37.765,424706
2021-09-10,39.265,42.355,43.1504,38.91,2099820
2021-09-13,45.815,45.785,47.645,45.465,1869148
2021-09-14,45.81,44.68,46.44995,42.96,3084988
2021-09-15,46.7,49.185,49.245,46.3812,2445050
2021-09-16,49.0,47.78,49.0,46.69,1477472
2021-09-17,47.41,43.155,47.47,40.15,3490666
2021-09-20,39.265,39.825,40.65495,38.89,1470376
2021-09-21,42.165,41.175,42.37,41.09,788064
2021-09-22,41.995,41.14,43.005,41.04,644358
2021-09-23,41.585,40.68,41.765,40.05945,720426
2021-09-24,39.98,37.825,40.15,37.28,1137176
2021-09-27,38.59,40.035,40.12495,37.83,1220004
2021-09-28,39.5,38.71,39.89065,37.665,899264
2021-09-29,38.645,37.97,38.6858,37.57225,485860
2021-09-30,37.95,38.425,39.46,37.315,517262
2021-10-01,38.8,39.43,39.6,38.065,495138
2021-10-04,40.365,39.33,41.7937,39.125,1532912
2021-10-05,39.99,39.75,40.48,39.125,442206
2021-10-06,38.84,38.095,38.84,37.25,592136
2021-10-07,38.62,39.26,39.505,38.20005,305134
2021-10-08,39.36,37.945,39.79,37.815,575558
2021-10-11,38.33,38.805,39.36495,38.25005,947130
2021-10-12,39.165,44.05,44.385,38.90575,2368828
2021-10-13,45.74,47.565,48.99,43.89,2216754
2021-10-14,46.875,45.86,46.98,45.255,1004002
2021-10-15,45.595,45.27,45.7137,43.9,988450
2021-10-18,47.0,47.765,48.8275,46.9,1052922
2021-10-19,49.365,47.96,49.65,47.22,832100
2021-10-20,47.88,49.225,49.29,46.8,431100
2021-10-21,48.685,47.465,49.24,47.0755,751466
2021-10-22,48.22,47.04,48.22,45.8,488162
2021-10-25,47.55,47.705,48.99,47.5,661692
2021-10-26,47.59,47.345,48.26,46.89,482166
2021-10-27,47.26,44.72,47.475,44.65,771504
2021-10-28,45.175,44.945,45.45495,44.5325,406150
2021-10-29,45.05,43.835,45.2425,42.32,1088972
2021-11-01,44.0,45.105,45.59,43.84,485948
2021-11-02,45.145,44.655,45.365,43.9,468002
2021-11-03,44.93,48.41,48.575,44.91995,2197064
2021-11-04,49.025,48.655,49.555,47.57,816472
2021-11-05,48.85,47.85,48.87,47.07,650472
2021-11-08,48.86,50.775,51.325,48.5575,1656770
2021-11-09,51.81,51.13,52.0,49.0,1104524
2021-11-10,50.5,48.34,51.2554,47.57,1298006
2021-11-11,49.1,50.19,51.095,48.44,877602
2021-11-12,50.61,49.775,51.44,49.42455,574362
2021-11-15,50.895,48.77,51.75,48.225,684160
2021-11-16,48.64,46.645,48.825,46.125,1051268
2021-11-17,46.375,46.29,47.985,46.13,678560
2021-11-18,46.995,47.14,47.37995,45.675,486922
2021-11-19,46.35,44.655,46.35,44.515,636198
2021-11-22,44.225,42.335,44.525,42.26,1394918
2021-11-23,44.325,44.725,46.1524,44.2,748170
2021-11-24,44.985,44.805,45.23,44.085,286020
2021-11-26,42.405,42.59,42.65,40.9005,663696
2021-11-29,43.055,43.48,43.94,42.6,429980
2021-11-30,42.535,41.21,43.25455,39.8,757876
2021-12-01,42.0,39.66,42.4254,39.515,752708
2021-12-02,39.575,40.625,41.1225,39.485,627688
2021-12-03,40.375,38.74,41.32995,38.19,766660
2021-12-06,38.58,38.705,38.77,36.51505,662338
2021-12-07,40.235,41.33,41.725,40.075,708112
2021-12-08,41.2,41.31,42.025,40.56,546846
2021-12-09,41.29,39.925,41.5,39.67,605142
2021-12-10,40.205,38.625,40.225,38.3278,606726
2021-12-13,38.665,37.295,38.9525,37.08,667774
2021-12-14,36.45,36.345,37.07495,35.75,805394
2021-12-15,36.5,38.95,39.095,35.635,960524
2021-12-16,40.03,38.09,40.175,37.81,644306
2021-12-17,37.5,37.36,38.23205,36.73,571598
2021-12-20,36.23,36.625,36.82,35.565,500548
2021-12-21,37.525,39.095,39.27,37.08,545988
2021-12-22,38.82,38.43,38.82,38.2,324352
2021-12-23,39.285,39.25,39.75,38.65,272944
2021-12-27,39.88,38.74906,41.22645,39.5,467280
2021-12-28,39.2,37.26,39.54,37.01,668404
2021-12-29,37.125,36.235,37.315,36.08505,421234
2021-12-30,36.25,35.44,36.515,35.36,465926
2021-12-31,35.825,36.01,36.302,35.8,369640
2022-01-03,37.94,38.82,39.23115,37.365,777856
2022-01-04,39.575,39.61,39.9,38.0925,728520
2022-01-05,40.21,39.54,41.9781,39.13,1751334
2022-01-06,40.72,37.31,40.775,36.755,1159070
2022-01-07,37.895,38.65,38.765,36.9,412606
2022-01-10,38.62,37.86,38.62,36.945,445338
2022-01-11,38.28,38.3,38.61,37.14,308702
2022-01-12,38.725,38.255,39.58,38.02,414572
2022-01-13,38.5,36.695,38.635,36.525,510420
2022-01-14,36.5,36.325,36.8811,35.44,574494
2022-01-18,36.15,34.93,36.3,34.815,482198
2022-01-19,35.16,35.82,36.46495,35.16,495570
2022-01-20,36.045,34.83,36.72,34.66,438648
2022-01-21,34.185,32.61,34.18995,32.265,1022124
2022-01-24,30.72,32.66,32.73995,29.66505,1172978
2022-01-25,32.095,32.705,32.8925,30.9677,438530
2022-01-26,33.655,31.49,33.74,31.26,671244
2022-01-27,32.055,30.035,32.2245,29.965,847688
2022-01-28,30.17,31.225,31.39,29.76215,598620
2022-01-31,31.225,32.455,32.455,31.0,328442
2022-02-01,32.51,33.285,33.67415,32.03,535798
2022-02-02,33.555,32.66,34.195,32.3005,426994
2022-02-03,32.08,31.02,32.08,30.895,562972
2022-02-04,31.0,31.75,31.8725,30.65,232400
2022-02-07,32.365,32.965,33.1325,32.205,440926
2022-02-08,33.01,32.92,33.05,32.323,491876
2022-02-09,34.1,35.6,35.615,33.87,1017542
2022-02-10,34.99,34.75,36.4288,34.395,878094
2022-02-11,34.505,34.25,35.4,33.665,438950
2022-02-14,34.005,33.515,34.51,33.40005,380706
2022-02-15,33.72,34.355,34.43,33.605,308040
2022-02-16,34.34,33.86,34.54,33.75,281022
2022-02-17,33.755,32.995,34.04,32.79,318326
2022-02-18,32.845,32.3,33.475,32.08,350164
2022-02-22,32.09,32.33,32.865,31.5,540202
2022-02-23,33.055,32.5,33.464,32.41,836180
2022-02-24,31.505,33.82,34.0,31.265,997004
2022-02-25,34.66,35.705,35.705,33.60885,1004202
2022-02-28,37.115,38.15,38.29495,36.755,1468134
2022-03-01,39.37,38.12,39.37,37.25005,940610
2022-03-02,38.875,39.325,39.7425,37.9,1174740
2022-03-03,39.47,38.445,39.57495,37.87,730410
2022-03-04,35.21,36.045,36.4,34.0,2375660
2022-03-07,37.75,37.505,38.87185,37.215,1511934
2022-03-08,38.5,40.01,40.725,37.1,1758478
2022-03-09,40.5,42.65,43.25,39.09,1896098
2022-03-10,43.95,43.305,43.995,42.19,1604052
2022-03-11,43.285,41.945,43.5,41.8515,620602
2022-03-14,40.875,38.18,40.875,37.255,1530202
2022-03-15,37.0,37.995,38.06995,35.8055,710032
2022-03-16,38.59,37.775,38.995,36.17,737410
2022-03-17,38.925,40.97,41.01795,38.55005,955032
2022-03-18,41.415,41.09,41.59,40.06,352550
2022-03-21,41.84,42.535,43.5,41.81,756358
2022-03-22,43.185,43.12,43.48275,41.435,620520
2022-03-23,43.32,42.38,43.59,42.165,484590
2022-03-24,42.925,42.725,42.925,41.495,361248
2022-03-25,42.95,41.92,42.95,41.55,369926
2022-03-28,41.53,40.4,41.53,39.855,583986
2022-03-29,40.0,40.675,40.7125,38.31,700754
2022-03-30,40.56,40.645,42.04495,40.335,384906
2022-03-31,40.35,41.595,42.115,40.35,366044
2022-04-01,41.33,41.055,42.405,40.89,568960
2022-04-04,41.155,40.94,41.93205,40.71545,423746
2022-04-05,42.0,40.805,43.85,40.5,2390030
2022-04-06,41.205,41.365,41.425,40.015,1314506
2022-04-07,42.255,44.395,45.0,41.94225,2249202
2022-04-08,45.405,45.41,45.785,44.395,1007910
2022-04-11,45.0,44.7,45.40995,43.785,1074810
2022-04-12,45.58,44.905,46.06,44.705,1063942
2022-04-13,46.245,46.91,47.085,46.0,1148726
2022-04-14,47.275,46.44,47.425,46.02,1027170
2022-04-18,46.845,44.42,46.845,44.325,1066332
2022-04-19,44.475,44.02,44.71995,43.69,760444
2022-04-20,43.83,45.615,45.84,43.0,834530
2022-04-21,45.375,41.465,45.375,40.905,1409132
2022-04-22,41.55,39.295,41.74495,38.425,1406098
2022-04-25,38.04,38.005,38.49,36.13,1310908
2022-04-26,38.87,37.25,38.89,37.125,1013478
2022-04-27,37.8,37.67,38.97,37.47,514428
2022-04-28,37.65,37.745,37.905,35.88,1151132
2022-04-29,38.21,36.57,38.7925,36.375,947050
2022-05-02,35.885,35.83,36.105,34.715,966124
2022-05-03,35.845,36.73,37.15495,35.845,816282
2022-05-04,36.755,37.73,37.88,35.8,874868
2022-05-05,38.005,35.26,38.785,34.455,1200142
2022-05-06,34.96,34.76,35.1925,33.62,1394414
2022-05-09,33.545,31.605,33.545,31.3,1669800
2022-05-10,32.25,31.545,32.85,30.675,1488988
2022-05-11,31.845,30.33,32.475,30.155,1018346
2022-05-12,29.35,28.915,30.495,28.36,2023330
2022-05-13,30.425,31.445,32.37,30.425,1569584
2022-05-16,31.325,31.75,32.225,30.945,783888
2022-05-17,32.895,33.16,33.3125,31.97,1360080
2022-05-18,32.795,31.285,32.975,30.825,1023940
2022-05-19,30.89,31.87,32.31,30.89,970480
2022-05-20,32.5,32.03,32.6635,31.08,666934
2022-05-23,32.54,33.035,33.05995,31.93675,437670
2022-05-24,31.995,32.03,32.215,31.4,693446
2022-05-25,31.79,32.32,32.411,31.615,519378
2022-05-26,32.325,33.28,33.445,32.25,776036
2022-05-27,33.505,33.975,33.99,33.41,307886
2022-05-31,34.3,33.965,35.365,33.6,566626
2022-06-01,34.08,33.095,34.1925,32.84,411328
2022-06-02,32.995,35.245,35.615,32.995,688424
2022-06-03,35.0,34.405,35.0,34.235,560956
2022-06-06,34.74,34.61,35.015,34.275,309126
2022-06-07,34.17,37.035,37.79,33.685,1615006
2022-06-08,37.815,36.885,38.27,36.52005,1106664
2022-06-09,36.775,34.965,36.775,34.91,682750
2022-06-10,33.93,34.19,34.415,33.51,610858
2022-06-13,32.5,31.165,32.5475,30.935,1211552
2022-06-14,31.3,29.54,31.5,29.25925,1333658
2022-06-15,30.315,30.305,30.69,29.33,661218
2022-06-16,29.495,28.905,29.945,28.595,1259214
2022-06-17,29.02,28.925,29.625,28.48,684860
2022-06-21,29.92,29.88,30.544,29.605,639234
2022-06-22,29.1,28.46,29.1,28.21505,764472
2022-06-23,28.28,28.015,28.415,27.04,902100
2022-06-24,28.615,30.13,30.605,28.5595,1161228
2022-06-27,30.845,30.85,31.405,30.43,417014
2022-06-28,31.055,30.005,31.37,29.825,362164
2022-06-29,30.0,28.93,30.0,28.80005,430962
2022-06-30,28.595,28.57,28.66,27.595,505682
2022-07-01,28.175,29.345,29.435,28.125,368426
2022-07-05,28.405,28.035,28.51975,27.575,450882
2022-07-06,28.56,27.655,28.575,27.001,696490
2022-07-07,28.205,29.355,29.49,28.205,607448
2022-07-08,29.23,29.795,30.1075,29.22,323066
2022-07-11,29.23,28.8,29.31,28.61,401630
2022-07-12,28.565,28.36,28.8862,28.1958,213230
2022-07-13,28.165,28.37,28.69,27.475,541272
2022-07-14,27.78,28.925,28.945,27.44,456626
2022-07-15,29.24,29.435,29.435,28.67,498614
2022-07-18,30.02,30.1,30.63,29.935,660532
2022-07-19,30.275,31.51,31.625,30.2425,798852
2022-07-20,31.9,32.515,32.77,31.665,586030
2022-07-21,32.635,31.895,32.635,31.275,592536
2022-07-22,31.905,30.91,32.19,30.82,405660
2022-07-25,31.08,31.585,31.6,30.4136,363480
2022-07-26,31.705,31.525,31.915,31.055,479066
2022-07-27,32.05,33.81,34.325,32.05,1027400
2022-07-28,34.17,34.515,34.695,33.33,605818
2022-07-29,34.135,34.85,35.07,33.8861,434924
2022-08-01,34.29,33.83,34.495,33.66505,423330
2022-08-02,33.265,33.945,34.375,33.115,544664
2022-08-03,34.35,33.975,34.645,33.465,351466
2022-08-04,33.965,33.89,34.17,33.735,153642
2022-08-05,33.5,34.205,34.66495,32.715,290064
2022-08-08,34.525,34.7,35.42,34.47735,236434
2022-08-09,34.815,33.69,34.8792,33.385,283248
2022-08-10,34.18,34.415,34.485,33.855,292128
2022-08-11,34.83,34.275,35.205,34.22,345752
2022-08-12,34.455,34.03,34.455,33.82615,483866
2022-08-15,33.525,33.275,33.685,32.9,232860
2022-08-16,33.355,33.35,33.48,32.615,977860
2022-08-17,32.845,31.91,33.0,31.785,389934
2022-08-18,32.195,32.455,32.51695,32.07,431216
2022-08-19,32.2,31.205,32.2,31.005,387132
2022-08-22,30.77,31.105,31.17,30.5,630676
2022-08-23,31.155,32.045,32.355,31.155,390250
2022-08-24,33.62,36.67,36.79,33.41,1332234
2022-08-25,37.19,36.78,37.72,35.91,1120862
2022-08-26,36.505,35.34,36.7,35.07505,612648
2022-08-29,35.395,38.775,39.3,35.0726,1844726
2022-08-30,39.275,38.955,39.29,37.32505,1013224
2022-08-31,38.05,38.8,39.225,38.05,1079670
2022-09-01,38.695,36.73,38.695,36.155,1801112
2022-09-02,37.185,36.605,37.625,36.345,424596
2022-09-06,38.42,37.97,39.135,37.8955,903744
2022-09-07,38.555,38.455,38.635,37.43,504054
2022-09-08,38.64,40.2,40.35,38.4,1055108
2022-09-09,41.135,40.285,41.13545,39.625,585802
2022-09-12,40.795,39.95,40.795,39.65,330554
2022-09-13,38.5,38.13,39.315,37.955,819934
2022-09-14,38.5,38.995,39.71,38.135,635656
2022-09-15,38.665,37.12,38.91685,36.865,497062
2022-09-16,36.44,36.38,36.5348,35.68,423326
2022-09-19,35.49,36.535,36.7405,35.35,277148
2022-09-20,35.83,35.61,36.325,35.06,701664
2022-09-21,35.61,34.615,35.965,34.285,468496
2022-09-22,34.55,33.72,34.945,33.475,508524
2022-09-23,32.675,31.28,32.8374,30.75,1291978
2022-09-26,31.01,30.92,31.86,30.605,495590
2022-09-27,32.07,32.65,32.94995,31.7075,494798
2022-09-28,32.63,33.94,34.1775,31.615,816170
2022-09-29,33.79,32.675,33.79,32.335,373950
2022-09-30,32.92,32.5,33.575,32.06,594340
2022-10-03,33.065,33.765,33.985,32.615,365396
2022-10-04,34.555,35.215,35.31,34.35,424644
2022-10-05,34.525,35.19,35.3375,33.87,466234
2022-10-06,35.0,33.945,35.2943,33.81,268160
2022-10-07,33.59,33.45,34.25,33.175,301000
2022-10-10,33.24,31.435,33.24,30.775,626872
2022-10-11,31.59,31.875,32.745,31.39,508908
2022-10-12,31.375,31.925,32.39,30.575,774254
2022-10-13,31.1,33.095,33.24495,31.0,694208
2022-10-14,33.205,31.425,33.205,31.285,981152
2022-10-17,31.9,32.99,33.225,31.9,587422
2022-10-18,33.65,33.15,33.86,32.77,376386
2022-10-19,33.075,32.745,33.24995,32.54,360868
2022-10-20,33.135,32.775,33.84,32.605,205090
2022-10-21,32.75,34.055,34.195,32.75,418420
2022-10-24,34.11,33.395,34.11,32.955,302362
2022-10-25,33.24,34.365,34.45,33.24,295316
2022-10-26,34.45,35.225,35.59,34.397,500416
2022-10-27,35.645,34.205,35.81,34.095,304920
2022-10-28,34.145,34.575,34.7,33.7,252596
2022-10-31,34.16,33.63,34.17,33.135,304984
2022-11-01,34.05,33.325,34.5,33.26,198124
2022-11-02,33.535,32.22,33.635,32.12,344908
2022-11-03,31.88,32.35,33.07,31.815,252034
2022-11-04,32.955,33.025,33.435,32.355,234468
2022-11-07,33.6135,33.965,34.045,32.77015,509998
2022-11-08,33.5,34.67,35.27,33.5,829558
2022-11-09,34.45,32.715,34.45,32.54005,582556
2022-11-10,34.01,34.085,34.255,33.67205,228268
2022-11-11,34.35,35.4,35.685,34.2909,1556248
2022-11-14,35.185,35.105,35.4,34.7,437392
2022-11-15,35.575,35.045,35.575,34.93,350508
2022-11-16,34.795,33.345,34.8,33.235,427384
2022-11-17,32.76,32.66,32.96495,32.4172,725460
2022-11-18,32.5,32.55,32.675,32.23,442856
2022-11-21,32.34,31.835,32.5,31.36,668202
2022-11-22,32.125,32.59,32.66,32.125,432152
2022-11-23,32.695,33.25,33.27,32.695,222084
2022-11-25,33.285,33.16,33.285,32.88005,101054
2022-11-28,32.775,31.86,32.795,31.71,324854
2022-11-29,32.12,32.26,32.41,31.90005,231406
2022-11-30,32.46,34.04,34.04,32.46,300040
2022-12-01,34.0,33.025,34.29,32.95,256064
2022-12-02,32.875,33.175,33.33,32.675,177704
2022-12-05,33.1,31.535,33.175,31.395,315614
2022-12-06,31.49,30.525,31.535,30.37,562664
2022-12-07,30.525,30.465,30.9,30.055,285890
2022-12-08,30.755,31.335,31.49,30.755,290786
2022-12-09,31.335,30.88,31.675,30.755,245514
2022-12-12,31.0,31.37,31.37,30.97415,232788
2022-12-13,31.985,31.17,31.985,30.88,261006
2022-12-14,31.015,30.865,31.20495,30.5,202404
2022-12-15,30.4,30.175,30.775,30.0,260740
2022-12-16,30.105,30.455,30.715,30.105,354748
2022-12-19,30.62,29.84,30.62,29.72495,511300
2022-12-20,29.865,30.0,30.23995,29.735,365928
2022-12-21,30.45,30.81,30.85,30.27,341783
2022-12-22,30.9,30.4,30.9,29.723,178071
2022-12-23,30.83,31.01,31.16,30.5433,228974
2022-12-27,31.32,31.54,31.7042,30.77,299722
2022-12-28,31.54,30.5,31.54,30.5,185058
2022-12-29,30.85,31.15,31.2607,30.7,204008
2022-12-30,31.13,31.74,31.8,30.7,499166
2023-01-03,31.89,31.49,32.07,31.34,284054
2023-01-04,31.65,31.56,31.8099,31.14,121253
2023-01-05,31.7,31.85,32.0,31.16,104029
2023-01-06,31.97,33.48,33.5,31.97,346281
2023-01-09,34.33,34.39,35.01,34.0001,527411
2023-01-10,34.26,34.76,34.8599,34.0,209548
2023-01-11,35.31,34.87,35.31,34.3621,188623
2023-01-12,35.1,34.9,35.15,34.202,252746
2023-01-13,34.67,35.02,35.1035,34.5,166741
2023-01-17,35.0,34.79,35.18,34.57,183516
2023-01-18,35.16,33.99,35.43,33.91,279793
2023-01-19,33.74,34.52,34.6399,33.6,824732
2023-01-20,34.54,35.62,35.65,34.2638,505570
2023-01-23,35.85,36.09,36.25,35.52,328193
2023-01-24,35.94,36.19,36.2999,35.56,270372
2023-01-25,35.79,36.38,36.4799,35.255,423234
2023-01-26,36.5,36.15,36.86,35.84,569243
2023-01-27,36.19,36.89,37.13,36.152,551190
2023-01-30,36.85,37.2,37.93,36.675,769313
2023-01-31,36.91,36.52,37.0,36.32,489509
2023-02-01,36.42,37.77,38.08,36.25,906306
2023-02-02,38.35,37.49,38.63,37.02,586628
2023-02-03,37.09,35.3,37.09,35.25,702517
2023-02-06,35.2,34.66,35.21,34.39,410362
2023-02-07,34.98,35.61,35.75,34.71,435061
2023-02-08,35.9,35.2,36.0,35.13,337689
2023-02-09,35.87,35.79,36.53,35.575,755996
2023-02-10,35.66,36.13,36.1402,35.5,284519
2023-02-13,36.13,35.77,36.13,35.5,255413
2023-02-14,35.63,36.17,36.35,35.3759,194478
2023-02-15,36.11,36.28,36.365,35.66,213896
2023-02-16,35.89,35.43,35.98,35.07,273599
2023-02-17,35.08,35.13,35.29,34.65,792358
2023-02-21,34.98,33.41,34.98,33.33,502542
2023-02-22,33.581,32.94,33.64,32.6901,306371
2023-02-23,33.63,33.61,33.73,33.1737,495775
2023-02-24,33.35,33.41,33.648,32.96,292179
2023-02-27,33.35,33.49,33.72,33.03,239295
2023-02-28,33.56,33.56,33.7895,33.05,204171
2023-03-01,33.78,34.16,34.16,33.67,220314
2023-03-02,33.91,33.74,33.91,33.47,316838
2023-03-03,33.74,34.32,34.5,33.74,296890
2023-03-06,34.19,32.95,34.215,32.9,328526
2023-03-07,32.9,31.76,32.92,31.611,358287
2023-03-08,31.76,31.58,31.98,31.28,221684
2023-03-09,31.58,31.34,31.895,31.07,266298
2023-03-10,31.47,30.57,31.47,30.44,364651
2023-03-13,30.72,30.63,31.368,30.0,451207
2023-03-14,30.7,30.44,30.7702,30.12,250265
2023-03-15,29.99,28.99,29.99,28.22,1204385
2023-03-16,28.99,29.3,29.52,28.67,358504
2023-03-17,29.49,29.7,29.8,29.06,658718
2023-03-20,29.94,29.75,29.9789,29.63,336019
2023-03-21,30.23,30.11,30.36,29.65,539998
2023-03-22,30.45,29.66,30.45,29.6501,538399
2023-03-23,29.51,29.29,30.14,29.0726,249777
2023-03-24,29.0,28.99,29.02,28.41,278576
2023-03-27,28.99,29.33,29.5,28.82,241855
2023-03-28,29.64,30.16,30.16,29.47,175777
2023-03-29,30.23,30.69,30.72,30.06,157304
2023-03-30,30.9,31.32,31.33,30.9,194219
2023-03-31,31.32,31.37,31.44,30.87,188749
2023-04-03,31.68,31.35,31.9011,31.205,299337
2023-04-04,31.38,30.63,31.4,30.3,231324
2023-04-05,30.21,29.59,30.27,29.4,297973
2023-04-06,29.59,29.57,29.6,29.1,217935
2023-04-10,29.62,29.88,29.93,29.35,328600
2023-04-11,29.95,30.45,30.56,29.9,461404
2023-04-12,30.72,30.28,30.88,30.1,169148
2023-04-13,30.24,31.13,31.38,30.24,299859
2023-04-14,31.5,30.75,31.5,30.39,178300
2023-04-17,30.72,30.29,30.72,30.135,189650
2023-04-18,30.3,30.07,30.45,29.87,373122
2023-04-19,29.87,29.78,29.87,29.5313,244847
2023-04-20,29.55,29.65,29.95,29.55,296278
2023-04-21,29.52,29.38,29.575,29.09,267381
2023-04-24,29.35,29.41,29.43,29.16,343841
2023-04-25,29.36,29.56,29.63,29.2,305191
2023-04-26,29.56,29.44,30.2999,29.41,367192
2023-04-27,29.74,30.11,30.25,29.68,233149
2023-04-28,30.28,31.05,31.13,30.02,391754
2023-05-01,30.93,30.3,30.99,30.1551,186804
2023-05-02,29.99,29.78,30.04,29.58,173265
2023-05-03,29.66,29.61,30.2116,29.585,461832
2023-05-04,29.81,29.96,29.99,29.6,157457
2023-05-05,30.16,31.15,31.29,30.16,193826
2023-05-08,31.39,31.34,31.43,31.08,209240
2023-05-09,31.14,32.36,32.4,31.0252,321484
2023-05-10,32.76,32.74,33.1113,32.3,238508
2023-05-11,32.49,31.7,32.55,31.38,212802
2023-05-12,31.55,31.84,32.01,31.525,123565
2023-05-15,31.79,31.8,32.03,31.69,77628
2023-05-16,31.72,30.91,31.72,30.91,170181
2023-05-17,30.82,31.05,31.135,30.655,156440
2023-05-18,31.0,30.95,31.0,30.56,125038
2023-05-19,31.29,31.07,31.49,30.91,103803
2023-05-22,30.8,31.9,32.37,30.8,188787
2023-05-23,31.64,31.48,31.87,31.1,255114
2023-05-24,31.0,30.75,31.105,30.57,135616
2023-05-25,30.5,30.18,30.7806,30.1,106684
2023-05-26,30.35,30.18,30.6411,29.9,141319
2023-05-30,29.86,29.3,30.08,28.79,294522
2023-05-31,29.25,30.5,30.63,28.86,312999
2023-06-01,30.76,32.79,33.15,30.76,719494
2023-06-02,33.38,33.1,33.6,32.72,325924
2023-06-05,33.06,33.1,33.87,32.79,497066
2023-06-06,33.35,33.44,33.49,32.56,211835
2023-06-07,33.45,33.0,33.71,32.95,193090
2023-06-08,32.97,33.99,34.04,32.92,503179
2023-06-09,33.83,33.87,34.03,33.12,260939
2023-06-12,33.82,34.96,34.96,33.7531,482540
2023-06-13,35.49,34.72,36.16,34.3717,741343
2023-06-14,34.93,34.1,34.93,33.82,621735
2023-06-15,34.03,34.72,34.83,33.932,277533
2023-06-16,34.86,34.87,34.9289,34.49,373363
2023-06-20,34.71,34.41,34.82,33.85,340573
2023-06-21,33.95,34.22,34.5,33.71,465293
2023-06-22,33.77,33.41,33.9013,32.87,292215
2023-06-23,32.93,32.86,33.25,32.75,194333
2023-06-26,32.75,32.96,33.295,32.75,218076
2023-06-27,32.77,32.72,32.985,32.55,104963
2023-06-28,32.59,32.99,33.33,32.55,201647
2023-06-29,33.07,33.24,33.48,32.84,78776
2023-06-30,33.24,33.57,33.75,33.24,154848
2023-07-03,33.43,33.36,33.78,33.2001,202411
2023-07-05,33.31,33.17,33.565,32.9356,173103
2023-07-06,32.93,31.74,32.94,31.65,458040
2023-07-07,31.62,32.25,32.68,31.62,208520
2023-07-10,32.0,32.8,32.82,32.0,221570
2023-07-11,32.7,33.26,33.3,32.7,187228
2023-07-12,33.3,33.61,34.0378,33.3,296321
2023-07-13,34.0,34.58,34.6875,33.8,455692
2023-07-14,34.58,33.59,34.6099,33.53,300401
2023-07-17,33.57,33.75,33.7799,33.14,250289
2023-07-18,33.61,34.45,34.4999,33.4322,246203
2023-07-19,34.55,34.16,34.64,33.89,264387
2023-07-20,34.12,33.7,34.2,33.56,152129
2023-07-21,33.68,33.28,33.76,33.1811,126003
2023-07-24,33.12,33.45,33.79,33.12,213447
2023-07-25,33.99,34.39,34.7,33.5,244046
2023-07-26,34.33,34.01,34.33,33.63,219896
2023-07-27,34.01,33.02,34.01,32.86,272840
2023-07-28,33.3,33.5,33.77,33.28,205743
2023-07-31,33.99,34.75,34.85,33.86,364297
2023-08-01,34.45,34.75,34.814,34.271,147231
2023-08-02,34.61,34.11,34.61,33.13,546532
2023-08-03,34.2,34.21,34.53,33.75,399975
2023-08-04,34.22,34.4,34.86,34.12,236229
2023-08-07,34.97,34.9,35.41,34.69,485233
2023-08-08,34.69,35.07,35.0951,34.0,276950
2023-08-09,35.06,35.18,35.31,34.75,590350
2023-08-10,35.6,35.35,36.41,35.1901,526367
2023-08-11,35.27,36.01,36.01,34.9633,553762
2023-08-14,35.93,35.56,35.93,35.1601,225040
2023-08-15,35.55,34.7,35.55,34.5901,254092
2023-08-16,34.57,34.75,35.2,34.57,415531
2023-08-17,34.75,34.55,34.8675,34.4,329580
2023-08-18,34.34,35.64,35.73,34.25,391385
2023-08-21,35.94,37.15,37.19,35.94,919408
2023-08-22,37.58,37.35,37.59,36.6803,333246
2023-08-23,37.18,37.69,37.89,37.0,357511
2023-08-24,37.59,37.05,37.59,37.02,292636
2023-08-25,37.26,37.74,37.82,36.5001,303679
2023-08-28,38.04,38.03,38.19,37.8,427205
2023-08-29,38.02,37.86,38.1826,37.6118,313264
2023-08-30,37.57,38.5,38.91,37.57,500854
2023-08-31,38.72,38.52,38.8399,37.86,343570
2023-09-01,39.0,39.1,39.52,38.75,375110
2023-09-05,39.73,40.64,40.72,39.73,695975
2023-09-06,40.72,40.16,40.91,39.71,422702
2023-09-07,39.4,39.73,39.9299,39.3101,373641
2023-09-08,39.6,40.07,40.25,39.3303,336129
2023-09-11,40.5,40.88,41.0797,40.37,594452
2023-09-12,40.5,40.95,41.29,40.5,696239
2023-09-13,41.15,42.46,42.5,41.1,617469
2023-09-14,43.35,44.03,44.72,43.22,1191980
2023-09-15,44.44,44.78,45.705,44.44,1290499
2023-09-18,45.11,45.0,45.11,43.8101,620857
2023-09-19,45.5,44.03,45.58,43.9,797981
2023-09-20,44.13,44.36,45.7,44.0537,626502
2023-09-21,43.59,43.64,44.25,43.21,668078
2023-09-22,44.4,45.42,46.0,44.0028,916064
2023-09-25,46.06,48.22,48.25,45.9,1730302
2023-09-26,48.0,47.25,48.22,47.0301,792668
2023-09-27,47.48,46.99,48.19,45.4501,1036838
2023-09-28,47.35,48.63,49.28,47.0106,1063912
2023-09-29,49.53,47.17,49.53,46.94,2253099
2023-10-02,47.08,45.58,47.25,44.88,2071343
2023-10-03,44.49,43.95,45.7,43.87,998259
2023-10-04,43.52,43.49,43.9,42.45,1392208
2023-10-05,43.39,44.72,44.89,43.3201,573547
2023-10-06,44.82,45.31,46.04,44.3498,617605
2023-10-09,45.19,44.31,45.24,43.17,627435
2023-10-10,44.4,44.97,45.4395,44.37,922633
2023-10-11,45.12,43.91,45.12,43.63,1070149
2023-10-12,44.16,43.25,44.16,42.4,783304
2023-10-13,43.13,43.31,43.6526,42.65,822955
2023-10-16,43.3,42.22,43.5,42.0,871592
2023-10-17,41.95,42.96,43.4047,41.8,1420105
2023-10-18,43.24,43.03,43.73,42.42,634904
2023-10-19,43.0,44.28,44.7145,42.67,1609867
2023-10-20,44.5,44.04,44.58,43.1966,1336070
2023-10-23,43.5,44.02,44.69,42.55,790934
2023-10-24,44.08,45.4,45.52,44.06,1155116
2023-10-25,45.72,45.95,46.7,45.7,977000
2023-10-26,45.51,44.84,45.91,44.1501,1154065
2023-10-27,45.0,43.53,45.0,43.37,908111
2023-10-30,44.0,44.47,44.65,43.53,408448
2023-10-31,45.0,46.3,46.59,44.71,2235556
2023-11-01,46.86,46.98,47.17,46.2501,826085
2023-11-02,47.59,47.11,47.77,46.6101,916270
2023-11-03,47.51,46.01,47.51,45.5301,1278023
2023-11-06,46.14,44.07,46.24,43.8904,1091315
2023-11-07,44.59,45.12,45.3491,43.6,742220
2023-11-08,45.55,44.29,45.55,43.9,1274428
2023-11-09,44.51,45.13,46.1,44.5,1162133
2023-11-10,45.25,45.65,45.74,44.31,644282
2023-11-13,45.88,47.51,47.96,45.88,975138
2023-11-14,48.15,48.04,48.44,46.92,741445
2023-11-15,48.42,47.13,48.42,46.51,412250
2023-11-16,47.15,47.97,48.05,46.7,690206
2023-11-17,48.59,49.07,49.23,48.26,944768
2023-11-20,49.44,49.99,50.03,49.07,1274690
2023-11-21,50.37,49.41,50.5,48.41,1114380
2023-11-22,49.21,49.51,49.63,48.31,674277
2023-11-24,49.5,50.0,50.55,49.47,472186
2023-11-27,49.91,49.83,50.1,49.52,768265
2023-11-28,49.9,49.05,49.9,48.59,1379584
2023-11-29,49.11,47.03,49.11,46.98,1403997
2023-11-30,47.01,49.41,49.6078,46.58,1887184
2023-12-01,49.3,49.2,50.3,49.05,1047818
2023-12-04,49.94,50.45,50.55,49.7145,1091352
2023-12-05,50.18,49.1,50.18,48.78,764752
2023-12-06,49.1,48.32,49.58,48.1727,612222
2023-12-07,48.75,48.32,48.75,47.35,650667
2023-12-08,48.42,48.71,49.0,48.09,1032733
2023-12-11,49.0,48.5,49.03,48.09,462630
2023-12-12,48.55,49.01,49.1,48.0,1196699
2023-12-13,49.1,46.50904,49.46,47.08,1353426
2023-12-14,47.25,48.63,48.92,45.78,1701287
2023-12-15,48.7,47.55,48.97,47.2803,1085016
2023-12-18,47.98,48.62,49.95,47.85,982318
2023-12-19,47.96,46.59,48.1499,46.3,2218032
2023-12-20,46.65,46.24,47.3234,46.16,634929
2023-12-21,47.19,48.04,48.18,46.98,921258
2023-12-22,48.94,49.08,50.16,48.78,1256453
2023-12-26,49.08,49.72,49.83,48.7,554826
2023-12-27,49.5,48.72,49.68,48.71,407748
2023-12-28,48.43,47.87,48.43,47.11,532880
2023-12-29,47.9,48.27,48.598,47.9,409828
2024-01-02,48.03,47.41,48.33,47.16,537150
2024-01-03,47.14,46.99,47.8,46.67,461848
2024-01-04,46.99,47.61,47.87,46.8,494595
2024-01-05,47.26,47.38,48.15,47.19,607758
2024-01-08,47.69,47.93,48.01,47.14,298132
2024-01-09,47.79,50.2,50.5363,47.5,1364587
2024-01-10,51.49,50.8,52.08,50.77,1349083
2024-01-11,51.29,52.3,52.37,50.15,957340
2024-01-12,54.67,56.63,57.0297,54.6001,2265851
2024-01-16,57.79,56.54,58.1485,55.56,2243110
2024-01-17,55.95,55.84,56.2,54.45,961404
2024-01-18,56.64,55.97,56.74,54.93,634013
2024-01-19,55.77,54.99,55.77,53.865,997515
2024-01-22,54.43,52.9,54.6,52.74,1057322
2024-01-23,53.41,54.56,54.8199,52.875,680782
2024-01-24,55.1,53.82,55.7499,53.78,481880
2024-01-25,53.82,52.78,53.9622,52.36,629977
2024-01-26,52.9,52.88,53.25,52.0,418147
2024-01-29,52.5,53.54,53.63,51.4011,766491
2024-01-30,53.28,54.64,54.87,53.0651,1123457
2024-01-31,55.01,54.31,55.5498,54.01,600314
2024-02-01,56.84,58.47,58.96,56.63,1720701
2024-02-02,58.28,57.28,58.31,57.09,862454
2024-02-05,57.28,56.06,57.28,55.11,510895
2024-02-06,56.73,56.14,56.87,55.95,383731
2024-02-07,56.51,56.75,57.01,55.56,414376
2024-02-08,56.98,54.07,57.0,53.585,1252596
2024-02-09,53.75,53.82,54.68,53.0101,568916
2024-02-12,53.34,53.71,54.0989,53.1101,386823
2024-02-13,53.11,51.79,53.22,51.62,709105
2024-02-14,52.5,52.86,53.28,52.11,490447
2024-02-15,52.86,52.5,53.19,52.02,365458
2024-02-16,52.36,52.08,52.848,52.01,385112
2024-02-20,51.86,49.91,52.44,49.65,858228
2024-02-21,49.55,50.46,50.9105,48.84,1086025
2024-02-22,50.15,49.05,50.99,48.95,724846
2024-02-23,48.8,47.19,49.0,47.18,1322386
2024-02-26,47.2,48.41,48.7629,46.8011,640614
2024-02-27,48.6,49.67,50.31,48.46,831077
2024-02-28,49.77,48.44,50.04,48.2201,413898
2024-02-29,49.19,48.19,49.7,47.25,2268984
2024-03-01,47.35,49.14,49.8499,47.34,1480955
2024-03-04,49.64,48.05,49.94,47.95,915588
2024-03-05,47.99,47.75,48.9999,47.67,507081
2024-03-06,47.97,48.46,49.08,47.97,371748
2024-03-07,48.77,51.15,51.32,48.6,705565
2024-03-08,51.43,48.49,51.455,48.14,710959
2024-03-11,48.3,48.09,48.43,47.6001,439131
2024-03-12,47.75,48.04,48.79,47.3001,350138
2024-03-13,48.25,46.17,48.98,45.88,945173
2024-03-14,46.17,46.38,46.65,44.91,768950
2024-03-15,46.7,47.98,48.5141,46.7,838501
2024-03-18,48.24,48.17,48.57,47.3,388883
2024-03-19,47.79,47.66,48.07,46.8,362521
2024-03-20,47.87,49.82,50.02,47.46,664758
2024-03-21,50.25,50.1,50.59,49.38,366806
2024-03-22,50.1,49.66,50.6499,49.5109,201667
2024-03-25,49.97,48.87,50.85,48.8601,476986
2024-03-26,49.01,49.03,49.7,48.2001,371576
2024-03-27,49.05,49.08,49.2,48.39,201623
2024-03-28,49.13,49.29,49.9313,48.97,255191
2024-04-01,49.7,52.12,52.2,49.502,974392
2024-04-02,51.99,52.82,52.87,51.06,794113
2024-04-03,53.0,54.64,54.9799,52.92,966735
2024-04-04,54.9,52.44,54.9,52.2,779398
2024-04-05,52.9,53.12,54.03,52.13,388370
2024-04-08,53.51,52.55,53.51,51.51,356150
2024-04-09,53.02,51.9,53.26,51.33,313723
2024-04-10,51.52,52.9,52.95,50.69,346998
2024-04-11,53.0,54.21,54.54,52.0,1554836
2024-04-12,54.43,52.74,55.35,52.21,1423895
2024-04-15,53.31,51.25,53.9696,50.99,1005474
2024-04-16,50.53,49.97,50.65,48.19,981846
2024-04-17,50.51,49.95,51.3,49.67,285275
2024-04-18,50.22,49.82,50.5499,49.4201,187119
2024-04-19,49.63,49.8,50.54,49.4089,218460
2024-04-22,49.8,49.85,50.38,48.9,220316
2024-04-23,49.48,50.34,50.54,49.03,207979
2024-04-24,49.99,50.05,50.62,49.558,175495
2024-04-25,49.38,50.03,50.39,49.1237,157479
2024-04-26,50.33,51.01,51.4299,49.55,440803
2024-04-29,51.82,52.6,52.71,51.25,380637
2024-04-30,52.22,49.75,52.22,49.57,539345
2024-05-01,52.5,51.86,53.16,51.15,805922
2024-05-02,52.57,53.6,54.18,52.1,909417
2024-05-03,54.66,53.95,54.75,52.8901,617947
2024-05-06,54.2,55.48,55.96,54.2,999207
2024-05-07,56.0,55.58,56.9399,55.38,634463
2024-05-08,55.26,54.05,55.26,53.235,480479
2024-05-09,54.4,55.79,55.85,54.25,255890
2024-05-10,56.42,54.68,56.4688,54.25,266536
2024-05-13,55.0,54.09,55.49,54.01,269992
2024-05-14,54.67,54.49,54.84,54.27,222596
2024-05-15,54.8,54.88,55.4099,54.1011,182073
2024-05-16,55.03,55.17,55.2897,54.3301,259742
2024-05-17,55.25,57.66,58.28,54.9801,901848
2024-05-20,58.5,58.81,60.165,58.0,735733
2024-05-21,58.98,58.75,59.52,58.5001,387592
2024-05-22,58.48,56.48,58.48,56.06,679847
2024-05-23,56.61,55.49,56.86,55.17,619101
2024-05-24,55.7,56.29,57.22,55.49,643204
2024-05-28,56.3,56.66,57.35,55.76,434031
2024-05-29,56.0,56.38,56.4699,55.09,281188
2024-05-30,55.82,56.18,57.1998,55.65,334138
2024-05-31,56.68,56.53,57.9,56.14,295972
2024-06-03,56.74,55.36,56.74,54.7687,633616
2024-06-04,54.92,53.7,54.92,53.02,518887
2024-06-05,54.26,52.91,54.5809,52.74,366482
2024-06-06,53.31,54.1,54.71,53.0,254670
2024-06-07,53.52,51.87,53.53,51.75,596342
2024-06-10,51.91,52.38,53.12,51.91,213358
2024-06-11,51.55,49.77,51.86,49.5,630818
2024-06-12,51.16,51.61,51.6899,50.4369,431998
2024-06-13,51.29,51.71,52.45,51.21,278067
2024-06-14,51.51,50.8,51.71,50.658,233310
2024-06-17,50.73,50.62,51.36,50.12,253445
2024-06-18,50.99,52.14,52.42,50.69,426674
2024-06-20,52.35,51.97,52.4,51.44,221207
2024-06-21,51.77,51.08,51.77,50.56,275568
2024-06-24,51.0,49.79,51.04,49.6301,229061
2024-06-25,49.85,49.25,50.085,48.69,550317
2024-06-26,48.81,49.75,49.86,48.8,151795
2024-06-27,49.73,50.59,50.71,49.64,300628
2024-06-28,50.93,49.24,51.23,48.86,286851
2024-07-01,49.25,49.62,49.8623,49.0901,434537
2024-07-02,49.6,49.28,49.77,48.7481,258324
2024-07-03,49.88,50.76,51.1,49.733,252158
2024-07-05,50.91,49.99,50.91,49.3217,210025
2024-07-08,49.99,49.55,50.2099,49.24,369039
2024-07-09,49.26,50.1,50.3999,49.1291,277626
2024-07-10,49.81,52.11,52.3722,49.81,669461
2024-07-11,52.61,52.79,53.0,52.194,404951
2024-07-12,52.8,52.23,53.28,52.01,278470
2024-07-15,52.42,51.36,52.47,51.01,259604
2024-07-16,51.53,50.32,51.53,50.0101,547175
2024-07-17,50.0,47.86,50.0,47.52,912053
2024-07-18,48.02,46.98,48.06,46.68,509010
2024-07-19,46.58,46.94,47.39,46.58,215581
2024-07-22,47.17,47.07,47.58,46.3,384258
2024-07-23,47.11,46.92,47.14,46.2956,232499
2024-07-24,46.8,45.48,46.96,45.38,405045
2024-07-25,45.0,44.81,45.14,43.76,799432
2024-07-26,45.26,45.5,45.9,45.03,563861
2024-07-29,45.5,44.61,45.5,44.215,363251
2024-07-30,44.5,45.2,45.42,44.3,834242
2024-07-31,46.08,46.89,47.35,45.4,398171
2024-08-01,46.28,43.09,46.28,42.68,981412
2024-08-02,42.22,40.52,42.22,40.04,1788804
2024-08-05,37.91,39.96,40.035,37.0,1537384
2024-08-06,40.0,40.18,40.8,39.4,593071
2024-08-07,41.41,39.9,41.5997,39.89,555964
2024-08-08,40.15,40.53,40.6776,39.61,257200
2024-08-09,40.56,40.2,40.92,40.04,444509
2024-08-12,40.41,40.66,41.595,40.14,354012
2024-08-13,40.71,40.76,40.9768,40.3509,216126
2024-08-14,40.9,41.08,41.6485,40.86,250390
2024-08-15,41.15,41.59,41.9724,41.1,311580
2024-08-16,41.62,41.18,41.8436,41.01,306366
2024-08-19,41.05,40.48,41.68,40.41,507380
2024-08-20,40.89,41.02,41.4185,40.75,213148
2024-08-21,41.33,41.12,41.76,41.03,633772
2024-08-22,41.09,40.11,41.34,40.01,565752
2024-08-23,42.24,43.32,44.33,42.2,917678
2024-08-26,44.29,43.35,44.73,43.28,689146
2024-08-27,43.16,43.35,43.74,42.11,298991
2024-08-28,42.56,41.82,42.65,41.41,725607
2024-08-29,41.89,41.36,41.94,41.02,483573
2024-08-30,41.34,41.85,41.92,41.1701,270227
2024-09-03,41.05,39.02,41.1,38.75,700958
2024-09-04,38.78,39.58,39.98,38.78,358409
2024-09-05,39.88,38.77,39.88,38.7001,457063
2024-09-06,38.57,37.45,38.75,36.91,679331
2024-09-09,37.87,37.96,38.23,37.68,398232
2024-09-10,37.98,38.75,39.13,37.98,770238
2024-09-11,39.04,41.41,41.74,38.86,1011405
2024-09-12,42.09,42.08,42.61,41.82,530724
2024-09-13,41.91,40.76,42.075,40.5301,451917
2024-09-16,41.07,40.97,41.37,40.25,228444
2024-09-17,41.01,40.2,41.01,40.02,216884
2024-09-18,40.01,40.05,41.08,39.71,232676
2024-09-19,41.21,41.54,41.75,40.84,352673
2024-09-20,43.0,43.07,43.7157,42.51,798473
2024-09-23,43.71,45.02,45.45,43.35,1573775
2024-09-24,46.84,46.62,46.85,45.7704,913369
2024-09-25,46.18,46.58,46.99,45.71,601762
2024-09-26,47.65,46.81,47.87,46.55,751353
2024-09-27,47.05,46.77,47.3,46.3327,315309
2024-09-30,46.5,45.88,46.86,45.26,608400
2024-10-01,46.5,47.05,47.57,46.22,476682
2024-10-02,47.1,47.79,47.93,46.8801,358086
2024-10-03,48.16,47.36,48.21,47.1,429006
2024-10-04,47.48,48.47,48.63,47.2333,300558
2024-10-07,48.52,47.33,48.54,46.7,474140
2024-10-08,47.0,47.68,47.7404,46.601,475086
2024-10-09,47.55,47.04,47.6,46.61,379394
2024-10-10,46.52,47.42,47.4696,46.52,241895
2024-10-11,47.05,47.96,47.98,46.9,221096
2024-10-14,47.96,47.96,48.16,47.0301,277506
2024-10-15,48.25,48.1,48.38,47.15,293551
2024-10-16,48.75,51.05,51.71,48.71,1468416
2024-10-17,51.77,51.56,52.7199,51.11,787301
2024-10-18,52.0,52.89,53.16,51.32,698953
2024-10-21,53.35,52.38,53.48,51.99,775409
2024-10-22,52.36,52.02,52.79,50.91,449008
2024-10-23,51.34,50.1,51.45,49.45,565524
2024-10-24,50.45,50.09,50.71,49.4101,366906
2024-10-25,50.2,49.44,50.4599,49.32,320076
2024-10-28,48.75,49.6,49.8838,48.0,542418
2024-10-29,49.46,48.42,49.525,48.1,753088
2024-10-30,48.49,47.93,48.81,47.51,306638
2024-10-31,47.75,47.26,47.89,46.35,380573
2024-11-01,48.0,46.29,48.2004,46.08,920876
2024-11-04,45.88,45.62,45.94,44.5,688882
2024-11-05,45.98,45.49,46.2,45.12,415136
2024-11-06,46.55,45.93,46.84,45.04,586028
2024-11-07,46.56,47.68,48.27,46.29,739620
2024-11-08,47.36,46.52,47.36,46.05,350078
2024-11-11,46.75,45.91,46.75,44.9639,426216
2024-11-12,44.98,46.23,46.42,44.1001,616094
2024-11-13,46.73,45.0,46.799,44.7,449986
2024-11-14,45.13,45.33,45.71,44.77,390901
2024-11-15,45.11,45.86,47.9882,44.3013,932272
2024-11-18,47.16,48.37,49.47,47.0001,696293
2024-11-19,48.87,48.98,49.3348,47.8,602509
2024-11-20,49.34,48.03,49.34,47.8401,621931
2024-11-21,48.58,49.74,49.82,48.05,385154
2024-11-22,49.82,49.36,49.82,48.4199,621182
2024-11-25,49.35,47.77,49.35,47.26,581281
2024-11-26,47.91,47.24,48.015,47.11,324849
2024-11-27,47.24,47.47,47.86,47.19,231471
2024-11-29,47.96,48.0,49.18,47.48,211079
2024-12-02,48.5,47.25,48.66,46.9,467989
2024-12-03,47.4,47.92,47.99,46.59,291263
2024-12-04,47.78,47.46,48.75,47.135,248012
2024-12-05,47.45,48.04,48.365943,47.0201,254905
2024-12-06,48.0,47.78,48.44,47.3801,200935
2024-12-09,48.14,45.79,48.14,45.67,549588
2024-12-10,46.28,46.24,46.425,45.56,597850
2024-12-11,46.33,45.19182,46.52,45.3901,422940
2024-12-12,45.05,44.1,45.325,43.8726,620447
2024-12-13,44.58,43.3,44.59,43.19,372991
2024-12-16,43.0,41.99,43.24,41.82,576683
2024-12-17,41.67,41.74,41.85,40.9689,642187
2024-12-18,41.75,40.45,42.24,40.26,555523
2024-12-19,41.18,40.8,41.2999,40.46,597285
2024-12-20,40.3,40.52,40.93,40.03,391187
2024-12-23,40.57,40.96,41.1,40.46,267962
2024-12-24,40.78,40.42,40.9,39.8,212470
2024-12-26,40.24,40.38,40.7787,39.91,251594
2024-12-27,39.97,40.69,40.69,39.855,308853
2024-12-30,40.61,40.0,40.61,39.761,403560
2024-12-31,40.05,40.31,40.96,40.03,460417
2025-01-02,40.9,43.19,43.231,40.8,945881
2025-01-03,43.8,43.48,43.86,42.24,761263
2025-01-06,43.94,43.7,44.9499,43.63,473888
2025-01-07,44.0,41.95,44.34,41.87,647671
2025-01-08,41.56,41.51,41.67,40.46,570908
2025-01-10,40.94,40.33,41.4161,40.18,352233
2025-01-13,40.43,40.63,41.28,40.01,253958
2025-01-14,41.02,40.96,41.6,40.85,328847
2025-01-15,41.53,41.61,42.1,41.0747,255082
2025-01-16,41.86,41.11,41.88,40.9,355500
2025-01-17,41.45,41.83,42.31,40.9,447990
2025-01-21,42.26,42.81,43.13,42.2,850342
2025-01-22,43.51,44.8,45.64,43.4012,1215867
2025-01-23,44.61,44.87,45.28,44.17,483278
2025-01-24,45.32,43.79,45.39,43.68,334483
2025-01-27,41.79,39.26,41.7985,39.26,1192205
2025-01-28,39.9,40.13,40.13,39.12,590720
2025-01-29,40.12,41.36,41.5304,40.1,309604
2025-01-30,41.45,41.42,42.12,41.29,664451
2025-01-31,41.5,40.59,41.96,40.4601,352916
2025-02-03,39.59,39.94,40.74,39.4143,768840
2025-02-04,40.19,41.45,41.6563,40.19,937055
2025-02-05,41.35,41.04,41.635,40.64,522291
2025-02-06,41.0,40.17,41.13,39.77,1956945
2025-02-07,40.25,40.46,41.11,40.06,1287549
2025-02-10,40.89,40.13,41.06,39.98,1801120
2025-02-11,39.77,39.59,40.17,39.52,313492
2025-02-12,39.38,39.9,40.3748,38.79,558345
2025-02-13,39.9,39.65,39.9,39.195,321798
2025-02-14,39.84,38.15,39.84,37.86,874357
2025-02-18,38.44,38.65,38.6789,37.58,529412
2025-02-19,38.25,37.55,38.25,37.1362,489257
2025-02-20,37.9,37.54,38.261,37.4,311108
2025-02-21,37.64,36.31,37.64,36.0,621021
2025-02-24,36.13,36.07,36.34,35.45,973053
2025-02-25,35.77,35.3,36.0,34.7,1386066
2025-02-26,35.5,35.96,36.55,35.5,526639
2025-02-27,36.5,34.7,36.91,34.57,675043
2025-02-28,34.5,34.76,35.07,33.75,1730946
2025-03-03,35.26,32.66,35.35,32.3575,2093299
2025-03-04,32.52,33.52,33.8947,31.93,847102
2025-03-05,33.65,34.21,34.22,33.31,1096571
2025-03-06,33.7,34.05,34.6499,33.67,1218194
2025-03-07,33.94,33.45,34.04,33.035,897380
2025-03-10,33.07,32.41,33.19,32.02,2545341
2025-03-11,32.33,33.31,33.6424,32.0,720511
2025-03-12,33.93,33.5,34.18,33.25,417336
2025-03-13,33.61,33.34,33.83,33.0202,379281
2025-03-14,33.75,33.36,34.09,33.35,300041
2025-03-17,33.81,34.55,34.63,33.66,547849
2025-03-18,34.65,34.62,34.74,33.9381,632276
2025-03-19,34.735,35.52,35.68,34.61,494847
2025-03-20,35.12,36.21,36.53,35.0101,722128
2025-03-21,35.97,35.45,36.11,34.97,439670
2025-03-24,35.85,35.62,36.1999,35.37,283263
2025-03-25,35.61,34.73,36.1855,34.4375,352591
2025-03-26,34.82,34.35,34.97,34.26,346996
2025-03-27,34.12,33.33,34.12,33.2101,299071
2025-03-28,33.1,32.46,33.39,32.41,671367
2025-03-31,32.1,32.44,32.5545,31.62,616726
2025-04-01,32.39,32.51,32.79,31.66,359227
2025-04-02,32.27,32.61,32.61,31.885,289030
2025-04-03,31.14,31.55,32.13,30.9,465880
2025-04-04,30.32,29.25,30.6367,28.26,980591
2025-04-07,27.95,28.21,30.1641,27.6,769333
2025-04-08,29.57,28.15,29.98,27.85,479177
2025-04-09,27.99,30.43,30.78,27.901,858670
2025-04-10,30.09,30.05,30.4898,29.4275,834630
2025-04-11,29.93,31.39,31.55,29.93,597888
