2022-02-02,24.85,24.68,24.925,24.6799,1999650
2022-02-03,24.7,24.58,24.8,24.56,7916896
2022-02-04,24.65,24.65,24.65,24.58,6128930
2022-02-07,24.6,24.6,24.65,24.5,421210
2022-02-08,24.65,24.6,24.65,24.6,629507
2022-02-09,24.61,24.61,24.87,24.35,1194507
2022-02-10,24.51,24.11,24.62,23.75,1068992
2022-02-11,24.15,23.51,24.15,23.06,225925
2022-02-14,23.0,22.5,23.8,22.25,194575
2022-02-15,24.03,23.0,24.03,22.8,201554
2022-02-16,22.5,23.1,23.18,22.5,116745
2022-02-17,23.5,22.95,23.5,22.95,184717
2022-02-18,22.9,23.12,23.18,22.9,145920
2022-02-22,23.07,23.13,23.35,23.0401,353864
2022-02-23,23.34,23.25,23.35,23.16,402637
2022-02-24,23.14,23.9,23.91,22.57,950114
2022-02-25,23.7,23.865,24.0,23.37,296618
2022-02-28,23.9,23.84,24.05,23.61,2262312
2022-03-01,23.69,23.86,23.88,23.65,126138
2022-03-02,23.72,23.89,23.98,23.42,203194
2022-03-03,23.74,23.7,23.76,23.59,145990
2022-03-04,23.645,23.22,23.68,23.19,252437
2022-03-07,23.33,23.18,23.33,23.02,212565
2022-03-08,23.13,23.1,23.368,23.02,226565
2022-03-09,23.15,23.29,23.49,23.0,200000
2022-03-10,23.16,23.15,23.2247,23.05,189822
2022-03-11,23.06,22.84,23.1489,22.75,360957
2022-03-14,22.75,22.18,22.75,21.93,116113
2022-03-15,22.18,22.27,22.35,21.94,174267
2022-03-16,22.34,22.6,22.6,22.17,62441
2022-03-17,22.64,22.77,22.8,22.41,95619
2022-03-18,22.82,22.95,22.95,22.673,19413
2022-03-21,22.89,22.52,22.89,22.45,121920
2022-03-22,22.42,22.25,22.45,22.09,142214
2022-03-23,22.23,22.15,22.35,22.07,278101
2022-03-24,22.15,22.35,22.38,22.1,192990
2022-03-25,22.4,22.17,22.4298,22.06,57313
2022-03-28,22.23,22.26,22.2842,22.1,69455
2022-03-29,22.4,22.25375,22.54,22.35,97224
2022-03-30,22.33,22.47,22.64,22.25,31040
2022-03-31,22.5,22.56,22.7091,22.5,50263
2022-04-01,22.47,22.53,22.6381,22.43,33754
2022-04-04,22.63,22.4,22.67,22.33,86242
2022-04-05,22.34,22.0691,22.39,22.04,101250
2022-04-06,21.93,21.9,22.04,21.84,89614
2022-04-07,21.89,22.12,22.1615,21.81,95662
2022-04-08,22.06,21.89,22.06,21.75,181087
2022-04-11,21.79,21.41,21.79,21.35,86695
2022-04-12,21.64,21.07,21.64,21.0,54894
2022-04-13,21.29,20.93,21.3667,20.89,38610
2022-04-14,21.03,20.84,21.2,20.79,107644
2022-04-18,20.84,20.84,21.15,20.84,57954
2022-04-19,20.84,20.66,20.84,20.55,97317
2022-04-20,20.75,20.7,20.87,20.51,42295
2022-04-21,20.89,20.4327,20.9,20.4001,51161
2022-04-22,20.48,20.28,20.48,20.09,79290
2022-04-25,20.28,20.29,20.29,20.1,78930
2022-04-26,20.27,20.15,20.3719,20.1,124782
2022-04-27,20.22,19.85,20.2398,19.85,142591
2022-04-28,19.95,19.88,20.0,19.61,271563
2022-04-29,19.81,19.83,19.84,19.541,87007
2022-05-02,19.7,19.25,19.73,19.07,49892
2022-05-03,19.22,19.03,19.4,18.95,144311
2022-05-04,18.92,19.73,19.75,18.87,149319
2022-05-05,19.47,19.41,19.47,19.0942,40902
2022-05-06,19.23,19.07,19.3261,19.0,66457
2022-05-09,19.0,18.85,19.0101,18.84,80511
2022-05-10,18.98,19.27,19.3,18.96,78730
2022-05-11,19.19,19.39,19.63,19.19,74107
2022-05-12,19.41,19.46,19.59,19.23,161257
2022-05-13,19.56,19.53,19.72,19.53,50028
2022-05-16,19.57,19.83,19.89,19.5052,71231
2022-05-17,19.94,19.56,19.96,19.56,141598
2022-05-18,19.61,19.51,19.68,19.19,156474
2022-05-19,19.54,19.69,19.73,19.41,122441
2022-05-20,19.79,19.47,19.79,19.42,52751
2022-05-23,19.57,19.53,19.6,19.37,33183
2022-05-24,19.53,19.75,19.75,19.32,66261
2022-05-25,19.83,20.27,20.28,19.83,41835
2022-05-26,20.19,20.66,20.81,20.19,72307
2022-05-27,20.92,21.28,21.47,20.8106,63163
2022-05-31,21.28,21.3,21.4033,20.83,103123
2022-06-01,21.37,21.1,21.4499,21.08,41675
2022-06-02,21.15,21.2,21.22,20.9301,109038
2022-06-03,21.04,21.12,21.17,20.8741,75413
2022-06-06,21.2,20.88,21.32,20.83,100457
2022-06-07,20.88,21.09,21.18,20.88,36721
2022-06-08,21.08,20.87,21.12,20.87,33321
2022-06-09,20.81,20.6,20.87,20.43,85657
2022-06-10,20.42,20.29,20.42,20.0025,50955
2022-06-13,19.95,19.3453,19.95,19.32,71055
2022-06-14,19.39,19.34,19.7,19.16,58218
2022-06-15,19.57,19.63,19.89,19.35,158259
2022-06-16,19.4,19.444,19.63,19.26,52393
2022-06-17,19.56,19.6099,19.68,19.46,46404
2022-06-21,19.87,20.0,20.07,19.6433,51889
2022-06-22,20.01,20.04,20.15,19.92,44396
2022-06-23,20.1,20.06,20.18,19.96,89980
2022-06-24,20.16,20.09,20.308,20.07,88656
2022-06-27,20.14,20.15,20.25,19.93,30469
2022-06-28,20.13,19.68875,20.2389,19.91,63153
2022-06-29,19.85,19.95,19.95,19.79,26941
2022-06-30,19.95,20.26,20.26,19.8,392652
2022-07-01,20.22,20.55,20.6,20.17,66739
2022-07-05,20.55,20.62,20.68,20.3837,67777
2022-07-06,20.64,20.66,20.66,20.44,24322
2022-07-07,20.71,20.64,20.8342,20.62,26172
2022-07-08,20.66,20.84,20.84,20.5,30165
2022-07-11,20.84,20.94,20.94,20.7426,25280
2022-07-12,20.94,20.79,21.18,20.77,33621
2022-07-13,20.56,20.92,20.92,20.56,32251
2022-07-14,20.81,20.86,20.92,20.65,31733
2022-07-15,21.0,21.2,21.31,20.91,89008
2022-07-18,21.19,21.1,21.21,21.0501,43746
2022-07-19,21.15,20.95,21.16,20.95,26224
2022-07-20,21.07,21.0199,21.13,20.93,25675
2022-07-21,21.07,21.0,21.1307,20.9501,67156
2022-07-22,21.06,21.12,21.2706,21.04,18344
2022-07-25,21.15,21.05,21.18,20.96,37823
2022-07-26,21.12,21.0,21.15,20.94,39911
2022-07-27,21.08,21.0,21.1,20.91,95084
2022-07-28,21.03,21.0,21.1356,20.83,85641
2022-07-29,21.05,21.15,21.29,21.05,180661
2022-08-01,21.06,21.28,21.33,21.06,247659
2022-08-02,21.16,21.8,21.95,21.16,113083
2022-08-03,21.78,22.1,22.1,21.78,59952
2022-08-04,22.06,22.08,22.09,21.83,35199
2022-08-05,21.91,21.77,22.0,21.68,29077
2022-08-08,21.79,21.65,21.8,21.47,80827
2022-08-09,21.65,21.37,21.7,21.32,29148
2022-08-10,21.56,21.68,21.74,21.49,52457
2022-08-11,21.74,21.64,21.74,21.56,58026
2022-08-12,21.64,21.58,21.7062,21.55,34035
2022-08-15,21.64,21.7,21.76,21.635,87493
2022-08-16,21.75,21.55,21.76,21.55,145264
2022-08-17,21.47,21.28,21.5,21.22,44569
2022-08-18,21.22,21.27,21.32,21.18,60441
2022-08-19,21.11,20.97,21.22,20.9,89925
2022-08-22,20.89,20.7,21.02,20.675,57530
2022-08-23,20.67,20.12,20.85,19.72,133024
2022-08-24,20.23,20.39,20.57,20.02,66802
2022-08-25,20.53,20.66,20.85,20.3823,97682
2022-08-26,20.75,20.5,20.87,20.37,215363
2022-08-29,20.4,20.37,20.48,20.34,93841
2022-08-30,20.43,20.3,20.49,20.17,116962
2022-08-31,20.38,19.9,20.38,19.82,239372
2022-09-01,19.92,19.83,19.92,19.6,42963
2022-09-02,19.88,19.89,20.0034,19.84,30794
2022-09-06,19.88,19.76,19.8899,19.66,49359
2022-09-07,19.73,19.81,19.89,19.73,16563
2022-09-08,19.75,19.77,19.94,19.724,48751
2022-09-09,19.89,19.86,19.99,19.78,47297
2022-09-12,19.91,19.91,20.0605,19.86,30851
2022-09-13,19.67,19.86,19.89,19.67,55696
2022-09-14,19.87,19.94,19.96,19.7894,51506
2022-09-15,19.84,19.74,19.93,19.74,55331
2022-09-16,19.66,19.68,19.69,19.45,31139
2022-09-19,19.67,19.55,19.67,19.45,46469
2022-09-20,19.44,19.49,19.53,19.3,46701
2022-09-21,19.49,19.68,19.75,19.3722,29887
2022-09-22,19.62,19.39,19.62,19.3,32172
2022-09-23,19.36,19.17,19.36,19.06,55192
2022-09-26,19.2,19.2,19.29,19.0401,133930
2022-09-27,19.27,19.25,19.3,19.1,51098
2022-09-28,19.26,19.11875,19.55,19.19,94224
2022-09-29,19.16,19.25,19.37,18.9201,146163
2022-09-30,19.13,19.36,19.39,19.13,430645
2022-10-03,19.53,19.55,19.65,19.4979,39238
2022-10-04,19.6,19.6,19.78,19.59,50265
2022-10-05,19.5,19.45,19.54,19.4172,45081
2022-10-06,19.49,19.3,19.49,19.22,14383
2022-10-07,19.18,19.162,19.28,18.9618,21808
2022-10-10,19.23,19.0,19.23,18.96,40176
2022-10-11,18.99,18.87,19.0,18.86,52309
2022-10-12,18.86,18.77,18.92,18.74,62652
2022-10-13,18.55,18.64,18.8313,18.485,74989
2022-10-14,18.74,18.57,18.74,18.52,48301
2022-10-17,18.8,18.6,18.8292,18.54,58033
2022-10-18,18.74,18.58,18.809,18.58,37322
2022-10-19,18.52,18.48,18.58,18.43,52622
2022-10-20,18.45,18.29,18.45,18.17,34234
2022-10-21,18.24,18.26,18.28,18.06,50804
2022-10-24,18.26,18.34,18.46,18.1708,61251
2022-10-25,18.47,18.5,18.58,18.29,75771
2022-10-26,18.54,18.52,18.71,18.43,66706
2022-10-27,18.63,18.49,18.6698,18.46,35465
2022-10-28,18.53,18.62,18.62,18.4172,33383
2022-10-31,18.59,18.5,18.69,18.46,113451
2022-11-01,18.69,18.52,18.69,18.36,47667
2022-11-02,18.5,18.6,18.7,18.33,52074
2022-11-03,18.53,18.49,18.53,18.36,40408
2022-11-04,18.57,18.49,18.64,18.4,53621
2022-11-07,18.53,18.54,18.61,18.3901,50826
2022-11-08,18.62,18.99,19.03,18.62,41278
2022-11-09,19.02,18.92,19.13,18.8201,83958
2022-11-10,19.47,20.1286,20.1286,19.438,40565
2022-11-11,20.11,20.29,20.58,19.9619,26270
2022-11-14,20.28,20.04,20.2899,19.945,44563
2022-11-15,20.34,20.37,20.45,20.1482,39257
2022-11-16,20.37,20.39,20.45,20.3,27560
2022-11-17,20.25,20.27,20.3,20.17,47872
2022-11-18,20.32,20.37,20.42,20.21,67521
2022-11-21,20.43,20.45,20.52,20.3082,46080
2022-11-22,20.5,20.4,20.62,20.29,56012
2022-11-23,20.47,20.43,20.59,20.3182,63391
2022-11-25,20.46,20.49,20.56,20.4,11423
2022-11-28,20.49,20.12,20.555,20.12,97655
2022-11-29,20.09,19.93,20.25,19.89,82329
2022-11-30,19.95,20.18,20.27,19.7,80377
2022-12-01,20.38,20.44,20.5172,20.1953,74517
2022-12-02,20.35,20.46,20.48,20.24,50479
2022-12-05,20.31,20.07,20.44,20.0401,73273
2022-12-06,20.2,20.02,20.28,19.77,48006
2022-12-07,20.09,20.13,20.14,19.96,41470
2022-12-08,20.18,19.98,20.27,19.92,65031
2022-12-09,19.93,19.69,19.985,19.68,54457
2022-12-12,19.7,19.6,19.8,19.58,66449
2022-12-13,19.9,19.81,20.03,19.7126,57048
2022-12-14,19.81,19.83,19.95,19.69,59197
2022-12-15,19.83,19.65,19.87,19.65,71605
2022-12-16,19.63,19.69,19.69,19.5,104603
2022-12-19,19.64,19.675,19.8,19.54,66250
2022-12-20,19.64,19.55,19.71,19.47,82098
2022-12-21,19.6,19.52,19.67,19.44,122729
2022-12-22,19.49,19.26,19.5,19.13,59380
2022-12-23,19.32,19.19,19.46,19.12,79878
2022-12-27,19.11,18.88,19.23,18.815,51675
2022-12-28,18.95,18.38875,18.95,18.62,120177
2022-12-29,18.54,18.4,18.63,18.36,107267
2022-12-30,18.38,18.33,18.7,18.33,150774
2023-01-03,18.55,18.58,18.9347,18.4968,47803
2023-01-04,18.72,19.08,19.1399,18.72,32653
2023-01-05,19.01,19.58,19.66,18.8101,43367
2023-01-06,19.69,20.1,20.19,19.69,79458
2023-01-09,20.18,20.2328,20.3899,20.0143,66431
2023-01-10,20.25,20.285,20.3158,20.15,19677
2023-01-11,20.29,20.16,20.29,20.15,39241
2023-01-12,20.3,20.2545,20.378,20.1567,24523
2023-01-13,20.25,20.33,20.45,20.25,29316
2023-01-17,20.42,20.6836,20.75,20.37,64760
2023-01-18,20.88,20.77,21.1028,20.76,45441
2023-01-19,20.81,21.02,21.0799,20.68,40221
2023-01-20,21.11,21.05,21.1382,20.95,30526
2023-01-23,21.05,21.25,21.4,21.05,52993
2023-01-24,21.38,21.29,21.39,21.18,29917
2023-01-25,21.18,21.3,21.335,21.16,26506
2023-01-26,21.4,21.21,21.4,21.21,88043
2023-01-27,21.28,21.07,21.43,21.05,118690
2023-01-30,21.12,21.3,21.37,21.0241,53829
2023-01-31,21.34,21.54,21.54,21.33,65907
2023-02-01,21.55,21.49,21.61,21.32,54680
2023-02-02,21.61,21.76,21.86,21.61,54874
2023-02-03,21.54,21.24,21.63,21.2,71546
2023-02-06,21.14,20.87,21.14,20.75,64557
2023-02-07,20.96,20.72,21.0,20.52,96856
2023-02-08,20.77,20.72,20.84,20.6,56705
2023-02-09,20.9,20.69,20.94,20.65,33963
2023-02-10,20.69,20.63,20.69,20.49,31920
2023-02-13,20.65,20.77,20.77,20.55,30754
2023-02-14,20.74,20.8095,20.88,20.59,64461
2023-02-15,20.75,20.74,20.82,20.72,27302
2023-02-16,20.64,20.46,20.65,20.45,22804
2023-02-17,20.4,20.43,20.53,20.24,20461
2023-02-21,20.25,19.73,20.26,19.7,58201
2023-02-22,19.8,19.99,20.15,19.8,55927
2023-02-23,20.13,20.35,20.4014,20.08,38286
2023-02-24,20.23,20.19,20.29,20.1185,22852
2023-02-27,20.33,20.12,20.4,20.04,40891
2023-02-28,20.15,20.36,20.36,20.03,44852
2023-03-01,20.33,20.22,20.33,20.13,18037
2023-03-02,20.05,20.13,20.18,19.91,33990
2023-03-03,20.26,20.38,20.4892,20.19,32041
2023-03-06,20.48,20.35,20.5331,20.35,36910
2023-03-07,20.39,20.27,20.4068,20.15,55695
2023-03-08,20.22,20.15,20.38,20.09,17745
2023-03-09,20.24,19.65,20.24,19.64,51476
2023-03-10,19.65,19.75,19.88,19.21,59703
2023-03-13,19.46,18.54,19.46,18.33,112804
2023-03-14,19.04,19.96,20.1,18.895,105165
2023-03-15,19.6,20.21,20.44,19.34,70894
2023-03-16,20.23,20.95,21.03,19.855,96449
2023-03-17,20.87,20.86,21.07,20.435,145996
2023-03-20,20.98,20.8,21.24,20.74,117623
2023-03-21,20.99,21.005,21.19,20.93,102151
2023-03-22,21.05,20.91,21.31,20.91,109723
2023-03-23,21.04,20.58,21.15,20.5117,102598
2023-03-24,20.61,20.59,20.7494,20.18,61889
2023-03-27,20.87,20.81,21.15,20.76,49965
2023-03-28,20.76,20.85,20.97,20.76,24830
2023-03-29,20.89,20.86875,21.36,20.89,60049
2023-03-30,21.04,20.97,21.09,20.87,67882
2023-03-31,21.08,21.14,21.19,20.93,134847
2023-04-03,21.14,21.2,21.25,20.96,33228
2023-04-04,21.2,21.16,21.28,21.01,33419
2023-04-05,21.09,21.23,21.3,20.9601,41414
2023-04-06,21.26,21.35,21.47,21.2,30868
2023-04-10,21.26,21.38,21.44,21.26,35674
2023-04-11,21.43,21.5,21.58,21.31,63198
2023-04-12,21.62,21.46,21.62,21.37,69863
2023-04-13,21.51,21.36,21.51,21.35,91948
2023-04-14,21.4,21.29,21.5,21.2,78832
2023-04-17,21.36,21.17,21.43,21.11,79227
2023-04-18,21.17,21.01,21.19,21.01,40823
2023-04-19,20.98,21.13,21.17,20.95,56148
2023-04-20,21.13,21.04,21.18,21.02,39688
2023-04-21,21.17,21.13,21.1841,21.0,32336
2023-04-24,21.17,20.86,21.18,20.8,42760
2023-04-25,20.78,20.27,20.94,20.25,63283
2023-04-26,20.34,20.18,20.55,20.1733,80630
2023-04-27,20.32,20.5,20.56,20.2898,63633
2023-04-28,20.55,20.48,20.7,20.48,97158
2023-05-01,20.51,19.47,20.55,19.42,105064
2023-05-02,19.57,19.0,19.57,18.665,101786
2023-05-03,19.0,18.14,19.045,18.14,70528
2023-05-04,17.81,16.5,17.9,16.01,233679
2023-05-05,17.36,17.22,17.41,16.51,93683
2023-05-08,17.43,17.52,17.8999,17.34,68569
2023-05-09,17.7,17.655,17.81,17.2612,49720
2023-05-10,17.97,18.34,18.47,17.92,55931
2023-05-11,18.2,18.295,18.48,18.13,30498
2023-05-12,18.63,18.38,18.63,18.21,27803
2023-05-15,18.38,18.65,18.68,18.25,87622
2023-05-16,18.63,18.01,18.7599,18.01,69042
2023-05-17,18.28,18.69,18.69,18.0,53150
2023-05-18,18.66,19.06,19.56,18.3799,76718
2023-05-19,19.29,18.95,19.29,18.74,45749
2023-05-22,19.06,18.96,19.15,18.82,19536
2023-05-23,19.02,19.09,19.32,19.02,33037
2023-05-24,19.05,19.15,19.34,19.01,51057
2023-05-25,19.25,19.08,19.38,18.86,26537
2023-05-26,19.23,19.15,19.29,19.09,8677
2023-05-30,19.45,19.47,19.72,19.338,40822
2023-05-31,19.59,19.31,19.65,19.31,85398
2023-06-01,19.52,19.4,19.66,19.385,32841
2023-06-02,19.62,19.69,19.95,19.565,39009
2023-06-05,19.86,19.69,20.76,19.48,30709
2023-06-06,19.67,19.39,19.74,19.39,23319
2023-06-07,19.59,19.23,19.65,19.22,32358
2023-06-08,19.36,19.3,19.48,19.12,43653
2023-06-09,19.39,19.39,19.46,19.3,22586
2023-06-12,19.54,19.24,19.54,19.1032,30247
2023-06-13,19.42,19.19,19.42,19.18,29896
2023-06-14,19.24,19.12,19.26,19.02,37292
2023-06-15,19.12,19.14,19.29,18.8,20332
2023-06-16,19.27,19.09,19.29,19.09,27073
2023-06-20,19.17,18.97,19.2046,18.97,24765
2023-06-21,19.03,19.07,19.2,18.85,48947
2023-06-22,19.08,18.82,19.13,18.71,50880
2023-06-23,18.86,18.97,19.09,18.76,24311
2023-06-26,19.04,19.02,19.3447,18.98,24393
2023-06-27,19.16,19.13,19.25,19.05,25239
2023-06-28,19.27,19.10875,19.39,19.06,27820
2023-06-29,19.15,18.72,19.15,18.72,44882
2023-06-30,18.87,19.1,19.1,18.84,83474
2023-07-03,19.15,19.19,19.26,18.95,10114
2023-07-05,19.21,18.89,19.21,18.86,35384
2023-07-06,18.8,18.5,18.8,18.22,31367
2023-07-07,18.5,18.5,18.71,18.41,18240
2023-07-10,18.71,18.65,18.7598,18.5499,21552
2023-07-11,18.7,18.84,18.85,18.64,23978
2023-07-12,19.0,18.935,19.06,18.8401,36152
2023-07-13,19.06,19.1,19.13,18.94,87362
2023-07-14,19.18,19.04,19.2,18.79,28133
2023-07-17,19.06,18.8,19.06,18.72,28917
2023-07-18,18.83,18.99,18.99,18.79,25868
2023-07-19,19.05,19.23,19.25,19.05,37024
2023-07-20,19.15,19.11,19.15,18.95,38895
2023-07-21,19.07,19.07,19.26,19.04,38685
2023-07-24,19.18,19.17,19.1996,19.04,28705
2023-07-25,19.08,19.04,19.0935,18.98,35325
2023-07-26,19.14,19.21,19.31,19.055,22139
2023-07-27,19.37,19.29,19.49,19.19,47424
2023-07-28,19.35,19.08,19.35,18.92,73514
2023-07-31,19.15,19.34,19.38,19.15,54521
2023-08-01,19.27,19.25,19.29,19.1592,48984
2023-08-02,19.12,19.23,19.23,18.99,24916
2023-08-03,19.12,19.05,19.14,18.98,25426
2023-08-04,19.12,19.18,19.26,19.12,26858
2023-08-07,19.27,19.22,19.3,19.06,27258
2023-08-08,19.0,19.0633,19.1544,18.91,28163
2023-08-09,19.15,19.0,19.15,19.0,26301
2023-08-10,19.16,19.21,19.23,19.0583,84281
2023-08-11,19.14,19.2,19.25,19.09,59761
2023-08-14,19.2,19.22,19.28,19.1,33361
2023-08-15,19.17,19.17,19.23,19.08,116873
2023-08-16,19.16,19.13,19.2699,19.03,46729
2023-08-17,19.17,19.07,19.1971,18.9,53895
2023-08-18,18.95,18.94,19.0774,18.9,42664
2023-08-21,18.89,18.84,18.9785,18.83,31402
2023-08-22,18.93,18.83,19.01,18.81,33728
2023-08-23,18.9,19.05,19.09,18.9,26042
2023-08-24,19.1,19.05,19.11,18.958,21990
2023-08-25,19.09,18.84,19.09,18.84,27272
2023-08-28,19.01,18.79,19.01,18.77,19979
2023-08-29,18.85,18.935,18.9804,18.81,13262
2023-08-30,18.98,18.91,19.05,18.9,16144
2023-08-31,18.92,19.31,19.31,18.88,95212
2023-09-01,19.23,19.19,19.26,19.1201,18128
2023-09-05,19.13,19.05,19.2,19.03,30315
2023-09-06,19.06,18.93,19.1706,18.93,13790
2023-09-07,18.99,18.96,19.1,18.86,22694
2023-09-08,19.05,19.0,19.14,18.96,16065
2023-09-11,19.0,18.98,19.1,18.98,18268
2023-09-12,19.03,19.02,19.08,18.9083,20098
2023-09-13,19.07,18.93,19.09,18.81,35778
2023-09-14,19.06,19.2,19.2,19.0,30358
2023-09-15,19.16,19.12,19.2,18.9723,60164
2023-09-18,19.05,19.24,19.28,19.05,37702
2023-09-19,19.2,19.31,19.33,19.17,31843
2023-09-20,19.33,19.33,19.4285,19.23,33130
2023-09-21,19.15,19.11,19.2402,18.89,45830
2023-09-22,19.16,19.29,19.32,19.15,122681
2023-09-25,19.15,19.23,19.24,19.02,64580
2023-09-26,19.2,18.51,19.24,18.5,100823
2023-09-27,18.63,18.29875,18.68,18.33,77171
2023-09-28,18.23,18.31,18.31,18.14,34609
2023-09-29,18.44,18.29,18.61,18.28,166270
2023-10-02,18.25,17.9735,18.37,17.92,37041
2023-10-03,17.91,17.22,17.91,17.0,104422
2023-10-04,17.39,16.87,17.4046,16.86,41137
2023-10-05,16.99,16.73,16.99,16.67,66758
2023-10-06,16.48,16.69,16.85,16.4,36632
2023-10-09,16.71,17.04,17.06,16.6,80312
2023-10-10,17.09,17.18,17.23,16.85,37051
2023-10-11,17.25,17.22,17.35,17.1276,41993
2023-10-12,17.21,16.8,17.235,16.71,73043
2023-10-13,16.9,16.35,17.02,16.32,86632
2023-10-16,16.49,16.59,16.67,16.31,42215
2023-10-17,16.48,16.7,16.82,16.44,46006
2023-10-18,16.58,16.65,16.702,16.55,20398
2023-10-19,16.66,16.44,16.72,16.44,55178
2023-10-20,16.44,16.82,16.82,16.225,111978
2023-10-23,16.72,16.7202,16.8439,16.58,37564
2023-10-24,16.84,16.85,16.98,16.76,34669
2023-10-25,16.77,16.66,16.8299,16.66,29731
2023-10-26,16.76,16.71,16.81,16.62,21393
2023-10-27,16.78,16.6,16.85,16.6,34753
2023-10-30,16.68,16.52,16.69,16.52,20127
2023-10-31,16.6,16.86,16.92,16.52,126758
2023-11-01,16.86,17.1,17.22,16.74,33156
2023-11-02,17.25,17.61,17.7499,17.25,48483
2023-11-03,17.76,18.09,18.15,17.76,67342
2023-11-06,18.13,18.5199,18.71,17.9817,52355
2023-11-07,18.57,18.6,18.64,18.4109,28893
2023-11-08,18.64,18.61,18.7694,18.555,34596
2023-11-09,18.61,18.35,18.7,18.28,32660
2023-11-10,18.36,18.4,18.4799,18.25,21944
2023-11-13,18.37,18.58,18.76,18.25,62532
2023-11-14,18.7,18.6404,18.9292,18.64,82751
2023-11-15,18.57,18.42,18.67,18.42,35907
2023-11-16,18.56,18.64,18.64,18.4483,33429
2023-11-17,18.64,18.45,18.75,18.42,51173
2023-11-20,18.54,18.39,18.54,18.3507,41254
2023-11-21,18.43,18.18,18.51,18.17,24598
2023-11-22,18.25,18.0,18.44,17.83,38403
2023-11-24,18.1,18.19,18.2,17.97,14728
2023-11-27,18.15,18.62,18.6225,18.0401,31680
2023-11-28,18.62,18.55,18.7399,18.475,48273
2023-11-29,18.69,19.0,19.28,18.5929,57329
2023-11-30,19.15,18.98,19.33,18.98,129103
2023-12-01,19.08,19.44,19.44,19.03,52381
2023-12-04,19.28,19.24,19.47,19.16,39627
2023-12-05,19.34,19.08,19.34,19.08,73258
2023-12-06,19.19,19.01,19.4,19.01,41287
2023-12-07,19.1,19.01,19.26,18.98,41230
2023-12-08,18.95,18.8325,19.05,18.8101,33874
2023-12-11,18.83,18.64,19.0143,18.47,55226
2023-12-12,18.64,18.67,18.76,18.54,48405
2023-12-13,18.67,19.18,19.18,18.62,56430
2023-12-14,19.27,19.6987,19.79,19.27,80241
2023-12-15,19.58,19.6,19.84,19.48,53042
2023-12-18,19.6,19.5,19.75,19.4,46540
2023-12-19,19.5,19.5,19.69,19.13,156028
2023-12-20,19.47,19.56,19.69,19.4301,70469
2023-12-21,19.7,19.63,19.85,19.49,61154
2023-12-22,19.76,19.89,19.9,19.621,59453
2023-12-26,19.81,20.09,20.34,19.81,51732
2023-12-27,20.1,19.90875,20.37,20.0476,56768
2023-12-28,20.09,19.81,20.21,19.71,102183
2023-12-29,19.81,19.53,19.8986,19.5,75323
2024-01-02,19.66,19.73,19.75,19.5159,48007
2024-01-03,19.65,19.73,19.85,19.4405,40071
2024-01-04,19.7,19.83,19.94,19.46,31299
2024-01-05,19.79,19.82,19.962,19.75,22812
2024-01-08,19.86,19.78,19.93,19.73,55362
2024-01-09,19.69,19.89,20.0,19.69,24455
2024-01-10,19.83,19.81,19.95,19.8,27548
2024-01-11,19.79,19.87,20.0,19.71,65751
2024-01-12,19.91,19.9501,19.99,19.84,42486
2024-01-16,19.92,19.78,19.95,19.73,32327
2024-01-17,19.7,19.77,19.79,19.61,19368
2024-01-18,19.72,19.6,19.89,19.51,35035
2024-01-19,19.59,19.76,19.85,19.58,24455
2024-01-22,19.85,19.8,19.95,19.71,28493
2024-01-23,19.82,19.91,19.99,19.8,44684
2024-01-24,19.95,19.97,19.9899,19.86,58176
2024-01-25,20.07,20.27,20.3701,19.9601,43599
2024-01-26,20.26,20.3,20.44,20.1501,61444
2024-01-29,20.38,20.49,20.52,20.3,57719
2024-01-30,20.53,20.63,20.64,20.445,46662
2024-01-31,20.57,20.34,20.71,20.3,139421
2024-02-01,20.45,20.66,20.8,20.08,65716
2024-02-02,20.5,20.47,20.57,20.45,23290
2024-02-05,20.39,20.3,20.42,20.25,37398
2024-02-06,20.3,20.24,20.4,20.2,27616
2024-02-07,20.33,20.2,20.37,20.2,60777
2024-02-08,20.2,20.27,20.28,20.0616,25531
2024-02-09,20.28,20.47,20.47,20.28,20350
2024-02-12,20.46,20.51,20.5528,20.3606,35671
2024-02-13,20.26,20.23,20.3159,20.0805,54856
2024-02-14,20.12,20.17,20.37,20.12,29554
2024-02-15,20.29,20.22,20.35,20.11,35443
2024-02-16,20.1,20.2199,20.28,20.1,28192
2024-02-20,20.23,20.27,20.3787,20.06,22779
2024-02-21,20.35,20.16,20.43,20.16,13184
2024-02-22,20.3,20.25,20.4,20.2042,20655
2024-02-23,20.28,20.52,20.62,20.25,42094
2024-02-26,20.61,20.54,20.6552,20.52,21983
2024-02-27,20.63,20.45,20.68,20.45,53002
2024-02-28,20.43,20.54,20.65,20.43,32145
2024-02-29,20.55,21.02,21.2,20.49,199526
2024-03-01,20.96,20.895,21.0777,20.8,82749
2024-03-04,20.8,20.72,20.93,20.72,41511
2024-03-05,20.78,20.82,20.92,20.74,45559
2024-03-06,20.88,20.77,21.11,20.75,86829
2024-03-07,20.94,20.93,21.01,20.82,27739
2024-03-08,20.99,21.0301,21.14,20.96,28592
2024-03-11,21.07,20.99,21.11,20.95,53702
2024-03-12,21.01,21.03,21.08,20.8853,19207
2024-03-13,20.98,20.99,21.08,20.98,34573
2024-03-14,20.98,20.85,21.05,20.83,31258
2024-03-15,20.82,20.75,21.01,20.71,32564
2024-03-18,20.75,20.84,20.9,20.67,36357
2024-03-19,20.9,20.98,21.08,20.83,55234
2024-03-20,21.04,20.97,21.08,20.84,37405
2024-03-21,21.12,21.1,21.26,21.1,47560
2024-03-22,21.19,21.02,21.25,20.99,70409
2024-03-25,20.99,20.92,21.15,20.895,42349
2024-03-26,20.99,20.75875,21.12,20.8899,63757
2024-03-27,20.88,20.97,21.06,20.75,109828
2024-03-28,20.97,20.91,21.24,20.88,66422
2024-04-01,20.88,20.85,21.01,20.6616,41955
2024-04-02,20.7,20.44,20.72,20.43,144525
2024-04-03,20.34,20.49,20.54,20.29,30381
2024-04-04,20.51,20.55,20.69,20.51,40256
2024-04-05,20.53,20.6,20.65,20.4501,22475
2024-04-08,20.64,20.52,20.65,20.51,32313
2024-04-09,20.59,20.5478,20.61,20.52,18136
2024-04-10,20.36,20.05,20.36,19.91,52408
2024-04-11,20.12,19.83,20.12,19.7118,47519
2024-04-12,19.86,19.67,19.97,19.66,34821
2024-04-15,19.73,19.1,19.73,19.1,43108
2024-04-16,19.01,19.08,19.36,18.9,32168
2024-04-17,19.27,19.18,19.37,19.09,23249
2024-04-18,19.28,19.18,19.34,19.15,38834
2024-04-19,19.2,19.28,19.39,19.17,61046
2024-04-22,19.33,19.45,19.5,19.33,30784
2024-04-23,19.54,19.87,19.87,19.54,23876
2024-04-24,19.81,19.8,19.86,19.55,23125
2024-04-25,19.53,19.54,19.64,19.35,33367
2024-04-26,19.64,19.47,19.712,19.45,44180
2024-04-29,19.64,19.66,19.74,19.4423,58021
2024-04-30,19.64,19.43,19.65,19.43,57459
2024-05-01,19.51,19.52,19.68,19.45,23636
2024-05-02,19.63,19.62,19.8201,19.5646,32732
2024-05-03,19.85,19.91,20.01,19.781,25058
2024-05-06,20.03,20.0,20.14,19.955,18192
2024-05-07,20.14,19.89,20.2,19.89,18547
2024-05-08,19.86,19.65,20.0279,19.63,29864
2024-05-09,19.7,19.6,19.71,19.58,30076
2024-05-10,19.69,19.7,19.71,19.55,13544
2024-05-13,19.71,19.74,19.7798,19.7016,16676
2024-05-14,19.79,19.59,19.8,19.59,20104
2024-05-15,19.78,19.81,19.88,19.76,22244
2024-05-16,19.81,19.82,19.86,19.7301,19358
2024-05-17,19.72,19.82,19.86,19.72,28205
2024-05-20,19.73,19.83,19.9,19.73,19628
2024-05-21,19.93,19.86,20.01,19.85,81195
2024-05-22,19.9,19.85,20.0,19.79,24766
2024-05-23,19.91,19.56,19.94,19.52,49550
2024-05-24,19.66,19.73,19.8,19.605,17453
2024-05-28,19.73,19.7,19.92,19.7,64147
2024-05-29,19.62,19.49,19.65,19.434,35596
2024-05-30,19.54,19.74,19.93,19.43,39678
2024-05-31,19.9,19.84,20.0499,19.84,46572
2024-06-03,19.93,19.93,20.1,19.8699,36778
2024-06-04,19.93,20.0,20.17,19.93,14914
2024-06-05,20.02,19.96,20.13,19.9301,31731
2024-06-06,20.01,20.07,20.15,20.005,13932
2024-06-07,19.96,20.01,20.04,19.65,34577
2024-06-10,20.0,19.83,20.0,19.82,24893
2024-06-11,19.92,19.72,19.92,19.72,71181
2024-06-12,19.95,19.92,20.13,19.91,45087
2024-06-13,20.07,19.93,20.12,19.85,23401
2024-06-14,19.91,19.77,20.0,19.764,21747
2024-06-17,19.83,19.8,19.91,19.658,57128
2024-06-18,19.82,19.95,20.17,19.82,62982
2024-06-20,19.94,19.97,20.08,19.91,22671
2024-06-21,19.98,20.0,20.17,19.98,30372
2024-06-24,20.07,20.07,20.16,20.06,19676
2024-06-25,20.16,20.09,20.21,20.06,33445
2024-06-26,20.05,20.12,20.19,20.05,52152
2024-06-27,20.18,19.87875,20.28,20.15,36529
2024-06-28,19.99,19.72,20.03,19.7,46997
2024-07-01,19.7,19.59,19.75,19.435,59475
2024-07-02,19.66,19.7,19.78,19.62,27117
2024-07-03,19.82,19.8,19.98,19.7,16616
2024-07-05,19.94,19.87,19.9889,19.79,20144
2024-07-08,19.93,19.81,19.94,19.8,24982
2024-07-09,19.81,19.72,19.81,19.71,26941
2024-07-10,19.75,19.92,19.95,19.75,20277
2024-07-11,20.06,20.24,20.26,20.06,24785
2024-07-12,20.25,20.4,20.429,20.25,22497
2024-07-15,20.4,20.34,20.45,20.3,26236
2024-07-16,20.4,20.35,20.44,20.31,40491
2024-07-17,20.35,20.31,20.44,20.3,24852
2024-07-18,20.34,20.26,20.4588,20.19,44760
2024-07-19,20.32,20.28,20.37,20.23,54870
2024-07-22,20.28,20.37,20.47,20.28,27042
2024-07-23,20.43,20.23,20.43,20.2291,40064
2024-07-24,20.23,19.91,20.2583,19.9,30218
2024-07-25,20.0,19.95,20.1486,19.95,35720
2024-07-26,20.1,20.13,20.18,20.04,25049
2024-07-29,20.23,20.09,20.23,20.06,22235
2024-07-30,20.16,20.17,20.17,20.05,24500
2024-07-31,20.2,20.17,20.26,20.07,52751
2024-08-01,20.18,20.35,20.38,20.18,34875
2024-08-02,20.23,20.34,20.5,20.2,32983
2024-08-05,19.63,20.0,20.17,19.63,29527
2024-08-06,20.02,20.19,20.29,20.01,96533
2024-08-07,20.16,20.25,20.435,20.16,32008
2024-08-08,20.29,20.34,20.49,20.25,43161
2024-08-09,20.35,20.34,20.4943,20.335,25103
2024-08-12,20.33,20.23,20.41,20.23,29654
2024-08-13,20.33,20.47,20.54,20.33,28229
2024-08-14,20.53,20.63,20.78,20.51,33596
2024-08-15,20.64,20.62,20.71,20.53,36922
2024-08-16,20.7,20.72,20.8,20.69,30525
2024-08-19,20.78,20.81,20.9271,20.77,34683
2024-08-20,20.9,20.88,20.93,20.83,19191
2024-08-21,20.93,21.02,21.08,20.91,28512
2024-08-22,21.08,20.93,21.0993,20.93,41689
2024-08-23,21.06,21.14,21.21,20.97,40202
2024-08-26,21.24,21.16,21.27,21.15,26336
2024-08-27,21.12,21.18,21.26,21.12,21771
2024-08-28,21.24,21.19,21.3,21.1868,21143
2024-08-29,21.27,21.26,21.38,21.26,23550
2024-08-30,21.43,21.2,21.43,21.1,69552
2024-09-03,21.2,21.15,21.26,21.15,41878
2024-09-04,21.22,21.35,21.41,21.22,47917
2024-09-05,21.42,21.5,21.5,21.38,55945
2024-09-06,21.59,21.36,21.63,21.28,40030
2024-09-09,21.48,21.53,21.59,21.46,36623
2024-09-10,21.65,21.65,21.7398,21.49,42695
2024-09-11,21.7,21.74,21.87,21.56,26503
2024-09-12,21.81,21.79,21.94,21.71,30276
2024-09-13,21.91,21.99,22.09,21.89,48856
2024-09-16,22.12,22.23,22.33,22.0304,73546
2024-09-17,22.38,22.42,22.56,22.27,55786
2024-09-18,22.5,22.47,22.65,22.35,78970
2024-09-19,22.6,22.6,22.69,22.54,149327
2024-09-20,22.61,22.68,22.76,22.6,59249
2024-09-23,22.77,22.58,22.79,22.58,53091
2024-09-24,22.62,22.7,22.77,22.52,41808
2024-09-25,22.77,22.72,22.87,22.7,62515
2024-09-26,22.89,22.79,22.9699,22.73,95378
2024-09-27,22.92,22.43875,22.96,22.71,119003
2024-09-30,22.53,22.06,22.53,22.05,189688
2024-10-01,22.15,22.21,22.3742,22.11,60663
2024-10-02,22.22,22.36,22.36,22.18,40280
2024-10-03,22.33,22.35,22.51,22.28,88499
2024-10-04,22.27,22.13,22.27,22.09,48618
2024-10-07,22.06,21.91,22.15,21.84,34998
2024-10-08,21.91,22.08,22.17,21.91,106899
2024-10-09,22.15,22.07,22.25,22.0528,46339
2024-10-10,22.08,21.92,22.12,21.92,43880
2024-10-11,22.0,22.13,22.13,21.94,36032
2024-10-14,22.13,22.16,22.2483,21.96,23204
2024-10-15,22.27,22.31,22.51,22.25,41270
2024-10-16,22.47,22.45,22.53,22.335,44809
2024-10-17,22.41,22.34,22.44,22.28,33175
2024-10-18,22.45,22.33,22.54,22.33,38500
2024-10-21,22.26,22.0,22.26,21.9,49849
2024-10-22,22.07,22.08,22.15,21.84,49619
2024-10-23,21.97,21.81,21.9945,21.71,52926
2024-10-24,21.93,21.78,21.93,21.71,44493
2024-10-25,21.91,21.7,22.01,21.63,66154
2024-10-28,21.85,21.71,21.89,21.6,57314
2024-10-29,21.59,21.57,21.6338,21.4482,46133
2024-10-30,21.69,21.58,21.84,21.5401,59035
2024-10-31,21.62,21.42,21.81,21.36,91863
2024-11-01,21.49,21.3,21.54,21.24,31563
2024-11-04,21.37,21.72,21.85,21.37,337667
2024-11-05,21.8,22.02,22.11,21.7801,47311
2024-11-06,21.81,21.51,21.822,21.5,98398
2024-11-07,21.66,21.62,21.76,21.4928,37188
2024-11-08,21.78,21.76,21.93,21.76,42083
2024-11-11,21.86,21.55,21.86,21.42,34038
2024-11-12,21.4,21.16,21.47,21.16,39024
2024-11-13,21.33,21.1,21.33,21.05,73352
2024-11-14,21.22,21.13,21.24,21.04,56847
2024-11-15,21.12,21.1,21.2,21.0168,44123
2024-11-18,21.15,21.07,21.35,21.07,62647
2024-11-19,21.14,20.98,21.2064,20.9101,42565
2024-11-20,20.94,20.82,20.98,20.79,37072
2024-11-21,20.96,20.95,21.07,20.8305,122454
2024-11-22,21.08,20.98,21.1,20.98,30025
2024-11-25,21.3,21.2,21.37,21.16,47030
2024-11-26,21.3,21.01,21.3086,21.01,44351
2024-11-27,21.2,21.14,21.23,21.0631,48616
2024-11-29,21.28,21.51,21.53,21.17,42333
2024-12-02,21.52,21.29,21.52,21.2,38306
2024-12-03,21.32,21.12,21.32,21.07,35720
2024-12-04,21.2,21.16,21.2695,21.1,44162
2024-12-05,21.21,21.17,21.29,21.16,41727
2024-12-06,21.32,21.16,21.32,21.16,166001
2024-12-09,21.23,20.97,21.25,20.97,72841
2024-12-10,21.06,21.01,21.1,20.9,124647
2024-12-11,21.1,21.02,21.1281,21.0101,38310
2024-12-12,20.96,20.92,21.0,20.8701,87892
2024-12-13,20.92,20.82,21.01,20.8,87116
2024-12-16,20.93,20.8,20.9399,20.7,72673
2024-12-17,20.88,20.8,20.93,20.72,45762
2024-12-18,20.85,20.57,20.9699,20.57,84882
2024-12-19,20.49,20.47,20.7,20.345,39983
2024-12-20,20.58,20.55,20.68,20.4,40239
2024-12-23,20.64,20.38,20.64,20.38,57353
2024-12-24,20.38,20.31,20.45,20.16,39658
2024-12-26,20.25,20.21,20.3,20.1601,40781
2024-12-27,20.24,20.07,20.25,20.07,67505
2024-12-30,20.07,19.88875,20.32,20.07,61502
2024-12-31,20.0,20.14,20.35,19.9,240815
2025-01-02,20.28,20.42,20.47,20.21,53036
2025-01-03,20.5,20.6,20.68,20.4901,60570
2025-01-06,20.58,20.51,20.64,20.46,55740
2025-01-07,20.53,20.09,20.56,20.04,75193
2025-01-08,20.01,20.05,20.15,19.97,85708
2025-01-10,19.95,19.57,19.9816,19.57,74991
2025-01-13,19.57,19.3,19.57,19.27,71189
2025-01-14,19.39,19.38,19.54,19.3352,59144
2025-01-15,19.78,19.86,20.03,19.705,63356
2025-01-16,19.94,19.87,20.116,19.86,45455
2025-01-17,20.12,19.84,20.12,19.7759,54828
2025-01-21,19.96,20.08,20.17,19.96,44502
2025-01-22,20.1,20.05,20.23,20.01,43793
2025-01-23,19.98,19.99,20.1066,19.91,39569
2025-01-24,20.1,20.11,20.24,20.1,35416
2025-01-27,20.07,20.32,20.49,20.07,44623
2025-01-28,20.37,20.18,20.4783,20.1203,47257
2025-01-29,20.25,20.03,20.3147,19.9793,34046
2025-01-30,20.2,20.17,20.31,20.07,33546
2025-01-31,20.14,20.05,20.3,20.01,37549
2025-02-03,20.0,19.88,20.032,19.8701,115232
2025-02-04,19.92,19.97,20.09,19.81,21463
2025-02-05,20.09,20.15,20.2899,20.05,21103
2025-02-06,20.26,20.14,20.3,20.09,28189
2025-02-07,19.93,20.07,20.19,19.93,80534
2025-02-10,20.19,20.11,20.24,20.08,45878
2025-02-11,20.11,20.05,20.175,20.05,56142
2025-02-12,19.8,19.84,19.8793,19.69,93645
2025-02-13,19.99,20.03,20.1685,19.85,38867
2025-02-14,20.19,20.15,20.25,20.03,21600
2025-02-18,20.16,20.07,20.19,20.06,36170
2025-02-19,20.04,20.0,20.1885,19.9,41029
2025-02-20,20.11,20.01,20.115,19.93,43547
2025-02-21,20.13,20.03,20.142,20.01,59562
2025-02-24,20.08,20.11,20.22,20.03,46790
2025-02-25,20.24,20.3,21.7,20.1763,39093
2025-02-26,20.34,20.2,20.5,20.16,29172
2025-02-27,20.26,20.12,20.27,20.12,25360
2025-02-28,20.24,20.09,20.27,20.07,62752
2025-03-03,20.17,20.1,20.24,20.1,27132
2025-03-04,20.14,19.95,20.14,19.91,75684
2025-03-05,19.98,19.98,20.07,19.95,28653
2025-03-06,19.98,19.98,19.99,19.91,69621
2025-03-07,20.03,19.79,20.069,19.78,68409
2025-03-10,19.79,19.62,19.8299,19.6,24548
2025-03-11,19.66,19.55,19.6934,19.55,36925
2025-03-12,19.64,19.62,19.655,19.46,28313
2025-03-13,19.64,19.64,19.7,19.53,34692
2025-03-14,19.15,19.71,19.83,19.15,31184
2025-03-17,19.86,19.84,19.95,19.8001,34619
2025-03-18,19.84,19.8,19.88,19.71,44225
2025-03-19,19.75,19.8,19.86,19.75,32215
2025-03-20,19.89,19.75,19.99,19.74,48545
2025-03-21,19.77,19.81,19.8795,19.77,27098
2025-03-24,19.85,19.73,19.8998,19.73,37902
2025-03-25,19.78,19.79,19.82,19.73,27419
2025-03-26,19.8,19.5465,19.8,19.53,32800
2025-03-27,19.59,19.52,19.6392,19.45,68860
2025-03-28,19.56,19.22875,19.59,19.48,146687
2025-03-31,19.24,19.14,19.26,19.1215,192740
2025-04-01,19.24,19.16,19.63,19.13,41641
2025-04-02,19.13,19.35,19.37,19.13,56927
2025-04-03,19.14,19.12,19.23,18.9484,82710
2025-04-04,19.02,18.97,19.11,18.75,80425
2025-04-07,18.61,18.68,19.14,18.49,60345
2025-04-08,18.81,18.498,18.96,18.48,42465
2025-04-09,18.46,18.79,18.89,18.22,35780
2025-04-10,18.73,18.34,18.77,18.27,37362
2025-04-11,18.28,18.1,18.35,18.07,38772
