2017-10-12,24.96,24.96,24.96,24.96,120018
2017-10-13,25.0,25.0136,25.0136,24.9848,3597
2017-10-16,25.43,24.9964,25.43,24.9964,1811
2017-10-17,25.0386,25.05,25.05,25.0349,340
2017-10-18,25.12,25.14,26.36,25.12,31189
2017-10-19,25.31,25.11,25.31,25.05,6032
2017-10-20,25.13,25.17,25.18,25.12,1117
2017-10-23,25.2,25.1424,25.2,25.1424,2495
2017-10-24,25.12,25.13,25.14,25.12,3347
2017-10-25,25.11,25.05,25.11,24.97,4202799
2017-10-26,NaN,25.05,NaN,NaN,168
2017-10-27,NaN,25.05,NaN,NaN,13
2017-10-30,25.04,25.04,25.04,25.04,1607
2017-10-31,25.0943,25.11,25.13,25.0943,2866
2017-11-01,25.2017,25.19,25.21,25.19,1427
2017-11-02,NaN,25.19,NaN,NaN,7
2017-11-03,25.1774,25.23,25.23,25.1774,3352
2017-11-07,25.26,25.27,25.27,25.26,857
2017-11-08,25.27,25.3396,25.3396,25.27,1661
2017-11-09,25.2222,25.2222,25.2222,25.2222,4050248
2017-11-10,25.1904,25.1904,25.1904,25.1904,205
2017-11-13,25.2405,25.2405,25.2405,25.2405,216
2017-11-14,25.16,25.16,25.16,25.16,259
2017-11-15,25.11,25.11,25.11,25.11,2000383
2017-11-16,25.32,25.32,25.32,25.32,2000206
2017-11-17,25.21,25.19,25.21,25.19,2201089
2017-11-21,25.23,25.3856,25.3856,25.23,2234
2017-11-22,NaN,25.3856,NaN,NaN,4
2017-11-24,NaN,25.3856,NaN,NaN,28
2017-11-27,NaN,25.3856,NaN,NaN,2
2017-11-28,25.48,25.59,25.61,25.48,1799
2017-11-29,NaN,25.59,NaN,NaN,21
2017-11-30,NaN,25.59,NaN,NaN,19
2017-12-01,NaN,25.59,NaN,NaN,4
2017-12-04,25.9591,25.9591,25.9591,25.9591,432
2017-12-05,25.9222,25.9222,25.9222,25.9222,150
2017-12-06,25.7701,25.9222,25.7701,25.7701,1200002
2017-12-07,25.779,25.9222,25.779,25.779,2700002
2017-12-08,25.9041,25.9222,25.9041,25.9041,1900007
2017-12-11,26.22,26.045,26.22,26.0349,447
2017-12-13,26.205,26.205,26.205,26.205,1150103
2017-12-14,26.044,26.205,26.044,26.044,2700010
2017-12-15,26.28,26.28,26.28,26.28,2000300
2017-12-18,26.4,26.4097,26.4097,26.4,205
2017-12-19,26.3514,26.3514,26.3514,26.3514,200
2017-12-20,26.3,26.3,26.3,26.3,100
2017-12-21,26.39,26.39,26.39,26.39,277
2017-12-22,26.3058,26.3058,26.3058,26.3058,456
2017-12-26,26.31,26.29,26.31,26.29,679
2017-12-27,NaN,26.29,NaN,NaN,2
2017-12-28,26.265,26.265,26.265,26.265,719
2017-12-29,NaN,26.265,NaN,NaN,45
2018-01-02,26.29,26.3,26.3,26.29,524
2018-01-03,NaN,26.3,NaN,NaN,19
2018-01-04,26.635,26.6531,26.6531,26.635,1134
2018-01-05,26.98,26.68,26.98,26.68,1901
2018-01-08,27.07,26.83,27.07,26.75,7033
2018-01-09,27.13,26.9,27.13,26.84,33780
2018-01-10,26.81,26.81,26.88,26.72,1548508
2018-01-11,26.905,26.9161,26.935,26.88,3858683
2018-01-12,27.05,27.11,27.16,27.03,22708
2018-01-16,27.335,27.135,27.373,27.06,50164
2018-01-17,27.195,27.43,27.43,27.18,7294
2018-01-18,27.14,27.33,27.405,27.14,8422
2018-01-19,27.405,27.4208,27.4208,27.33,10849
2018-01-22,27.64,27.61,27.64,27.5354,26258
2018-01-23,27.48,27.67,27.75,27.48,25234
2018-01-24,27.8,27.69,27.8,27.59,1702123
2018-01-25,27.71,27.7,27.7899,27.7,3651573
2018-01-26,27.95,27.96,28.0,27.95,2065
2018-01-29,28.08,27.97,28.1,27.97,2482
2018-01-30,27.65,27.65,27.65,27.62,832
2018-01-31,27.69,27.56,27.69,27.5432,903630
2018-02-01,27.5,27.62,27.62,27.5,3102581
2018-02-02,27.412,27.15,27.412,27.15,1307
2018-02-05,26.99,26.03,26.99,26.0,6239
2018-02-06,25.91,25.59,26.13,25.5149,117740
2018-02-07,26.46,26.195,26.485,26.195,2538183
2018-02-08,26.08,25.2,26.08,25.2,4553667
2018-02-09,25.26,25.58,25.6335,24.79,11008
2018-02-12,25.43,25.99,25.99,25.43,7928
2018-02-13,25.68,25.93,25.94,25.68,8981
2018-02-14,25.89,26.2,26.2,25.88,1705813
2018-02-15,26.38,26.4955,26.4955,26.33,3056917
2018-02-16,26.56,26.68,26.78,26.56,6400
2018-02-20,26.28,26.4014,26.56,26.28,5599
2018-02-21,26.42,26.3301,26.6,26.3301,8965
2018-02-22,26.3063,26.25,26.44,26.1983,7802
2018-02-23,26.3948,26.55,26.56,26.3948,15283
2018-02-26,26.9218,27.0,27.0,26.9143,14566
2018-02-27,26.94,26.88,26.94,26.88,3875
2018-02-28,26.615,26.6096,26.615,26.6001,2662
2018-03-01,26.23,25.77,26.26,25.77,5263
2018-03-02,25.8134,25.9,25.9,25.8134,2377
2018-03-05,26.328,26.37,26.37,26.3153,2462
2018-03-06,26.1906,26.32,26.3416,26.1906,6797
2018-03-07,25.82,26.23,26.28,25.82,1204935
2018-03-08,26.45,26.46,26.46,26.36,3358067
2018-03-09,26.64,26.8653,26.8951,26.64,5149
2018-03-12,27.03,26.9027,27.03,26.86,4637
2018-03-13,26.9722,26.74,26.9722,26.7122,3543
2018-03-14,26.54,26.55,26.65,26.52,1553609
2018-03-15,26.91,26.5796,26.91,26.55,1409238
2018-03-16,26.675,26.6094,26.68,26.58,6644
2018-03-19,26.5,26.16,26.5,26.0601,5508
2018-03-20,26.18,26.17,26.23,26.1247,3936
2018-03-21,26.2,26.12,26.39,26.12,15421
2018-03-22,25.95,25.63,25.95,25.63,3735
2018-03-23,25.45,24.93,25.56,24.93,11728
2018-03-26,25.36,25.52,25.53,25.1315,10185
2018-03-27,25.715,25.6399,25.715,25.6399,17618
2018-03-28,25.23,25.15,25.3,25.15,2924
2018-03-29,25.5,25.49,25.6251,25.3949,8604
2018-04-02,25.2,24.79,25.22,24.58,3136
2018-04-03,24.83,25.1045,25.11,24.83,5183
2018-04-04,24.84,25.42,25.42,24.84,9045
2018-04-05,25.58,25.64,25.71,25.52,7777
2018-04-06,25.54,24.8601,25.54,24.8601,2982
2018-04-09,25.16,25.265,25.509,25.16,5927
2018-04-10,25.5752,25.58,25.6179,25.5244,4048
2018-04-11,25.48,25.3901,25.56,25.3901,7071
2018-04-12,25.65,25.66,25.7,25.6042,6409
2018-04-13,25.7,25.53,25.7,25.53,13111
2018-04-16,25.56,25.71,25.8,25.56,64035
2018-04-17,25.96,26.0047,26.0047,25.91,4437
2018-04-18,25.91,25.92,25.95,25.8994,6742
2018-04-19,25.8,25.68,25.8,25.625,5117
2018-04-20,25.51,25.46,25.53,25.45,3042
2018-04-23,25.53,25.4,25.57,25.4,3970
2018-04-24,25.43,25.08,25.5068,25.044,5818
2018-04-25,25.1452,25.2,25.2,25.02,1624
2018-04-26,25.37,25.51,25.54,25.37,3119
2018-04-27,25.4383,25.4983,25.51,25.4161,3520
2018-04-30,25.5258,25.3499,25.579,25.3499,3325
2018-05-01,25.13,25.18,25.21,24.9801,6931
2018-05-02,25.22,25.28,25.28,25.2,2741
2018-05-03,24.8,25.01,25.07,24.772,5649
2018-05-04,25.278,25.4,25.45,25.278,5875
2018-05-07,25.33,25.43,25.56,25.33,12188
2018-05-08,25.39,25.3997,25.42,25.34,2834
2018-05-09,25.7,25.6265,25.7,25.6265,2932
2018-05-10,25.88,25.85,25.88,25.85,1888
2018-05-11,25.99,25.96,25.99,25.95,4670
2018-05-14,26.075,26.028,26.1,26.028,2671
2018-05-15,25.87,25.8078,25.87,25.79,4929
2018-05-16,25.896,25.94,26.01,25.87,2580
2018-05-17,25.9463,25.87,25.96,25.87,5638
2018-05-18,25.87,25.849,25.87,25.8464,2301
2018-05-21,26.03,26.0314,26.0314,25.9889,3756
2018-05-22,26.29,26.0749,26.29,26.0431,2410
2018-05-23,26.14,25.8999,26.14,25.8802,2557
2018-05-24,25.9048,25.9064,25.9064,25.9048,1757
2018-05-25,25.98,25.93,25.98,25.92,2588
2018-05-29,25.46,25.54,25.79,25.46,10171
2018-05-30,25.8,25.98,25.99,25.79,2557
2018-05-31,25.82,25.8,25.82,25.7939,4303
2018-06-01,26.031,25.99,26.08,25.98,8920
2018-06-04,26.1,26.189,26.2,26.1,4595
2018-06-05,26.1914,26.1102,26.1914,26.1102,2330
2018-06-06,26.1989,26.3,26.3,26.1989,4119
2018-06-07,26.52,26.3702,26.52,26.3702,3724
2018-06-08,26.4862,26.499,26.499,26.4862,2323
2018-06-11,26.5635,26.6,26.6,26.5635,1957
2018-06-12,26.561,26.57,26.58,26.56,2594
2018-06-13,26.561,26.53,26.58,26.529,305137
2018-06-14,26.55,26.49,26.55,26.46,2888
2018-06-15,26.43,26.47,26.47,26.4272,4320
2018-06-18,26.42,26.43,26.43,26.3895,3468
2018-06-19,26.16,26.34,26.34,26.16,5336
2018-06-20,26.369,26.3201,26.3802,26.32,456085
2018-06-21,26.18,26.15,26.2279,26.1289,3503
2018-06-22,26.32,26.3447,26.3459,26.32,1909
2018-06-25,26.13,25.83,26.13,25.76,8428
2018-06-26,26.07,26.0445,26.07,26.0347,2107
2018-06-27,26.055,25.8,26.2,25.8,2389
2018-06-28,25.9698,25.9852,25.986,25.9698,1723
2018-06-29,26.237,26.23,26.2531,26.23,2667
2018-07-02,25.72,25.8752,25.902,25.72,4954
2018-07-03,26.3,25.904,26.3,25.904,8475
2018-07-05,26.0,26.07,26.1,25.92,2817
2018-07-06,26.289,26.3372,26.34,26.285,2278
2018-07-09,26.45,26.4624,26.4624,26.4337,2740
2018-07-10,26.58,26.6327,26.65,26.58,3028
2018-07-11,26.54,26.475,26.54,26.47,2111
2018-07-12,26.6234,26.65,26.66,26.6234,2201
2018-07-13,26.65,26.73,26.74,26.62,3015
2018-07-16,26.7,26.719,26.719,26.6501,1878
2018-07-17,26.62,26.83,26.86,26.62,1821
2018-07-18,26.85,26.8401,26.8799,26.8401,4154
2018-07-19,26.82,26.74,26.82,26.72,4329
2018-07-20,26.8378,26.7672,26.839,26.7672,2562
2018-07-23,26.76,26.8078,26.81,26.751,2577
2018-07-24,26.81,26.955,27.049,26.81,2186
2018-07-25,27.0101,27.19,27.21,27.0101,5452
2018-07-26,27.24,27.18,27.25,27.18,3981
2018-07-27,27.21,27.0804,27.21,27.05,5688
2018-07-30,27.07,26.96,27.08,26.955,4208
2018-07-31,27.067,27.1134,27.1461,27.067,1946
2018-08-01,27.1664,27.14,27.1999,27.07,2799
2018-08-02,27.05,27.1698,27.21,27.0225,3093
2018-08-03,27.27,27.3164,27.33,27.27,4806
2018-08-06,27.37,27.41,27.48,27.37,6068
2018-08-07,27.53,27.47,27.54,27.47,4664
2018-08-08,27.49,27.5021,27.53,27.4665,2911
2018-08-09,27.4739,27.51,27.51,27.4739,1877
2018-08-10,27.32,27.1936,27.32,27.187,5296
2018-08-13,27.26,27.21,27.26,27.11,9175
2018-08-14,27.26,27.24,27.31,27.1701,4771
2018-08-15,27.11,27.0713,27.11,27.0,2955
2018-08-16,27.4889,27.4292,27.49,27.4292,2104
2018-08-17,27.22,27.5417,27.59,27.22,5179
2018-08-20,27.5536,27.5605,27.6053,27.54,4875
2018-08-21,27.66,27.62,27.72,27.62,3754
2018-08-22,27.5876,27.607,27.6347,27.5876,3563
2018-08-23,27.5582,27.6,27.6,27.5546,3104
2018-08-24,27.56,27.6996,27.7236,27.56,1602
2018-08-27,27.86,27.905,27.93,27.83,6969
2018-08-28,27.91,27.946,27.98,27.91,7003
2018-08-29,27.9813,28.0289,28.08,27.9813,12298
2018-08-30,28.0048,28.0487,28.07,28.0048,1213
2018-08-31,27.9203,27.919,27.95,27.8945,3125
2018-09-04,27.91,27.9097,27.95,27.81,4416
2018-09-05,27.8371,27.853,27.853,27.8371,1558
2018-09-06,27.803,27.88,27.88,27.75,4454
2018-09-07,27.88,27.793,27.88,27.7699,2280
2018-09-10,27.8695,27.92,27.92,27.8557,3756436
2018-09-11,27.9109,27.94,27.969,27.9109,7930
2018-09-12,27.9699,27.9598,28.06,27.9598,3649
2018-09-13,28.0587,28.11,28.11,28.0587,4723
2018-09-14,28.0801,28.07,28.0969,28.063,2692
2018-09-17,28.04,27.99,28.04,27.9737,3755780
2018-09-18,27.96,28.12,28.19,27.96,9225
2018-09-19,28.1621,28.16,28.2029,28.15,6950
2018-09-20,28.41,28.42,28.4921,28.4052,6772
2018-09-21,28.55,28.4683,28.55,28.455,7233
2018-09-24,28.45,28.32,28.45,28.29,22806
2018-09-25,28.66,28.34,28.66,28.33,6969
2018-09-26,28.43,28.38,28.49,28.37,10609
2018-09-27,28.24,28.41,28.47,28.24,4163
2018-09-28,28.33,28.35,28.4,28.3154,3043
2018-10-01,28.397,28.3344,28.397,28.31,35340
2018-10-02,28.38,28.375,28.4139,28.2861,12045
2018-10-03,28.4386,28.355,28.5,28.355,4661
2018-10-04,28.46,28.1557,28.46,27.98,5732
2018-10-05,28.48,27.9856,28.48,27.8836,52024
2018-10-08,27.89,28.04,28.0604,27.81,8014
2018-10-09,28.0592,28.0356,28.0801,27.9987,2761
2018-10-10,27.79,27.14,27.79,27.13,5868
2018-10-11,27.31,26.59,27.31,26.44,9462
2018-10-12,27.27,26.82,27.27,26.7542,4546
2018-10-15,26.97,26.9936,26.9936,26.7857,2462
2018-10-16,27.1265,27.38,27.41,27.1265,6574
2018-10-17,27.64,27.39,27.64,27.35,3598
2018-10-18,27.52,27.1,27.52,27.02,19753
2018-10-19,27.3079,27.17,27.3079,27.17,2528
2018-10-22,26.9571,27.08,27.11,26.9571,11963
2018-10-23,26.59,27.07,27.115,26.59,3022
2018-10-24,26.85,26.26,26.85,26.26,6620
2018-10-25,26.34,26.7301,26.8242,26.32,17176
2018-10-26,26.2596,26.19,26.48,26.04,2678
2018-10-29,26.6962,26.14,26.6962,25.84,2195
2018-10-30,26.3695,26.49,26.49,26.159,3783
2018-10-31,26.8104,26.92,26.96,26.79,6069
2018-11-01,26.96,26.8787,26.96,26.7194,3168
2018-11-02,27.15,26.723,27.15,26.723,3469
2018-11-05,26.915,27.0193,27.0698,26.89,5098
2018-11-06,27.09,27.0672,27.12,27.0381,6973
2018-11-07,27.22,27.72,27.73,27.22,4945
2018-11-08,27.67,27.71,27.82,27.6001,8492
2018-11-09,27.37,27.64,27.65,27.37,11848
2018-11-12,27.2001,27.14,27.265,27.14,2493
2018-11-13,27.11,27.05,27.28,27.0,40593
2018-11-14,26.997,26.99,27.0131,26.71,2874
2018-11-15,26.57,27.09,27.09,26.57,5355
2018-11-16,27.21,27.19,27.237,27.09,5170
2018-11-19,27.0468,26.85,27.0532,26.75,4757
2018-11-20,26.36,26.38,26.6099,26.26,8055
2018-11-21,26.41,26.4368,26.5,26.39,7933
2018-11-23,26.21,26.1915,26.2373,26.13,3089
2018-11-26,26.26,26.41,26.47,26.26,5525
2018-11-27,26.345,26.5117,26.5362,26.345,1831
2018-11-28,26.7471,27.1396,27.18,26.73,8318
2018-11-29,27.24,27.3503,27.41,27.1699,9533
2018-11-30,27.18,27.57,27.57,27.18,6078
2018-12-03,28.19,27.74,28.19,27.69,8024
2018-12-04,27.55,26.98,27.67,26.98,10026
2018-12-06,26.74,26.68,26.74,26.22,41414
2018-12-07,27.0,26.38,27.0,26.27,6845
2018-12-10,26.11,26.36,26.36,25.87,16394
2018-12-11,26.64,26.54,26.64,26.3301,8965
2018-12-12,26.94,26.59,26.94,26.59,28089
2018-12-13,26.68,26.68,26.68,26.4381,10698
2018-12-14,26.39,26.15,26.39,26.1041,3098
2018-12-17,25.87,25.5101,26.0777,25.4317,8325
2018-12-18,25.68,25.47,25.76,25.38,11970
2018-12-19,25.44,25.18,25.92,25.08,9622
2018-12-20,24.99,24.82,25.21,24.65,55674
2018-12-21,24.71,24.3,25.0594,24.3,5671
2018-12-24,24.3,23.78,24.3,23.78,8406
2018-12-26,23.79,24.78,24.78,23.78,4270
2018-12-27,24.3,24.79,24.83,24.1593,4770
2018-12-28,25.01,24.85,25.2243,24.85,30955
2018-12-31,25.12,25.106,25.12,24.9001,8449
2019-01-02,24.92,24.9301,25.1302,24.8269,10935
2019-01-03,25.03,24.5237,25.03,24.5237,2928
2019-01-04,25.08,25.33,25.36,25.0793,8963
2019-01-07,25.53,25.53,25.63,25.27,26643
2019-01-08,25.75,25.6624,25.75,25.4,4026
2019-01-09,25.7176,25.6954,25.8199,25.6656,7913
2019-01-10,25.53,25.7,25.7,25.53,3448
2019-01-11,25.72,25.7342,25.7565,25.63,4652
2019-01-14,25.65,25.6903,25.7229,25.62,2726
2019-01-15,25.81,25.9494,25.97,25.8001,7091
2019-01-16,26.0324,25.99,26.0324,25.9801,5473
2019-01-17,25.9753,26.11,26.11,25.965,5775
2019-01-18,26.32,26.4079,26.47,26.2737,7641
2019-01-22,26.5,26.17,26.5,25.93,30763
2019-01-23,26.39,26.2918,26.39,26.0831,9190
2019-01-24,26.13,26.2027,26.2113,26.0401,2069
2019-01-25,26.437,26.3399,26.44,26.275,22721
2019-01-28,26.041,26.089,26.13,25.912,22120
2019-01-29,26.0996,26.1074,26.16,26.0488,1851
2019-01-30,26.28,26.4173,26.4471,26.1641,2460
2019-01-31,26.4826,26.63,26.69,26.4826,22804
2019-02-01,26.6316,26.66,26.7874,26.6249,2399
2019-02-04,26.6491,26.7922,26.7922,26.6275,5319
2019-02-05,27.12,26.89,27.12,26.877,30176
2019-02-06,26.91,26.901,26.93,26.859,2660
2019-02-07,26.7,26.68,27.135,26.5451,23420
2019-02-08,26.52,26.6335,26.6335,26.5,2439
2019-02-11,26.66,26.74,26.76,26.649,4105
2019-02-12,26.965,27.087,27.1139,26.951,6619
2019-02-13,27.2228,27.174,27.2228,27.07,24842
2019-02-14,26.965,27.08,27.1,26.965,1244
2019-02-15,27.34,27.3,27.3499,27.27,3752
2019-02-19,27.11,27.4691,27.49,27.11,14922
2019-02-20,27.4034,27.49,27.6399,27.4034,22512
2019-02-21,27.46,27.3136,27.4899,27.3136,3274
2019-02-22,27.53,27.53,27.67,27.5225,10828
2019-02-25,27.8,27.6708,27.8,27.6522,4338
2019-02-26,27.6899,27.68,27.74,27.6407,6171
2019-02-27,27.4401,27.5801,27.63,27.44,5367
2019-02-28,27.63,27.6051,27.63,27.5772,5578
2019-03-01,27.74,27.7133,27.74,27.6201,3867
2019-03-04,27.69,27.445,27.69,27.445,1543
2019-03-05,27.58,27.6241,27.626,27.5427,6313
2019-03-06,27.5534,27.49,27.5534,27.49,3750
2019-03-07,27.2933,27.21,27.3799,27.21,17723
2019-03-08,27.2,27.12,27.2,27.03,10026
2019-03-11,27.5,27.5999,27.66,27.4934,15807
2019-03-12,27.72,27.702,27.74,27.6703,23580
2019-03-13,27.78,27.85,27.89,27.77,6538
2019-03-14,27.85,27.79,27.9499,27.79,30847
2019-03-15,27.9112,28.0099,28.01,27.9112,3798
2019-03-18,27.85,28.005,28.0899,27.85,6213
2019-03-19,28.0,28.12,28.179,28.0,3293
2019-03-20,28.03,28.0157,28.1594,27.98,3436
2019-03-21,28.1772,28.2828,28.3,28.1772,7226
2019-03-22,28.02,27.9209,28.11,27.8754,4882
2019-03-25,27.8,27.78,27.8199,27.72,14024
2019-03-26,28.04,27.9168,28.1,27.9168,7889
2019-03-27,27.94,27.7577,28.0394,27.7577,12292
2019-03-28,27.905,27.97,27.99,27.8696,135869
2019-03-29,28.18,28.0701,28.18,28.0202,7998
2019-04-01,28.16,28.2481,28.2481,28.1437,2613
2019-04-02,28.4,28.23,28.4,28.17,6553
2019-04-03,28.63,28.28,28.63,28.2349,11002
2019-04-04,28.26,28.2819,28.33,28.237,4343
2019-04-05,28.41,28.3995,28.43,28.3804,6690
2019-04-08,28.3242,28.41,28.41,28.3195,5556
2019-04-09,28.31,28.36,28.3677,28.2801,7356
2019-04-10,28.27,28.343,28.36,28.27,8514
2019-04-11,28.32,28.31,28.35,28.2771,4927
2019-04-12,28.47,28.4422,28.52,28.41,14645
2019-04-15,28.42,28.4897,28.4897,28.42,3063
2019-04-16,28.55,28.48,28.56,28.48,5720
2019-04-17,28.49,28.4028,28.49,28.3501,58643
2019-04-18,28.5,28.4599,28.5,28.33,8205
2019-04-22,28.3,28.4865,28.529,28.3,36532
2019-04-23,28.65,28.7099,28.7269,28.62,25123
2019-04-24,28.64,28.68,28.7,28.62,10877
2019-04-25,28.51,28.58,28.65,28.5002,13891
2019-04-26,28.65,28.73,28.75,28.54,27211
2019-04-29,28.71,28.83,28.88,28.71,24806
2019-04-30,28.69,28.79,28.88,28.69,23554
2019-05-01,28.89,28.66,28.93,28.66,876645
2019-05-02,28.54,28.475,28.66,28.3926,18338
2019-05-03,28.59,28.7238,28.74,28.59,41278
2019-05-06,28.33,28.6205,28.6626,28.33,5840
2019-05-07,28.35,28.14,28.35,28.0101,6165
2019-05-08,28.08,28.2334,28.2492,28.08,5416
2019-05-09,27.95,28.0722,28.0722,27.6,15828
2019-05-10,27.94,28.19,28.26,27.66,5954
2019-05-13,27.65,27.5799,27.71,27.505,18266
2019-05-14,27.64,27.8668,28.0,27.64,12289
2019-05-15,27.76,27.99,28.06,27.74,8610
2019-05-16,28.05,28.28,28.46,28.05,14424
2019-05-17,28.1199,28.2237,28.31,28.1199,6841
2019-05-20,28.0397,27.9759,28.1231,27.9476,6473
2019-05-21,28.1729,28.2099,28.2299,28.1454,14768
2019-05-22,28.17,28.25,28.26,28.1638,9195
2019-05-23,28.07,27.88,28.07,27.7724,11540
2019-05-24,28.0472,27.99,28.055,27.98,20347
2019-05-28,28.1325,27.7899,28.1325,27.7899,13197
2019-05-29,27.61,27.5026,27.6446,27.4581,18596
2019-05-30,27.56,27.625,27.67,27.56,17849
2019-05-31,27.4767,27.3,27.4767,27.2683,32040
2019-06-03,27.26,27.1289,27.4,27.1289,8480
2019-06-04,27.38,27.71,27.71,27.38,16385
2019-06-05,28.2,27.9645,28.2,27.85,9007
2019-06-06,28.04,28.2,28.28,28.04,8042
2019-06-07,28.3,28.48,28.58,28.3,8388
2019-06-10,28.59,28.59,28.73,28.5734,7132
2019-06-11,28.7,28.58,28.7,28.53,15015
2019-06-12,28.589,28.56,28.6167,28.52,16024
2019-06-13,28.64,28.63,28.657,28.5699,11340
2019-06-14,28.61,28.66,28.7,28.61,29875
2019-06-17,28.6839,28.66,28.6852,28.6437,12254
2019-06-18,28.87,28.9,28.97,28.8028,16397
2019-06-19,28.88,29.0,29.0,28.865,9216
2019-06-20,29.25,29.25,29.25,29.165,8611
2019-06-21,29.2505,29.316,29.359,29.2501,2612083
2019-06-24,29.3209,29.28,29.3399,29.26,15460
2019-06-25,29.25,29.01,29.25,28.982,9377
2019-06-26,29.01,28.93,29.01,28.9109,16742
2019-06-27,28.92,28.97,29.0,28.9165,15672
2019-06-28,29.0,29.09,29.1,28.9526,10944
2019-07-01,29.23,29.14,29.23,29.06,9940
2019-07-02,29.16,29.31,29.31,29.16,15174
2019-07-03,29.36,29.52,29.52,29.33,9041
2019-07-05,29.5,29.46,29.5,29.3227,15460
2019-07-08,29.28,29.34,29.35,29.2737,18705
2019-07-09,29.32,29.2715,29.34,29.2715,15358
2019-07-10,29.4385,29.53,29.5605,29.4385,5848
2019-07-11,29.52,29.535,29.558,29.4503,15003
2019-07-12,29.5697,29.59,29.6,29.505,22191
2019-07-15,29.6062,29.6065,29.6065,29.5538,6537
2019-07-16,29.59,29.49,29.6,29.4761,2734350
2019-07-17,29.53,29.38,29.53,29.38,14564
2019-07-18,29.42,29.49,29.52,29.23,63388
2019-07-19,29.6,29.34,29.6,29.34,65828
2019-07-22,29.33,29.33,29.4,29.3035,17839
2019-07-23,29.4579,29.52,29.53,29.4,16349
2019-07-24,29.45,29.61,29.62,29.45,18808
2019-07-25,29.57,29.5,29.61,29.47,25612
2019-07-26,29.66,29.73,29.73,29.64,10819
2019-07-29,29.77,29.71,29.77,29.66,6513
2019-07-30,29.62,29.61,29.6875,29.57,9227
2019-07-31,29.68,29.31,29.68,29.11,25759
2019-08-01,29.39,29.08,29.5899,29.08,5057201
2019-08-02,28.8606,28.9,29.02,28.75,15826
2019-08-05,28.51,28.07,28.51,27.9784,46296
2019-08-06,28.23,28.4297,28.4424,28.2106,8665
2019-08-07,28.15,28.37,28.44,27.855,20263
2019-08-08,28.57,28.92,28.92,28.57,20772
2019-08-09,28.8331,28.82,28.88,28.5514,16996
2019-08-12,28.61,28.4,28.67,28.4,7227
2019-08-13,28.4,28.9,28.99,28.4,11874
2019-08-14,28.54,28.13,28.54,28.1014,9481
2019-08-15,28.18,28.23,28.28,28.01,21835
2019-08-16,28.4146,28.62,28.63,28.4146,11495
2019-08-19,28.9394,28.94,29.0,28.87,27743
2019-08-20,28.95,28.74,28.95,28.72,62742
2019-08-21,28.8777,28.91,28.98,28.8777,14390
2019-08-22,28.98,28.95,28.985,28.7072,12883
2019-08-23,28.72,28.09,28.9,28.09,7924
2019-08-26,28.36,28.41,28.5,28.3065,10287
2019-08-27,28.85,28.45,28.85,28.37,19148
2019-08-28,28.44,28.61,28.61,28.44,5482
2019-08-29,28.9,28.91,29.0,28.8301,44245
2019-08-30,29.11,28.94,29.11,28.865,15799
2019-09-03,28.76,28.79,28.81,28.66,15426
2019-09-04,28.95,29.1,29.1,28.9,11323
2019-09-05,29.53,29.43,29.53,29.42,26017
2019-09-06,29.43,29.48,29.4801,29.425,8523
2019-09-09,29.56,29.38,29.56,29.32,8720
2019-09-10,29.13,29.3,29.3,29.1197,49616
2019-09-11,29.317,29.4746,29.4791,29.317,12992
2019-09-12,29.6605,29.6,29.71,29.5832,13808
2019-09-13,29.66,29.57,29.66,29.5608,6245
2019-09-16,29.48,29.4,29.48,29.34,12725
2019-09-17,29.39,29.4011,29.41,29.3689,13181
2019-09-18,29.35,29.43,29.47,29.285,46335
2019-09-19,29.59,29.42,29.625,29.42,32438
2019-09-20,29.56,29.48,29.5801,29.46,86317
2019-09-23,29.37,29.43,29.4652,29.3675,11570
2019-09-24,29.555,29.16,29.56,29.16,24490
2019-09-25,29.1166,29.32,29.36,29.1166,12233
2019-09-26,29.38,29.3527,29.38,29.2065,19736
2019-09-27,29.3521,29.23,29.4,29.0897,12037
2019-09-30,29.36,29.3837,29.48,29.36,10293
2019-10-01,29.34,28.92,29.35,28.91,20525
2019-10-02,28.74,28.37,28.74,28.261,18446
2019-10-03,28.37,28.6,28.61,28.2297,23036
2019-10-04,28.67,29.03,29.03,28.67,11737
2019-10-07,28.96,28.92,29.0654,28.86,7820
2019-10-08,28.589,28.52,28.77,28.5,39384
2019-10-09,28.6436,28.73,28.79,28.597,19020
2019-10-10,28.66,28.9,28.98,28.66,17349
2019-10-11,29.13,29.16,29.368,29.13,22732
2019-10-14,29.1988,29.1201,29.199,29.1169,7021
2019-10-15,29.42,29.33,29.42,29.33,10374
2019-10-16,29.28,29.31,29.3452,29.25,14110
2019-10-17,29.4,29.34,29.41,29.31,175386
2019-10-18,29.31,29.2,29.31,29.13,10828
2019-10-21,29.2807,29.39,29.39,29.25,11950
2019-10-22,29.3901,29.19,29.4,29.1853,111725
2019-10-23,29.186,29.29,29.29,29.1802,8807
2019-10-24,29.42,29.325,29.42,29.2795,9059
2019-10-25,29.24,29.49,29.53,29.24,18587
2019-10-28,29.6645,29.68,29.696,29.6271,35393
2019-10-29,29.6473,29.72,29.72,29.61,11618
2019-10-30,29.58,29.78,29.78,29.58,7659
2019-10-31,29.7074,29.71,29.71,29.5765,9562
2019-11-01,29.8972,29.8501,29.8972,29.84,9055
2019-11-04,29.9502,29.89,29.9628,29.8667,7771
2019-11-05,29.8423,29.88,29.93,29.84,17012
2019-11-06,29.891,29.94,29.94,29.8699,14128
2019-11-07,30.13,30.07,30.14,30.01,16541
2019-11-08,30.02,30.13,30.13,29.9924,17761
2019-11-11,30.0,30.08,30.0924,30.0,8283
2019-11-12,30.1981,30.14,30.22,30.0637,45355
2019-11-13,30.04,30.22,30.22,30.04,49666
2019-11-14,30.22,30.21,30.22,30.07,13038
2019-11-15,30.28,30.355,30.37,30.26,16656
2019-11-18,30.41,30.42,30.47,30.38,10262
2019-11-19,30.47,30.47,30.47,30.42,19211
2019-11-20,30.438,30.3115,30.438,30.25,10981
2019-11-21,30.41,30.32,30.41,30.2237,18741
2019-11-22,30.4,30.4,30.4192,30.2874,18696
2019-11-25,30.65,30.55,30.65,30.44,13969
2019-11-26,30.52,30.6597,30.68,30.52,15474
2019-11-27,30.66,30.7825,30.8,30.65,15028
2019-11-29,30.8,30.685,30.8,30.685,20812
2019-12-02,30.51,30.49,30.55,30.36,11547
2019-12-03,30.13,30.31,30.31,30.11,21715
2019-12-04,30.34,30.46,30.49,30.3,16026
2019-12-05,30.46,30.4872,30.53,30.36,39903
2019-12-06,30.7477,30.78,30.7956,30.7212,12911
2019-12-09,30.73,30.66,30.7703,30.6352,17265
2019-12-10,30.6363,30.62,30.66,30.5709,1991661
2019-12-11,30.6,30.6632,30.68,30.59,51110
2019-12-12,30.68,30.9057,30.9057,30.652,6408
2019-12-13,30.9,30.99,31.02,30.8849,27457
2019-12-16,31.08,31.18,31.24,31.08,15704
2019-12-17,31.23,31.17,31.23,31.1446,14165
2019-12-18,31.18,31.1371,31.19,31.1371,8279
2019-12-19,31.1392,31.23,31.2756,31.1392,21309
2019-12-20,31.4094,31.44,31.5,31.4094,22048
2019-12-23,31.51,31.4573,31.51,31.44,239940
2019-12-24,31.45,31.4409,31.45,31.41,1929
2019-12-26,31.44,31.55,31.5683,31.44,4164
2019-12-27,31.49,31.46,31.5192,31.46,25291
2019-12-30,31.32,31.2634,31.3724,31.2634,11530
2019-12-31,31.22,31.3,31.37,31.1527,25524
2020-01-02,31.43,31.622,31.622,31.4181,20493
2020-01-03,31.3,31.4194,31.53,31.3,22034
2020-01-06,31.18,31.4676,31.53,31.18,6972
2020-01-07,31.43,31.38,31.44,31.31,6897
2020-01-08,31.33,31.58,31.67,31.33,11074
2020-01-09,31.7,31.76,31.7675,31.68,72277
2020-01-10,31.82,31.67,31.8432,31.6621,5554
2020-01-13,31.72,31.84,31.86,31.72,12115
2020-01-14,31.81,31.78,31.9081,31.77,7041
2020-01-15,31.86,31.9,31.9965,31.86,31409
2020-01-16,32.07,32.161,32.17,32.07,10854
2020-01-17,32.21,32.2706,32.2706,32.19,14208
2020-01-21,32.28,32.27,32.36,32.23,21797
2020-01-22,32.37,32.36,32.43,32.3434,23652
2020-01-23,32.27,32.32,32.32,32.1367,5444
2020-01-24,32.3915,32.0568,32.3915,31.97,81130
2020-01-27,31.57,31.6339,31.78,31.57,22168
2020-01-28,31.7613,31.92,31.99,31.7613,13301
2020-01-29,32.04,31.8432,32.04,31.8432,12804
2020-01-30,31.75,31.9819,31.9819,31.662,7355
2020-01-31,31.6675,31.4415,31.6675,31.3174,16547
2020-02-03,31.795,31.6425,31.85,31.63,9997
2020-02-04,32.1,32.1274,32.22,32.0732,8364
2020-02-05,32.3722,32.4485,32.49,32.365,20491
2020-02-06,32.61,32.5818,32.61,32.55,7798
2020-02-07,32.5,32.4,32.5598,32.4,17510
2020-02-10,32.4184,32.6033,32.63,32.4184,12426
2020-02-11,32.68,32.5735,32.73,32.5735,7102
2020-02-12,32.7,32.74,32.76,32.6796,11317
2020-02-13,32.73,32.72,32.7792,32.63,8320
2020-02-14,32.71,32.76,32.7656,32.61,101933
2020-02-18,32.61,32.62,32.69,32.54,10689
2020-02-19,32.89,32.83,32.89,32.72,9986
2020-02-20,32.93,32.68,32.93,32.4395,1595892
2020-02-21,32.3329,32.39,32.49,32.304,17784
2020-02-24,31.38,31.39,31.65,31.2106,22143
2020-02-25,31.43,30.4338,31.46,30.3587,34515
2020-02-26,30.47,30.41,30.92,30.41,29934
2020-02-27,29.77,29.0,30.1488,29.0,156476
2020-02-28,28.05,28.67,28.77,27.874,43886
2020-03-02,28.99,30.13,30.13,28.8,63936
2020-03-03,30.6,29.33,30.76,28.54,17999
2020-03-04,29.7993,30.59,30.59,29.78,22685
2020-03-05,29.91,29.63,30.09,29.42,7168
2020-03-06,28.79,29.2,29.2,28.5453,8438
2020-03-09,27.11,27.51,28.2499,27.0,18165
2020-03-10,28.4,28.5,28.5,27.135,21844
2020-03-11,27.94,27.25,27.94,26.91,27138
2020-03-12,25.5,24.8842,26.2,23.52,46561
2020-03-13,26.1345,27.11,27.11,24.9563,55736
2020-03-16,25.09,24.11,25.87,24.01,71764
2020-03-17,24.7942,25.4473,25.79,24.2595,24718
2020-03-18,24.5,23.71,24.97,23.4,18076
2020-03-19,24.29,24.44,24.82,23.78,241853
2020-03-20,24.75,23.45,24.79,23.38,123490
2020-03-23,23.48,22.99,23.48,22.45,1087422
2020-03-24,23.01,24.65,24.713,23.01,26772
2020-03-25,24.87,24.87,25.8337,24.39,26256
2020-03-26,25.73,26.37,26.59,25.72,13499
2020-03-27,25.93,25.53,26.0407,25.41,44644
2020-03-30,25.78,26.47,26.56,25.76,34199
2020-03-31,26.48,25.92,26.58,25.92,14814
2020-04-01,24.78,24.96,25.3,24.6866,402892
2020-04-02,24.65,25.47,25.55,24.65,390671
2020-04-03,25.48,25.21,25.82,25.0012,110979
2020-04-06,26.19,27.0101,27.0101,26.19,64558
2020-04-07,27.97,26.81,28.06,26.81,158147
2020-04-08,26.99,27.56,27.56,26.78,144741
2020-04-09,27.86,27.8,28.06,27.76,28441
2020-04-13,27.74,27.6661,27.74,27.325,33561
2020-04-14,28.19,28.56,28.56,28.118,41186
2020-04-15,28.03,28.02,28.13,27.8332,12126
2020-04-16,28.1,28.53,28.55,27.93,188030
2020-04-17,29.23,28.88,29.23,28.466,68834
2020-04-20,28.34,28.53,28.81,28.34,19653
2020-04-21,28.0,27.6,28.0,27.4218,72284
2020-04-22,28.0206,28.21,28.45,28.0,24847
2020-04-23,28.42,28.14,28.55,28.1,26238
2020-04-24,28.19,28.4637,28.5352,28.0992,11938
2020-04-27,28.65,28.79,28.88,28.65,246081
2020-04-28,28.96,28.5,29.47,28.5,75946
2020-04-29,28.88,29.27,29.3,28.88,19821
2020-04-30,29.02,29.05,29.07,28.78,11621
2020-05-01,28.61,28.32,28.61,28.23,12221
2020-05-04,28.03,28.4036,28.4036,28.03,82703
2020-05-05,28.76,28.74,28.97,28.6636,25533
2020-05-06,28.77,28.54,28.8,28.54,160531
2020-05-07,28.79,28.69,28.9,28.63,44116
2020-05-08,29.26,29.12,29.26,28.9537,17038
2020-05-11,29.07,29.22,29.38,29.07,8127
2020-05-12,29.32,28.75,29.33,28.75,14400
2020-05-13,28.49,28.39,28.69,28.1545,23292
2020-05-14,28.24,28.6,28.61,28.02,316708
2020-05-15,28.79,28.81,28.85,28.42,43590
2020-05-18,29.26,29.41,29.54,29.22,26543
2020-05-19,29.34,29.1247,29.475,29.1247,13999
2020-05-20,29.37,29.55,29.57,29.37,157298
2020-05-21,29.4331,29.27,29.52,29.2122,32623
2020-05-22,29.15,29.33,29.33,29.15,5835
2020-05-26,29.77,29.44,29.77,29.37,38227
2020-05-27,29.55,29.66,29.66,29.11,173989
2020-05-28,29.79,29.7253,30.03,29.69,12836
2020-05-29,29.66,29.9347,29.9347,29.4,41518
2020-06-01,29.7,29.8636,29.92,29.7,9260
2020-06-02,29.93,30.0039,30.0039,29.76,15108
2020-06-03,30.09,30.19,30.28,30.09,157997
2020-06-04,30.05,30.07,30.2525,29.961,9129
2020-06-05,30.64,30.71,30.77,30.47,399873
2020-06-08,30.86,30.9235,30.97,30.6308,11521
2020-06-09,30.87,30.86,30.9397,30.71,30615
2020-06-10,30.92,30.875,31.015,30.7319,17300
2020-06-11,30.3,29.31,30.3,29.27,28016
2020-06-12,29.87,29.51,29.88,29.0,14212
2020-06-15,28.8897,29.5293,29.64,28.83,7526
2020-06-16,30.21,30.0952,30.36,29.76,308235
2020-06-17,30.19,30.0634,30.29,30.0634,6732
2020-06-18,29.87,30.17,30.17,29.87,6927
2020-06-19,30.4,30.11,30.4,30.01,13675
2020-06-22,29.97,30.2417,30.26,29.97,195636
2020-06-23,30.4762,30.36,30.632,30.36,6428
2020-06-24,30.2048,29.62,30.2048,29.55,277990
2020-06-25,29.6,29.94,29.94,29.6,8668
2020-06-26,29.79,29.22,29.86,29.12,169360
2020-06-29,29.37,29.57,29.59,29.26,9104
2020-06-30,29.71,30.05,30.0879,29.71,14586
2020-07-01,30.1466,30.16,30.285,30.07,4087
2020-07-02,30.41,30.29,30.6,30.29,8008
2020-07-06,30.65,30.78,30.8,30.65,20024
2020-07-07,30.99,30.6202,30.99,30.6202,10201
2020-07-08,30.76,30.8425,30.8425,30.6489,7001
2020-07-09,30.91,30.79,30.9201,30.4719,28025
2020-07-10,30.75,31.13,31.13,30.7025,12347
2020-07-13,31.34,30.8399,31.6185,30.81,13387
2020-07-14,30.73,31.21,31.21,30.61,5508
2020-07-15,31.43,31.3231,31.52,31.2,157922
2020-07-16,31.067,31.2088,31.2088,31.0221,7070
2020-07-17,31.23,31.2801,31.3,31.18,104252
2020-07-20,31.38,31.615,31.62,31.36,358700
2020-07-21,31.73,31.5891,31.81,31.5891,6292
2020-07-22,31.6762,31.77,31.8,31.555,84010
2020-07-23,31.75,31.385,31.8,31.3673,9462
2020-07-24,31.18,31.2015,31.28,31.085,317500
2020-07-27,31.19,31.41,31.46,31.19,13198
2020-07-28,31.411,31.3225,31.55,31.3225,22272
2020-07-29,31.34,31.5005,31.6038,31.34,9283
2020-07-30,31.1891,31.39,31.403,31.05,9824
2020-07-31,31.62,31.3327,31.62,31.18,5376
2020-08-03,31.685,31.8178,31.82,31.685,8550
2020-08-04,31.8953,31.9383,31.9383,31.7866,15273
2020-08-05,32.08,32.13,32.2026,32.08,13513
2020-08-06,32.06,32.375,32.42,32.02,61674
2020-08-07,32.29,32.3052,32.37,32.2031,155884
2020-08-10,32.3225,32.2448,32.3225,32.185,509094
2020-08-11,32.3287,31.9113,32.33,31.91,71816
2020-08-12,32.16,32.4122,32.49,32.16,6569
2020-08-13,32.365,32.3009,32.43,32.23,5128
2020-08-14,32.23,32.245,32.3412,32.23,4217
2020-08-17,32.4798,32.4538,32.51,32.41,12299
2020-08-18,32.3937,32.66,32.66,32.3937,6712
2020-08-19,32.58,32.46,32.72,32.46,160018
2020-08-20,32.47,32.65,32.71,32.47,5996
2020-08-21,32.672,32.7954,32.83,32.6168,10705
2020-08-24,32.93,32.95,32.95,32.8122,15222
2020-08-25,32.99,33.1247,33.15,32.99,10901
2020-08-26,33.3146,33.748,33.81,33.3064,10848
2020-08-27,33.92,33.99,34.0418,33.7785,11761
2020-08-28,33.99,34.1365,34.1365,33.876,8515
2020-08-31,34.0599,34.0982,34.12,34.035,7241
2020-09-01,34.08,34.203,34.203,34.08,9136
2020-09-02,34.41,34.81,34.81,34.41,2012518
2020-09-03,34.6229,33.65,34.6229,33.34,13769
2020-09-04,33.75,33.3199,33.859,32.7133,19002
2020-09-08,32.67,32.62,32.87,32.45,336276
2020-09-09,32.8458,33.1491,33.365,32.8458,7799
2020-09-10,33.3266,32.5951,33.35,32.52,123662
2020-09-11,32.6601,32.5852,32.81,32.3,56782
2020-09-14,33.01,33.0275,33.29,32.9207,8533
2020-09-15,33.19,33.2104,33.45,33.1528,14745
2020-09-16,33.29,33.0,33.3969,33.0,15838
2020-09-17,32.68,32.5139,32.85,32.48,15327
2020-09-18,32.7492,32.4733,32.7492,32.2215,6584
2020-09-21,32.13,32.14,32.14,31.761,21832
2020-09-22,32.364,32.5314,32.538,32.1824,7790
2020-09-23,32.495,31.825,32.55,31.825,13291
2020-09-24,31.5864,31.85,32.0469,31.5864,105934
2020-09-25,31.85,32.2983,32.32,31.77,8036
2020-09-28,32.585,32.6494,32.7385,32.585,5430
2020-09-29,32.72,32.608,32.72,32.56,7090
2020-09-30,32.665,33.01,33.12,32.61,174954
2020-10-01,33.0,32.88,33.07,32.72,26581
2020-10-02,32.6643,32.4472,32.6643,32.4472,10069
2020-10-05,32.6899,32.93,32.94,32.65,29344
2020-10-06,33.02,32.535,33.02,32.535,12829
2020-10-07,32.77,33.085,33.0966,32.77,9392
2020-10-08,33.25,33.2494,33.26,33.15,5645
2020-10-09,33.425,33.5389,33.57,33.4,10397
2020-10-12,33.77,34.0274,34.16,33.75,9846
2020-10-13,33.9664,33.926,34.05,33.8732,15846
2020-10-14,33.9699,33.5719,33.9838,33.5361,7627
2020-10-15,33.1723,33.3925,33.4565,33.1723,4507
2020-10-16,33.53,33.55,33.809,33.53,10959
2020-10-19,33.6004,32.9195,33.6004,32.89,13545
2020-10-20,33.07,33.11,33.26,33.0,8371
2020-10-21,33.19,32.9869,33.19,32.95,5637
2020-10-22,33.0738,33.1216,33.23,32.8976,6444
2020-10-23,33.1999,33.2132,33.229,33.0633,9538
2020-10-26,32.9367,32.6625,32.99,32.34,16242
2020-10-27,32.67,32.69,32.83,32.625,9670
2020-10-28,32.13,31.55,32.13,31.55,11923
2020-10-29,31.51,31.8609,32.0,31.51,10263
2020-10-30,31.6351,31.45,31.6351,31.0314,18444
2020-11-02,31.7,31.6561,31.8627,31.47,25332
2020-11-03,32.0496,32.2016,32.44,32.0496,11197
2020-11-04,32.67,32.92,33.2019,32.67,8264
2020-11-05,33.46,33.41,33.52,33.2362,9225
2020-11-06,33.3986,33.53,33.53,33.3309,943127
2020-11-09,34.45,33.7067,34.45,33.7067,13722
2020-11-10,33.7,33.6447,33.7,33.4255,100513
2020-11-11,33.9,33.91,34.0495,33.83,10674
2020-11-12,33.88,33.646,33.88,33.544,28439
2020-11-13,33.91,34.07,34.095,33.7714,81841
2020-11-16,34.22,34.1847,34.2539,34.08,7563
2020-11-17,34.1499,34.1946,34.31,34.1099,11072
2020-11-18,34.2157,33.94,34.2273,33.92,8859
2020-11-19,33.7717,33.93,33.93,33.75,5466
2020-11-20,33.95,33.7555,33.95,33.7555,22100
2020-11-23,33.95,33.8606,33.95,33.6915,5262
2020-11-24,34.18,34.39,34.39,34.1649,8495
2020-11-25,34.35,34.42,34.42,34.2682,3628
2020-11-27,34.4787,34.47,34.53,34.47,3687
2020-11-30,34.4,34.4437,34.4544,34.291,12960
2020-12-01,34.79,34.87,34.97,34.79,24750
2020-12-02,34.73,34.94,34.94,34.73,7439
2020-12-03,34.94,34.8263,34.96,34.81,134786
2020-12-04,34.89,35.1,35.1,34.89,8447
2020-12-07,35.07,35.08,35.13,35.04,161444
2020-12-08,35.03,35.2504,35.28,35.03,8484
2020-12-09,35.28,35.0031,35.28,34.95,311996
2020-12-10,34.915,34.82,34.915,34.82,4955
2020-12-11,34.8165,34.9713,35.03,34.6802,175186
2020-12-14,35.15,34.89,35.29,34.89,10367
2020-12-15,34.95,35.1391,35.189,34.95,6989
2020-12-16,35.101,35.1612,35.22,35.1,6804
2020-12-17,35.3021,35.3207,35.3222,35.2585,13163
2020-12-18,35.49,35.16,35.49,35.099,21163
2020-12-21,34.99,35.1636,35.27,34.75,1038188
2020-12-22,35.15,35.0942,35.18,35.092,10801
2020-12-23,35.19,35.245,35.31,35.1673,13111
2020-12-24,35.23,35.27,35.27,35.17,4679
2020-12-28,35.51,35.609,35.62,35.499,11293
2020-12-29,35.5,35.4733,35.5181,35.46,6523
2020-12-30,35.5197,35.5,35.5498,35.465,3234
2020-12-31,35.49,35.67,35.67,35.42,5138
2021-01-04,35.82,35.3566,35.82,35.04,8848
2021-01-05,35.39,35.54,35.62,35.32,9377
2021-01-06,35.5846,35.56,35.85,35.55,22160
2021-01-07,35.945,36.0023,36.0725,35.89,297334
2021-01-08,36.1045,36.1371,36.1371,35.8403,26594
2021-01-11,35.98,35.9833,36.15,35.98,87027
2021-01-12,35.99,35.8855,35.99,35.68,23201
2021-01-13,35.76,36.05,36.07,35.76,20455
2021-01-14,35.96,35.7,36.08,35.7,10827
2021-01-15,35.5438,35.5344,35.66,35.53,11977
2021-01-19,35.73,35.6772,35.73,35.5778,559996
2021-01-20,35.9882,36.1083,36.14,35.98,14454
2021-01-21,36.072,36.18,36.18,36.04,5978
2021-01-22,35.9,36.11,36.16,35.9,30534
2021-01-25,36.1,36.12,36.185,35.99,17120
2021-01-26,36.35,36.26,36.36,36.22,943171
2021-01-27,35.7799,35.2561,35.82,35.2,22702
2021-01-28,35.55,35.67,36.04,35.55,13535
2021-01-29,35.509,35.16,35.509,35.03,20261
2021-02-01,35.349,35.555,35.61,35.349,14201
2021-02-02,35.89,35.9246,36.09,35.89,81931
2021-02-03,36.001,35.9656,36.0739,35.865,22755
2021-02-04,36.21,36.26,36.2999,36.1791,41471
2021-02-05,36.471,36.53,36.565,36.409,7759
2021-02-08,36.73,36.72,36.78,36.52,18304
2021-02-09,36.58,36.6769,36.7489,36.58,7181
2021-02-10,36.75,36.56,36.75,36.45,12196
2021-02-11,36.63,36.71,36.73,36.5371,130525
2021-02-12,36.69,36.83,36.83,36.62,20278
2021-02-16,36.98,36.82,36.98,36.79,26586
2021-02-17,36.7,36.8437,36.8437,36.62,9318
2021-02-18,36.5269,36.639,36.639,36.47,4471
2021-02-19,36.5835,36.3069,36.599,36.3069,8339
2021-02-22,36.09,36.11,36.28,36.035,43869
2021-02-23,35.82,36.1,36.18,35.75,9366
2021-02-24,35.97,36.34,36.34,35.97,268126
2021-02-25,36.29,35.64,36.29,35.54,14161
2021-02-26,35.61,35.27,35.72,35.27,15037
2021-03-01,35.43,36.07,36.2,35.43,7813
2021-03-02,36.12,35.92,36.12,35.91,20018
2021-03-03,35.7892,35.46,35.7901,35.46,8688
2021-03-04,35.36,34.92,35.6,34.745,59669
2021-03-05,35.26,35.54,35.54,35.1016,6703
2021-03-08,35.575,35.4,35.97,35.4,232701
2021-03-09,35.77,35.95,36.19,35.77,56614
2021-03-10,36.16,36.29,36.319,36.16,62770
2021-03-11,36.37,36.44,36.56,36.37,5984
2021-03-12,36.25,36.38,36.4,36.25,10010
2021-03-15,36.4168,36.64,36.64,36.32,5715
2021-03-16,36.74,36.66,36.75,36.66,47713
2021-03-17,36.49,36.659,36.659,36.4052,4958
2021-03-18,36.44,36.211,36.575,36.211,3286
2021-03-19,35.99,36.1959,36.276,35.99,3699
2021-03-22,36.16,36.5313,36.6199,36.16,10676
2021-03-23,36.51,36.411,36.68,36.4003,19031
2021-03-24,36.505,36.1682,36.5369,36.1682,3421
2021-03-25,35.99,36.2871,36.2871,35.935,7868
2021-03-26,36.5,36.8364,36.8364,36.47,8333
2021-03-29,36.67,36.96,37.04,36.67,116849
2021-03-30,36.76,36.691,36.81,36.67,68212
2021-03-31,36.89,36.9157,37.07,36.89,76466
2021-04-01,36.86,37.06,37.06,36.86,17900
2021-04-05,37.28,37.5566,37.61,37.28,9380
2021-04-06,37.5575,37.5445,37.66,37.5445,41026
2021-04-07,37.62,37.61,37.6629,37.58,106324
2021-04-08,37.82,37.81,37.83,37.745,11883
2021-04-09,37.8,38.09,38.09,37.8,13017
2021-04-12,37.98,38.1,38.1,37.98,7245
2021-04-13,38.22,38.235,38.27,38.13,81507
2021-04-14,38.17,37.96,38.17,37.96,4159
2021-04-15,38.22,38.3479,38.42,38.22,4236
2021-04-16,38.59,38.62,38.635,38.51,9240
2021-04-19,38.5423,38.45,38.55,38.38,40304
2021-04-20,38.32,38.27,38.32,38.22,5047
2021-04-21,37.98,38.47,38.49,37.98,12915
2021-04-22,38.51,38.25,38.53,38.09,87073
2021-04-23,38.395,38.5059,38.54,38.395,834544
2021-04-26,38.45,38.4119,38.499,38.4119,8427
2021-04-27,38.38,38.394,38.44,38.337,8449
2021-04-28,38.39,38.3482,38.48,38.3482,6549
2021-04-29,38.46,38.63,38.63,38.38,8864
2021-04-30,38.43,38.4163,38.4734,38.385,12672
2021-05-03,38.57,38.625,38.7,38.57,1206457
2021-05-04,38.355,38.3899,38.3899,38.18,12917
2021-05-05,38.561,38.489,38.6699,38.46,16280
2021-05-06,38.391,38.804,38.804,38.391,116644
2021-05-07,39.0,39.04,39.08,38.96,32537
2021-05-10,39.08,38.82,39.11,38.82,3867
2021-05-11,38.36,38.439,38.47,38.24,53620
2021-05-12,38.17,37.75,38.25,37.75,62481
2021-05-13,37.86,38.21,38.29,37.86,17397
2021-05-14,38.5628,38.66,38.66,38.5628,6460
2021-05-17,38.58,38.42,38.58,38.385,7997
2021-05-18,38.34,38.1452,38.4,38.1452,63566
2021-05-19,37.62,37.799,37.979,37.62,14579
2021-05-20,38.17,38.479,38.53,38.17,86277
2021-05-21,38.6,38.38,38.651,38.37,12252
2021-05-24,38.61,38.72,38.8,38.61,5451
2021-05-25,38.72,38.66,38.72,38.58,5052
2021-05-26,38.62,38.66,38.72,38.62,7910
2021-05-27,38.68,38.63,38.685,38.575,58261
2021-05-28,38.76,38.68,38.8005,38.64,10522
2021-06-01,38.68,38.37,38.68,38.37,85640
2021-06-02,38.5124,38.49,38.589,38.479,6464
2021-06-03,38.2707,38.44,38.529,38.26,7106
2021-06-04,38.769,38.79,38.79,38.71,5339
2021-06-07,38.7199,38.76,38.77,38.69,149430
2021-06-08,38.72,38.689,38.72,38.62,33833
2021-06-09,38.77,38.72,38.819,38.72,8976
2021-06-10,38.8125,39.02,39.02,38.8125,3840
2021-06-11,38.99,39.03,39.05,38.91,8959
2021-06-14,38.9401,39.16,39.16,38.94,51112
2021-06-15,39.0655,39.01,39.08,39.0,16786
2021-06-16,39.03,38.8007,39.03,38.65,33201
2021-06-17,38.84,38.9665,39.0239,38.811,63040
2021-06-18,38.67,38.44,38.67,38.44,7322
2021-06-21,38.67,38.9358,38.94,38.67,14111
2021-06-22,38.94,39.156,39.21,38.93,30517
2021-06-23,39.16,39.0436,39.27,39.03,14510
2021-06-24,39.33,39.2822,39.38,39.27,14159
2021-06-25,39.37,39.5364,39.57,39.37,8153
2021-06-28,39.52,39.63,39.63,39.42,135253
2021-06-29,39.68,39.6521,39.698,39.59,14971
2021-06-30,39.699,39.72,39.72,39.63,8380
2021-07-01,39.61,39.7438,39.7438,39.6,36638
2021-07-02,39.97,40.1029,40.12,39.9699,9089
2021-07-06,40.1,40.0902,40.11,39.86,32300
2021-07-07,40.13,40.2327,40.279,40.12,9161
2021-07-08,39.83,39.9614,40.019,39.739,17549
2021-07-09,40.14,40.34,40.369,40.14,7554
2021-07-12,40.39,40.45,40.45,40.39,5456
2021-07-13,40.43,40.45,40.599,40.43,6532
2021-07-14,40.58,40.58,40.63,40.46,10954
2021-07-15,40.46,40.4683,40.5,40.372,15564
2021-07-16,40.52,40.2519,40.52,40.2519,37426
2021-07-19,39.91,39.7226,39.91,39.5,10210
2021-07-20,39.79,40.14,40.27,39.79,434223
2021-07-21,40.2766,40.46,40.46,40.2757,9260
2021-07-22,40.5,40.6,40.6,40.3969,54524
2021-07-23,40.7,40.96,40.96,40.7,5341
2021-07-26,40.91,41.0143,41.04,40.865,29439
2021-07-27,40.92,40.9133,40.95,40.725,15490
2021-07-28,40.82,40.84,40.995,40.8,15855
2021-07-29,41.011,41.0,41.0796,41.0,4118
2021-07-30,40.85,40.849,40.905,40.841,29730
2021-08-02,41.0,40.75,41.0,40.75,43719
2021-08-03,40.8738,41.0497,41.08,40.751,9942
2021-08-04,40.906,41.0003,41.038,40.8941,12239
2021-08-05,41.11,41.186,41.22,41.07,8107
2021-08-06,41.2404,41.23,41.2404,41.185,3992
2021-08-09,41.32,41.2373,41.32,41.1741,8162
2021-08-10,41.22,41.29,41.37,41.22,4824
2021-08-11,41.42,41.2797,41.45,41.2797,11487
2021-08-12,41.2253,41.4848,41.49,41.2253,9953
2021-08-13,41.53,41.64,41.695,41.53,29331
2021-08-16,41.66,41.84,41.84,41.52,48702
2021-08-17,41.74,41.76,41.7919,41.5,10487
2021-08-18,41.74,41.21,41.74,41.21,9455
2021-08-19,40.83,41.3909,41.4948,40.83,13031
2021-08-20,41.5354,41.62,41.68,41.5354,5936
2021-08-23,41.84,42.0186,42.06,41.84,69674
2021-08-24,41.95,41.852,41.969,41.852,7550
2021-08-25,41.93,41.855,41.93,41.8032,14865
2021-08-26,41.81,41.68,41.86,41.67,9048
2021-08-27,41.6917,41.87,41.87,41.66,89054
2021-08-30,41.9701,42.11,42.13,41.9701,4974
2021-08-31,41.99,41.9688,42.0469,41.909,49576
2021-09-01,41.9693,41.98,42.04,41.93,54001
2021-09-02,42.0703,42.0567,42.1068,41.94,10122
2021-09-03,42.04,42.1237,42.16,42.0,22944
2021-09-07,41.9749,41.997,42.0604,41.963,9101
2021-09-08,41.99,41.96,41.99,41.877,5338
2021-09-09,42.0117,41.7808,42.02,41.7808,9167
2021-09-10,41.89,41.4749,41.89,41.4749,11807
2021-09-13,41.81,41.486,41.81,41.32,488083
2021-09-14,41.66,41.2198,41.66,41.2198,7797
2021-09-15,41.34,41.5669,41.5669,41.33,9395
2021-09-16,41.6,41.54,41.6,41.2441,9169
2021-09-17,41.312,41.2734,41.3791,41.27,65755
2021-09-20,40.73,40.706,40.89,40.27,56287
2021-09-21,40.99,40.7389,40.991,40.71,13154
2021-09-22,40.91,41.0201,41.17,40.9,21875
2021-09-23,41.38,41.4623,41.5753,41.38,67625
2021-09-24,41.48,41.44,41.5132,41.3313,7404
2021-09-27,41.36,41.26,41.39,41.23,7439
2021-09-28,40.821,40.5391,40.9031,40.4765,7124
2021-09-29,40.739,40.6972,40.92,40.6686,9293
2021-09-30,40.81,40.323,40.935,40.3,10947
2021-10-01,40.031,40.66,40.66,40.031,15578
2021-10-04,40.38,40.1447,40.38,39.92,8817
2021-10-05,40.21,40.67,40.73,40.21,5159
2021-10-06,40.26,40.66,40.66,40.175,41020
2021-10-07,41.1147,41.0422,41.2953,41.0422,10218
2021-10-08,41.117,41.1,41.1358,40.987,7533
2021-10-11,41.04,40.83,41.17,40.82,7564
2021-10-12,40.89,40.5392,40.89,40.47,7975
2021-10-13,40.63,40.545,40.63,40.3,286546
2021-10-14,40.9357,41.13,41.16,40.9357,11301
2021-10-15,41.37,41.401,41.4274,41.31,9607
2021-10-18,41.23,41.55,41.58,41.23,12000
2021-10-19,41.65,41.905,41.905,41.65,6447
2021-10-20,42.0,42.1118,42.13,42.0,173755
2021-10-21,42.11,42.1089,42.11,42.0,7787
2021-10-22,42.18,42.1411,42.19,42.0242,15026
2021-10-25,42.2,42.318,42.39,42.175,9105
2021-10-26,42.48,42.5135,42.5839,42.47,68118
2021-10-27,42.43,42.4061,42.43,42.32,6657
2021-10-28,42.47,42.54,42.569,42.44,93591
2021-10-29,42.51,42.86,42.86,42.51,40170
2021-11-01,42.9199,42.6951,42.9199,42.6862,4919
2021-11-02,42.965,43.0,43.045,42.955,10406
2021-11-03,42.89,42.9784,43.0773,42.8725,40744
2021-11-04,43.28,43.38,43.395,43.26,14026
2021-11-05,43.45,43.33,43.49,43.2395,117261
2021-11-08,43.39,43.3,43.41,43.2141,31715
2021-11-09,43.31,43.1341,43.31,43.01,14452
2021-11-10,43.14,43.0794,43.24,42.9806,66126
2021-11-11,43.15,43.0529,43.15,43.02,4813
2021-11-12,42.9817,43.2269,43.24,42.9817,31937
2021-11-15,43.26,43.14,43.279,43.1266,11970
2021-11-16,43.2,43.39,43.43,43.2,196443
2021-11-17,43.33,43.31,43.35,43.2403,574431
2021-11-18,43.27,43.2539,43.27,43.0382,7623
2021-11-19,43.3054,43.154,43.3054,43.154,11291
2021-11-22,43.28,43.1153,43.48,43.11,37646
2021-11-23,43.01,43.128,43.1835,42.93,5026822
2021-11-24,43.02,43.2189,43.2189,43.02,11673
2021-11-26,42.85,42.69,43.02,42.64,8378
2021-11-29,42.96,43.04,43.1615,42.86,25384
2021-11-30,42.84,42.32,42.87,42.285,10439
2021-12-01,42.71,41.84,42.8699,41.84,16926
2021-12-02,41.8,42.34,42.37,41.8,13569
2021-12-03,42.47,42.12,42.47,41.811,11397
2021-12-06,42.29,42.545,42.6192,42.29,107823
2021-12-07,42.91,43.02,43.1037,42.91,7568
2021-12-08,43.18,43.21,43.21,42.8944,130446
2021-12-09,43.06,43.09,43.1,42.9782,14486
2021-12-10,43.5,43.6743,43.6743,43.3308,12622
2021-12-13,43.61,43.6,43.72,43.45,3411901
2021-12-14,43.24,43.2,43.35,43.05,11999
2021-12-15,43.27,44.04,44.04,43.2503,23493
2021-12-16,44.18,44.03,44.26,43.8141,43433
2021-12-17,43.72,43.29,43.72,43.29,7879
2021-12-20,43.0,42.9785,43.06,42.8053,14176
2021-12-21,43.245,43.4596,43.48,43.08,53672
2021-12-22,43.49,43.955,43.955,43.49,9038
2021-12-23,44.11,44.22,44.27,44.11,10801
2021-12-27,44.41,44.69,44.69,44.38,14063
2021-12-28,44.735,44.6162,44.7905,44.58,21485
2021-12-29,44.48,44.6008,44.6099,44.4178,16537
2021-12-30,44.6,44.39,44.65,44.39,74329
2021-12-31,44.4425,44.3,44.48,44.3,11305
2022-01-03,44.42,44.6,44.6,44.21,57208
2022-01-04,44.73,44.52,44.73,44.31,2814301
2022-01-05,44.46,43.93,44.59,43.91,28798
2022-01-06,43.81,43.76,43.96,43.645,24978
2022-01-07,43.71,43.69,43.8064,43.58,9433
2022-01-10,43.42,43.62,43.62,43.0583,12116
2022-01-11,43.4884,43.93,43.96,43.4884,1263212
2022-01-12,44.11,44.04,44.13,43.9772,53730
2022-01-13,44.11,43.44,44.15,43.42,22219
2022-01-14,43.29,43.44,43.44,43.124,78895
2022-01-18,42.925,42.77,42.96,42.7101,14434
2022-01-19,42.98,42.56,43.07,42.56,16075
2022-01-20,42.69,42.16,43.0083,42.11,211439
2022-01-21,41.94,41.32,42.08,41.32,167654
2022-01-24,40.81,41.27,41.3,39.81,665845
2022-01-25,40.79,40.87,41.2198,40.3718,1010565
2022-01-26,41.26,40.81,41.5,40.598,11209
2022-01-27,41.05,40.72,41.4387,40.71,21365
2022-01-28,40.8,41.77,41.77,40.49,13087
2022-01-31,41.77,42.5,42.5,41.77,15251
2022-02-01,42.52,42.7,42.7,42.25,10854
2022-02-02,42.77,42.96,43.06,42.641,65754
2022-02-03,42.61,42.26,42.6141,42.25,10155
2022-02-04,42.175,42.35,42.4643,41.9947,19279
2022-02-07,42.35,42.1,42.43,42.03,14250
2022-02-08,42.09,42.33,42.33,42.06,10063
2022-02-09,42.69,42.81,42.81,42.63,56760
2022-02-10,42.37,42.1,42.68,41.94,11509
2022-02-11,42.09,41.34,42.28,41.34,8351
2022-02-14,41.25,41.27,41.34,40.96,57606
2022-02-15,41.81,41.83,41.86,41.6078,10066
2022-02-16,41.63,41.81,41.91,41.49,11839
2022-02-17,41.3212,41.17,41.45,41.16,84456
2022-02-18,40.99,40.88,41.052,40.7,446950
2022-02-22,40.57,40.46,40.8101,40.1924,445034
2022-02-23,40.44,39.87,40.44,39.85,12712
2022-02-24,38.87,40.25,40.28,38.87,111353
2022-02-25,40.51,41.19,41.2712,40.505,106258
2022-02-28,40.73,41.02,41.0383,40.4832,11723
2022-03-01,40.88,40.5,41.0829,40.31,35178
2022-03-02,40.85,41.17,41.3,40.72,18366
2022-03-03,41.5172,41.14,41.5172,40.9842,8796
2022-03-04,40.73,40.92,40.97,40.4781,56083
2022-03-07,40.8,40.04,40.8,40.04,9921
2022-03-08,40.04,39.61,40.39,39.61,171163
2022-03-09,40.33,40.4,40.566,40.16,10528
2022-03-10,39.97,40.17,40.26,39.8578,19874
2022-03-11,40.47,39.82,40.47,39.81,99201
2022-03-14,39.98,39.73,40.275,39.7,217246
2022-03-15,40.01,40.62,40.655,40.01,1092762
2022-03-16,40.92,41.16,41.17,40.3944,663276
2022-03-17,41.2547,41.62,41.62,41.06,74142
2022-03-18,41.6,42.08,42.08,41.52,27059
2022-03-21,41.97,42.06,42.27,41.873,18121
2022-03-22,42.12,42.42,42.4605,42.12,12594
2022-03-23,42.24,41.895,42.24,41.895,172014
2022-03-24,42.0792,42.44,42.44,42.0362,122021
2022-03-25,42.54,42.61,42.7187,42.39,197449
2022-03-28,42.65,42.97,42.97,42.5226,16818
2022-03-29,43.43,43.39,43.448,43.08,92011
2022-03-30,43.351,43.14,43.37,43.08,22826
2022-03-31,43.25,42.67,43.25,42.67,164080
2022-04-01,42.59,42.71,42.71,42.405,21219
2022-04-04,42.63,43.05,43.05,42.63,35561
2022-04-05,42.91,42.66,43.1,42.6,132468
2022-04-06,42.35,42.57,42.69,42.2532,29249
2022-04-07,42.5,42.85,43.04,42.49,20813
2022-04-08,42.8123,42.88,43.05,42.8123,20771
2022-04-11,42.62,42.25,42.62,42.21,19877
2022-04-12,42.45,42.06,42.56,41.9448,21402
2022-04-13,42.04,42.34,42.41,42.0052,20129
2022-04-14,42.28,41.83,42.28,41.83,10927
2022-04-18,41.67,41.74,41.93,41.6,15575
2022-04-19,42.02,42.28,42.3475,42.02,13784
2022-04-20,42.32,42.2,42.365,42.08,26199
2022-04-21,42.38,41.76,42.6,41.71,50260
2022-04-22,41.7,40.61,41.7,40.61,18319
2022-04-25,40.48,40.89,40.89,40.045,21748
2022-04-26,40.68,39.81,40.68,39.81,24233
2022-04-27,39.9,39.85,40.3236,39.85,19076
2022-04-28,40.32,40.89,41.0,40.1131,217945
2022-04-29,40.53,39.43,40.53,39.3667,30844
2022-05-02,39.44,39.5452,39.5452,38.87,29672
2022-05-03,39.56,39.63,39.89,39.52,23933
2022-05-04,39.6549,40.78,40.85,39.5632,27893
2022-05-05,40.34,39.6,40.39,39.25,251942
2022-05-06,39.28,39.46,39.67,39.0,137880
2022-05-09,38.92,38.51,38.98,38.395,31936
2022-05-10,39.13,38.65,39.13,38.39,221627
2022-05-11,38.55,38.2,39.04,38.1519,32991
2022-05-12,37.97,38.18,38.24,37.63,20902
2022-05-13,38.52,38.92,38.94,38.49,28772
2022-05-16,38.8,38.96,39.21,38.7234,298874
2022-05-17,39.43,39.45,39.45,39.1644,22629
2022-05-18,39.0,37.96,39.02,37.85,52042
2022-05-19,37.59,37.54,37.84,37.3984,25997
2022-05-20,37.81,37.82,38.01,36.9277,296009
2022-05-23,38.1,38.5,38.525,38.07,9284
2022-05-24,38.12,38.39,38.49,37.86,28660
2022-05-25,38.43,38.6,38.7276,38.2236,24532
2022-05-26,38.8,39.17,39.3,38.8,25781
2022-05-27,39.27,39.98,39.98,39.27,15276
2022-05-31,39.68,39.58,39.9,39.5699,327214
2022-06-01,39.85,39.38,39.91,39.1149,30937
2022-06-02,39.25,39.94,39.94,39.02,41501
2022-06-03,39.52,39.34,39.58,39.33,15315
2022-06-06,39.67,39.49,39.88,39.36,28377
2022-06-07,39.08,39.75,39.75,39.08,18438
2022-06-08,39.61,39.46,39.755,39.44,19789
2022-06-09,39.35,38.56,39.47,38.56,19597
2022-06-10,37.97,37.39,38.01,37.39,62836
2022-06-13,36.49,36.19,36.86,36.12,79967
2022-06-14,36.31,36.03,36.41,35.77,32523
2022-06-15,36.36,36.6,36.78,36.1999,25757
2022-06-16,35.74,35.48,35.74,35.265,23780
2022-06-17,35.53,35.58,35.8,35.4629,90332
2022-06-21,36.04,36.42,36.64,36.04,24299
2022-06-22,36.27,36.5491,36.96,36.23,15254
2022-06-23,36.71,36.86,36.91,36.45,31696
2022-06-24,37.21,37.888,37.93,37.21,10413
2022-06-27,38.08,37.7549,38.08,37.72,172170
2022-06-28,38.03,36.8912,38.07,36.87,22987
2022-06-29,36.9001,36.958,37.075,36.77,25865
2022-06-30,36.49,36.6,36.92,36.2,163068
2022-07-01,36.28,36.75,36.75,36.0975,24942
2022-07-05,36.135,36.84,36.84,36.02,94156
2022-07-06,36.85,37.04,37.2299,36.74,12105
2022-07-07,37.25,37.64,37.65,37.25,54634
2022-07-08,37.44,37.6,37.7848,37.385,22470
2022-07-11,37.41,37.25,37.41,37.17,71808
2022-07-12,37.33,36.8125,37.35,36.71,70272
2022-07-13,36.28,36.67,36.94,36.28,161406
2022-07-14,36.25,36.63,36.71,36.0,32665
2022-07-15,37.13,37.48,37.48,37.01,39988
2022-07-18,37.74,37.05,37.8,36.96,96158
2022-07-19,37.48,38.04,38.08,37.37,25278
2022-07-20,37.99,38.26,38.4357,37.959,253113
2022-07-21,38.47,38.85,38.85,38.24,27576
2022-07-22,38.76,38.34,38.87,38.19,18930
2022-07-25,38.2308,38.35,38.35,38.1445,15871
2022-07-26,38.1036,37.86,38.1059,37.8333,12839
2022-07-27,38.24,38.87,38.92,38.24,29072
2022-07-28,38.75,39.14,39.2315,38.45,14188
2022-07-29,39.26,39.55,39.6179,39.1745,623015
2022-08-01,39.33,39.46,39.77,39.33,8791
2022-08-02,39.279,39.17,39.62,39.06,165685
2022-08-03,39.32,39.7961,39.9,39.32,24900
2022-08-04,39.74,39.7947,39.84,39.62,14739
2022-08-05,39.5,39.67,39.75,39.4331,17290
2022-08-08,39.79,39.5,39.925,39.3903,20801
2022-08-09,39.37,39.28,39.4,39.2007,77581
2022-08-10,39.98,40.13,40.14,39.95,99711
2022-08-11,40.32,40.03,40.4677,39.951,29819
2022-08-12,40.25,40.72,40.72,40.14,23062
2022-08-15,40.52,41.01,41.01,40.52,28151
2022-08-16,40.95,41.0214,41.21,40.74,27200
2022-08-17,40.77,40.68,40.94,40.56,21491
2022-08-18,40.68,40.83,40.9042,40.6,144104
2022-08-19,40.62,40.27,40.62,40.2,9644
2022-08-22,39.795,39.39,39.795,39.36,18665
2022-08-23,39.26,39.22,39.41,39.2151,3413414
2022-08-24,39.2,39.259,39.4299,39.2,28005
2022-08-25,39.3713,39.8135,39.82,39.3713,23568
2022-08-26,39.78,38.39,39.81,38.39,19220
2022-08-29,38.13,38.1229,38.34,38.05,22235
2022-08-30,38.23,37.72,38.23,37.57,69636
2022-08-31,37.86,37.34,37.97,37.34,20216
2022-09-01,37.18,37.53,37.53,36.9176,27115
2022-09-02,37.82,37.01,37.91,36.9,119057
2022-09-06,37.13,36.94,37.21,36.7,36989
2022-09-07,36.83,37.41,37.5173,36.83,41929
2022-09-08,37.2,37.7222,37.75,37.2,31309
2022-09-09,38.07,38.4,38.4743,38.0416,2964484
2022-09-12,38.6,38.7495,38.81,38.57,38013
2022-09-13,37.93,37.01,37.93,36.98,10604
2022-09-14,37.1,37.2,37.28,36.8775,15915
2022-09-15,37.01,36.6,37.09,36.5,23743
2022-09-16,36.1936,36.4891,36.4891,36.12,21581
2022-09-19,36.2,36.6,36.62,36.2,18520
2022-09-20,36.2122,36.25,36.4649,36.0211,34248
2022-09-21,36.4,35.6809,36.7,35.63,118936
2022-09-22,35.53,35.37,35.74,35.355,75745
2022-09-23,35.06,34.92,35.06,34.5301,28981
2022-09-26,34.68,34.55,35.05,34.52,38404
2022-09-27,34.9,34.5,35.08,34.28,66310
2022-09-28,34.395,34.97,35.16,34.36,31675
2022-09-29,34.74,34.3769,34.74,34.06,26163
2022-09-30,34.26,33.76,34.63,33.76,15280
2022-10-03,33.91,34.38,34.66,33.84,200969
2022-10-04,34.97,35.4181,35.45,34.97,26289
2022-10-05,35.12,35.51,35.5694,34.845,17378
2022-10-06,35.37,35.1131,35.59,35.08,48768
2022-10-07,34.75,34.03,34.75,33.9,21166
2022-10-10,34.07,33.63,34.16,33.56,26470
2022-10-11,33.52,33.45,33.86,33.27,11897
2022-10-12,33.43,33.4,33.69,33.38,31996
2022-10-13,32.71,34.33,34.44,32.66,49890
2022-10-14,34.58,33.82,34.74,33.7,33302
2022-10-17,34.42,34.59,34.74,34.42,110061
2022-10-18,35.44,35.02,35.44,34.6591,100126
2022-10-19,34.77,34.65,34.94,34.505,19126
2022-10-20,34.65,34.45,35.06,34.4083,85693
2022-10-21,34.38,35.2646,35.2646,34.28,17317
2022-10-24,35.37,35.8,35.845,35.2,20642
2022-10-25,35.77,36.24,36.25,35.77,19921
2022-10-26,35.89,35.97,36.47,35.89,23341
2022-10-27,36.06,35.59,36.1039,35.56,45501
2022-10-28,35.84,36.4541,36.47,35.78,15332
2022-10-31,36.25,36.1,36.35,36.0711,22154
2022-11-01,36.53,36.19,36.53,35.95,116890
2022-11-02,35.97,35.08,36.4988,35.08,122618
2022-11-03,34.8925,34.89,35.0751,34.7,27616
2022-11-04,35.36,35.2921,35.47,34.76,30372
2022-11-07,35.41,35.82,35.82,35.34,18871
2022-11-08,35.84,35.83,36.1,35.55,22792
2022-11-09,35.7,35.2,35.79,35.13,10764
2022-11-10,36.29,36.92,36.97,36.15,14267
2022-11-11,37.03,37.2636,37.3,36.87,11775
2022-11-14,37.18,37.1321,37.5697,37.1321,9682
2022-11-15,37.65,37.365,37.8,37.08,17403
2022-11-16,37.27,37.1251,37.29,37.09,193747
2022-11-17,36.73,37.0467,37.13,36.73,10969
2022-11-18,37.4,37.1721,37.4,36.97,50741
2022-11-21,37.05,36.95,37.175,36.9479,14273
2022-11-22,37.25,37.5966,37.6,37.18,17834
2022-11-23,37.53,37.8,37.925,37.53,16515
2022-11-25,37.93,37.865,37.97,37.8557,6162
2022-11-28,37.65,37.3359,37.73,37.285,13787
2022-11-29,37.33,37.1,37.36,36.99,16560
2022-11-30,37.25,38.3509,38.42,37.085,24867
2022-12-01,38.76,38.4275,38.76,38.11,21772
2022-12-02,38.01,38.3026,38.348,37.97,12261
2022-12-05,38.08,37.7177,38.11,37.62,48224
2022-12-06,37.63,36.94,37.63,36.88,19720
2022-12-07,36.92,37.015,37.11,36.83,18235
2022-12-08,37.15,37.34,37.4099,37.11,300735
2022-12-09,37.26,37.22,37.6274,37.12,25077
2022-12-12,37.17,37.59,37.66,37.17,11011
2022-12-13,38.65,38.03,38.65,37.7711,18863
2022-12-14,37.94,37.75,38.25,37.71,23134
2022-12-15,37.28,36.81,37.28,36.736,15714
2022-12-16,36.7,36.45,36.7,36.22,19491
2022-12-19,36.35,36.02,36.35,35.945,109918
2022-12-20,35.98,36.18,36.25,35.88,34751
2022-12-21,36.31,36.55,36.73,36.31,40540
2022-12-22,36.2356,36.0831,36.246,35.6,22314
2022-12-23,36.06,36.19,36.27,35.9,26844
2022-12-27,36.28,36.17,36.28,36.01,15001
2022-12-28,35.91,35.5,36.15,35.5,44353
2022-12-29,35.82,36.29,36.2965,35.82,23273
2022-12-30,35.8912,36.06,36.17,35.8044,23117
2023-01-03,36.28,36.09,36.4,35.68,49411
2023-01-04,36.15,36.0901,36.315,35.83,35063
2023-01-05,35.92,35.735,35.94,35.6785,31439
2023-01-06,36.015,36.43,36.63,35.71,38752
2023-01-09,36.76,36.55,37.0398,36.46,33339
2023-01-10,36.44,36.62,36.81,36.38,95635
2023-01-11,36.83,37.21,37.21,36.75,8393
2023-01-12,37.1,37.12,37.35,36.83,58736
2023-01-13,36.97,37.54,37.54,36.945,11776
2023-01-17,37.36,37.3,37.49,37.29,16636
2023-01-18,37.44,36.71,37.45,36.71,21805
2023-01-19,36.56,36.5,36.7967,36.4075,97629
2023-01-20,36.71,37.25,37.25,36.595,8977
2023-01-23,37.27,37.63,37.83,37.27,75536
2023-01-24,37.36,37.53,37.6,37.33,31501
2023-01-25,37.19,37.55,37.57,36.97,159577
2023-01-26,37.82,37.98,37.98,37.56,12255
2023-01-27,37.85,38.02,38.32,37.85,11980
2023-01-30,37.8999,37.58,37.93,37.58,52869
2023-01-31,37.645,37.97,38.01,37.59,15942
2023-02-01,37.9589,38.53,38.66,37.85,14900
2023-02-02,38.92,39.22,39.25,38.79,19141
2023-02-03,38.78,38.855,39.27,38.78,141623
2023-02-06,38.73,38.6488,38.755,38.55,12289
2023-02-07,38.62,39.35,39.35,38.58,19566
2023-02-08,39.15,38.73,39.2,38.73,15289
2023-02-09,39.18,38.53,39.18,38.4947,34705
2023-02-10,38.42,38.49,38.5292,38.24,15332
2023-02-13,38.6184,39.03,39.03,38.56,13176
2023-02-14,38.68,38.89,39.17,38.62,24783
2023-02-15,38.752,38.99,38.99,38.63,24104
2023-02-16,38.5,38.33,38.86,38.33,86042
2023-02-17,38.1199,38.2932,38.3,37.9912,10485
2023-02-21,37.97,37.57,37.97,37.57,10356
2023-02-22,37.65,37.65,37.7301,37.48,10457
2023-02-23,38.01,38.1,38.1,37.5617,33886
2023-02-24,37.53,37.54,37.71,37.37,17406
2023-02-27,37.85,37.77,37.9188,37.6717,12066
2023-02-28,37.66,37.54,37.88,37.54,9911
2023-03-01,37.53,37.46,37.58,37.33,54308
2023-03-02,37.24,37.73,37.854,37.24,23188
2023-03-03,37.89,38.404,38.44,37.89,11046
2023-03-06,38.58,38.505,38.7599,38.484,15760
2023-03-07,38.47,37.9353,38.47,37.9301,21353
2023-03-08,37.89,37.95,38.02,37.7238,24974
2023-03-09,38.1395,37.23,38.1395,37.23,8173
2023-03-10,37.19,37.0,37.43,36.805,13947
2023-03-13,36.71,36.94,37.3194,36.54,26877
2023-03-14,37.6462,37.74,37.7799,37.28,37756
2023-03-15,37.2,37.55,37.55,37.11,37904
2023-03-16,37.33,38.2523,38.26,37.32,81517
2023-03-17,38.2,37.96,38.25,37.78,11753
2023-03-20,37.95,38.2,38.25,37.93,15066
2023-03-21,38.527,38.6805,38.75,38.299,20242
2023-03-22,38.75,38.31,39.0199,38.31,11006
2023-03-23,38.61,38.57,39.03,38.32,32852
2023-03-24,38.41,38.72,38.72,38.25,24296
2023-03-27,38.88,38.7,38.89,38.67,62531
2023-03-28,38.6497,38.55,38.6497,38.41,11822
2023-03-29,38.8303,39.0196,39.0699,38.8303,41086
2023-03-30,39.22,39.2672,39.2826,39.0775,12458
2023-03-31,39.405,39.8053,39.8053,39.405,14486
2023-04-03,39.57,39.89,39.9415,39.57,23337
2023-04-04,39.91,39.74,39.98,39.702,10816
2023-04-05,39.77,39.76,39.77,39.6017,14060
2023-04-06,39.64,39.87,39.95,39.5577,29541
2023-04-10,39.63,39.8319,39.86,39.47,19126
2023-04-11,39.869,39.7876,39.935,39.7876,9120
2023-04-12,39.95,39.6322,39.98,39.63,23553
2023-04-13,39.82,40.237,40.27,39.78,17970
2023-04-14,40.16,40.2235,40.42,39.98,39818
2023-04-17,40.2,40.28,40.28,40.06,13890
2023-04-18,40.47,40.35,40.47,40.2082,27529
2023-04-19,40.2099,40.27,40.3399,40.2099,17996
2023-04-20,40.0,39.98,40.175,39.88,21569
2023-04-21,40.0077,40.1,40.14,40.0,24203
2023-04-24,40.1,40.145,40.19,39.9635,15323
2023-04-25,39.9975,39.48,39.9975,39.48,22649
2023-04-26,39.5,39.37,39.69,39.32,9448
2023-04-27,39.78,40.085,40.11,39.71,16446
2023-04-28,40.1,40.44,40.44,40.1,31610
2023-05-01,40.4222,40.49,40.6035,40.4222,12277
2023-05-02,40.35,40.01,40.4165,39.827,25996
2023-05-03,40.12,39.8,40.3268,39.77,138209
2023-05-04,39.66,39.42,39.66,39.375,21484
2023-05-05,39.96,40.1116,40.25,39.93,43021
2023-05-08,40.18,40.18,40.2,40.0717,15564
2023-05-09,39.93,39.94,40.08,39.93,12711
2023-05-10,40.18,40.12,40.19,39.7963,17187
2023-05-11,39.9475,40.106,40.126,39.9475,14784
2023-05-12,40.15,40.01,40.15,39.8184,14828
2023-05-15,39.9603,40.17,40.18,39.9199,16339
2023-05-16,40.035,39.95,40.14,39.95,27414
2023-05-17,40.15,40.4417,40.51,40.05,24927
2023-05-18,40.38,40.78,40.86,40.38,22310
2023-05-19,40.86,40.83,40.9899,40.7711,21731
2023-05-22,40.9182,40.8696,41.0,40.8105,34033
2023-05-23,40.69,40.5,40.86,40.5,15970
2023-05-24,40.29,40.2901,40.43,40.17,29441
2023-05-25,40.56,40.8024,40.91,40.5297,24563
2023-05-26,40.89,41.58,41.58,40.89,76822
2023-05-30,41.68,41.44,41.68,41.43,16457
2023-05-31,41.34,41.34,41.45,41.15,29299
2023-06-01,41.32,41.7,41.85,41.32,24096
2023-06-02,42.07,42.27,42.305,42.07,26944
2023-06-05,42.24,42.09,42.365,42.09,19023
2023-06-06,42.03,42.08,42.12,41.9401,20102
2023-06-07,42.15,41.85,42.3011,41.815,41588
2023-06-08,41.98,42.1796,42.1796,41.98,37419
2023-06-09,42.616,42.39,42.616,42.2601,35275
2023-06-12,42.46,42.77,42.77,42.45,17028
2023-06-13,43.02,43.06,43.0704,42.8115,53549
2023-06-14,42.94,42.99,43.134,42.63,15769
2023-06-15,42.95,43.5474,43.72,42.8816,43005
2023-06-16,43.68,43.37,43.84,43.37,22260
2023-06-20,43.11,43.26,43.408,43.03,28548
2023-06-21,43.15,43.08,43.2,42.9408,17828
2023-06-22,42.98,43.21,43.23,42.95,51074
2023-06-23,42.91,43.01,43.057,42.82,14992
2023-06-26,42.76,42.5,42.86,42.5,26285
2023-06-27,42.6,42.97,42.9999,42.6,38629
2023-06-28,42.79,42.95,43.08,42.77,22545
2023-06-29,42.9855,43.19,43.19,42.98,14742
2023-06-30,43.58,43.66,43.78,43.58,62730
2023-07-03,43.55,43.6,43.6,43.47,13735
2023-07-05,43.4,43.59,43.7216,43.4,15543
2023-07-06,43.22,43.23,43.3199,43.0251,14276
2023-07-07,43.17,42.97,43.43,42.97,36205
2023-07-10,42.99,43.08,43.08,42.8675,16815
2023-07-11,43.16,43.39,43.39,42.98,17617
2023-07-12,43.6941,43.72,43.833,43.6,32047
2023-07-13,43.9,44.0497,44.12,43.8416,22709
2023-07-14,44.3253,44.11,44.33,44.11,67272
2023-07-17,44.185,44.39,44.39,44.175,14811
2023-07-18,44.35,44.6,44.76,44.345,24145
2023-07-19,44.69,44.82,44.92,44.69,33117
2023-07-20,44.7382,44.44,44.7675,44.44,9254
2023-07-21,44.69,44.61,44.7938,44.33,104029
2023-07-24,44.71,44.8898,44.9799,44.67,22818
2023-07-25,44.89,44.96,45.1099,44.89,30834
2023-07-26,44.7475,44.87,45.0197,44.71,49164
2023-07-27,45.32,44.7,45.4553,44.68,12115
2023-07-28,44.9,45.07,45.1719,44.9,19179
2023-07-31,45.09,45.14,45.2099,44.9992,24572
2023-08-01,45.07,45.07,45.15,44.9789,20202
2023-08-02,44.75,44.41,44.75,44.38,24071
2023-08-03,44.25,44.36,44.5792,44.24,21373
2023-08-04,44.56,44.22,44.7246,44.11,14492
2023-08-07,44.25,44.5,44.505,44.25,14839
2023-08-08,44.31,44.36,44.36,44.03,33767
2023-08-09,44.4,43.92,44.4,43.92,13733
2023-08-10,44.38,44.05,44.56,43.96,14487
2023-08-11,43.78,43.97,44.07,43.78,14132
2023-08-14,43.88,44.46,44.46,43.88,9926
2023-08-15,44.14,43.89,44.25,43.81,15587
2023-08-16,43.79,43.565,43.9957,43.55,22032
2023-08-17,43.69,43.43,43.76,43.31,16453
2023-08-18,43.05,43.28,43.315,43.03,10062
2023-08-21,43.42,43.77,43.8399,43.42,21333
2023-08-22,44.0,43.62,44.0,43.55,23773
2023-08-23,43.7,44.06,44.1496,43.7,24949
2023-08-24,44.35,43.546,44.35,43.52,35699
2023-08-25,43.6,43.79,43.9755,43.34,65148
2023-08-28,44.15,44.06,44.15,43.87,27602
2023-08-29,44.3,44.73,44.77,44.25,23097
2023-08-30,44.77,44.82,44.94,44.7002,23218
2023-08-31,44.9,45.0,45.1093,44.9,12081
2023-09-01,45.15,44.85,45.15,44.78,16288
2023-09-05,44.81,44.85,44.9359,44.795,14902
2023-09-06,44.88,44.49,44.88,44.2652,23193
2023-09-07,44.25,44.33,44.4507,44.19,85616
2023-09-08,44.49,44.3925,44.5958,44.32,193970
2023-09-11,44.7603,44.7603,44.7603,44.7603,15566
2023-09-12,44.5201,44.44,44.67,44.41,22714
2023-09-13,44.46,44.59,44.7484,44.46,35110
2023-09-14,44.83,44.9097,44.99,44.71,157605
2023-09-15,44.65,44.34,44.65,44.31,10748
2023-09-18,44.21,44.38,44.5,44.21,8822
2023-09-19,44.24,44.36,44.412,44.095,14170
2023-09-20,44.4377,43.93,44.49,43.93,16211
2023-09-21,43.61,43.26,43.61,43.24,36783
2023-09-22,43.4,43.2,43.507,43.17,17383
2023-09-25,43.09,43.35,43.35,43.09,23799
2023-09-26,43.05,42.7593,43.0578,42.7088,24556
2023-09-27,42.87,42.73,42.87,42.3954,16217
2023-09-28,42.76,42.91,43.05,42.76,16957
2023-09-29,43.16,42.84,43.22,42.707,13698
2023-10-02,42.66,42.9,42.9,42.57,117022
2023-10-03,42.75,42.33,42.81,42.22,17952
2023-10-04,42.46,42.64,42.68,42.33,26917
2023-10-05,42.62,42.585,42.63,42.288,29157
2023-10-06,42.2696,43.0,43.17,42.1816,22026
2023-10-09,42.85,43.21,43.2399,42.71,47591
2023-10-10,43.34,43.42,43.68,43.2804,121003
2023-10-11,43.43,43.5,43.5602,43.25,48744
2023-10-12,43.63,43.4,43.786,43.23,26748
2023-10-13,43.68,43.2,43.68,43.12,38828
2023-10-16,43.33,43.55,43.69,43.33,49088
2023-10-17,43.195,43.56,43.73,43.195,3888254
2023-10-18,43.4884,43.09,43.56,42.99,21079
2023-10-19,43.15,42.69,43.28,42.644,47113
2023-10-20,42.6,42.2,42.66,42.185,17863
2023-10-23,41.92,42.1,42.49,41.905,137342
2023-10-24,42.31,42.3387,42.4,42.08,2424387
2023-10-25,42.17,41.73,42.17,41.65,36158
2023-10-26,41.59,41.11,41.59,41.04,37326
2023-10-27,41.2,40.88,41.25,40.73,139380
2023-10-30,41.17,41.41,41.455,41.1,51478
2023-10-31,41.3731,41.64,41.65,41.32,54021
2023-11-01,41.88,42.07,42.16,41.8,53423
2023-11-02,42.48,42.86,42.86,42.475,38385
2023-11-03,43.1,43.13,43.25,43.0,31027
2023-11-06,43.2482,43.27,43.3,43.0737,26206
2023-11-07,43.26,43.5208,43.5797,43.2583,2121634
2023-11-08,43.61,43.56,43.67,43.3508,28806
2023-11-09,43.56,43.16,43.56,43.09,36553
2023-11-10,43.38,43.85,43.86,43.185,29445
2023-11-13,43.73,43.805,43.9,43.61,33042
2023-11-14,44.49,44.56,44.69,44.39,34605
2023-11-15,44.62,44.67,44.76,44.57,56262
2023-11-16,44.54,44.59,44.625,44.38,33865
2023-11-17,44.64,44.6384,44.7,44.5,65934
2023-11-20,44.65,45.0147,45.12,44.65,104292
2023-11-21,44.97,45.04,45.065,44.9,21214
2023-11-22,45.16,45.19,45.35,45.0699,224384
2023-11-24,45.24,45.2084,45.24,45.17,66263
2023-11-27,45.16,45.1,45.215,45.08,28665
2023-11-28,45.06,45.17,45.2538,45.0,48152
2023-11-29,45.37,45.07,45.41,45.06,65913
2023-11-30,45.28,45.29,45.31,44.97,22924
2023-12-01,45.09,45.32,45.39,45.0848,23096
2023-12-04,45.05,45.09,45.1,44.904,61669
2023-12-05,44.87,45.15,45.2325,44.87,74464
2023-12-06,45.29,44.96,45.33,44.82,432008
2023-12-07,45.11,45.25,45.32,45.0966,63327
2023-12-08,45.21,45.465,45.52,45.1999,42358
2023-12-11,45.37,45.68,45.68,45.37,74013
2023-12-12,45.71,45.98,45.98,45.57,175528
2023-12-13,45.94,46.4,46.4,45.845,91556
2023-12-14,46.49,46.27,46.49,46.08,89523
2023-12-15,46.25,46.37,46.5,46.22,120349
2023-12-18,46.54,46.78,46.8658,46.54,20383
2023-12-19,46.81,46.98,47.0,46.78,66364
2023-12-20,46.99,46.41,47.11,46.37,43325
2023-12-21,46.73,46.77,46.84,46.4756,44930
2023-12-22,46.86,46.88,47.0599,46.7144,28937
2023-12-26,46.92,47.0159,47.12,46.92,23848
2023-12-27,46.89,46.8945,46.96,46.81,33857
2023-12-28,46.95,46.95,47.0407,46.89,31685
2023-12-29,46.92,46.76,46.9597,46.64,24741
2024-01-02,46.53,46.63,46.64,46.41,52609
2024-01-03,46.38,46.27,46.49,46.27,38549
2024-01-04,46.31,46.21,46.52,46.18,36066
2024-01-05,46.16,46.19,46.44,46.1399,19794
2024-01-08,46.22,46.8999,46.92,46.22,27609
2024-01-09,46.72,46.92,46.99,46.64,16837
2024-01-10,46.96,47.25,47.2628,46.96,29339
2024-01-11,47.29,47.19,47.36,46.87,34867
2024-01-12,47.22,47.24,47.43,47.13,109596
2024-01-16,47.15,47.18,47.29,47.0049,37564
2024-01-17,46.89,47.01,47.0199,46.74,19757
2024-01-18,47.1,47.35,47.37,47.0103,25188
2024-01-19,47.56,48.0369,48.08,47.49,59572
2024-01-22,48.21,48.1147,48.28,48.09,24217
2024-01-23,48.17,48.26,48.26,48.0585,24067
2024-01-24,48.49,48.26,48.56,48.26,50240
2024-01-25,48.33,48.31,48.4334,48.15,18890
2024-01-26,48.32,48.41,48.53,48.305,32719
2024-01-29,48.5599,48.79,48.85,48.475,31002
2024-01-30,48.91,48.9091,48.97,48.85,38992
2024-01-31,48.63,48.04,48.63,48.04,31514
2024-02-01,48.33,48.69,48.71,48.2653,25355
2024-02-02,48.79,49.35,49.516,48.79,154141
2024-02-05,49.25,49.26,49.3301,49.0207,67883
2024-02-06,49.13,49.27,49.2723,49.11,34282
2024-02-07,49.48,49.78,49.78,49.48,45389
2024-02-08,49.81,49.87,49.87,49.73,30380
2024-02-09,49.86,49.97,50.0399,49.86,32489
2024-02-12,49.93,49.87,50.15,49.7901,29168
2024-02-13,49.28,49.35,49.5085,48.99,25478
2024-02-14,49.6,49.7305,49.79,49.35,28263
2024-02-15,49.82,50.1,50.1,49.796,36436
2024-02-16,50.08,49.74,50.0999,49.7,22481
2024-02-20,49.48,49.4,49.58,49.21,2187296
2024-02-21,49.34,49.5,49.5,49.0966,33626
2024-02-22,50.17,50.5721,50.6473,50.13,33482
2024-02-23,50.77,50.7057,50.89,50.58,53582
2024-02-26,50.67,50.57,50.8044,50.57,29592
2024-02-27,50.63,50.59,50.63,50.36,40264
2024-02-28,50.45,50.4822,50.56,50.3401,24915
2024-02-29,50.73,50.66,50.73,50.4,18305
2024-03-01,50.74,51.1827,51.2196,50.74,49937
2024-03-04,51.12,50.995,51.1599,50.995,49696
2024-03-05,50.87,50.4266,50.87,50.2374,34901
2024-03-06,50.81,50.69,50.94,50.58,38521
2024-03-07,50.99,51.19,51.2799,50.99,241884
2024-03-08,51.24,50.68,51.315,50.67,2102628
2024-03-11,50.55,50.6492,50.6755,50.3774,81595
2024-03-12,50.98,51.32,51.37,50.7557,75803
2024-03-13,51.39,51.18,51.39,51.0547,58653
2024-03-14,51.36,51.21,51.36,50.92,42569
2024-03-15,50.7,50.44,50.7,50.3089,49337
2024-03-18,50.94,50.85,51.0458,50.78,125170
2024-03-19,50.68,51.12,51.22,50.61,37451
2024-03-20,51.13,51.56,51.56,51.03,82812
2024-03-21,51.79,51.49,51.79,51.49,36642
2024-03-22,51.6,51.4571,51.6,51.41,46413
2024-03-25,51.31,51.21,51.31,51.1837,38178
2024-03-26,51.35,51.115,51.41,51.1,74333
2024-03-27,51.47,51.3659,51.47,51.08,43608
2024-03-28,51.3,51.36,51.495,51.3,25658
2024-04-01,51.27,51.1,51.33,50.94,37488
2024-04-02,50.56,50.8,50.8,50.51,24813
2024-04-03,50.65,50.73,50.93,50.5971,87299
2024-04-04,51.09,50.09,51.14,50.09,47520
2024-04-05,50.26,50.62,50.81,50.25,25377
2024-04-08,50.63,50.59,50.74,50.5,27305
2024-04-09,50.8,50.76,50.8,50.25,30058
2024-04-10,50.24,50.37,50.4897,50.22,32414
2024-04-11,50.5,50.7941,50.8691,50.19,29065
2024-04-12,50.4,50.02,50.5,49.8901,20900
2024-04-15,50.32,49.36,50.39,49.36,39915
2024-04-16,49.39,49.33,49.61,49.23,41447
2024-04-17,49.69,49.21,49.69,48.98,54394
2024-04-18,49.14,49.02,49.4299,48.98,38753
2024-04-19,49.0,48.61,49.12,48.515,41397
2024-04-22,48.85,49.02,49.24,48.663,34283
2024-04-23,49.3,49.65,49.671,49.2965,68773
2024-04-24,49.89,49.7,49.89,49.4988,57569
2024-04-25,48.93,49.4,49.49,48.93,32538
2024-04-26,49.74,49.93,50.02,49.74,20355
2024-04-29,49.97,49.97,50.04,49.75,211188
2024-04-30,49.78,49.27,49.92,49.27,69832
2024-05-01,49.27,49.22,49.8922,49.1802,23799
2024-05-02,49.49,49.55,49.62,49.19,24674
2024-05-03,50.17,50.21,50.2482,49.9301,41149
2024-05-06,50.43,50.7243,50.74,50.395,23326
2024-05-07,50.82,50.81,50.93,50.7199,23773
2024-05-08,50.64,50.83,50.92,50.64,26011
2024-05-09,50.85,50.9824,51.0,50.775,40330
2024-05-10,51.2,51.16,51.27,51.0501,40018
2024-05-13,51.38,51.17,51.38,51.13,415961
2024-05-14,51.1879,51.39,51.42,51.1082,17439
2024-05-15,51.71,52.18,52.18,51.57,31143
2024-05-16,52.21,52.01,52.3,52.01,22913
2024-05-17,52.09,52.04,52.09,51.88,19562
2024-05-20,52.12,52.0,52.1876,51.96,62801
2024-05-21,51.98,52.18,52.18,51.98,28333
2024-05-22,52.17,52.11,52.2375,51.915,51823
2024-05-23,52.31,51.7932,52.32,51.7,38330
2024-05-24,51.88,52.05,52.14,51.88,22004
2024-05-28,52.15,52.15,52.15,51.8701,28153
2024-05-29,51.71,51.81,51.905,51.71,33500
2024-05-30,51.41,51.13,51.41,51.04,26964
2024-05-31,51.3,51.58,51.58,50.71,25278
2024-06-03,51.78,51.6665,52.0899,51.3101,152961
2024-06-04,51.72,51.9482,51.98,51.605,24296
2024-06-05,52.26,52.59,52.59,52.035,37654
2024-06-06,52.6,52.65,52.75,52.54,197548
2024-06-07,52.64,52.65,52.91,52.56,30094
2024-06-10,52.66,52.81,52.81,52.54,24168
2024-06-11,52.65,52.9073,52.93,52.543,25882
2024-06-12,53.47,53.17,53.47,53.08,33364
2024-06-13,53.43,53.57,53.57,53.2478,44679
2024-06-14,53.64,53.87,53.87,53.6041,35259
2024-06-17,54.0,54.2,54.34,53.81,27505
2024-06-18,54.15,54.29,54.42,54.15,39372
2024-06-20,54.61,54.25,54.61,54.1074,44553
2024-06-21,54.1,54.05,54.27,54.05,33890
2024-06-24,53.99,53.82,54.26,53.82,56996
2024-06-25,54.01,54.13,54.146,53.96,177702
2024-06-26,54.06,54.27,54.28,53.99,23410
2024-06-27,54.19,54.3,54.37,54.1304,20506
2024-06-28,54.47,54.25,54.806,54.09,25195
2024-07-01,54.09,54.19,54.2499,53.92,30584
2024-07-02,54.09,54.61,54.61,54.09,113854
2024-07-03,54.63,54.98,54.98,54.58,33143
2024-07-05,54.97,55.33,55.3499,54.97,73381
2024-07-08,55.49,55.33,55.49,55.22,24421
2024-07-09,55.48,55.41,55.4859,55.305,28090
2024-07-10,55.48,55.82,55.87,55.29,155002
2024-07-11,55.9,55.08,55.9,55.03,140941
2024-07-12,55.09,55.22,55.6799,55.0483,30869
2024-07-15,55.43,55.57,55.845,55.39,43643
2024-07-16,55.86,55.78,55.86,55.4934,37299
2024-07-17,55.16,55.21,55.32,55.13,32089
2024-07-18,55.41,54.77,55.41,54.54,34287
2024-07-19,54.74,54.38,54.91,54.3,23901
2024-07-22,54.8752,54.85,54.935,54.5625,16222
2024-07-23,54.82,54.66,54.9954,54.66,20151
2024-07-24,54.01,53.32,54.02,53.32,1465134
2024-07-25,53.39,53.1,53.73,52.95,30136
2024-07-26,53.4184,53.51,53.82,53.38,39178
2024-07-29,53.7,53.57,53.785,53.3782,38109
2024-07-30,53.56,53.12,53.6005,52.84,33812
2024-07-31,53.77,53.84,54.0399,53.74,24828
2024-08-01,54.25,53.41,54.43,53.085,18041
2024-08-02,52.82,52.72,53.15,52.4,24709
2024-08-05,50.46,51.14,51.6981,50.38,119349
2024-08-06,51.45,51.59,52.28,51.09,39167
2024-08-07,52.18,51.3475,52.48,51.3475,30788
2024-08-08,52.02,52.64,52.68,51.97,18531
2024-08-09,52.46,52.85,53.03,52.46,16354
2024-08-12,53.11,53.01,53.15,52.74,32402
2024-08-13,53.34,53.73,53.7799,53.2007,22386
2024-08-14,53.82,53.94,54.07,53.7,18280
2024-08-15,54.61,54.92,54.92,54.61,38714
2024-08-16,54.7,55.01,55.13,54.7,18841
2024-08-19,54.98,55.5,55.5,54.98,16174
2024-08-20,55.58,55.57,55.73,55.42,63172
2024-08-21,55.61,55.58,55.77,55.48,192706
2024-08-22,55.91,55.27,55.93,55.13,324805
2024-08-23,55.61,55.7206,55.81,55.25,38050
2024-08-26,55.81,55.57,55.8591,55.4315,30503
2024-08-27,55.51,55.71,55.75,55.51,23327
2024-08-28,55.58,55.3,55.6599,55.0,52465
2024-08-29,55.62,55.42,55.9198,55.35,26996
2024-08-30,55.68,56.05,56.09,55.5066,19673
2024-09-03,55.79,55.14,55.79,54.875,26529
2024-09-04,54.91,55.05,55.35,54.91,44500
2024-09-05,55.13,54.96,55.39,54.74,25528
2024-09-06,54.91,53.78,54.95,53.78,22383
2024-09-09,54.29,54.56,54.59,54.18,42186
2024-09-10,54.71,54.73,54.7949,54.2,22479
2024-09-11,54.52,55.22,55.29,53.92,72670
2024-09-12,55.32,55.7,55.71,55.19,30597
2024-09-13,55.81,55.89,55.99,55.69,30432
2024-09-16,55.78,55.93,56.09,55.66,121019
2024-09-17,56.21,56.03,56.3,55.8301,28289
2024-09-18,56.11,55.8101,56.18,55.7401,21604
2024-09-19,56.6,56.6,56.8327,56.49,32531
2024-09-20,56.52,56.6,56.6569,56.3975,20038
2024-09-23,56.72,56.81,56.82,56.6401,28271
2024-09-24,56.88,56.79,56.88,56.52,37005
2024-09-25,56.84,56.78,56.84,56.6334,24970
2024-09-26,56.98,56.7,56.98,56.5553,27654
2024-09-27,56.81,56.69,56.9,56.6372,50752
2024-09-30,56.49,56.99,57.04,56.4601,35974
2024-10-01,56.76,56.44,56.76,56.1707,29898
2024-10-02,56.38,56.48,56.53,56.19,76729
2024-10-03,56.28,56.37,56.5656,56.19,53569
2024-10-04,56.81,57.09,57.09,56.52,29135
2024-10-07,56.93,56.6,56.93,56.36,34412
2024-10-08,56.58,56.97,57.0393,56.58,43747
2024-10-09,56.94,57.29,57.3756,56.9,114954
2024-10-10,57.29,57.2,57.35,57.05,142023
2024-10-11,57.19,57.43,57.51,57.11,28400
2024-10-14,57.66,57.74,57.795,57.62,42209
2024-10-15,57.52,57.32,57.52,57.09,22968
2024-10-16,57.1,57.33,57.3978,57.01,832295
2024-10-17,57.65,57.29,57.65,57.29,33620
2024-10-18,57.53,57.74,57.7911,57.53,36251
2024-10-21,57.64,57.61,57.71,57.3781,45664
2024-10-22,57.39,57.75,57.8656,57.39,41292
2024-10-23,57.61,57.2,57.62,56.97,76770
2024-10-24,57.46,57.42,57.55,57.11,39432
2024-10-25,57.7,57.48,57.94,57.42,59749
2024-10-28,57.9,57.69,57.9,57.6101,214311
2024-10-29,57.7,57.85,57.91,57.4687,26101
2024-10-30,57.83,57.78,58.04,57.53,107637
2024-10-31,57.37,56.78,57.37,56.61,26377
2024-11-01,56.97,56.75,57.1783,56.75,22954
2024-11-04,56.73,56.51,56.765,56.3904,31227
2024-11-05,56.58,57.11,57.11,56.58,30747
2024-11-06,58.34,58.43,58.75,58.18,69817
2024-11-07,58.87,59.15,59.26,58.8588,55173
2024-11-08,59.33,59.6,59.738,59.3,76989
2024-11-11,59.53,59.4,59.61,59.2628,84055
2024-11-12,59.52,59.24,59.52,59.0901,46105
2024-11-13,59.36,59.35,59.4,59.02,45181
2024-11-14,59.2,58.77,59.26,58.77,64065
2024-11-15,58.51,58.39,58.57,58.13,52558
2024-11-18,58.51,58.66,58.68,58.27,47039
2024-11-19,58.55,58.72,58.97,58.37,91047
2024-11-20,59.02,59.2,59.2,58.41,193642
2024-11-21,59.18,59.12,59.325,58.56,109118
2024-11-22,59.23,59.43,59.4994,59.23,58260
2024-11-25,59.83,59.5153,59.88,59.3,45302
2024-11-26,59.76,59.94,59.98,59.6993,116123
2024-11-27,59.84,59.822,59.8944,59.68,38741
2024-11-29,60.04,60.32,60.32,60.04,17022
2024-12-02,60.23,60.52,60.59,60.23,36365
2024-12-03,60.5,60.6,60.6,60.44,39046
2024-12-04,60.69,60.76,60.7955,60.575,37567
2024-12-05,60.87,60.87,61.02,60.84,42208
2024-12-06,60.89,61.15,61.15,60.8828,126413
2024-12-09,61.15,60.74,61.15,60.6,59292
2024-12-10,60.9,60.79,60.9991,60.72,53445
2024-12-11,61.12,61.15,61.3999,61.07,1973945
2024-12-12,61.23,61.14,61.26,61.0,59882
2024-12-13,61.4,61.34,61.5,61.1769,47933
2024-12-16,61.53,61.85,61.95,61.53,75582
2024-12-17,61.47,61.98,61.98,61.45,94589
2024-12-18,61.65,59.91,61.91,59.91,72073
2024-12-19,60.53,60.07,60.6,59.93,49667
2024-12-20,59.66,60.33,61.01,59.58,68554
2024-12-23,60.55,60.89,60.9,60.12,104177
2024-12-24,61.17,61.77,61.77,61.17,16282
2024-12-26,61.76,61.73,61.785,61.495,33199
2024-12-27,61.32,60.86,61.32,60.48,45714
2024-12-30,60.03,60.14,60.49,59.79,105369
2024-12-31,60.33,60.03,60.33,59.75,44700
2025-01-02,59.97,59.59,60.32,59.22,87261
2025-01-03,59.99,60.33,60.3331,59.8,49883
2025-01-06,60.74,60.6,60.96,60.412,55309
2025-01-07,60.91,60.16,60.91,59.87,36249
2025-01-08,60.1,59.99,60.1,59.68,100285
2025-01-10,59.93,59.32,59.93,58.98,99614
2025-01-13,58.75,59.3,59.35,58.75,64935
2025-01-14,59.59,59.0754,59.59,58.845,62108
2025-01-15,59.89,60.41,60.455,59.76,54684
2025-01-16,60.52,59.93,60.5205,59.93,64723
2025-01-17,60.37,60.58,60.76,60.365,148303
2025-01-21,60.91,61.03,61.03,60.61,70211
2025-01-22,61.62,61.39,61.62,61.36,65330
2025-01-23,61.39,61.85,61.85,61.39,105315
2025-01-24,61.8,61.75,62.0,61.64,95157
2025-01-27,60.56,61.4,61.4,60.56,71222
2025-01-28,61.51,61.82,61.905,61.17,73034
2025-01-29,61.72,61.63,61.7599,61.378,55646
2025-01-30,62.03,62.0821,62.3101,61.73,67067
2025-01-31,62.5091,61.89,62.74,61.89,404687
2025-02-03,60.93,61.91,62.025,60.93,64282
2025-02-04,61.9,62.29,62.36,61.71,36543
2025-02-05,62.1,62.47,62.51,61.91,49493
2025-02-06,62.52,62.68,62.86,62.42,46727
2025-02-07,62.79,62.0516,62.88,62.035,63461
2025-02-10,62.42,62.43,62.538,62.2,56712
2025-02-11,62.33,62.4298,62.545,62.17,65128
2025-02-12,62.1,62.4,62.5,62.025,85514
2025-02-13,62.69,63.13,63.13,62.44,31195
2025-02-14,63.1184,63.0,63.1307,62.955,150958
2025-02-18,63.1,62.91,63.1,62.61,1664465
2025-02-19,62.86,63.0523,63.08,62.6,61075
2025-02-20,62.69,62.39,62.74,62.2119,55927
2025-02-21,62.38,61.25,62.38,61.25,129248
2025-02-24,61.44,60.97,61.6633,60.86,52967
2025-02-25,60.92,60.81,60.92,60.19,46571
2025-02-26,60.81,60.67,61.1662,60.47,101713
2025-02-27,60.92,59.74,61.06,59.74,77777
2025-02-28,59.7,60.86,60.93,59.52,272534
2025-03-03,60.96,59.79,61.17,59.39,84419
2025-03-04,59.18,58.85,59.6961,58.38,96514
2025-03-05,58.98,59.5,59.7184,58.51,154225
2025-03-06,58.78,58.2137,59.13,57.98,105314
2025-03-07,58.05,58.13,58.41,57.09,194566
2025-03-10,57.06,56.37,57.28,55.8525,121660
2025-03-11,56.09,56.13,56.74,55.6866,67477
2025-03-12,56.75,56.66,57.02,56.06,286302
2025-03-13,56.63,55.715,56.63,55.575,47082
2025-03-14,56.15,56.86,56.93,56.15,43911
2025-03-17,56.79,57.12,57.5256,56.79,163863
2025-03-18,57.12,56.63,57.12,56.39,157170
2025-03-19,56.93,57.31,57.66,56.685,120798
2025-03-20,57.01,57.28,57.78,56.92,189752
2025-03-21,56.78,57.36,57.54,56.78,68276
2025-03-24,58.19,58.54,58.6,58.19,49794
2025-03-25,58.76,58.72,58.77,58.48,180941
2025-03-26,58.74,57.89,58.77,57.74,167593
2025-03-27,57.97,57.84,58.24,57.61,115367
2025-03-28,57.72,56.58,57.72,56.5,44410
2025-03-31,55.87,56.78,57.09,55.57,74280
2025-04-01,56.65,56.94,57.17,56.34,162452
2025-04-02,56.39,57.34,57.61,56.39,114946
2025-04-03,55.21,54.9,55.665,54.74,140910
2025-04-04,53.51,51.525,53.52,51.525,202496
2025-04-07,49.52,51.54,53.2,49.0114,631719
2025-04-08,53.69,50.94,53.86,50.22,185429
2025-04-09,50.52,55.45,55.92,50.52,208908
2025-04-10,54.7,53.86,54.77,52.4,181030
2025-04-11,53.77,54.82,54.965,53.55,68475
