2019-01-11,65.921895,65.921895,65.921895,65.921895,8
2019-01-14,62.921549,62.921549,62.921549,62.921549,104
2019-01-22,60.006927,60.006927,60.006927,60.006927,560
2019-02-05,54.863476,54.863476,54.863476,54.863476,104
2019-02-20,59.149685,59.149685,59.149685,59.149685,8
2019-04-03,49.720025,49.720025,49.720025,49.720025,8
2019-04-08,53.148992,53.148992,53.148992,53.148992,8
2019-07-23,53.577613,53.577613,53.577613,53.577613,80
2019-07-29,NaN,53.577613,NaN,NaN,0
2019-07-30,NaN,53.577613,NaN,NaN,0
2019-08-23,NaN,53.577613,NaN,NaN,0
2019-09-03,48.691335,52.463199,52.463199,48.691335,16
2019-09-16,NaN,52.463199,NaN,NaN,0
2019-11-01,37.205152,37.205152,37.205152,37.205152,80
2019-12-27,31.96449,41.147607,41.147607,31.96449,274
2019-12-30,48.005541,38.575881,76.3631,37.375743,4610
2019-12-31,38.575881,40.256075,40.256075,32.575189,1278
2020-01-02,37.135715,38.541592,38.541592,37.032846,305
2020-01-03,NaN,38.541592,NaN,NaN,17
2020-01-06,NaN,38.541592,NaN,NaN,36
2020-01-07,NaN,38.541592,NaN,NaN,5
2020-01-08,NaN,38.541592,NaN,NaN,15
2020-01-09,NaN,38.541592,NaN,NaN,10
2020-01-10,NaN,38.541592,NaN,NaN,6
2020-01-13,NaN,38.541592,NaN,NaN,0
2020-01-15,NaN,38.541592,NaN,NaN,14
2020-01-16,33.023698,33.023698,33.023698,33.023698,22
2020-01-17,NaN,33.023698,NaN,NaN,24
2020-01-21,NaN,33.023698,NaN,NaN,8
2020-01-22,NaN,33.023698,NaN,NaN,20
2020-01-23,NaN,33.023698,NaN,NaN,0
2020-01-24,NaN,33.023698,NaN,NaN,3
2020-01-27,NaN,33.023698,NaN,NaN,5
2020-01-29,NaN,33.023698,NaN,NaN,10
2020-01-30,29.31767,30.826415,30.826415,26.711655,61
2020-01-31,24.962881,27.260289,27.260289,24.962881,59
2020-02-03,NaN,27.260289,NaN,NaN,1
2020-02-04,27.774635,27.774635,27.774635,27.774635,110
2020-02-05,NaN,27.774635,NaN,NaN,20
2020-02-06,NaN,27.774635,NaN,NaN,0
2020-02-10,30.552098,26.008374,30.552098,26.008374,1420
2020-02-11,NaN,26.008374,NaN,NaN,0
2020-02-13,NaN,26.008374,NaN,NaN,17
2020-02-14,NaN,26.008374,NaN,NaN,12
2020-02-18,NaN,26.008374,NaN,NaN,0
2020-02-19,NaN,26.008374,NaN,NaN,18
2020-02-21,NaN,26.008374,NaN,NaN,0
2020-02-27,NaN,26.008374,NaN,NaN,1
2020-02-28,NaN,26.008374,NaN,NaN,0
2020-03-02,23.831322,20.608093,23.831322,20.608093,219
2020-03-03,NaN,20.608093,NaN,NaN,11
2020-03-04,20.9167,20.9167,20.9167,20.9167,202
2020-03-05,NaN,20.9167,NaN,NaN,1
2020-03-06,20.402355,20.402698,20.402698,20.402355,408
2020-03-09,NaN,20.402698,NaN,NaN,5
2020-03-10,21.088148,20.402698,21.088148,21.088148,20
2020-03-12,NaN,20.402698,NaN,NaN,1
2020-03-13,20.402355,18.653582,20.402355,18.653582,70
2020-03-16,19.613693,19.613693,19.613693,19.613693,44
2020-03-17,18.85932,20.573803,20.573803,18.85932,93
2020-03-19,15.667637,15.667637,15.667637,15.667637,405
2020-03-20,NaN,15.667637,NaN,NaN,0
2020-03-23,NaN,15.667637,NaN,NaN,0
2020-03-24,NaN,15.667637,NaN,NaN,0
2020-03-25,NaN,15.667637,NaN,NaN,0
2020-03-27,NaN,15.667637,NaN,NaN,0
2020-03-30,NaN,15.667637,NaN,NaN,0
2020-03-31,NaN,15.667637,NaN,NaN,0
2020-04-01,NaN,15.667637,NaN,NaN,0
2020-04-06,NaN,15.667637,NaN,NaN,0
2020-04-07,NaN,15.667637,NaN,NaN,0
2020-04-09,NaN,15.667637,NaN,NaN,0
2020-04-13,14.744559,14.744559,14.744559,14.744559,30
2020-04-17,NaN,14.744559,NaN,NaN,0
2020-04-20,NaN,14.744559,NaN,NaN,0
2020-04-27,NaN,14.744559,NaN,NaN,2
2020-04-28,NaN,14.744559,NaN,NaN,8
2020-04-29,NaN,14.744559,NaN,NaN,9
2020-04-30,NaN,14.744559,NaN,NaN,6
2020-05-04,NaN,14.744559,NaN,NaN,0
2020-05-05,15.910408,15.944698,17.144836,15.910408,791
2020-05-06,15.087456,13.715869,15.087456,13.715869,243
2020-05-07,13.784448,13.784448,13.784448,13.784448,46
2020-05-08,20.573803,15.67038,20.573803,14.916007,10307
2020-05-11,17.144836,15.567511,17.144836,15.258904,3509
2020-05-12,14.6074,14.401662,14.744559,13.372972,832
2020-05-13,15.121745,14.67598,15.121745,14.67598,193
2020-05-14,14.675637,13.613,16.245761,13.613,421
2020-05-15,13.613,13.613,14.195581,13.54785,396
2020-05-18,14.821368,14.821368,14.821368,14.821368,304
2020-05-19,16.047567,17.144836,18.82503,15.633004,6460
2020-05-20,17.076257,17.453443,17.899209,16.715872,276
2020-05-21,15.773249,17.83063,17.83063,15.773249,732
2020-05-22,15.560653,17.089973,17.83063,15.560653,1113
2020-05-26,17.933499,17.295368,17.933499,17.213415,389
2020-05-27,16.143578,16.459043,16.459043,16.143578,707
2020-05-28,15.533222,16.459043,16.630491,15.533222,1315
2020-05-29,16.459043,15.430353,17.179126,15.2253,331
2020-06-01,14.813138,15.5922,15.5922,14.813138,141
2020-06-02,15.75919,15.75919,15.75919,15.75919,73
2020-06-03,17.316285,17.487733,17.487733,17.316285,112
2020-06-04,18.85932,17.076257,18.85932,16.116146,268
2020-06-05,15.520877,16.115803,16.116146,15.464642,512
2020-06-08,16.116146,16.116146,16.116146,16.116146,52
2020-06-09,17.144836,21.876811,25.682965,17.076257,4299
2020-06-10,25.374357,27.397448,49.939822,23.179818,19851
2020-06-11,29.180511,25.13433,34.289672,23.316977,6634
2020-06-12,30.792126,28.631876,41.2155,27.432081,16306
2020-06-15,31.40934,29.002548,34.56399,28.940483,2734
2020-06-16,25.717254,27.432081,30.037753,22.768342,4080
2020-06-17,24.860012,24.894645,27.260289,24.002771,1655
2020-06-18,23.899902,23.694164,27.260289,23.214108,1063
2020-06-19,24.002771,27.431738,30.620677,23.659874,4690
2020-06-22,30.517808,25.717254,30.517808,25.717254,958
2020-06-23,28.734745,27.431738,29.934541,24.928592,1657
2020-06-24,29.146221,26.954768,34.221093,26.954768,21144
2020-06-25,28.871904,25.682965,28.871904,24.517116,7869
2020-06-26,26.711655,23.660217,26.711655,23.111239,7391
2020-06-29,23.865612,23.659874,25.305778,23.214451,4943
2020-06-30,24.308292,23.35161,24.688221,23.35161,2216
2020-07-01,24.10564,22.905501,24.10564,20.573803,4195
2020-07-02,24.345667,23.728453,25.374357,22.593465,2944
2020-07-06,25.340068,24.242798,25.340068,23.038202,3102
2020-07-07,22.597237,22.494025,22.960022,21.653928,1870
2020-07-08,23.762743,21.671073,24.47151,21.636783,8252
2020-07-09,21.705363,21.259597,23.151358,20.488079,4301
2020-07-10,20.608093,21.568547,21.773942,20.573803,4029
2020-07-13,21.773942,20.230907,21.773942,19.459389,4314
2020-07-14,20.230907,20.556659,21.362466,19.339375,3851
2020-07-15,20.899555,32.712347,63.401604,20.899555,489300
2020-07-16,27.431738,25.922992,30.723546,25.100383,110655
2020-07-17,25.202909,25.340068,25.682965,24.002771,26813
2020-07-20,23.968481,23.625584,24.002771,21.602494,26316
2020-07-21,22.322577,24.242798,27.431738,22.322577,95929
2020-07-22,23.590952,23.41436,24.757143,22.288287,18118
2020-07-23,24.688564,24.277088,28.700456,22.460078,108788
2020-07-24,23.522715,32.575189,32.575189,22.802632,134607
2020-07-27,25.717254,26.060151,30.38065,25.031461,95956
2020-07-28,25.648675,26.66022,28.117531,25.237199,38566
2020-07-29,26.231599,27.363158,28.837614,26.231599,36644
2020-07-30,26.780234,25.888703,26.780234,25.717254,27972
2020-07-31,25.888703,25.305778,26.258345,24.928592,26072
2020-08-03,25.682965,25.923335,27.774635,24.928592,43134
2020-08-04,26.437337,26.745944,28.803325,26.060151,67912
2020-08-05,26.951682,33.775327,38.987357,26.900248,457220
2020-08-06,30.860705,35.59268,38.164405,29.420539,192069
2020-08-07,34.083934,35.935577,38.507302,33.672458,132021
2020-08-10,37.71864,38.095826,41.935926,36.556905,123466
2020-08-11,37.71864,35.661259,47.182589,33.912486,272716
2020-08-12,35.661259,35.146914,37.375743,34.975466,46572
2020-08-13,34.56399,34.323962,34.941176,33.43243,27043
2020-08-14,35.318362,37.032846,38.28339,34.221093,78948
2020-08-17,36.278473,35.764128,36.998556,35.489811,29647
2020-08-18,35.5241,35.352652,36.175604,34.824591,16076
2020-08-19,35.59268,36.347053,37.890088,34.632569,36367
2020-08-20,36.038446,35.5241,36.65566,35.318362,22888
2020-08-21,35.112624,35.438376,36.038446,34.941176,16428
2020-08-24,35.489811,33.089534,35.88277,32.266582,38301
2020-08-25,33.638169,33.50101,34.087363,32.868708,8361
2020-08-26,33.43243,33.878196,40.118917,32.746637,117348
2020-08-27,33.329561,30.963574,33.329561,29.489118,43978
2020-08-28,31.306471,30.792126,32.097876,30.258578,13428
2020-08-31,31.306471,29.489118,31.512209,29.31767,21753
2020-09-01,29.660567,29.077642,30.689257,28.460428,35643
2020-09-02,29.797725,29.489118,30.860705,28.974773,17233
2020-09-03,29.763436,28.151821,30.346017,27.123131,35790
2020-09-04,28.357559,28.631876,28.871904,26.574496,19194
2020-09-08,28.117531,25.991572,29.557698,24.935107,35892
2020-09-09,26.883103,25.922992,27.911793,25.717254,20195
2020-09-10,26.334468,25.580096,27.637476,25.168619,20550
2020-09-11,25.751544,22.116839,26.271718,21.019569,71342
2020-09-14,22.802632,24.139929,25.031118,21.773942,70181
2020-09-15,24.585695,22.734053,24.688564,22.01397,37305
2020-09-16,22.97408,23.797033,25.374357,22.871554,60436
2020-09-17,23.591295,23.385557,24.279831,22.631184,14071
2020-09-18,23.659874,23.968481,24.414247,23.214108,19732
2020-09-21,22.665473,22.631184,23.282687,21.636783,22564
2020-09-22,22.802632,22.665473,23.145529,21.671073,18748
2020-09-23,22.494025,21.602494,22.768342,21.602494,9415
2020-09-24,22.30406,21.328176,22.30406,21.156728,15122
2020-09-25,21.225307,21.705363,22.288287,20.9167,11769
2020-09-28,22.01397,21.962535,23.111239,21.773942,12734
2020-09-29,22.116839,21.94539,22.97408,21.465335,5147
2020-09-30,21.94539,22.494025,22.97408,21.465335,8909
2020-10-01,22.459735,21.499625,25.13433,21.156728,95110
2020-10-02,21.122438,20.9167,21.636783,20.779541,23272
2020-10-05,21.431045,21.225307,22.219365,21.088148,7793
2020-10-06,21.259597,21.602494,22.939791,21.259597,22673
2020-10-07,22.151128,21.876811,22.288287,21.774285,5823
2020-10-08,21.97968,21.842521,22.459735,21.602494,14124
2020-10-09,22.836922,22.322577,23.968481,22.288287,27095
2020-10-12,23.076949,22.631184,23.094094,22.053403,5482
2020-10-13,22.151128,21.465335,22.905501,21.431045,14648
2020-10-14,22.116839,21.499625,22.116839,21.499625,4250
2020-10-15,21.431045,21.396756,21.431045,20.985279,5083
2020-10-16,21.259597,21.156728,22.802632,21.019569,20212
2020-10-19,21.911101,21.122438,21.911101,21.088148,6502
2020-10-20,21.465335,20.9167,22.185418,20.745252,36519
2020-10-21,21.019912,21.088148,23.454136,20.933845,134930
2020-10-22,21.088148,20.985279,21.705363,20.710962,17667
2020-10-23,21.122438,21.465335,22.253997,21.088148,14532
2020-10-26,21.328176,20.573803,21.698505,20.333776,30071
2020-10-27,20.9167,19.647982,21.191017,19.305086,12617
2020-10-28,19.407955,17.864919,19.442244,17.76205,19181
2020-10-29,17.624892,18.002078,18.387151,17.624892,11211
2020-10-30,18.173526,17.453443,18.482133,17.144836,12466
2020-11-02,17.864919,17.590602,20.368065,17.419154,35160
2020-11-03,17.83063,17.899209,18.379264,17.83063,5974
2020-11-04,17.933499,18.070657,19.270796,17.933499,8307
2020-11-05,18.413554,18.756451,18.996478,18.113176,4966
2020-11-06,18.619292,18.070657,18.901496,18.036368,5421
2020-11-09,18.344975,18.585002,19.403154,18.190671,11972
2020-11-10,18.550713,18.996478,19.407955,18.550713,2845
2020-11-11,19.099347,19.099347,20.059458,18.66044,9770
2020-11-12,19.750851,20.059458,20.230907,19.339375,5641
2020-11-13,19.819431,19.750851,20.025169,19.065058,3478
2020-11-16,20.025169,19.716562,20.195931,19.716562,4738
2020-11-17,19.990879,20.470934,20.9167,19.442244,27725
2020-11-18,20.059458,19.613693,20.059458,19.373665,17808
2020-11-19,19.579403,19.613693,19.908584,19.030768,9884
2020-11-20,19.819431,20.402355,20.9167,19.545113,29696
2020-11-23,20.9167,22.185418,22.58935,20.88241,54135
2020-11-24,22.151128,20.9167,22.265656,20.368065,24209
2020-11-25,21.225307,21.431045,21.705363,20.265196,11042
2020-11-27,21.671073,20.813831,21.671073,20.710962,6263
2020-11-30,21.602494,21.842521,22.288287,21.259597,10539
2020-12-01,21.773942,21.019569,22.528315,20.573803,17944
2020-12-02,21.225307,20.88241,21.362466,19.442244,19764
2020-12-03,20.608093,20.436645,20.848121,20.059458,7419
2020-12-04,20.556659,19.990879,20.745252,19.407955,11210
2020-12-07,19.990879,19.373665,22.322577,18.85932,98341
2020-12-08,19.510824,18.927899,20.88241,18.379264,65256
2020-12-09,18.893609,18.550713,18.893609,18.276395,12492
2020-12-10,19.030768,19.133637,19.510824,18.447844,17454
2020-12-11,19.099347,18.893609,19.373665,18.585002,8384
2020-12-14,18.927899,18.756451,19.716562,18.619292,9390
2020-12-15,18.964246,18.79074,19.167927,18.207816,9582
2020-12-16,19.545113,20.9167,21.256854,19.17067,132221
2020-12-17,20.642383,22.802632,26.094441,19.750851,253271
2020-12-18,22.631184,21.499625,23.282687,21.019569,96486
2020-12-21,20.573803,20.95099,22.151128,20.162327,41197
2020-12-22,20.88241,21.053859,21.328176,20.299829,35714
2020-12-23,21.225307,21.499625,21.911101,20.436645,78451
2020-12-24,21.602494,20.716448,21.619638,20.502824,14253
2020-12-28,21.225307,21.97968,22.151128,20.88241,55314
2020-12-29,22.322577,26.16302,36.792818,20.95099,1258684
2020-12-30,23.145529,23.865612,25.202909,23.145529,114245
2020-12-31,25.271488,24.311378,25.951796,24.07135,32193
2021-01-04,23.454136,21.533914,23.488426,21.19136,54780
2021-01-05,21.465335,21.636783,22.836922,21.465335,21087
2021-01-06,21.568204,21.97968,25.374357,21.293886,128924
2021-01-07,21.97968,22.596894,23.145529,21.671073,39199
2021-01-08,22.425446,24.242798,25.511516,22.082549,158973
2021-01-11,24.448536,24.002771,26.643075,23.454136,123112
2021-01-12,24.139929,25.614385,28.391849,23.865612,339985
2021-01-13,26.334468,24.551405,27.088841,24.03706,190488
2021-01-14,24.654274,23.694164,25.168619,23.659874,96688
2021-01-15,23.934191,23.282687,24.277088,22.871211,48476
2021-01-19,23.351267,22.802632,24.002771,22.391156,56002
2021-01-20,23.076949,22.596894,23.076949,22.01397,23562
2021-01-21,22.939791,22.97408,24.277088,22.631184,53909
2021-01-22,22.905501,22.905501,23.316977,22.356866,26163
2021-01-25,22.631184,23.00837,25.271488,21.431045,173757
2021-01-26,23.488426,22.802632,23.865612,22.631184,29523
2021-01-27,22.494025,22.219708,22.939791,21.780457,56812
2021-01-28,22.665473,21.911101,23.419846,21.808232,22244
2021-01-29,22.905501,21.911101,23.303947,21.602494,30971
2021-02-01,22.631184,24.242798,24.688564,22.631184,55320
2021-02-02,23.797033,23.728453,24.928592,23.419846,28262
2021-02-03,24.002771,23.934191,26.745944,23.385557,79664
2021-02-04,24.585695,24.03706,24.615527,23.557005,28198
2021-02-05,24.448536,24.242798,24.585695,23.522715,20150
2021-02-08,24.825723,25.854413,27.260289,24.791433,198749
2021-02-09,25.991572,26.471627,27.083698,25.202909,102141
2021-02-10,26.745944,27.431738,29.111932,25.751544,265744
2021-02-11,27.706055,30.449229,32.540899,26.403048,212084
2021-02-12,29.866305,36.107025,37.272874,29.660567,413814
2021-02-16,36.004156,37.924378,39.433123,35.969866,132758
2021-02-17,37.581481,36.415632,37.82288,33.43243,93130
2021-02-18,35.59268,35.112624,35.91466,34.323962,35388
2021-02-19,35.489811,36.072735,36.895687,33.981065,114738
2021-02-22,34.666859,33.123823,35.318362,32.986665,41578
2021-02-23,32.198002,30.003463,32.198002,26.951682,94425
2021-02-24,30.174912,28.837614,31.855106,28.837614,65346
2021-02-25,29.077642,24.928592,30.220517,24.928592,91335
2021-02-26,26.265889,25.648675,26.574496,25.340068,66498
2021-03-01,26.848813,25.785834,27.088841,24.894302,42826
2021-03-02,25.888703,24.757143,26.368758,24.654274,51407
2021-03-03,24.962881,22.734053,25.785834,22.699763,68795
2021-03-04,23.145529,19.545113,23.24394,19.030768,98451
2021-03-05,20.95099,20.059458,22.459735,18.687871,231546
2021-03-08,20.402355,20.265196,21.602494,20.093748,56049
2021-03-09,20.676672,21.876811,22.347265,20.676672,82956
2021-03-10,21.842521,21.602494,22.425446,21.122781,36278
2021-03-11,21.94539,23.454136,25.092153,21.671073,95337
2021-03-12,23.00837,22.596894,24.345667,21.97968,111646
2021-03-15,22.734053,24.002771,24.825723,22.494025,183277
2021-03-16,24.791433,24.03706,27.226,23.145529,267445
2021-03-17,23.625584,27.328869,31.169312,22.631184,1273440
2021-03-18,26.454482,44.919471,54.177682,24.688564,8906040
2021-03-19,39.445125,37.067136,45.948161,35.558733,3557310
2021-03-22,35.195263,42.519194,47.628355,32.986665,5315226
2021-03-23,41.421924,35.044045,43.204987,33.226692,1211986
2021-03-24,36.929977,70.362408,76.808866,33.603879,17245720
2021-03-25,48.754085,48.897073,56.406511,46.633954,3157657
2021-03-26,51.331639,52.257461,71.836863,50.783005,6370941
2021-03-29,59.217578,56.166483,64.978929,53.594758,2647147
2021-03-30,56.749408,51.434508,62.338624,49.514287,1961771
2021-03-31,52.600357,49.1371,55.339416,47.799803,753123
2021-04-01,47.11401,46.256768,54.692027,45.228078,1202316
2021-04-05,46.428216,45.913871,49.479997,43.547884,686170
2021-04-06,45.365236,43.067828,46.428216,42.89638,498748
2021-04-07,42.89638,37.410032,43.204987,37.204294,440238
2021-04-08,38.473012,37.65006,41.696242,37.032846,415808
2021-04-09,38.164405,36.175604,39.638861,34.804017,519674
2021-04-12,36.724239,34.56399,37.855798,33.809617,388660
2021-04-13,34.118224,31.957975,34.505697,31.237891,371806
2021-04-14,32.40374,34.632569,39.193095,31.580788,1808141
2021-04-15,34.323962,32.095133,34.941176,31.719318,383683
2021-04-16,32.163713,30.997864,33.706748,29.146221,407799
2021-04-19,30.860705,29.969174,31.872593,29.146221,215085
2021-04-20,29.660567,29.214801,31.477919,28.460428,203564
2021-04-21,29.557698,30.963574,31.717947,28.974773,227649
2021-04-22,30.929284,31.992264,35.59268,29.729146,534911
2021-04-23,31.992264,34.118224,36.415632,31.855448,550999
2021-04-26,34.735438,35.318362,36.827108,34.118224,258038
2021-04-27,35.318362,33.878196,36.964267,33.43243,329657
2021-04-28,33.603879,32.163713,34.118224,31.889395,132646
2021-04-29,32.575189,33.43243,33.912486,31.717947,265243
2021-04-30,31.032153,29.763436,31.786526,29.24909,229285
2021-05-03,30.277781,28.666166,30.860705,28.597587,89290
2021-05-04,27.808924,27.877504,29.660567,27.020262,329710
2021-05-05,28.460428,27.877504,29.386249,27.579526,77418
2021-05-06,27.946083,27.15742,29.386249,26.505917,289900
2021-05-07,27.363158,26.848813,28.151821,25.888703,104689
2021-05-10,27.054551,25.202909,27.088841,24.860012,200672
2021-05-11,24.174219,24.962881,26.094441,23.488426,212232
2021-05-12,25.13433,24.894302,26.300179,24.414247,78975
2021-05-13,24.962881,24.002771,25.65759,23.797033,51011
2021-05-14,24.448536,25.477227,26.231599,24.174219,69712
2021-05-17,25.682965,26.16302,26.368758,24.962881,62741
2021-05-18,26.334468,25.820123,26.540206,25.44328,31834
2021-05-19,25.06575,25.477227,25.957282,24.722854,60246
2021-05-20,25.374357,25.957282,26.540206,25.168619,114227
2021-05-21,26.060151,25.305778,26.19731,24.733484,44892
2021-05-24,25.545806,25.237199,25.717254,24.345667,49107
2021-05-25,25.614385,25.477227,26.437337,24.791433,70663
2021-05-26,26.060151,28.083242,28.597587,25.923335,185964
2021-05-27,27.877504,26.574496,27.877504,26.403048,55121
2021-05-28,26.677365,26.883103,27.397448,26.025861,70088
2021-06-01,27.123131,29.111932,29.660567,26.403048,272019
2021-06-02,28.803325,27.260289,29.111932,26.711655,107475
2021-06-03,27.088841,26.437337,28.083242,26.300179,151084
2021-06-04,26.608786,26.711655,27.260289,26.420193,54288
2021-06-07,26.368758,28.28898,30.414939,26.368758,427509
2021-06-08,28.2204,28.700456,28.974773,27.466028,80908
2021-06-09,28.494718,29.660567,30.792126,28.25469,240873
2021-06-10,29.557698,28.357559,30.140622,27.911793,142626
2021-06-11,29.146221,28.803325,29.489118,28.2204,59304
2021-06-14,28.631876,28.700456,29.832015,27.946426,51079
2021-06-15,29.146221,27.260289,29.146221,27.123131,93681
2021-06-16,27.363158,27.294579,27.946083,26.471627,43961
2021-06-17,27.038435,26.574496,27.431738,25.888703,54098
2021-06-18,26.300179,26.265889,27.15742,25.785834,46889
2021-06-21,26.231599,25.751544,26.448653,25.031804,97734
2021-06-22,25.854413,25.10004,26.300179,24.534261,123406
2021-06-23,25.340068,26.025861,26.334468,24.928935,69455
2021-06-24,26.094441,26.094441,26.505917,25.785834,23935
2021-06-25,26.12873,26.265889,26.334468,25.648675,19709
2021-06-28,25.957282,25.614385,26.811095,25.202909,44299
2021-06-29,25.717254,24.654274,26.368758,24.551405,131907
2021-06-30,24.757143,24.585695,24.962881,24.174219,33612
2021-07-01,24.277088,23.659874,24.962881,23.385557,96669
2021-07-02,24.208509,23.248398,24.277088,22.97408,31618
2021-07-06,23.865612,23.865612,24.174219,23.316977,31756
2021-07-07,24.174219,23.728453,24.414247,23.35161,37230
2021-07-08,23.797033,22.836922,23.797033,22.631184,37859
2021-07-09,23.316977,24.654274,26.403048,23.316977,255309
2021-07-12,24.860012,24.242798,25.13433,23.694164,46311
2021-07-13,23.968481,24.03706,25.682965,23.625584,132792
2021-07-14,24.414247,23.728453,24.997171,23.385557,50887
2021-07-15,23.659874,23.282687,24.997171,23.00837,152189
2021-07-16,23.557005,23.145529,23.878642,22.699763,44228
2021-07-19,22.905501,22.939791,23.865612,22.322577,62546
2021-07-20,22.97408,22.596894,23.625584,22.459735,82397
2021-07-21,23.214108,23.419846,23.797033,22.905501,58457
2021-07-22,23.351267,23.282687,24.10564,22.802632,45442
2021-07-23,23.076949,22.425446,23.145529,22.185418,32834
2021-07-26,23.00837,23.522715,23.934191,22.596894,94206
2021-07-27,23.282687,23.00837,23.385557,22.528315,30578
2021-07-28,22.939791,23.419846,23.488426,22.699763,39352
2021-07-29,23.419846,23.454136,23.659874,23.179818,15203
2021-07-30,23.145529,23.454136,23.522715,23.00837,18244
2021-08-02,23.728453,23.831322,24.311378,23.216851,79871
2021-08-03,23.625584,23.04266,23.899902,22.794745,19882
2021-08-04,23.385557,23.111239,24.345667,22.631184,96675
2021-08-05,23.145529,23.111239,23.488426,22.802632,36199
2021-08-06,23.316977,22.836922,23.762743,22.768342,70448
2021-08-09,22.734053,23.179818,24.002771,22.459735,195797
2021-08-10,23.179818,22.151128,23.351267,21.911101,104333
2021-08-11,22.322577,21.842521,22.442591,21.259597,58242
2021-08-12,21.602494,21.293886,22.01397,21.019569,68668
2021-08-13,21.636783,20.779541,21.839092,20.265196,31771
2021-08-16,21.225307,21.019569,21.328176,20.268625,32638
2021-08-17,21.739652,20.779541,21.739652,20.402355,87774
2021-08-18,21.088148,21.499625,24.139586,20.642383,132551
2021-08-19,21.088148,21.259597,21.842521,21.053859,26442
2021-08-20,21.602494,21.739652,22.116839,21.156728,33182
2021-08-23,21.94539,22.356866,22.667531,21.94539,32436
2021-08-24,22.288287,23.316977,25.717254,22.01397,604948
2021-08-25,23.454136,24.174219,25.511516,22.288287,334889
2021-08-26,24.002771,23.659874,25.340068,23.351267,148292
2021-08-27,23.831322,24.345667,24.757143,23.351267,115371
2021-08-30,24.688564,27.534607,30.689257,24.07135,1600118
2021-08-31,27.397448,27.843214,28.529007,25.374357,548123
2021-09-01,27.671766,26.094441,28.769035,25.614385,529124
2021-09-02,25.922992,24.585695,27.15742,24.277088,288640
2021-09-03,24.791433,24.139929,24.825723,23.867326,69039
2021-09-07,24.345667,24.791433,25.13433,24.174219,114832
2021-09-08,24.962881,28.2204,29.111932,24.860012,897337
2021-09-09,28.28898,30.037753,32.129423,27.980373,803230
2021-09-10,30.449229,28.151821,31.992264,27.808924,431243
2021-09-13,27.431738,27.431738,29.28338,26.12873,371272
2021-09-14,27.466028,26.025861,28.151821,25.374357,153844
2021-09-15,26.16302,27.088841,27.466028,25.511516,202943
2021-09-16,27.637476,28.666166,29.28338,27.363158,187543
2021-09-17,28.769035,28.014662,29.351959,27.568897,207759
2021-09-20,26.094441,24.208509,26.831669,23.699307,261296
2021-09-21,24.654274,22.802632,24.812007,22.363724,211768
2021-09-22,23.387271,23.316977,24.311378,23.179818,269877
2021-09-23,23.214108,25.031461,25.031461,23.145529,163207
2021-09-24,24.482826,23.831322,25.031118,23.694164,81565
2021-09-27,23.762743,24.139929,24.860012,23.351267,92395
2021-09-28,23.522715,23.316977,24.002771,22.734053,113448
2021-09-29,23.214108,21.259597,23.454136,20.88241,161933
2021-09-30,21.718393,21.431045,22.288287,20.95099,88780
2021-10-01,21.602494,20.745252,21.94539,19.647982,91727
2021-10-04,20.779541,20.436645,20.9167,19.85372,57266
2021-10-05,21.191017,20.608093,21.259597,20.059458,60067
2021-10-06,20.265196,21.053859,21.259597,20.162327,83134
2021-10-07,21.259597,21.465335,21.773942,20.813831,43695
2021-10-08,21.602494,21.431045,21.602494,21.088148,18948
2021-10-11,20.9167,20.9167,22.459735,20.88241,83163
2021-10-12,21.225307,20.299486,21.225307,19.956589,87986
2021-10-13,20.436645,21.122438,21.94539,20.196617,100737
2021-10-14,22.116839,20.745252,22.151128,20.608093,89606
2021-10-15,20.779541,20.196617,20.9167,20.059458,58933
2021-10-18,20.436645,20.128038,20.538142,19.647982,77160
2021-10-19,20.059458,20.402355,21.053859,20.059458,83063
2021-10-20,20.710962,20.608093,21.259254,20.265196,74105
2021-10-21,20.88241,20.402355,20.9167,20.093748,27939
2021-10-22,21.431045,20.299486,21.876468,19.579403,274511
2021-10-25,20.230907,22.836922,23.316977,20.128038,419713
2021-10-26,22.461107,20.813831,22.540659,20.676672,152530
2021-10-27,20.745252,20.368065,20.938645,20.128038,106693
2021-10-28,20.642383,20.779541,21.808232,20.470934,123520
2021-10-29,20.779541,20.505224,21.428988,20.299486,124412
2021-11-01,20.813831,20.848121,21.259597,20.402355,87720
2021-11-02,20.710962,20.95099,23.488426,20.402355,473660
2021-11-03,20.813831,20.299486,21.053859,20.265196,134418
2021-11-04,20.539514,19.956589,20.539514,19.613693,132919
2021-11-05,19.990879,19.579403,20.196617,19.030768,114267
2021-11-08,19.545113,19.819431,19.990879,19.202216,80761
2021-11-09,19.716562,20.025169,20.196617,18.85932,191264
2021-11-10,20.553915,19.647982,20.985279,19.236506,195671
2021-11-11,19.442244,19.133637,19.647639,18.927899,62260
2021-11-12,19.133637,20.230907,20.470934,19.065058,197037
2021-11-15,20.128038,19.9223,20.368065,19.697702,37235
2021-11-16,19.819431,20.299486,21.328176,19.545456,179964
2021-11-17,20.128038,19.442244,20.368065,19.407955,62509
2021-11-18,19.545113,18.173526,19.613693,17.899209,94636
2021-11-19,18.242106,18.036368,18.530139,17.847774,73466
2021-11-22,18.344975,16.73336,18.344975,16.596201,132798
2021-11-23,17.144836,16.904808,17.522023,16.596201,109096
2021-11-24,16.904808,17.727761,17.967788,16.561912,52746
2021-11-26,17.213415,17.419154,17.556312,16.801939,21072
2021-11-29,17.419154,17.144836,17.556312,16.904808,62218
2021-11-30,16.939098,16.219015,17.144836,15.978987,94341
2021-12-01,16.253305,16.356174,17.041967,16.01362,40752
2021-12-02,16.561912,16.596201,17.110546,16.219015,31746
2021-12-03,16.561912,15.464642,16.647636,15.057624,64548
2021-12-06,15.430353,15.293194,15.464642,14.539164,62825
2021-12-07,15.498932,15.841829,15.944698,15.430353,34009
2021-12-08,16.219015,16.69907,16.801939,16.171352,24187
2021-12-09,16.73336,16.287594,17.041967,16.184382,27410
2021-12-10,16.836229,16.184725,16.939098,16.04791,20250
2021-12-13,16.287594,15.053166,16.390463,15.053166,40448
2021-12-14,15.430353,15.156035,15.676209,14.676323,18763
2021-12-15,15.087456,15.601801,15.73896,14.693125,22455
2021-12-16,15.601801,14.847428,15.628204,14.744559,18764
2021-12-17,14.504531,14.744559,15.053166,14.401662,16193
2021-12-20,14.744559,14.264504,14.795994,14.195924,33922
2021-12-21,14.538821,14.504531,14.778849,14.267933,27467
2021-12-22,14.573111,14.504531,14.916007,14.333426,27539
2021-12-23,14.470242,14.435952,14.693125,14.127345,22146
2021-12-27,14.401662,14.093055,14.64169,14.024476,36893
2021-12-28,14.093055,13.921607,14.195924,13.613343,34975
2021-12-29,13.853028,13.750159,16.047567,13.372972,365381
2021-12-30,14.264504,13.64729,14.504531,13.510131,104509
2021-12-31,13.510131,13.475841,13.784448,13.235814,54217
2022-01-03,13.887317,13.955897,14.333083,13.304393,137703
2022-01-04,14.710269,14.67598,14.710269,13.918178,68253
2022-01-05,14.367373,14.093055,14.64169,13.848913,33025
2022-01-06,14.230214,14.058766,14.243244,13.47927,67079
2022-01-07,14.778849,14.847428,15.053166,14.367373,52863
2022-01-10,14.230214,14.470242,14.6074,13.990186,21073
2022-01-11,14.504531,14.847428,15.361773,14.401662,51851
2022-01-12,14.847428,15.327484,15.533222,14.619059,40187
2022-01-13,15.773249,14.813138,15.978987,14.401662,224003
2022-01-14,14.435952,13.681579,14.504531,13.57871,47771
2022-01-18,13.900347,13.167234,13.906519,13.030075,57914
2022-01-19,13.235814,12.995786,13.57871,12.721468,51475
2022-01-20,13.201524,12.481441,13.510131,12.275703,77478
2022-01-21,12.275703,12.207123,12.344282,11.624199,65789
2022-01-24,11.589909,11.795647,11.795647,10.835536,44835
2022-01-25,12.104254,11.898516,12.241413,11.62077,27116
2022-01-26,12.207123,11.932806,12.241413,11.624199,32763
2022-01-27,12.001385,11.144143,12.001385,11.041274,28219
2022-01-28,11.109854,11.144143,11.452751,10.853024,17575
2022-01-31,12.481441,12.207123,12.686836,11.178433,444117
2022-02-01,12.035675,12.481441,12.721468,11.7617,71241
2022-02-02,12.687179,11.864227,12.721468,11.624199,43059
2022-02-03,11.658489,11.452751,11.864227,11.418461,24822
2022-02-04,11.624199,11.658489,11.829937,11.315592,25092
2022-02-07,11.829937,12.207123,12.412861,11.795647,33860
2022-02-08,11.932806,11.967096,12.104254,11.589909,22067
2022-02-09,12.138544,11.932806,12.309992,11.795647,12996
2022-02-10,11.727068,11.812792,12.207123,11.658489,14251
2022-02-11,11.692778,11.384171,11.898516,11.075564,23251
2022-02-14,11.109854,11.144143,11.580994,11.006985,8100
2022-02-15,11.55562,11.48704,11.589909,11.247013,21456
2022-02-16,11.589909,11.281302,11.589909,11.212723,13846
2022-02-17,11.041274,10.835536,11.315592,10.664088,10648
2022-02-18,10.972695,11.006985,11.087908,10.629798,12958
2022-02-22,10.629798,10.42406,11.212723,10.355481,29238
2022-02-23,10.629798,10.45835,10.629798,10.184033,15133
2022-02-24,9.772557,10.526929,11.280959,9.635398,119146
2022-02-25,10.732667,11.109854,11.48704,10.543046,97226
2022-02-28,10.938405,10.766957,11.520987,10.664088,48183
2022-03-01,10.664088,9.978295,10.835536,9.978295,26935
2022-03-02,10.184033,9.909715,10.801247,9.806846,40998
2022-03-03,9.841136,9.738267,10.081164,9.498239,34127
2022-03-04,9.635398,9.018184,9.647399,8.778156,31910
2022-03-07,8.640997,8.36668,8.938632,8.33239,32341
2022-03-08,8.743866,9.258212,9.366224,8.503839,169595
2022-03-09,9.601108,9.189632,10.115453,8.915315,106845
2022-03-10,9.018184,8.778156,9.121053,8.503839,42639
2022-03-11,8.983894,8.881025,8.983894,8.743866,21308
2022-03-14,8.778156,8.503839,9.086763,8.33239,52510
2022-03-15,8.778156,8.503839,8.881025,8.130081,30795
2022-03-16,9.018184,8.675287,9.040129,8.136939,89387
2022-03-17,9.121053,9.258212,9.46395,8.901256,35172
2022-03-18,9.086763,9.601108,9.772557,9.086763,34216
2022-03-21,9.42966,9.42966,9.601108,9.086763,67579
2022-03-22,9.326791,9.669688,9.703977,8.983894,107919
2022-03-23,9.635398,9.326791,9.738267,9.258212,36425
2022-03-24,9.326791,9.772557,10.321191,9.292501,154440
2022-03-25,9.944005,9.532529,9.944005,9.121053,48091
2022-03-28,9.39537,9.669688,9.738267,9.326791,34647
2022-03-29,9.875426,9.601108,9.875426,9.39537,23725
2022-03-30,9.42966,9.258212,9.636084,9.086763,28459
2022-03-31,9.223922,8.778156,9.361081,8.778156,30320
2022-04-01,8.812446,9.635398,10.184033,8.812446,134071
2022-04-04,9.498239,9.086763,10.286559,8.743866,394654
2022-04-05,9.086763,8.606708,9.19169,8.538128,64527
2022-04-06,8.503839,8.263811,8.812103,8.126652,71336
2022-04-07,8.298101,7.852335,8.572418,7.475149,86793
2022-04-08,7.989494,7.749466,8.091677,7.612307,32628
2022-04-11,7.612307,7.509438,7.778955,7.406912,18608
2022-04-12,7.578018,7.440859,7.817702,7.33799,20425
2022-04-13,7.475149,7.406569,7.578018,7.33799,17167
2022-04-14,7.543728,7.37228,7.852335,7.200831,21419
2022-04-18,7.37228,7.33799,7.440859,7.029383,9785
2022-04-19,7.37228,7.37228,7.509438,7.200831,15959
2022-04-20,7.37228,7.200831,7.578018,7.063672,29552
2022-04-21,7.200831,6.995093,7.269411,6.926514,10564
2022-04-22,6.960803,6.823645,7.132252,6.617907,11596
2022-04-25,6.686486,6.995093,9.12071,6.617907,1261358
2022-04-26,6.892224,6.034982,7.132252,5.589217,296302
2022-04-27,6.069272,5.692086,6.686486,5.554927,151855
2022-04-28,5.863534,5.760665,6.034982,5.520637,47024
2022-04-29,5.794955,6.000693,6.206431,5.794955,28462
2022-05-02,5.932113,5.897824,5.996921,5.555613,11201
2022-05-03,5.829244,6.000693,6.103562,5.520637,17594
2022-05-04,5.863534,6.24072,6.27501,5.794955,27841
2022-05-05,6.000693,5.829244,6.035325,5.554927,10353
2022-05-06,5.760665,5.829244,5.983548,5.551498,10645
2022-05-09,5.726375,5.24632,5.794955,5.143451,25425
2022-05-10,5.383479,5.143451,5.445543,4.800554,21290
2022-05-11,5.143451,4.937713,5.554927,4.869819,50664
2022-05-12,4.937713,4.731975,5.040582,4.560526,19151
2022-05-13,4.869133,5.040582,5.109161,4.869133,12111
2022-05-16,5.040582,5.109161,5.143451,4.972002,4791
2022-05-17,5.24632,5.194885,5.452058,5.143451,10241
2022-05-18,5.109161,4.972002,5.383479,4.937713,4279
2022-05-19,5.143451,5.143451,5.383479,5.074871,7135
2022-05-20,5.177741,5.143451,5.349189,4.972002,7035
2022-05-23,5.074871,5.24632,5.28061,5.006292,5646
2022-05-24,5.109161,5.109161,5.277181,5.085158,4246
2022-05-25,5.177741,5.143451,5.28061,5.074871,5138
2022-05-26,5.28061,5.314899,5.314899,5.144822,5834
2022-05-27,5.28061,5.417768,5.417768,5.21203,5818
2022-05-31,5.417768,5.452058,5.514808,5.24632,14144
2022-06-01,5.417768,5.623506,5.623506,5.417768,5066
2022-06-02,5.589217,5.486348,5.623506,5.349189,13552
2022-06-03,5.452058,5.589217,5.623506,5.314899,6970
2022-06-06,5.623506,5.383479,5.623506,5.314899,4651
2022-06-07,5.21203,5.109161,5.349189,5.109161,5317
2022-06-08,5.074871,4.972002,5.28061,4.937713,21294
2022-06-09,5.006292,4.834844,5.143451,4.800554,12334
2022-06-10,4.834844,4.800554,5.143451,4.663395,16181
2022-06-13,4.629106,4.471373,4.800554,4.389078,12339
2022-06-14,4.766264,4.354788,4.834844,4.286209,10287
2022-06-15,4.423368,4.457657,4.491947,4.21763,9884
2022-06-16,4.560526,4.389078,4.800554,4.354788,6626
2022-06-17,4.457657,4.21763,4.526237,4.114761,25882
2022-06-21,4.594816,4.21763,4.629106,4.114761,14532
2022-06-22,4.21763,4.560526,4.869133,4.18334,121075
2022-06-23,4.71483,4.303354,4.71483,4.286209,41466
2022-06-24,4.74912,4.646251,4.972002,4.646251,39676
2022-06-27,4.937713,4.869133,4.937713,4.697685,29381
2022-06-28,5.023437,4.594816,5.042639,4.18334,55152
2022-06-29,4.663395,4.509092,4.663395,4.303354,35697
2022-06-30,4.406223,4.269064,4.515607,4.18334,53518
2022-07-01,4.234775,4.131906,4.526237,3.857588,25852
2022-07-05,4.114761,4.080471,4.114761,3.970915,8043
2022-07-06,4.029036,4.114761,4.131906,3.891878,6125
2022-07-07,4.131906,4.174768,4.286209,4.131906,10973
2022-07-08,4.14905,4.200485,4.268893,4.140306,7754
2022-07-11,4.166195,4.21763,4.286209,4.14905,22609
2022-07-12,4.491947,4.286209,4.577671,4.209743,82487
2022-07-13,4.166195,4.286209,4.423368,4.114761,17012
2022-07-14,4.251919,4.131906,4.354788,4.046181,15518
2022-07-15,4.200485,4.097616,4.396107,4.09333,10249
2022-07-18,4.14905,4.131906,4.234775,4.046181,14368
2022-07-19,4.195513,4.200485,4.269064,4.131906,7692
2022-07-20,4.200485,4.346216,4.371933,4.200485,16305
2022-07-21,4.269064,4.234775,4.320499,4.097616,24887
2022-07-22,4.294781,4.251919,4.294781,4.166195,4514
2022-07-25,4.234775,4.089043,4.286209,4.063326,7198
2022-07-26,4.18334,4.011892,4.371933,3.960457,18998
2022-07-27,4.097616,4.097616,4.187112,3.943312,14752
2022-07-28,4.200485,4.200485,4.286209,4.131906,4986
2022-07-29,4.353074,4.286209,4.353074,4.161223,4248
2022-08-01,4.354788,4.320499,4.354788,4.234775,4201
2022-08-02,4.337644,4.337644,4.440513,4.286209,4626
2022-08-03,4.491947,4.380506,4.491947,4.337644,16919
2022-08-04,4.371933,4.509092,4.800554,4.354788,34928
2022-08-05,4.509092,4.526237,4.526237,4.379648,3980
2022-08-08,4.474802,4.577671,4.611961,4.423368,16956
2022-08-09,4.543382,4.491947,4.611961,4.491947,3858
2022-08-10,4.560526,4.406223,4.629106,4.335415,6359
2022-08-11,4.526237,4.594816,4.693056,4.442913,16146
2022-08-12,4.491947,4.509092,4.68054,4.457657,9255
2022-08-15,4.594816,4.457657,4.646251,4.457657,5551
2022-08-16,4.509092,4.423368,4.629106,4.39765,9051
2022-08-17,4.540638,4.423368,4.543382,4.423368,6028
2022-08-18,4.440513,4.491947,4.783409,4.440513,11141
2022-08-19,4.389078,4.200485,4.389078,4.131906,9396
2022-08-22,4.21763,4.320499,4.406223,4.185569,22532
2022-08-23,4.269064,4.166195,4.286209,4.131906,10235
2022-08-24,4.114761,4.046181,4.166195,3.943484,11596
2022-08-25,4.131906,4.080471,4.131906,3.940912,5608
2022-08-26,4.200485,3.926167,4.243347,3.874733,13229
2022-08-29,4.114761,4.063326,4.166195,3.994747,6696
2022-08-30,4.097616,3.960457,4.097616,3.857588,6347
2022-08-31,3.977602,4.166195,4.166195,3.977602,7340
2022-09-01,4.097616,4.200485,4.474802,3.926167,6350
2022-09-02,4.114761,4.200485,4.303525,4.114761,6394
2022-09-06,4.337644,4.046181,4.337644,4.011892,3727
2022-09-07,3.943312,4.020464,4.046181,3.943312,4307
2022-09-08,4.029036,4.046181,4.046181,3.943312,1876
2022-09-09,4.114761,4.18334,4.200485,4.063326,1840
2022-09-12,4.080471,4.303354,4.54321,4.080471,12476
2022-09-13,4.251919,4.114761,4.251919,4.114761,2094
2022-09-14,4.114761,4.080471,4.21763,4.046181,6592
2022-09-15,4.320499,4.14905,4.320499,3.959428,3225
2022-09-16,4.029036,3.909023,4.234775,3.874733,9767
2022-09-19,3.857588,3.840443,3.976573,3.840443,3396
2022-09-20,3.943312,3.720429,3.958743,3.720429,2186
2022-09-21,3.789009,2.897477,3.789009,2.708884,150299
2022-09-22,2.966057,2.828898,3.042008,2.743174,25313
2022-09-23,2.794608,2.571725,2.794608,2.486001,24178
2022-09-26,2.58887,2.519434,2.592985,2.417422,5925
2022-09-27,2.520291,2.469028,2.743174,2.427194,14162
2022-09-28,2.65745,2.631047,2.65745,2.520291,4115
2022-09-29,2.62316,2.571725,2.760319,2.469028,16869
2022-09-30,2.914451,2.65745,2.914451,2.554752,13719
2022-10-03,2.863188,2.760319,2.863188,2.65745,4410
2022-10-04,2.794608,2.811753,2.863188,2.794608,4251
2022-10-05,2.863188,2.846043,2.948912,2.846043,6508
2022-10-06,3.326098,3.068926,3.891878,2.768891,2330520
2022-10-07,3.034636,2.58887,3.034636,2.554581,141316
2022-10-10,2.640305,2.503146,2.640305,2.365987,62845
2022-10-11,2.503146,2.503146,2.571725,2.468856,25283
2022-10-12,2.486001,2.571725,2.612187,2.486001,44480
2022-10-13,3.017491,2.537436,3.15465,2.503146,1325054
2022-10-14,2.554581,2.143105,2.62316,2.023091,313391
2022-10-17,2.143105,2.245974,2.314553,2.074525,152386
2022-10-18,2.228829,2.348843,2.365987,2.228829,30000
2022-10-19,2.348843,2.400277,2.468856,2.186138,59362
2022-10-20,2.383132,2.383132,2.434567,2.280263,17378
2022-10-21,2.297408,2.288836,2.332898,2.228829,7392
2022-10-24,2.383132,2.434567,2.486001,2.348843,28083
2022-10-25,2.537436,2.606015,2.606015,2.486001,27163
2022-10-26,2.58887,2.520291,2.62316,2.503489,17874
2022-10-27,2.468856,2.486001,2.640305,2.468856,6908
2022-10-28,2.486001,2.520291,2.571725,2.468856,10285
2022-10-31,2.520291,2.606015,2.62316,2.486001,14278
2022-11-01,2.606015,2.571725,2.65745,2.526635,5166
2022-11-02,2.503146,2.503146,2.606015,2.486001,15950
2022-11-03,2.528863,2.503146,2.62316,2.468856,8674
2022-11-04,2.606015,2.520291,2.606015,2.451712,4108
2022-11-07,2.520291,2.520462,2.571725,2.434567,6389
2022-11-08,2.606015,2.537436,2.65745,2.520291,8608
2022-11-09,2.62316,2.451712,2.62316,2.417422,7126
2022-11-10,2.58887,2.537436,2.632247,2.480858,8147
2022-11-11,2.726029,2.826155,2.863188,2.708884,42787
2022-11-14,2.846043,2.888905,2.931424,2.691739,11306
2022-11-15,3.017491,2.983373,3.274664,2.983373,44406
2022-11-16,3.103215,2.794608,3.12036,2.760319,12967
2022-11-17,2.760319,2.919423,2.948912,2.760319,6764
2022-11-18,3.171795,3.12036,3.257519,2.914622,58507
2022-11-21,3.18894,3.086071,3.240374,2.948912,29172
2022-11-22,3.18894,2.940339,3.18894,2.914794,7046
2022-11-23,3.15465,2.90485,3.15465,2.829069,8077
2022-11-25,3.086071,3.017491,3.12036,3.017491,7596
2022-11-28,3.034636,2.966057,3.045266,2.966057,3540
2022-11-29,3.034636,2.880332,3.034636,2.861816,2368
2022-11-30,2.914622,2.923195,2.948912,2.846043,5534
2022-12-01,2.983201,3.069097,3.121217,2.966057,9051
2022-12-02,3.094643,3.051781,3.103215,3.017491,9064
2022-12-05,3.068926,3.017491,3.137505,3.017491,6287
2022-12-06,3.171795,3.181396,3.240374,3.051781,14668
2022-12-07,3.15465,3.103215,3.18894,3.072355,8527
2022-12-08,3.171795,3.137505,3.206084,3.086071,3800
2022-12-09,3.206084,3.068926,3.240374,3.068926,7542
2022-12-12,3.068926,2.949083,3.103215,2.949083,6930
2022-12-13,3.12036,3.034465,3.15465,2.897477,15029
2022-12-14,3.171795,3.077498,3.171795,3.034636,6021
2022-12-15,3.171795,3.146077,3.18894,3.068926,9495
2022-12-16,3.068926,2.983201,3.12036,2.931767,7060
2022-12-19,3.15465,2.948912,3.15465,2.931767,5788
2022-12-20,3.000346,3.000346,3.12036,3.000346,7074
2022-12-21,3.206084,3.086071,3.291809,2.966057,12825
2022-12-22,3.12036,3.12036,3.12036,3.034636,3185
2022-12-23,3.103215,3.111788,3.139048,3.034636,2724
2022-12-27,3.223229,3.15465,3.233345,3.043208,23282
2022-12-28,3.086071,2.909993,3.154478,2.828898,12727
2022-12-29,2.983201,3.053495,3.103215,2.948912,8654
2022-12-30,3.086071,3.051781,3.086071,2.874675,14739
2023-01-03,3.12036,3.171795,3.232659,3.12036,4536
2023-01-04,3.257519,3.171795,3.360388,3.017491,12250
2023-01-05,3.257519,3.171795,3.291809,3.137505,2658
2023-01-06,3.240374,3.291809,3.377533,3.154821,6388
2023-01-09,3.291809,3.326098,3.394678,3.274664,6924
2023-01-10,3.308953,3.411822,3.428967,3.223229,7516
2023-01-11,3.548981,3.566126,3.840443,3.428967,44881
2023-01-12,3.68614,3.583271,3.771864,3.446112,19507
2023-01-13,3.891878,3.634705,4.21763,3.446112,115400
2023-01-17,3.909023,3.68614,3.909023,3.68614,78104
2023-01-18,3.806154,3.737574,3.960457,3.720429,18926
2023-01-19,3.857588,3.771864,3.857588,3.634705,7919
2023-01-20,3.771864,3.857588,3.908851,3.703285,5713
2023-01-23,3.703285,3.806154,3.857588,3.68614,13031
2023-01-24,3.874733,3.789009,3.90045,3.720429,2006
2023-01-25,3.823298,4.131906,4.14905,3.823298,27043
2023-01-26,4.18334,4.063326,4.269064,3.994747,13725
2023-01-27,4.131906,4.063326,4.200485,4.011892,5506
2023-01-30,4.046181,4.097616,4.114761,4.028865,5471
2023-01-31,4.114761,4.200485,4.200485,4.063326,4894
2023-02-01,4.269064,4.234775,4.269064,3.994747,9334
2023-02-02,4.251919,4.320499,4.440513,4.200485,19330
2023-02-03,4.269064,4.114761,4.412052,4.114761,13412
2023-02-06,4.114761,4.21763,4.371933,4.063326,37929
2023-02-07,4.243347,4.440513,4.457657,4.243347,12699
2023-02-08,4.509092,4.783409,4.924511,4.457657,40634
2023-02-09,5.040582,5.229175,5.314899,4.972002,56993
2023-02-10,5.263465,5.297754,5.297754,5.160596,13318
2023-02-13,5.143451,5.21203,5.241691,5.109333,23154
2023-02-14,5.040582,4.629106,5.040582,4.629106,23900
2023-02-15,4.800554,4.834844,4.920568,4.71483,10872
2023-02-16,4.903423,4.594816,4.903423,4.594816,7277
2023-02-17,4.817699,4.663395,4.817699,4.576128,6214
2023-02-21,4.663395,4.543382,4.7054,4.487147,6034
2023-02-22,4.543382,4.526237,4.731975,4.491947,4537
2023-02-23,4.69117,4.457657,4.766264,4.251919,17750
2023-02-24,4.474802,4.440513,4.543382,4.350502,10972
2023-02-27,4.560526,4.560526,4.654823,4.354788,7551
2023-02-28,4.611961,4.320499,4.783409,4.320499,9986
2023-03-01,4.646251,4.474802,4.646251,4.320499,3628
2023-03-02,4.346216,4.011892,4.346216,3.840443,15439
2023-03-03,4.286209,4.303354,4.402794,4.234775,5625
2023-03-06,4.423368,4.063326,4.484403,3.857588,10597
2023-03-07,4.303354,4.269064,4.371933,4.114761,4633
2023-03-08,4.251919,4.166195,4.286209,4.157623,3336
2023-03-09,4.114761,3.994747,4.354788,3.873361,10871
2023-03-10,4.097616,3.926167,4.189341,3.840443,13405
2023-03-13,3.754719,3.926167,4.046181,3.65185,13956
2023-03-14,3.994747,3.943312,4.166195,3.840443,6266
2023-03-15,3.789009,3.703285,3.79741,3.65185,2921
2023-03-16,3.874733,3.566126,3.891878,3.531836,2086
2023-03-17,3.703285,3.497547,3.703285,3.334671,7166
2023-03-20,3.411822,3.386105,3.497547,3.274664,4030
2023-03-21,3.548981,3.428967,3.583271,3.40325,2543
2023-03-22,3.540923,3.343243,3.737403,3.343243,4611
2023-03-23,3.580185,3.531836,3.806154,3.463257,4082
2023-03-24,3.666252,3.394678,3.805982,3.377533,2075
2023-03-27,3.678596,3.540409,3.68614,3.497547,1445
2023-03-28,3.61756,3.566126,3.703113,3.566126,12244
2023-03-29,3.514691,3.566126,3.640877,3.514691,3349
2023-03-30,3.655279,3.583271,3.656479,3.446112,1829
2023-03-31,3.720601,3.566126,3.720601,3.531836,3004
2023-04-03,3.65185,3.583271,3.694712,3.514691,9213
2023-04-04,3.634705,3.737574,3.737574,3.634705,1542
2023-04-05,3.720429,3.720429,3.737574,3.600416,3649
2023-04-06,3.754719,3.61756,3.770149,3.61756,1692
2023-04-10,3.65185,3.602644,3.65185,3.566126,3004
2023-04-11,3.754719,3.737574,3.771864,3.68614,5559
2023-04-12,3.771864,3.823298,3.891021,3.532008,4503
2023-04-13,3.840443,3.789009,3.926167,3.789009,4770
2023-04-14,3.874733,4.303354,4.629106,3.771864,76635
2023-04-17,4.303354,4.046181,4.457657,4.046181,22880
2023-04-18,4.114761,3.994747,4.389078,3.977602,19735
2023-04-19,4.14905,4.097616,4.423368,3.960457,14407
2023-04-20,4.251919,4.011892,4.457657,3.977602,22040
2023-04-21,4.234775,4.166195,4.251748,4.131906,11859
2023-04-24,4.354788,4.21763,4.38925,4.21763,8806
2023-04-25,4.406223,4.097616,4.423368,4.011892,15626
2023-04-26,4.268893,4.14905,4.286209,4.120247,2356
2023-04-27,4.251919,4.114761,4.263921,3.977602,5442
2023-04-28,4.286209,4.029036,4.320499,3.994747,21305
2023-05-01,4.011892,3.994747,4.089729,3.994747,1074
2023-05-02,3.977602,3.68614,3.994747,3.61756,12606
2023-05-03,3.823298,3.857588,3.923253,3.716315,4623
2023-05-04,3.703285,3.789009,3.857588,3.68614,3192
2023-05-05,3.977602,3.771864,3.977602,3.623561,6766
2023-05-08,4.063326,3.891878,4.063326,3.840443,3872
2023-05-09,3.789009,3.737574,3.789009,3.720429,11130
2023-05-10,3.737574,3.789009,3.890163,3.68614,3003
2023-05-11,3.754719,3.703285,4.04601,3.703285,30930
2023-05-12,3.720429,3.720429,3.874733,3.608645,10461
2023-05-15,3.634705,4.509092,7.166542,3.634705,2861121
2023-05-16,4.303354,4.376734,4.663224,4.080471,169929
2023-05-17,4.234775,4.217801,4.543382,3.926167,95188
2023-05-18,4.080471,3.943312,4.166024,3.771864,42988
2023-05-19,3.943312,5.914968,7.149397,3.857588,10596130
2023-05-22,6.103562,6.84079,7.166542,5.434913,1935535
2023-05-23,6.532183,6.103562,7.046528,5.880679,434861
2023-05-24,6.4,7.225,8.0,6.375,414962
2023-05-25,7.025,6.725,7.17475,6.376,249754
2023-05-26,6.65,6.65,6.975,6.35025,90699
2023-05-30,6.575,5.975,6.75,5.775,121447
2023-05-31,5.925,4.775,6.025,4.525,465714
2023-06-01,5.225,5.0,5.5,5.0,130817
2023-06-02,5.45,5.375,5.52475,5.025,70165
2023-06-05,5.35,4.875,5.45,4.75,111333
2023-06-06,4.95,4.95,5.175,4.875,50273
2023-06-07,4.975,4.95,5.0025,4.775,36168
2023-06-08,4.95,4.95,5.075,4.825,33119
2023-06-09,5.0,5.1,5.19975,4.825,30294
2023-06-12,5.1,5.15,5.19975,5.05,16829
2023-06-13,5.3,5.075,5.475,5.0,68044
2023-06-14,5.05,5.6,5.6,5.05,353385
2023-06-15,5.4,5.45,5.575,5.125,56910
2023-06-16,5.675,5.425,5.75,5.275,215060
2023-06-20,5.4,5.375,5.52475,5.12975,45491
2023-06-21,5.25,4.975,5.4,4.275,110254
2023-06-22,4.95,4.9,5.1,4.8,27774
2023-06-23,4.9,4.725,4.975,4.675,49276
2023-06-26,4.875,4.525,4.975,4.375,46417
2023-06-27,4.675,4.625,4.75,4.325,52119
2023-06-28,4.625,4.725,4.725,4.552,14152
2023-06-29,4.65,4.5,4.7,4.225,54543
2023-06-30,4.325,4.40025,4.575,4.325,14085
2023-07-03,4.4,4.4,4.533,4.25,5690
2023-07-05,4.37,4.38,4.57,4.15,86257
2023-07-06,4.3,4.38,4.43,4.25,48685
2023-07-07,4.4,4.63,4.7,4.4,176953
2023-07-10,4.53,4.47,4.56,4.29,50691
2023-07-11,4.44,4.51,4.7,4.41,33081
2023-07-12,4.6,4.75,4.96,4.45,128008
2023-07-13,4.69,4.77,4.9499,4.65,65811
2023-07-14,4.66,4.55,4.95,4.5,55174
2023-07-17,4.57,4.44,4.71,4.33,80693
2023-07-18,4.31,4.26,4.44,4.1,58816
2023-07-19,4.285,4.17,4.31,4.0901,21890
2023-07-20,4.14,4.1,4.23,4.05,24537
2023-07-21,4.08,3.97,4.117,3.91,17451
2023-07-24,3.95,4.225,4.46,3.76,96939
2023-07-25,4.01,4.16,4.4421,4.0,33001
2023-07-26,4.14,4.07,4.41,3.838,10566
2023-07-27,4.0758,3.99,4.1399,3.96,18990
2023-07-28,4.04,4.11,4.13,4.01,9180
2023-07-31,4.0697,4.25,4.3,4.0697,70564
2023-08-01,4.25,4.08,4.25,4.08,19560
2023-08-02,4.14,4.09,4.1878,3.89,15904
2023-08-03,4.14,4.12,4.22,4.0006,20635
2023-08-04,4.1001,4.04,4.3,4.03,41591
2023-08-07,4.1324,3.99,4.2,3.94,30583
2023-08-08,4.01,4.06,4.1469,3.95,13483
2023-08-09,3.9701,3.99,4.12,3.9701,5764
2023-08-10,4.1,3.84,4.1388,3.75,8787
2023-08-11,3.97,3.86,3.97,3.84,6123
2023-08-14,3.9363,3.91,4.12,3.86,5761
2023-08-15,3.85,3.53,3.88,3.3128,28372
2023-08-16,3.58,3.42,3.7,3.4,7725
2023-08-17,3.48,3.57,3.7385,3.4205,6209
2023-08-18,3.67,3.46,3.7035,3.4501,9110
2023-08-21,3.37,3.31,3.46,3.31,4700
2023-08-22,3.32,2.8001,3.36,2.65,33685
2023-08-23,3.08,2.89,3.08,2.8601,19290
2023-08-24,2.935,2.77,2.935,2.6503,22121
2023-08-25,2.79,2.82,2.8783,2.7201,15219
2023-08-28,2.63,2.27,2.63,2.25,57251
2023-08-29,2.3,2.355,2.45,2.3,18375
2023-08-30,2.38,2.51,2.59,2.3696,33698
2023-08-31,2.41,2.27,2.42,2.27,7084
2023-09-01,2.43,2.4,2.48,2.3593,7826
2023-09-05,2.38,2.43,2.45,2.35,7876
2023-09-06,2.385,2.3,2.43,2.262,7771
2023-09-07,2.4,2.3,2.4,2.28,3635
2023-09-08,2.35,2.36,2.4069,2.32,1887
2023-09-11,2.36,2.3601,2.3601,2.35,1568
2023-09-12,2.33,2.54,2.59,2.31,40676
2023-09-13,2.48,2.34,2.48,2.307,19142
2023-09-14,2.3631,2.45,2.45,2.2502,40522
2023-09-15,2.47,2.32,2.47,2.28,23829
2023-09-18,2.3,2.28,2.35,2.2,20798
2023-09-19,2.2203,2.1,2.24,2.1,9870
2023-09-20,2.08,2.0,2.173,1.88,27591
2023-09-21,2.02,1.94,2.25,1.94,12517
2023-09-22,2.13,1.9545,2.13,1.89,20170
2023-09-25,1.89,1.91,1.9598,1.8,29236
2023-09-26,1.92,1.81,1.97,1.73,36112
2023-09-27,1.86,1.87,1.9,1.81,18176
2023-09-28,1.9131,1.83,1.93,1.83,33221
2023-09-29,1.989,1.81,1.989,1.81,10580
2023-10-02,1.85,1.77,1.85,1.7601,22283
2023-10-03,1.7,1.575,1.74,1.54,34674
2023-10-04,1.59,1.46,1.6,1.35,55328
2023-10-05,1.69,1.6,1.6998,1.5004,17932
2023-10-06,1.64,1.6514,1.71,1.595,7254
2023-10-09,1.68,1.53,1.68,1.5,25915
2023-10-10,1.5,1.6399,1.66,1.5,17908
2023-10-11,1.6,1.618,1.6999,1.57,11701
2023-10-12,1.6,1.5642,1.6659,1.5642,13319
2023-10-13,1.47,1.56,1.56,1.47,1868
2023-10-16,1.57,1.5,1.58,1.48,11936
2023-10-17,1.55,1.59,1.6999,1.51,41163
2023-10-18,1.5445,1.5401,1.67,1.53,5991
2023-10-19,1.59,1.52,1.595,1.5093,8371
2023-10-20,1.53,1.42,1.5401,1.4,18752
2023-10-23,1.51,1.41,1.51,1.41,17950
2023-10-24,1.5,1.475,1.514,1.41,26040
2023-10-25,1.48,1.51,1.5322,1.4754,15991
2023-10-26,1.4853,1.49,1.53,1.48,3910
2023-10-27,1.53,1.585,1.65,1.5,38427
2023-10-30,1.59,1.58,1.65,1.57,8919
2023-10-31,1.66,1.605,1.66,1.57,2650
2023-11-01,1.6,1.55,1.6699,1.52,27772
2023-11-02,1.5801,1.6,1.6758,1.5801,5828
2023-11-03,1.6374,1.6,1.64,1.58,28530
2023-11-06,1.76,1.63,1.8166,1.62,28575
2023-11-07,1.68,1.7203,1.7988,1.63,18757
2023-11-08,1.64,1.71,1.7699,1.63,11124
2023-11-09,1.71,1.69,1.79,1.55,60087
2023-11-10,1.61,1.53,1.66,1.36,67596
2023-11-13,1.54,1.48,1.54,1.35,31218
2023-11-14,1.54,1.58,1.65,1.51,24828
2023-11-15,1.69,1.6001,1.69,1.58,25365
2023-11-16,1.7,1.69,1.7,1.59,25027
2023-11-17,1.63,1.62,1.7499,1.58,21127
2023-11-20,1.69,1.74,1.78,1.66,14972
2023-11-21,1.7594,1.69,1.7699,1.69,7510
2023-11-22,1.67,1.72,1.7599,1.67,15420
2023-11-24,1.73,1.7229,1.73,1.68,3912
2023-11-27,1.75,1.73,1.8366,1.68,25611
2023-11-28,1.78,1.79,1.85,1.7001,22925
2023-11-29,1.72,1.73,1.7809,1.63,35014
2023-11-30,1.74,1.76,1.8131,1.66,17043
2023-12-01,1.72,1.72,1.77,1.72,4243
2023-12-04,1.75,1.7,1.75,1.7,16650
2023-12-05,1.66,1.67,1.75,1.66,11735
2023-12-06,1.74,1.6,1.74,1.58,12590
2023-12-07,1.695,1.62,1.735,1.6,32017
2023-12-08,1.61,1.63,1.75,1.5861,20620
2023-12-11,1.61,1.63,1.6464,1.61,2781
2023-12-12,1.63,1.67,1.73,1.61,19307
2023-12-13,1.67,1.66,1.69,1.64,16748
2023-12-14,1.72,1.65,1.8,1.64,59316
2023-12-15,1.71,1.57,1.79,1.55,29113
2023-12-18,1.58,1.74,1.81,1.58,96232
2023-12-19,1.7,1.66,1.725,1.6577,8981
2023-12-20,1.73,1.58,1.76,1.56,31883
2023-12-21,1.63,1.64,1.6726,1.59,21568
2023-12-22,1.62,1.61,1.695,1.61,14875
2023-12-26,1.58,1.62,1.6786,1.58,6830
2023-12-27,1.66,1.67,1.85,1.63,121027
2023-12-28,1.775,1.98,2.1,1.65,2101665
2023-12-29,1.88,1.7501,1.91,1.68,237676
2024-01-02,1.78,1.855,1.91,1.69,154862
2024-01-03,1.88,1.93,2.0199,1.73,218520
2024-01-04,1.89,1.78,1.9196,1.77,61093
2024-01-05,1.84,1.82,1.86,1.7606,64814
2024-01-08,1.84,2.12,2.28,1.81,431096
2024-01-09,2.2,2.1795,2.37,2.13,541993
2024-01-10,2.28,2.24,2.45,2.1603,578801
2024-01-11,2.3,2.93,3.01,2.26,968966
2024-01-12,2.86,2.57,2.86,2.36,442822
2024-01-16,2.88,2.83,3.0,2.7,498620
2024-01-17,2.83,2.34,2.83,2.3,307851
2024-01-18,2.4,2.22,2.4,2.13,190926
2024-01-19,2.4,2.16,2.4,2.1,127015
2024-01-22,2.13,2.02,2.22,1.88,114789
2024-01-23,2.13,2.09,2.15,1.98,46877
2024-01-24,2.13,2.2,2.23,2.13,46206
2024-01-25,2.27,2.17,2.29,2.1,62495
2024-01-26,2.17,2.09,2.17,2.02,23165
2024-01-29,2.16,2.14,2.16,2.09,38153
2024-01-30,2.09,2.2,2.22,2.07,62451
2024-01-31,2.15,2.19,2.2699,2.1,46511
2024-02-01,2.2,2.23,2.23,2.1201,50979
2024-02-02,2.24,2.15,2.24,2.121,18618
2024-02-05,2.18,2.45,2.57,2.15,131511
2024-02-06,2.49,2.55,2.6399,2.4,166753
2024-02-07,2.5834,2.85,2.93,2.55,284159
2024-02-08,2.75,2.4201,2.75,2.3603,204608
2024-02-09,2.51,2.43,2.638,2.3601,76681
2024-02-12,2.5,2.68,2.81,2.5,212421
2024-02-13,2.54,2.33,2.57,2.31,86749
2024-02-14,2.62,2.59,2.64,2.447,41421
2024-02-15,2.6,2.655,2.7499,2.53,96009
2024-02-16,2.61,2.58,2.62,2.51,60847
2024-02-20,2.65,2.68,2.7181,2.58,66887
2024-02-21,2.73,2.66,2.8499,2.61,110883
2024-02-22,2.74,2.81,2.9,2.62,82716
2024-02-23,2.75,2.46,2.75,2.4401,145134
2024-02-26,2.47,2.46,2.6212,2.46,22146
2024-02-27,2.55,2.79,2.89,2.45,253702
2024-02-28,2.66,2.59,2.77,2.55,104696
2024-02-29,2.65,2.44,2.65,2.41,86548
2024-03-01,2.45,2.42,2.515,2.41,31519
2024-03-04,2.58,2.34,2.58,2.33,40894
2024-03-05,2.5,2.41,2.5,2.3,74240
2024-03-06,2.55,2.5,2.55,2.43,43489
2024-03-07,2.6,2.49,2.64,2.46,69018
2024-03-08,2.54,2.43,2.57,2.33,43256
2024-03-11,2.59,2.46,2.59,2.43,24687
2024-03-12,2.54,2.53,2.58,2.41,58507
2024-03-13,2.6,2.5,2.6,2.48,27487
2024-03-14,2.6,2.49,2.6,2.4,32147
2024-03-15,2.5,2.5,2.59,2.47,20102
2024-03-18,2.6,2.48,2.6,2.41,25724
2024-03-19,2.52,2.43,2.52,2.4001,11232
2024-03-20,2.5,2.5,2.5,2.44,11811
2024-03-21,2.5,2.49,2.55,2.4501,16270
2024-03-22,2.51,2.5,2.55,2.49,10716
2024-03-25,2.55,2.46,2.55,2.46,18023
2024-03-26,2.5,2.46,2.5,2.45,23029
2024-03-27,2.47,2.21,2.47,2.13,85907
2024-03-28,2.37,2.49,2.49,2.25,38594
2024-04-01,2.5,2.5,2.6,2.5,21051
2024-04-02,2.5,2.4,2.5,2.4,14782
2024-04-03,2.46,2.42,2.46,2.4,6130
2024-04-04,2.36,2.34,2.425,2.33,22214
2024-04-05,2.351,2.3,2.37,2.3,8665
2024-04-08,2.32,2.3,2.35,2.2132,22238
2024-04-09,2.27,2.33,2.37,2.27,9005
2024-04-10,2.35,2.31,2.35,2.29,9147
2024-04-11,2.31,2.25,2.33,2.25,17431
2024-04-12,2.29,2.25,2.34,2.2,12178
2024-04-15,2.27,2.14,2.3444,2.14,16906
2024-04-16,2.29,2.18,2.3499,2.14,35926
2024-04-17,2.18,2.14,2.245,2.14,8291
2024-04-18,2.1,2.18,2.25,2.1,10583
2024-04-19,2.22,2.04,2.2599,2.0,17789
2024-04-22,2.2,1.97,2.21,1.97,22708
2024-04-23,2.01,2.14,2.14,2.0,12193
2024-04-24,2.14,2.11,2.14,2.06,6250
2024-04-25,2.14,2.01,2.14,2.01,7949
2024-04-26,2.1,2.0495,2.1,2.0,3008
2024-04-29,2.21,1.97,2.21,1.95,179632
2024-04-30,2.06,1.97,2.06,1.9,19897
2024-05-01,1.96,1.83,1.96,1.78,14937
2024-05-02,1.91,2.0,2.0,1.84,20303
2024-05-03,1.9,1.9585,2.0,1.895,8613
2024-05-06,1.98,2.02,2.0399,1.9559,8926
2024-05-07,2.02,1.94,2.02,1.91,6141
2024-05-08,2.0,1.98,2.1005,1.9067,17490
2024-05-09,2.0,1.975,2.0,1.955,3379
2024-05-10,1.98,1.95,2.0,1.86,6541
2024-05-13,1.92,1.89,1.9899,1.87,16345
2024-05-14,1.87,1.87,1.9715,1.86,13033
2024-05-15,1.87,1.9001,1.9424,1.87,9955
2024-05-16,1.93,1.83,1.95,1.82,41810
2024-05-17,1.83,1.93,1.9499,1.83,15418
2024-05-20,1.99,1.92,1.99,1.8617,7746
2024-05-21,1.93,1.9101,1.94,1.88,7900
2024-05-22,1.91,1.94,1.95,1.9001,7640
2024-05-23,1.93,1.94,1.95,1.9,18509
2024-05-24,1.89,1.907,1.99,1.86,7522
2024-05-28,1.99,2.05,2.15,1.9102,45573
2024-05-29,2.03,2.11,2.21,2.0014,36867
2024-05-30,2.3,2.2,2.34,2.13,34152
2024-05-31,2.21,2.175,2.27,2.14,19225
2024-06-03,2.22,2.3,2.37,2.18,19723
2024-06-04,2.21,2.35,2.35,2.18,17060
2024-06-05,2.31,2.13,2.34,2.1,32588
2024-06-06,2.1,2.155,2.2,2.1,6806
2024-06-07,2.16,2.1386,2.21,2.11,13082
2024-06-10,2.13,2.12,2.25,2.12,14128
2024-06-11,2.12,2.1755,2.1858,2.12,8554
2024-06-12,2.17,2.24,2.265,2.16,10997
2024-06-13,2.22,2.26,2.2896,2.18,53034
2024-06-14,2.19,2.16,2.26,2.12,11410
2024-06-17,2.22,2.11,2.22,2.09,6755
2024-06-18,2.1,2.18,2.18,2.0319,7544
2024-06-20,2.19,2.1748,2.2,2.11,9724
2024-06-21,2.16,2.15,2.19,2.01,2876
2024-06-24,2.15,2.14,2.15,2.06,18846
2024-06-25,2.14,2.15,2.16,2.13,3892
2024-06-26,2.21,2.3,2.3,2.14,21705
2024-06-27,2.23,2.23,2.3,2.07,28701
2024-06-28,2.22,2.26,2.3,2.2,7988
2024-07-01,2.26,2.228,2.28,2.18,31726
2024-07-02,2.23,2.27,2.3,2.23,11604
2024-07-03,2.28,2.209,2.36,2.2,52912
2024-07-05,2.16,2.23,2.26,2.16,5824
2024-07-08,2.28,2.22,2.28,2.2,5726
2024-07-09,2.15,2.13,2.2139,2.13,7234
2024-07-10,2.09,2.1458,2.16,2.09,7189
2024-07-11,2.23,2.15,2.23,2.11,6919
2024-07-12,2.16,2.18,2.25,2.135,8037
2024-07-15,2.23,2.145,2.23,2.0,21044
2024-07-16,2.16,2.1603,2.2,2.03,9821
2024-07-17,2.08,2.09,2.17,2.0201,4562
2024-07-18,2.15,2.135,2.2,2.09,6998
2024-07-19,2.19,2.155,2.19,2.08,5845
2024-07-22,2.15,2.09,2.16,2.09,3407
2024-07-23,2.09,2.075,2.1799,2.0,11784
2024-07-24,2.01,2.0265,2.1,2.01,7864
2024-07-25,2.01,2.1,2.1,2.01,13559
2024-07-26,2.07,2.1,2.1,2.06,1726
2024-07-29,2.16,2.05,2.16,2.05,4398
2024-07-30,2.006,2.05,2.1115,1.99,6592
2024-07-31,2.0,2.01,2.05,1.98,4316
2024-08-01,2.05,2.04,2.05,1.98,3913
2024-08-02,1.99,2.05,2.08,1.93,9081
2024-08-05,1.89,1.97,2.0,1.7884,38713
2024-08-06,2.0,2.015,2.015,1.97,1723
2024-08-07,2.02,2.0101,2.1199,2.0101,12711
2024-08-08,2.06,1.8954,2.06,1.8,10219
2024-08-09,2.02,1.95,2.12,1.9,4491
2024-08-12,2.01,2.4999,2.5799,1.97,286025
2024-08-13,2.51,3.08,3.4425,2.25,2003994
2024-08-14,2.7,2.26,2.7,2.03,315282
2024-08-15,2.37,2.1451,2.38,2.1451,56383
2024-08-16,2.17,2.16,2.31,2.1001,40666
2024-08-19,2.16,2.13,2.25,2.04,63936
2024-08-20,2.22,2.2007,2.3,2.13,41314
2024-08-21,2.22,2.215,2.27,2.02,27521
2024-08-22,2.18,2.11,2.35,2.09,11503
2024-08-23,2.3,2.32,2.32,2.1184,62312
2024-08-26,2.34,2.41,2.44,2.26,102572
2024-08-27,2.4,2.245,2.4,2.15,46360
2024-08-28,2.31,2.2,2.37,2.149,14848
2024-08-29,2.19,2.19,2.218,2.15,7669
2024-08-30,2.13,2.06,2.26,2.06,12572
2024-09-03,2.16,2.0575,2.2417,2.055,9748
2024-09-04,2.08,2.225,2.3,2.0201,38910
2024-09-05,2.24,2.2899,2.44,2.15,69537
2024-09-06,2.34,2.19,2.35,2.08,19358
2024-09-09,2.18,2.34,2.38,2.18,18577
2024-09-10,2.31,2.23,2.342,2.23,22913
2024-09-11,2.21,2.17,2.3242,2.1,31918
2024-09-12,2.18,2.19,2.21,2.06,5752
2024-09-13,2.1444,2.14,2.3,2.12,20093
2024-09-16,2.22,2.27,2.3,2.22,13217
2024-09-17,2.24,2.23,2.3,2.2006,10670
2024-09-18,2.18,2.29,2.44,2.1312,49012
2024-09-19,2.19,2.19,2.26,2.17,27794
2024-09-20,2.21,2.25,2.2595,2.1115,5188
2024-09-23,2.12,2.12,2.19,2.1,13455
2024-09-24,2.2,2.17,2.2001,2.1,6506
2024-09-25,2.17,2.28,2.33,2.12,3289
2024-09-26,2.29,2.15,2.29,2.1101,15097
2024-09-27,2.18,2.2,2.2,2.13,5641
2024-09-30,2.2,2.32,2.33,2.14,57612
2024-10-01,2.27,2.28,2.34,2.15,78512
2024-10-02,2.26,2.22,2.33,2.22,6382
2024-10-03,2.2,2.3,2.3,2.2,10507
2024-10-04,2.26,2.28,2.3161,2.152,23467
2024-10-07,2.27,2.31,2.39,2.24,57155
2024-10-08,2.35,2.3,2.38,2.2,151304
2024-10-09,2.23,2.2,2.3,2.15,14428
2024-10-10,2.1,2.23,2.2946,2.1,48377
2024-10-11,2.2,2.11,2.3,2.08,66408
2024-10-14,2.08,2.1201,2.24,2.07,34533
2024-10-15,2.08,2.23,2.23,2.08,8706
2024-10-16,2.13,2.19,2.23,2.13,10837
2024-10-17,2.21,2.18,2.2101,2.15,13764
2024-10-18,2.18,2.18,2.2,2.1501,8547
2024-10-21,2.21,2.11,2.21,2.11,7431
2024-10-22,2.1,2.08,2.17,2.0,30107
2024-10-23,2.13,2.16,2.2,1.98,80766
2024-10-24,2.2,2.08,2.2,2.01,29680
2024-10-25,2.06,2.1,2.1599,2.0,13947
2024-10-28,2.05,2.05,2.09,2.0,9689
2024-10-29,2.0,2.02,2.03,2.0,10950
2024-10-30,2.0,2.0,2.035,2.0,5830
2024-10-31,2.0,1.97,2.0,1.965,12906
2024-11-01,1.97,1.94,2.04,1.93,14457
2024-11-04,1.99,1.92,2.02,1.92,15469
2024-11-05,1.98,1.98,1.98,1.92,8923
2024-11-06,2.0,1.88,2.0,1.85,13790
2024-11-07,1.91,1.8,1.97,1.8,13133
2024-11-08,1.81,1.84,1.93,1.8,18425
2024-11-11,1.83,1.675,1.8708,1.61,42339
2024-11-12,1.67,1.67,1.77,1.62,29091
2024-11-13,1.67,1.75,1.8313,1.65,56155
2024-11-14,1.77,1.9699,1.97,1.75,74124
2024-11-15,1.97,1.89,1.97,1.8073,29372
2024-11-18,1.92,1.97,1.9965,1.8335,45141
2024-11-19,1.93,2.03,2.09,1.85,132608
2024-11-20,1.96,1.97,2.0,1.91,21770
2024-11-21,2.03,1.94,2.03,1.87,21557
2024-11-22,1.92,2.09,2.09,1.8,77134
2024-11-25,2.04,2.39,2.4,2.02,335176
2024-11-26,2.2,2.11,2.2,2.0,159212
2024-11-27,2.14,2.07,2.1899,2.02,27219
2024-11-29,2.09,2.1,2.18,2.03,26706
2024-12-02,2.11,2.12,2.14,2.03,51044
2024-12-03,2.16,1.99,2.1738,1.93,71809
2024-12-04,2.0,1.99,2.03,1.9,18728
2024-12-05,2.02,2.0501,2.08,2.02,30484
2024-12-06,2.08,2.06,2.16,1.96,89302
2024-12-09,2.05,2.22,2.22,2.05,68603
2024-12-10,2.13,2.28,2.3499,2.13,182179
2024-12-11,2.63,2.4,2.88,2.28,1867281
2024-12-12,2.55,3.28,3.89,2.46,8568830
2024-12-13,3.3,7.84,8.38,3.3,75525477
2024-12-16,9.0,12.0,14.0,9.0,52029760
2024-12-17,11.0,9.45,11.0,8.61,6699931
2024-12-18,9.0,7.7,9.5985,7.41,3791896
2024-12-19,7.42,6.0,7.5289,5.77,2759544
2024-12-20,6.43,6.99,9.59,6.38,9367898
2024-12-23,8.73,9.38,10.33,7.88,4696903
2024-12-24,10.45,9.9,11.64,9.18,2810457
2024-12-26,9.07,13.0,13.23,9.02,3721793
2024-12-27,12.45,11.31,13.47,10.1381,3270314
2024-12-30,10.51,10.85,12.44,10.5,1599695
2024-12-31,10.61,9.055,10.85,8.23,1473080
2025-01-02,9.2,10.15,10.87,8.81,1390082
2025-01-03,10.3,10.75,11.3899,10.09,1258407
2025-01-06,10.9,9.8,11.55,9.3,1229943
2025-01-07,9.9,8.73,10.1,8.1101,966294
2025-01-08,7.85,6.57,7.8985,5.85,1616809
2025-01-10,7.25,10.08,10.68,7.11,6720919
2025-01-13,9.37,7.93,9.7945,7.9,2143767
2025-01-14,7.51,7.56,8.3399,7.0,1472202
2025-01-15,8.0,7.87,8.75,7.652,1332423
2025-01-16,7.75,7.47,7.97,7.32,575777
2025-01-17,7.88,7.36,8.45,7.26,868424
2025-01-21,7.66,9.97,10.6,7.44,3350347
2025-01-22,9.42,8.83,9.59,8.5,945820
2025-01-23,8.44,8.14,9.06,8.0,578202
2025-01-24,9.4,8.37,10.09,8.25,1787737
2025-01-27,8.02,7.89,8.45,7.595,729014
2025-01-28,8.0,7.54,8.12,7.51,289880
2025-01-29,7.6,7.23,7.94,7.01,402577
2025-01-30,7.71,7.57,8.0598,7.4301,304519
2025-01-31,7.47,7.51,7.97,7.28,398318
2025-02-03,7.0,7.07,7.15,6.22,567321
2025-02-04,7.06,6.9,7.3,6.8,306568
2025-02-05,7.2,7.38,7.5751,6.95,503689
2025-02-06,7.87,7.55,7.87,7.05,968906
2025-02-07,7.2,7.11,7.4637,7.1,170543
2025-02-10,7.22,6.88,7.22,6.76,250872
2025-02-11,7.14,6.98,7.56,6.88,375692
2025-02-12,6.78,6.76,6.94,6.6113,221843
2025-02-13,6.58,6.45,6.75,6.09,443892
2025-02-14,6.42,6.06,6.58,5.8601,327243
2025-02-18,5.94,5.83,6.13,5.61,382500
2025-02-19,5.79,5.99,6.21,5.7298,235976
2025-02-20,6.26,5.97,6.27,5.7235,311703
2025-02-21,5.97,5.52,5.97,5.32,205723
2025-02-24,5.83,5.37,5.83,5.26,200520
2025-02-25,5.31,4.92,5.37,4.8,277981
2025-02-26,4.94,4.93,5.1465,4.9,95786
2025-02-27,5.08,4.45,5.08,4.4,125896
2025-02-28,4.4,4.28,4.52,4.21,160745
2025-03-03,4.41,3.69,4.4947,3.6,211022
2025-03-04,3.68,3.66,3.7744,3.44,188550
2025-03-05,3.94,3.95,3.99,3.76,117579
2025-03-06,3.85,4.79,5.1082,3.7952,616903
2025-03-07,5.01,4.99,5.099,4.48,402848
2025-03-10,4.825,4.58,4.99,4.35,192671
2025-03-11,4.52,4.43,4.67,4.23,131578
2025-03-12,4.66,4.57,4.95,4.46,243501
2025-03-13,4.54,4.68,4.75,4.38,106074
2025-03-14,4.68,4.87,5.2,4.59,276942
2025-03-17,5.06,5.25,5.3,4.73,243726
2025-03-18,5.02,4.95,5.1,4.62,154731
2025-03-19,5.01,4.86,5.15,4.86,76209
2025-03-20,4.75,4.25,4.92,4.17,102318
2025-03-21,4.48,4.63,4.6661,4.39,117016
2025-03-24,4.69,4.46,4.7494,4.365,147479
2025-03-25,4.61,4.48,4.7,4.38,57836
2025-03-26,4.4,4.41,4.49,4.2475,42954
2025-03-27,4.38,4.5,4.55,4.2,64003
2025-03-28,4.49,3.95,4.49,3.77,97726
2025-03-31,3.89,3.93,3.99,3.75,52191
2025-04-01,3.88,3.95,4.0,3.75,82950
2025-04-02,3.98,4.05,4.125,3.9,77685
2025-04-03,3.76,3.88,4.08,3.75,93056
2025-04-04,3.59,3.39,3.59,3.1103,120899
2025-04-07,3.19,3.3,3.45,2.5,123152
2025-04-08,3.5,3.22,3.7226,2.95,81195
2025-04-09,3.27,3.63,3.82,3.27,92577
2025-04-10,3.49,3.35,3.6,3.31,51330
2025-04-11,3.7,4.23,4.6,3.55,353785
