2022-09-02,NaN,338.4,NaN,NaN,0
2022-09-13,376.0,228.0,468.0,196.8,110797
2022-09-14,212.0,236.0,242.384,181.6,32711
2022-09-15,198.4,217.6,227.2,196.0,16369
2022-09-16,196.8,187.2,211.624,176.84,7298
2022-09-19,168.8,144.8,188.8,141.6,10796
2022-09-20,134.4,137.6,155.6,134.4,7448
2022-09-21,136.8,109.6,142.4,109.6,5492
2022-09-22,108.8,106.4,122.4,101.6,5343
2022-09-23,99.2,92.8,103.192,89.6,5284
2022-09-26,89.6,84.8,92.0,81.6,3805
2022-09-27,84.0,89.6,106.4,84.0,4359
2022-09-28,94.4,84.0,99.2,82.4,3631
2022-09-29,81.6,76.264,83.6,75.2,2814
2022-09-30,76.8,70.4,79.2,70.4,1382
2022-10-03,86.4,104.8,116.0,86.4,277338
2022-10-04,94.4,86.4,101.6,80.8,17576
2022-10-05,82.4,84.8,86.4,80.0,4156
2022-10-06,84.0,76.8,85.6,74.48,6861
2022-10-07,77.76,77.504,87.744,76.8,2692
2022-10-10,78.4,80.0,83.848,76.8,1863
2022-10-11,84.8,82.4,84.8,76.0,3460
2022-10-12,84.0,80.0,84.0,77.6,1846
2022-10-13,77.6,78.4,80.0,76.8,618
2022-10-14,76.8,77.656,83.04,76.8,941
2022-10-17,77.6,78.4,79.2,74.56,1253
2022-10-18,80.0,76.8,80.0,75.28,1885
2022-10-19,75.88,73.696,77.20392,72.0,1182
2022-10-20,75.0,73.544,75.2,70.4,1221
2022-10-21,74.4,71.208,75.04,69.60808,480
2022-10-24,69.6,69.61608,72.0,69.6,898
2022-10-25,69.8,70.4,73.28,69.6,424
2022-10-26,70.4,69.928,72.0,68.696,558
2022-10-27,69.80408,69.2,71.704,68.0,758
2022-10-28,70.992,67.99192,70.992,66.72,811
2022-10-31,65.008,62.528,67.224,60.01608,1589
2022-11-01,65.6,64.792,65.6,63.2,747
2022-11-02,64.0,63.672,66.32,61.6,324
2022-11-03,61.6,63.68,64.28,60.088,589
2022-11-04,63.992,61.584,63.992,58.6,494
2022-11-07,59.28,54.224,61.0,53.6,613
2022-11-08,51.528,51.6,56.63288,51.2,1321
2022-11-09,52.936,54.184,57.584,52.008,535
2022-11-10,53.6,51.192,54.184,48.088,2566
2022-11-11,51.168,51.368,54.184,51.168,587
2022-11-14,53.36,53.432,53.8,50.56,553
2022-11-15,50.416,51.23992,54.272,49.24,601
2022-11-16,50.096,51.16792,51.2,49.8,167
2022-11-17,51.04,51.192,52.744,50.368,242
2022-11-18,52.09992,52.4,54.4,50.6,591
2022-11-21,53.64784,53.592,54.24,51.224,524
2022-11-22,55.304,55.99192,59.2,52.104,1691
2022-11-23,56.0,55.976,58.312,53.6,322
2022-11-25,56.8,55.584,57.52,54.00752,389
2022-11-28,55.2,53.51192,55.2,51.2,547
2022-11-29,50.4,54.488,55.992,50.4,596
2022-11-30,56.0,52.80408,56.0,52.00808,925
2022-12-01,52.8,57.112,76.0,52.8,29204
2022-12-02,55.92,49.688,56.768,49.6,2605
2022-12-05,48.8,49.6,52.8,47.28,2907
2022-12-06,52.792,52.0,54.76792,48.8,6020
2022-12-07,56.8,48.624,59.2,46.4,12532
2022-12-08,54.304,52.424,55.2,49.624,8268
2022-12-09,54.4,58.792,62.4,51.2,12612
2022-12-12,57.4,51.16008,58.776,48.0,5091
2022-12-13,49.992,49.384,58.4,48.8,4054
2022-12-14,49.44,48.62,51.992,48.0,2054
2022-12-15,47.096,43.024,48.8,40.248,3854
2022-12-16,43.032,40.8,43.568,38.016,2666
2022-12-19,39.576,37.688,39.99192,36.984,499
2022-12-20,37.696,39.152,40.8,37.072,1591
2022-12-21,40.512,40.31672,40.512,38.4,653
2022-12-22,39.648,38.008,39.648,36.08,1041
2022-12-23,36.64,36.8,37.59192,36.63552,526
2022-12-27,36.072,42.4,45.96,34.04,5647
2022-12-28,46.4,38.4,46.4,38.16,2389
2022-12-29,37.248,36.8,39.344,35.2,1020
2022-12-30,36.8,34.9132,39.32,34.4,1029
2023-01-03,38.0,37.64,42.24,34.48,1582
2023-01-04,38.4,39.28,41.27992,38.4,903
2023-01-05,38.98408,40.728,46.0,38.4,1703
2023-01-06,42.72,40.8,43.99192,39.6,1052
2023-01-09,43.2,41.2,44.0,40.12,999
2023-01-10,44.8,44.604,48.792,42.152,4711
2023-01-11,46.4,45.28,47.168,42.528,3053
2023-01-12,45.99992,44.368,51.192,44.0,2744
2023-01-13,44.8,46.4,49.6,44.8,997
2023-01-17,48.0,46.72,48.0,44.88,773
2023-01-18,47.204,39.76,49.512,39.76,2543
2023-01-19,39.2,42.008,44.8,39.2,1161
2023-01-20,44.0,42.176,44.0,40.20008,950
2023-01-23,44.952,43.2,48.04,43.2,878
2023-01-24,43.12,40.832,43.192,38.584,856
2023-01-25,42.872,40.856,43.192,40.44,321
2023-01-26,41.6,41.84,44.8,41.6,397
2023-01-27,44.8,53.072,61.52,42.4,47864
2023-01-30,51.192,52.08,58.664,48.088,7401
2023-01-31,56.0,63.2,70.392,53.608,16423
2023-02-01,68.0,63.2,68.792,56.08,22551
2023-02-02,64.432,55.04,67.2,52.8,6633
2023-02-03,53.392,53.408,54.728,49.656,2055
2023-02-06,52.352,49.68,53.6,48.92008,3086
2023-02-07,51.2,51.416,52.032,46.456,2714
2023-02-08,51.416,50.36,51.44,48.0,918
2023-02-09,89.6,72.8,103.2,69.2,794369
2023-02-10,66.4,75.208,76.8,64.0,26407
2023-02-13,71.264,75.128,78.4,67.2,16051
2023-02-14,72.0,72.08,75.2,69.6,4101
2023-02-15,73.6,76.08808,81.6,69.6,5690
2023-02-16,74.48,72.056,78.38,71.208,3336
2023-02-17,71.72,70.4,73.6,68.0,1370
2023-02-21,73.6,59.32,73.6,56.976,3211
2023-02-22,58.6,56.872,58.6,52.72,1476
2023-02-23,55.168,53.93344,56.0,52.0,1309
2023-02-24,55.6,51.864,55.6,50.8,835
2023-02-27,48.656,50.0,54.4,48.656,874
2023-02-28,48.8,45.52,48.8,44.08,2565
2023-03-01,44.8,51.2,56.0,44.8,2893
2023-03-02,49.36,47.28,50.4,45.24,1443
2023-03-03,47.208,47.168,49.44,44.0,1034
2023-03-06,47.024,48.8,50.232,45.224,685
2023-03-07,48.8,48.0,48.84,45.824,790
2023-03-08,48.0,51.592,52.104,45.32,1044
2023-03-09,51.424,48.0,51.424,48.0,699
2023-03-10,45.568,44.592,48.0,44.08,893
2023-03-13,44.0,48.0,48.0,44.0,579
2023-03-14,48.0,47.08,50.4,44.104,575
2023-03-15,45.616,46.64,47.768,44.12,607
2023-03-16,46.4,44.784,46.4,40.88,1013
2023-03-17,43.6,46.168,46.176,43.2,448
2023-03-20,43.576,43.24,45.712,43.224,492
2023-03-21,43.2,46.4,46.4,41.2,743
2023-03-22,44.0,45.6,45.6,41.208,123
2023-03-23,44.4,45.6,45.6,41.04,289
2023-03-24,44.792,42.64392,45.6,40.0,580
2023-03-27,46.0,43.44,46.392,40.208,495
2023-03-28,42.096,42.784,43.6,40.208,122
2023-03-29,42.544,42.392,42.784,40.04,520
2023-03-30,40.8,41.592,41.60408,40.0,567
2023-03-31,39.48,41.2,41.568,39.48,249
2023-04-03,39.608,36.8,41.52,36.672,400
2023-04-04,39.2,39.984,40.0,37.2,685
2023-04-05,39.92,39.2,40.8,37.6,842
2023-04-06,39.2,39.2,40.8,39.16008,493
2023-04-10,40.8,42.8,47.984,39.99592,1849
2023-04-11,45.584,43.2,46.36,42.8,721
2023-04-12,46.4,43.0,46.4,40.8,431
2023-04-13,45.2,49.104,50.984,44.112,5209
2023-04-14,49.6,51.2,52.256,45.6,3004
2023-04-17,52.8,52.0,54.392,49.6,906
2023-04-18,50.8,50.704,52.0,48.2,699
2023-04-19,48.8,45.68,50.4,45.608,1180
2023-04-20,46.0,42.416,46.0,41.232,969
2023-04-21,43.792,45.6,47.18392,43.792,112
2023-04-24,44.0,44.4,47.648,41.864,622
2023-04-25,47.192,41.92,47.192,41.688,112
2023-04-26,42.48,41.992,44.0,41.992,246
2023-04-27,47.05696,45.2,47.05696,41.6,52
2023-04-28,44.628,44.208,46.856,40.0,395
2023-05-01,41.68,42.4,43.984,40.144,202
2023-05-02,41.72,41.39456,43.456,40.16,354
2023-05-03,42.4,41.376,42.4,40.08,455
2023-05-04,40.08,41.192,41.2,40.0,171
2023-05-05,38.44,39.6,41.192,36.8,990
2023-05-08,39.2,40.208,40.8,36.8,575
2023-05-09,41.6,40.0,41.6,39.84392,157
2023-05-10,40.0,41.584,41.6,40.0,141
2023-05-11,40.0,38.528,41.184,35.12,580
2023-05-12,40.8,40.8,41.6,36.056,30858
2023-05-15,36.96,36.44,38.4,36.16,1672
2023-05-16,35.776,32.8,37.08,32.016,2922
2023-05-17,32.976,34.32,34.8,31.2,934
2023-05-18,32.48,39.2,39.208,32.48,1057
2023-05-19,36.68,37.592,38.36,36.0,266
2023-05-22,36.0,35.68,37.176,35.68,123
2023-05-23,35.76,37.056,38.4,35.76,115
2023-05-24,34.6,36.216,36.8,34.6,349
2023-05-25,56.8,112.8,152.8,52.0,1407576
2023-05-26,88.8,93.6,134.4,84.8,196236
2023-05-30,114.4,147.2,180.0,98.4,541548
2023-05-31,135.2,117.6,140.8,112.0,50559
2023-06-01,157.6,159.2,188.8,144.0,645337
2023-06-02,157.6,161.6,169.6,145.6,54755
2023-06-05,166.4,171.2,182.392,149.6,46461
2023-06-06,160.0,158.4,163.968,140.8,25707
2023-06-07,163.2,176.0,188.8,150.48,41434
2023-06-08,184.0,166.4,184.0,156.0,17841
2023-06-09,200.8,168.0,204.8,160.0,120831
2023-06-12,165.2,152.8,168.0,144.024,20393
2023-06-13,157.2,155.2,158.32,144.0,10081
2023-06-14,152.0,156.0,157.6,145.6,10960
2023-06-15,155.2,156.8,158.4,144.8,8472
2023-06-16,148.8,135.2,152.0,132.0,15503
2023-06-20,132.8,126.4,136.784,120.0,9279
2023-06-21,128.8,115.2,128.808,109.6,8562
2023-06-22,112.0,128.0,139.2,110.4,10114
2023-06-23,130.4,141.6,145.6,125.6,20655
2023-06-26,138.4,132.0,138.4,121.6,5822
2023-06-27,128.0,120.8,131.2,119.6,5498
2023-06-28,118.4,111.2,119.28,109.6,4214
2023-06-29,116.0,109.6,131.192,104.0,11044
2023-06-30,105.6,114.4,114.44,104.8,3368
2023-07-03,112.0,115.2,118.4,112.0,1599
2023-07-05,112.0,123.2,129.224,110.48,5167
2023-07-06,120.8,118.4,128.0,113.6,3008
2023-07-07,112.8,113.6,119.2,112.0,1828
2023-07-10,118.4,126.4,126.4,113.6,3626
2023-07-11,128.0,123.2,128.0,117.6,2383
2023-07-12,126.4,126.4,126.4,120.0,2118
2023-07-13,128.8,129.6,144.8,120.8,10840
2023-07-14,129.6,123.2,129.6,121.6,2746
2023-07-17,120.8,131.2,135.04,120.8,2719
2023-07-18,132.8,128.0,135.2,125.6,1797
2023-07-19,128.0,118.4,129.2,116.0,2898
2023-07-20,117.608,120.0,120.8,116.0,993
2023-07-21,117.6,120.8,123.048,116.8,1258
2023-07-24,122.4,117.6,122.4,113.6,1482
2023-07-25,120.0,120.0,121.6,116.8,1568
2023-07-26,117.6,126.4,126.4,116.8,1814
2023-07-27,128.0,115.2,128.0,112.8,2807
2023-07-28,114.4,108.0,117.6,108.0,1781
2023-07-31,108.8,114.4,118.4,108.8,2982
2023-08-01,112.8,112.0,113.6,109.6,2093
2023-08-02,110.4,109.6,112.672,105.6,1791
2023-08-03,106.4,107.2,108.8,104.8,1327
2023-08-04,105.6,106.4,111.2,104.0,2171
2023-08-07,108.8,100.0,108.8,96.0,2556
2023-08-08,98.4,90.4,102.4,88.0,2363
2023-08-09,90.4,85.6,92.4,84.8,1461
2023-08-10,84.8,93.6,96.0,84.8,1808
2023-08-11,92.8,86.4,92.8,84.8,960
2023-08-14,84.8,90.4,90.4,84.8,618
2023-08-15,98.4,106.4,116.0,96.0,151748
2023-08-16,100.0,120.0,121.6,100.0,22295
2023-08-17,120.0,117.6,122.4,108.8,5757
2023-08-18,117.6,110.4,117.6,106.4,2335
2023-08-21,107.2,98.4,110.376,96.8,4257
2023-08-22,96.8,102.4,104.0,95.2,2045
2023-08-23,102.4,101.6,107.2,97.6,2161
2023-08-24,103.2,96.0,103.936,96.0,885
2023-08-25,96.8,94.4,99.2,93.6,1018
2023-08-28,94.4,94.4,101.6,93.6,1569
2023-08-29,95.2,93.6,97.456,91.2,2272
2023-08-30,95.2,95.2,96.0,90.4,1477
2023-08-31,96.0,94.4,96.0,88.0,1590
2023-09-01,92.0,89.6,95.424,89.6,1086
2023-09-05,96.0,93.6,96.0,89.6,995
2023-09-06,92.0,90.4,93.592,88.0,1375
2023-09-07,93.6,88.0,93.6,84.0,1436
2023-09-08,86.4,87.192,88.792,80.008,2410
2023-09-11,68.8,68.8,68.8,68.8,3
2023-09-12,76.0,74.936,76.0,73.216,2109
2023-09-13,77.6,78.32,79.992,72.8,777
2023-09-14,76.704,76.8,79.09592,75.2,340
2023-09-15,76.8,74.4,77.59192,72.8,538
2023-09-18,76.8,74.0,76.8,73.2,329
2023-09-19,73.624,71.2,74.016,70.416,738
2023-09-20,71.2,71.0072,73.59992,67.68,658
2023-09-21,68.8,66.0,69.28,64.4,1018
2023-09-22,66.0,66.8,69.76,64.84,240
2023-09-25,65.6,67.992,71.12,64.8,365
2023-09-26,68.8,65.384,68.8,64.064,440
2023-09-27,64.8,63.28,65.08,58.66832,871
2023-09-28,59.6,62.4,64.0,58.4,667
2023-09-29,62.4,62.4,62.4,58.40008,289
2023-10-02,64.0,67.032,67.592,63.2,1614
2023-10-03,67.2,61.6,68.38392,58.4,519
2023-10-04,62.4,65.52,67.704,62.4,1073
2023-10-05,64.8,61.608,65.52,61.608,159
2023-10-06,63.2,63.2,63.992,58.40808,147
2023-10-09,60.8,59.992,60.8,56.008,948
2023-10-10,56.8,59.99192,59.99192,56.8,314
2023-10-11,60.0,56.0,60.0,56.0,549
2023-10-12,57.4,53.208,59.992,52.0,811
2023-10-13,55.87208,52.0,59.3432,51.2,550
2023-10-16,51.216,50.168,52.0,48.808,673
2023-10-17,52.0,48.776,52.0,46.56,1229
2023-10-18,48.776,51.192,52.0,47.6,280
2023-10-19,51.44,44.096,52.0,41.168,1594
2023-10-20,47.94808,45.608,49.264,45.096,570
2023-10-23,46.32,42.48,49.624,40.304,7170
2023-10-24,41.208,45.024,45.704,40.0,2162
2023-10-25,40.0,39.68,42.4,38.768,1832
2023-10-26,42.288,39.128,42.288,39.128,858
2023-10-27,40.0,39.296,41.08,36.0,750
2023-10-30,40.16,41.072,41.6,37.768,1493
2023-10-31,41.6,40.08,41.6,38.856,254
2023-11-01,38.784,46.648,49.44,38.784,11082
2023-11-02,49.832,48.88,56.0,46.304,11687
2023-11-03,52.776,51.92,53.6,47.52,10591
2023-11-06,52.512,58.4,58.648,52.504,4451
2023-11-07,63.888,74.44,78.8,60.08,12597
2023-11-08,77.52,73.592,90.32,68.0,14140
2023-11-09,33.36,34.08,35.92,32.0,37914
2023-11-10,32.696,32.0,35.392,32.0,7033
2023-11-13,34.4,29.4,34.4,28.8,7802
2023-11-14,30.464,28.0,30.8,28.0,4954
2023-11-15,29.6,29.59192,30.88,27.2,4276
2023-11-16,30.4,26.008,32.0,25.6,4575
2023-11-17,27.088,27.28,28.568,26.4,4258
2023-11-20,27.672,28.0,28.0,26.4,3761
2023-11-21,28.0,27.872,28.792,26.72,1348
2023-11-22,27.688,27.32,27.984,26.4,2711
2023-11-24,27.608,28.264,29.752,27.2,3796
2023-11-27,28.4,33.128,33.592,27.2,26482
2023-11-28,32.968,31.92,37.6,28.0,22241
2023-11-29,32.0,33.52,33.6,30.4,9074
2023-11-30,33.704,33.6,35.92,32.136,12472
2023-12-01,33.2,32.88,34.0,31.2,5899
2023-12-04,32.88,32.336,32.88,31.2,3889
2023-12-05,32.408,32.248,33.52,31.352,2515
2023-12-06,32.0,30.0,32.0,29.768,3858
2023-12-07,31.264,28.008,31.92,28.0,8797
2023-12-08,28.168,24.25608,29.992,23.592,9114
2023-12-11,24.24,24.792,24.792,23.2,3629
2023-12-12,24.448,21.656,24.736,21.04,3573
2023-12-13,22.24,23.64,24.0,22.24,3805
2023-12-14,24.0,24.792,25.416,22.832,4261
2023-12-15,23.272,26.80008,27.592,23.272,7376
2023-12-18,28.0,26.752,28.464,25.736,4485
2023-12-19,26.44,25.208,27.29608,24.0,2750
2023-12-20,25.6,24.632,26.392,23.528,2742
2023-12-21,25.12,25.86392,26.384,24.36,1499
2023-12-22,27.2,25.96,27.2,24.856,1430
2023-12-26,26.712,24.008,26.712,24.0,2565
2023-12-27,24.76,25.52,25.6,24.008,3231
2023-12-28,27.2,29.2,32.0,25.4,91169
2023-12-29,26.4,27.52,29.04,25.424,9962
2024-01-02,28.216,30.216,31.04,26.408,15694
2024-01-03,30.384,27.36,31.184,26.888,5792
2024-01-04,29.04,30.4,31.184,27.36,5258
2024-01-05,29.44,39.96,41.032,28.82,49050
2024-01-08,40.768,36.472,41.208,33.8,13367
2024-01-09,38.808,36.0,39.19992,33.888,7131
2024-01-10,36.0,33.512,36.4,29.2,8658
2024-01-11,32.8,33.2,33.44,31.208,2603
2024-01-12,31.496,32.79192,33.16,30.4,2944
2024-01-16,32.64,28.0,32.64,26.8,6322
2024-01-17,28.392,28.4,29.59192,26.416,3090
2024-01-18,28.8,26.768,28.8,25.84,3719
2024-01-19,26.696,28.15192,28.16,25.968,5337
2024-01-22,29.856,27.816,29.856,26.4,1448
2024-01-23,28.088,27.6,28.8,26.824,1423
2024-01-24,28.76,29.56,30.4,28.4,3246
2024-01-25,29.56,29.584,30.34392,28.8,1954
2024-01-26,29.57592,29.2,29.584,28.8,787
2024-01-29,30.136,30.4,31.18392,28.96,1884
2024-01-30,30.4,30.9256,32.752,30.4,3110
2024-01-31,30.84,31.44,31.592,30.0,1178
2024-02-01,30.72,30.88,31.92,30.08,1407
2024-02-02,30.88,32.752,33.56,30.4,4990
2024-02-05,32.8,34.696,35.08,32.48,4721
2024-02-06,38.4,37.056,39.984,32.752,28543
2024-02-07,36.8,35.992,37.424,32.976,3319
2024-02-08,34.144,35.2,38.39192,34.088,3787
2024-02-09,35.232,34.424,36.712,33.8,17567
2024-02-12,31.36,32.792,34.4,28.08,40642
2024-02-13,30.4,31.2,32.0,28.8,4082
2024-02-14,30.264,35.44,37.44,29.6,16432
2024-02-15,35.2,35.2,36.76,32.08,4034
2024-02-16,33.78408,34.4,37.19192,33.784,4381
2024-02-20,34.8,35.224,37.2,34.8,3847
2024-02-21,35.72,34.664,36.0,33.064,1104
2024-02-22,32.88,34.216,35.104,32.88,2011
2024-02-23,33.6,34.4,34.87192,33.15208,1710
2024-02-26,33.608,36.44,36.8,32.8,5999
2024-02-27,36.0,36.408,39.2,35.544,5261
2024-02-28,44.264,41.6,46.392,36.416,75324
2024-02-29,39.336,39.80008,42.304,38.4,9105
2024-03-01,39.408,38.44,41.584,38.4,3742
2024-03-04,38.192,37.92,39.784,36.0,4652
2024-03-05,36.768,34.424,36.768,33.6,1894
2024-03-06,34.6,34.6,36.0,33.64,2451
2024-03-07,34.4,37.032,37.792,33.632,4763
2024-03-08,37.6,36.48,38.392,35.28,1985
2024-03-11,36.616,37.12,37.6,35.2,2065
2024-03-12,36.0,35.6,36.8,35.2,1562
2024-03-13,35.6,35.9992,36.8,34.8,1193
2024-03-14,36.56,35.76,36.79992,34.6,1545
2024-03-15,35.76,36.8,36.8,34.6,551
2024-03-18,60.8,46.496,64.0,41.84,440567
2024-03-19,40.0,50.408,53.6,40.0,37803
2024-03-20,48.0,53.032,53.592,44.8,13413
2024-03-21,50.224,50.4,50.4,44.16,8191
2024-03-22,48.0,48.792,50.384,47.2,4380
2024-03-25,47.288,48.632,49.504,40.8,4044
2024-03-26,49.6,47.92,49.6,44.92,2892
2024-03-27,47.12,46.64,47.19192,42.4,3376
2024-03-28,46.04,45.016,46.4,43.624,1920
2024-04-01,44.0,41.6,45.6,40.936,2916
2024-04-02,42.32,40.72,42.392,39.224,1539
2024-04-03,41.6,39.888,41.6,38.8,2155
2024-04-04,41.032,38.88,41.032,38.48,1728
2024-04-05,39.84,38.88,39.984,37.608,3193
2024-04-08,40.192,38.4,40.744,37.336,3243
2024-04-09,38.4,39.168,39.6,37.616,754
2024-04-10,39.2,44.8,44.8,39.2,3711
2024-04-11,44.8,46.8,47.2,43.2,2062
2024-04-12,45.816,44.72,46.8,43.28,1377
2024-04-15,43.28,41.104,44.7992,40.92,1488
2024-04-16,39.936,38.868,40.72,38.4,1335
2024-04-17,38.4,41.664,43.2,38.104,4567
2024-04-18,42.088,41.6,42.384,39.6,1357
2024-04-19,41.6,38.408,42.312,37.624,2886
2024-04-22,40.52,39.12,40.52,37.608,926
2024-04-23,38.6,38.0,40.0,36.928,2381
2024-04-24,37.384,37.04,39.2,36.0,1856
2024-04-25,36.8,29.6,36.8,29.4,5906
2024-04-26,30.88,29.44,32.0,28.888,6925
2024-04-29,29.6,29.36,31.288,28.96,2334
2024-04-30,29.6,29.92,31.2,29.32,2106
2024-05-01,29.6,28.704,30.1328,27.2,2029
2024-05-02,27.92,27.184,28.12,26.08,8284
2024-05-03,26.4,27.2,27.9992,26.4,2112
2024-05-06,27.2,28.4,31.112,26.816,5890
2024-05-07,29.368,26.448,29.384,25.856,6609
2024-05-08,26.624,27.784,28.0,26.464,2731
2024-05-09,27.28,27.776,28.312,27.208,1395
2024-05-10,25.904,26.112,27.856,25.68,3621
2024-05-13,26.16,26.392,27.4,25.42392,2067
2024-05-14,26.392,23.24,28.0,23.2,9034
2024-05-15,24.08,25.48,25.6,24.08,4498
2024-05-16,28.4,27.12,28.4,22.8,23306
2024-05-17,25.736,26.4,27.2,24.808,5721
2024-05-20,26.4,25.28,27.2,24.8,4130
2024-05-21,25.6,26.72,28.4,25.28,4077
2024-05-22,26.72,27.16,28.31192,25.92,3259
2024-05-23,27.92,26.4,28.0,25.76,1242
2024-05-24,28.088,28.56,31.84,26.88,13098
2024-05-28,30.48,30.4,31.76,28.8,8314
2024-05-29,31.52,34.552,40.0,31.2,25140
2024-05-30,34.4,32.0,35.08,30.0008,6054
2024-05-31,32.624,32.4,32.712,28.96,4601
2024-06-03,31.432,27.968,32.712,26.48,6337
2024-06-04,28.336,26.608,29.2,25.6,3602
2024-06-05,27.2,27.6,27.6,26.0,1681
2024-06-06,27.096,27.208,28.248,26.08,3394
2024-06-07,26.24,27.04,28.04,26.0,10646
2024-06-10,30.392,32.88,54.4,29.60008,383511
2024-06-11,30.624,36.792,38.8,30.312,34140
2024-06-12,36.224,37.184,42.4,34.4,23315
2024-06-13,36.256,35.92,37.8,33.504,6113
2024-06-14,34.816,34.128,39.2,32.832,10596
2024-06-17,33.76,34.96,35.2,32.24,19202
2024-06-18,34.64,35.192,36.224,33.08,5171
2024-06-20,36.2,40.8,42.4,35.2,15503
2024-06-21,40.8,38.2,43.992,37.616,9286
2024-06-24,40.0,46.8,47.92,40.0,22339
2024-06-25,46.8,41.96,50.4,40.376,35723
2024-06-26,44.8,45.104,47.192,41.088,22500
2024-06-27,43.44,46.96,48.8,43.2,16249
2024-06-28,48.0,46.104,48.656,45.608,2904
2024-07-01,47.2,46.032,47.2,44.808,7065
2024-07-02,44.8,39.256,47.92,38.4,22737
2024-07-03,37.6,37.608,40.712,34.44,16283
2024-07-05,37.584,42.344,43.2,36.656,3867
2024-07-08,42.16,39.2,44.0,38.32,8724
2024-07-09,39.192,38.408,41.12,36.84,8702
2024-07-10,39.384,39.04,39.92,37.6,8125
2024-07-11,39.04,39.52,39.96,38.024,5412
2024-07-12,39.2,38.736,39.912,38.528,3487
2024-07-15,45.32,34.512,45.32,33.288,81075
2024-07-16,35.432,37.6,39.016,34.4,77952
2024-07-17,35.08,35.52,38.24,33.088,21720
2024-07-18,35.056,33.78408,36.72,33.704,14740
2024-07-19,34.2,35.872,35.984,33.8,4765
2024-07-22,35.864,34.776,36.728,33.808,3743
2024-07-23,33.88,34.888,35.832,33.6,5159
2024-07-24,35.12,34.744,35.992,34.064,3497
2024-07-25,35.36,33.776,35.36,33.688,2640
2024-07-26,33.696,34.08,34.312,33.6,2544
2024-07-29,34.24,34.096,35.2,33.04,6963
2024-07-30,34.32,32.48,34.32,32.4,5125
2024-07-31,33.096,34.0,35.944,32.4,11497
2024-08-01,34.4,32.992,34.736,32.952,5063
2024-08-02,32.0,32.72,33.24,30.056,8688
2024-08-05,31.584,31.056,33.6,28.04,19212
2024-08-06,30.4,32.568,32.952,29.808,9355
2024-08-07,31.52,28.808,31.84,28.184,7921
2024-08-08,29.96,28.968,31.144,27.4,11153
2024-08-09,28.8,28.656,30.24,27.6,1108
2024-08-12,30.872,31.6,32.984,29.304,8761
2024-08-13,32.0,27.576,32.0,27.40808,12113
2024-08-14,30.0,29.328,30.0,28.152,4595
2024-08-15,29.12,29.752,31.184,28.808,5494
2024-08-16,30.64,33.16,34.0,29.752,5036
2024-08-19,35.88,35.0392,38.8,34.0,34016
2024-08-20,34.664,34.256,37.584,33.2,11000
2024-08-21,33.84,31.664,34.16,30.408,4501
2024-08-22,32.072,30.664,32.712,30.44,2424
2024-08-23,32.128,28.936,32.128,28.84,4045
2024-08-26,29.92,29.24,30.112,28.8,11889
2024-08-27,29.264,30.64,30.976,28.12,4960
2024-08-28,29.72,29.52,31.176,28.52792,3190
2024-08-29,28.8,28.4112,30.688,28.34528,2601
2024-08-30,29.52,28.864,29.52,27.6,2900
2024-09-03,28.144,26.88,29.6,26.0,6039
2024-09-04,27.84,27.0,27.84,26.424,1317
2024-09-05,27.0,26.344,27.192,25.728,2862
2024-09-06,27.512,26.392,27.512,25.6,1940
2024-09-09,25.92,25.496,27.18392,25.36,5364
2024-09-10,25.6,26.368,26.48,25.2,1580
2024-09-11,26.376,26.4,27.0,25.2832,2459
2024-09-12,26.4,25.288,26.4,24.888,2413
2024-09-13,25.104,24.912,25.6,24.272,2923
2024-09-16,24.168,24.672,25.52,24.168,1294
2024-09-17,25.08,24.592,25.44,23.648,3957
2024-09-18,24.352,23.328,25.272,23.296,3098
2024-09-19,23.776,21.856,24.4,21.784,6819
2024-09-20,22.336,22.072,22.4,21.4,2898
2024-09-23,22.072,22.24,23.016,21.6,2017
2024-09-24,22.24,22.216,22.792,21.608,2112
2024-09-25,21.696,20.8,22.216,19.304,8351
2024-09-26,20.008,18.968,20.952,18.4,18584
2024-09-27,18.968,20.312,20.312,18.4,5996
2024-09-30,19.6,18.552,19.6,18.472,4840
2024-10-01,18.4,17.6,18.48,17.24,5233
2024-10-02,17.6,17.344,18.0,17.24,2235
2024-10-03,17.344,18.32,18.392,17.264,3327
2024-10-04,19.176,19.168,19.2,18.328,3516
2024-10-07,16.8,17.44,18.0,15.616,22391
2024-10-08,18.0,19.168,20.8,17.6,14054
2024-10-09,20.32,18.32,20.712,17.704,10688
2024-10-10,15.68,16.6,17.52,15.68,32259
2024-10-11,17.64,14.4,17.8,13.44,43970
2024-10-14,14.52,14.84,15.74,14.48,15551
2024-10-15,15.36,16.0,18.152,14.96,30057
2024-10-16,16.08,16.12,16.8396,15.64,13748
2024-10-17,16.16,16.16,16.96,15.8004,8786
2024-10-18,16.16,15.8,16.92,15.4004,6528
2024-10-21,15.96,15.52,16.76,15.36,5257
2024-10-22,15.2,14.34,16.36,14.24,9648
2024-10-23,14.28,13.16,14.48,12.8,19737
2024-10-24,13.04,13.5688,14.36,13.0144,19164
2024-10-25,13.52,13.92,14.6452,13.2,29221
2024-10-28,14.0,13.44,14.6656,13.0,25028
2024-10-29,13.4,13.32,14.4,13.2,20586
2024-10-30,13.4,12.04,13.66,11.136,25414
2024-10-31,12.16,11.72,12.28,11.2408,8535
2024-11-01,11.56,11.4,11.7596,10.8004,3013
2024-11-04,11.08,9.92,11.32,9.6,19819
2024-11-05,9.92,10.16,10.76,9.32,30794
2024-11-06,10.4,10.24,10.64,9.36,47593
2024-11-07,10.52,9.52,10.648,9.52,24790
2024-11-08,9.92,8.84,9.96,8.6,17860
2024-11-11,9.16,8.28,9.6,8.04,12415
2024-11-12,8.24,7.76,8.64,7.64,17954
2024-11-13,7.8,7.56,8.28,7.2,15161
2024-11-14,7.44,7.6,7.68,7.2004,7009
2024-11-15,7.48,6.52,7.92,6.2,17028
2024-11-18,6.52,5.96,6.6,5.84,12020
2024-11-19,5.96,6.2,6.8,5.8404,67891
2024-11-20,6.2,6.04,6.6,5.5464,18130
2024-11-21,6.08,5.8,6.2,5.2896,17976
2024-11-22,5.8256,7.52,8.6328,5.8256,458028
2024-11-25,11.2,11.04,11.92,8.96,7372849
2024-11-26,9.4,10.08,10.6,8.56,225855
2024-11-27,10.0,8.52,10.3572,8.52,76577
2024-11-29,8.92,7.72,9.2,7.72,63217
2024-12-02,7.8,6.68,8.24,6.36,117621
2024-12-03,6.72,6.32,6.76,6.2356,38703
2024-12-04,6.28,6.32,6.72,6.04,54537
2024-12-05,6.44,6.56,6.68,6.08,29777
2024-12-06,6.44,6.96,7.2756,6.24,93946
2024-12-09,7.16,6.92,7.7608,6.92,49804
2024-12-10,6.96,6.84,7.28,6.16,43347
2024-12-11,7.2,6.52,7.2,6.4,55422
2024-12-12,6.4,6.44,7.0004,6.2,57122
2024-12-13,6.48,6.4,6.88,6.2,36479
2024-12-16,6.48,6.36,6.68,6.0,24333
2024-12-17,6.52,6.24,6.6,5.8968,209268
2024-12-18,6.16,6.56,6.8,6.16,69183
2024-12-19,6.44,7.04,7.916,6.44,88511
2024-12-20,6.96,7.48,7.6796,6.96,61627
2024-12-23,7.56,7.88,8.2,7.04,67993
2024-12-24,7.68,7.44,7.7932,7.04,57721
2024-12-26,7.24,7.52,7.64,7.0,34205
2024-12-27,7.64,7.52,7.88,7.08,52775
2024-12-30,7.6,7.36,7.8,7.12,42498
2024-12-31,9.04,8.72,10.48,8.16,553226
2025-01-02,8.6,8.0,8.6,7.76,65471
2025-01-03,7.84,9.12,9.2,7.44,179081
2025-01-06,10.0,8.64,10.0,8.0,271444
2025-01-07,8.64,8.12,9.32,7.92,142441
2025-01-08,6.88,5.96,6.9992,4.8,644003
2025-01-10,5.96,5.96,6.6636,5.92,51497
2025-01-13,5.96,5.72,6.28,5.36,59906
2025-01-14,5.8,6.04,6.24,5.8,24284
2025-01-15,6.24,6.0,6.24,5.72,18874
2025-01-16,6.0,5.64,6.396,5.4,49194
2025-01-17,5.64,5.72,5.96,5.64,17786
2025-01-21,5.72,5.4,5.84,5.1604,30632
2025-01-22,5.36,5.04,5.36,4.96,33692
2025-01-23,5.04,5.24,5.32,5.04,17385
2025-01-24,5.24,5.04,5.48,5.0,18871
2025-01-27,5.08,4.6,5.2,4.44,29765
2025-01-28,4.76,4.24,4.76,4.0,42387
2025-01-29,3.88,3.4416,3.9992,3.3308,66152
2025-01-30,3.6,3.5744,3.7568,3.4432,35493
2025-01-31,3.7572,4.52,5.6,3.64,736516
2025-02-03,4.32,4.32,5.12,4.12,365640
2025-02-04,4.48,4.2,4.48,4.04,55322
2025-02-05,4.16,3.8244,4.18,3.756,39572
2025-02-06,3.8908,3.72,4.0,3.56,29290
2025-02-07,4.16,3.7856,4.88,3.6,304718
2025-02-10,3.6,3.1752,3.6004,3.12,82311
2025-02-11,3.2,3.0632,3.36396,3.0004,31469
2025-02-12,2.9316,3.1444,3.2796,2.9316,15898
2025-02-13,3.2,3.76,4.0,3.12,70170
2025-02-14,3.8,3.948,4.16,3.8,60420
2025-02-18,3.738,3.658,3.88,3.5136,32318
2025-02-19,3.72,3.7384,3.78,3.5604,14958
2025-02-20,3.64,3.5804,3.7868,3.484,16237
2025-02-21,3.6208,3.416,3.6208,3.416,15642
2025-02-24,3.4748,3.32,3.58,3.0944,18447
2025-02-25,3.2204,3.2476,3.32,3.12,10064
2025-02-26,3.1988,3.1136,3.352,3.088,7295
2025-02-27,3.1204,3.24,3.336,3.12,8990
2025-02-28,3.3108,3.32,3.4384,3.08,7279
2025-03-03,3.224,3.3,3.44,3.16,15529
2025-03-04,3.2008,2.9996,3.24,2.840004,20780
2025-03-05,3.36,2.9724,3.36,2.9216,48235
2025-03-06,2.96,2.6492,3.0128,2.6484,41955
2025-03-07,2.68,2.72,2.791996,2.604,14633
2025-03-10,2.744,2.46,2.744,2.4,14797
2025-03-11,2.48,2.44,2.591196,2.2776,23449
2025-03-12,2.5132,2.468,2.5132,2.32,11305
2025-03-13,2.12,1.9608,2.252,1.9608,44818
2025-03-14,1.972,1.804,2.124,1.804,153330
2025-03-17,1.65,2.41,2.41,1.65,325768
2025-03-18,2.37,2.42,2.87,2.28,305738
2025-03-19,2.35,2.1,2.37,2.06,108340
2025-03-20,2.1,1.88,2.1,1.8,59235
2025-03-21,1.88,2.01,2.13,1.88,51110
2025-03-24,2.15,2.02,2.16,1.86,55848
2025-03-25,2.03,2.17,2.2,2.02,24038
2025-03-26,2.17,2.08,2.17,2.0,21756
2025-03-27,2.08,2.12,2.1814,2.02,19565
2025-03-28,2.0292,2.03,2.0922,2.0,6516
2025-03-31,2.05,1.87,2.05,1.87,24301
2025-04-01,1.99,1.91,2.0778,1.85,15730
2025-04-02,2.0288,2.13,2.2211,1.95,50208
2025-04-03,2.07,2.03,2.08,1.9101,13926
2025-04-04,2.08,1.97,2.08,1.9206,16488
2025-04-07,1.97,2.035,2.0999,1.86,44586
2025-04-08,2.08,2.1204,2.2,1.95,28886
2025-04-09,2.13,2.63,2.68,2.08,75232
2025-04-10,2.65,2.49,2.7,2.26,73809
2025-04-11,2.42,2.1,2.4599,2.08,15378
