2020-09-30,9.75,7.0,10.99,6.98,13234144
2020-10-01,7.21,6.92,7.34,6.26,2438760
2020-10-02,6.45,6.7,6.84,6.4,1169209
2020-10-05,6.7,6.6,6.7,6.27,1038981
2020-10-06,6.62,7.41,7.49,6.6,1866195
2020-10-07,7.6,8.08,8.48,7.6,2542067
2020-10-08,8.3,9.0,9.43,8.08,2189728
2020-10-09,9.3,8.6,9.33,8.15,2059414
2020-10-12,8.71,8.51,9.06,8.51,549217
2020-10-13,8.51,8.35,8.6,8.15,431520
2020-10-14,8.28,7.76,8.5,7.5,993220
2020-10-15,7.75,8.96,8.99,7.5776,1498535
2020-10-16,9.0,8.91,9.05,8.58,1588304
2020-10-19,8.91,8.48,9.2,8.33,829848
2020-10-20,8.45,8.48,8.79,8.12,514775
2020-10-21,8.44,8.22,8.7,8.05,288074
2020-10-22,8.12,8.14,8.31,7.88,206901
2020-10-23,8.16,8.99,9.01,8.16,970069
2020-10-26,8.39,8.15,8.6975,8.12,560223
2020-10-27,8.28,8.52,8.53,8.25,225476
2020-10-28,8.2,8.22,8.5,8.14,508608
2020-10-29,8.22,8.8,9.0,8.22,698473
2020-10-30,8.55,8.41,8.85,8.2701,241491
2020-11-02,8.67,8.65,9.6799,8.52,1533760
2020-11-03,8.76,8.84,9.08,8.65,528414
2020-11-04,9.0,8.52,9.5,8.31,2401322
2020-11-05,8.64,8.94,9.15,8.62,536715
2020-11-06,8.94,10.29,10.35,8.82,2024530
2020-11-09,11.09,11.53,11.88,10.29,2402574
2020-11-10,9.82,9.51,10.46,9.08,2076032
2020-11-11,10.05,9.21,10.08,9.12,1039131
2020-11-12,9.21,9.03,9.36,8.68,1726500
2020-11-13,9.03,9.0,9.03,8.6,771344
2020-11-16,9.0,8.66,9.3,8.5,979763
2020-11-17,8.73,9.56,9.6,8.68,1353086
2020-11-18,9.3,9.02,9.96,9.01,1279054
2020-11-19,9.2,9.22,9.59,9.08,531291
2020-11-20,9.23,9.6,9.7717,9.15,912689
2020-11-23,9.82,10.65,10.8,9.7,2176539
2020-11-24,10.67,10.88,11.58,10.46,2198801
2020-11-25,10.7,10.5,11.04,10.05,1095228
2020-11-27,10.65,10.81,11.09,10.55,654539
2020-11-30,11.0,15.41,15.655,10.48,6590627
2020-12-01,15.4,13.35,15.5847,13.02,5017675
2020-12-02,13.5,13.48,13.78,12.61,1839596
2020-12-03,13.79,14.58,15.0,13.75,2393263
2020-12-04,14.78,17.14,18.03,14.58,5342791
2020-12-07,18.45,16.98,18.51,16.22,2794566
2020-12-08,17.13,19.87,19.87,17.03,3276781
2020-12-09,19.49,18.68,23.18,17.5101,6355759
2020-12-10,19.07,20.15,20.6,18.7,2196823
2020-12-11,20.15,19.99,22.26,19.48,3132217
2020-12-14,20.24,18.67,20.24,17.83,2315901
2020-12-15,18.07,16.15,18.3978,15.84,3084862
2020-12-16,16.71,16.98,17.5,16.35,1868228
2020-12-17,16.98,15.81,17.23,15.7201,1713744
2020-12-18,15.97,17.9,18.85,15.89,3372901
2020-12-21,17.42,17.9,19.5,16.86,3003789
2020-12-22,18.41,18.15,20.7,18.0,2720794
2020-12-23,19.08,17.48,19.34,16.86,2911932
2020-12-24,17.49,17.01,17.83,16.26,1341642
2020-12-28,17.3,16.5,17.3,15.01,2474959
2020-12-29,16.72,16.12,16.72,15.2,1459878
2020-12-30,16.51,15.25,16.51,15.1,1859777
2020-12-31,15.36,14.33,15.47,13.85,2016068
2021-01-04,14.14,15.2,15.9787,14.01,1629376
2021-01-05,15.3,15.54,15.59,14.73,890975
2021-01-06,15.43,14.38,15.43,14.1483,2136764
2021-01-07,14.6,15.5,15.75,14.21,1479164
2021-01-08,15.49,15.19,15.65,14.73,1084475
2021-01-11,15.2,17.71,18.6,14.68,4625587
2021-01-12,17.97,17.79,18.19,16.06,2719955
2021-01-13,17.79,18.1,19.47,17.79,2290499
2021-01-14,18.5,17.34,18.58,17.11,1213672
2021-01-15,17.81,16.36,18.1,16.2,2020941
2021-01-19,16.77,17.02,17.85,16.02,1775601
2021-01-20,17.78,18.57,19.0,17.17,2623192
2021-01-21,18.73,18.01,19.64,17.85,2108788
2021-01-22,18.1,18.6,18.95,17.68,1644003
2021-01-25,19.65,24.64,24.78,19.45,6814617
2021-01-26,24.63,25.88,27.47,21.8,6304349
2021-01-27,24.2,23.16,26.32,22.51,2612184
2021-01-28,24.28,24.72,25.6,21.02,3754969
2021-01-29,23.76,25.49,28.4,23.75,3768961
2021-02-01,26.17,28.78,29.18,25.15,2850539
2021-02-02,30.0,29.38,31.0,28.01,2282221
2021-02-03,30.0,28.98,31.88,28.75,2149151
2021-02-04,30.76,29.79,31.86,28.2,1779814
2021-02-05,30.0,35.28,35.4,29.9842,2720665
2021-02-08,37.35,35.6,37.35,34.1101,2099270
2021-02-09,34.6,34.2,36.6564,32.51,2228571
2021-02-10,34.9,32.03,36.6,31.2,2179486
2021-02-11,33.45,40.62,41.35,33.0,3773820
2021-02-12,38.01,39.2,40.81,37.17,1535163
2021-02-16,39.5,37.14,39.6,35.35,2030026
2021-02-17,36.0,33.85,36.2146,33.0,2001147
2021-02-18,32.2,27.26,32.39,26.1,5046766
2021-02-19,29.1,28.47,31.97,28.2101,2678675
2021-02-22,26.8,25.89,27.71,25.25,2585820
2021-02-23,23.56,26.39,26.55,21.0,3352978
2021-02-24,25.57,25.5,27.74,24.2,2204423
2021-02-25,26.32,22.75,26.65,22.02,2600862
2021-02-26,22.26,21.71,23.12,20.68,3029376
2021-03-01,23.11,25.75,25.94,22.6157,3194246
2021-03-02,25.33,23.73,27.7499,23.5,2994985
2021-03-03,24.6,22.5,25.0,22.15,1694424
2021-03-04,21.09,20.52,22.3766,19.4,2567903
2021-03-05,21.33,19.63,21.35,17.5635,2358617
2021-03-08,19.31,17.94,19.84,17.7,1596780
2021-03-09,18.5,19.55,20.18,18.3,2599206
2021-03-10,20.65,19.76,21.37,19.4717,2231706
2021-03-11,21.29,23.29,23.45,20.874,3637911
2021-03-12,22.03,23.91,24.68,21.5201,3269326
2021-03-15,27.5,23.55,27.5797,22.83,7194801
2021-03-16,24.08,27.15,28.5,23.75,5621264
2021-03-17,25.77,28.2,29.48,25.18,4114168
2021-03-18,27.35,25.95,28.0,25.53,2139248
2021-03-19,25.74,27.79,28.95,25.2,3179684
2021-03-22,28.31,26.49,28.83,25.36,3356455
2021-03-23,26.35,23.13,26.4581,22.25,3993174
2021-03-24,23.89,20.32,23.9,20.0,3101251
2021-03-25,19.96,21.25,22.2,19.4,2130105
2021-03-26,22.9,20.94,23.2565,20.23,2672578
2021-03-29,21.5,21.99,23.1,21.14,1941296
2021-03-30,22.13,24.25,24.39,21.7101,1564254
2021-03-31,24.72,25.01,26.2277,24.44,1651429
2021-04-01,26.0,26.52,27.1,25.33,1526710
2021-04-05,27.0,25.33,27.0,24.2501,2338800
2021-04-06,24.56,24.91,25.7,24.13,1115658
2021-04-07,24.32,23.86,25.4802,23.5788,1217050
2021-04-08,24.12,24.5,24.97,23.88,826647
2021-04-09,23.91,22.85,24.48,22.38,1185816
2021-04-12,22.98,23.05,23.7,22.77,868658
2021-04-13,23.1,23.19,23.65,22.71,682985
2021-04-14,23.65,23.52,25.08,22.96,1873090
2021-04-15,23.52,21.99,24.18,21.4606,1291258
2021-04-16,22.07,22.84,23.19,21.19,1085531
2021-04-19,22.75,23.13,23.89,22.41,914688
2021-04-20,23.0,22.5,23.0,21.32,1175107
2021-04-21,21.93,23.02,23.5503,21.57,876778
2021-04-22,23.58,22.67,24.72,22.1,1798012
2021-04-23,22.92,24.56,25.0,22.82,1912440
2021-04-26,24.91,25.34,25.75,24.31,2542483
2021-04-27,25.97,24.36,26.0,23.4,2322953
2021-04-28,23.9,22.61,24.2798,22.5618,2005938
2021-04-29,23.0,20.66,23.255,20.4,3024833
2021-04-30,20.5,21.8,21.95,20.5,1171757
2021-05-03,21.71,21.57,22.58,21.34,712740
2021-05-04,21.26,21.18,21.39,19.93,916853
2021-05-05,21.23,20.37,21.02,20.03,493688
2021-05-06,20.41,20.07,20.41,19.0,1262360
2021-05-07,20.5,20.49,20.99,20.21,824907
2021-05-10,19.98,19.55,20.1,18.52,1686364
2021-05-11,19.06,19.9,20.38,18.82,1732221
2021-05-12,20.1,20.59,22.1,19.92,2356850
2021-05-13,20.64,18.64,20.99,18.28,2059973
2021-05-14,19.21,20.13,20.42,18.83,1262460
2021-05-17,19.94,18.36,20.08,18.1,2606400
2021-05-18,18.49,18.32,19.351,18.0,1859876
2021-05-19,17.6,17.01,18.36,16.73,4847963
2021-05-20,16.89,15.96,17.18,15.33,4690118
2021-05-21,17.57,16.9,19.5,16.53,9496096
2021-05-24,17.21,15.5,17.21,15.44,3486101
2021-05-25,15.64,14.85,16.15,14.85,2370845
2021-05-26,15.05,16.05,16.28,14.61,2844390
2021-05-27,15.96,15.94,16.88,15.7,1346869
2021-05-28,16.01,15.57,16.3748,15.51,1058993
2021-06-01,16.02,17.88,18.62,16.02,3183542
2021-06-02,18.09,18.33,19.05,17.15,2488024
2021-06-03,17.62,18.29,18.78,17.62,1302946
2021-06-04,18.34,17.76,18.48,17.4,987137
2021-06-07,17.75,18.93,18.93,17.62,1054681
2021-06-08,19.11,19.94,19.985,19.1,1310947
2021-06-09,19.9,19.26,20.495,19.2227,1135185
2021-06-10,19.51,18.78,19.93,18.34,920571
2021-06-11,19.26,19.43,19.46,18.72,398006
2021-06-14,19.25,18.62,19.49,18.12,998178
2021-06-15,18.66,17.99,18.8,17.66,935664
2021-06-16,17.98,18.42,18.45,17.5611,542032
2021-06-17,18.17,18.5,19.05,18.17,720864
2021-06-18,18.39,17.89,18.76,17.77,644659
2021-06-21,17.86,18.44,19.19,17.5152,1234001
2021-06-22,18.0,17.98,18.1879,17.33,750314
2021-06-23,18.28,18.37,18.99,18.11,804913
2021-06-24,18.59,18.51,18.95,18.34,543096
2021-06-25,18.6,19.61,19.9542,18.37,1369777
2021-06-28,20.0,20.0,21.0,19.67,1984586
2021-06-29,19.9,19.47,20.49,19.21,952648
2021-06-30,19.4,19.99,20.49,19.01,1721841
2021-07-01,19.92,18.85,20.49,18.23,2529319
2021-07-02,18.89,18.02,18.9,17.47,1634296
2021-07-06,17.75,16.53,17.84,16.53,1941106
2021-07-07,16.8,16.34,17.0,16.01,1033156
2021-07-08,15.77,16.26,16.4,15.39,1328070
2021-07-09,16.65,16.66,16.879,16.1,500313
2021-07-12,16.57,16.1,16.7535,15.98,609118
2021-07-13,16.08,16.14,16.54,15.7,875326
2021-07-14,16.41,16.09,16.89,15.95,1018343
2021-07-15,16.11,16.28,16.8,16.0,801186
2021-07-16,16.5,16.84,17.12,16.32,1113136
2021-07-19,16.18,15.23,16.29,14.71,1715002
2021-07-20,15.34,15.27,15.44,14.7201,481838
2021-07-21,15.33,15.68,15.94,15.15,755842
2021-07-22,15.8,15.6,15.85,15.27,683014
2021-07-23,15.0,14.01,15.305,13.25,3940923
2021-07-26,13.25,13.22,13.8,13.05,1447077
2021-07-27,12.99,12.33,12.99,11.72,2304258
2021-07-28,12.91,13.4,13.64,12.68,1800198
2021-07-29,13.65,12.97,13.87,12.65,561682
2021-07-30,12.89,13.06,13.52,12.51,816657
2021-08-02,13.11,13.38,13.76,13.11,502769
2021-08-03,13.36,12.94,13.4,12.6342,467255
2021-08-04,12.97,12.72,13.4516,12.64,1032954
2021-08-05,12.57,12.91,13.25,12.44,855942
2021-08-06,13.03,12.7,13.22,12.67,547995
2021-08-09,12.85,13.55,13.65,12.85,1288643
2021-08-10,13.41,10.99,13.41,10.95,5307595
2021-08-11,10.98,10.97,11.0993,10.58,1206350
2021-08-12,10.74,10.91,11.0,10.5,954867
2021-08-13,10.76,10.41,10.97,10.35,860271
2021-08-16,10.2,10.06,10.6,9.84,1496000
2021-08-17,9.78,9.88,10.15,9.5538,1454415
2021-08-18,9.95,10.04,10.24,9.8,977555
2021-08-19,9.71,9.4,10.04,9.31,972128
2021-08-20,9.14,9.41,9.52,9.03,1268840
2021-08-23,9.53,9.85,10.02,9.41,647499
2021-08-24,10.15,10.01,10.5,9.9,1076109
2021-08-25,10.04,9.96,10.08,9.81,583697
2021-08-26,9.98,9.78,10.29,9.63,694162
2021-08-27,9.88,9.89,10.18,9.7,559505
2021-08-30,9.96,9.89,10.04,9.43,748035
2021-08-31,9.88,10.16,10.22,9.82,572396
2021-09-01,10.24,10.1,10.3,9.82,1175506
2021-09-02,10.07,9.89,10.22,9.79,830566
2021-09-03,10.0,10.02,10.43,9.92,688342
2021-09-07,10.2,10.17,10.62,10.1,1199884
2021-09-08,10.12,9.8,10.25,9.69,714877
2021-09-09,9.74,10.11,10.19,9.72,1304271
2021-09-10,10.13,9.56,10.355,9.56,779010
2021-09-13,9.51,9.17,9.52,8.93,735277
2021-09-14,9.25,8.71,9.25,8.65,1181402
2021-09-15,8.69,8.51,8.7,8.3,912764
2021-09-16,8.45,8.39,8.49,8.22,488942
2021-09-17,8.46,8.34,8.46,8.22,547631
2021-09-20,8.18,7.84,8.2,7.71,1018545
2021-09-21,7.89,7.7,8.15,7.65,680343
2021-09-22,7.67,7.95,8.0,7.58,828335
2021-09-23,8.0,7.87,8.0,7.7,513436
2021-09-24,7.74,7.66,7.81,7.63,546356
2021-09-27,7.6,7.48,7.61,7.3,470714
2021-09-28,7.43,7.17,7.45,7.02,771530
2021-09-29,7.2,7.36,7.63,6.82,7186666
2021-09-30,7.45,7.59,7.7163,6.97,2507356
2021-10-01,7.67,7.62,7.84,7.35,1336536
2021-10-04,7.57,7.27,7.6,7.18,1000100
2021-10-05,7.23,7.38,7.5083,7.1501,326891
2021-10-06,7.25,7.05,7.43,7.03,742130
2021-10-07,7.2,7.48,7.62,7.2,1360629
2021-10-08,7.51,7.31,7.56,7.15,881157
2021-10-11,7.39,7.45,7.79,7.35,932488
2021-10-12,7.53,7.34,7.74,7.2201,811715
2021-10-13,7.33,7.46,7.5,7.12,529196
2021-10-14,7.46,7.14,7.4776,7.12,471329
2021-10-15,7.12,6.96,7.28,6.94,487283
2021-10-18,6.9,6.49,6.982,6.34,1585056
2021-10-19,6.58,6.93,7.08,6.58,910826
2021-10-20,7.03,6.97,7.25,6.7,1425448
2021-10-21,6.96,6.95,7.13,6.85,509218
2021-10-22,6.88,6.81,6.95,6.51,1022773
2021-10-25,6.88,6.78,6.935,6.6,423850
2021-10-26,6.7,6.56,6.85,6.53,363126
2021-10-27,6.55,6.38,6.66,6.38,357591
2021-10-28,6.38,6.63,6.665,6.26,387921
2021-10-29,6.59,6.42,6.59,6.3,668523
2021-11-01,6.42,6.63,6.95,6.4,1197017
2021-11-02,6.6,6.62,6.86,6.38,1213770
2021-11-03,6.65,6.8,6.83,6.38,765699
2021-11-04,6.82,6.68,6.9,6.48,659938
2021-11-05,6.74,6.62,7.15,6.61,1365471
2021-11-08,6.74,7.36,7.41,6.74,1954238
2021-11-09,8.5,8.52,9.66,7.98,9735090
2021-11-10,8.53,7.54,8.5999,7.49,1980563
2021-11-11,7.75,8.49,8.83,7.62,2285652
2021-11-12,8.67,8.38,8.69,8.0854,837135
2021-11-15,8.87,9.31,10.4,8.721,8550895
2021-11-16,9.34,9.16,9.59,8.81,2814301
2021-11-17,9.04,9.0,9.43,8.615,1448645
2021-11-18,8.93,7.92,8.93,7.71,2551474
2021-11-19,8.1,8.02,8.3638,7.8401,1558648
2021-11-22,7.98,8.11,8.42,7.545,2085413
2021-11-23,8.0,7.85,8.07,7.53,2707767
2021-11-24,7.72,8.22,8.27,7.53,492284
2021-11-26,7.72,7.68,7.94,7.6,528531
2021-11-29,7.68,7.49,7.74,7.3,602237
2021-11-30,7.38,7.16,7.76,6.95,1760958
2021-12-01,7.24,6.85,7.44,6.83,1339668
2021-12-02,6.85,6.86,7.11,6.66,714697
2021-12-03,6.79,6.39,6.81,6.192,1631817
2021-12-06,6.33,6.42,6.57,6.01,926911
2021-12-07,6.7,6.86,7.01,6.7,837914
2021-12-08,6.81,7.24,7.44,6.71,1137609
2021-12-09,7.16,7.07,7.48,7.0201,683143
2021-12-10,7.16,6.86,7.4,6.8,955644
2021-12-13,6.82,6.29,6.82,6.1717,591195
2021-12-14,6.11,6.25,6.38,6.04,615124
2021-12-15,6.22,6.37,6.4,5.88,611393
2021-12-16,6.5,6.19,6.51,5.98,947479
2021-12-17,6.12,6.25,6.32,6.0,629935
2021-12-20,6.02,6.09,6.13,5.89,968446
2021-12-21,6.09,6.44,6.52,6.09,1250868
2021-12-22,6.2,6.37,6.41,6.11,627488
2021-12-23,6.33,6.3,6.34,6.15,767461
2021-12-27,6.31,6.09,6.322,6.07,683291
2021-12-28,6.07,5.92,6.0716,5.8,1360325
2021-12-29,5.91,6.04,6.219,5.64,1519800
2021-12-30,6.02,7.08,7.3,6.02,2539054
2021-12-31,6.91,6.71,7.1027,6.62,1855257
2022-01-03,6.79,6.72,6.97,6.61,452928
2022-01-04,6.74,6.35,6.74,6.26,863260
2022-01-05,6.26,6.13,6.59,6.01,623840
2022-01-06,6.2,5.98,6.41,5.9,952954
2022-01-07,6.12,6.18,6.4,6.08,568704
2022-01-10,6.1,6.13,6.16,5.921,487936
2022-01-11,6.15,6.52,6.6,6.15,568762
2022-01-12,6.68,6.76,6.89,6.53,577638
2022-01-13,6.7,6.76,6.8,6.48,706877
2022-01-14,6.6,6.54,6.81,6.26,737663
2022-01-18,6.3,6.05,6.61,6.0291,738178
2022-01-19,6.07,6.2,6.4,6.06,595905
2022-01-20,6.45,6.12,6.63,6.11,1029778
2022-01-21,6.17,6.13,6.34,6.05,907938
2022-01-24,6.04,6.34,6.35,5.71,804975
2022-01-25,6.21,6.09,6.34,5.935,406165
2022-01-26,6.2,5.74,6.26,5.68,441468
2022-01-27,5.81,5.42,5.86,5.34,617948
2022-01-28,5.37,5.47,5.48,5.1701,518944
2022-01-31,5.53,6.21,6.22,5.53,625188
2022-02-01,6.21,6.29,6.52,5.93,754832
2022-02-02,6.36,6.11,6.38,6.0,399222
2022-02-03,5.99,6.08,6.24,5.96,410389
2022-02-04,6.08,6.17,6.228,6.03,143375
2022-02-07,6.11,6.29,6.55,6.11,632258
2022-02-08,6.27,6.53,6.54,6.2301,224594
2022-02-09,6.6,6.82,6.955,6.51,401566
2022-02-10,6.56,6.6,6.9,6.51,354588
2022-02-11,6.64,6.55,6.83,6.42,293494
2022-02-14,6.52,6.49,6.76,6.43,191043
2022-02-15,6.57,6.96,7.01,6.56,949898
2022-02-16,6.89,6.73,7.01,6.6,830025
2022-02-17,6.66,6.74,6.94,6.51,753417
2022-02-18,6.65,6.29,6.667,6.16,686939
2022-02-22,6.05,6.16,6.5027,6.01,1016309
2022-02-23,6.24,6.06,6.54,5.97,705902
2022-02-24,5.79,6.25,6.25,5.79,869109
2022-02-25,6.25,6.12,6.3,5.98,412193
2022-02-28,6.04,6.08,6.4,5.96,682900
2022-03-01,6.08,5.95,6.5,5.94,748870
2022-03-02,6.0,6.1,6.16,5.81,549547
2022-03-03,6.11,5.65,6.23,5.595,659548
2022-03-04,5.58,5.41,5.815,5.4,880770
2022-03-07,5.38,5.05,5.53,5.01,931991
2022-03-08,5.08,5.11,5.24,4.845,459822
2022-03-09,5.26,5.43,5.5018,5.26,517465
2022-03-10,5.31,5.05,5.31,4.9,565977
2022-03-11,5.1,4.37,5.101,4.36,998506
2022-03-14,4.0098,3.7,4.02,3.65,2105365
2022-03-15,3.91,3.84,3.99,3.51,1320081
2022-03-16,4.313,4.67,4.7,4.0,2145979
2022-03-17,4.43,4.63,4.665,4.32,575065
2022-03-18,4.62,4.97,5.1,4.35,1424842
2022-03-21,4.82,4.78,5.08,4.69,1000019
2022-03-22,4.73,5.12,5.25,4.7,773190
2022-03-23,5.0,4.88,5.25,4.8,1468706
2022-03-24,4.91,4.82,4.99,4.6,774897
2022-03-25,4.74,4.61,4.81,4.49,771338
2022-03-28,4.65,4.72,4.88,4.58,302482
2022-03-29,4.83,4.75,4.9,4.73,400985
2022-03-30,4.71,4.61,4.74,4.5,736109
2022-03-31,4.59,4.48,4.59,4.38,510360
2022-04-01,4.66,4.49,4.72,4.44,526301
2022-04-04,4.59,4.91,4.9998,4.58,916890
2022-04-05,4.89,4.89,4.95,4.7,663774
2022-04-06,4.75,4.81,4.87,4.6,631141
2022-04-07,4.75,4.52,4.77,4.45,394523
2022-04-08,4.48,4.47,4.55,4.38,133973
2022-04-11,4.27,4.51,4.5799,4.205,293297
2022-04-12,4.6,4.42,4.72,4.4,269597
2022-04-13,4.48,4.6,4.6,4.4193,173569
2022-04-14,4.61,4.3,4.61,4.25,268245
2022-04-18,4.24,4.28,4.34,4.07,461074
2022-04-19,4.23,4.29,4.42,4.1322,245011
2022-04-20,4.31,4.13,4.35,4.1,308913
2022-04-21,4.19,4.11,4.283,4.06,175226
2022-04-22,4.1,4.05,4.26,4.05,233501
2022-04-25,4.01,3.94,4.0599,3.9,191701
2022-04-26,3.96,3.79,3.9634,3.77,223420
2022-04-27,3.83,3.69,3.93,3.68,168967
2022-04-28,3.79,3.91,3.94,3.69,304774
2022-04-29,4.16,4.09,4.37,4.03,509574
2022-05-02,4.09,4.09,4.14,3.94,185516
2022-05-03,4.07,3.98,4.1,3.89,227074
2022-05-04,3.92,4.21,4.27,3.9,393787
2022-05-05,4.11,4.04,4.3,3.9842,636095
2022-05-06,3.98,3.89,4.0,3.8,368318
2022-05-09,3.79,3.56,3.8278,3.5,262135
2022-05-10,3.64,3.46,3.6744,3.3,421220
2022-05-11,3.49,3.27,3.49,3.26,394407
2022-05-12,3.18,3.36,3.44,3.1,210197
2022-05-13,3.41,3.53,3.6,3.41,174100
2022-05-16,3.56,3.49,3.595,3.46,222230
2022-05-17,3.63,3.75,3.94,3.61,694309
2022-05-18,3.67,3.73,3.9,3.6601,220436
2022-05-19,3.76,3.74,3.87,3.7,220114
2022-05-20,3.82,3.46,3.82,3.36,401806
2022-05-23,3.45,3.49,3.51,3.32,228027
2022-05-24,3.41,3.28,3.41,3.2,326451
2022-05-25,3.27,3.3,3.39,3.26,177759
2022-05-26,3.3,3.53,3.57,3.19,271000
2022-05-27,3.59,3.76,3.78,3.56,212871
2022-05-31,3.86,3.7,3.88,3.7,379830
2022-06-01,3.71,3.54,3.83,3.51,582818
2022-06-02,3.54,3.66,3.75,3.48,919898
2022-06-03,3.57,3.59,3.68,3.5,552612
2022-06-06,3.72,3.79,3.9,3.695,822153
2022-06-07,3.77,3.79,3.9,3.66,830004
2022-06-08,3.85,4.06,4.0884,3.73,1114202
2022-06-09,3.98,3.71,3.98,3.7,919033
2022-06-10,3.74,3.72,3.8,3.57,940946
2022-06-13,3.56,3.53,3.64,3.495,904408
2022-06-14,3.58,3.58,3.6788,3.45,1220565
2022-06-15,3.63,3.84,3.88,3.5732,875408
2022-06-16,3.68,3.72,3.83,3.61,610565
2022-06-17,3.83,3.86,3.9,3.6917,182817
2022-06-21,3.94,4.1,4.18,3.902,355850
2022-06-22,4.1,4.01,4.16,3.99,334378
2022-06-23,4.03,4.19,4.23,4.0,480978
2022-06-24,4.24,4.26,4.35,4.18,385735
2022-06-27,4.3,4.2,4.3,4.17,240672
2022-06-28,4.24,3.91,4.24,3.88,286376
2022-06-29,3.91,4.07,4.09,3.86,188741
2022-06-30,4.01,3.9,4.01,3.86,138406
2022-07-01,3.89,4.04,4.0571,3.88,87987
2022-07-05,3.98,4.19,4.2,3.93,562317
2022-07-06,4.2,4.03,4.21,4.0,199098
2022-07-07,4.06,4.18,4.205,4.05,246172
2022-07-08,4.12,4.08,4.2454,4.05,63455
2022-07-11,4.05,4.05,4.16,3.98,401496
2022-07-12,4.07,4.09,4.15,3.96,191282
2022-07-13,4.01,4.21,4.24,3.89,175974
2022-07-14,4.3,4.1,4.3,4.05,128394
2022-07-15,4.08,4.05,4.11,4.0,122166
2022-07-18,4.16,4.2,4.29,4.11,225033
2022-07-19,4.28,4.26,4.29,4.16,65878
2022-07-20,4.22,4.77,4.855,4.22,760855
2022-07-21,4.75,4.74,4.9582,4.7,215433
2022-07-22,4.76,4.59,4.83,4.55,240370
2022-07-25,4.59,4.63,4.66,4.49,255636
2022-07-26,4.6,4.47,4.6,4.36,260583
2022-07-27,4.54,4.56,4.6,4.42,108235
2022-07-28,4.58,4.44,4.5988,4.38,126992
2022-07-29,4.35,4.43,4.46,4.31,87229
2022-08-01,4.34,4.22,4.38,4.195,184473
2022-08-02,4.16,4.47,4.49,4.11,159433
2022-08-03,4.46,4.56,4.56,4.35,323579
2022-08-04,4.65,4.44,4.67,4.32,281899
2022-08-05,4.35,4.47,4.475,4.3,273512
2022-08-08,4.5,4.61,4.7376,4.432,439230
2022-08-09,4.65,4.6,4.7,4.3,322135
2022-08-10,4.63,4.41,4.63,4.22,469625
2022-08-11,4.49,4.31,4.66,4.31,556015
2022-08-12,4.33,4.54,4.58,4.24,287431
2022-08-15,4.51,4.41,4.52,4.36,128085
2022-08-16,4.35,4.39,4.41,4.285,212400
2022-08-17,4.36,4.11,4.39,4.1,165671
2022-08-18,4.06,4.15,4.2,4.01,497569
2022-08-19,4.1,4.11,4.2,4.0,347684
2022-08-22,4.05,3.86,4.06,3.83,412866
2022-08-23,3.86,3.74,3.88,3.66,479165
2022-08-24,3.72,3.76,3.86,3.66,491346
2022-08-25,3.76,4.01,4.09,3.71,592460
2022-08-26,4.15,3.97,4.22,3.9,1110099
2022-08-29,3.92,4.2,4.23,3.8704,775488
2022-08-30,4.2,4.07,4.25,4.02,652200
2022-08-31,4.19,4.29,4.48,4.05,823926
2022-09-01,4.26,4.08,4.26,3.97,321165
2022-09-02,4.17,4.09,4.25,3.98,606081
2022-09-06,4.05,3.89,4.1134,3.87,161727
2022-09-07,3.86,3.92,3.97,3.83,69601
2022-09-08,3.87,3.93,4.0,3.83,84647
2022-09-09,3.97,4.02,4.0999,3.94,85254
2022-09-12,4.03,4.15,4.15,4.0,141357
2022-09-13,4.05,3.86,4.05,3.86,133758
2022-09-14,3.86,3.85,3.86,3.71,200296
2022-09-15,3.81,3.78,3.88,3.76,123325
2022-09-16,3.75,3.69,3.77,3.66,125500
2022-09-19,3.65,3.66,3.7024,3.52,159427
2022-09-20,3.66,3.68,3.83,3.6055,85817
2022-09-21,3.65,3.52,3.67,3.52,98893
2022-09-22,3.52,3.44,3.58,3.4,108560
2022-09-23,3.39,3.38,3.4,3.3,177754
2022-09-26,3.34,3.41,3.59,3.34,100651
2022-09-27,3.45,3.37,3.57,3.33,83718
2022-09-28,3.36,3.39,3.43,3.25,140303
2022-09-29,3.35,3.22,3.38,3.2,142559
2022-09-30,3.23,3.24,3.39,3.21,73454
2022-10-03,3.24,3.23,3.39,3.1949,225181
2022-10-04,3.29,3.34,3.42,3.25,117198
2022-10-05,3.26,3.27,3.35,3.23,53597
2022-10-06,3.24,3.26,3.41,3.24,47560
2022-10-07,3.28,3.24,3.31,3.2,77818
2022-10-10,3.2,3.19,3.28,3.16,74582
2022-10-11,3.2,3.18,3.27,3.05,79429
2022-10-12,3.19,3.22,3.27,3.15,49801
2022-10-13,3.1,3.25,3.29,3.07,82359
2022-10-14,3.27,3.17,3.35,3.165,81266
2022-10-17,3.28,3.32,3.39,3.25,104731
2022-10-18,3.36,3.29,3.45,3.25,145883
2022-10-19,3.26,3.32,3.35,3.22,104776
2022-10-20,3.33,3.4,3.65,3.32,247023
2022-10-21,3.35,3.35,3.43,3.26,123601
2022-10-24,3.16,3.08,3.19,3.03,221885
2022-10-25,3.07,3.15,3.26,3.0,118329
2022-10-26,3.14,3.23,3.42,3.03,115092
2022-10-27,3.16,3.1,3.2113,3.1,89296
2022-10-28,3.09,3.1,3.17,3.08,79967
2022-10-31,3.01,3.09,3.11,3.01,172456
2022-11-01,3.19,3.23,3.25,3.15,110840
2022-11-02,3.21,3.27,3.4085,3.19,146402
2022-11-03,3.24,3.32,3.32,3.18,115187
2022-11-04,3.45,3.53,3.56,3.4,153499
2022-11-07,3.46,3.69,3.73,3.42,205504
2022-11-08,3.69,3.67,3.74,3.65,86347
2022-11-09,3.65,3.53,3.72,3.53,111411
2022-11-10,3.7,3.71,3.9,3.7,141948
2022-11-11,3.89,4.06,4.17,3.85,217749
2022-11-14,4.13,4.09,4.23,4.03,239079
2022-11-15,4.25,4.08,4.3,4.0,383937
2022-11-16,4.01,3.76,4.025,3.73,162181
2022-11-17,3.77,3.83,3.85,3.6091,225706
2022-11-18,3.85,3.83,3.9,3.78,145438
2022-11-21,3.67,3.75,3.85,3.65,122692
2022-11-22,3.73,3.77,3.8,3.68,95203
2022-11-23,3.78,3.77,3.8,3.7,89727
2022-11-25,3.77,3.58,3.77,3.58,76953
2022-11-28,3.58,3.48,3.69,3.44,1204266
2022-11-29,3.6,3.39,3.69,3.36,288714
2022-11-30,3.47,3.49,3.6137,3.43,399729
2022-12-01,3.52,3.67,3.742,3.52,131016
2022-12-02,3.61,3.73,3.78,3.61,162381
2022-12-05,3.91,4.03,4.1999,3.872,698458
2022-12-06,4.01,3.67,4.04,3.61,388719
2022-12-07,3.65,3.69,3.7327,3.61,169891
2022-12-08,3.73,4.0,4.08,3.7,516392
2022-12-09,3.98,3.94,3.99,3.87,219405
2022-12-12,3.95,3.72,3.95,3.72,141176
2022-12-13,3.91,3.85,3.95,3.73,224440
2022-12-14,3.93,3.96,4.02,3.74,209367
2022-12-15,3.91,3.54,3.93,3.53,337377
2022-12-16,3.57,3.45,3.67,3.45,226721
2022-12-19,3.44,3.52,3.64,3.43,80555
2022-12-20,3.5,3.71,3.87,3.49,339040
2022-12-21,3.7,3.8,3.84,3.69,266019
2022-12-22,3.71,3.55,3.8199,3.51,74916
2022-12-23,3.55,3.56,3.59,3.48,82988
2022-12-27,3.44,3.4,3.565,3.4,147014
2022-12-28,3.4,3.46,3.65,3.4,288005
2022-12-29,3.5,3.59,3.74,3.47,495213
2022-12-30,3.57,3.5,3.605,3.5,98512
2023-01-03,3.55,3.68,3.788,3.55,119413
2023-01-04,3.75,4.0,4.15,3.73,223705
2023-01-05,3.98,4.13,4.25,3.8627,246642
2023-01-06,4.18,4.51,4.51,4.18,380785
2023-01-09,4.53,4.08,4.68,4.07,283517
2023-01-10,4.21,4.27,4.345,4.12,139810
2023-01-11,4.29,4.42,4.4609,4.23,121908
2023-01-12,4.39,4.49,4.5381,4.22,153011
2023-01-13,4.54,4.46,4.56,4.42,94622
2023-01-17,4.47,4.31,4.47,4.21,101369
2023-01-18,4.32,4.13,4.32,4.104,49869
2023-01-19,4.12,4.16,4.24,4.12,30707
2023-01-20,4.2,4.45,4.49,4.151,170547
2023-01-23,4.44,4.33,4.49,4.295,174314
2023-01-24,4.36,4.8,5.15,4.27,619998
2023-01-25,4.89,4.84,4.89,4.63,151367
2023-01-26,4.91,5.45,5.57,4.91,639455
2023-01-27,5.46,5.42,5.46,5.2,187402
2023-01-30,5.21,4.73,5.27,4.58,780388
2023-01-31,4.7,4.75,5.025,4.675,238612
2023-02-01,4.77,5.28,5.36,4.77,465094
2023-02-02,5.3,5.22,5.49,5.07,369270
2023-02-03,5.13,4.81,5.29,4.7901,211045
2023-02-06,4.79,5.02,5.09,4.73,178550
2023-02-07,5.02,4.96,5.04,4.84,111508
2023-02-08,4.95,5.0,5.0485,4.91,79404
2023-02-09,5.04,5.09,5.18,5.0311,276626
2023-02-10,5.05,4.79,5.05,4.77,193560
2023-02-13,4.87,4.9,5.04,4.81,149753
2023-02-14,4.87,4.9,5.02,4.87,63046
2023-02-15,4.95,5.17,5.25,4.9,254384
2023-02-16,5.16,4.79,5.16,4.78,152367
2023-02-17,4.85,4.86,4.91,4.72,208351
2023-02-21,4.83,4.56,4.83,4.51,291909
2023-02-22,4.56,4.56,4.66,4.4827,105103
2023-02-23,4.61,4.61,4.8,4.51,59485
2023-02-24,4.51,4.33,4.51,4.21,152153
2023-02-27,4.38,4.31,4.47,4.29,95542
2023-02-28,4.32,4.35,4.43,4.2742,61502
2023-03-01,4.41,4.21,4.41,4.18,65191
2023-03-02,4.17,4.18,4.22,4.08,103986
2023-03-03,4.19,4.26,4.37,4.19,53804
2023-03-06,4.2,4.02,4.25,3.97,157831
2023-03-07,4.0,4.0,4.044,3.9302,98796
2023-03-08,3.99,3.98,4.03,3.94,62978
2023-03-09,3.95,3.81,4.01,3.81,123502
2023-03-10,3.78,3.85,3.95,3.76,81040
2023-03-13,4.0,3.99,4.11,3.81,205450
2023-03-14,3.85,3.81,3.98,3.7,353285
2023-03-15,3.75,3.57,3.75,3.56,208356
2023-03-16,3.52,3.85,3.9,3.52,248988
2023-03-17,3.81,3.65,3.88,3.62,135338
2023-03-20,3.64,3.6,3.7,3.54,83028
2023-03-21,3.68,3.79,3.82,3.6201,94046
2023-03-22,3.8,3.71,3.82,3.64,75073
2023-03-23,3.82,3.84,3.89,3.7504,136470
2023-03-24,3.82,3.81,3.83,3.71,94002
2023-03-27,3.8,3.93,3.97,3.76,115890
2023-03-28,3.93,3.87,3.94,3.815,53342
2023-03-29,3.88,3.82,3.9252,3.78,113025
2023-03-30,3.84,3.91,4.09,3.82,157139
2023-03-31,3.93,3.94,3.99,3.88,94454
2023-04-03,3.94,3.91,3.9615,3.84,59149
2023-04-04,3.9,3.91,3.91,3.85,45969
2023-04-05,3.89,3.89,3.9,3.7701,100788
2023-04-06,3.88,3.9,3.92,3.802,27635
2023-04-10,3.87,3.93,3.94,3.83,43117
2023-04-11,3.87,3.88,3.96,3.84,59013
2023-04-12,3.91,3.89,3.93,3.816,48704
2023-04-13,3.92,3.93,3.98,3.87,52139
2023-04-14,3.88,3.95,3.95,3.87,41967
2023-04-17,3.92,3.88,3.97,3.87,66754
2023-04-18,3.89,3.93,3.9399,3.85,67787
2023-04-19,3.85,3.9,3.9,3.75,133141
2023-04-20,3.85,3.65,3.9,3.59,245751
2023-04-21,3.68,3.64,3.7344,3.52,190698
2023-04-24,3.55,3.57,3.64,3.53,95059
2023-04-25,3.55,3.67,3.69,3.53,36579
2023-04-26,3.71,3.7,3.76,3.61,80981
2023-04-27,3.76,3.64,3.76,3.61,74409
2023-04-28,3.65,3.58,3.701,3.58,135180
2023-05-01,3.58,3.6,3.68,3.5631,32875
2023-05-02,3.58,3.55,3.5899,3.51,72382
2023-05-03,3.56,3.55,3.68,3.51,52013
2023-05-04,3.56,3.42,3.58,3.41,77693
2023-05-05,3.41,3.6,3.63,3.41,76038
2023-05-08,3.62,3.66,3.73,3.56,59402
2023-05-09,3.6,3.71,3.74,3.6,81119
2023-05-10,3.73,3.69,3.74,3.6501,99103
2023-05-11,3.735,3.75,3.8,3.67,123282
2023-05-12,3.68,3.74,3.77,3.67,81699
2023-05-15,3.84,3.81,3.88,3.73,124908
2023-05-16,3.66,3.84,3.91,3.55,170913
2023-05-17,3.81,4.0,4.05,3.78,269888
2023-05-18,4.0,3.94,4.0,3.91,236153
2023-05-19,3.94,3.92,3.98,3.9,169213
2023-05-22,3.95,4.21,4.25,3.9129,469434
2023-05-23,4.19,4.02,4.2,4.01,133915
2023-05-24,4.01,3.98,4.02,3.9631,106210
2023-05-25,3.96,3.97,4.08,3.9,227305
2023-05-26,3.97,4.0,4.085,3.95,217644
2023-05-30,4.01,4.38,4.4,3.922,580968
2023-05-31,4.38,4.21,4.38,3.97,557857
2023-06-01,4.22,4.21,4.37,4.16,328681
2023-06-02,4.23,4.29,4.35,4.2178,335421
2023-06-05,4.26,4.29,4.27,4.19,270076
2023-06-06,4.2,4.34,4.4,4.13,381440
2023-06-07,4.33,4.5,4.54,4.21,536612
2023-06-08,4.51,4.57,4.7,4.4824,503107
2023-06-09,4.57,4.46,4.6,4.4402,157176
2023-06-12,4.5,4.46,4.57,4.4,168524
2023-06-13,4.49,4.48,4.515,4.32,266897
2023-06-14,4.48,4.46,4.48,4.34,104316
2023-06-15,4.46,4.46,4.5,4.42,148385
2023-06-16,4.4,4.36,4.49,4.34,262153
2023-06-20,4.35,4.28,4.4057,4.22,235045
2023-06-21,4.25,4.18,4.27,4.07,229308
2023-06-22,4.15,4.21,4.3,4.1399,170743
2023-06-23,4.19,4.12,4.19,4.11,135987
2023-06-26,4.1,4.12,4.2,4.1,68031
2023-06-27,4.15,4.21,4.225,4.13,124501
2023-06-28,4.2,4.37,4.37,4.17,172953
2023-06-29,4.37,4.36,4.41,4.335,73115
2023-06-30,4.38,4.36,4.42,4.31,105908
2023-07-03,4.36,4.41,4.45,4.35,82980
2023-07-05,4.37,4.26,4.37,4.24,99623
2023-07-06,4.21,4.27,4.3,4.13,118948
2023-07-07,4.3,4.4,4.4,4.17,91483
2023-07-10,4.39,4.6,4.68,4.39,238548
2023-07-11,4.64,4.9,4.94,4.57,375940
2023-07-12,4.95,4.91,4.99,4.81,167331
2023-07-13,4.95,5.13,5.16,4.84,220173
2023-07-14,5.14,5.1,5.25,4.9632,222083
2023-07-17,5.04,5.32,5.32,5.01,222295
2023-07-18,5.29,5.27,5.32,5.185,124967
2023-07-19,5.34,5.16,5.48,5.145,192447
2023-07-20,5.08,5.04,5.24,4.97,163403
2023-07-21,5.04,5.19,5.21,4.86,147522
2023-07-24,5.18,5.21,5.41,5.06,248732
2023-07-25,5.22,5.12,5.24,5.06,284657
2023-07-26,5.1,5.25,5.32,5.06,187145
2023-07-27,5.42,5.42,5.58,5.25,326862
2023-07-28,5.55,5.59,5.64,5.465,259169
2023-07-31,5.6,5.71,5.77,5.5,254342
2023-08-01,5.61,5.55,5.64,5.5,171095
2023-08-02,5.36,5.39,5.51,5.26,237718
2023-08-03,5.33,5.41,5.47,5.21,240378
2023-08-04,5.41,5.22,5.43,5.22,182972
2023-08-07,5.22,5.14,5.27,4.92,373238
2023-08-08,4.99,5.04,5.09,4.911,264616
2023-08-09,4.98,5.19,5.28,4.96,221948
2023-08-10,5.22,5.13,5.3,5.08,183795
2023-08-11,5.06,5.14,5.22,5.05,210630
2023-08-14,5.17,5.18,5.21,5.0,167888
2023-08-15,5.11,5.21,5.37,5.0,228319
2023-08-16,5.35,5.18,5.38,5.14,174725
2023-08-17,5.22,5.15,5.25,5.0,230813
2023-08-18,5.05,4.73,5.055,4.71,335770
2023-08-21,4.73,4.77,4.84,4.61,386664
2023-08-22,4.78,4.98,4.98,4.78,257192
2023-08-23,4.99,5.13,5.14,4.97,178859
2023-08-24,5.07,5.14,5.15,5.0,283736
2023-08-25,5.13,4.97,5.14,4.92,164107
2023-08-28,4.97,5.05,5.09,4.93,216776
2023-08-29,5.04,5.13,5.22,4.9642,246572
2023-08-30,5.13,5.1,5.13,5.002,288752
2023-08-31,5.03,5.12,5.18,5.03,344536
2023-09-01,5.13,5.17,5.21,5.06,434067
2023-09-05,5.11,5.01,5.11,4.85,404586
2023-09-06,5.01,5.08,5.1,4.93,359308
2023-09-07,5.0,5.0,5.07,4.83,450019
2023-09-08,5.03,5.14,5.195,4.9472,277569
2023-09-11,5.09,5.12,5.21,5.09,255347
2023-09-12,5.09,5.06,5.195,5.06,191991
2023-09-13,5.05,5.09,5.13,4.98,238172
2023-09-14,5.16,5.11,5.16,5.05,1658715
2023-09-15,5.12,5.14,5.15,4.99,420491
2023-09-18,5.13,5.06,5.13,5.05,240631
2023-09-19,5.05,5.16,5.19,5.05,442179
2023-09-20,5.18,5.32,5.47,5.1033,330664
2023-09-21,5.28,5.1,5.3099,5.04,254381
2023-09-22,5.15,5.13,5.19,5.11,68737
2023-09-25,5.06,5.11,5.18,5.05,80678
2023-09-26,4.99,4.94,5.01,4.86,243392
2023-09-27,4.94,5.12,5.13,4.94,107259
2023-09-28,5.1,5.12,5.15,5.0682,53552
2023-09-29,5.18,5.24,5.3733,5.175,219232
2023-10-02,5.23,5.26,5.268,5.13,136716
2023-10-03,5.19,5.13,5.2599,5.1,100952
2023-10-04,5.13,5.11,5.14,5.01,83765
2023-10-05,5.03,5.06,5.06,4.97,90638
2023-10-06,5.02,5.19,5.23,5.02,87434
2023-10-09,5.05,5.15,5.18,5.0,188153
2023-10-10,5.13,5.31,5.32,5.13,154114
2023-10-11,5.3,5.39,5.43,5.29,310554
2023-10-12,5.4,5.14,5.4039,5.1,166384
2023-10-13,5.08,5.13,5.18,5.08,142452
2023-10-16,5.14,5.2,5.24,5.1054,105327
2023-10-17,5.14,5.35,5.36,5.14,180940
2023-10-18,5.3,5.28,5.3292,5.22,107248
2023-10-19,5.2,5.25,5.33,5.09,170344
2023-10-20,5.2,5.17,5.29,5.13,258677
2023-10-23,5.12,5.25,5.26,5.1,154045
2023-10-24,5.26,5.46,5.47,5.26,138982
2023-10-25,5.49,5.34,5.49,5.285,85691
2023-10-26,5.32,5.32,5.39,5.28,90243
2023-10-27,5.41,5.31,5.4612,5.285,103695
2023-10-30,5.35,5.4,5.47,5.33,93168
2023-10-31,5.34,5.37,5.39,5.2607,94674
2023-11-01,5.42,5.38,5.42,5.26,104549
2023-11-02,5.46,5.68,5.68,5.39,193848
2023-11-03,5.68,5.73,5.81,5.68,154562
2023-11-06,5.87,5.68,5.87,5.55,161583
2023-11-07,5.63,5.9,5.93,5.6125,165315
2023-11-08,5.93,5.74,5.93,5.71,98286
2023-11-09,5.72,5.66,5.83,5.64,88511
2023-11-10,5.69,5.56,5.69,5.41,141122
2023-11-13,5.54,5.56,5.63,5.46,75322
2023-11-14,5.71,5.66,5.76,5.6,114464
2023-11-15,5.66,5.9,5.95,5.66,114391
2023-11-16,5.86,5.77,5.9079,5.75,96442
2023-11-17,5.79,6.08,6.09,5.7721,169187
2023-11-20,6.26,6.34,6.3777,5.88,469798
2023-11-21,6.1,5.72,6.1201,5.64,463227
2023-11-22,5.77,5.94,5.99,5.7401,249173
2023-11-24,6.05,5.7,6.05,5.65,300234
2023-11-27,5.73,5.7,5.75,5.56,557802
2023-11-28,5.73,5.85,5.875,5.62,399282
2023-11-29,5.85,5.85,6.06,5.79,582554
2023-11-30,5.93,6.01,6.04,5.84,580880
2023-12-01,6.0,6.03,6.13,5.87,453791
2023-12-04,6.0,6.28,6.29,5.87,820425
2023-12-05,6.18,6.03,6.18,5.905,578757
2023-12-06,6.32,6.15,6.44,6.125,1231961
2023-12-07,6.3,6.16,6.34,6.06,476941
2023-12-08,6.18,6.17,6.25,6.06,1334396
2023-12-11,6.17,6.01,6.23,6.01,930406
2023-12-12,6.03,6.0,6.05,5.92,614710
2023-12-13,6.02,6.1,6.12,5.99,753580
2023-12-14,6.1,5.91,6.1462,5.81,707070
2023-12-15,5.91,5.9,5.95,5.77,495680
2023-12-18,5.84,5.83,5.91,5.67,779530
2023-12-19,5.83,5.91,6.02,5.78,546761
2023-12-20,5.85,5.8,6.04,5.7818,319682
2023-12-21,5.97,5.9,6.0,5.8713,202499
2023-12-22,5.83,5.93,5.96,5.83,245266
2023-12-26,5.93,5.94,6.11,5.86,294399
2023-12-27,5.87,5.94,6.01,5.87,180154
2023-12-28,5.94,6.11,6.1787,5.94,832692
2023-12-29,6.15,6.13,6.31,6.075,953521
2024-01-02,6.12,5.9,6.15,5.87,355925
2024-01-03,5.87,5.91,5.9492,5.7821,265147
2024-01-04,5.91,5.9,5.99,5.87,145622
2024-01-05,5.89,5.86,5.94,5.83,219981
2024-01-08,5.81,5.91,5.945,5.79,230680
2024-01-09,5.83,5.8,5.87,5.7619,300523
2024-01-10,5.79,5.68,5.79,5.665,508003
2024-01-11,5.65,5.64,5.66,5.48,517257
2024-01-12,5.65,5.55,5.67,5.5299,312087
2024-01-16,5.54,5.43,5.55,5.345,583197
2024-01-17,5.35,5.44,5.45,5.29,285873
2024-01-18,5.5,5.51,5.52,5.44,311747
2024-01-19,5.5,5.39,5.5,5.3601,273372
2024-01-22,5.35,5.28,5.43,5.07,901478
2024-01-23,5.34,5.31,5.45,5.2898,272456
2024-01-24,5.39,5.29,5.39,5.235,303875
2024-01-25,5.3,5.16,5.3,5.14,465065
2024-01-26,5.13,5.11,5.17,5.0999,283668
2024-01-29,5.1,5.15,5.22,5.06,586233
2024-01-30,5.13,5.09,5.195,5.07,603242
2024-01-31,5.05,5.13,5.205,5.02,372673
2024-02-01,5.13,5.08,5.17,5.07,466523
2024-02-02,5.08,5.02,5.1,5.0,648418
2024-02-05,5.0,4.78,5.0,4.74,670476
2024-02-06,4.84,4.96,4.995,4.84,476742
2024-02-07,4.93,4.71,4.94,4.69,711323
2024-02-08,4.68,4.81,4.89,4.67,641012
2024-02-09,4.85,4.85,4.92,4.83,357413
2024-02-12,4.83,4.82,4.925,4.77,310799
2024-02-13,4.76,4.71,4.81,4.71,287523
2024-02-14,4.73,4.82,4.84,4.73,241065
2024-02-15,4.82,4.85,4.915,4.82,301279
2024-02-16,4.8,4.9,4.97,4.8,419526
2024-02-20,4.86,4.88,4.93,4.76,493233
2024-02-21,4.87,4.86,4.9306,4.805,289278
2024-02-22,4.91,4.92,4.935,4.88,284062
2024-02-23,4.91,5.04,5.13,4.91,266515
2024-02-26,5.01,5.09,5.09,4.99,236035
2024-02-27,5.09,5.14,5.2,5.08,382621
2024-02-28,5.14,5.06,5.17,5.05,245958
2024-02-29,5.07,5.12,5.16,5.05,215148
2024-03-01,5.14,5.18,5.236,5.12,240797
2024-03-04,5.17,5.14,5.18,5.11,229661
2024-03-05,5.12,5.17,5.22,5.1,196948
2024-03-06,5.18,5.25,5.3,5.16,440563
2024-03-07,5.3,5.42,5.47,5.3,346292
2024-03-08,5.44,5.4,5.528,5.3598,232310
2024-03-11,5.49,5.35,5.51,5.35,414476
2024-03-12,5.48,5.2,5.54,5.16,686696
2024-03-13,5.18,5.21,5.3,5.18,258179
2024-03-14,5.11,4.8,5.145,4.79,632031
2024-03-15,4.8,4.84,4.88,4.7,569910
2024-03-18,4.9,4.84,4.92,4.8,280633
2024-03-19,4.82,4.8,4.82,4.75,363463
2024-03-20,4.77,4.82,4.87,4.73,230379
2024-03-21,4.85,4.78,4.86,4.78,289385
2024-03-22,4.76,4.76,4.8093,4.75,193372
2024-03-25,4.8,4.72,4.8,4.72,219913
2024-03-26,4.74,4.75,4.79,4.73,116088
2024-03-27,4.8,4.77,4.82,4.73,128753
2024-03-28,4.77,4.81,4.865,4.77,174944
2024-04-01,4.81,4.9,4.956,4.81,158315
2024-04-02,4.9,4.81,4.9,4.79,195108
2024-04-03,4.78,4.84,4.86,4.76,168604
2024-04-04,4.85,4.86,4.93,4.82,307659
2024-04-05,4.83,4.86,4.93,4.83,133549
2024-04-08,4.86,4.82,4.88,4.805,166415
2024-04-09,4.9,4.81,4.9,4.81,131059
2024-04-10,4.81,4.78,4.845,4.775,152449
2024-04-11,4.79,4.88,4.88,4.77,192283
2024-04-12,4.86,4.82,4.915,4.79,144022
2024-04-15,4.8,4.75,4.845,4.75,178541
2024-04-16,4.74,4.66,4.755,4.64,302485
2024-04-17,4.7,4.63,4.73,4.58,141781
2024-04-18,4.62,4.59,4.68,4.58,66251
2024-04-19,4.58,4.52,4.64,4.49,394770
2024-04-22,4.52,4.62,4.69,4.48,220904
2024-04-23,4.69,4.66,4.7301,4.65,214390
2024-04-24,4.72,4.71,4.7842,4.67,204670
2024-04-25,4.67,4.68,4.69,4.635,94220
2024-04-26,4.72,4.72,4.77,4.67,200654
2024-04-29,4.69,4.75,4.799,4.68,150997
2024-04-30,4.69,4.7,4.73,4.68,137008
2024-05-01,4.67,4.76,4.81,4.67,143251
2024-05-02,4.84,4.86,4.88,4.78,126754
2024-05-03,4.89,4.8,4.89,4.79,169368
2024-05-06,4.82,4.88,4.9201,4.82,141410
2024-05-07,4.86,4.9,4.95,4.86,221918
2024-05-08,4.84,4.75,4.8899,4.725,254535
2024-05-09,4.75,4.88,4.9,4.75,178496
2024-05-10,4.89,4.72,4.89,4.72,115928
2024-05-13,4.71,4.83,4.8512,4.71,169689
2024-05-14,4.82,4.89,4.9,4.82,163975
2024-05-15,4.94,4.9,4.94,4.8501,211988
2024-05-16,4.86,4.91,4.935,4.86,70355
2024-05-17,4.91,4.91,4.93,4.86,229171
2024-05-20,4.9,4.89,4.93,4.82,245565
2024-05-21,4.75,4.69,4.875,4.63,315849
2024-05-22,4.7,4.86,4.9,4.7,269309
2024-05-23,4.9,4.92,4.93,4.795,260642
2024-05-24,4.94,4.85,4.94,4.82,75751
2024-05-28,4.86,4.8,4.86,4.76,152520
2024-05-29,4.76,4.78,4.8,4.755,113664
2024-05-30,4.8,4.79,4.8,4.71,121084
2024-05-31,4.76,4.7,4.82,4.68,170821
2024-06-03,4.68,4.7,4.72,4.63,241375
2024-06-04,4.7,4.7,4.7201,4.62,212327
2024-06-05,4.71,4.76,4.79,4.7,214469
2024-06-06,4.73,4.66,4.78,4.66,186659
2024-06-07,4.66,4.64,4.66,4.61,161811
2024-06-10,4.61,4.62,4.65,4.61,89309
2024-06-11,4.61,4.65,4.65,4.59,270873
2024-06-12,4.68,4.6,4.745,4.58,359233
2024-06-13,4.58,4.66,4.685,4.58,337332
2024-06-14,4.61,4.59,4.665,4.56,353582
2024-06-17,4.58,4.49,4.58,4.49,378570
2024-06-18,4.51,4.44,4.52,4.42,157110
2024-06-20,4.41,4.41,4.435,4.39,113237
2024-06-21,4.43,4.45,4.55,4.42,322362
2024-06-24,4.45,4.52,4.56,4.45,361448
2024-06-25,4.51,4.6,4.6,4.495,165422
2024-06-26,4.58,4.65,4.67,4.53,180236
2024-06-27,4.65,4.58,4.65,4.54,149447
2024-06-28,4.47,4.55,4.57,4.45,131647
2024-07-01,4.59,4.46,4.59,4.46,134600
2024-07-02,4.43,4.5,4.5,4.43,139028
2024-07-03,4.5,4.53,4.545,4.5,54468
2024-07-05,4.49,4.51,4.56,4.485,72905
2024-07-08,4.55,4.52,4.55,4.455,92501
2024-07-09,4.52,4.55,4.55,4.49,83881
2024-07-10,4.58,4.56,4.58,4.535,60952
2024-07-11,4.62,4.69,4.7,4.58,221026
2024-07-12,4.69,4.7,4.7,4.63,87713
2024-07-15,4.69,4.61,4.725,4.6,145395
2024-07-16,4.6,4.62,4.6498,4.582,89129
2024-07-17,4.56,4.56,4.62,4.545,111208
2024-07-18,4.51,4.45,4.545,4.42,171304
2024-07-19,4.43,4.41,4.47,4.39,104837
2024-07-22,4.44,4.45,4.47,4.3883,123579
2024-07-23,4.42,4.43,4.48,4.41,73432
2024-07-24,4.51,4.29,4.51,4.27,210223
2024-07-25,4.27,4.29,4.36,4.26,115693
2024-07-26,4.3,4.31,4.325,4.26,53626
2024-07-29,4.32,4.28,4.34,4.26,113600
2024-07-30,4.27,4.24,4.3,4.225,69524
2024-07-31,4.29,4.29,4.315,4.2112,142282
2024-08-01,4.29,4.16,4.29,4.07,286551
2024-08-02,4.04,3.98,4.0568,3.95,205074
2024-08-05,3.73,3.79,3.86,3.71,210376
2024-08-06,3.93,3.91,3.97,3.81,179291
2024-08-07,3.95,3.82,3.9745,3.81,165872
2024-08-08,3.83,3.85,3.9392,3.79,153217
2024-08-09,3.85,3.87,3.97,3.815,68335
2024-08-12,3.87,3.86,3.91,3.82,144599
2024-08-13,3.86,3.8,3.8799,3.77,221867
2024-08-14,3.8,3.77,3.82,3.72,151208
2024-08-15,3.78,3.79,3.825,3.76,174758
2024-08-16,3.8,3.75,3.8,3.73,310215
2024-08-19,3.78,3.85,3.86,3.75,394232
2024-08-20,3.85,3.78,3.87,3.775,390781
2024-08-21,3.79,3.78,3.82,3.73,238143
2024-08-22,3.8,3.81,3.84,3.765,383032
2024-08-23,3.85,3.95,3.96,3.83,190686
2024-08-26,3.97,4.08,4.13,3.9484,479220
2024-08-27,4.05,3.99,4.1,3.98,199851
2024-08-28,3.99,4.06,4.09,3.89,450166
2024-08-29,4.06,4.08,4.17,4.03,276551
2024-08-30,4.15,4.09,4.17,4.02,283199
2024-09-03,4.09,3.95,4.09,3.93,387123
2024-09-04,3.92,4.06,4.075,3.91,415274
2024-09-05,4.05,4.1,4.17,4.04,469969
2024-09-06,4.09,4.09,4.1,3.995,402206
2024-09-09,4.1,4.09,4.1,4.02,337284
2024-09-10,4.1,4.09,4.125,4.0,470612
2024-09-11,4.02,4.3,4.31,4.02,702860
2024-09-12,4.29,4.17,4.29,4.16,558088
2024-09-13,4.18,4.14,4.185,4.13,117119
2024-09-16,4.13,4.18,4.18,4.105,147695
2024-09-17,4.18,4.2,4.2402,4.1264,161864
2024-09-18,4.21,4.13,4.21,4.07,151390
2024-09-19,4.18,4.17,4.201,4.15,137911
2024-09-20,4.16,4.18,4.18,4.11,143216
2024-09-23,4.21,4.16,4.238,4.15,102318
2024-09-24,4.22,4.24,4.28,4.21,133310
2024-09-25,4.24,4.24,4.28,4.2134,149283
2024-09-26,4.37,4.43,4.43,4.32,207719
2024-09-27,4.45,4.46,4.545,4.42,196651
2024-09-30,4.55,4.54,4.7,4.475,429719
2024-10-01,4.57,4.55,4.575,4.37,304263
2024-10-02,4.69,4.88,4.88,4.625,754898
2024-10-03,4.76,4.89,4.9,4.63,465585
2024-10-04,4.94,4.74,4.95,4.67,338604
2024-10-07,4.76,4.7,4.77,4.55,230904
2024-10-08,4.59,4.52,4.59,4.46,185852
2024-10-09,4.47,4.47,4.5,4.401,147995
2024-10-10,4.43,4.43,4.48,4.34,138962
2024-10-11,4.4,4.45,4.4901,4.35,129155
2024-10-14,4.44,4.36,4.466,4.35,95339
2024-10-15,4.33,4.17,4.3497,4.155,194827
2024-10-16,4.18,4.28,4.29,4.1698,133264
2024-10-17,4.28,4.22,4.28,4.17,100530
2024-10-18,4.25,4.23,4.29,4.2,64981
2024-10-21,4.19,4.2,4.24,4.15,75572
2024-10-22,4.22,4.24,4.255,4.2,113190
2024-10-23,4.22,4.13,4.225,4.1,69627
2024-10-24,4.16,4.13,4.18,4.109,55335
2024-10-25,4.11,4.13,4.1699,4.11,63981
2024-10-28,4.14,4.26,4.29,4.12,130843
2024-10-29,4.24,4.3,4.32,4.21,77460
2024-10-30,4.26,4.23,4.28,4.205,94195
2024-10-31,4.2,4.14,4.21,4.13,70830
2024-11-01,4.15,3.98,4.18,3.94,370975
2024-11-04,4.0,4.08,4.11,4.0,157884
2024-11-05,4.1,4.1,4.13,4.05,73938
2024-11-06,4.24,4.18,4.24,4.1109,116904
2024-11-07,4.22,4.17,4.24,4.15,178066
2024-11-08,4.15,4.05,4.16,4.04,218082
2024-11-11,4.05,4.32,4.34,4.05,507605
2024-11-12,4.5,4.25,4.5401,4.25,463239
2024-11-13,4.31,4.49,4.49,4.29,306233
2024-11-14,4.49,4.33,4.51,4.275,442805
2024-11-15,4.34,4.4,4.44,4.25,354247
2024-11-18,4.41,4.4,4.44,4.3,185370
2024-11-19,4.38,4.38,4.399,4.37,37506
2024-11-20,4.39,4.3,4.4,4.26,243799
2024-11-21,4.29,4.23,4.29,4.16,323529
2024-11-22,4.2,4.28,4.2891,4.14,539661
2024-11-25,4.31,4.16,4.345,4.09,585809
2024-11-26,4.17,4.19,4.325,4.13,405652
2024-11-27,4.25,4.21,4.34,4.2,417900
2024-11-29,4.19,4.38,4.41,4.16,388459
2024-12-02,4.41,4.42,4.5,4.32,471071
2024-12-03,4.43,4.29,4.43,4.285,654589
2024-12-04,4.28,4.4,4.42,4.28,476136
2024-12-05,4.38,4.3,4.4,4.29,343499
2024-12-06,4.35,4.31,4.38,4.29,221648
2024-12-09,4.36,4.51,4.54,4.3301,278752
2024-12-10,4.43,4.43,4.475,4.39,112413
2024-12-11,4.44,4.42,4.47,4.3301,294219
2024-12-12,4.35,4.3,4.428,4.285,294010
2024-12-13,4.27,4.42,4.44,4.27,503381
2024-12-16,4.43,4.39,4.5,4.375,240870
2024-12-17,4.4,4.43,4.44,4.3313,209776
2024-12-18,4.38,4.21,4.41,4.185,334492
2024-12-19,4.19,4.08,4.23,4.07,315824
2024-12-20,4.07,4.09,4.12,4.03,156122
2024-12-23,4.1,4.12,4.15,4.055,108676
2024-12-24,4.07,4.15,4.21,4.07,140394
2024-12-26,4.17,4.2,4.29,4.1216,105602
2024-12-27,4.21,4.14,4.21,4.1,139997
2024-12-30,4.1,4.02,4.11,4.02,118887
2024-12-31,4.05,4.06,4.1,4.02,163365
2025-01-02,4.05,4.05,4.13,4.02,166398
2025-01-03,4.05,4.05,4.095,4.0201,107387
2025-01-06,4.12,4.01,4.19,4.0,133908
2025-01-07,4.01,4.04,4.0699,4.01,137439
2025-01-08,4.01,3.94,4.01,3.91,151530
2025-01-10,3.9,3.89,3.935,3.8401,115324
2025-01-13,3.88,3.89,3.92,3.86,112286
2025-01-14,3.9,3.89,3.942,3.88,79492
2025-01-15,3.94,3.94,3.95,3.8714,128426
2025-01-16,3.96,3.9,3.975,3.89,138344
2025-01-17,3.91,3.98,3.99,3.91,95165
2025-01-21,4.01,4.03,4.0508,3.97,138774
2025-01-22,4.0,3.92,4.0298,3.89,120302
2025-01-23,3.91,3.94,3.95,3.885,110581
2025-01-24,3.91,4.04,4.04,3.91,126836
2025-01-27,4.0,4.07,4.0919,3.896,218954
2025-01-28,4.08,4.05,4.08,3.97,178081
2025-01-29,4.06,4.09,4.115,4.01,193364
2025-01-30,4.15,4.06,4.15,4.04,216983
2025-01-31,4.02,3.98,4.045,3.96,108292
2025-02-03,3.95,3.97,4.0093,3.9,99215
2025-02-04,3.96,4.03,4.055,3.96,89799
2025-02-05,4.0,4.02,4.05,3.9919,66169
2025-02-06,4.02,4.05,4.06,4.02,78344
2025-02-07,4.06,4.18,4.2,4.05,231526
2025-02-10,4.22,4.19,4.25,4.1,297935
2025-02-11,4.16,4.19,4.2148,4.11,102932
2025-02-12,4.22,4.17,4.225,4.14,137556
2025-02-13,4.12,4.17,4.228,4.118,153590
2025-02-14,4.24,4.24,4.32,4.22,339686
2025-02-18,4.32,4.32,4.36,4.22,272210
2025-02-19,4.31,4.32,4.39,4.3,197733
2025-02-20,4.36,4.34,4.39,4.3,154546
2025-02-21,4.39,4.24,4.42,4.19,523204
2025-02-24,4.23,4.0,4.24,3.98,296397
2025-02-25,4.03,4.03,4.07,3.95,157965
2025-02-26,4.06,4.02,4.12,4.0,168381
2025-02-27,4.01,3.98,4.0674,3.96,99700
2025-02-28,3.94,3.94,4.01,3.9,241240
2025-03-03,3.94,3.91,4.0,3.9,201265
2025-03-04,3.9,3.9,3.95,3.825,308111
2025-03-05,3.92,3.97,4.0,3.92,136468
2025-03-06,3.98,4.02,4.08,3.98,228543
2025-03-07,3.99,4.01,4.1,3.96,246470
2025-03-10,4.01,4.02,4.2599,3.96,584266
2025-03-11,4.2,4.2,4.265,4.06,408344
2025-03-12,4.28,4.42,4.43,4.21,553263
2025-03-13,4.45,4.8,4.95,4.42,1447690
2025-03-14,4.915,4.68,4.93,4.6201,675491
2025-03-17,4.75,4.95,4.97,4.6997,684368
2025-03-18,4.98,5.26,5.315,4.85,1223335
2025-03-19,5.26,5.27,5.4,5.14,651013
2025-03-20,5.21,5.07,5.27,5.06,551780
2025-03-21,5.0,5.14,5.181,5.0,380684
2025-03-24,5.3,5.32,5.385,5.275,490756
2025-03-25,5.3,5.38,5.39,5.25,401317
2025-03-26,5.33,5.49,5.5,5.3,696908
2025-03-27,5.5,5.63,5.82,5.5,1232241
2025-03-28,5.78,5.41,5.8,5.37,736412
2025-03-31,5.26,5.22,5.29,5.0,824931
2025-04-01,5.22,5.33,5.4,5.2,445120
2025-04-02,5.3,5.35,5.43,5.26,259868
2025-04-03,5.16,5.23,5.44,5.1,512226
2025-04-04,4.93,4.66,4.93,4.6,797687
2025-04-07,4.8,4.98,5.45,4.7,1763620
2025-04-08,5.35,5.02,5.54,4.97,1351868
2025-04-09,5.1,5.17,5.2681,4.85,911273
2025-04-10,5.15,5.38,5.52,5.13,942494
2025-04-11,5.55,5.87,5.935,5.49,1295327
