2020-12-04,210.0,211.4,239.6,200.0,647454
2020-12-07,211.0,242.2,262.0,210.8,390328
2020-12-08,238.4,301.2,312.0,236.0,372659
2020-12-09,328.4,403.6,478.6,321.0,766080
2020-12-10,420.0,346.0,423.8,336.0,246943
2020-12-11,342.0,326.4,388.0,322.0,131098
2020-12-14,324.2,299.0,336.0,298.0,130110
2020-12-15,300.0,279.8,301.0,274.4,97059
2020-12-16,283.0,271.8,295.0,270.0,143047
2020-12-17,277.6,306.0,310.0,276.0,167935
2020-12-18,295.0,283.0,302.4,280.6,95782
2020-12-21,277.0,295.6,329.8,273.2,94059
2020-12-22,293.57,292.2,317.8,290.2,46299
2020-12-23,292.2,289.0,299.996,282.0,26750
2020-12-24,284.0,275.8,284.114,274.0,23616
2020-12-28,276.0,279.8,284.0,275.2,20035
2020-12-29,292.4,267.0,295.4,264.0,62375
2020-12-30,274.0,270.8,275.8,268.0,46080
2020-12-31,270.8,256.2,272.2,254.0,34059
2021-01-04,261.0,260.0,268.4,251.6,52808
2021-01-05,256.4,253.6,259.8,246.8,39184
2021-01-06,253.2,270.0,279.8,250.0,88938
2021-01-07,282.0,262.2,283.2,250.0,108220
2021-01-08,264.0,266.0,273.6,258.4,103151
2021-01-11,256.8,249.8,264.6,249.0,47525
2021-01-12,257.0,258.0,263.6,248.4,44481
2021-01-13,258.0,254.2,261.8,252.0,38077
2021-01-14,256.2,245.2,260.0,238.0,93000
2021-01-15,245.2,241.6,246.5,238.2,65345
2021-01-19,243.2,245.0,251.6,240.2,54662
2021-01-20,246.2,363.2,387.4,246.0,586567
2021-01-21,343.2,344.2,360.0,322.6,163270
2021-01-22,339.8,338.0,377.38,334.2,108309
2021-01-25,358.0,314.2,359.6,307.0,100700
2021-01-26,330.0,371.2,397.6,328.6,226898
2021-01-27,358.8,336.4,369.6,330.0,102631
2021-01-28,341.6,334.6,346.8,324.0,46431
2021-01-29,326.0,325.8,345.6,308.0,88287
2021-02-01,279.2,280.2,295.6,266.6,208024
2021-02-02,290.4,284.4,301.2,281.2,87056
2021-02-03,287.8,280.4,290.4,268.0,106268
2021-02-04,286.2,290.0,293.0,276.2,73158
2021-02-05,301.4,289.2,302.4,282.2,67190
2021-02-08,290.6,286.2,292.83,280.0,71381
2021-02-09,283.8,287.8,289.4,276.2,76709
2021-02-10,294.03,285.0,297.6,277.8,85949
2021-02-11,285.2,314.6,325.0,283.8,139569
2021-02-12,306.4,308.2,329.8,304.0,65580
2021-02-16,338.594,331.0,344.8,320.0,94298
2021-02-17,335.2,350.4,353.4,320.2,114359
2021-02-18,332.4,332.6,364.822,328.6,79225
2021-02-19,340.2,338.2,348.4,320.0,50083
2021-02-22,325.8,315.2,336.8,312.0,49965
2021-02-23,293.0,302.8,304.0,250.0,112056
2021-02-24,292.0,300.0,300.8,286.0,38031
2021-02-25,293.2,293.4,313.0,286.094,60779
2021-02-26,288.8,277.2,299.6,266.4,73234
2021-03-01,285.2,285.0,294.0,277.6,36788
2021-03-02,288.0,272.2,289.0,270.8,52484
2021-03-03,276.0,261.0,277.0,256.0,53285
2021-03-04,257.8,222.0,260.8,220.0,133614
2021-03-05,237.516,245.6,248.054,212.602,88978
2021-03-08,237.8,223.0,251.6,221.0,91201
2021-03-09,244.6,240.0,248.0,231.2,78046
2021-03-10,242.0,219.2,243.0,218.2,117289
2021-03-11,227.6,230.2,232.6,220.762,78371
2021-03-12,222.6,223.2,226.0,213.2,56759
2021-03-15,228.0,225.8,228.8,217.2,55583
2021-03-16,230.0,212.0,230.6,208.8,76053
2021-03-17,210.0,204.6,210.4,201.2,95225
2021-03-18,205.8,200.6,206.6,200.0,75511
2021-03-19,202.8,198.6,206.536,197.2,93682
2021-03-22,200.0,185.8,200.2,183.16,107056
2021-03-23,184.6,175.0,184.8,174.4,81443
2021-03-24,174.0,156.4,174.8,156.2,79465
2021-03-25,144.8,157.0,170.988,144.002,57519
2021-03-26,159.8,137.6,159.8,131.6,151769
2021-03-29,140.2,131.8,141.0,130.0,62253
2021-03-30,130.0,151.0,156.0,130.0,159225
2021-03-31,155.8,142.8,156.8,141.0,81222
2021-04-01,147.0,149.8,158.0,145.6,60584
2021-04-05,153.0,139.6,153.8,136.2,51876
2021-04-06,137.8,148.2,148.6,136.422,37002
2021-04-07,143.6,140.8,146.0,138.2,42832
2021-04-08,144.0,151.0,151.8,140.6,41100
2021-04-09,147.4,139.2,148.0,136.4,85691
2021-04-12,138.8,131.6,139.4,130.2,49361
2021-04-13,132.6,129.8,133.8,124.0,53286
2021-04-14,132.8,132.8,137.6,129.78,42104
2021-04-15,136.0,131.4,141.6,130.0,53757
2021-04-16,130.2,125.6,131.18,124.0,65370
2021-04-19,127.0,130.2,131.248,124.4,37743
2021-04-20,131.8,124.6,133.4,121.2,43046
2021-04-21,124.4,138.4,138.6,122.6,42796
2021-04-22,137.0,133.4,141.792,132.6,40414
2021-04-23,134.2,145.8,148.8,134.2,63568
2021-04-26,149.916,143.6,150.0,138.2,49584
2021-04-27,142.6,137.8,145.0,137.2,27233
2021-04-28,138.0,143.8,146.4,134.2,30949
2021-04-29,144.0,134.2,144.246,132.8,35302
2021-04-30,133.0,131.4,135.96,128.6,25203
2021-05-03,130.4,123.4,131.398,123.0,36903
2021-05-04,123.2,123.2,123.794,116.2,38896
2021-05-05,123.4,119.8,125.8,119.1,23743
2021-05-06,120.0,114.2,121.328,112.0,39753
2021-05-07,113.4,113.4,119.2,112.6,21309
2021-05-10,112.0,102.8,112.4,101.2,50338
2021-05-11,100.4,107.4,108.0,96.4,36544
2021-05-12,105.2,100.0,105.4,97.2,49980
2021-05-13,100.0,86.0,100.998,84.2,59520
2021-05-14,90.6,94.6,95.4,88.4,51551
2021-05-17,96.0,94.8,97.8,93.0,18685
2021-05-18,95.0,98.2,101.2,94.8,20748
2021-05-19,96.4,95.8,97.376,93.2,15538
2021-05-20,96.2,99.6,102.4,95.4,21750
2021-05-21,101.2,94.2,101.6,93.6,29782
2021-05-24,93.0,88.4,93.998,86.2,57802
2021-05-25,90.4,94.4,98.0,86.0,65474
2021-05-26,93.6,99.0,99.6,92.342,29320
2021-05-27,99.4,99.8,103.2,96.18,46384
2021-05-28,96.0,97.2,101.6,95.2,27492
2021-06-01,100.0,106.4,111.8,98.0,69349
2021-06-02,106.2,108.4,114.0,105.108,46117
2021-06-03,106.0,97.8,107.782,97.002,75774
2021-06-04,98.4,86.2,98.9,85.0,191296
2021-06-07,86.0,78.4,86.0,76.4,169923
2021-06-08,79.292,83.6,83.8,76.6,110576
2021-06-09,84.8,80.8,89.2,80.4,152350
2021-06-10,85.0,83.0,87.6,80.5,103088
2021-06-11,82.2,91.2,91.8,79.4,261873
2021-06-14,89.0,91.2,94.4,87.8,69714
2021-06-15,91.8,88.6,92.6,86.9,47377
2021-06-16,83.2,82.8,85.6,80.6,74444
2021-06-17,82.2,79.2,82.824,79.2,74192
2021-06-18,80.0,80.0,81.6,78.8,74092
2021-06-21,78.4,74.8,79.18,74.4,89657
2021-06-22,75.2,72.8,75.4,72.0,52324
2021-06-23,72.7,74.0,75.4,72.6,47465
2021-06-24,74.0,74.0,77.0,73.8,60122
2021-06-25,76.4,73.8,76.4,72.8,66115
2021-06-28,74.2,73.0,74.8,72.6,81253
2021-06-29,73.2,69.4,73.75,69.0,112141
2021-06-30,69.2,73.0,74.6,68.0,130319
2021-07-01,72.0,66.6,72.4,66.5,86983
2021-07-02,66.2,63.0,66.74,57.4,109192
2021-07-06,60.0,59.6,64.4,58.4,88560
2021-07-07,60.0,55.4,60.8,55.4,64809
2021-07-08,52.0,56.4,57.6,50.2,74714
2021-07-09,58.8,55.8,58.8,55.2,49566
2021-07-12,55.6,54.2,56.0,53.6,32677
2021-07-13,54.0,55.0,60.0,53.2,70219
2021-07-14,54.8,52.2,55.2,51.0,55349
2021-07-15,51.2,51.8,53.2,50.0,26668
2021-07-16,51.6,50.4,52.0,49.4,32407
2021-07-19,48.6,49.0,49.8,47.2,28880
2021-07-20,51.0,48.6,51.0,46.9,58670
2021-07-21,48.8,49.8,50.6,48.6,22186
2021-07-22,50.8,46.0,50.8,45.6,55394
2021-07-23,28.0,28.2,35.4,26.4,662146
2021-07-26,22.8,20.8,24.0,20.4,408854
2021-07-27,21.6,23.2,31.6,21.312,1218079
2021-07-28,25.8,24.4,27.4,23.6,420472
2021-07-29,25.4,24.2,25.4,23.0,193479
2021-07-30,23.8,22.4,24.21,22.2,133562
2021-08-02,22.642,22.0,23.0,21.6,131987
2021-08-03,22.4,22.8,23.6,21.4,174126
2021-08-04,22.4,22.0,24.0,21.4,190596
2021-08-05,22.072,22.8,23.4,21.8,89273
2021-08-06,22.42,22.4,23.0,22.0,64107
2021-08-09,22.4,24.6,25.0,22.046,141183
2021-08-10,24.4,23.6,25.4,23.4,47109
2021-08-11,23.274,23.2,23.6,22.4,47173
2021-08-12,22.8,22.2,22.8,22.0,46965
2021-08-13,21.8,21.6,22.4,21.4,36675
2021-08-16,21.4,20.8,21.4,20.0,64938
2021-08-17,20.044,21.0,21.0,19.6,67198
2021-08-18,21.2,20.8,22.0,20.2,58850
2021-08-19,19.352,21.6,22.2,19.0,84747
2021-08-20,21.07,21.4,21.7,20.0,57804
2021-08-23,21.034,20.4,21.4,20.1,40982
2021-08-24,21.2,23.6,24.6,20.2,298569
2021-08-25,23.0,22.4,24.0,20.6,135605
2021-08-26,21.8,21.0,23.2,20.768,143645
2021-08-27,20.8,21.2,21.2,20.4,94129
2021-08-30,21.2,22.0,23.2,20.6,118707
2021-08-31,21.77,22.0,23.2,21.6,135411
2021-09-01,22.6,26.6,27.2,22.4,334622
2021-09-02,26.4,25.6,28.0,24.0,265744
2021-09-03,24.886,25.4,26.0,23.4,113172
2021-09-07,25.6,26.4,27.4,25.4,84200
2021-09-08,26.0,24.0,26.6,23.0,69831
2021-09-09,23.4,24.8,25.0,23.2,29154
2021-09-10,25.0,23.0,25.362,23.0,48391
2021-09-13,23.2,23.0,23.4,22.2,38193
2021-09-14,23.2,22.0,24.0,22.0,49525
2021-09-15,22.0,21.8,22.2,20.8,39488
2021-09-16,21.6,22.0,22.2,20.8,35164
2021-09-17,22.2,21.8,22.2,20.8,57044
2021-09-20,21.0,19.506,21.2,19.4,78004
2021-09-21,19.6,19.7,20.4,19.6,37081
2021-09-22,19.6,21.0,21.2,19.6,77549
2021-09-23,21.6,20.2,21.8,20.0,52642
2021-09-24,20.0,19.282,20.4,19.02,55763
2021-09-27,19.4,20.4,20.6,18.6,79254
2021-09-28,19.8,18.874,20.4,18.8,56041
2021-09-29,19.0,17.434,19.34,17.0,133240
2021-09-30,17.6,18.002,18.38,17.582,71223
2021-10-01,18.054,17.5,18.39798,17.006,61704
2021-10-04,17.08,16.448,17.456,16.23,47087
2021-10-05,16.44,17.0,17.098,16.286,35869
2021-10-06,17.0,16.96,17.0,16.66,21163
2021-10-07,17.44,17.0,17.5,16.654,59497
2021-10-08,16.6,17.0,17.598,16.16,82886
2021-10-11,16.6,16.938,18.0,16.46,102265
2021-10-12,17.002,17.0,18.2,16.402,54550
2021-10-13,17.1,17.702,17.8,16.802,72633
2021-10-14,17.6,17.52,17.6,16.61,39482
2021-10-15,17.4,17.132,17.79,16.82,39119
2021-10-18,17.0,16.612,17.4,16.26,65379
2021-10-19,16.402,16.774,16.998,16.002,48344
2021-10-20,16.76,16.66,16.76,16.2,53379
2021-10-21,16.7,16.622,16.98,16.4,46103
2021-10-22,16.526,16.04,16.728,16.0,42763
2021-10-25,16.13,16.54,17.296,15.4,149118
2021-10-26,16.496,16.71,18.6,15.8,249533
2021-10-27,17.11,18.6,21.4,16.63,791852
2021-10-28,17.46,17.794,18.0,17.014,93712
2021-10-29,17.2,16.5,17.58,16.43,73786
2021-11-01,16.4,16.636,16.8,16.4,42563
2021-11-02,17.06,18.86,18.86,17.0,113627
2021-11-03,18.452,20.0,20.4,18.42,131570
2021-11-04,20.2,19.6,21.2,19.0,110856
2021-11-05,19.2,18.2,19.6,18.0,62710
2021-11-08,19.2,19.14,19.98,18.36,92152
2021-11-09,17.8,17.354,18.6,16.382,124365
2021-11-10,16.802,17.082,17.8,16.8,42023
2021-11-11,17.0,17.2,18.3,17.0,55783
2021-11-12,17.202,17.0,17.334,16.6,83076
2021-11-15,16.604,16.172,16.98,16.0,78049
2021-11-16,16.152,16.482,16.482,16.0,44710
2021-11-17,14.8,14.05,15.7,13.55,240874
2021-11-18,13.75,11.75,13.823,10.9,232301
2021-11-19,11.6,11.9,12.9,11.0,102988
2021-11-22,11.95,10.25,11.95,10.2,132825
2021-11-23,10.35,9.7,11.6,9.5485,109969
2021-11-24,9.6,9.6,9.9,9.039,83675
2021-11-26,9.35,8.9,9.65,8.6,80382
2021-11-29,9.1,9.45,9.6,8.9005,64284
2021-11-30,9.3,9.65,9.65,8.6,136925
2021-12-01,9.6,8.75,9.6185,8.55,59823
2021-12-02,8.75,8.4,8.8,8.3,57674
2021-12-03,8.3,6.95,8.35,6.95,112365
2021-12-06,6.95,7.4,7.5,6.675,69404
2021-12-07,7.45,7.9,8.25,7.45,65725
2021-12-08,7.9,8.3,8.85,7.6,80859
2021-12-09,8.65,7.75,8.775,7.55,82886
2021-12-10,7.8,7.7,8.45,7.25,352839
2021-12-13,7.5,7.35,7.95,7.15,89732
2021-12-14,7.25,7.0,7.45,6.8,80117
2021-12-15,7.0,6.9,7.2,6.3,132641
2021-12-16,7.0,6.35,7.0595,6.0,68306
2021-12-17,6.1,7.1,7.45,6.0945,70344
2021-12-20,6.75,6.9,7.1,6.5,52257
2021-12-21,6.95,6.4,7.2,6.3,100553
2021-12-22,6.5,6.4,6.6,6.3,77911
2021-12-23,6.4,6.25,6.4,6.2,33258
2021-12-27,6.2,6.45,6.9,6.0,152619
2021-12-28,6.3,5.85,6.391,5.8,39474
2021-12-29,5.8,5.9,6.1,5.55,70272
2021-12-30,5.95,6.25,6.5,5.95,96865
2021-12-31,6.2,6.25,6.9,6.15,104915
2022-01-03,6.35,6.45,6.5,6.25,21178
2022-01-04,6.35,6.05,6.35,5.95,34915
2022-01-05,6.25,5.8,6.25,5.7005,30826
2022-01-06,5.75,6.1,6.4495,5.6,48931
2022-01-07,6.0,5.75,6.15,5.75,12027
2022-01-10,5.9,5.7,5.9,5.55,38157
2022-01-11,5.6,6.0,6.4,5.6,22121
2022-01-12,5.8,5.75,6.232,5.75,34336
2022-01-13,5.75,5.95,5.95,5.65,19741
2022-01-14,5.85,5.85,6.3,5.7,44035
2022-01-18,5.75,5.5,6.15,5.5,58024
2022-01-19,5.5,5.35,5.895,5.2,53955
2022-01-20,5.4,5.4,5.7,5.4,41300
2022-01-21,5.5,4.997,5.5,4.9,49453
2022-01-24,4.866,4.7495,4.94,4.401,57017
2022-01-25,4.85,5.2,5.3,4.75,33066
2022-01-26,5.25,5.3,5.327,5.0,58235
2022-01-27,5.25,5.05,5.25,5.0,21632
2022-01-28,4.963,5.25,5.3,4.9,32181
2022-01-31,5.2,5.35,5.5,5.108,30394
2022-02-01,5.5,5.65,5.75,5.4,28946
2022-02-02,5.65,5.4,5.65,5.25,10529
2022-02-03,4.876,5.25,5.45,4.876,20686
2022-02-04,5.35,5.65,5.8,5.225,13995
2022-02-07,5.7,5.7,5.75,5.5,16826
2022-02-08,5.7,5.65,5.9,5.6,18120
2022-02-09,5.8,5.95,5.95,5.65,17963
2022-02-10,5.95,6.4,6.4,5.75,24529
2022-02-11,6.55,6.65,7.35,6.5,76150
2022-02-14,6.7,7.55,7.6,6.5,45102
2022-02-15,7.8,8.1,8.7,7.55,154193
2022-02-16,8.15,7.8,8.2055,7.4,59861
2022-02-17,7.7,7.9,7.9,7.5,44032
2022-02-18,8.25,7.7,8.7,7.5,60028
2022-02-22,7.15,7.5,7.75,7.15,54537
2022-02-23,7.65,7.0,7.9145,7.0,22891
2022-02-24,7.0,7.3,7.35,6.55,40372
2022-02-25,7.4,7.35,7.4495,7.05,10854
2022-02-28,7.25,7.65,7.85,7.0,15097
2022-03-01,7.75,7.5,7.85,7.5,7615
2022-03-02,7.65,7.65,8.0,7.4,26014
2022-03-03,7.8,7.75,7.85,7.25,16070
2022-03-04,7.65,7.35,7.65,7.1,37831
2022-03-07,7.35,8.1,8.15,7.35,79270
2022-03-08,7.85,8.55,9.1185,7.85,67073
2022-03-09,9.85,10.25,10.7,9.85,212274
2022-03-10,10.0,11.4,11.4,10.0,114061
2022-03-11,11.35,12.0,12.75,11.35,143716
2022-03-14,11.45,11.5,11.9,10.6,113088
2022-03-15,11.25,11.0,11.55,11.0,43809
2022-03-16,12.35,15.05,15.4,12.0,149974
2022-03-17,14.9,15.65,16.45,14.9,110681
2022-03-18,15.8,18.9,18.9,15.0,124447
2022-03-21,18.2,15.0,18.85,14.85,105823
2022-03-22,14.9,17.25,17.95,14.8,115962
2022-03-23,17.25,16.6,18.175,16.15,62812
2022-03-24,16.5,16.15,16.5,15.1,41543
2022-03-25,15.5,15.25,16.0,14.85,51083
2022-03-28,15.35,14.0,15.8,13.75,42490
2022-03-29,13.75,14.4,15.45,13.75,26519
2022-03-30,14.35,13.95,15.0,13.9,27700
2022-03-31,14.15,13.3,14.3,13.3,32604
2022-04-01,13.75,13.65,14.75,13.5,33586
2022-04-04,14.3,14.1,14.8,13.9,33947
2022-04-05,14.1,13.1,14.4,13.05,22079
2022-04-06,12.85,13.8,13.9,12.15,30506
2022-04-07,13.55,12.55,13.6865,12.25,17956
2022-04-08,12.7,12.1,13.0,11.65,18277
2022-04-11,11.75,11.7,12.25,11.5,24596
2022-04-12,11.55,10.0,11.55,9.75,71028
2022-04-13,10.2,9.9,10.4455,9.8,20020
2022-04-14,9.85,10.25,10.25,9.85,12958
2022-04-18,10.3,10.05,10.4,9.8,13164
2022-04-19,9.9,9.95,10.15,9.5,11078
2022-04-20,9.85,10.15,10.15,9.7,13621
2022-04-21,10.15,9.2,10.3,9.05,28514
2022-04-22,9.1,10.1,10.85,9.1,18756
2022-04-25,9.85,10.1,10.25,9.235,22236
2022-04-26,9.7,9.5,9.8,9.5,15810
2022-04-27,9.55,9.45,9.75,9.45,12373
2022-04-28,9.5,10.0,10.425,9.46,15376
2022-04-29,10.7,11.85,12.275,10.5505,39980
2022-05-02,11.65,13.4,13.7,11.05,29172
2022-05-03,13.3,12.85,13.9495,12.55,22651
2022-05-04,12.4,11.25,12.4,11.0,27236
2022-05-05,11.4,11.0,11.6,10.825,11010
2022-05-06,10.85,9.65,10.85,9.5,22139
2022-05-09,9.7,8.55,9.7,8.5,20501
2022-05-10,8.5,8.55,8.9,8.5,10442
2022-05-11,8.8,7.6,8.8,7.55,8827
2022-05-12,7.65,8.1,8.5,7.375,13101
2022-05-13,7.85,9.05,9.2,7.85,12319
2022-05-16,9.0,9.1,9.5435,8.9,7427
2022-05-17,9.25,9.4,9.85,9.2,5852
2022-05-18,9.35,8.95,9.6,8.8,12488
2022-05-19,9.0,9.35,9.65,8.5,14418
2022-05-20,9.6,9.0,9.9,9.0,9306
2022-05-23,9.05,8.95,9.7,8.75,8370
2022-05-24,8.6,8.95,9.05,8.55,4753
2022-05-25,8.95,9.0,9.7,8.65,5303
2022-05-26,9.0,9.3,9.95,8.55,7314
2022-05-27,9.4,9.95,10.1,9.4,6469
2022-05-31,10.7,10.6,10.9,10.172,13042
2022-06-01,10.7,10.4,11.0,10.0,5611
2022-06-02,10.3,10.85,11.9495,10.3,11230
2022-06-03,10.7,10.2,11.0,10.0,6334
2022-06-06,10.6,11.65,11.65,10.6,10150
2022-06-07,10.95,12.05,12.25,10.95,10227
2022-06-08,13.0,14.1,18.7,12.0,170779
2022-06-09,13.6,15.25,16.366,12.75,45496
2022-06-10,15.5,12.0,15.6,10.95,70589
2022-06-13,12.8,9.65,12.8,9.65,48008
2022-06-14,9.8,10.3,11.15,9.75,29118
2022-06-15,10.35,10.2,10.75,9.9,15755
2022-06-16,10.2,9.5,10.2,9.1,23544
2022-06-17,10.0,9.7,10.4,9.5,16327
2022-06-21,10.0,10.4,10.575,9.75,10950
2022-06-22,9.8,10.5,10.5,9.77,5606
2022-06-23,10.5,10.15,10.55,9.8,6565
2022-06-24,10.3,8.8,10.3,8.75,46478
2022-06-27,9.2,9.0,9.3,8.436,25884
2022-06-28,9.15,9.35,9.606,9.15,23561
2022-06-29,9.2,9.4,9.5,8.8575,17500
2022-06-30,9.1,9.85,9.975,8.801,17023
2022-07-01,9.7,9.7,10.25,9.05,19325
2022-07-05,9.6,9.15,9.6,9.05,39474
2022-07-06,8.95,8.5,9.15,8.4,35159
2022-07-07,8.8,8.45,8.975,8.35,28920
2022-07-08,8.45,7.9,8.5,7.8,109179
2022-07-11,7.75,7.85,8.0,7.7,25536
2022-07-12,7.9,7.85,8.05,7.65,20541
2022-07-13,8.0,7.7,8.0,7.6,25609
2022-07-14,7.5,7.4,7.7,7.15,26610
2022-07-15,7.45,7.0,7.45,7.0,26951
2022-07-18,7.1,7.7,7.95,7.1,37514
2022-07-19,7.65,7.65,8.25,7.65,20416
2022-07-20,8.1,8.15,8.6,8.1,21731
2022-07-21,8.2,9.05,9.2,8.2,23160
2022-07-22,9.1,9.55,10.497,9.0,53324
2022-07-25,9.55,9.75,10.1,9.55,18977
2022-07-26,9.7005,9.45,10.1155,9.171,15340
2022-07-27,9.4,9.35,9.925,9.1,15367
2022-07-28,9.15,9.25,9.85,9.1,15399
2022-07-29,9.2,9.9,9.95,8.7,16267
2022-08-01,9.5,9.4,9.7805,9.4,16067
2022-08-02,9.25,9.175,9.75,9.0,21739
2022-08-03,9.253,9.5,9.94,9.2,14524
2022-08-04,9.55,9.65,9.825,9.4,11888
2022-08-05,9.55,9.9,10.05,9.5,16508
2022-08-08,9.95,9.8,10.23,9.5,22809
2022-08-09,9.7,9.6,9.9,9.55,6306
2022-08-10,9.5,9.4,9.925,9.35,14378
2022-08-11,9.4,9.9,10.2,9.4,11093
2022-08-12,9.793,9.65,10.15,9.65,11618
2022-08-15,9.6,9.7,10.05,9.6,10714
2022-08-16,9.55,9.6,9.792,9.5,9126
2022-08-17,9.5,9.7,10.025,9.5,10481
2022-08-18,9.65,9.75,10.025,9.55,20640
2022-08-19,9.7,9.8,10.1,9.65,10742
2022-08-22,9.6,9.55,9.9,9.55,10009
2022-08-23,9.5,9.55,9.75,9.35,5996
2022-08-24,9.3,9.15,9.5,9.0,9370
2022-08-25,9.3,9.25,9.4495,9.0,21508
2022-08-26,9.76,9.05,9.818,8.864,21586
2022-08-29,8.9,8.9,9.05,8.775,17149
2022-08-30,8.9,9.6,10.05,8.9,29767
2022-08-31,9.6,9.5,9.7185,9.5,7189
2022-09-01,9.175,8.85,9.5,8.8,18519
2022-09-02,8.9,8.85,8.95,8.85,9591
2022-09-06,8.8,8.6,8.922,8.4,13738
2022-09-07,8.5,8.1,8.7,7.9,18944
2022-09-08,8.0,7.95,8.75,7.8,14864
2022-09-09,7.85,7.95,8.25,7.85,33953
2022-09-12,8.0,7.6,8.25,7.55,19061
2022-09-13,7.6,8.05,8.65,7.55,29626
2022-09-14,8.0,8.0,8.5,7.85,33575
2022-09-15,8.25,8.9,9.1,8.0,71310
2022-09-16,8.9,8.6,9.7,8.3,50618
2022-09-19,8.75,8.55,9.15,8.55,14180
2022-09-20,8.5565,9.05,9.325,8.5565,7729
2022-09-21,8.5,8.5,8.7,8.05,8912
2022-09-22,8.45,8.15,8.45,8.15,7736
2022-09-23,8.108,7.95,8.35,7.95,9545
2022-09-26,7.95,7.75,8.1435,7.75,5635
2022-09-27,7.7,7.85,8.05,7.6,11377
2022-09-28,7.6,8.0,8.03,7.6,5879
2022-09-29,7.7,7.8,7.8025,7.7,16604
2022-09-30,7.55,6.75,7.55,6.65,24388
2022-10-03,6.75,6.65,7.0,6.65,16799
2022-10-04,6.35,6.1,6.75,5.85,40343
2022-10-05,6.375,6.1,6.45,5.85,23064
2022-10-06,6.5,5.75,6.8,5.5005,18181
2022-10-07,5.5,5.25,5.75,5.15,14288
2022-10-10,5.45,4.85,5.625,4.7505,22198
2022-10-11,4.8025,4.701,4.8505,4.7,15722
2022-10-12,4.6,4.6395,4.9845,4.6,11714
2022-10-13,4.6,4.2965,4.6005,4.026,23836
2022-10-14,4.3,4.2765,4.4,4.1075,11223
2022-10-17,4.3,4.15,4.55,4.059,11706
2022-10-18,4.5295,4.25,4.55,4.1915,13140
2022-10-19,4.15,3.876,4.425,3.8,16813
2022-10-20,3.876,3.8375,3.9005,3.7505,16058
2022-10-21,3.7,3.796,3.8855,3.7,7858
2022-10-24,3.636,3.4075,3.663,3.3005,16540
2022-10-25,3.35,3.4,3.45,3.35,19934
2022-10-26,3.35,3.284,3.449995,3.284,38829
2022-10-27,3.3,3.4,3.45,3.3,16861
2022-10-28,3.291,3.35,3.401,3.291,12838
2022-10-31,3.15,3.25,3.48989,3.15,17864
2022-11-01,3.25,3.4,3.595,3.25,13338
2022-11-02,3.54,3.15,3.54,3.15,15102
2022-11-03,3.05,3.7995,3.9775,3.05,20430
2022-11-04,4.244,4.454,4.54505,4.244,22720
2022-11-07,4.65,4.699,4.7625,4.4995,19815
2022-11-08,4.705,4.6045,4.75,4.564,8779
2022-11-09,4.605,4.2115,4.6475,4.21,10590
2022-11-10,4.1625,4.39825,4.5005,4.1625,8147
2022-11-11,4.5,4.4765,4.75,4.400505,9993
2022-11-14,4.5,4.5585,4.75,4.5,12681
2022-11-15,4.605,4.9,5.1,4.605,31789
2022-11-16,4.75,4.6505,4.8255,4.625,7217
2022-11-17,4.65,4.8895,4.9,4.6,9945
2022-11-18,5.05,5.2,5.25,4.95,10395
2022-11-21,5.05,5.3,5.7,5.05,14337
2022-11-22,5.65,5.4,5.65,5.1,9428
2022-11-23,4.9,5.2,5.25,4.9,6634
2022-11-25,5.2,5.075,5.295,5.0,4542
2022-11-28,4.75,4.8405,5.0,4.75,6554
2022-11-29,4.8325,5.2,5.2715,4.8325,6488
2022-11-30,5.1,5.55,5.7,5.1,21838
2022-12-01,5.681,5.8495,5.9,5.673,8001
2022-12-02,5.85,6.75,6.948,5.45,22256
2022-12-05,7.25,7.5005,7.711,7.2475,32217
2022-12-06,7.75,7.25,7.75,7.0,15691
2022-12-07,7.25,6.45,7.25,6.0,34662
2022-12-08,5.9,6.05,6.45,5.5,46110
2022-12-09,6.25,6.6,6.8,5.85,29546
2022-12-12,6.45,5.83,6.45,5.83,18832
2022-12-13,6.05,5.9,6.4495,5.8995,13936
2022-12-14,5.9,6.15,6.45,5.5,15647
2022-12-15,6.1,6.3,6.81,6.1,18987
2022-12-16,6.2,8.1,8.6,6.2,182063
2022-12-19,9.5,10.95,11.25,8.8,329108
2022-12-20,10.6,10.25,11.85,9.4,200041
2022-12-21,10.85,10.75,11.1455,8.8,183728
2022-12-22,10.3,10.75,11.5,10.25,85589
2022-12-23,10.9,10.3,10.9,9.55,56631
2022-12-27,10.2,10.4,10.7,10.0005,32769
2022-12-28,9.9,9.2,10.3885,9.0,56586
2022-12-29,8.35,9.0,9.2,7.865,78357
2022-12-30,8.45,10.2,10.55,8.3,79095
2023-01-03,10.4,9.9995,10.925,9.5,43004
2023-01-04,10.15,10.3,10.6,9.8385,29076
2023-01-05,10.45,9.75,10.5,9.65,31572
2023-01-06,9.65,9.8,10.1,9.4,30456
2023-01-09,10.2,10.05,11.35,9.6,77978
2023-01-10,10.0,9.65,10.05,9.5,35731
2023-01-11,9.8,9.65,10.5,9.45,39663
2023-01-12,9.65,8.85,9.65,8.65,30372
2023-01-13,8.9,9.05,9.6275,8.9,28331
2023-01-17,8.9,8.95,9.299,8.8,14814
2023-01-18,9.3,8.7,9.3,8.5,16601
2023-01-19,8.675,8.6,9.325,8.6,35157
2023-01-20,9.05,9.1,9.25,8.85,21258
2023-01-23,9.05,8.85,9.875,8.75,38678
2023-01-24,9.05,8.75,9.149,8.6,9141
2023-01-25,9.05,8.7,9.2,8.65,18868
2023-01-26,9.0035,8.7,9.093,8.7,13481
2023-01-27,8.85,9.35,9.45,8.8445,17234
2023-01-30,8.75,8.85,9.0,8.55,19540
2023-01-31,8.925,9.05,9.2365,8.85,17140
2023-02-01,9.05,9.15,9.45,8.75,17985
2023-02-02,9.4,9.05,9.85,8.85,57007
2023-02-03,8.75,8.75,9.2,8.75,20352
2023-02-06,8.55,7.8,8.65,7.75,24399
2023-02-07,7.85,7.7,8.15,7.5,20939
2023-02-08,7.6,7.15,7.988,6.75,25700
2023-02-09,7.5,6.15,7.6,5.35,104352
2023-02-10,6.1,5.75,6.425,5.5,44299
2023-02-13,5.5,5.25,6.4,5.2,79497
2023-02-14,5.5,5.4,5.65,5.25,58465
2023-02-15,5.5,5.5,6.1,5.35,73162
2023-02-16,5.5,5.4,5.85,5.4,33947
2023-02-17,5.25,5.4,5.8,5.25,41048
2023-02-21,5.4,5.3,5.5,5.25,19358
2023-02-22,5.375,5.3,5.375,5.25,18343
2023-02-23,5.2635,5.4,5.5,5.0,25346
2023-02-24,5.3,5.3,5.35,5.25,5806
2023-02-27,5.45,5.15,5.45,5.113,6925
2023-02-28,5.05,4.9755,5.2,4.8985,31516
2023-03-01,5.05,4.999,5.1,4.975,8956
2023-03-02,4.95,5.013,5.25,4.95,47612
2023-03-03,5.0,5.35,5.9,4.95,101830
2023-03-06,5.7,5.55,6.0,5.4,33568
2023-03-07,5.5,5.4,5.69,5.25,24304
2023-03-08,5.4,5.5,5.55,5.4,5014
2023-03-09,5.5,5.3,5.55,5.15,13808
2023-03-10,5.4,5.113,5.45,5.0165,9333
2023-03-13,5.2,5.25,5.4,5.1,10440
2023-03-14,5.2245,4.9,5.2495,4.8,57289
2023-03-15,4.85,4.7855,4.995,4.75,15571
2023-03-16,4.800505,4.9,4.9,4.79,1863
2023-03-17,4.85,4.8535,4.9,4.755,3714
2023-03-20,4.9,4.6,4.918995,4.4,14141
2023-03-21,4.775,4.9,4.9745,4.651,11352
2023-03-22,4.8,4.848,5.0,4.65,11966
2023-03-23,4.9255,5.1985,5.2,4.925,11322
2023-03-24,5.2,5.25,5.2885,5.1,8724
2023-03-27,5.0,5.208,5.3,5.0,46010
2023-03-28,4.65,4.85,5.4615,4.591,34733
2023-03-29,5.0,4.9215,5.0,4.85,3202
2023-03-30,4.96,4.83,5.0,4.504995,18224
2023-03-31,5.0,5.0595,5.2,4.66,25648
2023-04-03,4.95,5.375,5.75,4.75,67939
2023-04-04,5.5,5.45,5.9,5.1,54175
2023-04-05,5.55,5.451,5.6,5.2,31723
2023-04-06,5.5,5.65,5.8,5.3,14413
2023-04-10,5.7,5.85,5.85,5.35,14891
2023-04-11,5.65,6.1005,6.3,5.65,28520
2023-04-12,5.85,6.1,6.25,5.65,18449
2023-04-13,6.125,6.073,6.25,5.95,9851
2023-04-14,6.2,6.15,6.25,5.8505,12840
2023-04-17,6.1,5.862,6.1,5.85,2295
2023-04-18,5.85,6.9,7.125,5.85,54593
2023-04-19,6.55,6.9,6.9,6.4,18376
2023-04-20,6.8,6.95,7.0,6.55,11910
2023-04-21,6.8,6.4,6.8,6.3,9278
2023-04-24,6.5,6.5,6.65,6.3,12876
2023-04-25,6.275,6.1,6.4,6.0,13736
2023-04-26,6.05,6.4,6.5,6.05,3603
2023-04-27,6.117,6.65,6.7,6.117,3973
2023-04-28,6.375,6.55,6.6,6.2,1033
2023-05-01,6.389,6.5,6.5,6.3,2543
2023-05-02,6.3515,6.5,6.85,6.1915,11448
2023-05-03,6.6,6.75,6.9,6.4,12176
2023-05-04,6.5,6.55,6.85,6.35,7177
2023-05-05,6.4,6.7,6.7,6.2,6046
2023-05-08,6.5,6.65,6.7,6.354,3403
2023-05-09,6.45,6.75,6.75,6.45,4804
2023-05-10,6.55,6.183,6.6,5.85,8822
2023-05-11,6.0,5.65,6.4,5.65,4731
2023-05-12,5.6,5.25,6.05,5.25,17315
2023-05-15,5.25,5.35,5.45,5.15,9605
2023-05-16,5.35,5.75,6.25,5.2885,4759
2023-05-17,5.5025,5.55,6.05,5.275,9176
2023-05-18,5.7,5.55,5.95,5.3505,3307
2023-05-19,5.8005,5.8,6.1,5.35,5421
2023-05-22,6.05,5.15,6.05,5.0,35235
2023-05-23,5.25,5.1995,5.25,5.0,7995
2023-05-24,5.25,4.85,5.3,4.8,11217
2023-05-25,5.35,5.15,5.35,4.8505,3929
2023-05-26,4.8505,4.969495,5.05,4.8505,3673
2023-05-30,4.95,4.9025,4.9695,4.756,10211
2023-05-31,4.812505,4.8255,4.829335,4.6,9447
2023-06-01,4.8,4.302905,4.8,3.75,44974
2023-06-02,4.45,4.575,4.65,4.45,4063
2023-06-05,4.5505,4.2,4.575,4.0555,8929
2023-06-06,4.4505,5.25,5.75,4.4505,42703
2023-06-07,5.0,5.0,5.6,4.6505,18490
2023-06-08,4.9995,4.8295,4.9995,4.8,3514
2023-06-09,4.84,4.7,4.85,4.6,11107
2023-06-12,4.6,4.875005,4.9,4.6,3418
2023-06-13,4.99,5.2,5.4,4.99,17114
2023-06-14,5.35,5.3,5.75,5.2,30283
2023-06-15,5.2,4.8,5.3,4.751,24718
2023-06-16,5.0,4.95075,5.05,4.85,11848
2023-06-20,4.85,5.05,5.05,4.005,13619
2023-06-21,4.7,4.95,4.95,4.6005,4817
2023-06-22,4.55,4.7,5.0,4.464,5359
2023-06-23,4.5,4.72675,4.897755,4.5,420
2023-06-26,4.75,4.6053,4.9495,4.5005,2859
2023-06-27,4.725,4.6255,4.9495,4.625,6800
2023-06-28,4.65,4.824995,4.83525,4.525,997
2023-06-29,4.9,4.827,4.95,4.827,1612
2023-06-30,4.75,4.604,4.827,4.6005,3959
2023-07-03,4.8265,4.455,4.92,4.455,6682
2023-07-05,4.455,4.8,4.85,4.455,4831
2023-07-06,4.64975,4.7,4.7,4.5,1186
2023-07-07,4.699495,4.525,4.749995,4.525,5393
2023-07-10,4.7,4.7005,4.9,4.7,5591
2023-07-11,4.8,4.955,4.955,4.8,6769
2023-07-12,4.751005,4.9245,5.0,4.751005,5902
2023-07-13,4.925,5.0,5.0,4.85,7022
2023-07-14,5.1,4.74532,5.1,4.525,8529
2023-07-17,4.9,4.794,4.9,4.723,2061
2023-07-18,4.7655,4.6,5.05,4.6,5337
2023-07-19,4.6505,4.6505,4.75,4.6,12194
2023-07-20,4.6275,4.8,4.99135,4.6275,5295
2023-07-21,4.8,4.8,4.949,4.6,654
2023-07-24,4.6085,4.753,4.952495,4.6085,3285
2023-07-25,4.753,4.7,4.95,4.65,2814
2023-07-26,4.6,4.6005,4.95,4.6,4804
2023-07-27,4.8305,4.5,4.867125,4.5,6453
2023-07-28,4.5015,4.649995,4.9235,4.5015,24195
2023-07-31,5.0,4.625,5.0,4.590005,16072
2023-08-01,4.6505,4.75,4.75,4.55,4384
2023-08-02,4.7505,4.65,4.75055,4.55,5613
2023-08-03,4.699495,4.8945,4.894995,4.638,3314
2023-08-04,4.75,4.7495,4.8485,4.6,3341
2023-08-07,4.6005,4.575,4.749995,4.5,3117
2023-08-08,4.55,4.7,4.75,4.5005,3613
2023-08-09,4.65,4.525,4.7,4.525,3946
2023-08-10,4.7,4.5,4.75,4.5,4945
2023-08-11,4.55,4.5005,4.55,4.5,2923
2023-08-14,4.5,4.63,4.65,4.5,6598
2023-08-15,4.65,4.6,4.65,4.4505,1872
2023-08-16,4.5,4.55,4.599,4.4,2425
2023-08-17,4.45,4.5485,4.55,4.4,1419
2023-08-18,4.405,4.3,4.445,4.3,4906
2023-08-21,4.25,4.212495,4.2995,4.15,7306
2023-08-22,4.25,4.25,4.262,4.25,2505
2023-08-23,4.21225,4.2,4.275,4.1505,2248
2023-08-24,4.25,4.255,4.35,4.233,4936
2023-08-25,4.33,4.25,4.349495,4.25,948
2023-08-28,4.25,4.4995,4.65,4.25,4271
2023-08-29,4.4,4.45,4.5,4.225,5609
2023-08-30,4.35,4.404,4.475,4.3,4133
2023-08-31,4.3,4.15,4.45,4.149,3318
2023-09-01,4.225,4.15,4.225,4.05,13969
2023-09-05,4.05,3.95,4.05,3.95,7746
2023-09-06,3.95,3.6505,3.975,3.6,20871
2023-09-07,3.6505,4.05,4.05,3.3,16387
2023-09-08,3.77,3.8,4.0,3.722,9502
2023-09-11,3.6,3.6,3.6,3.6,60
2023-09-12,3.4765,3.8,4.0425,3.4765,3997
2023-09-13,3.7,3.695,3.75,3.35,4966
2023-09-14,3.553,3.937995,3.9975,3.35,4343
2023-09-15,3.7595,3.7,3.825,3.69,2519
2023-09-18,3.505,3.695,3.99,3.5,2985
2023-09-19,3.6,3.745,3.75,3.41,1675
2023-09-20,3.65,3.700005,3.75,3.65,1883
2023-09-21,3.59,3.5995,3.66,3.55,1646
2023-09-22,3.7495,3.75,3.9,3.5975,10642
2023-09-25,3.995,3.575,3.995,3.4455,10146
2023-09-26,3.5,3.8,3.85,3.4595,6646
2023-09-27,3.799995,3.8375,3.9,3.535505,1643
2023-09-28,3.535,3.5815,3.75,3.535,788
2023-09-29,3.6,3.899,3.925,3.6,3887
2023-10-02,3.6,3.7,3.9425,3.55,1940
2023-10-03,3.65,3.65,3.9995,3.6445,2368
2023-10-04,3.65,3.8,3.8,3.58,654
2023-10-05,3.6,3.7,3.875,3.6,2676
2023-10-06,3.58,3.621,4.05,3.58,4545
2023-10-09,3.65,3.68075,3.7,3.6125,3943
2023-10-10,3.715,3.85,3.875,3.6805,5442
2023-10-11,3.941155,4.0,4.1,3.85,2564
2023-10-12,3.85,4.025,4.071,3.75,1978
2023-10-13,4.0,4.02,4.1,4.0,470
2023-10-16,4.02,4.35,4.4,4.02,4344
2023-10-17,4.5,4.25,4.5,4.25,2508
2023-10-18,4.25,4.08544,4.344,4.08544,1311
2023-10-19,4.0,3.964,4.05,3.775505,2324
2023-10-20,3.750505,3.8275,3.9,3.750505,3809
2023-10-23,3.83,3.756,3.9825,3.7505,1724
2023-10-24,3.95,3.78,3.95,3.6,1938
2023-10-25,3.65,3.65,3.65,3.65,437
2023-10-26,3.85,3.5,3.85,3.5,3019
2023-10-27,3.501,3.5,3.750505,3.5,3064
2023-10-30,3.5,3.4005,3.575,3.35,2727
2023-10-31,3.4005,3.45,3.5,3.3015,4440
2023-11-01,3.45,3.45,3.623005,3.3015,1069
2023-11-02,3.373,3.45,3.6,3.373,979
2023-11-03,3.45,3.35,3.55,3.25,16246
2023-11-06,3.35,3.35025,3.3505,3.325,4505
2023-11-07,3.25,3.3505,3.36,3.25,1080
2023-11-08,3.348,3.25,3.348,3.25,4067
2023-11-09,3.3,3.15,3.55,3.125,9048
2023-11-10,3.1,3.0755,3.125,2.9505,11107
2023-11-13,3.0,3.14,3.15,3.0,1981
2023-11-14,3.1,3.05,3.195,2.950505,4743
2023-11-15,3.05,2.95,3.2015,2.85,21212
2023-11-16,3.05,2.85,3.0975,2.85,4490
2023-11-17,2.9,2.85,3.0975,2.85,6716
2023-11-20,2.85,2.85,3.0,2.85,12767
2023-11-21,2.85,2.983,3.0365,2.85,3355
2023-11-22,2.9,2.6505,2.901705,2.551,7805
2023-11-24,2.7,2.5755,2.762,2.45,19287
2023-11-27,2.575,2.5705,2.745,2.5,12085
2023-11-28,2.57,2.635,2.7745,2.500505,3998
2023-11-29,2.5,2.66,2.743,2.5,7891
2023-11-30,2.643,2.65,2.85,2.6005,6569
2023-12-01,2.6,2.745,2.8495,2.6,7216
2023-12-04,2.65,2.6505,2.7,2.6,3395
2023-12-05,2.82,2.794,2.8845,2.55,9213
2023-12-06,2.85,2.7,2.875,2.6505,11559
2023-12-07,2.6,2.1,2.645,1.75,32217
2023-12-08,2.155,1.6855,2.155,1.6795,36379
2023-12-11,1.686,1.9495,2.05,1.673,16475
2023-12-12,1.829,2.0,2.0,1.75,5014
2023-12-13,1.912,1.8125,1.9425,1.8125,8886
2023-12-14,1.7555,1.775,1.8025,1.65,38412
2023-12-15,1.75,1.8385,1.8385,1.75,14545
2023-12-18,1.41,1.57,1.67,1.41,48938
2023-12-19,1.56,1.51,1.56,1.46,43042
2023-12-20,1.56,1.63,1.72,1.5,57588
2023-12-21,1.608,1.5499,1.61,1.47,8289
2023-12-22,1.52,1.5001,1.7,1.4804,31593
2023-12-26,1.56,1.6,1.6,1.5,6864
2023-12-27,1.6,1.72,1.745,1.5377,26572
2023-12-28,1.76,2.08,2.46,1.7367,147846
2023-12-29,2.07,2.07,2.2227,1.9927,26905
2024-01-02,2.06,1.9618,2.06,1.81,17883
2024-01-03,1.88,1.98,2.08,1.81,10321
2024-01-04,1.961,1.96,2.08,1.94,11270
2024-01-05,1.96,2.3499,2.3499,1.9201,70782
2024-01-08,2.39,2.52,2.7799,2.35,75090
2024-01-09,2.5999,2.66,2.86,2.36,15623
2024-01-10,2.66,2.8,2.8077,2.6301,15138
2024-01-11,2.81,2.96,2.9999,2.725,38314
2024-01-12,3.0,3.5,3.5,2.9763,47301
2024-01-16,3.55,3.03,3.55,2.5,44470
2024-01-17,3.17,2.905,3.39,2.7,21014
2024-01-18,2.91,2.76,2.92,2.75,5637
2024-01-19,2.71,2.5,2.71,2.5,21920
2024-01-22,2.64,2.5,2.65,2.5,5139
2024-01-23,2.5,2.5,2.695,2.5,6732
2024-01-24,2.53,2.57,2.66,2.53,5497
2024-01-25,2.615,2.57,2.67,2.5602,5568
2024-01-26,2.66,2.555,2.66,2.55,9147
2024-01-29,2.54,2.42,2.54,2.401,2097
2024-01-30,2.4,2.169,2.4,2.01,3625
2024-01-31,2.01,2.1,2.4099,2.01,20012
2024-02-01,2.1,2.12,2.3378,2.1,15975
2024-02-02,2.06,1.95,2.06,1.88,12141
2024-02-05,1.875,1.87,1.9486,1.81,12001
2024-02-06,2.05,2.04,2.18,1.91,20864
2024-02-07,1.98,2.04,2.04,1.95,10501
2024-02-08,2.3447,2.13,2.3447,2.055,11062
2024-02-09,2.13,2.04,2.13,2.03,3204
2024-02-12,2.0534,2.14,2.14,2.051,5702
2024-02-13,2.075,2.024,2.14,2.01,1420
2024-02-14,2.04,2.03,2.04,2.03,885
2024-02-15,2.08,2.36,2.455,2.04,30574
2024-02-16,2.28,2.4498,2.53,2.26,8079
2024-02-20,2.5,2.26,2.65,2.26,6290
2024-02-21,2.53,2.38,2.53,2.2794,2775
2024-02-22,2.82,2.5459,2.82,2.51,19015
2024-02-23,2.42,2.55,2.7817,2.42,16063
2024-02-26,2.54,2.7218,2.84,2.5,33546
2024-02-27,2.6962,3.0,3.0,2.6698,19931
2024-02-28,3.0,2.81,3.0,2.7301,4739
2024-02-29,2.79,2.77,3.0,2.7149,56914
2024-03-01,2.81,2.87,2.9999,2.81,11094
2024-03-04,2.81,2.84,3.1715,2.8,23828
2024-03-05,2.77,2.8,2.955,2.76,2840
2024-03-06,2.8,2.88,2.97,2.8,13052
2024-03-07,2.933,3.12,3.18,2.905,36544
2024-03-08,3.16,3.141,3.16,3.048,8615
2024-03-11,3.19,3.15,3.2,3.0101,10815
2024-03-12,3.0,3.07,3.1,2.95,14604
2024-03-13,2.96,3.044,3.044,2.9,6678
2024-03-14,2.92,3.03,3.0406,2.9152,13511
2024-03-15,2.92,2.9,3.0,2.9,7510
2024-03-18,2.9,2.81,3.19,2.58,34313
2024-03-19,2.88,2.87,2.9326,2.83,9411
2024-03-20,2.89,2.98,3.0,2.83,6481
2024-03-21,2.8416,2.95,2.95,2.8416,5348
2024-03-22,3.0,2.94,3.0,2.94,5433
2024-03-25,2.95,3.16,3.16,2.95,14819
2024-03-26,2.9298,3.15,3.15,2.9298,2840
2024-03-27,2.99,2.9701,2.99,2.97,3115
2024-03-28,2.947,2.9,2.947,2.9,3250
2024-04-01,2.89,2.5786,2.89,2.5786,5411
2024-04-02,2.75,2.91,2.91,2.5,10361
2024-04-03,2.84,2.58,2.89,2.57,9184
2024-04-04,2.55,2.53,2.755,2.53,1637
2024-04-05,2.61,2.53,2.755,2.21,1782
2024-04-08,2.52,2.87,3.11,2.52,12365
2024-04-09,2.81,2.8,2.87,2.8,3717
2024-04-10,2.5918,2.7276,2.7276,2.5918,1692
2024-04-12,2.6151,2.6,2.66,2.6,2128
2024-04-15,2.61,2.51,2.61,2.502,1825
2024-04-16,2.32,2.27,2.66,2.22,5714
2024-04-17,2.32,2.35,2.425,2.3,2410
2024-04-18,2.3,2.465,2.7199,2.22,3488
2024-04-19,2.4465,2.23,2.4465,2.23,4188
2024-04-22,2.5874,2.1355,2.5874,2.1355,6383
2024-04-23,2.19,2.61,2.7,2.015,23662
2024-04-24,2.46,2.75,3.0,2.46,13960
2024-04-26,2.95,2.89,2.95,2.7079,3035
2024-04-29,2.5402,2.9,2.9,2.5402,5018
2024-04-30,2.5356,2.668,2.815,2.5356,3126
2024-05-01,2.78,2.62,2.9265,2.61,7403
2024-05-02,2.78,2.85,2.85,2.702,5880
2024-05-03,2.82,2.845,2.97,2.7025,3265
2024-05-06,2.84,2.7001,3.05,2.7001,16063
2024-05-07,2.71,2.7001,2.82,2.58,19964
2024-05-08,2.7133,2.71,2.73,2.7,3671
2024-05-09,2.7559,2.53,2.7559,2.42,3924
2024-05-10,2.55,2.51,2.7083,2.51,10330
2024-05-13,2.6,2.52,2.6,2.499,3166
2024-05-14,2.7,2.53,2.7,2.53,2576
2024-05-15,2.53,2.53,2.6842,2.53,3784
2024-05-16,2.5577,2.61,2.65,2.5577,7028
2024-05-17,2.65,2.89,2.95,2.61,11296
2024-05-20,2.91,2.86,2.99,2.86,10212
2024-05-21,2.91,2.8,2.91,2.8,1800
2024-05-22,2.81,2.91,2.9283,2.81,2278
2024-05-23,2.9,2.965,2.99,2.8228,5532
2024-05-24,2.62,2.9001,3.0,2.62,10536
2024-05-28,2.7998,2.61,2.8,2.61,2411
2024-05-29,2.62,2.6894,2.705,2.61,6700
2024-05-30,2.65,2.68,2.69,2.65,1471
2024-05-31,2.6,2.87,2.87,2.58,2633
2024-06-03,2.5,2.53,2.615,2.5,2983
2024-06-04,2.55,2.55,2.56,2.55,3276
2024-06-05,2.545,2.685,2.6899,2.545,12236
2024-06-06,2.51,2.6,2.6,2.457,7387
2024-06-07,2.34,2.4675,2.4675,2.34,4502
2024-06-10,2.44,2.43,2.585,2.43,4850
2024-06-11,2.33,2.2546,2.33,2.24,3598
2024-06-12,2.32,2.15,2.32,2.15,10261
2024-06-13,2.26,2.22,2.49,2.11,42046
2024-06-14,2.11,2.12,2.2,2.11,1711
2024-06-17,2.22,2.21,2.22,2.1209,5214
2024-06-18,2.2783,2.19,2.2783,2.19,5623
2024-06-20,2.1627,2.26,2.26,2.1117,1762
2024-06-21,2.16,2.26,2.26,2.16,2350
2024-06-24,2.13,2.22,2.22,2.13,3832
2024-06-25,2.21,2.15,2.22,2.15,3263
2024-06-26,2.19,1.94,2.1999,1.94,9135
2024-06-27,1.94,2.05,2.1588,1.9,32542
2024-06-28,1.99,2.14,2.1514,1.99,9578
2024-07-01,2.13,1.99,2.2799,1.99,4794
2024-07-02,1.98,2.0001,2.09,1.98,9556
2024-07-03,2.1,2.1,2.1324,2.0,13518
2024-07-05,2.13,2.07,2.17,1.99,8896
2024-07-08,2.09,2.01,2.27,2.01,3111
2024-07-09,1.98,2.0311,2.19,1.98,3703
2024-07-10,2.14,1.97,2.22,1.97,11520
2024-07-11,2.09,1.98,2.11,1.98,8941
2024-07-12,2.15,2.0,2.15,1.98,13691
2024-07-15,2.0,1.98,2.16,1.98,10533
2024-07-16,2.08,2.1726,2.2599,2.0424,12261
2024-07-17,2.11,2.34,2.5,2.11,19852
2024-07-18,2.4,2.25,2.4,2.24,2855
2024-07-19,2.25,2.3,2.3,1.9801,17053
2024-07-22,2.21,2.36,2.37,2.2,2922
2024-07-23,2.23,2.33,2.5,2.0314,7248
2024-07-24,2.3,2.12,2.3,2.1001,2411
2024-07-25,2.256,2.24,2.42,2.1201,10614
2024-07-26,2.29,2.13,2.32,2.13,7803
2024-07-29,2.2,2.13,2.25,2.13,2364
2024-07-31,2.23,2.15,2.27,2.15,3173
2024-08-01,2.25,2.13,2.25,2.13,3007
2024-08-02,2.1763,1.98,2.1763,1.98,8654
2024-08-05,1.93,2.005,2.0897,1.93,7586
2024-08-06,2.02,2.0387,2.04,1.97,5748
2024-08-07,2.03,1.94,2.27,1.94,7182
2024-08-08,2.0,2.01,2.01,2.0,1576
2024-08-09,1.97,1.96,2.05,1.96,1840
2024-08-12,1.961,1.96,1.98,1.96,2918
2024-08-13,1.96,1.91,1.97,1.91,2257
2024-08-14,1.955,1.9575,1.96,1.9104,1362
2024-08-15,2.0,2.0,2.0,2.0,2481
2024-08-16,2.01,2.0,2.01,2.0,1291
2024-08-19,2.08,2.11,2.11,2.08,1174
2024-08-20,2.11,1.95,2.11,1.95,3175
2024-08-21,2.04,2.0,2.04,1.95,8715
2024-08-22,2.0,2.1701,2.25,2.0,10711
2024-08-23,2.2755,2.1,2.2755,2.0001,5056
2024-08-26,1.95,2.03,2.1,1.95,3869
2024-08-27,2.0082,2.01,2.03,2.0,4921
2024-08-28,2.1,2.0,2.1506,2.0,6414
2024-08-29,2.12,1.96,2.12,1.96,4414
2024-08-30,1.97,1.97,1.97,1.97,1263
2024-09-03,2.065,1.97,2.15,1.97,3094
2024-09-04,2.0,2.1,2.26,1.99,2951
2024-09-05,2.0,1.97,2.0399,1.9601,2848
2024-09-06,2.0,2.01,2.1435,1.99,18884
2024-09-09,2.01,2.01,2.04,2.01,4573
2024-09-10,2.03,2.05,2.05,2.02,6706
2024-09-11,2.06,2.02,2.06,1.97,16869
2024-09-12,2.02,2.1,2.1,2.02,2611
2024-09-13,2.11,2.09,2.11,2.09,4615
2024-09-16,2.11,2.1,2.11,2.1,1639
2024-09-17,2.1,2.1,2.1871,2.045,19493
2024-09-18,2.1,2.14,2.1401,2.1,3992
2024-09-19,2.11,2.14,2.15,2.095,10951
2024-09-20,2.08,2.03,2.12,2.03,1720
2024-09-23,2.0301,2.0356,2.04,2.02,5440
2024-09-24,2.03,2.14,2.296,2.03,15630
2024-09-25,2.05,2.185,2.185,2.05,8408
2024-09-26,2.29,2.37,2.4,2.1,18681
2024-09-27,2.37,2.54,2.72,2.32,31797
2024-09-30,2.65,2.98,3.0415,2.582,28276
2024-10-01,3.02,2.705,3.19,2.58,29688
2024-10-02,2.73,2.7,2.83,2.7,7877
2024-10-03,2.78,2.61,2.98,2.61,10417
2024-10-04,2.715,2.675,2.75,2.62,17014
2024-10-07,2.711,3.15,3.15,2.7,53190
2024-10-08,2.97,3.03,3.06,2.96,15708
2024-10-09,2.7113,2.85,3.03,2.7113,5689
2024-10-10,2.7102,2.81,2.8999,2.7102,2768
2024-10-11,2.67,2.76,2.81,2.63,6070
2024-10-14,2.66,2.71,2.74,2.66,2842
2024-10-15,2.7,2.72,2.77,2.7,4148
2024-10-16,2.6901,2.6,2.84,2.5,12733
2024-10-17,2.59,2.58,2.6002,2.5101,6638
2024-10-18,2.52,2.54,2.54,2.51,5715
2024-10-21,2.41,2.17,2.5,2.05,46527
2024-10-22,2.28,2.22,2.3799,2.11,25323
2024-10-23,2.2391,2.22,2.2484,2.22,4726
2024-10-24,2.24,2.17,2.263,2.13,90864
2024-10-25,2.17,2.14,2.315,2.12,138358
2024-10-28,2.15,2.06,2.15,2.0,72016
2024-10-29,2.05,2.0141,2.2,2.0,18797
2024-10-30,2.0,1.98,2.0959,1.62,40226
2024-10-31,2.01,1.82,2.065,1.8,6269
2024-11-01,1.8,1.8129,1.85,1.77,7515
2024-11-04,1.91,1.81,1.91,1.81,6305
2024-11-05,1.87,1.89,2.06,1.87,19338
2024-11-06,1.89,1.94,1.9427,1.89,4081
2024-11-07,1.87,2.04,2.12,1.81,23320
2024-11-08,1.95,1.9923,1.9923,1.95,2697
2024-11-11,2.06,1.9523,2.18,1.9523,13752
2024-11-12,1.902,1.93,1.93,1.9,13560
2024-11-13,1.88,1.9,1.93,1.88,3644
2024-11-14,1.89,1.8809,1.89,1.87,4944
2024-11-15,1.8601,1.86,1.9017,1.86,9155
2024-11-18,1.97,1.9,1.97,1.88,3680
2024-11-19,1.86,1.85,1.9737,1.85,3869
2024-11-20,1.99,1.8,1.99,1.8,8683
2024-11-21,1.86,1.9,1.905,1.75,11450
2024-11-22,1.82,1.9,2.0,1.82,8731
2024-11-25,1.8,1.9,2.0,1.8,9999
2024-11-26,1.9,1.96,2.1499,1.867,20447
2024-11-27,1.96,2.0112,2.15,1.87,11523
2024-11-29,1.98,1.92,2.11,1.92,11335
2024-12-02,1.91,1.87,2.0,1.85,25992
2024-12-03,1.82,1.83,1.9921,1.82,29447
2024-12-04,1.9,1.78,2.05,1.74,116982
2024-12-05,1.8228,1.78,1.84,1.75,33987
2024-12-06,1.86,1.78,1.93,1.78,40988
2024-12-09,1.98,1.72,2.12,1.7,172134
2024-12-10,1.74,1.73,1.75,1.67,31276
2024-12-11,1.76,1.61,1.892857,1.5,84821
2024-12-12,1.79,1.69,1.92,1.6,95603
2024-12-13,1.7257,1.68,1.79,1.65,42986
2024-12-16,1.68,1.66,1.69,1.61,26102
2024-12-17,1.59,1.625,1.65,1.5,64141
2024-12-18,1.69,1.61,1.69,1.6,10573
2024-12-19,1.66,1.55,1.66,1.5388,10103
2024-12-20,1.56,1.6147,1.63,1.56,13368
2024-12-23,1.615,1.57,1.637,1.56,7207
2024-12-24,1.5628,1.57,1.57,1.52,23346
2024-12-26,1.58,1.5906,1.625,1.57,8157
2024-12-27,1.6,1.56,1.6188,1.55,17696
2024-12-30,1.52,1.59,1.6,1.52,9263
2024-12-31,1.56,1.59,1.595,1.55,2667
2025-01-02,1.64,1.57,1.64,1.55,13454
2025-01-03,1.57,1.5649,1.5932,1.55,21895
2025-01-06,1.61,1.73,1.775,1.61,35400
2025-01-07,1.81,1.7271,1.82,1.7,38305
2025-01-08,1.716,1.71,1.855,1.7001,10305
2025-01-10,1.79,1.7155,1.79,1.7,3849
2025-01-13,1.7,1.6799,1.7079,1.65,14775
2025-01-14,1.6597,1.63,1.7068,1.5967,4621
2025-01-15,1.6338,1.61,1.6338,1.5891,2745
2025-01-16,1.63,1.6416,1.6421,1.63,1217
2025-01-17,1.6299,1.665,1.6993,1.6299,4227
2025-01-21,1.7,1.7,1.785,1.7,2558
2025-01-22,1.75,1.85,1.8757,1.74,17286
2025-01-23,1.82,1.812,1.85,1.8037,6282
2025-01-24,1.85,1.92,1.92,1.8,10053
2025-01-27,1.97,1.91,1.97,1.75,15130
2025-01-28,1.828,1.9,1.9,1.82,9834
2025-01-29,1.9,1.92,1.946,1.888,7121
2025-01-30,1.9,1.9046,1.94,1.9,4434
2025-01-31,1.9,1.9,1.9052,1.9,3964
2025-02-03,1.75,1.7237,1.9,1.715,15706
2025-02-04,1.83,1.79,1.83,1.75,4059
2025-02-05,1.8,1.8899,1.89,1.8,14666
2025-02-06,1.85,1.86,1.86,1.85,5287
2025-02-07,1.8546,1.875,1.875,1.8546,1080
2025-02-10,1.97,1.92,1.97,1.895,8067
2025-02-11,1.9,1.86,1.94,1.86,3807
2025-02-12,1.86,1.877,1.955,1.86,5230
2025-02-13,1.88,2.04,2.08,1.85,23467
2025-02-14,1.995,2.02,2.025,1.958,13146
2025-02-18,1.96,1.9741,2.0,1.925,12014
2025-02-19,1.97,1.9501,1.97,1.95,4523
2025-02-20,2.0,1.99,2.04,1.99,1845
2025-02-21,2.0,2.06,2.1,2.0,20962
2025-02-24,2.0592,1.97,2.0592,1.9671,6215
2025-02-25,1.97,1.99,2.06,1.9,10710
2025-02-26,1.99,2.0,2.0,1.975,5005
2025-02-27,2.01,1.99,2.04,1.99,12659
2025-02-28,1.99,1.92,2.0,1.91,13444
2025-03-03,1.95,1.97,2.0,1.95,7990
2025-03-04,1.9602,1.95,1.9602,1.95,2787
2025-03-05,1.9362,1.86,1.9362,1.86,4640
2025-03-06,1.8768,1.95,1.95,1.8768,2812
2025-03-07,1.96,1.96,1.97,1.96,5893
2025-03-10,2.0,1.95,2.0001,1.925,15181
2025-03-11,1.96,2.0115,2.0115,1.95,2412
2025-03-12,1.9575,2.01,2.0101,1.9575,4618
2025-03-13,1.9381,1.96,1.96,1.9381,4090
2025-03-14,1.98,1.98,1.98,1.97,3389
2025-03-17,1.98,2.02,2.02,1.98,3021
2025-03-18,2.0294,2.08,2.08,2.0294,5835
2025-03-19,2.035,1.9785,2.035,1.9785,1808
2025-03-20,2.06,2.31,2.43,2.06,21335
2025-03-21,2.22,2.335,2.37,2.22,9462
2025-03-24,2.35,2.36,2.72,2.35,35708
2025-03-25,2.499,2.12,2.5,2.07,17619
2025-03-26,2.0451,1.62,2.0663,1.6001,62036
2025-03-27,1.71,1.73,1.78,1.71,12934
2025-03-28,1.75,1.595,1.75,1.595,28953
2025-03-31,1.63,1.92,1.94,1.425,115609
2025-04-01,1.83,1.7,1.9,1.7,8541
2025-04-02,1.72,1.81,1.88,1.6765,39950
2025-04-03,1.69,1.65,1.8886,1.6312,84940
2025-04-04,1.65,1.64,1.6894,1.5,111123
2025-04-07,1.59,1.51,1.63,1.51,26906
2025-04-08,1.51,1.54,1.59,1.51,22013
2025-04-09,1.54,1.9,1.9,1.48,172763
2025-04-10,1.75,1.64,2.37,1.5201,127878
2025-04-11,1.57,1.4517,1.6243,1.26,53927
